1526404705.558721086	512	40	48	0	1	1	2	-88	116752	3	0	1596	1478	26,26
1526404705.558766187	512	40	48	0	1	1	2	-88	116752	3	0	1596	1478	26,26
1526404705.558783324	512	40	48	0	1	1	2	-88	116752	3	0	1596	1478	26,26
1526404705.558790875	512	40	48	0	1	1	2	-88	116752	3	0	1596	1478	26,26
1526404705.560431511	512	40	48	0	1	1	2	-88	116752	3	0	1596	1478	26,26
1526404705.560480311	512	40	48	0	1	1	2	-88	116752	3	0	1596	1478	26,26
1526404705.560490101	512	40	48	0	1	1	2	-88	116752	3	0	1596	1478	26,26
1526404705.560500502	512	40	48	0	1	1	2	-88	116752	3	0	1596	1478	26,26
1526404705.570898759	512	40	48	0	1	1	2	-88	116755	3	0	1596	1478	26,26
1526404705.570936579	512	40	48	0	1	1	2	-88	116755	3	0	1596	1478	26,26
1526404705.570944682	512	40	48	0	1	1	2	-88	116755	3	0	1596	1478	26,26
1526404705.572150795	512	40	48	0	1	1	2	-88	116755	3	0	1596	1478	26,26
1526404705.572160761	512	40	48	0	1	1	2	-88	116755	3	0	1596	1478	26,26
1526404705.587228317	512	40	48	0	1	1	2	-88	116759	3	0	1596	1478	26,26
1526404705.597240868	984	40	48	0	1	1	2	-91	116761	3	0	3130	1478,1478	26,26
1526404705.616684622	669	40	60	0	1	1	2	-89	116763	2	0	1596	1478	19,5,19,5
1526404705.616740695	1298	40	60	0	1	1	2	-89	116763	2	0	3130	1478,1478	19,5,19,5
1526404705.618415238	1298	40	60	0	1	1	2	-89	116763	2	0	3130	1478,1478	19,5,19,5
1526404705.618467718	669	40	60	0	1	1	2	-89	116763	2	0	1596	1478	19,5,19,5
1526404705.622559816	669	40	60	0	1	1	2	-89	116764	2	0	1596	1478	19,5,19,5
1526404705.622619406	669	40	60	0	1	1	2	-89	116764	2	0	1596	1478	19,5,19,5
1526404705.622626938	669	40	60	0	1	1	2	-89	116764	2	0	1596	1478	19,5,19,5
1526404705.622640829	669	40	60	0	1	1	2	-89	116764	2	0	1596	1478	19,5,19,5
1526404705.622649356	1298	40	60	0	1	1	2	-89	116764	2	0	3130	1478,1478	19,5,19,5
1526404705.624979424	669	40	60	0	1	1	2	-89	116765	2	0	1596	1478	19,5,19,5
1526404705.625015969	669	40	60	0	1	1	2	-89	116765	2	0	1596	1478	19,5,19,5
1526404705.625024900	669	40	60	0	1	1	2	-89	116765	2	0	1596	1478	19,5,19,5
1526404705.626705115	669	40	60	0	1	1	2	-89	116765	2	0	1596	1478	19,5,19,5
1526404705.626741917	669	40	60	0	1	1	2	-89	116765	2	0	1596	1478	19,5,19,5
1526404705.626750470	669	40	60	0	1	1	2	-89	116765	2	0	1596	1478	19,5,19,5
1526404705.627957222	669	40	60	0	1	1	2	-88	116766	2	0	1596	1478	19,5,19,5
1526404705.628862690	669	40	60	0	1	1	2	-90	116767	2	0	1596	1478	19,5,19,5
1526404705.637969364	669	40	60	0	1	1	2	-88	116768	2	0	1596	1478	19,5,19,5
1526404705.649720371	669	40	60	0	1	1	2	-88	116769	2	0	1596	1478	19,5,19,5
1526404705.661391280	669	40	60	0	1	1	2	-89	116770	2	0	1596	1478	19,5,19,5
1526404705.673843047	669	40	60	0	1	1	2	-90	116772	2	0	1596	1478	19,5,19,5
1526404705.684790719	669	40	60	0	1	1	2	-89	116773	2	0	1596	1478	19,5,19,5
1526404705.696540366	669	40	60	0	1	1	2	-89	116774	2	0	1596	1478	19,5,19,5
1526404705.708337434	669	40	60	0	1	1	2	-89	116775	2	0	1596	1478	19,5,19,5
1526404705.720878041	669	40	60	0	1	1	2	-88	116776	2	0	1596	1478	19,5,19,5
1526404705.731911681	669	40	60	0	1	1	2	-88	116777	2	0	1596	1478	19,5,19,5
1526404705.743751379	669	40	60	0	1	1	2	-88	116778	2	0	1596	1478	19,5,19,5
1526404705.755424020	669	40	60	0	1	1	2	-89	116779	2	0	1596	1478	19,5,19,5
1526404705.767310587	669	40	60	0	1	1	2	-88	116780	2	0	1596	1478	19,5,19,5
1526404705.779098867	669	40	60	0	1	1	2	-88	116781	2	0	1596	1478	19,5,19,5
1526404705.790838138	669	40	60	0	1	1	2	-89	116782	2	0	1596	1478	19,5,19,5
1526404705.802608633	669	40	60	0	1	1	2	-89	116783	2	0	1596	1478	19,5,19,5
1526404705.814277173	669	40	60	0	1	1	2	-89	116784	2	0	1596	1478	19,5,19,5
1526404705.826041534	669	40	60	0	1	1	2	-89	116785	2	0	1596	1478	19,5,19,5
1526404705.838705980	669	40	60	0	1	1	2	-89	116787	2	0	1596	1478	19,5,19,5
1526404705.849656929	669	40	60	0	1	1	2	-89	116788	2	0	1596	1478	19,5,19,5
1526404705.861409512	669	40	60	0	1	1	2	-88	116789	2	0	1596	1478	19,5,19,5
1526404705.873162234	669	40	60	0	1	1	2	-89	116790	2	0	1596	1478	19,5,19,5
1526404705.884906403	669	40	60	0	1	1	2	-90	116791	2	0	1596	1478	19,5,19,5
1526404705.896622117	669	40	60	0	1	1	2	-90	116792	2	0	1596	1478	19,5,19,5
1526404705.908354958	669	40	60	0	1	1	2	-89	116793	2	0	1596	1478	19,5,19,5
1526404705.920082531	669	40	60	0	1	1	2	-88	116794	2	0	1596	1478	19,5,19,5
1526404705.932662845	669	40	60	0	1	1	2	-90	116796	2	0	1596	1478	19,5,19,5
1526404705.943612484	669	40	60	0	1	1	2	-89	116797	2	0	1596	1478	19,5,19,5
1526404705.955364595	669	40	60	0	1	1	2	-90	116798	2	0	1596	1478	19,5,19,5
1526404705.972384711	512	40	60	0	2	0	2	-89	116800	1	0	1596	1478	26,26
1526404705.978942715	512	40	60	0	2	0	2	-89	116801	1	0	1596	1478	26,26
1526404705.994065890	984	40	84	0	2	0	2	-88	116802	0	0	1596	1478	13,13
1526404706.002681199	984	40	84	0	2	0	2	-90	116803	0	0	1596	1478	13,13
1526404706.014346987	984	40	84	0	2	0	2	-88	116804	0	0	1596	1478	13,13
1526404706.026135572	984	40	84	0	2	0	2	-90	116805	0	0	1596	1478	13,13
1526404706.037809551	984	40	84	0	2	0	2	-90	116806	0	0	1596	1478	13,13
1526404706.049586242	984	40	84	0	2	0	2	-91	116807	0	0	1596	1478	13,13
1526404706.061617593	984	40	84	0	2	0	2	-89	116808	0	0	1596	1478	13,13
1526404706.073373486	984	40	84	0	2	0	2	-90	116809	0	0	1596	1478	13,13
1526404706.085919783	984	40	84	0	2	0	2	-91	116810	0	0	1596	1478	13,13
1526404706.096894882	984	40	84	0	2	0	2	-91	116811	0	0	1596	1478	13,13
1526404706.108668138	984	40	84	0	2	0	2	-89	116812	0	0	1596	1478	13,13
1526404706.120424713	984	40	84	0	2	0	2	-89	116813	0	0	1596	1478	13,13
1526404706.131889296	669	40	60	0	1	1	2	-91	116814	2	0	1596	1478	19,5,19,5
1526404706.143633645	669	40	60	0	1	1	2	-90	116815	2	0	1596	1478	19,5,19,5
1526404706.155399983	669	40	60	0	1	1	2	-89	116816	2	0	1596	1478	19,5,19,5
1526404706.167163727	669	40	60	0	1	1	2	-89	116817	2	0	1596	1478	19,5,19,5
1526404706.178932029	669	40	60	0	1	1	2	-90	116818	2	0	1596	1478	19,5,19,5
1526404706.190507924	512	40	48	0	1	1	2	-89	116819	3	0	1596	1478	26,26
1526404706.202279593	512	40	48	0	1	1	2	-89	116820	3	0	1596	1478	26,26
1526404706.214773354	512	40	48	0	1	1	2	-88	116822	3	0	1596	1478	26,26
1526404706.228916123	512	40	48	0	1	1	2	-89	116825	3	0	1596	1478	26,26
1526404706.237696867	669	40	60	0	1	1	2	-89	116826	2	0	1596	1478	19,5,19,5
1526404706.249502315	669	40	60	0	1	1	2	-89	116827	2	0	1596	1478	19,5,19,5
1526404706.261231316	669	40	60	0	1	1	2	-90	116828	2	0	1596	1478	19,5,19,5
1526404706.273007738	669	40	60	0	1	1	2	-89	116829	2	0	1596	1478	19,5,19,5
1526404706.284786991	669	40	60	0	1	1	2	-88	116830	2	0	1596	1478	19,5,19,5
1526404706.296520256	669	40	60	0	1	1	2	-90	116831	2	0	1596	1478	19,5,19,5
1526404706.308287803	669	40	60	0	1	1	2	-90	116832	2	0	1596	1478	19,5,19,5
1526404706.320822456	669	40	60	0	1	1	2	-89	116834	2	0	1596	1478	19,5,19,5
1526404706.331809213	669	40	60	0	1	1	2	-90	116835	2	0	1596	1478	19,5,19,5
1526404706.343562885	669	40	60	0	1	1	2	-89	116836	2	0	1596	1478	19,5,19,5
1526404706.355327863	669	40	60	0	1	1	2	-89	116837	2	0	1596	1478	19,5,19,5
1526404706.366922916	512	40	60	0	2	0	2	-90	116838	1	0	1596	1478	26,26
1526404706.379733404	669	40	60	0	1	1	2	-88	116840	2	0	1596	1478	19,5,19,5
1526404706.390590289	669	40	60	0	1	1	2	-90	116841	2	0	1596	1478	19,5,19,5
1526404706.402361472	669	40	60	0	1	1	2	-88	116842	2	0	1596	1478	19,5,19,5
1526404706.414044410	669	40	60	0	1	1	2	-88	116843	2	0	1596	1478	19,5,19,5
1526404706.425823612	669	40	60	0	1	1	2	-88	116844	2	0	1596	1478	19,5,19,5
1526404706.438433702	669	40	60	0	1	1	2	-88	116845	2	0	1596	1478	19,5,19,5
1526404706.449398772	669	40	60	0	1	1	2	-88	116846	2	0	1596	1478	19,5,19,5
1526404706.461173935	669	40	60	0	1	1	2	-89	116847	2	0	1596	1478	19,5,19,5
1526404706.472913061	669	40	60	0	1	1	2	-88	116848	2	0	1596	1478	19,5,19,5
1526404706.485478292	669	40	60	0	1	1	2	-88	116850	2	0	1596	1478	19,5,19,5
1526404706.496443863	669	40	60	0	1	1	2	-90	116851	2	0	1596	1478	19,5,19,5
1526404706.508209690	669	40	60	0	1	1	2	-89	116852	2	0	1596	1478	19,5,19,5
1526404706.519812539	669	40	60	0	1	1	2	-88	116853	2	0	1596	1478	19,5,19,5
1526404706.531482628	669	40	60	0	1	1	2	-90	116854	2	0	1596	1478	19,5,19,5
1526404706.543402518	669	40	60	0	1	1	2	-88	116855	2	0	1596	1478	19,5,19,5
1526404706.555214643	669	40	60	0	1	1	2	-90	116856	2	0	1596	1478	19,5,19,5
1526404706.566923647	669	40	60	0	1	1	2	-89	116857	2	0	1596	1478	19,5,19,5
1526404706.578760525	669	40	60	0	1	1	2	-89	116858	2	0	1596	1478	19,5,19,5
1526404706.590508534	669	40	60	0	1	1	2	-88	116859	2	0	1596	1478	19,5,19,5
1526404706.602287498	669	40	60	0	1	1	2	-89	116860	2	0	1596	1478	19,5,19,5
1526404706.614039197	669	40	60	0	1	1	2	-89	116861	2	0	1596	1478	19,5,19,5
1526404706.625717989	669	40	60	0	1	1	2	-89	116862	2	0	1596	1478	19,5,19,5
1526404706.637429572	669	40	60	0	1	1	2	-89	116863	2	0	1596	1478	19,5,19,5
1526404706.648965520	512	40	48	0	1	1	2	-89	116864	3	0	1596	1478	26,26
1526404706.661726171	669	40	60	0	1	1	2	-89	116866	2	0	1596	1478	19,5,19,5
1526404706.672622618	669	40	60	0	1	1	2	-90	116867	2	0	1596	1478	19,5,19,5
1526404706.684367961	669	40	60	0	1	1	2	-90	116868	2	0	1596	1478	19,5,19,5
1526404706.696219348	669	40	60	0	1	1	2	-89	116869	2	0	1596	1478	19,5,19,5
1526404706.708677242	669	40	60	0	1	1	2	-90	116871	2	0	1596	1478	19,5,19,5
1526404706.719644229	669	40	60	0	1	1	2	-89	116872	2	0	1596	1478	19,5,19,5
1526404706.731414824	669	40	60	0	1	1	2	-89	116873	2	0	1596	1478	19,5,19,5
1526404706.743158440	669	40	60	0	1	1	2	-90	116874	2	0	1596	1478	19,5,19,5
1526404706.755750665	669	40	60	0	1	1	2	-88	116875	2	0	1596	1478	19,5,19,5
1526404706.766688801	669	40	60	0	1	1	2	-89	116876	2	0	1596	1478	19,5,19,5
1526404706.778438066	669	40	60	0	1	1	2	-89	116877	2	0	1596	1478	19,5,19,5
1526404706.790207665	669	40	60	0	1	1	2	-88	116878	2	0	1596	1478	19,5,19,5
1526404706.802611752	669	40	60	0	1	1	2	-89	116879	2	0	1596	1478	19,5,19,5
1526404706.813723318	669	40	60	0	1	1	2	-89	116880	2	0	1596	1478	19,5,19,5
1526404706.825499212	669	40	60	0	1	1	2	-89	116881	2	0	1596	1478	19,5,19,5
1526404706.837235138	669	40	60	0	1	1	2	-89	116882	2	0	1596	1478	19,5,19,5
1526404706.849097316	669	40	60	0	1	1	2	-88	116883	2	0	1596	1478	19,5,19,5
1526404706.860796987	669	40	60	0	1	1	2	-91	116884	2	0	1596	1478	19,5,19,5
1526404706.873437350	669	40	60	0	1	1	2	-88	116885	2	0	1596	1478	19,5,19,5
1526404706.884421894	669	40	60	0	1	1	2	-89	116886	2	0	1596	1478	19,5,19,5
1526404706.885521268	669	40	60	0	1	1	2	-88	116887	2	0	1596	1478	19,5,19,5
1526404706.896244251	669	40	60	0	1	1	2	-89	116888	2	0	1596	1478	19,5,19,5
1526404706.908041709	669	40	60	0	1	1	2	-89	116889	2	0	1596	1478	19,5,19,5
1526404706.919801811	669	40	60	0	1	1	2	-89	116890	2	0	1596	1478	19,5,19,5
1526404706.931550448	669	40	60	0	1	1	2	-89	116891	2	0	1596	1478	19,5,19,5
1526404706.943325081	669	40	60	0	1	1	2	-90	116892	2	0	1596	1478	19,5,19,5
1526404706.955110495	669	40	60	0	1	1	2	-88	116893	2	0	1596	1478	19,5,19,5
1526404706.966838963	669	40	60	0	1	1	2	-88	116894	2	0	1596	1478	19,5,19,5
1526404706.978601684	669	40	60	0	1	1	2	-88	116895	2	0	1596	1478	19,5,19,5
1526404706.990363654	669	40	60	0	1	1	2	-89	116896	2	0	1596	1478	19,5,19,5
1526404707.002119163	669	40	60	0	1	1	2	-88	116897	2	0	1596	1478	19,5,19,5
1526404707.013673230	669	40	60	0	1	1	2	-90	116898	2	0	1596	1478	19,5,19,5
1526404707.025643428	669	40	60	0	1	1	2	-89	116899	2	0	1596	1478	19,5,19,5
1526404707.026581410	669	40	60	0	1	1	2	-88	116900	2	0	1596	1478	19,5,19,5
1526404707.038097780	669	40	60	0	1	1	2	-89	116902	2	0	1596	1478	19,5,19,5
1526404707.049118661	669	40	60	0	1	1	2	-89	116903	2	0	1596	1478	19,5,19,5
1526404707.060917386	669	40	60	0	1	1	2	-88	116904	2	0	1596	1478	19,5,19,5
1526404707.072672294	669	40	60	0	1	1	2	-87	116905	2	0	1596	1478	19,5,19,5
1526404707.084446897	669	40	60	0	1	1	2	-89	116906	2	0	1596	1478	19,5,19,5
1526404707.096194283	669	40	60	0	1	1	2	-90	116907	2	0	1596	1478	19,5,19,5
1526404707.107976378	669	40	60	0	1	1	2	-90	116908	2	0	1596	1478	19,5,19,5
1526404707.119728421	669	40	60	0	1	1	2	-88	116909	2	0	1596	1478	19,5,19,5
1526404707.131390237	669	40	60	0	1	1	2	-90	116910	2	0	1596	1478	19,5,19,5
1526404707.143135818	669	40	60	0	1	1	2	-88	116911	2	0	1596	1478	19,5,19,5
1526404707.154903484	669	40	60	0	1	1	2	-91	116912	2	0	1596	1478	19,5,19,5
1526404707.167688535	669	40	60	0	1	1	2	-90	116913	2	0	1596	1478	19,5,19,5
1526404707.178516076	669	40	60	0	1	1	2	-89	116914	2	0	1596	1478	19,5,19,5
1526404707.190927842	669	40	60	0	1	1	2	-89	116915	2	0	1596	1478	19,5,19,5
1526404707.202034182	669	40	60	0	1	1	2	-89	116916	2	0	1596	1478	19,5,19,5
1526404707.213632615	512	40	48	0	1	1	2	-88	116917	3	0	1596	1478	26,26
1526404707.225407621	512	40	48	0	1	1	2	-88	116918	3	0	1596	1478	26,26
1526404707.237150127	512	40	48	0	1	1	2	-89	116919	3	0	1596	1478	26,26
1526404707.252266262	669	40	60	0	1	1	2	-89	116924	2	0	1596	1478	19,5,19,5
1526404707.264953943	669	40	60	0	1	1	2	-89	116925	2	0	1596	1478	19,5,19,5
1526404707.273011909	669	40	60	0	1	1	2	-89	116926	2	0	1596	1478	19,5,19,5
1526404707.284364013	669	40	60	0	1	1	2	-89	116927	2	0	1596	1478	19,5,19,5
1526404707.296118684	669	40	60	0	1	1	2	-89	116928	2	0	1596	1478	19,5,19,5
1526404707.307799357	669	40	60	0	1	1	2	-89	116929	2	0	1596	1478	19,5,19,5
1526404707.319569620	669	40	60	0	1	1	2	-90	116930	2	0	1596	1478	19,5,19,5
1526404707.331404500	669	40	60	0	1	1	2	-89	116931	2	0	1596	1478	19,5,19,5
1526404707.343955737	669	40	60	0	1	1	2	-89	116933	2	0	1596	1478	19,5,19,5
1526404707.354912366	669	40	60	0	1	1	2	-88	116934	2	0	1596	1478	19,5,19,5
1526404707.366689341	669	40	60	0	1	1	2	-90	116935	2	0	1596	1478	19,5,19,5
1526404707.378451096	669	40	60	0	1	1	2	-89	116936	2	0	1596	1478	19,5,19,5
1526404707.390196205	669	40	60	0	1	1	2	-89	116937	2	0	1596	1478	19,5,19,5
1526404707.401984076	669	40	60	0	1	1	2	-89	116938	2	0	1596	1478	19,5,19,5
1526404707.413747783	669	40	60	0	1	1	2	-89	116939	2	0	1596	1478	19,5,19,5
1526404707.425504350	669	40	60	0	1	1	2	-90	116940	2	0	1596	1478	19,5,19,5
1526404707.437269321	669	40	60	0	1	1	2	-89	116941	2	0	1596	1478	19,5,19,5
1526404707.449006834	669	40	60	0	1	1	2	-89	116942	2	0	1596	1478	19,5,19,5
1526404707.460673137	669	40	60	0	1	1	2	-89	116943	2	0	1596	1478	19,5,19,5
1526404707.472459852	669	40	60	0	1	1	2	-90	116944	2	0	1596	1478	19,5,19,5
1526404707.484285019	669	40	60	0	1	1	2	-89	116945	2	0	1596	1478	19,5,19,5
1526404707.496074494	669	40	60	0	1	1	2	-88	116946	2	0	1596	1478	19,5,19,5
1526404707.508637475	669	40	60	0	1	1	2	-89	116947	2	0	1596	1478	19,5,19,5
1526404707.519570977	669	40	60	0	1	1	2	-88	116948	2	0	1596	1478	19,5,19,5
1526404707.531240620	669	40	60	0	1	1	2	-91	116949	2	0	1596	1478	19,5,19,5
1526404707.542991255	669	40	60	0	1	1	2	-91	116950	2	0	1596	1478	19,5,19,5
1526404707.554721701	669	40	60	0	1	1	2	-90	116951	2	0	1596	1478	19,5,19,5
1526404707.566530531	669	40	60	0	1	1	2	-89	116952	2	0	1596	1478	19,5,19,5
1526404707.579142891	669	40	60	0	1	1	2	-88	116953	2	0	1596	1478	19,5,19,5
1526404707.590136372	669	40	60	0	1	1	2	-89	116954	2	0	1596	1478	19,5,19,5
1526404707.601711811	669	40	60	0	1	1	2	-88	116955	2	0	1596	1478	19,5,19,5
1526404707.613458632	669	40	60	0	1	1	2	-89	116956	2	0	1596	1478	19,5,19,5
1526404707.614421253	669	40	60	0	1	1	2	-91	116957	2	0	1596	1478	19,5,19,5
1526404707.625210231	669	40	60	0	1	1	2	-90	116958	2	0	1596	1478	19,5,19,5
1526404707.637080027	669	40	60	0	1	1	2	-89	116959	2	0	1596	1478	19,5,19,5
1526404707.648832677	669	40	60	0	1	1	2	-90	116960	2	0	1596	1478	19,5,19,5
1526404707.660695341	669	40	60	0	1	1	2	-88	116961	2	0	1596	1478	19,5,19,5
1526404707.672282560	512	40	48	0	1	1	2	-89	116962	3	0	1596	1478	26,26
1526404707.686352920	512	40	48	0	1	1	2	-88	116965	3	0	1596	1478	26,26
1526404707.695781628	512	40	48	0	1	1	2	-89	116966	3	0	1596	1478	26,26
1526404707.710739427	669	40	60	0	1	1	2	-89	116969	2	0	1596	1478	19,5,19,5
1526404707.719926747	669	40	60	0	1	1	2	-88	116970	2	0	1596	1478	19,5,19,5
1526404707.731255881	669	40	60	0	1	1	2	-89	116971	2	0	1596	1478	19,5,19,5
1526404707.742997982	669	40	60	0	1	1	2	-88	116972	2	0	1596	1478	19,5,19,5
1526404707.754759870	669	40	60	0	1	1	2	-88	116973	2	0	1596	1478	19,5,19,5
1526404707.766563802	669	40	60	0	1	1	2	-90	116974	2	0	1596	1478	19,5,19,5
1526404707.778288345	669	40	60	0	1	1	2	-88	116975	2	0	1596	1478	19,5,19,5
1526404707.790048495	669	40	60	0	1	1	2	-88	116976	2	0	1596	1478	19,5,19,5
1526404707.801648544	512	40	48	0	1	1	2	-88	116977	3	0	1596	1478	26,26
1526404707.813416220	512	40	48	0	1	1	2	-89	116978	3	0	1596	1478	26,26
1526404707.825175879	512	40	48	0	1	1	2	-87	116979	3	0	1596	1478	26,26
1526404707.837724282	512	40	48	0	1	1	2	-89	116981	3	0	1596	1478	26,26
1526404707.848687328	512	40	48	0	1	1	2	-88	116982	3	0	1596	1478	26,26
1526404707.861129461	512	40	48	0	1	1	2	-89	116983	3	0	1596	1478	26,26
1526404707.872207823	512	40	48	0	1	1	2	-90	116984	3	0	1596	1478	26,26
1526404707.884738172	512	40	48	0	1	1	2	-88	116985	3	0	1596	1478	26,26
1526404707.895620320	512	40	48	0	1	1	2	-90	116986	3	0	1596	1478	26,26
1526404707.907470919	512	40	48	0	1	1	2	-89	116987	3	0	1596	1478	26,26
1526404707.919231663	512	40	48	0	1	1	2	-88	116988	3	0	1596	1478	26,26
1526404707.930954272	512	40	48	0	1	1	2	-88	116989	3	0	1596	1478	26,26
1526404707.942712062	512	40	48	0	1	1	2	-88	116990	3	0	1596	1478	26,26
1526404707.954580260	512	40	48	0	1	1	2	-88	116991	3	0	1596	1478	26,26
1526404707.968082212	512	40	48	0	1	1	2	-89	116993	3	0	1596	1478	26,26
1526404707.978003627	512	40	48	0	1	1	2	-89	116994	3	0	1596	1478	26,26
1526404707.990420351	512	40	48	0	1	1	2	-88	116995	3	0	1596	1478	26,26
1526404708.003927067	512	40	48	0	1	1	2	-90	116999	3	0	1596	1478	26,26
1526404708.013390842	512	40	48	0	1	1	2	-89	117000	3	0	1596	1478	26,26
1526404708.025165957	512	40	48	0	1	1	2	-89	117001	3	0	1596	1478	26,26
1526404708.038351503	512	40	48	0	1	1	2	-88	117003	3	0	1596	1478	26,26
1526404708.048946505	512	40	48	0	1	1	2	-88	117004	3	0	1596	1478	26,26
1526404708.060301663	512	40	48	0	1	1	2	-89	117005	3	0	1596	1478	26,26
1526404708.072165319	512	40	48	0	1	1	2	-91	117006	3	0	1596	1478	26,26
1526404708.084624185	512	40	48	0	1	1	2	-89	117008	3	0	1596	1478	26,26
1526404708.097259385	512	40	48	0	1	1	2	-88	117010	3	0	1596	1478	26,26
1526404708.108257629	512	40	48	0	1	1	2	-89	117012	3	0	1596	1478	26,26
1526404708.120762525	512	40	48	0	1	1	2	-89	117015	3	0	1596	1478	26,26
1526404708.131518724	512	40	48	0	1	1	2	-90	117017	3	0	1596	1478	26,26
1526404708.142644112	512	40	48	0	1	1	2	-91	117018	3	0	1596	1478	26,26
1526404708.154407534	512	40	48	0	1	1	2	-90	117019	3	0	1596	1478	26,26
1526404708.166021597	512	40	48	0	1	1	2	-89	117020	3	0	1596	1478	26,26
1526404708.177957128	512	40	48	0	1	1	2	-88	117021	3	0	1596	1478	26,26
1526404708.190308192	512	40	48	0	1	1	2	-88	117023	3	0	1596	1478	26,26
1526404708.201501353	512	40	48	0	1	1	2	-89	117024	3	0	1596	1478	26,26
1526404708.213105837	512	40	48	0	1	1	2	-91	117025	3	0	1596	1478	26,26
1526404708.225785750	512	40	48	0	1	1	2	-89	117027	3	0	1596	1478	26,26
1526404708.236687523	512	40	48	0	1	1	2	-88	117028	3	0	1596	1478	26,26
1526404708.249301224	512	40	48	0	1	1	2	-88	117030	3	0	1596	1478	26,26
1526404708.261079820	512	40	48	0	1	1	2	-89	117032	3	0	1596	1478	26,26
1526404708.271961881	512	40	48	0	1	1	2	-89	117033	3	0	1596	1478	26,26
1526404708.285203117	512	40	48	0	1	1	2	-89	117035	3	0	1596	1478	26,26
1526404708.295572468	512	40	48	0	1	1	2	-88	117036	3	0	1596	1478	26,26
1526404708.307324489	512	40	48	0	1	1	2	-88	117037	3	0	1596	1478	26,26
1526404708.319092380	512	40	48	0	1	1	2	-89	117038	3	0	1596	1478	26,26
1526404708.334428089	669	40	60	0	1	1	2	-89	117042	2	0	1596	1478	19,5,19,5
1526404708.342740011	669	40	60	0	1	1	2	-88	117043	2	0	1596	1478	19,5,19,5
1526404708.354532099	669	40	60	0	1	1	2	-89	117044	2	0	1596	1478	19,5,19,5
1526404708.366283214	669	40	60	0	1	1	2	-88	117045	2	0	1596	1478	19,5,19,5
1526404708.378042544	669	40	60	0	1	1	2	-89	117046	2	0	1596	1478	19,5,19,5
1526404708.389804067	669	40	60	0	1	1	2	-89	117047	2	0	1596	1478	19,5,19,5
1526404708.402541722	669	40	60	0	1	1	2	-89	117049	2	0	1596	1478	19,5,19,5
1526404708.413253919	669	40	60	0	1	1	2	-89	117050	2	0	1596	1478	19,5,19,5
1526404708.425844060	669	40	60	0	1	1	2	-89	117052	2	0	1596	1478	19,5,19,5
1526404708.437078472	669	40	60	0	1	1	2	-88	117053	2	0	1596	1478	19,5,19,5
1526404708.448605850	669	40	60	0	1	1	2	-89	117054	2	0	1596	1478	19,5,19,5
1526404708.460371436	669	40	60	0	1	1	2	-89	117055	2	0	1596	1478	19,5,19,5
1526404708.471967265	512	40	48	0	1	1	2	-89	117056	3	0	1596	1478	26,26
1526404708.484557509	512	40	48	0	1	1	2	-89	117057	3	0	1596	1478	26,26
1526404708.495490457	512	40	48	0	1	1	2	-90	117058	3	0	1596	1478	26,26
1526404708.508808333	512	40	48	0	1	1	2	-87	117061	3	0	1596	1478	26,26
1526404708.518993472	512	40	48	0	1	1	2	-88	117062	3	0	1596	1478	26,26
1526404708.533692475	512	40	48	0	1	1	2	-89	117064	3	0	1596	1478	26,26
1526404708.542672183	669	40	60	0	1	1	2	-87	117065	2	0	1596	1478	19,5,19,5
1526404708.554449585	669	40	60	0	1	1	2	-89	117066	2	0	1596	1478	19,5,19,5
1526404708.566106672	669	40	60	0	1	1	2	-89	117067	2	0	1596	1478	19,5,19,5
1526404708.577810522	669	40	60	0	1	1	2	-88	117068	2	0	1596	1478	19,5,19,5
1526404708.589524352	669	40	60	0	1	1	2	-87	117069	2	0	1596	1478	19,5,19,5
1526404708.601252405	669	40	60	0	1	1	2	-89	117070	2	0	1596	1478	19,5,19,5
1526404708.612986675	669	40	60	0	1	1	2	-87	117071	2	0	1596	1478	19,5,19,5
1526404708.624884758	669	40	60	0	1	1	2	-89	117072	2	0	1596	1478	19,5,19,5
1526404708.636551888	669	40	60	0	1	1	2	-88	117073	2	0	1596	1478	19,5,19,5
1526404708.648300182	669	40	60	0	1	1	2	-90	117074	2	0	1596	1478	19,5,19,5
1526404708.660143846	669	40	60	0	1	1	2	-87	117075	2	0	1596	1478	19,5,19,5
1526404708.671905292	669	40	60	0	1	1	2	-89	117076	2	0	1596	1478	19,5,19,5
1526404708.683670909	669	40	60	0	1	1	2	-88	117077	2	0	1596	1478	19,5,19,5
1526404708.695257204	512	40	48	0	1	1	2	-89	117078	3	0	1596	1478	26,26
1526404708.707193768	669	40	60	0	1	1	2	-89	117079	2	0	1596	1478	19,5,19,5
1526404708.718976017	669	40	60	0	1	1	2	-89	117080	2	0	1596	1478	19,5,19,5
1526404708.730700943	669	40	60	0	1	1	2	-89	117081	2	0	1596	1478	19,5,19,5
1526404708.742543960	669	40	60	0	1	1	2	-88	117082	2	0	1596	1478	19,5,19,5
1526404708.754173388	512	40	48	0	1	1	2	-88	117083	3	0	1596	1478	26,26
1526404708.765893588	512	40	48	0	1	1	2	-89	117084	3	0	1596	1478	26,26
1526404708.780105175	512	40	48	0	1	1	2	-89	117087	3	0	1596	1478	26,26
1526404708.789464455	512	40	48	0	1	1	2	-89	117088	3	0	1596	1478	26,26
1526404708.802042014	512	40	48	0	1	1	2	-87	117090	3	0	1596	1478	26,26
1526404708.814430023	512	40	48	0	1	1	2	-88	117092	3	0	1596	1478	26,26
1526404708.824697317	512	40	48	0	1	1	2	-89	117093	3	0	1596	1478	26,26
1526404708.836533863	512	40	48	0	1	1	2	-88	117094	3	0	1596	1478	26,26
1526404708.848292108	512	40	48	0	1	1	2	-88	117095	3	0	1596	1478	26,26
1526404708.860717338	512	40	48	0	1	1	2	-88	117096	3	0	1596	1478	26,26
1526404708.873374774	512	40	48	0	1	1	2	-89	117099	3	0	1596	1478	26,26
1526404708.883556109	512	40	48	0	1	1	2	-89	117100	3	0	1596	1478	26,26
1526404708.895317260	512	40	48	0	1	1	2	-88	117101	3	0	1596	1478	26,26
1526404708.908626127	512	40	48	0	1	1	2	-88	117104	3	0	1596	1478	26,26
1526404708.918824697	512	40	48	0	1	1	2	-89	117105	3	0	1596	1478	26,26
1526404708.931298914	512	40	48	0	1	1	2	-89	117107	3	0	1596	1478	26,26
1526404708.943179982	512	40	48	0	1	1	2	-88	117109	3	0	1596	1478	26,26
1526404708.954116082	512	40	48	0	1	1	2	-90	117110	3	0	1596	1478	26,26
1526404708.968140813	512	40	48	0	1	1	2	-88	117113	3	0	1596	1478	26,26
1526404708.977638813	512	40	48	0	1	1	2	-88	117114	3	0	1596	1478	26,26
1526404708.989397579	512	40	48	0	1	1	2	-87	117115	3	0	1596	1478	26,26
1526404709.001172288	512	40	48	0	1	1	2	-88	117116	3	0	1596	1478	26,26
1526404709.012838188	512	40	48	0	1	1	2	-88	117117	3	0	1596	1478	26,26
1526404709.024685768	512	40	48	0	1	1	2	-89	117118	3	0	1596	1478	26,26
1526404709.039666116	669	40	60	0	1	1	2	-88	117121	2	0	1596	1478	19,5,19,5
1526404709.048366523	669	40	60	0	1	1	2	-89	117122	2	0	1596	1478	19,5,19,5
1526404709.060123097	669	40	60	0	1	1	2	-88	117123	2	0	1596	1478	19,5,19,5
1526404709.071883242	669	40	60	0	1	1	2	-89	117124	2	0	1596	1478	19,5,19,5
1526404709.084391909	669	40	60	0	1	1	2	-88	117125	2	0	1596	1478	19,5,19,5
1526404709.095415648	669	40	60	0	1	1	2	-88	117126	2	0	1596	1478	19,5,19,5
1526404709.107160194	669	40	60	0	1	1	2	-89	117127	2	0	1596	1478	19,5,19,5
1526404709.119368440	669	40	60	0	1	1	2	-88	117128	2	0	1596	1478	19,5,19,5
1526404709.130416898	512	40	48	0	1	1	2	-89	117129	3	0	1596	1478	26,26
1526404709.142426770	512	40	48	0	1	1	2	-88	117130	3	0	1596	1478	26,26
1526404709.154034075	512	40	48	0	1	1	2	-87	117131	3	0	1596	1478	26,26
1526404709.154890482	512	40	48	0	1	1	2	-89	117132	3	0	1596	1478	26,26
1526404709.165789218	512	40	48	0	1	1	2	-89	117133	3	0	1596	1478	26,26
1526404709.177541514	512	40	48	0	1	1	2	-89	117134	3	0	1596	1478	26,26
1526404709.189878300	512	40	48	0	1	1	2	-89	117135	3	0	1596	1478	26,26
1526404709.201060455	512	40	48	0	1	1	2	-87	117136	3	0	1596	1478	26,26
1526404709.213584240	512	40	48	0	1	1	2	-89	117138	3	0	1596	1478	26,26
1526404709.224594084	512	40	48	0	1	1	2	-89	117139	3	0	1596	1478	26,26
1526404709.236372284	512	40	48	0	1	1	2	-89	117140	3	0	1596	1478	26,26
1526404709.248863375	512	40	48	0	1	1	2	-88	117142	3	0	1596	1478	26,26
1526404709.259879528	512	40	48	0	1	1	2	-88	117143	3	0	1596	1478	26,26
1526404709.273113567	512	40	48	0	1	1	2	-90	117144	3	0	1596	1478	26,26
1526404709.283380871	512	40	48	0	1	1	2	-89	117145	3	0	1596	1478	26,26
1526404709.295174184	512	40	48	0	1	1	2	-88	117146	3	0	1596	1478	26,26
1526404709.306946141	512	40	48	0	1	1	2	-89	117147	3	0	1596	1478	26,26
1526404709.318685800	512	40	48	0	1	1	2	-90	117148	3	0	1596	1478	26,26
1526404709.331137313	512	40	48	0	1	1	2	-90	117150	3	0	1596	1478	26,26
1526404709.343762392	512	40	48	0	1	1	2	-91	117152	3	0	1596	1478	26,26
1526404709.353958236	512	40	48	0	1	1	2	-90	117153	3	0	1596	1478	26,26
1526404709.366384296	512	40	48	0	1	1	2	-89	117154	3	0	1596	1478	26,26
1526404709.377478357	512	40	48	0	1	1	2	-88	117155	3	0	1596	1478	26,26
1526404709.389255815	512	40	48	0	1	1	2	-90	117156	3	0	1596	1478	26,26
1526404709.401722575	512	40	48	0	1	1	2	-89	117158	3	0	1596	1478	26,26
1526404709.414339930	512	40	48	0	1	1	2	-90	117160	3	0	1596	1478	26,26
1526404709.427853061	669	40	60	0	1	1	2	-90	117164	2	0	1596	1478	19,5,19,5
1526404709.436415621	669	40	60	0	1	1	2	-89	117165	2	0	1596	1478	19,5,19,5
1526404709.448145274	669	40	60	0	1	1	2	-89	117166	2	0	1596	1478	19,5,19,5
1526404709.460774651	669	40	60	0	1	1	2	-89	117167	2	0	1596	1478	19,5,19,5
1526404709.471731098	669	40	60	0	1	1	2	-89	117168	2	0	1596	1478	19,5,19,5
1526404709.483485460	669	40	60	0	1	1	2	-90	117169	2	0	1596	1478	19,5,19,5
1526404709.496246232	669	40	60	0	1	1	2	-87	117171	2	0	1596	1478	19,5,19,5
1526404709.506989324	669	40	60	0	1	1	2	-88	117172	2	0	1596	1478	19,5,19,5
1526404709.518751848	669	40	60	0	1	1	2	-88	117173	2	0	1596	1478	19,5,19,5
1526404709.519763337	669	40	60	0	1	1	2	-88	117174	2	0	1596	1478	19,5,19,5
1526404709.530204069	512	40	48	0	1	1	2	-89	117175	3	0	1596	1478	26,26
1526404709.542042240	512	40	48	0	1	1	2	-88	117176	3	0	1596	1478	26,26
1526404709.555291495	512	40	48	0	1	1	2	-89	117179	3	0	1596	1478	26,26
1526404709.565446571	512	40	48	0	1	1	2	-90	117180	3	0	1596	1478	26,26
1526404709.577204683	512	40	48	0	1	1	2	-88	117181	3	0	1596	1478	26,26
1526404709.589611106	512	40	48	0	1	1	2	-88	117182	3	0	1596	1478	26,26
1526404709.600682939	512	40	48	0	1	1	2	-88	117183	3	0	1596	1478	26,26
1526404709.612481576	512	40	48	0	1	1	2	-87	117184	3	0	1596	1478	26,26
1526404709.624285279	512	40	48	0	1	1	2	-88	117185	3	0	1596	1478	26,26
1526404709.635978750	512	40	48	0	1	1	2	-89	117186	3	0	1596	1478	26,26
1526404709.648131160	512	40	48	0	1	1	2	-88	117187	3	0	1596	1478	26,26
1526404709.661167691	512	40	48	0	1	1	2	-90	117190	3	0	1596	1478	26,26
1526404709.672097718	512	40	48	0	1	1	2	-89	117192	3	0	1596	1478	26,26
1526404709.685294513	512	40	48	0	1	1	2	-89	117194	3	0	1596	1478	26,26
1526404709.694854093	512	40	48	0	1	1	2	-88	117195	3	0	1596	1478	26,26
1526404709.707334900	512	40	48	0	1	1	2	-89	117196	3	0	1596	1478	26,26
1526404709.718390569	512	40	48	0	1	1	2	-88	117197	3	0	1596	1478	26,26
1526404709.730142385	512	40	48	0	1	1	2	-87	117198	3	0	1596	1478	26,26
1526404709.741912446	512	40	48	0	1	1	2	-90	117199	3	0	1596	1478	26,26
1526404709.754288052	512	40	48	0	1	1	2	-87	117200	3	0	1596	1478	26,26
1526404709.765429656	512	40	48	0	1	1	2	-88	117201	3	0	1596	1478	26,26
1526404709.777196417	512	40	48	0	1	1	2	-88	117202	3	0	1596	1478	26,26
1526404709.788956735	512	40	48	0	1	1	2	-88	117203	3	0	1596	1478	26,26
1526404709.800702766	512	40	48	0	1	1	2	-88	117204	3	0	1596	1478	26,26
1526404709.813251203	512	40	48	0	1	1	2	-88	117205	3	0	1596	1478	26,26
1526404709.824231173	512	40	48	0	1	1	2	-88	117206	3	0	1596	1478	26,26
1526404709.836131379	512	40	48	0	1	1	2	-89	117207	3	0	1596	1478	26,26
1526404709.848484741	512	40	48	0	1	1	2	-87	117209	3	0	1596	1478	26,26
1526404709.859509130	512	40	48	0	1	1	2	-88	117210	3	0	1596	1478	26,26
1526404709.871303594	512	40	48	0	1	1	2	-89	117211	3	0	1596	1478	26,26
1526404709.883818101	512	40	48	0	1	1	2	-89	117213	3	0	1596	1478	26,26
1526404709.894771302	512	40	48	0	1	1	2	-87	117214	3	0	1596	1478	26,26
1526404709.906553236	512	40	48	0	1	1	2	-87	117215	3	0	1596	1478	26,26
1526404709.918958665	512	40	48	0	1	1	2	-88	117216	3	0	1596	1478	26,26
1526404709.930075865	512	40	48	0	1	1	2	-89	117217	3	0	1596	1478	26,26
1526404709.942558481	512	40	48	0	1	1	2	-88	117219	3	0	1596	1478	26,26
1526404709.953674022	512	40	48	0	1	1	2	-88	117220	3	0	1596	1478	26,26
1526404709.966231253	512	40	48	0	1	1	2	-89	117222	3	0	1596	1478	26,26
1526404709.977247899	512	40	48	0	1	1	2	-88	117223	3	0	1596	1478	26,26
1526404709.989732977	512	40	48	0	1	1	2	-87	117225	3	0	1596	1478	26,26
1526404710.000752503	512	40	48	0	1	1	2	-87	117226	3	0	1596	1478	26,26
1526404710.012532649	512	40	48	0	1	1	2	-89	117227	3	0	1596	1478	26,26
1526404710.024215953	512	40	48	0	1	1	2	-88	117228	3	0	1596	1478	26,26
1526404710.035968807	512	40	48	0	1	1	2	-88	117229	3	0	1596	1478	26,26
1526404710.048577636	512	40	48	0	1	1	2	-87	117231	3	0	1596	1478	26,26
1526404710.059552227	512	40	48	0	1	1	2	-89	117232	3	0	1596	1478	26,26
1526404710.072101063	512	40	48	0	1	1	2	-89	117234	3	0	1596	1478	26,26
1526404710.084530734	512	40	48	0	1	1	2	-89	117236	3	0	1596	1478	26,26
1526404710.095550162	512	40	48	0	1	1	2	-88	117237	3	0	1596	1478	26,26
1526404710.106501186	512	40	48	0	1	1	2	-89	117238	3	0	1596	1478	26,26
1526404710.118282966	512	40	48	0	1	1	2	-87	117239	3	0	1596	1478	26,26
1526404710.130569118	512	40	48	0	1	1	2	-88	117240	3	0	1596	1478	26,26
1526404710.141784780	512	40	48	0	1	1	2	-88	117241	3	0	1596	1478	26,26
1526404710.153552435	512	40	48	0	1	1	2	-87	117242	3	0	1596	1478	26,26
1526404710.165382260	512	40	48	0	1	1	2	-87	117243	3	0	1596	1478	26,26
1526404710.177558266	512	40	48	0	1	1	2	-89	117244	3	0	1596	1478	26,26
1526404710.188852612	512	40	48	0	1	1	2	-87	117245	3	0	1596	1478	26,26
1526404710.200672917	512	40	48	0	1	1	2	-89	117246	3	0	1596	1478	26,26
1526404710.212318880	512	40	48	0	1	1	2	-88	117247	3	0	1596	1478	26,26
1526404710.224214463	512	40	48	0	1	1	2	-87	117248	3	0	1596	1478	26,26
1526404710.235977682	512	40	48	0	1	1	2	-87	117249	3	0	1596	1478	26,26
1526404710.248319419	512	40	48	0	1	1	2	-88	117250	3	0	1596	1478	26,26
1526404710.259485747	512	40	48	0	1	1	2	-88	117251	3	0	1596	1478	26,26
1526404710.271250697	512	40	48	0	1	1	2	-89	117252	3	0	1596	1478	26,26
1526404710.283007329	512	40	48	0	1	1	2	-87	117253	3	0	1596	1478	26,26
1526404710.294777085	512	40	48	0	1	1	2	-88	117254	3	0	1596	1478	26,26
1526404710.306538610	512	40	48	0	1	1	2	-88	117255	3	0	1596	1478	26,26
1526404710.318290411	512	40	48	0	1	1	2	-88	117256	3	0	1596	1478	26,26
1526404710.330781636	512	40	48	0	1	1	2	-89	117257	3	0	1596	1478	26,26
1526404710.342523073	512	40	48	0	1	1	2	-88	117259	3	0	1596	1478	26,26
1526404710.353572935	512	40	48	0	1	1	2	-87	117260	3	0	1596	1478	26,26
1526404710.365273302	512	40	48	0	1	1	2	-86	117262	3	0	1596	1478	26,26
1526404710.376991587	512	40	48	0	1	1	2	-88	117263	3	0	1596	1478	26,26
1526404710.389606855	512	40	48	0	1	1	2	-89	117265	3	0	1596	1478	26,26
1526404710.400555377	512	40	48	0	1	1	2	-88	117266	3	0	1596	1478	26,26
1526404710.412994436	512	40	48	0	1	1	2	-88	117267	3	0	1596	1478	26,26
1526404710.424128079	512	40	48	0	1	1	2	-90	117268	3	0	1596	1478	26,26
1526404710.435880116	512	40	48	0	1	1	2	-90	117269	3	0	1596	1478	26,26
1526404710.447651500	512	40	48	0	1	1	2	-90	117270	3	0	1596	1478	26,26
1526404710.459357108	512	40	48	0	1	1	2	-89	117271	3	0	1596	1478	26,26
1526404710.471141687	512	40	48	0	1	1	2	-88	117272	3	0	1596	1478	26,26
1526404710.482851523	512	40	48	0	1	1	2	-89	117273	3	0	1596	1478	26,26
1526404710.496198070	512	40	48	0	1	1	2	-89	117276	3	0	1596	1478	26,26
1526404710.506427805	512	40	48	0	1	1	2	-90	117277	3	0	1596	1478	26,26
1526404710.518007590	512	40	48	0	1	1	2	-89	117278	3	0	1596	1478	26,26
1526404710.529787259	512	40	48	0	1	1	2	-89	117279	3	0	1596	1478	26,26
1526404710.542177404	512	40	48	0	1	1	2	-89	117280	3	0	1596	1478	26,26
1526404710.553256684	512	40	48	0	1	1	2	-89	117281	3	0	1596	1478	26,26
1526404710.565111293	512	40	48	0	1	1	2	-88	117282	3	0	1596	1478	26,26
1526404710.577653139	512	40	48	0	1	1	2	-87	117284	3	0	1596	1478	26,26
1526404710.589333495	512	40	48	0	1	1	2	-89	117285	3	0	1596	1478	26,26
1526404710.601239507	512	40	48	0	1	1	2	-91	117287	3	0	1596	1478	26,26
1526404710.612987217	512	40	48	0	1	1	2	-89	117289	3	0	1596	1478	26,26
1526404710.626342538	512	40	48	0	1	1	2	-88	117291	3	0	1596	1478	26,26
1526404710.637221677	512	40	48	0	1	1	2	-88	117293	3	0	1596	1478	26,26
1526404710.650899067	669	40	60	0	1	1	2	-90	117298	2	0	1596	1478	19,5,19,5
1526404710.659477941	669	40	60	0	1	1	2	-89	117299	2	0	1596	1478	19,5,19,5
1526404710.671223458	669	40	60	0	1	1	2	-89	117300	2	0	1596	1478	19,5,19,5
1526404710.683007379	669	40	60	0	1	1	2	-90	117301	2	0	1596	1478	19,5,19,5
1526404710.694767498	669	40	60	0	1	1	2	-90	117302	2	0	1596	1478	19,5,19,5
1526404710.706445059	669	40	60	0	1	1	2	-89	117303	2	0	1596	1478	19,5,19,5
1526404710.718276515	669	40	60	0	1	1	2	-88	117304	2	0	1596	1478	19,5,19,5
1526404710.729984862	669	40	60	0	1	1	2	-89	117305	2	0	1596	1478	19,5,19,5
1526404710.743675400	669	40	60	0	1	1	2	-89	117307	2	0	1596	1478	19,5,19,5
1526404710.753565722	669	40	60	0	1	1	2	-89	117308	2	0	1596	1478	19,5,19,5
1526404710.765306095	669	40	60	0	1	1	2	-89	117309	2	0	1596	1478	19,5,19,5
1526404710.777122891	669	40	60	0	1	1	2	-89	117310	2	0	1596	1478	19,5,19,5
1526404710.788774767	669	40	60	0	1	1	2	-89	117311	2	0	1596	1478	19,5,19,5
1526404710.802307843	669	40	60	0	1	1	2	-88	117313	2	0	1596	1478	19,5,19,5
1526404710.812353926	669	40	60	0	1	1	2	-89	117314	2	0	1596	1478	19,5,19,5
1526404710.824131819	669	40	60	0	1	1	2	-88	117315	2	0	1596	1478	19,5,19,5
1526404710.836139271	669	40	60	0	1	1	2	-88	117316	2	0	1596	1478	19,5,19,5
1526404710.847646599	669	40	60	0	1	1	2	-89	117317	2	0	1596	1478	19,5,19,5
1526404710.860402209	669	40	60	0	1	1	2	-89	117319	2	0	1596	1478	19,5,19,5
1526404710.871115584	669	40	60	0	1	1	2	-89	117320	2	0	1596	1478	19,5,19,5
1526404710.882843508	669	40	60	0	1	1	2	-89	117321	2	0	1596	1478	19,5,19,5
1526404710.894721611	669	40	60	0	1	1	2	-88	117322	2	0	1596	1478	19,5,19,5
1526404710.907105556	669	40	60	0	1	1	2	-89	117324	2	0	1596	1478	19,5,19,5
1526404710.918037701	669	40	60	0	1	1	2	-89	117325	2	0	1596	1478	19,5,19,5
1526404710.929805289	669	40	60	0	1	1	2	-88	117326	2	0	1596	1478	19,5,19,5
1526404710.941572501	669	40	60	0	1	1	2	-87	117327	2	0	1596	1478	19,5,19,5
1526404710.954178701	669	40	60	0	1	1	2	-88	117328	2	0	1596	1478	19,5,19,5
1526404710.969816564	669	40	60	0	1	1	2	-88	117329	2	0	1596	1478	19,5,19,5
1526404710.977007308	669	40	60	0	1	1	2	-89	117330	2	0	1596	1478	19,5,19,5
1526404710.988758366	669	40	60	0	1	1	2	-89	117331	2	0	1596	1478	19,5,19,5
1526404711.000538685	669	40	60	0	1	1	2	-90	117332	2	0	1596	1478	19,5,19,5
1526404711.012278104	669	40	60	0	1	1	2	-89	117333	2	0	1596	1478	19,5,19,5
1526404711.024053317	669	40	60	0	1	1	2	-88	117334	2	0	1596	1478	19,5,19,5
1526404711.035711388	669	40	60	0	1	1	2	-89	117335	2	0	1596	1478	19,5,19,5
1526404711.047566492	669	40	60	0	1	1	2	-88	117336	2	0	1596	1478	19,5,19,5
1526404711.059331898	669	40	60	0	1	1	2	-89	117337	2	0	1596	1478	19,5,19,5
1526404711.071780164	669	40	60	0	1	1	2	-89	117339	2	0	1596	1478	19,5,19,5
1526404711.082827140	669	40	60	0	1	1	2	-88	117340	2	0	1596	1478	19,5,19,5
1526404711.094548165	669	40	60	0	1	1	2	-89	117341	2	0	1596	1478	19,5,19,5
1526404711.106364980	669	40	60	0	1	1	2	-89	117342	2	0	1596	1478	19,5,19,5
1526404711.118150846	669	40	60	0	1	1	2	-90	117343	2	0	1596	1478	19,5,19,5
1526404711.129791999	669	40	60	0	1	1	2	-89	117344	2	0	1596	1478	19,5,19,5
1526404711.141523678	669	40	60	0	1	1	2	-90	117345	2	0	1596	1478	19,5,19,5
1526404711.153391893	669	40	60	0	1	1	2	-89	117346	2	0	1596	1478	19,5,19,5
1526404711.165151894	669	40	60	0	1	1	2	-89	117347	2	0	1596	1478	19,5,19,5
1526404711.176921100	669	40	60	0	1	1	2	-88	117348	2	0	1596	1478	19,5,19,5
1526404711.188609714	669	40	60	0	1	1	2	-89	117349	2	0	1596	1478	19,5,19,5
1526404711.189642550	669	40	60	0	1	1	2	-89	117350	2	0	1596	1478	19,5,19,5
1526404711.200418744	669	40	60	0	1	1	2	-90	117351	2	0	1596	1478	19,5,19,5
1526404711.212184372	669	40	60	0	1	1	2	-89	117352	2	0	1596	1478	19,5,19,5
1526404711.223920669	669	40	60	0	1	1	2	-89	117353	2	0	1596	1478	19,5,19,5
1526404711.235547955	512	40	48	0	1	1	2	-89	117354	3	0	1596	1478	26,26
1526404711.248286910	512	40	48	0	1	1	2	-88	117356	3	0	1596	1478	26,26
1526404711.259119791	512	40	48	0	1	1	2	-89	117357	3	0	1596	1478	26,26
1526404711.271584992	512	40	48	0	1	1	2	-89	117359	3	0	1596	1478	26,26
1526404711.282614892	512	40	48	0	1	1	2	-89	117360	3	0	1596	1478	26,26
1526404711.294995575	512	40	48	0	1	1	2	-90	117361	3	0	1596	1478	26,26
1526404711.309562071	669	40	60	0	1	1	2	-89	117366	2	0	1596	1478	19,5,19,5
1526404711.318022845	669	40	60	0	1	1	2	-89	117367	2	0	1596	1478	19,5,19,5
1526404711.329722466	669	40	60	0	1	1	2	-89	117368	2	0	1596	1478	19,5,19,5
1526404711.341572952	669	40	60	0	1	1	2	-88	117369	2	0	1596	1478	19,5,19,5
1526404711.353337249	669	40	60	0	1	1	2	-88	117370	2	0	1596	1478	19,5,19,5
1526404711.365067270	669	40	60	0	1	1	2	-88	117371	2	0	1596	1478	19,5,19,5
1526404711.376845665	669	40	60	0	1	1	2	-89	117372	2	0	1596	1478	19,5,19,5
1526404711.388595983	669	40	60	0	1	1	2	-87	117373	2	0	1596	1478	19,5,19,5
1526404711.400212794	512	40	60	0	2	0	2	-89	117374	1	0	1596	1478	26,26
1526404711.412002416	669	40	60	0	1	1	2	-87	117375	2	0	1596	1478	19,5,19,5
1526404711.423908854	669	40	60	0	1	1	2	-89	117376	2	0	1596	1478	19,5,19,5
1526404711.435652124	669	40	60	0	1	1	2	-89	117377	2	0	1596	1478	19,5,19,5
1526404711.447411077	669	40	60	0	1	1	2	-87	117378	2	0	1596	1478	19,5,19,5
1526404711.459856909	669	40	60	0	1	1	2	-89	117380	2	0	1596	1478	19,5,19,5
1526404711.470932191	669	40	60	0	1	1	2	-87	117381	2	0	1596	1478	19,5,19,5
1526404711.482676685	669	40	60	0	1	1	2	-88	117382	2	0	1596	1478	19,5,19,5
1526404711.494374059	669	40	60	0	1	1	2	-88	117383	2	0	1596	1478	19,5,19,5
1526404711.506046543	669	40	60	0	1	1	2	-90	117384	2	0	1596	1478	19,5,19,5
1526404711.517770595	669	40	60	0	1	1	2	-88	117385	2	0	1596	1478	19,5,19,5
1526404711.529525291	669	40	60	0	1	1	2	-90	117386	2	0	1596	1478	19,5,19,5
1526404711.541263130	669	40	60	0	1	1	2	-89	117387	2	0	1596	1478	19,5,19,5
1526404711.553121037	669	40	60	0	1	1	2	-88	117388	2	0	1596	1478	19,5,19,5
1526404711.564881031	669	40	60	0	1	1	2	-88	117389	2	0	1596	1478	19,5,19,5
1526404711.577496676	669	40	60	0	1	1	2	-87	117391	2	0	1596	1478	19,5,19,5
1526404711.588390082	669	40	60	0	1	1	2	-88	117392	2	0	1596	1478	19,5,19,5
1526404711.600155895	669	40	60	0	1	1	2	-88	117393	2	0	1596	1478	19,5,19,5
1526404711.612706961	669	40	60	0	1	1	2	-88	117395	2	0	1596	1478	19,5,19,5
1526404711.623680994	669	40	60	0	1	1	2	-88	117396	2	0	1596	1478	19,5,19,5
1526404711.635463364	669	40	60	0	1	1	2	-88	117397	2	0	1596	1478	19,5,19,5
1526404711.647100857	669	40	60	0	1	1	2	-87	117398	2	0	1596	1478	19,5,19,5
1526404711.659627296	669	40	60	0	1	1	2	-87	117400	2	0	1596	1478	19,5,19,5
1526404711.670696099	669	40	60	0	1	1	2	-89	117401	2	0	1596	1478	19,5,19,5
1526404711.682456274	669	40	60	0	1	1	2	-89	117402	2	0	1596	1478	19,5,19,5
1526404711.694223751	669	40	60	0	1	1	2	-88	117403	2	0	1596	1478	19,5,19,5
1526404711.706000101	669	40	60	0	1	1	2	-87	117404	2	0	1596	1478	19,5,19,5
1526404711.717754811	669	40	60	0	1	1	2	-87	117405	2	0	1596	1478	19,5,19,5
1526404711.729290306	669	40	60	0	1	1	2	-87	117406	2	0	1596	1478	19,5,19,5
1526404711.741150630	669	40	60	0	1	1	2	-88	117407	2	0	1596	1478	19,5,19,5
1526404711.752999476	669	40	60	0	1	1	2	-87	117408	2	0	1596	1478	19,5,19,5
1526404711.764779312	669	40	60	0	1	1	2	-88	117409	2	0	1596	1478	19,5,19,5
1526404711.765668744	669	40	60	0	1	1	2	-89	117410	2	0	1596	1478	19,5,19,5
1526404711.776539683	669	40	60	0	1	1	2	-88	117411	2	0	1596	1478	19,5,19,5
1526404711.788311663	669	40	60	0	1	1	2	-89	117412	2	0	1596	1478	19,5,19,5
1526404711.800080779	669	40	60	0	1	1	2	-88	117413	2	0	1596	1478	19,5,19,5
1526404711.811831165	669	40	60	0	1	1	2	-89	117414	2	0	1596	1478	19,5,19,5
1526404711.824373727	669	40	60	0	1	1	2	-88	117415	2	0	1596	1478	19,5,19,5
1526404711.835440518	669	40	60	0	1	1	2	-87	117416	2	0	1596	1478	19,5,19,5
1526404711.847235451	669	40	60	0	1	1	2	-88	117417	2	0	1596	1478	19,5,19,5
1526404711.859019890	669	40	60	0	1	1	2	-87	117418	2	0	1596	1478	19,5,19,5
1526404711.870769033	669	40	60	0	1	1	2	-88	117419	2	0	1596	1478	19,5,19,5
1526404711.882525251	669	40	60	0	1	1	2	-88	117420	2	0	1596	1478	19,5,19,5
1526404711.894262375	669	40	60	0	1	1	2	-88	117421	2	0	1596	1478	19,5,19,5
1526404711.905878574	669	40	60	0	1	1	2	-88	117422	2	0	1596	1478	19,5,19,5
1526404711.918425754	669	40	60	0	1	1	2	-87	117423	2	0	1596	1478	19,5,19,5
1526404711.929562569	669	40	60	0	1	1	2	-87	117424	2	0	1596	1478	19,5,19,5
1526404711.941316124	669	40	60	0	1	1	2	-88	117425	2	0	1596	1478	19,5,19,5
1526404711.953090293	669	40	60	0	1	1	2	-87	117426	2	0	1596	1478	19,5,19,5
1526404711.966769305	669	40	60	0	1	1	2	-87	117428	2	0	1596	1478	19,5,19,5
1526404711.976578741	669	40	60	0	1	1	2	-88	117429	2	0	1596	1478	19,5,19,5
1526404711.988175546	512	40	48	0	1	1	2	-88	117430	3	0	1596	1478	26,26
1526404712.000124656	669	40	60	0	1	1	2	-88	117431	2	0	1596	1478	19,5,19,5
1526404712.011899785	669	40	60	0	1	1	2	-88	117432	2	0	1596	1478	19,5,19,5
1526404712.023664076	669	40	60	0	1	1	2	-88	117433	2	0	1596	1478	19,5,19,5
1526404712.035280964	669	40	60	0	1	1	2	-88	117434	2	0	1596	1478	19,5,19,5
1526404712.047000218	512	40	48	0	1	1	2	-88	117435	3	0	1596	1478	26,26
1526404712.058759278	512	40	48	0	1	1	2	-88	117436	3	0	1596	1478	26,26
1526404712.070519135	512	40	48	0	1	1	2	-87	117437	3	0	1596	1478	26,26
1526404712.082292452	512	40	48	0	1	1	2	-89	117438	3	0	1596	1478	26,26
1526404712.095564699	512	40	48	0	1	1	2	-88	117441	3	0	1596	1478	26,26
1526404712.107918918	512	40	48	0	1	1	2	-87	117444	3	0	1596	1478	26,26
1526404712.117567722	512	40	48	0	1	1	2	-89	117445	3	0	1596	1478	26,26
1526404712.129342676	512	40	48	0	1	1	2	-88	117446	3	0	1596	1478	26,26
1526404712.141094040	512	40	48	0	1	1	2	-88	117447	3	0	1596	1478	26,26
1526404712.141907110	512	40	48	0	1	1	2	-89	117448	3	0	1596	1478	26,26
1526404712.154156693	512	40	48	0	1	1	2	-87	117450	3	0	1596	1478	26,26
1526404712.164456280	512	40	48	0	1	1	2	-87	117451	3	0	1596	1478	26,26
1526404712.176353385	512	40	48	0	1	1	2	-88	117452	3	0	1596	1478	26,26
1526404712.188818522	512	40	48	0	1	1	2	-88	117454	3	0	1596	1478	26,26
1526404712.200588704	512	40	48	0	1	1	2	-88	117456	3	0	1596	1478	26,26
1526404712.211443491	512	40	48	0	1	1	2	-88	117457	3	0	1596	1478	26,26
1526404712.223418430	512	40	48	0	1	1	2	-89	117458	3	0	1596	1478	26,26
1526404712.235064171	512	40	48	0	1	1	2	-89	117459	3	0	1596	1478	26,26
1526404712.246778384	512	40	48	0	1	1	2	-89	117460	3	0	1596	1478	26,26
1526404712.259404283	512	40	48	0	1	1	2	-88	117462	3	0	1596	1478	26,26
1526404712.271056142	512	40	48	0	1	1	2	-89	117463	3	0	1596	1478	26,26
1526404712.282986769	512	40	48	0	1	1	2	-89	117465	3	0	1596	1478	26,26
1526404712.293843288	512	40	48	0	1	1	2	-88	117466	3	0	1596	1478	26,26
1526404712.305728917	512	40	48	0	1	1	2	-88	117467	3	0	1596	1478	26,26
1526404712.318332484	512	40	48	0	1	1	2	-89	117469	3	0	1596	1478	26,26
1526404712.330021074	512	40	48	0	1	1	2	-87	117471	3	0	1596	1478	26,26
1526404712.341010372	512	40	48	0	1	1	2	-88	117472	3	0	1596	1478	26,26
1526404712.353960151	512	40	48	0	1	1	2	-89	117473	3	0	1596	1478	26,26
1526404712.364514079	512	40	48	0	1	1	2	-86	117474	3	0	1596	1478	26,26
1526404712.379534848	669	40	60	0	1	1	2	-88	117479	2	0	1596	1478	19,5,19,5
1526404712.388190564	669	40	60	0	1	1	2	-87	117480	2	0	1596	1478	19,5,19,5
1526404712.399984901	669	40	60	0	1	1	2	-88	117481	2	0	1596	1478	19,5,19,5
1526404712.411740606	669	40	60	0	1	1	2	-87	117482	2	0	1596	1478	19,5,19,5
1526404712.423431468	669	40	60	0	1	1	2	-88	117483	2	0	1596	1478	19,5,19,5
1526404712.435270280	669	40	60	0	1	1	2	-88	117484	2	0	1596	1478	19,5,19,5
1526404712.447007106	669	40	60	0	1	1	2	-87	117485	2	0	1596	1478	19,5,19,5
1526404712.458777929	669	40	60	0	1	1	2	-88	117486	2	0	1596	1478	19,5,19,5
1526404712.470290260	512	40	48	0	1	1	2	-89	117487	3	0	1596	1478	26,26
1526404712.482668103	512	40	48	0	1	1	2	-88	117489	3	0	1596	1478	26,26
1526404712.493802557	512	40	48	0	1	1	2	-88	117490	3	0	1596	1478	26,26
1526404712.506372775	512	40	48	0	1	1	2	-88	117492	3	0	1596	1478	26,26
1526404712.518886936	512	40	48	0	1	1	2	-89	117493	3	0	1596	1478	26,26
1526404712.530426497	512	40	48	0	1	1	2	-88	117495	3	0	1596	1478	26,26
1526404712.542350326	512	40	48	0	1	1	2	-87	117498	3	0	1596	1478	26,26
1526404712.553353633	512	40	48	0	1	1	2	-88	117500	3	0	1596	1478	26,26
1526404712.564331150	512	40	48	0	1	1	2	-87	117501	3	0	1596	1478	26,26
1526404712.576720981	512	40	48	0	1	1	2	-86	117502	3	0	1596	1478	26,26
1526404712.587833992	512	40	48	0	1	1	2	-87	117503	3	0	1596	1478	26,26
1526404712.599587501	512	40	48	0	1	1	2	-89	117504	3	0	1596	1478	26,26
1526404712.611353872	512	40	48	0	1	1	2	-87	117505	3	0	1596	1478	26,26
1526404712.623102383	512	40	48	0	1	1	2	-89	117506	3	0	1596	1478	26,26
1526404712.635227579	512	40	48	0	1	1	2	-88	117507	3	0	1596	1478	26,26
1526404712.648175765	512	40	48	0	1	1	2	-88	117509	3	0	1596	1478	26,26
1526404712.661705360	669	40	60	0	1	1	2	-88	117513	2	0	1596	1478	19,5,19,5
1526404712.670223120	669	40	60	0	1	1	2	-88	117514	2	0	1596	1478	19,5,19,5
1526404712.682067114	669	40	60	0	1	1	2	-87	117515	2	0	1596	1478	19,5,19,5
1526404712.693835525	669	40	60	0	1	1	2	-89	117516	2	0	1596	1478	19,5,19,5
1526404712.705586542	669	40	60	0	1	1	2	-88	117517	2	0	1596	1478	19,5,19,5
1526404712.717349352	669	40	60	0	1	1	2	-88	117518	2	0	1596	1478	19,5,19,5
1526404712.729954979	669	40	60	0	1	1	2	-88	117520	2	0	1596	1478	19,5,19,5
1526404712.740766740	669	40	60	0	1	1	2	-89	117521	2	0	1596	1478	19,5,19,5
1526404712.753388531	669	40	60	0	1	1	2	-88	117523	2	0	1596	1478	19,5,19,5
1526404712.764496818	669	40	60	0	1	1	2	-88	117524	2	0	1596	1478	19,5,19,5
1526404712.776297808	669	40	60	0	1	1	2	-87	117525	2	0	1596	1478	19,5,19,5
1526404712.788926534	669	40	60	0	1	1	2	-88	117527	2	0	1596	1478	19,5,19,5
1526404712.799792923	669	40	60	0	1	1	2	-87	117528	2	0	1596	1478	19,5,19,5
1526404712.811582958	669	40	60	0	1	1	2	-89	117529	2	0	1596	1478	19,5,19,5
1526404712.823337968	669	40	60	0	1	1	2	-88	117530	2	0	1596	1478	19,5,19,5
1526404712.835111463	669	40	60	0	1	1	2	-88	117531	2	0	1596	1478	19,5,19,5
1526404712.846841551	669	40	60	0	1	1	2	-88	117532	2	0	1596	1478	19,5,19,5
1526404712.858600762	669	40	60	0	1	1	2	-88	117533	2	0	1596	1478	19,5,19,5
1526404712.870350956	669	40	60	0	1	1	2	-88	117534	2	0	1596	1478	19,5,19,5
1526404712.882116295	669	40	60	0	1	1	2	-88	117535	2	0	1596	1478	19,5,19,5
1526404712.893817704	669	40	60	0	1	1	2	-88	117536	2	0	1596	1478	19,5,19,5
1526404712.905641042	669	40	60	0	1	1	2	-88	117537	2	0	1596	1478	19,5,19,5
1526404712.917253504	512	40	48	0	1	1	2	-89	117538	3	0	1596	1478	26,26
1526404712.932324096	669	40	60	0	1	1	2	-88	117541	2	0	1596	1478	19,5,19,5
1526404712.940911922	669	40	60	0	1	1	2	-89	117542	2	0	1596	1478	19,5,19,5
1526404712.952748535	669	40	60	0	1	1	2	-87	117543	2	0	1596	1478	19,5,19,5
1526404712.964510524	669	40	60	0	1	1	2	-89	117544	2	0	1596	1478	19,5,19,5
1526404712.976252117	669	40	60	0	1	1	2	-88	117545	2	0	1596	1478	19,5,19,5
1526404712.988023763	669	40	60	0	1	1	2	-88	117546	2	0	1596	1478	19,5,19,5
1526404712.999780901	669	40	60	0	1	1	2	-88	117547	2	0	1596	1478	19,5,19,5
1526404713.011542650	669	40	60	0	1	1	2	-88	117548	2	0	1596	1478	19,5,19,5
1526404713.023156535	512	40	48	0	1	1	2	-89	117549	3	0	1596	1478	26,26
1526404713.035734942	512	40	48	0	1	1	2	-87	117551	3	0	1596	1478	26,26
1526404713.048163061	512	40	48	0	1	1	2	-89	117554	3	0	1596	1478	26,26
1526404713.058410284	512	40	48	0	1	1	2	-89	117555	3	0	1596	1478	26,26
1526404713.070183809	512	40	48	0	1	1	2	-88	117556	3	0	1596	1478	26,26
1526404713.082567916	512	40	48	0	1	1	2	-88	117557	3	0	1596	1478	26,26
1526404713.094439037	512	40	48	0	1	1	2	-88	117559	3	0	1596	1478	26,26
1526404713.095221329	512	40	48	0	1	1	2	-88	117560	3	0	1596	1478	26,26
1526404713.107006932	512	40	48	0	1	1	2	-89	117563	3	0	1596	1478	26,26
1526404713.117201712	512	40	48	0	1	1	2	-88	117564	3	0	1596	1478	26,26
1526404713.131172232	512	40	48	0	1	1	2	-88	117567	3	0	1596	1478	26,26
1526404713.132898024	669	40	60	0	1	1	2	-89	117569	2	0	1596	1478	19,5,19,5
1526404713.140818342	669	40	60	0	1	1	2	-89	117570	2	0	1596	1478	19,5,19,5
1526404713.152643832	669	40	60	0	1	1	2	-88	117571	2	0	1596	1478	19,5,19,5
1526404713.164184957	669	40	60	0	1	1	2	-89	117572	2	0	1596	1478	19,5,19,5
1526404713.175842791	669	40	60	0	1	1	2	-90	117573	2	0	1596	1478	19,5,19,5
1526404713.187730219	669	40	60	0	1	1	2	-88	117574	2	0	1596	1478	19,5,19,5
1526404713.199486523	669	40	60	0	1	1	2	-90	117575	2	0	1596	1478	19,5,19,5
1526404713.200466989	669	40	60	0	1	1	2	-88	117576	2	0	1596	1478	19,5,19,5
1526404713.211246870	669	40	60	0	1	1	2	-88	117577	2	0	1596	1478	19,5,19,5
1526404713.223162623	669	40	60	0	1	1	2	-89	117578	2	0	1596	1478	19,5,19,5
1526404713.234755466	669	40	60	0	1	1	2	-89	117579	2	0	1596	1478	19,5,19,5
1526404713.247671834	669	40	60	0	1	1	2	-87	117580	2	0	1596	1478	19,5,19,5
1526404713.258273709	669	40	60	0	1	1	2	-88	117581	2	0	1596	1478	19,5,19,5
1526404713.270196361	669	40	60	0	1	1	2	-88	117582	2	0	1596	1478	19,5,19,5
1526404713.281981534	669	40	60	0	1	1	2	-88	117583	2	0	1596	1478	19,5,19,5
1526404713.293733353	669	40	60	0	1	1	2	-88	117584	2	0	1596	1478	19,5,19,5
1526404713.305521137	669	40	60	0	1	1	2	-88	117585	2	0	1596	1478	19,5,19,5
1526404713.318201298	669	40	60	0	1	1	2	-91	117586	2	0	1596	1478	19,5,19,5
1526404713.329126972	669	40	60	0	1	1	2	-89	117587	2	0	1596	1478	19,5,19,5
1526404713.340772443	669	40	60	0	1	1	2	-89	117588	2	0	1596	1478	19,5,19,5
1526404713.352557262	669	40	60	0	1	1	2	-88	117589	2	0	1596	1478	19,5,19,5
1526404713.364283234	669	40	60	0	1	1	2	-88	117590	2	0	1596	1478	19,5,19,5
1526404713.376032678	669	40	60	0	1	1	2	-89	117591	2	0	1596	1478	19,5,19,5
1526404713.387789581	669	40	60	0	1	1	2	-89	117592	2	0	1596	1478	19,5,19,5
1526404713.399568398	669	40	60	0	1	1	2	-88	117593	2	0	1596	1478	19,5,19,5
1526404713.411089815	512	40	48	0	1	1	2	-88	117594	3	0	1596	1478	26,26
1526404713.430285955	669	40	60	0	1	1	2	-88	117595	2	0	1596	1478	19,5,19,5
1526404713.434759945	669	40	60	0	1	1	2	-88	117596	2	0	1596	1478	19,5,19,5
1526404713.446441235	669	40	60	0	1	1	2	-88	117597	2	0	1596	1478	19,5,19,5
1526404713.458176734	669	40	60	0	1	1	2	-88	117598	2	0	1596	1478	19,5,19,5
1526404713.470671240	669	40	60	0	1	1	2	-88	117600	2	0	1596	1478	19,5,19,5
1526404713.481738071	669	40	60	0	1	1	2	-88	117601	2	0	1596	1478	19,5,19,5
1526404713.493308894	669	40	60	0	1	1	2	-89	117602	2	0	1596	1478	19,5,19,5
1526404713.505267054	669	40	60	0	1	1	2	-87	117603	2	0	1596	1478	19,5,19,5
1526404713.517036196	669	40	60	0	1	1	2	-88	117604	2	0	1596	1478	19,5,19,5
1526404713.528708956	669	40	60	0	1	1	2	-87	117605	2	0	1596	1478	19,5,19,5
1526404713.541329216	669	40	60	0	1	1	2	-88	117606	2	0	1596	1478	19,5,19,5
1526404713.552314810	669	40	60	0	1	1	2	-89	117607	2	0	1596	1478	19,5,19,5
1526404713.564066768	669	40	60	0	1	1	2	-89	117608	2	0	1596	1478	19,5,19,5
1526404713.576906928	669	40	60	0	1	1	2	-88	117610	2	0	1596	1478	19,5,19,5
1526404713.587593399	669	40	60	0	1	1	2	-90	117611	2	0	1596	1478	19,5,19,5
1526404713.599358356	669	40	60	0	1	1	2	-89	117612	2	0	1596	1478	19,5,19,5
1526404713.611112438	669	40	60	0	1	1	2	-89	117613	2	0	1596	1478	19,5,19,5
1526404713.622873868	669	40	60	0	1	1	2	-89	117614	2	0	1596	1478	19,5,19,5
1526404713.634594397	512	40	48	0	1	1	2	-89	117615	3	0	1596	1478	26,26
1526404713.647122338	512	40	48	0	1	1	2	-88	117617	3	0	1596	1478	26,26
1526404713.658123656	512	40	48	0	1	1	2	-88	117618	3	0	1596	1478	26,26
1526404713.670589828	512	40	48	0	1	1	2	-89	117620	3	0	1596	1478	26,26
1526404713.683206938	512	40	48	0	1	1	2	-88	117623	3	0	1596	1478	26,26
1526404713.693922176	512	40	48	0	1	1	2	-88	117624	3	0	1596	1478	26,26
1526404713.705995162	512	40	48	0	1	1	2	-89	117626	3	0	1596	1478	26,26
1526404713.716849030	512	40	48	0	1	1	2	-88	117627	3	0	1596	1478	26,26
1526404713.731989700	669	40	60	0	1	1	2	-88	117630	2	0	1596	1478	19,5,19,5
1526404713.740495080	669	40	60	0	1	1	2	-88	117631	2	0	1596	1478	19,5,19,5
1526404713.752264616	669	40	60	0	1	1	2	-88	117632	2	0	1596	1478	19,5,19,5
1526404713.764122095	669	40	60	0	1	1	2	-88	117633	2	0	1596	1478	19,5,19,5
1526404713.775892227	669	40	60	0	1	1	2	-88	117634	2	0	1596	1478	19,5,19,5
1526404713.787648662	669	40	60	0	1	1	2	-89	117635	2	0	1596	1478	19,5,19,5
1526404713.799384252	669	40	60	0	1	1	2	-89	117636	2	0	1596	1478	19,5,19,5
1526404713.811024140	669	40	60	0	1	1	2	-87	117637	2	0	1596	1478	19,5,19,5
1526404713.822933798	669	40	60	0	1	1	2	-87	117638	2	0	1596	1478	19,5,19,5
1526404713.834675922	669	40	60	0	1	1	2	-88	117639	2	0	1596	1478	19,5,19,5
1526404713.846443142	669	40	60	0	1	1	2	-89	117640	2	0	1596	1478	19,5,19,5
1526404713.858029410	512	40	48	0	1	1	2	-88	117641	3	0	1596	1478	26,26
1526404713.869916666	669	40	60	0	1	1	2	-88	117642	2	0	1596	1478	19,5,19,5
1526404713.881737424	669	40	60	0	1	1	2	-87	117643	2	0	1596	1478	19,5,19,5
1526404713.893502349	669	40	60	0	1	1	2	-87	117644	2	0	1596	1478	19,5,19,5
1526404713.905235014	669	40	60	0	1	1	2	-88	117645	2	0	1596	1478	19,5,19,5
1526404713.916846446	512	40	48	0	1	1	2	-88	117646	3	0	1596	1478	26,26
1526404713.930099287	512	40	48	0	1	1	2	-88	117648	3	0	1596	1478	26,26
1526404713.941123241	512	40	48	0	1	1	2	-88	117650	3	0	1596	1478	26,26
1526404713.952066000	512	40	48	0	1	1	2	-88	117651	3	0	1596	1478	26,26
1526404713.967837539	669	40	60	0	1	1	2	-89	117656	2	0	1596	1478	19,5,19,5
1526404713.975812000	669	40	60	0	1	1	2	-88	117657	2	0	1596	1478	19,5,19,5
1526404713.987584776	669	40	60	0	1	1	2	-89	117658	2	0	1596	1478	19,5,19,5
1526404713.999329968	669	40	60	0	1	1	2	-88	117659	2	0	1596	1478	19,5,19,5
1526404714.011066715	669	40	60	0	1	1	2	-89	117660	2	0	1596	1478	19,5,19,5
1526404714.022785903	669	40	60	0	1	1	2	-88	117661	2	0	1596	1478	19,5,19,5
1526404714.034672281	669	40	60	0	1	1	2	-88	117662	2	0	1596	1478	19,5,19,5
1526404714.046365909	669	40	60	0	1	1	2	-89	117663	2	0	1596	1478	19,5,19,5
1526404714.058898098	669	40	60	0	1	1	2	-89	117665	2	0	1596	1478	19,5,19,5
1526404714.069877888	669	40	60	0	1	1	2	-90	117666	2	0	1596	1478	19,5,19,5
1526404714.081643202	669	40	60	0	1	1	2	-89	117667	2	0	1596	1478	19,5,19,5
1526404714.093394876	669	40	60	0	1	1	2	-89	117668	2	0	1596	1478	19,5,19,5
1526404714.105936110	669	40	60	0	1	1	2	-90	117669	2	0	1596	1478	19,5,19,5
1526404714.116846590	669	40	60	0	1	1	2	-89	117670	2	0	1596	1478	19,5,19,5
1526404714.128696197	669	40	60	0	1	1	2	-89	117671	2	0	1596	1478	19,5,19,5
1526404714.140436001	669	40	60	0	1	1	2	-89	117672	2	0	1596	1478	19,5,19,5
1526404714.152215248	669	40	60	0	1	1	2	-89	117673	2	0	1596	1478	19,5,19,5
1526404714.163973026	669	40	60	0	1	1	2	-88	117674	2	0	1596	1478	19,5,19,5
1526404714.175668107	669	40	60	0	1	1	2	-88	117675	2	0	1596	1478	19,5,19,5
1526404714.187488475	669	40	60	0	1	1	2	-88	117676	2	0	1596	1478	19,5,19,5
1526404714.199159816	669	40	60	0	1	1	2	-88	117677	2	0	1596	1478	19,5,19,5
1526404714.210699487	669	40	60	0	1	1	2	-88	117678	2	0	1596	1478	19,5,19,5
1526404714.222533310	512	40	48	0	1	1	2	-89	117679	3	0	1596	1478	26,26
1526404714.235734187	512	40	48	0	1	1	2	-87	117682	3	0	1596	1478	26,26
1526404714.246116179	512	40	48	0	1	1	2	-89	117683	3	0	1596	1478	26,26
1526404714.257874140	512	40	48	0	1	1	2	-89	117684	3	0	1596	1478	26,26
1526404714.269666278	512	40	48	0	1	1	2	-88	117685	3	0	1596	1478	26,26
1526404714.282046764	512	40	48	0	1	1	2	-89	117686	3	0	1596	1478	26,26
1526404714.293042892	512	40	48	0	1	1	2	-89	117687	3	0	1596	1478	26,26
1526404714.293792973	512	40	48	0	1	1	2	-87	117688	3	0	1596	1478	26,26
1526404714.305736063	512	40	48	0	1	1	2	-90	117690	3	0	1596	1478	26,26
1526404714.316679934	512	40	48	0	1	1	2	-89	117691	3	0	1596	1478	26,26
1526404714.328383350	512	40	48	0	1	1	2	-88	117692	3	0	1596	1478	26,26
1526404714.340201739	512	40	48	0	1	1	2	-92	117693	3	0	1596	1478	26,26
1526404714.351877990	512	40	48	0	1	1	2	-88	117694	3	0	1596	1478	26,26
1526404714.365278199	512	40	48	0	1	1	2	-90	117697	3	0	1596	1478	26,26
1526404714.377498073	512	40	48	0	1	1	2	-88	117699	3	0	1596	1478	26,26
1526404714.387854927	512	40	48	0	1	1	2	-88	117701	3	0	1596	1478	26,26
1526404714.398921405	512	40	48	0	1	1	2	-89	117702	3	0	1596	1478	26,26
1526404714.410613126	512	40	48	0	1	1	2	-89	117703	3	0	1596	1478	26,26
1526404714.423154403	512	40	48	0	1	1	2	-89	117704	3	0	1596	1478	26,26
1526404714.434161529	512	40	48	0	1	1	2	-90	117705	3	0	1596	1478	26,26
1526404714.446532946	512	40	48	0	1	1	2	-88	117706	3	0	1596	1478	26,26
1526404714.457687585	512	40	48	0	1	1	2	-88	117707	3	0	1596	1478	26,26
1526404714.469441054	512	40	48	0	1	1	2	-89	117708	3	0	1596	1478	26,26
1526404714.482752922	512	40	48	0	1	1	2	-88	117711	3	0	1596	1478	26,26
1526404714.492862186	512	40	48	0	1	1	2	-88	117712	3	0	1596	1478	26,26
1526404714.504698513	512	40	48	0	1	1	2	-88	117713	3	0	1596	1478	26,26
1526404714.517096972	512	40	48	0	1	1	2	-88	117714	3	0	1596	1478	26,26
1526404714.528406930	512	40	48	0	1	1	2	-88	117715	3	0	1596	1478	26,26
1526404714.539916022	512	40	48	0	1	1	2	-88	117716	3	0	1596	1478	26,26
1526404714.551728809	512	40	48	0	1	1	2	-88	117717	3	0	1596	1478	26,26
1526404714.564306367	512	40	48	0	1	1	2	-89	117719	3	0	1596	1478	26,26
1526404714.575276661	512	40	48	0	1	1	2	-89	117720	3	0	1596	1478	26,26
1526404714.587033279	512	40	48	0	1	1	2	-89	117721	3	0	1596	1478	26,26
1526404714.598781400	512	40	48	0	1	1	2	-90	117722	3	0	1596	1478	26,26
1526404714.611175610	512	40	48	0	1	1	2	-89	117723	3	0	1596	1478	26,26
1526404714.622295625	512	40	48	0	1	1	2	-89	117724	3	0	1596	1478	26,26
1526404714.634095330	512	40	48	0	1	1	2	-90	117725	3	0	1596	1478	26,26
1526404714.645840516	512	40	48	0	1	1	2	-89	117726	3	0	1596	1478	26,26
1526404714.657924921	512	40	48	0	1	1	2	-88	117727	3	0	1596	1478	26,26
1526404714.669352389	512	40	48	0	1	1	2	-88	117728	3	0	1596	1478	26,26
1526404714.683091406	512	40	48	0	1	1	2	-88	117731	3	0	1596	1478	26,26
1526404714.695167495	512	40	48	0	1	1	2	-90	117734	3	0	1596	1478	26,26
1526404714.704610876	512	40	48	0	1	1	2	-89	117735	3	0	1596	1478	26,26
1526404714.717050665	512	40	48	0	1	1	2	-88	117737	3	0	1596	1478	26,26
1526404714.728100409	512	40	48	0	1	1	2	-90	117738	3	0	1596	1478	26,26
1526404714.743191637	669	40	60	0	1	1	2	-90	117742	2	0	1596	1478	19,5,19,5
1526404714.751738806	669	40	60	0	1	1	2	-88	117743	2	0	1596	1478	19,5,19,5
1526404714.764546534	669	40	60	0	1	1	2	-89	117744	2	0	1596	1478	19,5,19,5
1526404714.775252797	669	40	60	0	1	1	2	-90	117745	2	0	1596	1478	19,5,19,5
1526404714.794413250	512	40	48	0	1	1	2	-89	117750	3	0	1596	1478	26,26
1526404714.798710957	512	40	48	0	1	1	2	-88	117751	3	0	1596	1478	26,26
1526404714.812030948	512	40	48	0	1	1	2	-89	117754	3	0	1596	1478	26,26
1526404714.825380462	669	40	60	0	1	1	2	-90	117757	2	0	1596	1478	19,5,19,5
1526404714.834154480	669	40	60	0	1	1	2	-90	117758	2	0	1596	1478	19,5,19,5
1526404714.846030912	669	40	60	0	1	1	2	-89	117759	2	0	1596	1478	19,5,19,5
1526404714.857637519	669	40	60	0	1	1	2	-88	117760	2	0	1596	1478	19,5,19,5
1526404714.869548842	669	40	60	0	1	1	2	-89	117761	2	0	1596	1478	19,5,19,5
1526404714.881322912	669	40	60	0	1	1	2	-88	117762	2	0	1596	1478	19,5,19,5
1526404714.893634445	669	40	60	0	1	1	2	-87	117763	2	0	1596	1478	19,5,19,5
1526404714.905364001	669	40	60	0	1	1	2	-89	117764	2	0	1596	1478	19,5,19,5
1526404714.917374197	669	40	60	0	1	1	2	-88	117765	2	0	1596	1478	19,5,19,5
1526404714.928374247	669	40	60	0	1	1	2	-88	117766	2	0	1596	1478	19,5,19,5
1526404714.940078353	669	40	60	0	1	1	2	-88	117767	2	0	1596	1478	19,5,19,5
1526404714.951876649	669	40	60	0	1	1	2	-89	117768	2	0	1596	1478	19,5,19,5
1526404714.964430884	669	40	60	0	1	1	2	-89	117769	2	0	1596	1478	19,5,19,5
1526404714.975333920	669	40	60	0	1	1	2	-89	117770	2	0	1596	1478	19,5,19,5
1526404714.987109125	669	40	60	0	1	1	2	-89	117771	2	0	1596	1478	19,5,19,5
1526404714.998921054	669	40	60	0	1	1	2	-88	117772	2	0	1596	1478	19,5,19,5
1526404715.010690825	669	40	60	0	1	1	2	-88	117773	2	0	1596	1478	19,5,19,5
1526404715.022435387	669	40	60	0	1	1	2	-89	117774	2	0	1596	1478	19,5,19,5
1526404715.034094975	669	40	60	0	1	1	2	-90	117775	2	0	1596	1478	19,5,19,5
1526404715.045967320	669	40	60	0	1	1	2	-89	117776	2	0	1596	1478	19,5,19,5
1526404715.058599314	669	40	60	0	1	1	2	-89	117778	2	0	1596	1478	19,5,19,5
1526404715.069487138	669	40	60	0	1	1	2	-88	117779	2	0	1596	1478	19,5,19,5
1526404715.081103706	512	40	48	0	1	1	2	-90	117780	3	0	1596	1478	26,26
1526404715.093920316	512	40	48	0	1	1	2	-90	117782	3	0	1596	1478	26,26
1526404715.106969206	512	40	48	0	1	1	2	-89	117786	3	0	1596	1478	26,26
1526404715.117082187	512	40	48	0	1	1	2	-89	117788	3	0	1596	1478	26,26
1526404715.131369980	669	40	60	0	1	1	2	-90	117790	2	0	1596	1478	19,5,19,5
1526404715.140016263	669	40	60	0	1	1	2	-89	117791	2	0	1596	1478	19,5,19,5
1526404715.151774278	669	40	60	0	1	1	2	-88	117792	2	0	1596	1478	19,5,19,5
1526404715.163571385	669	40	60	0	1	1	2	-89	117793	2	0	1596	1478	19,5,19,5
1526404715.175325903	669	40	60	0	1	1	2	-89	117794	2	0	1596	1478	19,5,19,5
1526404715.187121420	669	40	60	0	1	1	2	-88	117795	2	0	1596	1478	19,5,19,5
1526404715.198863650	669	40	60	0	1	1	2	-89	117796	2	0	1596	1478	19,5,19,5
1526404715.210602685	669	40	60	0	1	1	2	-87	117797	2	0	1596	1478	19,5,19,5
1526404715.222118182	512	40	48	0	1	1	2	-88	117798	3	0	1596	1478	26,26
1526404715.237223963	669	40	60	0	1	1	2	-88	117803	2	0	1596	1478	19,5,19,5
