1526405124.844103593	984	40	60	0	1	1	2	-87	121510	1	0	1596	1478	13,13
1526405124.844148297	984	40	60	0	1	1	2	-87	121510	1	0	1596	1478	13,13
1526405124.845811353	984	40	60	0	1	1	2	-87	121510	1	0	1596	1478	13,13
1526405124.845854821	984	40	60	0	1	1	2	-87	121510	1	0	1596	1478	13,13
1526405124.848236402	984	40	60	0	1	1	2	-87	121511	1	0	1596	1478	13,13
1526405124.848275884	984	40	60	0	1	1	2	-87	121511	1	0	1596	1478	13,13
1526405124.849963883	984	40	60	0	1	1	2	-87	121511	1	0	1596	1478	13,13
1526405124.850003817	984	40	60	0	1	1	2	-87	121511	1	0	1596	1478	13,13
1526405124.854085214	984	40	60	0	1	1	2	-86	121512	1	0	1596	1478	13,13
1526405124.854123964	984	40	60	0	1	1	2	-86	121512	1	0	1596	1478	13,13
1526405124.854133421	984	40	60	0	1	1	2	-86	121512	1	0	1596	1478	13,13
1526405124.854141713	984	40	60	0	1	1	2	-86	121512	1	0	1596	1478	13,13
1526405124.856451741	984	40	60	0	1	1	2	-86	121513	1	0	1596	1478	13,13
1526405124.857206003	1928	40	60	0	1	1	2	-86	121513	1	0	3130	1478,1478	13,13
1526405124.859661450	1928	40	60	0	1	1	2	-87	121514	1	0	3130	1478,1478	13,13
1526405124.861377701	1928	40	60	0	1	1	2	-87	121514	1	0	3130	1478,1478	13,13
1526405124.863875574	1928	40	60	0	1	1	2	-86	121515	1	0	3130	1478,1478	13,13
1526405124.865588348	1928	40	60	0	1	1	2	-86	121515	1	0	3130	1478,1478	13,13
1526405124.869637231	1928	40	60	0	1	1	2	-86	121516	1	0	3130	1478,1478	13,13
1526405124.869680092	1928	40	60	0	1	1	2	-86	121516	1	0	3130	1478,1478	13,13
1526405124.876020405	1928	40	60	0	1	1	2	-86	121517	1	0	3130	1478,1478	13,13
1526405124.877722280	1928	40	60	0	1	1	2	-86	121517	1	0	3130	1478,1478	13,13
1526405124.882078493	984	40	60	0	1	1	2	-86	121519	1	0	1596	1478	13,13
1526405124.884694268	984	40	60	0	1	1	2	-86	121519	1	0	1596	1478	13,13
1526405124.884731328	984	40	60	0	1	1	2	-86	121519	1	0	1596	1478	13,13
1526405124.884740026	984	40	60	0	1	1	2	-86	121519	1	0	1596	1478	13,13
1526405124.887108645	984	40	60	0	1	1	2	-87	121520	1	0	1596	1478	13,13
1526405124.887146499	984	40	60	0	1	1	2	-87	121520	1	0	1596	1478	13,13
1526405124.928736085	984	40	60	0	1	1	2	-85	121521	1	0	1596	1478	13,13
1526405124.931183965	984	40	60	0	1	1	2	-88	121522	1	0	1596	1478	13,13
1526405124.931219903	984	40	60	0	1	1	2	-88	121522	1	0	1596	1478	13,13
1526405124.932904418	984	40	60	0	1	1	2	-88	121522	1	0	1596	1478	13,13
1526405124.932939032	984	40	60	0	1	1	2	-88	121522	1	0	1596	1478	13,13
1526405124.938179383	984	40	60	0	1	1	2	-86	121523	1	0	1596	1478	13,13
1526405124.938216599	984	40	60	0	1	1	2	-86	121523	1	0	1596	1478	13,13
1526405124.939897201	984	40	60	0	1	1	2	-86	121523	1	0	1596	1478	13,13
1526405124.939936223	984	40	60	0	1	1	2	-86	121523	1	0	1596	1478	13,13
1526405124.942221405	984	40	60	0	1	1	2	-87	121524	1	0	1596	1478	13,13
1526405124.942257698	984	40	60	0	1	1	2	-87	121524	1	0	1596	1478	13,13
1526405124.945013223	984	40	60	0	1	1	2	-86	121525	1	0	1596	1478	13,13
1526405125.244404073	949	40	84	0	1	1	2	-86	121526	0	1	1596	1478	13,5,13,5
1526405125.244443307	949	40	84	0	1	1	2	-86	121526	0	1	1596	1478	13,5,13,5
1526405125.245960629	949	40	84	0	1	1	2	-86	121526	0	1	1596	1478	13,5,13,5
1526405125.245999213	949	40	84	0	1	1	2	-86	121526	0	1	1596	1478	13,5,13,5
1526405125.361141577	949	40	84	0	1	1	2	-86	121528	0	1	1596	1478	13,5,13,5
1526405125.361181642	949	40	84	0	1	1	2	-86	121528	0	1	1596	1478	13,5,13,5
1526405125.362700174	949	40	84	0	1	1	2	-86	121528	0	1	1596	1478	13,5,13,5
1526405125.362740241	949	40	84	0	1	1	2	-86	121528	0	1	1596	1478	13,5,13,5
1526405125.365225273	949	40	84	0	1	1	2	-85	121529	0	1	1596	1478	13,5,13,5
1526405125.365238006	949	40	84	0	1	1	2	-85	121529	0	1	1596	1478	13,5,13,5
1526405125.366822240	949	40	84	0	1	1	2	-85	121529	0	1	1596	1478	13,5,13,5
1526405125.366837084	949	40	84	0	1	1	2	-85	121529	0	1	1596	1478	13,5,13,5
1526405125.369330756	949	40	84	0	1	1	2	-85	121530	0	1	1596	1478	13,5,13,5
1526405125.369370073	949	40	84	0	1	1	2	-85	121530	0	1	1596	1478	13,5,13,5
1526405125.370914099	949	40	84	0	1	1	2	-85	121530	0	1	1596	1478	13,5,13,5
1526405125.370960292	949	40	84	0	1	1	2	-85	121530	0	1	1596	1478	13,5,13,5
1526405125.373360948	949	40	84	0	1	1	2	-86	121531	0	1	1596	1478	13,5,13,5
1526405125.373400078	949	40	84	0	1	1	2	-86	121531	0	1	1596	1478	13,5,13,5
1526405125.374944051	949	40	84	0	1	1	2	-86	121531	0	1	1596	1478	13,5,13,5
1526405125.374983926	949	40	84	0	1	1	2	-86	121531	0	1	1596	1478	13,5,13,5
1526405125.377585361	949	40	84	0	1	1	2	-86	121532	0	1	1596	1478	13,5,13,5
1526405125.377626144	949	40	84	0	1	1	2	-86	121532	0	1	1596	1478	13,5,13,5
1526405125.379165437	949	40	84	0	1	1	2	-86	121532	0	1	1596	1478	13,5,13,5
1526405125.379205847	949	40	84	0	1	1	2	-86	121532	0	1	1596	1478	13,5,13,5
1526405125.381934233	949	40	84	0	1	1	2	-86	121533	0	1	1596	1478	13,5,13,5
1526405125.381973141	949	40	84	0	1	1	2	-86	121533	0	1	1596	1478	13,5,13,5
1526405125.383516184	949	40	84	0	1	1	2	-86	121533	0	1	1596	1478	13,5,13,5
1526405125.383557018	949	40	84	0	1	1	2	-86	121533	0	1	1596	1478	13,5,13,5
1526405125.385961900	949	40	84	0	1	1	2	-86	121534	0	1	1596	1478	13,5,13,5
1526405125.386000431	949	40	84	0	1	1	2	-86	121534	0	1	1596	1478	13,5,13,5
1526405125.387557597	949	40	84	0	1	1	2	-86	121534	0	1	1596	1478	13,5,13,5
1526405125.387597518	949	40	84	0	1	1	2	-86	121534	0	1	1596	1478	13,5,13,5
1526405125.389997937	949	40	84	0	1	1	2	-86	121535	0	1	1596	1478	13,5,13,5
1526405125.390038187	949	40	84	0	1	1	2	-86	121535	0	1	1596	1478	13,5,13,5
1526405125.391592072	949	40	84	0	1	1	2	-86	121535	0	1	1596	1478	13,5,13,5
1526405125.391631479	949	40	84	0	1	1	2	-86	121535	0	1	1596	1478	13,5,13,5
1526405125.392997326	949	40	84	0	1	1	2	-85	121536	0	1	1596	1478	13,5,13,5
1526405125.397199408	949	40	84	0	1	1	2	-85	121538	0	1	1596	1478	13,5,13,5
1526405125.397238235	949	40	84	0	1	1	2	-85	121538	0	1	1596	1478	13,5,13,5
1526405125.398782413	949	40	84	0	1	1	2	-85	121538	0	1	1596	1478	13,5,13,5
1526405125.398822285	949	40	84	0	1	1	2	-85	121538	0	1	1596	1478	13,5,13,5
1526405125.400118921	949	40	84	0	1	1	2	-86	121539	0	1	1596	1478	13,5,13,5
1526405125.403848317	949	40	84	0	1	1	2	-86	121540	0	1	1596	1478	13,5,13,5
1526405125.415673161	949	40	84	0	1	1	2	-86	121541	0	1	1596	1478	13,5,13,5
1526405125.655639474	949	40	84	0	1	1	2	-85	121542	0	1	1596	1478	13,5,13,5
1526405125.655677316	949	40	84	0	1	1	2	-85	121542	0	1	1596	1478	13,5,13,5
1526405125.657344675	949	40	84	0	1	1	2	-85	121542	0	1	1596	1478	13,5,13,5
1526405125.657384044	949	40	84	0	1	1	2	-85	121542	0	1	1596	1478	13,5,13,5
1526405125.659918895	949	40	84	0	1	1	2	-85	121543	0	1	1596	1478	13,5,13,5
1526405125.659957589	949	40	84	0	1	1	2	-85	121543	0	1	1596	1478	13,5,13,5
1526405125.661541355	949	40	84	0	1	1	2	-85	121543	0	1	1596	1478	13,5,13,5
1526405125.661580827	949	40	84	0	1	1	2	-85	121543	0	1	1596	1478	13,5,13,5
1526405125.663856501	949	40	84	0	1	1	2	-85	121544	0	1	1596	1478	13,5,13,5
1526405125.663892321	949	40	84	0	1	1	2	-85	121544	0	1	1596	1478	13,5,13,5
1526405125.665574880	949	40	84	0	1	1	2	-85	121544	0	1	1596	1478	13,5,13,5
1526405125.665616461	949	40	84	0	1	1	2	-85	121544	0	1	1596	1478	13,5,13,5
1526405125.676774601	949	40	84	0	1	1	2	-85	121545	0	1	1596	1478	13,5,13,5
1526405125.679023423	494	40	60	0	1	1	2	-84	121546	1	1	1596	1478	27,27
1526405125.679062895	494	40	60	0	1	1	2	-84	121546	1	1	1596	1478	27,27
1526405125.679087207	494	40	60	0	1	1	2	-84	121546	1	1	1596	1478	27,27
1526405125.679094797	494	40	60	0	1	1	2	-84	121546	1	1	1596	1478	27,27
1526405125.681420663	494	40	60	0	1	1	2	-85	121547	1	1	1596	1478	27,27
1526405125.681459293	494	40	60	0	1	1	2	-85	121547	1	1	1596	1478	27,27
1526405125.681468521	494	40	60	0	1	1	2	-85	121547	1	1	1596	1478	27,27
1526405125.681476311	494	40	60	0	1	1	2	-85	121547	1	1	1596	1478	27,27
1526405125.681517996	494	40	60	0	1	1	2	-85	121547	1	1	1596	1478	27,27
1526405125.686346542	494	40	60	0	1	1	2	-86	121549	1	1	1596	1478	27,27
1526405125.697989555	494	40	60	0	1	1	2	-85	121551	1	1	1596	1478	27,27
1526405125.709065187	494	40	60	0	1	1	2	-86	121552	1	1	1596	1478	27,27
1526405125.722902611	494	40	60	0	1	1	2	-86	121554	1	1	1596	1478	27,27
1526405125.732571838	494	40	60	0	1	1	2	-87	121555	1	1	1596	1478	27,27
1526405125.745035951	494	40	60	0	1	1	2	-85	121557	1	1	1596	1478	27,27
1526405125.756071196	494	40	60	0	1	1	2	-85	121558	1	1	1596	1478	27,27
1526405126.060625722	494	40	60	0	1	1	2	-85	121566	1	1	1596	1478	27,27
1526405126.060639305	494	40	60	0	1	1	2	-85	121566	1	1	1596	1478	27,27
1526405126.060643636	494	40	60	0	1	1	2	-85	121566	1	1	1596	1478	27,27
1526405126.062253887	494	40	60	0	1	1	2	-85	121566	1	1	1596	1478	27,27
1526405126.062266829	494	40	60	0	1	1	2	-85	121566	1	1	1596	1478	27,27
1526405126.062270057	494	40	60	0	1	1	2	-85	121566	1	1	1596	1478	27,27
1526405126.062281135	494	40	60	0	1	1	2	-85	121566	1	1	1596	1478	27,27
1526405126.065628071	494	40	60	0	1	1	2	-85	121568	1	1	1596	1478	27,27
1526405126.065680792	494	40	60	0	1	1	2	-85	121568	1	1	1596	1478	27,27
1526405126.065687204	494	40	60	0	1	1	2	-85	121568	1	1	1596	1478	27,27
1526405126.099159652	494	40	60	0	1	1	2	-86	121569	1	1	1596	1478	27,27
1526405126.101540727	494	40	60	0	1	1	2	-84	121570	1	1	1596	1478	27,27
1526405126.101579654	494	40	60	0	1	1	2	-84	121570	1	1	1596	1478	27,27
1526405126.101589441	494	40	60	0	1	1	2	-84	121570	1	1	1596	1478	27,27
1526405126.101597085	494	40	60	0	1	1	2	-84	121570	1	1	1596	1478	27,27
1526405126.103189549	494	40	60	0	1	1	2	-84	121570	1	1	1596	1478	27,27
1526405126.103229766	494	40	60	0	1	1	2	-84	121570	1	1	1596	1478	27,27
1526405126.103237700	494	40	60	0	1	1	2	-84	121570	1	1	1596	1478	27,27
1526405126.103251059	494	40	60	0	1	1	2	-84	121570	1	1	1596	1478	27,27
1526405126.104495252	494	40	60	0	1	1	2	-86	121571	1	1	1596	1478	27,27
1526405126.105357786	494	40	60	0	1	1	2	-84	121572	1	1	1596	1478	27,27
1526405126.108756623	494	40	60	0	1	1	2	-85	121573	1	1	1596	1478	27,27
1526405126.120685657	494	40	60	0	1	1	2	-86	121574	1	1	1596	1478	27,27
1526405126.142125221	494	40	60	0	1	1	2	-85	121575	1	1	1596	1478	27,27
1526405126.143937141	494	40	60	0	1	1	2	-85	121576	1	1	1596	1478	27,27
1526405126.155882094	494	40	60	0	1	1	2	-85	121577	1	1	1596	1478	27,27
1526405126.167654516	494	40	60	0	1	1	2	-85	121579	1	1	1596	1478	27,27
1526405126.472757559	494	40	60	0	1	1	2	-85	121580	1	1	1596	1478	27,27
1526405126.472796257	494	40	60	0	1	1	2	-85	121580	1	1	1596	1478	27,27
1526405126.472805512	494	40	60	0	1	1	2	-85	121580	1	1	1596	1478	27,27
1526405126.472813313	494	40	60	0	1	1	2	-85	121580	1	1	1596	1478	27,27
1526405126.474384075	494	40	60	0	1	1	2	-85	121580	1	1	1596	1478	27,27
1526405126.474423400	494	40	60	0	1	1	2	-85	121580	1	1	1596	1478	27,27
1526405126.474432553	494	40	60	0	1	1	2	-85	121580	1	1	1596	1478	27,27
1526405126.474439513	494	40	60	0	1	1	2	-85	121580	1	1	1596	1478	27,27
1526405126.478368287	494	40	60	0	1	1	2	-85	121581	1	1	1596	1478	27,27
1526405126.478407240	494	40	60	0	1	1	2	-85	121581	1	1	1596	1478	27,27
1526405126.478416849	494	40	60	0	1	1	2	-85	121581	1	1	1596	1478	27,27
1526405126.478423793	494	40	60	0	1	1	2	-85	121581	1	1	1596	1478	27,27
1526405126.480012960	494	40	60	0	1	1	2	-85	121581	1	1	1596	1478	27,27
1526405126.480051586	494	40	60	0	1	1	2	-85	121581	1	1	1596	1478	27,27
1526405126.480060506	494	40	60	0	1	1	2	-85	121581	1	1	1596	1478	27,27
1526405126.480067422	494	40	60	0	1	1	2	-85	121581	1	1	1596	1478	27,27
1526405126.480928213	494	40	60	0	1	1	2	-85	121582	1	1	1596	1478	27,27
1526405126.495145245	494	40	60	0	1	1	2	-85	121583	1	1	1596	1478	27,27
1526405126.497545892	494	40	60	0	1	1	2	-84	121584	1	1	1596	1478	27,27
1526405126.497552661	494	40	60	0	1	1	2	-84	121584	1	1	1596	1478	27,27
1526405126.497555453	494	40	60	0	1	1	2	-84	121584	1	1	1596	1478	27,27
1526405126.497575005	494	40	60	0	1	1	2	-84	121584	1	1	1596	1478	27,27
1526405126.499178687	494	40	60	0	1	1	2	-84	121584	1	1	1596	1478	27,27
1526405126.499181853	494	40	60	0	1	1	2	-84	121584	1	1	1596	1478	27,27
1526405126.502187232	494	40	60	0	1	1	2	-85	121585	1	1	1596	1478	27,27
1526405126.502199632	494	40	60	0	1	1	2	-85	121585	1	1	1596	1478	27,27
1526405126.502225120	494	40	60	0	1	1	2	-85	121585	1	1	1596	1478	27,27
1526405126.503128918	494	40	60	0	1	1	2	-86	121586	1	1	1596	1478	27,27
1526405126.508303431	494	40	60	0	1	1	2	-85	121587	1	1	1596	1478	27,27
1526405126.521465122	494	40	60	0	1	1	2	-84	121588	1	1	1596	1478	27,27
1526405126.531896285	494	40	60	0	1	1	2	-84	121589	1	1	1596	1478	27,27
1526405126.543843426	494	40	60	0	1	1	2	-85	121590	1	1	1596	1478	27,27
1526405126.555614990	494	40	60	0	1	1	2	-84	121591	1	1	1596	1478	27,27
1526405126.567390606	494	40	60	0	1	1	2	-85	121592	1	1	1596	1478	27,27
1526405126.579149441	494	40	60	0	1	1	2	-84	121593	1	1	1596	1478	27,27
1526405126.590907755	494	40	60	0	1	1	2	-84	121594	1	1	1596	1478	27,27
1526405126.602669680	494	40	60	0	1	1	2	-85	121595	1	1	1596	1478	27,27
1526405126.614428731	494	40	60	0	1	1	2	-84	121596	1	1	1596	1478	27,27
1526405126.626311313	494	40	60	0	1	1	2	-85	121597	1	1	1596	1478	27,27
1526405126.638682194	494	40	60	0	1	1	2	-87	121598	1	1	1596	1478	27,27
1526405126.649731766	494	40	60	0	1	1	2	-85	121599	1	1	1596	1478	27,27
1526405126.661573236	494	40	60	0	1	1	2	-87	121600	1	1	1596	1478	27,27
1526405126.673671193	494	40	60	0	1	1	2	-85	121601	1	1	1596	1478	27,27
1526405126.685125296	494	40	60	0	1	1	2	-85	121602	1	1	1596	1478	27,27
1526405126.696903476	494	40	60	0	1	1	2	-84	121603	1	1	1596	1478	27,27
1526405126.708616023	494	40	60	0	1	1	2	-85	121604	1	1	1596	1478	27,27
1526405126.721183914	494	40	60	0	1	1	2	-85	121606	1	1	1596	1478	27,27
1526405126.732173349	494	40	60	0	1	1	2	-84	121607	1	1	1596	1478	27,27
1526405126.743902968	494	40	60	0	1	1	2	-86	121608	1	1	1596	1478	27,27
1526405126.755689215	494	40	60	0	1	1	2	-85	121609	1	1	1596	1478	27,27
1526405126.767324839	494	40	60	0	1	1	2	-85	121610	1	1	1596	1478	27,27
1526405126.779190906	494	40	60	0	1	1	2	-85	121611	1	1	1596	1478	27,27
1526405126.793052266	494	40	60	0	1	1	2	-85	121614	1	1	1596	1478	27,27
1526405126.804211249	494	40	60	0	1	1	2	-86	121617	1	1	1596	1478	27,27
1526405126.815172870	494	40	60	0	1	1	2	-86	121619	1	1	1596	1478	27,27
1526405126.828663862	494	40	60	0	1	1	2	-86	121622	1	1	1596	1478	27,27
1526405126.837761677	494	40	60	0	1	1	2	-85	121623	1	1	1596	1478	27,27
1526405126.849534513	494	40	60	0	1	1	2	-86	121624	1	1	1596	1478	27,27
1526405126.861288440	494	40	60	0	1	1	2	-86	121625	1	1	1596	1478	27,27
1526405126.873039214	494	40	60	0	1	1	2	-84	121626	1	1	1596	1478	27,27
1526405126.884786651	494	40	60	0	1	1	2	-86	121627	1	1	1596	1478	27,27
1526405126.896564032	494	40	60	0	1	1	2	-85	121628	1	1	1596	1478	27,27
1526405126.908861754	494	40	60	0	1	1	2	-85	121629	1	1	1596	1478	27,27
1526405126.920067656	494	40	60	0	1	1	2	-85	121630	1	1	1596	1478	27,27
1526405126.932543407	494	40	60	0	1	1	2	-85	121632	1	1	1596	1478	27,27
1526405126.943546179	494	40	60	0	1	1	2	-87	121633	1	1	1596	1478	27,27
1526405126.955973482	494	40	60	0	1	1	2	-85	121634	1	1	1596	1478	27,27
1526405126.967878062	494	40	60	0	1	1	2	-85	121636	1	1	1596	1478	27,27
1526405126.978873182	494	40	60	0	1	1	2	-86	121637	1	1	1596	1478	27,27
1526405126.990638104	494	40	60	0	1	1	2	-87	121638	1	1	1596	1478	27,27
1526405127.002344672	494	40	60	0	1	1	2	-86	121639	1	1	1596	1478	27,27
1526405127.014248751	494	40	60	0	1	1	2	-86	121640	1	1	1596	1478	27,27
1526405127.026009443	494	40	60	0	1	1	2	-86	121641	1	1	1596	1478	27,27
1526405127.038419735	494	40	60	0	1	1	2	-86	121643	1	1	1596	1478	27,27
1526405127.053340184	494	40	60	0	1	1	2	-87	121645	1	1	1596	1478	27,27
1526405127.065133534	494	40	60	0	1	1	2	-87	121650	1	1	1596	1478	27,27
1526405127.074615998	494	40	60	0	1	1	2	-86	121653	1	1	1596	1478	27,27
1526405127.085643315	494	40	60	0	1	1	2	-87	121655	1	1	1596	1478	27,27
1526405127.100418006	494	40	60	0	1	1	2	-86	121659	1	1	1596	1478	27,27
1526405127.110004635	494	40	60	0	1	1	2	-85	121662	1	1	1596	1478	27,27
1526405127.120236710	494	40	60	0	1	1	2	-85	121663	1	1	1596	1478	27,27
1526405127.131984320	494	40	60	0	1	1	2	-85	121664	1	1	1596	1478	27,27
1526405127.143743164	494	40	60	0	1	1	2	-87	121665	1	1	1596	1478	27,27
1526405127.156222510	494	40	60	0	1	1	2	-87	121667	1	1	1596	1478	27,27
1526405127.167271906	494	40	60	0	1	1	2	-85	121668	1	1	1596	1478	27,27
1526405127.179032158	494	40	60	0	1	1	2	-85	121669	1	1	1596	1478	27,27
1526405127.194545429	494	40	60	0	1	1	2	-85	121674	1	1	1596	1478	27,27
1526405127.204122123	494	40	60	0	1	1	2	-86	121676	1	1	1596	1478	27,27
1526405127.218225030	949	40	84	0	1	1	2	-87	121681	0	1	1596	1478	13,5,13,5
1526405127.226785630	949	40	84	0	1	1	2	-86	121682	0	1	1596	1478	13,5,13,5
1526405127.238279805	949	40	84	0	1	1	2	-85	121683	0	1	1596	1478	13,5,13,5
1526405127.250035914	949	40	84	0	1	1	2	-86	121684	0	1	1596	1478	13,5,13,5
1526405127.261802951	949	40	84	0	1	1	2	-86	121685	0	1	1596	1478	13,5,13,5
1526405127.273554530	949	40	84	0	1	1	2	-86	121686	0	1	1596	1478	13,5,13,5
1526405127.285329375	949	40	84	0	1	1	2	-86	121687	0	1	1596	1478	13,5,13,5
1526405127.297082252	949	40	84	0	1	1	2	-86	121688	0	1	1596	1478	13,5,13,5
1526405127.308773317	949	40	84	0	1	1	2	-86	121689	0	1	1596	1478	13,5,13,5
1526405127.321368576	949	40	84	0	1	1	2	-86	121690	0	1	1596	1478	13,5,13,5
1526405127.332346516	949	40	84	0	1	1	2	-85	121691	0	1	1596	1478	13,5,13,5
1526405127.354510734	949	40	84	0	1	1	2	-84	121692	0	1	1596	1478	13,5,13,5
1526405127.356175250	949	40	84	0	1	1	2	-85	121693	0	1	1596	1478	13,5,13,5
1526405127.367635893	949	40	84	0	1	1	2	-85	121694	0	1	1596	1478	13,5,13,5
1526405127.379395316	949	40	84	0	1	1	2	-85	121695	0	1	1596	1478	13,5,13,5
1526405127.391171636	949	40	84	0	1	1	2	-85	121696	0	1	1596	1478	13,5,13,5
1526405127.402917397	949	40	84	0	1	1	2	-85	121697	0	1	1596	1478	13,5,13,5
1526405127.415485715	949	40	84	0	1	1	2	-85	121699	0	1	1596	1478	13,5,13,5
1526405127.426441409	949	40	84	0	1	1	2	-86	121700	0	1	1596	1478	13,5,13,5
1526405127.438216941	949	40	84	0	1	1	2	-86	121701	0	1	1596	1478	13,5,13,5
1526405127.450014905	949	40	84	0	1	1	2	-85	121702	0	1	1596	1478	13,5,13,5
1526405127.461708655	949	40	84	0	1	1	2	-86	121703	0	1	1596	1478	13,5,13,5
1526405127.473470338	949	40	84	0	1	1	2	-86	121704	0	1	1596	1478	13,5,13,5
1526405127.485238870	949	40	84	0	1	1	2	-86	121705	0	1	1596	1478	13,5,13,5
1526405127.497007395	949	40	84	0	1	1	2	-86	121707	0	1	1596	1478	13,5,13,5
1526405127.508761176	949	40	84	0	1	1	2	-87	121708	0	1	1596	1478	13,5,13,5
1526405127.520384338	949	40	84	0	1	1	2	-85	121709	0	1	1596	1478	13,5,13,5
1526405127.532141221	949	40	84	0	1	1	2	-85	121710	0	1	1596	1478	13,5,13,5
1526405127.543895511	949	40	84	0	1	1	2	-88	121711	0	1	1596	1478	13,5,13,5
1526405127.556028928	949	40	84	0	1	1	2	-87	121712	0	1	1596	1478	13,5,13,5
1526405127.567560836	949	40	84	0	1	1	2	-87	121713	0	1	1596	1478	13,5,13,5
1526405127.578853328	494	40	60	0	1	1	2	-86	121714	1	1	1596	1478	27,27
1526405127.591364438	494	40	60	0	1	1	2	-86	121715	1	1	1596	1478	27,27
1526405127.609167556	949	40	84	0	1	1	2	-86	121721	0	1	1596	1478	13,5,13,5
1526405127.614452608	949	40	84	0	1	1	2	-86	121722	0	1	1596	1478	13,5,13,5
1526405127.626364693	949	40	84	0	1	1	2	-86	121723	0	1	1596	1478	13,5,13,5
1526405127.638114826	949	40	84	0	1	1	2	-86	121724	0	1	1596	1478	13,5,13,5
1526405127.649907260	949	40	84	0	1	1	2	-85	121725	0	1	1596	1478	13,5,13,5
1526405127.663170189	949	40	84	0	1	1	2	-87	121726	0	1	1596	1478	13,5,13,5
1526405127.673382412	949	40	84	0	1	1	2	-85	121727	0	1	1596	1478	13,5,13,5
1526405127.685357732	949	40	84	0	1	1	2	-85	121728	0	1	1596	1478	13,5,13,5
1526405127.698043418	949	40	84	0	1	1	2	-86	121730	0	1	1596	1478	13,5,13,5
1526405127.708869100	949	40	84	0	1	1	2	-85	121731	0	1	1596	1478	13,5,13,5
1526405127.720441132	949	40	84	0	1	1	2	-86	121732	0	1	1596	1478	13,5,13,5
1526405127.732190209	949	40	84	0	1	1	2	-86	121733	0	1	1596	1478	13,5,13,5
1526405127.744781802	949	40	84	0	1	1	2	-86	121734	0	1	1596	1478	13,5,13,5
1526405127.755749199	949	40	84	0	1	1	2	-87	121735	0	1	1596	1478	13,5,13,5
1526405127.767413354	949	40	84	0	1	1	2	-86	121736	0	1	1596	1478	13,5,13,5
1526405127.779243759	949	40	84	0	1	1	2	-87	121737	0	1	1596	1478	13,5,13,5
1526405127.790990917	949	40	84	0	1	1	2	-86	121738	0	1	1596	1478	13,5,13,5
1526405127.802687015	949	40	84	0	1	1	2	-85	121739	0	1	1596	1478	13,5,13,5
1526405127.814560584	949	40	84	0	1	1	2	-86	121740	0	1	1596	1478	13,5,13,5
1526405127.826070423	949	40	84	0	1	1	2	-85	121741	0	1	1596	1478	13,5,13,5
1526405127.837823445	949	40	84	0	1	1	2	-86	121742	0	1	1596	1478	13,5,13,5
1526405127.849565236	949	40	84	0	1	1	2	-88	121743	0	1	1596	1478	13,5,13,5
1526405127.862134027	949	40	84	0	1	1	2	-85	121745	0	1	1596	1478	13,5,13,5
1526405127.873078957	949	40	84	0	1	1	2	-86	121746	0	1	1596	1478	13,5,13,5
1526405127.884832204	949	40	84	0	1	1	2	-86	121747	0	1	1596	1478	13,5,13,5
1526405127.896607401	949	40	84	0	1	1	2	-85	121748	0	1	1596	1478	13,5,13,5
1526405127.908356437	949	40	84	0	1	1	2	-86	121749	0	1	1596	1478	13,5,13,5
1526405127.920118619	949	40	84	0	1	1	2	-85	121750	0	1	1596	1478	13,5,13,5
1526405127.931888637	949	40	84	0	1	1	2	-86	121751	0	1	1596	1478	13,5,13,5
1526405127.943645684	949	40	84	0	1	1	2	-86	121752	0	1	1596	1478	13,5,13,5
1526405127.955417766	949	40	84	0	1	1	2	-86	121753	0	1	1596	1478	13,5,13,5
1526405127.967166980	949	40	84	0	1	1	2	-86	121754	0	1	1596	1478	13,5,13,5
1526405127.978920789	949	40	84	0	1	1	2	-86	121755	0	1	1596	1478	13,5,13,5
1526405127.990696349	949	40	84	0	1	1	2	-85	121756	0	1	1596	1478	13,5,13,5
1526405128.002460143	949	40	84	0	1	1	2	-86	121757	0	1	1596	1478	13,5,13,5
1526405128.014318114	949	40	84	0	1	1	2	-85	121758	0	1	1596	1478	13,5,13,5
1526405128.026769263	949	40	84	0	1	1	2	-86	121760	0	1	1596	1478	13,5,13,5
1526405128.037821839	949	40	84	0	1	1	2	-86	121761	0	1	1596	1478	13,5,13,5
1526405128.056177395	949	40	84	0	1	1	2	-85	121762	0	1	1596	1478	13,5,13,5
1526405128.061374905	949	40	84	0	1	1	2	-85	121763	0	1	1596	1478	13,5,13,5
1526405128.073231578	949	40	84	0	1	1	2	-86	121764	0	1	1596	1478	13,5,13,5
1526405128.085015909	949	40	84	0	1	1	2	-85	121765	0	1	1596	1478	13,5,13,5
1526405128.096695550	949	40	84	0	1	1	2	-86	121766	0	1	1596	1478	13,5,13,5
1526405128.108510881	949	40	84	0	1	1	2	-86	121767	0	1	1596	1478	13,5,13,5
1526405128.120276509	949	40	84	0	1	1	2	-86	121768	0	1	1596	1478	13,5,13,5
1526405128.132062866	949	40	84	0	1	1	2	-86	121769	0	1	1596	1478	13,5,13,5
1526405128.143798145	949	40	84	0	1	1	2	-85	121770	0	1	1596	1478	13,5,13,5
1526405128.156342192	949	40	84	0	1	1	2	-86	121771	0	1	1596	1478	13,5,13,5
1526405128.167348352	949	40	84	0	1	1	2	-86	121772	0	1	1596	1478	13,5,13,5
1526405128.179103983	949	40	84	0	1	1	2	-86	121773	0	1	1596	1478	13,5,13,5
1526405128.190827537	949	40	84	0	1	1	2	-86	121774	0	1	1596	1478	13,5,13,5
1526405128.203368342	949	40	84	0	1	1	2	-86	121775	0	1	1596	1478	13,5,13,5
1526405128.214131565	949	40	84	0	1	1	2	-85	121776	0	1	1596	1478	13,5,13,5
1526405128.227325834	949	40	84	0	1	1	2	-86	121777	0	1	1596	1478	13,5,13,5
1526405128.239002988	949	40	84	0	1	1	2	-87	121779	0	1	1596	1478	13,5,13,5
1526405128.249621264	949	40	84	0	1	1	2	-85	121780	0	1	1596	1478	13,5,13,5
1526405128.261399543	949	40	84	0	1	1	2	-86	121781	0	1	1596	1478	13,5,13,5
1526405128.273156737	949	40	84	0	1	1	2	-86	121782	0	1	1596	1478	13,5,13,5
1526405128.284906006	949	40	84	0	1	1	2	-87	121783	0	1	1596	1478	13,5,13,5
1526405128.296678128	949	40	84	0	1	1	2	-86	121784	0	1	1596	1478	13,5,13,5
1526405128.308451132	949	40	84	0	1	1	2	-85	121785	0	1	1596	1478	13,5,13,5
1526405128.320198258	949	40	84	0	1	1	2	-85	121786	0	1	1596	1478	13,5,13,5
1526405128.331949053	949	40	84	0	1	1	2	-87	121787	0	1	1596	1478	13,5,13,5
1526405128.343718328	949	40	84	0	1	1	2	-85	121788	0	1	1596	1478	13,5,13,5
1526405128.355481049	949	40	84	0	1	1	2	-86	121789	0	1	1596	1478	13,5,13,5
1526405128.367967024	949	40	84	0	1	1	2	-86	121791	0	1	1596	1478	13,5,13,5
1526405128.379014422	949	40	84	0	1	1	2	-86	121792	0	1	1596	1478	13,5,13,5
1526405128.390741833	949	40	84	0	1	1	2	-86	121793	0	1	1596	1478	13,5,13,5
1526405128.402527599	949	40	84	0	1	1	2	-87	121794	0	1	1596	1478	13,5,13,5
1526405128.415967770	949	40	84	0	1	1	2	-86	121795	0	1	1596	1478	13,5,13,5
1526405128.426024303	949	40	84	0	1	1	2	-86	121796	0	1	1596	1478	13,5,13,5
1526405128.437791980	949	40	84	0	1	1	2	-87	121797	0	1	1596	1478	13,5,13,5
1526405128.449548482	949	40	84	0	1	1	2	-87	121798	0	1	1596	1478	13,5,13,5
1526405128.461348876	949	40	84	0	1	1	2	-87	121799	0	1	1596	1478	13,5,13,5
1526405128.473090285	949	40	84	0	1	1	2	-86	121800	0	1	1596	1478	13,5,13,5
1526405128.484841452	949	40	84	0	1	1	2	-86	121801	0	1	1596	1478	13,5,13,5
1526405128.496603248	949	40	84	0	1	1	2	-86	121802	0	1	1596	1478	13,5,13,5
1526405128.508353564	949	40	84	0	1	1	2	-85	121803	0	1	1596	1478	13,5,13,5
1526405128.520104778	949	40	84	0	1	1	2	-85	121804	0	1	1596	1478	13,5,13,5
1526405128.532577966	949	40	84	0	1	1	2	-86	121805	0	1	1596	1478	13,5,13,5
1526405128.543539990	949	40	84	0	1	1	2	-86	121806	0	1	1596	1478	13,5,13,5
1526405128.555401145	949	40	84	0	1	1	2	-85	121807	0	1	1596	1478	13,5,13,5
1526405128.567033244	949	40	84	0	1	1	2	-87	121808	0	1	1596	1478	13,5,13,5
1526405128.579611911	949	40	84	0	1	1	2	-87	121809	0	1	1596	1478	13,5,13,5
1526405128.590622809	949	40	84	0	1	1	2	-86	121810	0	1	1596	1478	13,5,13,5
1526405128.602437018	949	40	84	0	1	1	2	-86	121811	0	1	1596	1478	13,5,13,5
1526405128.614124913	949	40	84	0	1	1	2	-86	121812	0	1	1596	1478	13,5,13,5
1526405128.625941878	949	40	84	0	1	1	2	-86	121813	0	1	1596	1478	13,5,13,5
1526405128.637795404	949	40	84	0	1	1	2	-85	121814	0	1	1596	1478	13,5,13,5
1526405128.649475106	949	40	84	0	1	1	2	-85	121815	0	1	1596	1478	13,5,13,5
1526405128.661209232	949	40	84	0	1	1	2	-86	121816	0	1	1596	1478	13,5,13,5
1526405128.673013773	949	40	84	0	1	1	2	-87	121817	0	1	1596	1478	13,5,13,5
1526405128.684765588	949	40	84	0	1	1	2	-85	121818	0	1	1596	1478	13,5,13,5
1526405128.697361007	949	40	84	0	1	1	2	-86	121819	0	1	1596	1478	13,5,13,5
1526405128.708281569	949	40	84	0	1	1	2	-86	121820	0	1	1596	1478	13,5,13,5
1526405128.720038428	949	40	84	0	1	1	2	-87	121821	0	1	1596	1478	13,5,13,5
1526405128.731839876	949	40	84	0	1	1	2	-86	121822	0	1	1596	1478	13,5,13,5
1526405128.743480874	949	40	84	0	1	1	2	-86	121823	0	1	1596	1478	13,5,13,5
1526405128.755322956	949	40	84	0	1	1	2	-87	121824	0	1	1596	1478	13,5,13,5
1526405128.767108693	949	40	84	0	1	1	2	-85	121825	0	1	1596	1478	13,5,13,5
1526405128.778799736	949	40	84	0	1	1	2	-86	121826	0	1	1596	1478	13,5,13,5
1526405128.790407917	949	40	84	0	1	1	2	-85	121827	0	1	1596	1478	13,5,13,5
1526405128.802147543	949	40	84	0	1	1	2	-85	121828	0	1	1596	1478	13,5,13,5
1526405128.813988536	949	40	84	0	1	1	2	-86	121829	0	1	1596	1478	13,5,13,5
1526405128.825779299	949	40	84	0	1	1	2	-86	121830	0	1	1596	1478	13,5,13,5
1526405128.837559012	949	40	84	0	1	1	2	-87	121831	0	1	1596	1478	13,5,13,5
1526405128.849289797	949	40	84	0	1	1	2	-86	121832	0	1	1596	1478	13,5,13,5
1526405128.861849389	949	40	84	0	1	1	2	-86	121833	0	1	1596	1478	13,5,13,5
1526405128.872820219	949	40	84	0	1	1	2	-86	121834	0	1	1596	1478	13,5,13,5
1526405128.884599578	949	40	84	0	1	1	2	-85	121835	0	1	1596	1478	13,5,13,5
1526405128.896328672	949	40	84	0	1	1	2	-86	121836	0	1	1596	1478	13,5,13,5
1526405128.908102016	949	40	84	0	1	1	2	-86	121837	0	1	1596	1478	13,5,13,5
1526405128.919950587	949	40	84	0	1	1	2	-85	121838	0	1	1596	1478	13,5,13,5
1526405128.931705555	949	40	84	0	1	1	2	-86	121839	0	1	1596	1478	13,5,13,5
1526405128.943479400	949	40	84	0	1	1	2	-87	121840	0	1	1596	1478	13,5,13,5
1526405128.955223973	949	40	84	0	1	1	2	-86	121841	0	1	1596	1478	13,5,13,5
1526405128.967022799	949	40	84	0	1	1	2	-85	121842	0	1	1596	1478	13,5,13,5
1526405128.978762722	949	40	84	0	1	1	2	-86	121843	0	1	1596	1478	13,5,13,5
1526405128.991328040	949	40	84	0	1	1	2	-87	121844	0	1	1596	1478	13,5,13,5
1526405129.002275201	949	40	84	0	1	1	2	-86	121845	0	1	1596	1478	13,5,13,5
1526405129.013968288	949	40	84	0	1	1	2	-87	121846	0	1	1596	1478	13,5,13,5
1526405129.025988609	949	40	84	0	1	1	2	-86	121847	0	1	1596	1478	13,5,13,5
1526405129.037540367	949	40	84	0	1	1	2	-87	121848	0	1	1596	1478	13,5,13,5
1526405129.049190022	949	40	84	0	1	1	2	-85	121849	0	1	1596	1478	13,5,13,5
1526405129.060952359	949	40	84	0	1	1	2	-86	121850	0	1	1596	1478	13,5,13,5
1526405129.072838412	949	40	84	0	1	1	2	-86	121851	0	1	1596	1478	13,5,13,5
1526405129.085444507	949	40	84	0	1	1	2	-86	121853	0	1	1596	1478	13,5,13,5
1526405129.096352051	949	40	84	0	1	1	2	-86	121854	0	1	1596	1478	13,5,13,5
1526405129.108090638	949	40	84	0	1	1	2	-86	121855	0	1	1596	1478	13,5,13,5
1526405129.119814648	949	40	84	0	1	1	2	-86	121856	0	1	1596	1478	13,5,13,5
1526405129.131873182	949	40	84	0	1	1	2	-86	121857	0	1	1596	1478	13,5,13,5
1526405129.143308426	949	40	84	0	1	1	2	-87	121858	0	1	1596	1478	13,5,13,5
1526405129.155067021	949	40	84	0	1	1	2	-86	121859	0	1	1596	1478	13,5,13,5
1526405129.166820230	949	40	84	0	1	1	2	-86	121860	0	1	1596	1478	13,5,13,5
1526405129.178664241	949	40	84	0	1	1	2	-87	121861	0	1	1596	1478	13,5,13,5
1526405129.190405431	949	40	84	0	1	1	2	-86	121862	0	1	1596	1478	13,5,13,5
1526405129.202236534	949	40	84	0	1	1	2	-87	121863	0	1	1596	1478	13,5,13,5
1526405129.213973230	949	40	84	0	1	1	2	-87	121864	0	1	1596	1478	13,5,13,5
1526405129.225721284	949	40	84	0	1	1	2	-86	121865	0	1	1596	1478	13,5,13,5
1526405129.237467034	949	40	84	0	1	1	2	-85	121866	0	1	1596	1478	13,5,13,5
1526405129.250043451	949	40	84	0	1	1	2	-87	121867	0	1	1596	1478	13,5,13,5
1526405129.260944366	949	40	84	0	1	1	2	-85	121868	0	1	1596	1478	13,5,13,5
1526405129.272687229	949	40	84	0	1	1	2	-86	121869	0	1	1596	1478	13,5,13,5
1526405129.284511820	949	40	84	0	1	1	2	-85	121870	0	1	1596	1478	13,5,13,5
1526405129.296299881	949	40	84	0	1	1	2	-86	121871	0	1	1596	1478	13,5,13,5
1526405129.308036586	949	40	84	0	1	1	2	-86	121872	0	1	1596	1478	13,5,13,5
1526405129.319793545	949	40	84	0	1	1	2	-85	121873	0	1	1596	1478	13,5,13,5
1526405129.331551868	949	40	84	0	1	1	2	-86	121874	0	1	1596	1478	13,5,13,5
1526405129.343308291	949	40	84	0	1	1	2	-87	121875	0	1	1596	1478	13,5,13,5
1526405129.355083293	949	40	84	0	1	1	2	-86	121876	0	1	1596	1478	13,5,13,5
1526405129.366843281	949	40	84	0	1	1	2	-86	121877	0	1	1596	1478	13,5,13,5
1526405129.378598447	949	40	84	0	1	1	2	-86	121878	0	1	1596	1478	13,5,13,5
1526405129.391597644	949	40	84	0	1	1	2	-86	121879	0	1	1596	1478	13,5,13,5
1526405129.402905540	949	40	84	0	1	1	2	-86	121880	0	1	1596	1478	13,5,13,5
1526405129.413884197	949	40	84	0	1	1	2	-85	121881	0	1	1596	1478	13,5,13,5
1526405129.425600480	949	40	84	0	1	1	2	-85	121882	0	1	1596	1478	13,5,13,5
1526405129.438664914	949	40	84	0	1	1	2	-87	121884	0	1	1596	1478	13,5,13,5
1526405129.449159765	949	40	84	0	1	1	2	-85	121885	0	1	1596	1478	13,5,13,5
1526405129.460921810	949	40	84	0	1	1	2	-85	121886	0	1	1596	1478	13,5,13,5
1526405129.472706903	949	40	84	0	1	1	2	-86	121887	0	1	1596	1478	13,5,13,5
1526405129.484427201	949	40	84	0	1	1	2	-85	121888	0	1	1596	1478	13,5,13,5
1526405129.497496942	949	40	84	0	1	1	2	-86	121889	0	1	1596	1478	13,5,13,5
1526405129.507888779	949	40	84	0	1	1	2	-86	121890	0	1	1596	1478	13,5,13,5
1526405129.519724938	949	40	84	0	1	1	2	-85	121891	0	1	1596	1478	13,5,13,5
1526405129.531406880	949	40	84	0	1	1	2	-86	121892	0	1	1596	1478	13,5,13,5
1526405129.543229858	949	40	84	0	1	1	2	-88	121893	0	1	1596	1478	13,5,13,5
1526405129.554983432	949	40	84	0	1	1	2	-86	121894	0	1	1596	1478	13,5,13,5
1526405129.566735914	949	40	84	0	1	1	2	-85	121895	0	1	1596	1478	13,5,13,5
1526405129.578469639	949	40	84	0	1	1	2	-85	121896	0	1	1596	1478	13,5,13,5
1526405129.590192621	949	40	84	0	1	1	2	-85	121897	0	1	1596	1478	13,5,13,5
1526405129.602755759	949	40	84	0	1	1	2	-86	121899	0	1	1596	1478	13,5,13,5
1526405129.614847334	949	40	84	0	1	1	2	-87	121901	0	1	1596	1478	13,5,13,5
1526405129.625545951	949	40	84	0	1	1	2	-85	121902	0	1	1596	1478	13,5,13,5
1526405129.637229116	949	40	84	0	1	1	2	-88	121903	0	1	1596	1478	13,5,13,5
1526405129.648956478	949	40	84	0	1	1	2	-87	121904	0	1	1596	1478	13,5,13,5
1526405129.660824163	949	40	84	0	1	1	2	-86	121905	0	1	1596	1478	13,5,13,5
1526405129.672595648	949	40	84	0	1	1	2	-86	121906	0	1	1596	1478	13,5,13,5
1526405129.684348623	949	40	84	0	1	1	2	-86	121907	0	1	1596	1478	13,5,13,5
1526405129.697170529	949	40	84	0	1	1	2	-86	121908	0	1	1596	1478	13,5,13,5
1526405129.707767063	949	40	84	0	1	1	2	-87	121909	0	1	1596	1478	13,5,13,5
1526405129.719627307	949	40	84	0	1	1	2	-87	121910	0	1	1596	1478	13,5,13,5
1526405129.731336179	949	40	84	0	1	1	2	-87	121911	0	1	1596	1478	13,5,13,5
1526405129.743120874	949	40	84	0	1	1	2	-87	121912	0	1	1596	1478	13,5,13,5
1526405129.754725280	949	40	84	0	1	1	2	-86	121913	0	1	1596	1478	13,5,13,5
1526405129.767271470	949	40	84	0	1	1	2	-86	121915	0	1	1596	1478	13,5,13,5
1526405129.778366202	949	40	84	0	1	1	2	-86	121916	0	1	1596	1478	13,5,13,5
1526405129.790164302	949	40	84	0	1	1	2	-87	121917	0	1	1596	1478	13,5,13,5
1526405129.801993177	949	40	84	0	1	1	2	-85	121918	0	1	1596	1478	13,5,13,5
1526405129.814522100	949	40	84	0	1	1	2	-87	121919	0	1	1596	1478	13,5,13,5
1526405129.825535883	949	40	84	0	1	1	2	-86	121920	0	1	1596	1478	13,5,13,5
1526405129.837320258	949	40	84	0	1	1	2	-86	121921	0	1	1596	1478	13,5,13,5
1526405129.850261923	949	40	84	0	1	1	2	-86	121922	0	1	1596	1478	13,5,13,5
1526405129.860808305	949	40	84	0	1	1	2	-86	121923	0	1	1596	1478	13,5,13,5
1526405129.872592440	949	40	84	0	1	1	2	-87	121924	0	1	1596	1478	13,5,13,5
1526405129.884323742	949	40	84	0	1	1	2	-87	121925	0	1	1596	1478	13,5,13,5
1526405129.896106402	949	40	84	0	1	1	2	-86	121926	0	1	1596	1478	13,5,13,5
1526405129.907852765	949	40	84	0	1	1	2	-85	121927	0	1	1596	1478	13,5,13,5
1526405129.919627960	949	40	84	0	1	1	2	-86	121928	0	1	1596	1478	13,5,13,5
1526405129.932120968	949	40	84	0	1	1	2	-87	121929	0	1	1596	1478	13,5,13,5
1526405129.943045766	949	40	84	0	1	1	2	-86	121930	0	1	1596	1478	13,5,13,5
1526405129.954896320	949	40	84	0	1	1	2	-86	121931	0	1	1596	1478	13,5,13,5
1526405129.966653023	949	40	84	0	1	1	2	-86	121932	0	1	1596	1478	13,5,13,5
1526405129.978422625	949	40	84	0	1	1	2	-84	121933	0	1	1596	1478	13,5,13,5
1526405129.989909721	949	40	84	0	1	1	2	-87	121934	0	1	1596	1478	13,5,13,5
1526405130.001689153	949	40	84	0	1	1	2	-88	121935	0	1	1596	1478	13,5,13,5
1526405130.013513207	949	40	84	0	1	1	2	-86	121936	0	1	1596	1478	13,5,13,5
1526405130.025333564	949	40	84	0	1	1	2	-86	121937	0	1	1596	1478	13,5,13,5
1526405130.037099894	949	40	84	0	1	1	2	-86	121938	0	1	1596	1478	13,5,13,5
1526405130.048913289	949	40	84	0	1	1	2	-88	121939	0	1	1596	1478	13,5,13,5
1526405130.060598578	949	40	84	0	1	1	2	-87	121940	0	1	1596	1478	13,5,13,5
1526405130.072459825	949	40	84	0	1	1	2	-87	121941	0	1	1596	1478	13,5,13,5
1526405130.084183116	949	40	84	0	1	1	2	-86	121942	0	1	1596	1478	13,5,13,5
1526405130.095487577	494	40	60	0	1	1	2	-86	121943	1	1	1596	1478	27,27
1526405130.110599980	949	40	84	0	1	1	2	-87	121945	0	1	1596	1478	13,5,13,5
1526405130.119469201	949	40	84	0	1	1	2	-86	121946	0	1	1596	1478	13,5,13,5
1526405130.131158709	949	40	84	0	1	1	2	-86	121947	0	1	1596	1478	13,5,13,5
1526405130.142910210	949	40	84	0	1	1	2	-86	121948	0	1	1596	1478	13,5,13,5
1526405130.155503762	949	40	84	0	1	1	2	-88	121949	0	1	1596	1478	13,5,13,5
1526405130.166476948	949	40	84	0	1	1	2	-87	121950	0	1	1596	1478	13,5,13,5
1526405130.178260119	949	40	84	0	1	1	2	-86	121951	0	1	1596	1478	13,5,13,5
1526405130.189955194	949	40	84	0	1	1	2	-86	121952	0	1	1596	1478	13,5,13,5
1526405130.202575963	949	40	84	0	1	1	2	-86	121953	0	1	1596	1478	13,5,13,5
1526405130.213576641	949	40	84	0	1	1	2	-86	121954	0	1	1596	1478	13,5,13,5
1526405130.225288641	949	40	84	0	1	1	2	-87	121955	0	1	1596	1478	13,5,13,5
1526405130.237006331	949	40	84	0	1	1	2	-87	121956	0	1	1596	1478	13,5,13,5
1526405130.249509851	949	40	84	0	1	1	2	-87	121957	0	1	1596	1478	13,5,13,5
1526405130.260456839	949	40	84	0	1	1	2	-87	121958	0	1	1596	1478	13,5,13,5
1526405130.272358776	949	40	84	0	1	1	2	-86	121959	0	1	1596	1478	13,5,13,5
1526405130.284130969	949	40	84	0	1	1	2	-86	121960	0	1	1596	1478	13,5,13,5
1526405130.295877361	949	40	84	0	1	1	2	-86	121961	0	1	1596	1478	13,5,13,5
1526405130.308888808	949	40	84	0	1	1	2	-86	121962	0	1	1596	1478	13,5,13,5
1526405130.319392966	949	40	84	0	1	1	2	-87	121963	0	1	1596	1478	13,5,13,5
1526405130.331170868	949	40	84	0	1	1	2	-86	121964	0	1	1596	1478	13,5,13,5
1526405130.342843252	949	40	84	0	1	1	2	-87	121965	0	1	1596	1478	13,5,13,5
1526405130.354688677	949	40	84	0	1	1	2	-86	121966	0	1	1596	1478	13,5,13,5
1526405130.367212326	949	40	84	0	1	1	2	-86	121968	0	1	1596	1478	13,5,13,5
1526405130.378190229	949	40	84	0	1	1	2	-86	121969	0	1	1596	1478	13,5,13,5
1526405130.389909317	949	40	84	0	1	1	2	-86	121970	0	1	1596	1478	13,5,13,5
1526405130.401668028	949	40	84	0	1	1	2	-86	121971	0	1	1596	1478	13,5,13,5
1526405130.413495693	949	40	84	0	1	1	2	-86	121972	0	1	1596	1478	13,5,13,5
1526405130.425252991	949	40	84	0	1	1	2	-86	121973	0	1	1596	1478	13,5,13,5
1526405130.436979262	949	40	84	0	1	1	2	-87	121974	0	1	1596	1478	13,5,13,5
1526405130.448742273	949	40	84	0	1	1	2	-87	121975	0	1	1596	1478	13,5,13,5
1526405130.460454584	949	40	84	0	1	1	2	-86	121976	0	1	1596	1478	13,5,13,5
1526405130.472275961	949	40	84	0	1	1	2	-86	121977	0	1	1596	1478	13,5,13,5
1526405130.484038446	949	40	84	0	1	1	2	-85	121978	0	1	1596	1478	13,5,13,5
1526405130.495793091	949	40	84	0	1	1	2	-87	121979	0	1	1596	1478	13,5,13,5
1526405130.507542536	949	40	84	0	1	1	2	-87	121980	0	1	1596	1478	13,5,13,5
1526405130.519350516	949	40	84	0	1	1	2	-87	121981	0	1	1596	1478	13,5,13,5
1526405130.531748964	949	40	84	0	1	1	2	-86	121983	0	1	1596	1478	13,5,13,5
1526405130.640588601	949	40	84	0	1	1	2	-86	121989	0	1	1596	1478	13,5,13,5
1526405130.640604568	949	40	84	0	1	1	2	-86	121989	0	1	1596	1478	13,5,13,5
1526405130.642078076	949	40	84	0	1	1	2	-86	121989	0	1	1596	1478	13,5,13,5
1526405130.642084421	949	40	84	0	1	1	2	-86	121989	0	1	1596	1478	13,5,13,5
1526405130.644577784	949	40	84	0	1	1	2	-87	121990	0	1	1596	1478	13,5,13,5
1526405130.644592124	949	40	84	0	1	1	2	-87	121990	0	1	1596	1478	13,5,13,5
1526405130.646239170	949	40	84	0	1	1	2	-87	121990	0	1	1596	1478	13,5,13,5
1526405130.646254733	949	40	84	0	1	1	2	-87	121990	0	1	1596	1478	13,5,13,5
1526405130.647520225	949	40	84	0	1	1	2	-86	121991	0	1	1596	1478	13,5,13,5
1526405130.649881243	949	40	84	0	1	1	2	-87	121992	0	1	1596	1478	13,5,13,5
1526405130.660447554	949	40	84	0	1	1	2	-86	121993	0	1	1596	1478	13,5,13,5
1526405130.768212839	949	40	84	0	1	1	2	-86	121994	0	1	1596	1478	13,5,13,5
1526405130.768246030	949	40	84	0	1	1	2	-86	121994	0	1	1596	1478	13,5,13,5
1526405130.769825054	949	40	84	0	1	1	2	-86	121994	0	1	1596	1478	13,5,13,5
1526405130.769857929	949	40	84	0	1	1	2	-86	121994	0	1	1596	1478	13,5,13,5
1526405130.772893386	949	40	84	0	1	1	2	-85	121995	0	1	1596	1478	13,5,13,5
1526405130.772926564	949	40	84	0	1	1	2	-85	121995	0	1	1596	1478	13,5,13,5
1526405130.774382986	949	40	84	0	1	1	2	-85	121995	0	1	1596	1478	13,5,13,5
1526405130.774404156	949	40	84	0	1	1	2	-85	121995	0	1	1596	1478	13,5,13,5
1526405130.775703779	949	40	84	0	1	1	2	-85	121996	0	1	1596	1478	13,5,13,5
1526405130.777908758	949	40	84	0	1	1	2	-85	121997	0	1	1596	1478	13,5,13,5
1526405130.789796430	949	40	84	0	1	1	2	-85	121998	0	1	1596	1478	13,5,13,5
1526405130.801556440	949	40	84	0	1	1	2	-85	121999	0	1	1596	1478	13,5,13,5
1526405130.814087640	949	40	84	0	1	1	2	-86	122000	0	1	1596	1478	13,5,13,5
1526405130.825105218	949	40	84	0	1	1	2	-86	122001	0	1	1596	1478	13,5,13,5
1526405130.836836055	949	40	84	0	1	1	2	-87	122002	0	1	1596	1478	13,5,13,5
1526405130.848599674	949	40	84	0	1	1	2	-86	122003	0	1	1596	1478	13,5,13,5
1526405130.860344193	949	40	84	0	1	1	2	-85	122004	0	1	1596	1478	13,5,13,5
1526405130.873661133	949	40	84	0	1	1	2	-87	122005	0	1	1596	1478	13,5,13,5
1526405130.994578849	949	40	84	0	1	1	2	-87	122016	0	1	1596	1478	13,5,13,5
1526405130.994618911	949	40	84	0	1	1	2	-87	122016	0	1	1596	1478	13,5,13,5
1526405130.996171476	949	40	84	0	1	1	2	-87	122016	0	1	1596	1478	13,5,13,5
1526405130.996210955	949	40	84	0	1	1	2	-87	122016	0	1	1596	1478	13,5,13,5
1526405131.000780449	949	40	84	0	1	1	2	-86	122018	0	1	1596	1478	13,5,13,5
1526405131.000818262	949	40	84	0	1	1	2	-86	122018	0	1	1596	1478	13,5,13,5
1526405131.002352291	949	40	84	0	1	1	2	-86	122018	0	1	1596	1478	13,5,13,5
1526405131.002394356	949	40	84	0	1	1	2	-86	122018	0	1	1596	1478	13,5,13,5
1526405131.004563939	949	40	84	0	1	1	2	-86	122019	0	1	1596	1478	13,5,13,5
1526405131.004610055	949	40	84	0	1	1	2	-86	122019	0	1	1596	1478	13,5,13,5
1526405131.006229631	949	40	84	0	1	1	2	-87	122020	0	1	1596	1478	13,5,13,5
1526405131.013324527	949	40	84	0	1	1	2	-86	122021	0	1	1596	1478	13,5,13,5
1526405131.076461565	949	40	84	0	1	1	2	-87	122024	0	1	1596	1478	13,5,13,5
1526405131.076502099	949	40	84	0	1	1	2	-87	122024	0	1	1596	1478	13,5,13,5
1526405131.078037719	949	40	84	0	1	1	2	-87	122024	0	1	1596	1478	13,5,13,5
1526405131.078078505	949	40	84	0	1	1	2	-87	122024	0	1	1596	1478	13,5,13,5
1526405131.080086622	949	40	84	0	1	1	2	-86	122025	0	1	1596	1478	13,5,13,5
1526405131.128475474	949	40	84	0	1	1	2	-85	122027	0	1	1596	1478	13,5,13,5
1526405131.128515450	949	40	84	0	1	1	2	-85	122027	0	1	1596	1478	13,5,13,5
1526405131.130030316	949	40	84	0	1	1	2	-85	122027	0	1	1596	1478	13,5,13,5
1526405131.130057447	949	40	84	0	1	1	2	-85	122027	0	1	1596	1478	13,5,13,5
1526405131.131641159	949	40	84	0	1	1	2	-86	122028	0	1	1596	1478	13,5,13,5
1526405131.142590943	949	40	84	0	1	1	2	-86	122029	0	1	1596	1478	13,5,13,5
1526405131.264800992	949	40	84	0	1	1	2	-86	122039	0	1	1596	1478	13,5,13,5
1526405131.264839715	949	40	84	0	1	1	2	-86	122039	0	1	1596	1478	13,5,13,5
1526405131.266374949	949	40	84	0	1	1	2	-86	122039	0	1	1596	1478	13,5,13,5
1526405131.266414307	949	40	84	0	1	1	2	-86	122039	0	1	1596	1478	13,5,13,5
1526405131.268651646	494	40	60	0	1	1	2	-85	122040	1	1	1596	1478	27,27
1526405131.271087421	949	40	84	0	1	1	2	-87	122041	0	1	1596	1478	13,5,13,5
1526405131.271127419	949	40	84	0	1	1	2	-87	122041	0	1	1596	1478	13,5,13,5
1526405131.272602047	949	40	84	0	1	1	2	-87	122041	0	1	1596	1478	13,5,13,5
1526405131.272640359	949	40	84	0	1	1	2	-87	122041	0	1	1596	1478	13,5,13,5
1526405131.273967960	949	40	84	0	1	1	2	-85	122042	0	1	1596	1478	13,5,13,5
1526405131.275625000	949	40	84	0	1	1	2	-86	122043	0	1	1596	1478	13,5,13,5
1526405131.283683225	949	40	84	0	1	1	2	-85	122044	0	1	1596	1478	13,5,13,5
1526405131.389833723	949	40	84	0	1	1	2	-87	122046	0	1	1596	1478	13,5,13,5
1526405131.389873451	949	40	84	0	1	1	2	-87	122046	0	1	1596	1478	13,5,13,5
1526405131.391418757	949	40	84	0	1	1	2	-87	122046	0	1	1596	1478	13,5,13,5
1526405131.391464216	949	40	84	0	1	1	2	-87	122046	0	1	1596	1478	13,5,13,5
1526405131.394158075	949	40	84	0	1	1	2	-86	122047	0	1	1596	1478	13,5,13,5
1526405131.394197977	949	40	84	0	1	1	2	-86	122047	0	1	1596	1478	13,5,13,5
1526405131.395744571	949	40	84	0	1	1	2	-86	122047	0	1	1596	1478	13,5,13,5
1526405131.395784139	949	40	84	0	1	1	2	-86	122047	0	1	1596	1478	13,5,13,5
1526405131.397043970	949	40	84	0	1	1	2	-85	122048	0	1	1596	1478	13,5,13,5
1526405131.401279987	949	40	84	0	1	1	2	-87	122049	0	1	1596	1478	13,5,13,5
1526405131.413079855	949	40	84	0	1	1	2	-87	122050	0	1	1596	1478	13,5,13,5
1526405131.424833890	949	40	84	0	1	1	2	-87	122051	0	1	1596	1478	13,5,13,5
1526405131.438457390	949	40	84	0	1	1	2	-85	122052	0	1	1596	1478	13,5,13,5
1526405131.448367742	949	40	84	0	1	1	2	-86	122053	0	1	1596	1478	13,5,13,5
1526405131.460120580	949	40	84	0	1	1	2	-87	122054	0	1	1596	1478	13,5,13,5
1526405131.471884703	949	40	84	0	1	1	2	-86	122055	0	1	1596	1478	13,5,13,5
1526405131.484029739	949	40	84	0	1	1	2	-86	122056	0	1	1596	1478	13,5,13,5
1526405131.495414510	949	40	84	0	1	1	2	-87	122057	0	1	1596	1478	13,5,13,5
1526405131.616149581	949	40	84	0	1	1	2	-86	122058	0	1	1596	1478	13,5,13,5
1526405131.616188616	949	40	84	0	1	1	2	-86	122058	0	1	1596	1478	13,5,13,5
1526405131.617715139	949	40	84	0	1	1	2	-86	122058	0	1	1596	1478	13,5,13,5
1526405131.617759938	949	40	84	0	1	1	2	-86	122058	0	1	1596	1478	13,5,13,5
1526405131.620165193	949	40	84	0	1	1	2	-86	122059	0	1	1596	1478	13,5,13,5
1526405131.620204507	949	40	84	0	1	1	2	-86	122059	0	1	1596	1478	13,5,13,5
1526405131.621749726	949	40	84	0	1	1	2	-86	122059	0	1	1596	1478	13,5,13,5
1526405131.621790427	949	40	84	0	1	1	2	-86	122059	0	1	1596	1478	13,5,13,5
1526405131.625195413	949	40	84	0	1	1	2	-85	122061	0	1	1596	1478	13,5,13,5
1526405131.625235484	949	40	84	0	1	1	2	-85	122061	0	1	1596	1478	13,5,13,5
1526405131.626883735	949	40	84	0	1	1	2	-86	122062	0	1	1596	1478	13,5,13,5
1526405131.636356710	949	40	84	0	1	1	2	-87	122063	0	1	1596	1478	13,5,13,5
1526405131.648271012	949	40	84	0	1	1	2	-87	122064	0	1	1596	1478	13,5,13,5
1526405131.660051177	949	40	84	0	1	1	2	-86	122065	0	1	1596	1478	13,5,13,5
1526405131.671800989	949	40	84	0	1	1	2	-86	122066	0	1	1596	1478	13,5,13,5
1526405131.683579864	949	40	84	0	1	1	2	-87	122067	0	1	1596	1478	13,5,13,5
1526405131.695251052	949	40	84	0	1	1	2	-86	122068	0	1	1596	1478	13,5,13,5
1526405131.820952404	949	40	84	0	1	1	2	-86	122069	0	1	1596	1478	13,5,13,5
1526405131.820992233	949	40	84	0	1	1	2	-86	122069	0	1	1596	1478	13,5,13,5
1526405131.822521906	949	40	84	0	1	1	2	-86	122069	0	1	1596	1478	13,5,13,5
1526405131.822563464	949	40	84	0	1	1	2	-86	122069	0	1	1596	1478	13,5,13,5
1526405131.828941679	949	40	84	0	1	1	2	-85	122071	0	1	1596	1478	13,5,13,5
1526405131.828981582	949	40	84	0	1	1	2	-85	122071	0	1	1596	1478	13,5,13,5
1526405131.828996011	949	40	84	0	1	1	2	-85	122071	0	1	1596	1478	13,5,13,5
1526405131.829002975	949	40	84	0	1	1	2	-85	122071	0	1	1596	1478	13,5,13,5
1526405131.831426128	949	40	84	0	1	1	2	-86	122072	0	1	1596	1478	13,5,13,5
1526405131.831467327	949	40	84	0	1	1	2	-86	122072	0	1	1596	1478	13,5,13,5
1526405131.832755416	949	40	84	0	1	1	2	-87	122073	0	1	1596	1478	13,5,13,5
1526405131.836159120	949	40	84	0	1	1	2	-85	122074	0	1	1596	1478	13,5,13,5
1526405131.848092694	949	40	84	0	1	1	2	-85	122075	0	1	1596	1478	13,5,13,5
1526405131.859807912	949	40	84	0	1	1	2	-85	122076	0	1	1596	1478	13,5,13,5
1526405131.871586195	949	40	84	0	1	1	2	-86	122077	0	1	1596	1478	13,5,13,5
1526405131.883533538	949	40	84	0	1	1	2	-85	122078	0	1	1596	1478	13,5,13,5
1526405131.896311858	949	40	84	0	1	1	2	-86	122079	0	1	1596	1478	13,5,13,5
1526405131.906943074	949	40	84	0	1	1	2	-85	122080	0	1	1596	1478	13,5,13,5
1526405132.025913783	949	40	84	0	1	1	2	-86	122081	0	1	1596	1478	13,5,13,5
1526405132.025953200	949	40	84	0	1	1	2	-86	122081	0	1	1596	1478	13,5,13,5
1526405132.027506398	949	40	84	0	1	1	2	-86	122081	0	1	1596	1478	13,5,13,5
1526405132.027545778	949	40	84	0	1	1	2	-86	122081	0	1	1596	1478	13,5,13,5
1526405132.029866845	494	40	60	0	1	1	2	-87	122082	1	1	1596	1478	27,27
1526405132.032328115	949	40	84	0	1	1	2	-86	122083	0	1	1596	1478	13,5,13,5
1526405132.032354360	949	40	84	0	1	1	2	-86	122083	0	1	1596	1478	13,5,13,5
1526405132.033883117	949	40	84	0	1	1	2	-86	122083	0	1	1596	1478	13,5,13,5
1526405132.033944895	949	40	84	0	1	1	2	-86	122083	0	1	1596	1478	13,5,13,5
1526405132.035212921	949	40	84	0	1	1	2	-86	122084	0	1	1596	1478	13,5,13,5
1526405132.037056427	949	40	84	0	1	1	2	-86	122085	0	1	1596	1478	13,5,13,5
1526405132.048106462	949	40	84	0	1	1	2	-87	122086	0	1	1596	1478	13,5,13,5
1526405132.059812364	949	40	84	0	1	1	2	-85	122087	0	1	1596	1478	13,5,13,5
1526405132.071633186	949	40	84	0	1	1	2	-85	122088	0	1	1596	1478	13,5,13,5
1526405132.083388524	949	40	84	0	1	1	2	-86	122089	0	1	1596	1478	13,5,13,5
1526405132.095174190	949	40	84	0	1	1	2	-86	122090	0	1	1596	1478	13,5,13,5
1526405132.106904181	949	40	84	0	1	1	2	-86	122091	0	1	1596	1478	13,5,13,5
1526405132.230463684	949	40	84	0	1	1	2	-86	122092	0	1	1596	1478	13,5,13,5
1526405132.230500845	949	40	84	0	1	1	2	-86	122092	0	1	1596	1478	13,5,13,5
1526405132.232028084	949	40	84	0	1	1	2	-86	122092	0	1	1596	1478	13,5,13,5
1526405132.232053961	949	40	84	0	1	1	2	-86	122092	0	1	1596	1478	13,5,13,5
1526405132.234237287	494	40	60	0	1	1	2	-85	122093	1	1	1596	1478	27,27
1526405132.234262063	494	40	60	0	1	1	2	-85	122093	1	1	1596	1478	27,27
1526405132.236658640	949	40	84	0	1	1	2	-86	122094	0	1	1596	1478	13,5,13,5
1526405132.236685589	949	40	84	0	1	1	2	-86	122094	0	1	1596	1478	13,5,13,5
1526405132.238264494	949	40	84	0	1	1	2	-86	122094	0	1	1596	1478	13,5,13,5
1526405132.238287289	949	40	84	0	1	1	2	-86	122094	0	1	1596	1478	13,5,13,5
1526405132.239878217	949	40	84	0	1	1	2	-86	122095	0	1	1596	1478	13,5,13,5
1526405132.247826960	949	40	84	0	1	1	2	-86	122096	0	1	1596	1478	13,5,13,5
1526405132.259837510	949	40	84	0	1	1	2	-87	122097	0	1	1596	1478	13,5,13,5
1526405132.271554211	949	40	84	0	1	1	2	-86	122098	0	1	1596	1478	13,5,13,5
1526405132.283550629	949	40	84	0	1	1	2	-86	122099	0	1	1596	1478	13,5,13,5
1526405132.295084280	949	40	84	0	1	1	2	-87	122100	0	1	1596	1478	13,5,13,5
1526405132.306717119	949	40	84	0	1	1	2	-85	122101	0	1	1596	1478	13,5,13,5
1526405132.435326259	949	40	84	0	1	1	2	-86	122102	0	1	1596	1478	13,5,13,5
1526405132.435365914	949	40	84	0	1	1	2	-86	122102	0	1	1596	1478	13,5,13,5
1526405132.436826993	949	40	84	0	1	1	2	-86	122102	0	1	1596	1478	13,5,13,5
1526405132.436865124	949	40	84	0	1	1	2	-86	122102	0	1	1596	1478	13,5,13,5
1526405132.441798652	949	40	84	0	1	1	2	-85	122104	0	1	1596	1478	13,5,13,5
1526405132.441838990	949	40	84	0	1	1	2	-85	122104	0	1	1596	1478	13,5,13,5
1526405132.443382230	949	40	84	0	1	1	2	-85	122104	0	1	1596	1478	13,5,13,5
1526405132.443421277	949	40	84	0	1	1	2	-85	122104	0	1	1596	1478	13,5,13,5
1526405132.448881686	949	40	84	0	1	1	2	-87	122105	0	1	1596	1478	13,5,13,5
1526405132.448921049	949	40	84	0	1	1	2	-87	122105	0	1	1596	1478	13,5,13,5
1526405132.449535789	949	40	84	0	1	1	2	-87	122105	0	1	1596	1478	13,5,13,5
1526405132.451232946	949	40	84	0	1	1	2	-86	122106	0	1	1596	1478	13,5,13,5
1526405132.459529648	949	40	84	0	1	1	2	-87	122107	0	1	1596	1478	13,5,13,5
1526405132.471470406	949	40	84	0	1	1	2	-85	122108	0	1	1596	1478	13,5,13,5
1526405132.483236276	949	40	84	0	1	1	2	-86	122109	0	1	1596	1478	13,5,13,5
1526405132.494994147	949	40	84	0	1	1	2	-86	122110	0	1	1596	1478	13,5,13,5
1526405132.506758854	949	40	84	0	1	1	2	-87	122111	0	1	1596	1478	13,5,13,5
1526405132.518438480	949	40	84	0	1	1	2	-86	122112	0	1	1596	1478	13,5,13,5
1526405132.640140007	949	40	84	0	1	1	2	-87	122113	0	1	1596	1478	13,5,13,5
1526405132.640177636	949	40	84	0	1	1	2	-87	122113	0	1	1596	1478	13,5,13,5
1526405132.641634620	949	40	84	0	1	1	2	-87	122113	0	1	1596	1478	13,5,13,5
1526405132.641672250	949	40	84	0	1	1	2	-87	122113	0	1	1596	1478	13,5,13,5
1526405132.646308513	949	40	84	0	1	1	2	-87	122115	0	1	1596	1478	13,5,13,5
1526405132.646347975	949	40	84	0	1	1	2	-87	122115	0	1	1596	1478	13,5,13,5
1526405132.647910393	949	40	84	0	1	1	2	-87	122115	0	1	1596	1478	13,5,13,5
1526405132.647951232	949	40	84	0	1	1	2	-87	122115	0	1	1596	1478	13,5,13,5
1526405132.650318637	949	40	84	0	1	1	2	-86	122116	0	1	1596	1478	13,5,13,5
1526405132.650357897	949	40	84	0	1	1	2	-86	122116	0	1	1596	1478	13,5,13,5
1526405132.651620844	949	40	84	0	1	1	2	-86	122117	0	1	1596	1478	13,5,13,5
1526405132.659626797	949	40	84	0	1	1	2	-85	122118	0	1	1596	1478	13,5,13,5
1526405132.671224235	949	40	84	0	1	1	2	-85	122119	0	1	1596	1478	13,5,13,5
1526405132.683177662	949	40	84	0	1	1	2	-87	122120	0	1	1596	1478	13,5,13,5
1526405132.694793454	949	40	84	0	1	1	2	-86	122121	0	1	1596	1478	13,5,13,5
1526405132.706548841	949	40	84	0	1	1	2	-85	122122	0	1	1596	1478	13,5,13,5
1526405132.718337855	949	40	84	0	1	1	2	-85	122123	0	1	1596	1478	13,5,13,5
1526405132.844937421	949	40	84	0	1	1	2	-86	122124	0	1	1596	1478	13,5,13,5
1526405132.844976060	949	40	84	0	1	1	2	-86	122124	0	1	1596	1478	13,5,13,5
1526405132.846519775	949	40	84	0	1	1	2	-86	122124	0	1	1596	1478	13,5,13,5
1526405132.846560216	949	40	84	0	1	1	2	-86	122124	0	1	1596	1478	13,5,13,5
1526405132.851128703	949	40	84	0	1	1	2	-86	122125	0	1	1596	1478	13,5,13,5
1526405132.851168624	949	40	84	0	1	1	2	-86	122125	0	1	1596	1478	13,5,13,5
1526405132.852712009	949	40	84	0	1	1	2	-86	122125	0	1	1596	1478	13,5,13,5
1526405132.852752140	949	40	84	0	1	1	2	-86	122125	0	1	1596	1478	13,5,13,5
1526405132.854931259	949	40	84	0	1	1	2	-86	122126	0	1	1596	1478	13,5,13,5
1526405132.854971318	949	40	84	0	1	1	2	-86	122126	0	1	1596	1478	13,5,13,5
1526405132.856550805	949	40	84	0	1	1	2	-86	122127	0	1	1596	1478	13,5,13,5
1526405132.859339489	949	40	84	0	1	1	2	-85	122128	0	1	1596	1478	13,5,13,5
1526405132.871269294	949	40	84	0	1	1	2	-86	122129	0	1	1596	1478	13,5,13,5
1526405132.883105447	949	40	84	0	1	1	2	-86	122130	0	1	1596	1478	13,5,13,5
1526405132.894835092	949	40	84	0	1	1	2	-86	122131	0	1	1596	1478	13,5,13,5
1526405132.906588905	949	40	84	0	1	1	2	-86	122132	0	1	1596	1478	13,5,13,5
1526405132.918261080	949	40	84	0	1	1	2	-87	122133	0	1	1596	1478	13,5,13,5
1526405132.930131243	949	40	84	0	1	1	2	-86	122134	0	1	1596	1478	13,5,13,5
1526405133.049731944	949	40	84	0	1	1	2	-85	122135	0	1	1596	1478	13,5,13,5
1526405133.049789539	949	40	84	0	1	1	2	-85	122135	0	1	1596	1478	13,5,13,5
1526405133.051246616	949	40	84	0	1	1	2	-85	122135	0	1	1596	1478	13,5,13,5
1526405133.051296818	949	40	84	0	1	1	2	-85	122135	0	1	1596	1478	13,5,13,5
1526405133.055923291	949	40	84	0	1	1	2	-86	122137	0	1	1596	1478	13,5,13,5
1526405133.055960348	949	40	84	0	1	1	2	-86	122137	0	1	1596	1478	13,5,13,5
1526405133.057512843	949	40	84	0	1	1	2	-86	122137	0	1	1596	1478	13,5,13,5
1526405133.057573021	949	40	84	0	1	1	2	-86	122137	0	1	1596	1478	13,5,13,5
1526405133.059720631	949	40	84	0	1	1	2	-87	122138	0	1	1596	1478	13,5,13,5
1526405133.059760206	949	40	84	0	1	1	2	-87	122138	0	1	1596	1478	13,5,13,5
1526405133.061362603	949	40	84	0	1	1	2	-86	122139	0	1	1596	1478	13,5,13,5
1526405133.071258766	949	40	84	0	1	1	2	-87	122140	0	1	1596	1478	13,5,13,5
1526405133.083851092	949	40	84	0	1	1	2	-86	122141	0	1	1596	1478	13,5,13,5
1526405133.095705535	949	40	84	0	1	1	2	-87	122143	0	1	1596	1478	13,5,13,5
1526405133.106510120	949	40	84	0	1	1	2	-87	122144	0	1	1596	1478	13,5,13,5
1526405133.118291496	949	40	84	0	1	1	2	-86	122145	0	1	1596	1478	13,5,13,5
1526405133.129986952	949	40	84	0	1	1	2	-86	122146	0	1	1596	1478	13,5,13,5
1526405133.254470403	949	40	84	0	1	1	2	-88	122147	0	1	1596	1478	13,5,13,5
1526405133.254524779	949	40	84	0	1	1	2	-88	122147	0	1	1596	1478	13,5,13,5
1526405133.256015396	949	40	84	0	1	1	2	-88	122147	0	1	1596	1478	13,5,13,5
1526405133.256036215	949	40	84	0	1	1	2	-88	122147	0	1	1596	1478	13,5,13,5
1526405133.258352228	494	40	60	0	1	1	2	-85	122148	1	1	1596	1478	27,27
1526405133.258405320	494	40	60	0	1	1	2	-85	122148	1	1	1596	1478	27,27
1526405133.258412374	494	40	60	0	1	1	2	-85	122148	1	1	1596	1478	27,27
1526405133.258417829	494	40	60	0	1	1	2	-85	122148	1	1	1596	1478	27,27
1526405133.267546998	949	40	84	0	1	1	2	-85	122153	0	1	1596	1478	13,5,13,5
1526405133.267581834	949	40	84	0	1	1	2	-85	122153	0	1	1596	1478	13,5,13,5
1526405133.267588221	949	40	84	0	1	1	2	-85	122153	0	1	1596	1478	13,5,13,5
1526405133.271026854	949	40	84	0	1	1	2	-86	122154	0	1	1596	1478	13,5,13,5
1526405133.298334372	949	40	84	0	1	1	2	-86	122157	0	1	1596	1478	13,5,13,5
1526405133.298412147	949	40	84	0	1	1	2	-86	122157	0	1	1596	1478	13,5,13,5
1526405133.306384596	949	40	84	0	1	1	2	-85	122158	0	1	1596	1478	13,5,13,5
1526405133.318041050	949	40	84	0	1	1	2	-85	122159	0	1	1596	1478	13,5,13,5
1526405133.330239217	949	40	84	0	1	1	2	-86	122160	0	1	1596	1478	13,5,13,5
1526405133.459351615	949	40	84	0	1	1	2	-86	122161	0	1	1596	1478	13,5,13,5
1526405133.459391519	949	40	84	0	1	1	2	-86	122161	0	1	1596	1478	13,5,13,5
1526405133.460924511	949	40	84	0	1	1	2	-86	122161	0	1	1596	1478	13,5,13,5
1526405133.460965308	949	40	84	0	1	1	2	-86	122161	0	1	1596	1478	13,5,13,5
1526405133.463700166	949	40	84	0	1	1	2	-86	122162	0	1	1596	1478	13,5,13,5
1526405133.463739271	949	40	84	0	1	1	2	-86	122162	0	1	1596	1478	13,5,13,5
1526405133.465282973	949	40	84	0	1	1	2	-86	122162	0	1	1596	1478	13,5,13,5
1526405133.465323411	949	40	84	0	1	1	2	-86	122162	0	1	1596	1478	13,5,13,5
1526405133.470159499	949	40	84	0	1	1	2	-86	122164	0	1	1596	1478	13,5,13,5
1526405133.470199746	949	40	84	0	1	1	2	-86	122164	0	1	1596	1478	13,5,13,5
1526405133.470209536	949	40	84	0	1	1	2	-86	122164	0	1	1596	1478	13,5,13,5
1526405133.471774617	949	40	84	0	1	1	2	-88	122165	0	1	1596	1478	13,5,13,5
1526405133.482825137	949	40	84	0	1	1	2	-87	122166	0	1	1596	1478	13,5,13,5
1526405133.494623936	949	40	84	0	1	1	2	-87	122167	0	1	1596	1478	13,5,13,5
1526405133.507133102	949	40	84	0	1	1	2	-87	122168	0	1	1596	1478	13,5,13,5
1526405133.518237563	949	40	84	0	1	1	2	-85	122169	0	1	1596	1478	13,5,13,5
1526405133.529781418	949	40	84	0	1	1	2	-85	122170	0	1	1596	1478	13,5,13,5
1526405133.541649307	949	40	84	0	1	1	2	-85	122171	0	1	1596	1478	13,5,13,5
1526405133.664064475	949	40	84	0	1	1	2	-87	122172	0	1	1596	1478	13,5,13,5
1526405133.664097999	949	40	84	0	1	1	2	-87	122172	0	1	1596	1478	13,5,13,5
1526405133.665636839	949	40	84	0	1	1	2	-87	122172	0	1	1596	1478	13,5,13,5
1526405133.665660477	949	40	84	0	1	1	2	-87	122172	0	1	1596	1478	13,5,13,5
1526405133.670348790	949	40	84	0	1	1	2	-86	122173	0	1	1596	1478	13,5,13,5
1526405133.670383703	949	40	84	0	1	1	2	-86	122173	0	1	1596	1478	13,5,13,5
1526405133.671947263	949	40	84	0	1	1	2	-86	122173	0	1	1596	1478	13,5,13,5
1526405133.671984643	949	40	84	0	1	1	2	-86	122173	0	1	1596	1478	13,5,13,5
1526405133.674310294	949	40	84	0	1	1	2	-87	122174	0	1	1596	1478	13,5,13,5
1526405133.674351918	949	40	84	0	1	1	2	-87	122174	0	1	1596	1478	13,5,13,5
1526405133.675959689	949	40	84	0	1	1	2	-86	122175	0	1	1596	1478	13,5,13,5
1526405133.682647250	949	40	84	0	1	1	2	-86	122176	0	1	1596	1478	13,5,13,5
1526405133.695497255	949	40	84	0	1	1	2	-86	122177	0	1	1596	1478	13,5,13,5
1526405133.706001828	949	40	84	0	1	1	2	-87	122178	0	1	1596	1478	13,5,13,5
1526405133.720366409	949	40	84	0	1	1	2	-87	122180	0	1	1596	1478	13,5,13,5
1526405133.729569336	949	40	84	0	1	1	2	-85	122181	0	1	1596	1478	13,5,13,5
1526405133.741313537	949	40	84	0	1	1	2	-86	122182	0	1	1596	1478	13,5,13,5
1526405133.868987158	949	40	84	0	1	1	2	-87	122183	0	1	1596	1478	13,5,13,5
1526405133.869026760	949	40	84	0	1	1	2	-87	122183	0	1	1596	1478	13,5,13,5
1526405133.870548052	949	40	84	0	1	1	2	-87	122183	0	1	1596	1478	13,5,13,5
1526405133.870587229	949	40	84	0	1	1	2	-87	122183	0	1	1596	1478	13,5,13,5
1526405133.876990521	949	40	84	0	1	1	2	-86	122185	0	1	1596	1478	13,5,13,5
1526405133.877030735	949	40	84	0	1	1	2	-86	122185	0	1	1596	1478	13,5,13,5
1526405133.877039100	949	40	84	0	1	1	2	-86	122185	0	1	1596	1478	13,5,13,5
1526405133.877047759	949	40	84	0	1	1	2	-86	122185	0	1	1596	1478	13,5,13,5
1526405133.879443571	949	40	84	0	1	1	2	-86	122186	0	1	1596	1478	13,5,13,5
1526405133.879483492	949	40	84	0	1	1	2	-86	122186	0	1	1596	1478	13,5,13,5
1526405133.880103754	949	40	84	0	1	1	2	-86	122186	0	1	1596	1478	13,5,13,5
1526405133.882413354	949	40	84	0	1	1	2	-86	122187	0	1	1596	1478	13,5,13,5
1526405133.912760912	949	40	84	0	1	1	2	-86	122190	0	1	1596	1478	13,5,13,5
1526405133.912801000	949	40	84	0	1	1	2	-86	122190	0	1	1596	1478	13,5,13,5
1526405133.918041106	949	40	84	0	1	1	2	-84	122191	0	1	1596	1478	13,5,13,5
1526405133.929581507	949	40	84	0	1	1	2	-86	122192	0	1	1596	1478	13,5,13,5
1526405133.941349604	949	40	84	0	1	1	2	-86	122193	0	1	1596	1478	13,5,13,5
1526405133.953106423	949	40	84	0	1	1	2	-86	122194	0	1	1596	1478	13,5,13,5
1526405134.073791809	949	40	84	0	1	1	2	-86	122195	0	1	1596	1478	13,5,13,5
1526405134.073831309	949	40	84	0	1	1	2	-86	122195	0	1	1596	1478	13,5,13,5
1526405134.075365846	949	40	84	0	1	1	2	-86	122195	0	1	1596	1478	13,5,13,5
1526405134.075406494	949	40	84	0	1	1	2	-86	122195	0	1	1596	1478	13,5,13,5
1526405134.077560360	494	40	60	0	1	1	2	-85	122196	1	1	1596	1478	27,27
1526405134.077601532	494	40	60	0	1	1	2	-85	122196	1	1	1596	1478	27,27
1526405134.077609728	494	40	60	0	1	1	2	-85	122196	1	1	1596	1478	27,27
1526405134.077618424	494	40	60	0	1	1	2	-85	122196	1	1	1596	1478	27,27
1526405134.078847471	494	40	60	0	1	1	2	-86	122197	1	1	1596	1478	27,27
1526405134.081916394	494	40	60	0	1	1	2	-85	122201	1	1	1596	1478	27,27
1526405134.083151320	494	40	60	0	1	1	2	-87	122202	1	1	1596	1478	27,27
1526405134.095380867	494	40	60	0	1	1	2	-84	122204	1	1	1596	1478	27,27
1526405134.107160608	494	40	60	0	1	1	2	-86	122207	1	1	1596	1478	27,27
1526405134.119154449	494	40	60	0	1	1	2	-87	122210	1	1	1596	1478	27,27
1526405134.131534196	494	40	60	0	1	1	2	-87	122214	1	1	1596	1478	27,27
1526405134.142500998	494	40	60	0	1	1	2	-86	122217	1	1	1596	1478	27,27
1526405134.152621519	494	40	60	0	1	1	2	-85	122218	1	1	1596	1478	27,27
1526405134.284059550	494	40	60	0	1	1	2	-86	122219	1	1	1596	1478	27,27
1526405134.284074440	494	40	60	0	1	1	2	-86	122219	1	1	1596	1478	27,27
1526405134.284079571	494	40	60	0	1	1	2	-86	122219	1	1	1596	1478	27,27
1526405134.319952359	949	40	84	0	1	1	2	-86	122226	0	1	1596	1478	13,5,13,5
1526405134.320005152	949	40	84	0	1	1	2	-86	122226	0	1	1596	1478	13,5,13,5
1526405134.321567168	949	40	84	0	1	1	2	-86	122226	0	1	1596	1478	13,5,13,5
1526405134.321612756	949	40	84	0	1	1	2	-86	122226	0	1	1596	1478	13,5,13,5
1526405134.324086034	949	40	84	0	1	1	2	-86	122227	0	1	1596	1478	13,5,13,5
1526405134.324125907	949	40	84	0	1	1	2	-86	122227	0	1	1596	1478	13,5,13,5
1526405134.325663295	949	40	84	0	1	1	2	-86	122227	0	1	1596	1478	13,5,13,5
1526405134.325703238	949	40	84	0	1	1	2	-86	122227	0	1	1596	1478	13,5,13,5
1526405134.328149259	949	40	84	0	1	1	2	-86	122228	0	1	1596	1478	13,5,13,5
1526405134.328193577	949	40	84	0	1	1	2	-86	122228	0	1	1596	1478	13,5,13,5
1526405134.328812456	949	40	84	0	1	1	2	-86	122228	0	1	1596	1478	13,5,13,5
1526405134.330442044	949	40	84	0	1	1	2	-87	122229	0	1	1596	1478	13,5,13,5
1526405134.341313304	949	40	84	0	1	1	2	-85	122230	0	1	1596	1478	13,5,13,5
1526405134.353073874	949	40	84	0	1	1	2	-86	122231	0	1	1596	1478	13,5,13,5
1526405134.364823319	949	40	84	0	1	1	2	-87	122232	0	1	1596	1478	13,5,13,5
1526405134.483448676	949	40	84	0	1	1	2	-87	122233	0	1	1596	1478	13,5,13,5
1526405134.483487276	949	40	84	0	1	1	2	-87	122233	0	1	1596	1478	13,5,13,5
1526405134.484084617	949	40	84	0	1	1	2	-87	122233	0	1	1596	1478	13,5,13,5
