1526404779.855453355	153	40	48	0	2	0	2	-76	117987	3	1	1596	1478	108,108
1526404779.855499104	153	40	48	0	2	0	2	-76	117987	3	1	1596	1478	108,108
1526404779.855510009	153	40	48	0	2	0	2	-76	117987	3	1	1596	1478	108,108
1526404779.855518370	153	40	48	0	2	0	2	-76	117987	3	1	1596	1478	108,108
1526404779.855526492	153	40	48	0	2	0	2	-76	117987	3	1	1596	1478	108,108
1526404779.855535012	153	40	48	0	2	0	2	-76	117987	3	1	1596	1478	108,108
1526404779.855542710	153	40	48	0	2	0	2	-76	117987	3	1	1596	1478	108,108
1526404779.855550933	153	40	48	0	2	0	2	-76	117987	3	1	1596	1478	108,108
1526404779.855558575	153	40	48	0	2	0	2	-76	117987	3	1	1596	1478	108,108
1526404779.855565870	153	40	48	0	2	0	2	-76	117987	3	1	1596	1478	108,108
1526404779.855576939	153	40	48	0	2	0	2	-76	117987	3	1	1596	1478	108,108
1526404779.855585097	153	40	48	0	2	0	2	-76	117987	3	1	1596	1478	108,108
1526404779.862490963	153	40	48	0	2	0	2	-76	117988	3	1	1596	1478	108,108
1526404779.874138050	153	40	48	0	2	0	2	-75	117989	3	1	1596	1478	108,108
1526404779.885922174	153	40	48	0	2	0	2	-74	117990	3	1	1596	1478	108,108
1526404779.897787783	153	40	48	0	2	0	2	-75	117991	3	1	1596	1478	108,108
1526404779.909516826	153	40	48	0	2	0	2	-76	117992	3	1	1596	1478	108,108
1526404779.921291981	153	40	48	0	2	0	2	-75	117993	3	1	1596	1478	108,108
1526404779.933084537	153	40	48	0	2	0	2	-73	117994	3	1	1596	1478	108,108
1526404779.945616011	153	40	48	0	2	0	2	-76	117996	3	1	1596	1478	108,108
1526404779.956578944	153	40	48	0	2	0	2	-76	117997	3	1	1596	1478	108,108
1526404779.968330914	153	40	48	0	2	0	2	-76	117998	3	1	1596	1478	108,108
1526404779.980552245	153	40	48	0	2	0	2	-76	118000	3	1	1596	1478	108,108
1526404779.991887791	141	40	48	0	1	1	2	-74	118001	6	1	1596	1478	121,5,121,5
1526404780.003663874	141	40	48	0	1	1	2	-75	118002	6	1	1596	1478	121,5,121,5
1526404780.017073698	153	40	48	0	1	1	2	-75	118004	5	1	1596	1478	108,108
1526404780.027219676	153	40	48	0	1	1	2	-75	118005	5	1	1596	1478	108,108
1526404780.038814754	153	40	48	0	1	1	2	-75	118006	5	1	1596	1478	108,108
1526404780.050696241	153	40	48	0	1	1	2	-74	118007	5	1	1596	1478	108,108
1526404780.062486720	153	40	48	0	1	1	2	-75	118008	5	1	1596	1478	108,108
1526404780.074118594	153	40	48	0	1	1	2	-76	118009	5	1	1596	1478	108,108
1526404780.085884786	153	40	48	0	1	1	2	-76	118010	5	1	1596	1478	108,108
1526404780.098221711	153	40	48	0	1	1	2	-76	118011	5	1	1596	1478	108,108
1526404780.109490694	141	40	48	0	1	1	2	-75	118012	6	1	1596	1478	121,5,121,5
1526404780.122538242	153	40	48	0	1	1	2	-74	118014	5	1	1596	1478	108,108
1526404780.133397981	153	40	48	0	1	1	2	-76	118016	5	1	1596	1478	108,108
1526404780.144767909	153	40	48	0	1	1	2	-75	118018	5	1	1596	1478	108,108
1526404780.156568159	153	40	48	0	1	1	2	-73	118019	5	1	1596	1478	108,108
1526404780.169608454	153	40	48	0	1	1	2	-76	118022	5	1	1596	1478	108,108
1526404780.180180048	153	40	48	0	1	1	2	-76	118023	5	1	1596	1478	108,108
1526404780.191822510	153	40	48	0	1	1	2	-73	118024	5	1	1596	1478	108,108
1526404780.203860813	153	40	48	0	1	1	2	-73	118025	5	1	1596	1478	108,108
1526404780.215526856	153	40	48	0	1	1	2	-74	118026	5	1	1596	1478	108,108
1526404780.227331264	153	40	48	0	1	1	2	-74	118028	5	1	1596	1478	108,108
1526404780.238680727	153	40	48	0	1	1	2	-76	118029	5	1	1596	1478	108,108
1526404780.250934144	153	40	48	0	1	1	2	-75	118031	5	1	1596	1478	108,108
1526404780.262221302	153	40	48	0	1	1	2	-74	118032	5	1	1596	1478	108,108
1526404780.274479106	153	40	48	0	1	1	2	-76	118034	5	1	1596	1478	108,108
1526404780.285839040	153	40	48	0	1	1	2	-74	118035	5	1	1596	1478	108,108
1526404780.297594066	153	40	48	0	1	1	2	-73	118036	5	1	1596	1478	108,108
1526404780.309399013	153	40	48	0	1	1	2	-74	118037	5	1	1596	1478	108,108
1526404780.320980866	153	40	48	0	1	1	2	-76	118038	5	1	1596	1478	108,108
1526404780.332718767	141	40	48	0	1	1	2	-73	118039	6	1	1596	1478	121,5,121,5
1526404780.345535205	153	40	48	0	1	1	2	-73	118041	5	1	1596	1478	108,108
1526404780.356415717	153	40	48	0	1	1	2	-75	118042	5	1	1596	1478	108,108
1526404780.368163431	153	40	48	0	1	1	2	-75	118043	5	1	1596	1478	108,108
1526404780.379943173	153	40	48	0	1	1	2	-77	118044	5	1	1596	1478	108,108
1526404780.392106123	153	40	48	0	1	1	2	-75	118045	5	1	1596	1478	108,108
1526404780.403347847	153	40	48	0	1	1	2	-76	118046	5	1	1596	1478	108,108
1526404780.415115577	153	40	48	0	1	1	2	-74	118047	5	1	1596	1478	108,108
1526404780.426912680	153	40	48	0	1	1	2	-74	118048	5	1	1596	1478	108,108
1526404780.439128165	153	40	48	0	1	1	2	-75	118049	5	1	1596	1478	108,108
1526404780.450386028	153	40	48	0	1	1	2	-76	118050	5	1	1596	1478	108,108
1526404780.462713041	153	40	48	0	1	1	2	-76	118052	5	1	1596	1478	108,108
1526404780.474023547	153	40	48	0	1	1	2	-76	118053	5	1	1596	1478	108,108
1526404780.485787449	153	40	48	0	1	1	2	-76	118054	5	1	1596	1478	108,108
1526404780.497983532	153	40	48	0	1	1	2	-76	118056	5	1	1596	1478	108,108
1526404780.509293840	153	40	48	0	1	1	2	-75	118057	5	1	1596	1478	108,108
1526404780.521085228	153	40	48	0	1	1	2	-75	118058	5	1	1596	1478	108,108
1526404780.533537643	153	40	48	0	1	1	2	-74	118061	5	1	1596	1478	108,108
1526404780.544581577	153	40	48	0	1	1	2	-74	118062	5	1	1596	1478	108,108
1526404780.556574788	153	40	48	0	1	1	2	-75	118063	5	1	1596	1478	108,108
1526404780.568665309	153	40	48	0	1	1	2	-74	118065	5	1	1596	1478	108,108
1526404780.579555392	153	40	48	0	1	1	2	-74	118066	5	1	1596	1478	108,108
1526404780.591307626	153	40	48	0	1	1	2	-75	118067	5	1	1596	1478	108,108
1526404780.603245011	153	40	48	0	1	1	2	-75	118068	5	1	1596	1478	108,108
1526404780.615139601	153	40	48	0	1	1	2	-74	118069	5	1	1596	1478	108,108
1526404780.626869206	153	40	48	0	1	1	2	-74	118070	5	1	1596	1478	108,108
1526404780.638515870	153	40	48	0	1	1	2	-74	118071	5	1	1596	1478	108,108
1526404780.650825744	153	40	48	0	1	1	2	-76	118072	5	1	1596	1478	108,108
1526404780.662171897	153	40	48	0	1	1	2	-74	118073	5	1	1596	1478	108,108
1526404780.673927322	153	40	48	0	1	1	2	-73	118074	5	1	1596	1478	108,108
1526404780.685681480	153	40	48	0	1	1	2	-76	118075	5	1	1596	1478	108,108
1526404780.697467402	153	40	48	0	1	1	2	-76	118076	5	1	1596	1478	108,108
1526404780.709224020	153	40	48	0	1	1	2	-73	118077	5	1	1596	1478	108,108
1526404780.721423006	153	40	48	0	1	1	2	-75	118079	5	1	1596	1478	108,108
1526404780.733178097	153	40	48	0	1	1	2	-75	118081	5	1	1596	1478	108,108
1526404780.744964927	153	40	48	0	1	1	2	-76	118082	5	1	1596	1478	108,108
1526404780.756259446	153	40	48	0	1	1	2	-75	118083	5	1	1596	1478	108,108
1526404780.768002258	153	40	48	0	1	1	2	-74	118084	5	1	1596	1478	108,108
1526404780.779783253	153	40	48	0	1	1	2	-76	118085	5	1	1596	1478	108,108
1526404780.791438618	153	40	48	0	1	1	2	-76	118086	5	1	1596	1478	108,108
1526404780.803299897	153	40	48	0	1	1	2	-73	118087	5	1	1596	1478	108,108
1526404780.815062570	153	40	48	0	1	1	2	-73	118088	5	1	1596	1478	108,108
1526404780.826726089	153	40	48	0	1	1	2	-75	118089	5	1	1596	1478	108,108
1526404780.838864208	153	40	48	0	1	1	2	-76	118091	5	1	1596	1478	108,108
1526404780.850616463	153	40	48	0	1	1	2	-76	118092	5	1	1596	1478	108,108
1526404780.861909141	153	40	48	0	1	1	2	-74	118093	5	1	1596	1478	108,108
1526404780.873781986	153	40	48	0	1	1	2	-76	118094	5	1	1596	1478	108,108
1526404780.885458477	153	40	48	0	1	1	2	-73	118095	5	1	1596	1478	108,108
1526404780.897232873	141	40	48	0	1	1	2	-76	118096	6	1	1596	1478	121,5,121,5
1526404780.909140859	153	40	48	0	1	1	2	-73	118097	5	1	1596	1478	108,108
1526404780.921054869	153	40	48	0	1	1	2	-74	118098	5	1	1596	1478	108,108
1526404780.932653502	153	40	48	0	1	1	2	-73	118099	5	1	1596	1478	108,108
1526404780.944393734	153	40	48	0	1	1	2	-74	118100	5	1	1596	1478	108,108
1526404780.956624985	153	40	48	0	1	1	2	-74	118101	5	1	1596	1478	108,108
1526404780.967929001	153	40	48	0	1	1	2	-75	118102	5	1	1596	1478	108,108
1526404780.979701316	153	40	48	0	1	1	2	-75	118103	5	1	1596	1478	108,108
1526404780.991470949	153	40	48	0	1	1	2	-74	118104	5	1	1596	1478	108,108
1526404781.003215490	153	40	48	0	1	1	2	-75	118105	5	1	1596	1478	108,108
1526404781.015323117	153	40	48	0	1	1	2	-74	118106	5	1	1596	1478	108,108
1526404781.026754697	153	40	48	0	1	1	2	-76	118107	5	1	1596	1478	108,108
1526404781.038485783	153	40	48	0	1	1	2	-75	118108	5	1	1596	1478	108,108
1526404781.050256881	153	40	48	0	1	1	2	-75	118109	5	1	1596	1478	108,108
1526404781.062362755	153	40	48	0	1	1	2	-74	118110	5	1	1596	1478	108,108
1526404781.074165777	153	40	48	0	1	1	2	-76	118112	5	1	1596	1478	108,108
1526404781.085531980	153	40	48	0	1	1	2	-73	118113	5	1	1596	1478	108,108
1526404781.097300617	153	40	48	0	1	1	2	-74	118114	5	1	1596	1478	108,108
1526404781.109068748	153	40	48	0	1	1	2	-75	118115	5	1	1596	1478	108,108
1526404781.121224781	153	40	48	0	1	1	2	-76	118117	5	1	1596	1478	108,108
1526404781.132594322	153	40	48	0	1	1	2	-76	118118	5	1	1596	1478	108,108
1526404781.144330454	153	40	48	0	1	1	2	-73	118119	5	1	1596	1478	108,108
1526404781.156100374	153	40	48	0	1	1	2	-74	118120	5	1	1596	1478	108,108
1526404781.168165172	153	40	48	0	1	1	2	-75	118122	5	1	1596	1478	108,108
1526404781.179616376	153	40	48	0	1	1	2	-75	118123	5	1	1596	1478	108,108
1526404781.191373683	153	40	48	0	1	1	2	-76	118124	5	1	1596	1478	108,108
1526404781.203136230	153	40	48	0	1	1	2	-76	118125	5	1	1596	1478	108,108
1526404781.214882134	153	40	48	0	1	1	2	-74	118126	5	1	1596	1478	108,108
1526404781.226657512	153	40	48	0	1	1	2	-74	118127	5	1	1596	1478	108,108
1526404781.238445003	153	40	48	0	1	1	2	-74	118128	5	1	1596	1478	108,108
1526404781.249886800	153	40	48	0	1	1	2	-74	118129	5	1	1596	1478	108,108
1526404781.262242084	153	40	48	0	1	1	2	-75	118130	5	1	1596	1478	108,108
1526404781.273670317	153	40	48	0	1	1	2	-74	118131	5	1	1596	1478	108,108
1526404781.285439922	153	40	48	0	1	1	2	-74	118132	5	1	1596	1478	108,108
1526404781.297242622	153	40	48	0	1	1	2	-76	118133	5	1	1596	1478	108,108
1526404781.308969095	153	40	48	0	1	1	2	-76	118134	5	1	1596	1478	108,108
1526404781.320725713	153	40	48	0	1	1	2	-76	118135	5	1	1596	1478	108,108
1526404781.332403550	153	40	48	0	1	1	2	-74	118136	5	1	1596	1478	108,108
1526404781.344540167	153	40	48	0	1	1	2	-76	118138	5	1	1596	1478	108,108
1526404781.356317561	153	40	48	0	1	1	2	-74	118139	5	1	1596	1478	108,108
1526404781.368097202	153	40	48	0	1	1	2	-75	118141	5	1	1596	1478	108,108
1526404781.379567472	153	40	48	0	1	1	2	-73	118142	5	1	1596	1478	108,108
1526404781.391305247	153	40	48	0	1	1	2	-75	118143	5	1	1596	1478	108,108
1526404781.403058833	153	40	48	0	1	1	2	-74	118144	5	1	1596	1478	108,108
1526404781.415601889	153	40	48	0	1	1	2	-74	118146	5	1	1596	1478	108,108
1526404781.426561316	153	40	48	0	1	1	2	-75	118147	5	1	1596	1478	108,108
1526404781.438245726	153	40	48	0	1	1	2	-75	118148	5	1	1596	1478	108,108
1526404781.450087904	153	40	48	0	1	1	2	-74	118149	5	1	1596	1478	108,108
1526404781.461846160	153	40	48	0	1	1	2	-76	118150	5	1	1596	1478	108,108
1526404781.473559131	153	40	48	0	1	1	2	-74	118151	5	1	1596	1478	108,108
1526404781.485396344	153	40	48	0	1	1	2	-75	118152	5	1	1596	1478	108,108
1526404781.497155938	153	40	48	0	1	1	2	-76	118153	5	1	1596	1478	108,108
1526404781.508894479	153	40	48	0	1	1	2	-74	118154	5	1	1596	1478	108,108
1526404781.521119653	153	40	48	0	1	1	2	-76	118155	5	1	1596	1478	108,108
1526404781.532273336	153	40	48	0	1	1	2	-74	118156	5	1	1596	1478	108,108
1526404781.544393824	153	40	48	0	1	1	2	-74	118158	5	1	1596	1478	108,108
1526404781.556215731	153	40	48	0	1	1	2	-74	118159	5	1	1596	1478	108,108
1526404781.567553392	153	40	48	0	1	1	2	-74	118160	5	1	1596	1478	108,108
1526404781.579318623	153	40	48	0	1	1	2	-74	118161	5	1	1596	1478	108,108
1526404781.591122129	153	40	48	0	1	1	2	-75	118162	5	1	1596	1478	108,108
1526404781.602962774	153	40	48	0	1	1	2	-75	118163	5	1	1596	1478	108,108
1526404781.614737440	153	40	48	0	1	1	2	-76	118164	5	1	1596	1478	108,108
1526404781.626468362	153	40	48	0	1	1	2	-73	118165	5	1	1596	1478	108,108
1526404781.638217313	153	40	48	0	1	1	2	-74	118166	5	1	1596	1478	108,108
1526404781.649946053	153	40	48	0	1	1	2	-76	118167	5	1	1596	1478	108,108
1526404781.661767708	153	40	48	0	1	1	2	-74	118168	5	1	1596	1478	108,108
1526404781.673943129	153	40	48	0	1	1	2	-76	118169	5	1	1596	1478	108,108
1526404781.685288102	153	40	48	0	1	1	2	-74	118171	5	1	1596	1478	108,108
1526404781.697068976	153	40	48	0	1	1	2	-74	118172	5	1	1596	1478	108,108
1526404781.708813999	153	40	48	0	1	1	2	-74	118173	5	1	1596	1478	108,108
1526404781.721862809	153	40	48	0	1	1	2	-75	118177	5	1	1596	1478	108,108
1526404781.732741957	153	40	48	0	1	1	2	-76	118179	5	1	1596	1478	108,108
1526404781.744126557	153	40	48	0	1	1	2	-76	118180	5	1	1596	1478	108,108
1526404781.755863025	153	40	48	0	1	1	2	-74	118181	5	1	1596	1478	108,108
1526404781.767626606	153	40	48	0	1	1	2	-74	118182	5	1	1596	1478	108,108
1526404781.779363118	153	40	48	0	1	1	2	-74	118183	5	1	1596	1478	108,108
1526404781.791145886	153	40	48	0	1	1	2	-75	118184	5	1	1596	1478	108,108
1526404781.802844929	153	40	48	0	1	1	2	-76	118185	5	1	1596	1478	108,108
1526404781.814673607	153	40	48	0	1	1	2	-76	118186	5	1	1596	1478	108,108
1526404781.826403416	153	40	48	0	1	1	2	-74	118187	5	1	1596	1478	108,108
1526404781.838192181	153	40	48	0	1	1	2	-76	118188	5	1	1596	1478	108,108
1526404781.849871110	153	40	48	0	1	1	2	-75	118189	5	1	1596	1478	108,108
1526404781.861612961	153	40	48	0	1	1	2	-73	118190	5	1	1596	1478	108,108
1526404781.873376618	153	40	48	0	1	1	2	-73	118191	5	1	1596	1478	108,108
1526404781.885558452	153	40	48	0	1	1	2	-74	118193	5	1	1596	1478	108,108
1526404781.896971805	153	40	48	0	1	1	2	-75	118194	5	1	1596	1478	108,108
1526404781.909086208	153	40	48	0	1	1	2	-75	118195	5	1	1596	1478	108,108
1526404781.920508143	153	40	48	0	1	1	2	-74	118196	5	1	1596	1478	108,108
1526404781.932158089	153	40	48	0	1	1	2	-74	118197	5	1	1596	1478	108,108
1526404781.944762580	153	40	48	0	1	1	2	-76	118198	5	1	1596	1478	108,108
1526404781.955717842	153	40	48	0	1	1	2	-76	118199	5	1	1596	1478	108,108
1526404781.967526404	153	40	48	0	1	1	2	-74	118200	5	1	1596	1478	108,108
1526404781.979333305	153	40	48	0	1	1	2	-74	118201	5	1	1596	1478	108,108
1526404781.991046362	153	40	48	0	1	1	2	-75	118202	5	1	1596	1478	108,108
1526404782.002783613	153	40	48	0	1	1	2	-73	118203	5	1	1596	1478	108,108
1526404782.015023529	153	40	48	0	1	1	2	-74	118205	5	1	1596	1478	108,108
1526404782.026345608	153	40	48	0	1	1	2	-74	118206	5	1	1596	1478	108,108
1526404782.038450019	153	40	48	0	1	1	2	-74	118207	5	1	1596	1478	108,108
1526404782.050227177	153	40	48	0	1	1	2	-74	118208	5	1	1596	1478	108,108
1526404782.062008402	153	40	48	0	1	1	2	-76	118209	5	1	1596	1478	108,108
1526404782.073390071	153	40	48	0	1	1	2	-75	118210	5	1	1596	1478	108,108
1526404782.085894662	153	40	48	0	1	1	2	-74	118211	5	1	1596	1478	108,108
1526404782.097313757	153	40	48	0	1	1	2	-74	118212	5	1	1596	1478	108,108
1526404782.108644502	153	40	48	0	1	1	2	-74	118213	5	1	1596	1478	108,108
1526404782.120819075	153	40	48	0	1	1	2	-74	118215	5	1	1596	1478	108,108
1526404782.132190405	153	40	48	0	1	1	2	-74	118216	5	1	1596	1478	108,108
1526404782.143927952	153	40	48	0	1	1	2	-75	118217	5	1	1596	1478	108,108
1526404782.155547927	153	40	48	0	1	1	2	-74	118218	5	1	1596	1478	108,108
1526404782.167464457	153	40	48	0	1	1	2	-74	118219	5	1	1596	1478	108,108
1526404782.179229176	153	40	48	0	1	1	2	-74	118220	5	1	1596	1478	108,108
1526404782.190982043	153	40	48	0	1	1	2	-76	118221	5	1	1596	1478	108,108
1526404782.202727067	153	40	48	0	1	1	2	-77	118222	5	1	1596	1478	108,108
1526404782.214933535	153	40	48	0	1	1	2	-76	118224	5	1	1596	1478	108,108
1526404782.226252848	153	40	48	0	1	1	2	-76	118225	5	1	1596	1478	108,108
1526404782.238007930	153	40	48	0	1	1	2	-74	118226	5	1	1596	1478	108,108
1526404782.249788377	153	40	48	0	1	1	2	-77	118227	5	1	1596	1478	108,108
1526404782.262742210	153	40	48	0	1	1	2	-74	118231	5	1	1596	1478	108,108
1526404782.273285572	153	40	48	0	1	1	2	-74	118232	5	1	1596	1478	108,108
1526404782.285061751	153	40	48	0	1	1	2	-77	118233	5	1	1596	1478	108,108
1526404782.296824323	153	40	48	0	1	1	2	-74	118234	5	1	1596	1478	108,108
1526404782.308541372	153	40	48	0	1	1	2	-74	118235	5	1	1596	1478	108,108
1526404782.320320836	153	40	48	0	1	1	2	-75	118236	5	1	1596	1478	108,108
1526404782.332083676	153	40	48	0	1	1	2	-74	118237	5	1	1596	1478	108,108
1526404782.343870234	153	40	48	0	1	1	2	-77	118238	5	1	1596	1478	108,108
1526404782.355644647	153	40	48	0	1	1	2	-74	118239	5	1	1596	1478	108,108
1526404782.367753409	153	40	48	0	1	1	2	-76	118240	5	1	1596	1478	108,108
1526404782.379118243	141	40	48	0	1	1	2	-76	118241	6	1	1596	1478	121,5,121,5
1526404782.392996490	153	40	48	0	1	1	2	-75	118244	5	1	1596	1478	108,108
1526404782.402662481	153	40	48	0	1	1	2	-75	118245	5	1	1596	1478	108,108
1526404782.414292288	153	40	48	0	1	1	2	-76	118246	5	1	1596	1478	108,108
1526404782.427088714	153	40	48	0	1	1	2	-76	118249	5	1	1596	1478	108,108
1526404782.437854114	153	40	48	0	1	1	2	-76	118250	5	1	1596	1478	108,108
1526404782.449589444	153	40	48	0	1	1	2	-74	118251	5	1	1596	1478	108,108
1526404782.461473589	153	40	48	0	1	1	2	-76	118252	5	1	1596	1478	108,108
1526404782.473234651	153	40	48	0	1	1	2	-75	118253	5	1	1596	1478	108,108
1526404782.485892038	153	40	48	0	1	1	2	-74	118255	5	1	1596	1478	108,108
1526404782.496751594	153	40	48	0	1	1	2	-74	118256	5	1	1596	1478	108,108
1526404782.508725729	153	40	48	0	1	1	2	-77	118258	5	1	1596	1478	108,108
1526404782.519983497	153	40	48	0	1	1	2	-74	118259	5	1	1596	1478	108,108
1526404782.531973118	153	40	48	0	1	1	2	-74	118260	5	1	1596	1478	108,108
1526404782.543715986	153	40	48	0	1	1	2	-74	118261	5	1	1596	1478	108,108
1526404782.555992622	153	40	48	0	1	1	2	-75	118263	5	1	1596	1478	108,108
1526404782.567340818	153	40	48	0	1	1	2	-73	118264	5	1	1596	1478	108,108
1526404782.579057148	153	40	48	0	1	1	2	-75	118265	5	1	1596	1478	108,108
1526404782.591175775	153	40	48	0	1	1	2	-75	118267	5	1	1596	1478	108,108
1526404782.602560201	153	40	48	0	1	1	2	-75	118268	5	1	1596	1478	108,108
1526404782.614442175	153	40	48	0	1	1	2	-74	118269	5	1	1596	1478	108,108
1526404782.626096718	153	40	48	0	1	1	2	-76	118270	5	1	1596	1478	108,108
1526404782.637846015	153	40	48	0	1	1	2	-74	118271	5	1	1596	1478	108,108
1526404782.650034469	153	40	48	0	1	1	2	-74	118272	5	1	1596	1478	108,108
1526404782.661575248	153	40	48	0	1	1	2	-74	118273	5	1	1596	1478	108,108
1526404782.673578928	153	40	48	0	1	1	2	-76	118275	5	1	1596	1478	108,108
1526404782.684878152	153	40	48	0	1	1	2	-76	118276	5	1	1596	1478	108,108
1526404782.696671474	153	40	48	0	1	1	2	-73	118277	5	1	1596	1478	108,108
1526404782.708431357	153	40	48	0	1	1	2	-74	118278	5	1	1596	1478	108,108
1526404782.720173908	153	40	48	0	1	1	2	-74	118279	5	1	1596	1478	108,108
1526404782.731895604	153	40	48	0	1	1	2	-74	118280	5	1	1596	1478	108,108
1526404782.743615298	153	40	48	0	1	1	2	-74	118281	5	1	1596	1478	108,108
1526404782.755446556	153	40	48	0	1	1	2	-73	118282	5	1	1596	1478	108,108
1526404782.767260868	153	40	48	0	1	1	2	-76	118283	5	1	1596	1478	108,108
1526404782.779009811	153	40	48	0	1	1	2	-73	118284	5	1	1596	1478	108,108
1526404782.790755951	153	40	48	0	1	1	2	-74	118285	5	1	1596	1478	108,108
1526404782.803218264	153	40	48	0	1	1	2	-76	118286	5	1	1596	1478	108,108
1526404782.815201473	153	40	48	0	1	1	2	-74	118288	5	1	1596	1478	108,108
1526404782.826011298	153	40	48	0	1	1	2	-74	118289	5	1	1596	1478	108,108
1526404782.837670810	153	40	48	0	1	1	2	-75	118290	5	1	1596	1478	108,108
1526404782.849874324	153	40	48	0	1	1	2	-76	118292	5	1	1596	1478	108,108
1526404782.861296852	153	40	48	0	1	1	2	-76	118293	5	1	1596	1478	108,108
1526404782.872989848	153	40	48	0	1	1	2	-76	118294	5	1	1596	1478	108,108
1526404782.884726519	153	40	48	0	1	1	2	-76	118295	5	1	1596	1478	108,108
1526404782.896476418	153	40	48	0	1	1	2	-76	118296	5	1	1596	1478	108,108
1526404782.908248223	153	40	48	0	1	1	2	-76	118297	5	1	1596	1478	108,108
1526404782.920025866	153	40	48	0	1	1	2	-74	118298	5	1	1596	1478	108,108
1526404782.932158377	153	40	48	0	1	1	2	-75	118300	5	1	1596	1478	108,108
1526404782.943924375	153	40	48	0	1	1	2	-76	118301	5	1	1596	1478	108,108
1526404782.955248586	153	40	48	0	1	1	2	-74	118302	5	1	1596	1478	108,108
1526404782.967119912	153	40	48	0	1	1	2	-74	118303	5	1	1596	1478	108,108
1526404782.978925162	153	40	48	0	1	1	2	-76	118304	5	1	1596	1478	108,108
1526404782.990644835	153	40	48	0	1	1	2	-75	118305	5	1	1596	1478	108,108
1526404783.002422384	153	40	48	0	1	1	2	-76	118306	5	1	1596	1478	108,108
1526404783.014186461	153	40	48	0	1	1	2	-76	118307	5	1	1596	1478	108,108
1526404783.025938171	153	40	48	0	1	1	2	-76	118308	5	1	1596	1478	108,108
1526404783.038121113	153	40	48	0	1	1	2	-77	118309	5	1	1596	1478	108,108
1526404783.050374869	153	40	48	0	1	1	2	-76	118311	5	1	1596	1478	108,108
1526404783.062106623	153	40	48	0	1	1	2	-76	118314	5	1	1596	1478	108,108
1526404783.072952804	153	40	48	0	1	1	2	-74	118315	5	1	1596	1478	108,108
1526404783.084728948	153	40	48	0	1	1	2	-74	118316	5	1	1596	1478	108,108
1526404783.096906572	153	40	48	0	1	1	2	-76	118318	5	1	1596	1478	108,108
1526404783.108274709	153	40	48	0	1	1	2	-76	118319	5	1	1596	1478	108,108
1526404783.120020225	153	40	48	0	1	1	2	-77	118321	5	1	1596	1478	108,108
1526404783.132642966	153	40	48	0	1	1	2	-75	118322	5	1	1596	1478	108,108
1526404783.143526575	153	40	48	0	1	1	2	-76	118323	5	1	1596	1478	108,108
1526404783.155756409	153	40	48	0	1	1	2	-76	118324	5	1	1596	1478	108,108
1526404783.167064041	153	40	48	0	1	1	2	-74	118325	5	1	1596	1478	108,108
1526404783.178850663	153	40	48	0	1	1	2	-74	118326	5	1	1596	1478	108,108
1526404783.190591331	153	40	48	0	1	1	2	-74	118327	5	1	1596	1478	108,108
1526404783.202312851	141	40	48	0	1	1	2	-76	118328	6	1	1596	1478	121,5,121,5
1526404783.214557633	153	40	48	0	1	1	2	-75	118329	5	1	1596	1478	108,108
1526404783.225833442	153	40	48	0	1	1	2	-74	118330	5	1	1596	1478	108,108
1526404783.237614638	153	40	48	0	1	1	2	-75	118331	5	1	1596	1478	108,108
1526404783.249381391	153	40	48	0	1	1	2	-76	118332	5	1	1596	1478	108,108
1526404783.261127604	141	40	48	0	1	1	2	-77	118333	6	1	1596	1478	121,5,121,5
1526404783.272904314	153	40	48	0	1	1	2	-76	118334	5	1	1596	1478	108,108
1526404783.284688201	153	40	48	0	1	1	2	-76	118335	5	1	1596	1478	108,108
1526404783.296402920	153	40	48	0	1	1	2	-75	118336	5	1	1596	1478	108,108
1526404783.308191250	153	40	48	0	1	1	2	-76	118337	5	1	1596	1478	108,108
1526404783.319936642	141	40	48	0	1	1	2	-73	118338	6	1	1596	1478	121,5,121,5
1526404783.331492641	153	40	48	0	1	1	2	-74	118339	5	1	1596	1478	108,108
1526404783.343433033	153	40	48	0	1	1	2	-75	118340	5	1	1596	1478	108,108
1526404783.355145950	153	40	48	0	1	1	2	-76	118341	5	1	1596	1478	108,108
1526404783.366967450	153	40	48	0	1	1	2	-73	118342	5	1	1596	1478	108,108
1526404783.379272146	153	40	48	0	1	1	2	-76	118344	5	1	1596	1478	108,108
1526404783.390388995	153	40	48	0	1	1	2	-73	118345	5	1	1596	1478	108,108
1526404783.402270057	153	40	48	0	1	1	2	-74	118346	5	1	1596	1478	108,108
1526404783.413937354	153	40	48	0	1	1	2	-74	118347	5	1	1596	1478	108,108
1526404783.426165884	153	40	48	0	1	1	2	-76	118348	5	1	1596	1478	108,108
1526404783.437723823	153	40	48	0	1	1	2	-76	118350	5	1	1596	1478	108,108
1526404783.449294102	153	40	48	0	1	1	2	-75	118351	5	1	1596	1478	108,108
1526404783.461421851	153	40	48	0	1	1	2	-77	118353	5	1	1596	1478	108,108
1526404783.472826180	153	40	48	0	1	1	2	-74	118354	5	1	1596	1478	108,108
1526404783.484411397	153	40	48	0	1	1	2	-75	118355	5	1	1596	1478	108,108
1526404783.496124780	153	40	48	0	1	1	2	-74	118356	5	1	1596	1478	108,108
1526404783.507980839	153	40	48	0	1	1	2	-74	118357	5	1	1596	1478	108,108
1526404783.519964756	153	40	48	0	1	1	2	-74	118358	5	1	1596	1478	108,108
1526404783.531389165	153	40	48	0	1	1	2	-74	118359	5	1	1596	1478	108,108
1526404783.543687470	153	40	48	0	1	1	2	-74	118360	5	1	1596	1478	108,108
1526404783.554909621	153	40	48	0	1	1	2	-74	118361	5	1	1596	1478	108,108
1526404783.566623186	153	40	48	0	1	1	2	-74	118362	5	1	1596	1478	108,108
1526404783.578972654	153	40	48	0	1	1	2	-75	118364	5	1	1596	1478	108,108
1526404783.590657000	153	40	48	0	1	1	2	-73	118366	5	1	1596	1478	108,108
1526404783.602049994	153	40	48	0	1	1	2	-73	118367	5	1	1596	1478	108,108
1526404783.613804008	153	40	48	0	1	1	2	-76	118368	5	1	1596	1478	108,108
1526404783.625563229	153	40	48	0	1	1	2	-74	118369	5	1	1596	1478	108,108
1526404783.637339524	153	40	48	0	1	1	2	-76	118370	5	1	1596	1478	108,108
1526404783.649069849	153	40	48	0	1	1	2	-76	118371	5	1	1596	1478	108,108
1526404783.660840241	153	40	48	0	1	1	2	-74	118372	5	1	1596	1478	108,108
1526404783.672604719	153	40	48	0	1	1	2	-74	118373	5	1	1596	1478	108,108
1526404783.684371948	153	40	48	0	1	1	2	-73	118374	5	1	1596	1478	108,108
1526404783.696158531	153	40	48	0	1	1	2	-75	118375	5	1	1596	1478	108,108
1526404783.708308891	153	40	48	0	1	1	2	-76	118376	5	1	1596	1478	108,108
1526404783.720034499	153	40	48	0	1	1	2	-75	118378	5	1	1596	1478	108,108
1526404783.731408244	153	40	48	0	1	1	2	-74	118379	5	1	1596	1478	108,108
1526404783.743146414	153	40	48	0	1	1	2	-74	118380	5	1	1596	1478	108,108
1526404783.754922219	153	40	48	0	1	1	2	-74	118381	5	1	1596	1478	108,108
1526404783.766692250	153	40	48	0	1	1	2	-75	118382	5	1	1596	1478	108,108
1526404783.778455590	153	40	48	0	1	1	2	-74	118383	5	1	1596	1478	108,108
1526404783.790220380	153	40	48	0	1	1	2	-75	118384	5	1	1596	1478	108,108
1526404783.801982896	153	40	48	0	1	1	2	-76	118385	5	1	1596	1478	108,108
1526404783.813734265	153	40	48	0	1	1	2	-76	118386	5	1	1596	1478	108,108
1526404783.825489110	153	40	48	0	1	1	2	-73	118387	5	1	1596	1478	108,108
1526404783.837680097	153	40	48	0	1	1	2	-74	118388	5	1	1596	1478	108,108
1526404783.849017469	153	40	48	0	1	1	2	-73	118389	5	1	1596	1478	108,108
1526404783.860764134	153	40	48	0	1	1	2	-76	118390	5	1	1596	1478	108,108
1526404783.872542555	153	40	48	0	1	1	2	-75	118391	5	1	1596	1478	108,108
1526404783.884699452	153	40	48	0	1	1	2	-73	118392	5	1	1596	1478	108,108
1526404783.895989732	153	40	48	0	1	1	2	-74	118393	5	1	1596	1478	108,108
1526404783.907692704	153	40	48	0	1	1	2	-75	118394	5	1	1596	1478	108,108
1526404783.919472740	153	40	48	0	1	1	2	-76	118395	5	1	1596	1478	108,108
1526404783.931631951	153	40	48	0	1	1	2	-75	118397	5	1	1596	1478	108,108
1526404783.943097677	153	40	48	0	1	1	2	-76	118398	5	1	1596	1478	108,108
1526404783.954957651	153	40	48	0	1	1	2	-75	118399	5	1	1596	1478	108,108
1526404783.966710574	153	40	48	0	1	1	2	-76	118400	5	1	1596	1478	108,108
1526404783.978926249	153	40	48	0	1	1	2	-74	118402	5	1	1596	1478	108,108
1526404783.990285941	153	40	48	0	1	1	2	-75	118403	5	1	1596	1478	108,108
1526404784.002047456	153	40	48	0	1	1	2	-76	118404	5	1	1596	1478	108,108
1526404784.013783465	153	40	48	0	1	1	2	-74	118405	5	1	1596	1478	108,108
1526404784.025887795	153	40	48	0	1	1	2	-73	118407	5	1	1596	1478	108,108
1526404784.037238315	153	40	48	0	1	1	2	-74	118408	5	1	1596	1478	108,108
1526404784.049807929	153	40	48	0	1	1	2	-74	118411	5	1	1596	1478	108,108
1526404784.061196816	153	40	48	0	1	1	2	-74	118413	5	1	1596	1478	108,108
1526404784.072588616	153	40	48	0	1	1	2	-73	118414	5	1	1596	1478	108,108
1526404784.084223874	153	40	48	0	1	1	2	-75	118415	5	1	1596	1478	108,108
1526404784.096128352	153	40	48	0	1	1	2	-75	118416	5	1	1596	1478	108,108
1526404784.107853663	153	40	48	0	1	1	2	-76	118417	5	1	1596	1478	108,108
1526404784.119599839	153	40	48	0	1	1	2	-75	118418	5	1	1596	1478	108,108
1526404784.131807955	153	40	48	0	1	1	2	-74	118420	5	1	1596	1478	108,108
1526404784.143125501	153	40	48	0	1	1	2	-73	118421	5	1	1596	1478	108,108
1526404784.154811679	153	40	48	0	1	1	2	-75	118422	5	1	1596	1478	108,108
1526404784.167102102	153	40	48	0	1	1	2	-76	118424	5	1	1596	1478	108,108
1526404784.178414525	153	40	48	0	1	1	2	-74	118425	5	1	1596	1478	108,108
1526404784.190115198	153	40	48	0	1	1	2	-74	118426	5	1	1596	1478	108,108
1526404784.202340984	153	40	48	0	1	1	2	-76	118427	5	1	1596	1478	108,108
1526404784.214490549	153	40	48	0	1	1	2	-74	118429	5	1	1596	1478	108,108
1526404784.225432872	153	40	48	0	1	1	2	-73	118430	5	1	1596	1478	108,108
1526404784.238091015	153	40	48	0	1	1	2	-73	118433	5	1	1596	1478	108,108
1526404784.248969886	153	40	48	0	1	1	2	-76	118434	5	1	1596	1478	108,108
1526404784.261104487	153	40	48	0	1	1	2	-76	118435	5	1	1596	1478	108,108
1526404784.272496188	153	40	48	0	1	1	2	-76	118436	5	1	1596	1478	108,108
1526404784.284251624	153	40	48	0	1	1	2	-76	118437	5	1	1596	1478	108,108
1526404784.296022110	153	40	48	0	1	1	2	-74	118438	5	1	1596	1478	108,108
1526404784.307803353	153	40	48	0	1	1	2	-74	118439	5	1	1596	1478	108,108
1526404784.319537132	153	40	48	0	1	1	2	-73	118440	5	1	1596	1478	108,108
1526404784.331305893	153	40	48	0	1	1	2	-73	118441	5	1	1596	1478	108,108
1526404784.343008977	153	40	48	0	1	1	2	-74	118442	5	1	1596	1478	108,108
1526404784.354819413	153	40	48	0	1	1	2	-74	118443	5	1	1596	1478	108,108
1526404784.366573617	153	40	48	0	1	1	2	-73	118444	5	1	1596	1478	108,108
1526404784.378708493	153	40	48	0	1	1	2	-74	118446	5	1	1596	1478	108,108
1526404784.390568707	153	40	48	0	1	1	2	-76	118448	5	1	1596	1478	108,108
1526404784.402746276	153	40	48	0	1	1	2	-74	118449	5	1	1596	1478	108,108
1526404784.413546906	153	40	48	0	1	1	2	-75	118450	5	1	1596	1478	108,108
1526404784.425371901	153	40	48	0	1	1	2	-74	118451	5	1	1596	1478	108,108
1526404784.437033676	153	40	48	0	1	1	2	-76	118452	5	1	1596	1478	108,108
1526404784.449173690	153	40	48	0	1	1	2	-73	118453	5	1	1596	1478	108,108
1526404784.460429151	153	40	48	0	1	1	2	-75	118454	5	1	1596	1478	108,108
1526404784.472176237	153	40	48	0	1	1	2	-76	118455	5	1	1596	1478	108,108
1526404784.484805386	153	40	48	0	1	1	2	-74	118458	5	1	1596	1478	108,108
1526404784.496079939	153	40	48	0	1	1	2	-74	118460	5	1	1596	1478	108,108
1526404784.507485396	153	40	48	0	1	1	2	-74	118461	5	1	1596	1478	108,108
1526404784.519215971	153	40	48	0	1	1	2	-75	118462	5	1	1596	1478	108,108
1526404784.530928751	153	40	48	0	1	1	2	-73	118463	5	1	1596	1478	108,108
1526404784.543816338	153	40	48	0	1	1	2	-76	118464	5	1	1596	1478	108,108
1526404784.554607844	153	40	48	0	1	1	2	-76	118465	5	1	1596	1478	108,108
1526404784.566483148	153	40	48	0	1	1	2	-76	118466	5	1	1596	1478	108,108
1526404784.578180022	153	40	48	0	1	1	2	-76	118467	5	1	1596	1478	108,108
1526404784.589981511	153	40	48	0	1	1	2	-76	118468	5	1	1596	1478	108,108
1526404784.601669436	153	40	48	0	1	1	2	-74	118469	5	1	1596	1478	108,108
1526404784.613319485	153	40	48	0	1	1	2	-75	118470	5	1	1596	1478	108,108
1526404784.625204486	153	40	48	0	1	1	2	-74	118471	5	1	1596	1478	108,108
1526404784.637380368	153	40	48	0	1	1	2	-77	118473	5	1	1596	1478	108,108
1526404784.648703798	153	40	48	0	1	1	2	-74	118474	5	1	1596	1478	108,108
1526404784.660830413	153	40	48	0	1	1	2	-75	118476	5	1	1596	1478	108,108
1526404784.672616926	153	40	48	0	1	1	2	-76	118477	5	1	1596	1478	108,108
1526404784.683998265	153	40	48	0	1	1	2	-74	118478	5	1	1596	1478	108,108
1526404784.695753129	153	40	48	0	1	1	2	-74	118479	5	1	1596	1478	108,108
1526404784.707504318	153	40	48	0	1	1	2	-75	118480	5	1	1596	1478	108,108
1526404784.719579454	153	40	48	0	1	1	2	-77	118481	5	1	1596	1478	108,108
1526404784.731031810	153	40	48	0	1	1	2	-74	118482	5	1	1596	1478	108,108
1526404784.742881987	153	40	48	0	1	1	2	-77	118483	5	1	1596	1478	108,108
1526404784.754652429	153	40	48	0	1	1	2	-73	118484	5	1	1596	1478	108,108
1526404784.766392650	141	40	48	0	1	1	2	-74	118485	6	1	1596	1478	121,5,121,5
1526404784.778185675	153	40	48	0	1	1	2	-73	118486	5	1	1596	1478	108,108
1526404784.789931619	153	40	48	0	1	1	2	-75	118487	5	1	1596	1478	108,108
1526404784.802175047	153	40	48	0	1	1	2	-75	118489	5	1	1596	1478	108,108
1526404784.813488823	153	40	48	0	1	1	2	-74	118490	5	1	1596	1478	108,108
1526404784.825666544	153	40	48	0	1	1	2	-73	118492	5	1	1596	1478	108,108
1526404784.836956396	153	40	48	0	1	1	2	-75	118493	5	1	1596	1478	108,108
1526404784.848755854	153	40	48	0	1	1	2	-76	118494	5	1	1596	1478	108,108
1526404784.860492974	153	40	48	0	1	1	2	-75	118496	5	1	1596	1478	108,108
1526404784.872642947	153	40	48	0	1	1	2	-75	118498	5	1	1596	1478	108,108
1526404784.884293776	153	40	48	0	1	1	2	-76	118499	5	1	1596	1478	108,108
1526404784.896596684	153	40	48	0	1	1	2	-76	118502	5	1	1596	1478	108,108
1526404784.907484425	153	40	48	0	1	1	2	-74	118503	5	1	1596	1478	108,108
1526404784.919164049	153	40	48	0	1	1	2	-76	118504	5	1	1596	1478	108,108
1526404784.930930772	153	40	48	0	1	1	2	-74	118505	5	1	1596	1478	108,108
1526404784.942759839	153	40	48	0	1	1	2	-74	118506	5	1	1596	1478	108,108
1526404784.954600617	153	40	48	0	1	1	2	-73	118507	5	1	1596	1478	108,108
1526404784.966335353	153	40	48	0	1	1	2	-74	118508	5	1	1596	1478	108,108
1526404784.978069248	153	40	48	0	1	1	2	-74	118509	5	1	1596	1478	108,108
1526404784.990500210	153	40	48	0	1	1	2	-74	118511	5	1	1596	1478	108,108
1526404785.001563767	153	40	48	0	1	1	2	-74	118512	5	1	1596	1478	108,108
1526404785.013654731	153	40	48	0	1	1	2	-74	118513	5	1	1596	1478	108,108
1526404785.025091267	153	40	48	0	1	1	2	-76	118514	5	1	1596	1478	108,108
1526404785.036835467	153	40	48	0	1	1	2	-74	118515	5	1	1596	1478	108,108
1526404785.048599754	153	40	48	0	1	1	2	-74	118516	5	1	1596	1478	108,108
1526404785.060352912	153	40	48	0	1	1	2	-74	118517	5	1	1596	1478	108,108
1526404785.072100087	153	40	48	0	1	1	2	-74	118518	5	1	1596	1478	108,108
1526404785.084295242	153	40	48	0	1	1	2	-75	118519	5	1	1596	1478	108,108
1526404785.095616018	153	40	48	0	1	1	2	-76	118520	5	1	1596	1478	108,108
1526404785.110480304	153	40	48	0	1	1	2	-76	118521	5	1	1596	1478	108,108
1526404785.119211044	153	40	48	0	1	1	2	-74	118522	5	1	1596	1478	108,108
1526404785.130914390	153	40	48	0	1	1	2	-74	118523	5	1	1596	1478	108,108
1526404785.142770157	153	40	48	0	1	1	2	-74	118524	5	1	1596	1478	108,108
1526404785.154921157	153	40	48	0	1	1	2	-73	118525	5	1	1596	1478	108,108
1526404785.166317447	153	40	48	0	1	1	2	-73	118526	5	1	1596	1478	108,108
1526404785.178069502	153	40	48	0	1	1	2	-76	118527	5	1	1596	1478	108,108
1526404785.189844463	153	40	48	0	1	1	2	-74	118528	5	1	1596	1478	108,108
1526404785.201619696	153	40	48	0	1	1	2	-76	118529	5	1	1596	1478	108,108
1526404785.213143928	153	40	48	0	1	1	2	-76	118530	5	1	1596	1478	108,108
1526404785.225436245	153	40	48	0	1	1	2	-74	118531	5	1	1596	1478	108,108
1526404785.236703786	153	40	48	0	1	1	2	-75	118532	5	1	1596	1478	108,108
1526404785.248525886	153	40	48	0	1	1	2	-75	118533	5	1	1596	1478	108,108
1526404785.260625334	153	40	48	0	1	1	2	-75	118534	5	1	1596	1478	108,108
1526404785.272070744	153	40	48	0	1	1	2	-74	118535	5	1	1596	1478	108,108
1526404785.283833344	153	40	48	0	1	1	2	-74	118536	5	1	1596	1478	108,108
1526404785.295567863	153	40	48	0	1	1	2	-76	118537	5	1	1596	1478	108,108
1526404785.307374847	153	40	48	0	1	1	2	-74	118538	5	1	1596	1478	108,108
1526404785.319050762	141	40	48	0	1	1	2	-73	118539	6	1	1596	1478	121,5,121,5
1526404785.333053747	153	40	48	0	1	1	2	-74	118543	5	1	1596	1478	108,108
1526404785.342649424	153	40	48	0	1	1	2	-76	118544	5	1	1596	1478	108,108
1526404785.354416956	153	40	48	0	1	1	2	-76	118545	5	1	1596	1478	108,108
1526404785.366177045	153	40	48	0	1	1	2	-75	118546	5	1	1596	1478	108,108
1526404785.377957949	153	40	48	0	1	1	2	-74	118547	5	1	1596	1478	108,108
1526404785.389686968	153	40	48	0	1	1	2	-73	118548	5	1	1596	1478	108,108
1526404785.401458420	153	40	48	0	1	1	2	-74	118549	5	1	1596	1478	108,108
1526404785.413107379	153	40	48	0	1	1	2	-76	118550	5	1	1596	1478	108,108
1526404785.426366457	153	40	48	0	1	1	2	-74	118551	5	1	1596	1478	108,108
1526404785.436526654	153	40	48	0	1	1	2	-76	118552	5	1	1596	1478	108,108
1526404785.448384982	153	40	48	0	1	1	2	-73	118553	5	1	1596	1478	108,108
1526404785.460126807	153	40	48	0	1	1	2	-75	118554	5	1	1596	1478	108,108
1526404785.471962900	153	40	48	0	1	1	2	-75	118555	5	1	1596	1478	108,108
1526404785.483768296	153	40	48	0	1	1	2	-75	118556	5	1	1596	1478	108,108
1526404785.495924672	153	40	48	0	1	1	2	-73	118557	5	1	1596	1478	108,108
1526404785.507305115	153	40	48	0	1	1	2	-74	118558	5	1	1596	1478	108,108
1526404785.519051756	153	40	48	0	1	1	2	-74	118559	5	1	1596	1478	108,108
1526404785.530746737	153	40	48	0	1	1	2	-73	118560	5	1	1596	1478	108,108
1526404785.542413226	153	40	48	0	1	1	2	-75	118561	5	1	1596	1478	108,108
1526404785.554222150	153	40	48	0	1	1	2	-74	118562	5	1	1596	1478	108,108
1526404785.565961814	153	40	48	0	1	1	2	-74	118563	5	1	1596	1478	108,108
1526404785.577788259	153	40	48	0	1	1	2	-74	118564	5	1	1596	1478	108,108
1526404785.590037729	153	40	48	0	1	1	2	-74	118565	5	1	1596	1478	108,108
1526404785.601351355	153	40	48	0	1	1	2	-74	118566	5	1	1596	1478	108,108
1526404785.613108874	153	40	48	0	1	1	2	-74	118567	5	1	1596	1478	108,108
1526404785.624886707	153	40	48	0	1	1	2	-75	118568	5	1	1596	1478	108,108
1526404785.636685418	153	40	48	0	1	1	2	-73	118569	5	1	1596	1478	108,108
1526404785.648650504	153	40	48	0	1	1	2	-74	118570	5	1	1596	1478	108,108
1526404785.660099295	153	40	48	0	1	1	2	-74	118571	5	1	1596	1478	108,108
1526404785.671947365	153	40	48	0	1	1	2	-74	118572	5	1	1596	1478	108,108
1526404785.683699746	153	40	48	0	1	1	2	-76	118573	5	1	1596	1478	108,108
1526404785.695445416	153	40	48	0	1	1	2	-74	118574	5	1	1596	1478	108,108
1526404785.707207660	153	40	48	0	1	1	2	-75	118575	5	1	1596	1478	108,108
1526404785.718981564	153	40	48	0	1	1	2	-76	118576	5	1	1596	1478	108,108
1526404785.730663969	153	40	48	0	1	1	2	-76	118577	5	1	1596	1478	108,108
1526404785.742452999	153	40	48	0	1	1	2	-77	118578	5	1	1596	1478	108,108
1526404785.754667453	153	40	48	0	1	1	2	-74	118580	5	1	1596	1478	108,108
1526404785.766040940	153	40	48	0	1	1	2	-73	118581	5	1	1596	1478	108,108
1526404785.777792000	153	40	48	0	1	1	2	-76	118582	5	1	1596	1478	108,108
1526404785.789538043	153	40	48	0	1	1	2	-74	118583	5	1	1596	1478	108,108
1526404785.801303603	153	40	48	0	1	1	2	-74	118584	5	1	1596	1478	108,108
1526404785.813261531	153	40	48	0	1	1	2	-76	118585	5	1	1596	1478	108,108
1526404785.824811627	153	40	48	0	1	1	2	-74	118586	5	1	1596	1478	108,108
1526404785.836591093	153	40	48	0	1	1	2	-74	118587	5	1	1596	1478	108,108
1526404785.848748796	153	40	48	0	1	1	2	-73	118588	5	1	1596	1478	108,108
1526404785.860880261	153	40	48	0	1	1	2	-74	118591	5	1	1596	1478	108,108
1526404785.871871898	153	40	48	0	1	1	2	-75	118592	5	1	1596	1478	108,108
1526404785.883643769	153	40	48	0	1	1	2	-76	118593	5	1	1596	1478	108,108
1526404785.895836679	153	40	48	0	1	1	2	-74	118595	5	1	1596	1478	108,108
1526404785.907507164	153	40	48	0	1	1	2	-74	118596	5	1	1596	1478	108,108
1526404785.918831628	153	40	48	0	1	1	2	-75	118597	5	1	1596	1478	108,108
1526404785.930642992	153	40	48	0	1	1	2	-76	118598	5	1	1596	1478	108,108
1526404785.942376014	153	40	48	0	1	1	2	-76	118599	5	1	1596	1478	108,108
1526404785.954462023	153	40	48	0	1	1	2	-76	118601	5	1	1596	1478	108,108
1526404785.965835701	153	40	48	0	1	1	2	-74	118602	5	1	1596	1478	108,108
1526404785.977693054	153	40	48	0	1	1	2	-74	118603	5	1	1596	1478	108,108
1526404785.989372936	153	40	48	0	1	1	2	-74	118604	5	1	1596	1478	108,108
1526404786.001160160	153	40	48	0	1	1	2	-74	118605	5	1	1596	1478	108,108
1526404786.012985996	153	40	48	0	1	1	2	-74	118606	5	1	1596	1478	108,108
1526404786.025159582	153	40	48	0	1	1	2	-76	118608	5	1	1596	1478	108,108
1526404786.036763061	153	40	48	0	1	1	2	-74	118610	5	1	1596	1478	108,108
1526404786.048151201	153	40	48	0	1	1	2	-74	118611	5	1	1596	1478	108,108
1526404786.059997456	153	40	48	0	1	1	2	-74	118612	5	1	1596	1478	108,108
1526404786.071769054	153	40	48	0	1	1	2	-76	118613	5	1	1596	1478	108,108
1526404786.083929078	153	40	48	0	1	1	2	-76	118615	5	1	1596	1478	108,108
1526404786.095303537	153	40	48	0	1	1	2	-74	118616	5	1	1596	1478	108,108
1526404786.106988019	153	40	48	0	1	1	2	-75	118617	5	1	1596	1478	108,108
1526404786.119196337	153	40	48	0	1	1	2	-77	118618	5	1	1596	1478	108,108
1526404786.130444556	153	40	48	0	1	1	2	-74	118619	5	1	1596	1478	108,108
1526404786.142207879	153	40	48	0	1	1	2	-76	118620	5	1	1596	1478	108,108
1526404786.154087208	153	40	48	0	1	1	2	-75	118621	5	1	1596	1478	108,108
1526404786.165763035	153	40	48	0	1	1	2	-74	118622	5	1	1596	1478	108,108
1526404786.178055872	153	40	48	0	1	1	2	-77	118624	5	1	1596	1478	108,108
1526404786.189365596	153	40	48	0	1	1	2	-77	118625	5	1	1596	1478	108,108
1526404786.201980053	153	40	48	0	1	1	2	-74	118627	5	1	1596	1478	108,108
1526404786.214182183	153	40	48	0	1	1	2	-74	118629	5	1	1596	1478	108,108
1526404786.224652490	153	40	48	0	1	1	2	-77	118630	5	1	1596	1478	108,108
1526404786.236440393	153	40	48	0	1	1	2	-76	118631	5	1	1596	1478	108,108
1526404786.248201330	153	40	48	0	1	1	2	-74	118632	5	1	1596	1478	108,108
1526404786.259926223	153	40	48	0	1	1	2	-75	118633	5	1	1596	1478	108,108
1526404786.271701527	153	40	48	0	1	1	2	-75	118634	5	1	1596	1478	108,108
1526404786.283434674	141	40	48	0	1	1	2	-75	118635	6	1	1596	1478	121,5,121,5
1526404786.295147584	153	40	48	0	1	1	2	-74	118636	5	1	1596	1478	108,108
1526404786.306965148	153	40	48	0	1	1	2	-74	118637	5	1	1596	1478	108,108
1526404786.318744696	153	40	48	0	1	1	2	-74	118638	5	1	1596	1478	108,108
1526404786.330480166	153	40	48	0	1	1	2	-76	118639	5	1	1596	1478	108,108
1526404786.342418722	141	40	48	0	1	1	2	-76	118640	6	1	1596	1478	121,5,121,5
1526404786.354032817	153	40	48	0	1	1	2	-76	118641	5	1	1596	1478	108,108
1526404786.365776421	153	40	48	0	1	1	2	-74	118642	5	1	1596	1478	108,108
1526404786.377542008	153	40	48	0	1	1	2	-75	118643	5	1	1596	1478	108,108
1526404786.389140336	153	40	48	0	1	1	2	-73	118644	5	1	1596	1478	108,108
1526404786.401287897	153	40	48	0	1	1	2	-75	118645	5	1	1596	1478	108,108
1526404786.412616449	153	40	48	0	1	1	2	-74	118646	5	1	1596	1478	108,108
1526404786.424447068	153	40	48	0	1	1	2	-74	118647	5	1	1596	1478	108,108
1526404786.436205082	153	40	48	0	1	1	2	-75	118648	5	1	1596	1478	108,108
1526404786.448729872	153	40	48	0	1	1	2	-74	118649	5	1	1596	1478	108,108
1526404786.459614895	153	40	48	0	1	1	2	-73	118650	5	1	1596	1478	108,108
1526404786.471482199	153	40	48	0	1	1	2	-74	118651	5	1	1596	1478	108,108
1526404786.483249791	153	40	48	0	1	1	2	-74	118652	5	1	1596	1478	108,108
1526404786.494982381	153	40	48	0	1	1	2	-74	118653	5	1	1596	1478	108,108
1526404786.506759297	153	40	48	0	1	1	2	-76	118654	5	1	1596	1478	108,108
1526404786.518515063	153	40	48	0	1	1	2	-74	118655	5	1	1596	1478	108,108
1526404786.530063055	153	40	48	0	1	1	2	-74	118656	5	1	1596	1478	108,108
1526404786.541956121	153	40	48	0	1	1	2	-76	118657	5	1	1596	1478	108,108
1526404786.553723460	153	40	48	0	1	1	2	-76	118658	5	1	1596	1478	108,108
1526404786.566320027	153	40	48	0	1	1	2	-74	118660	5	1	1596	1478	108,108
1526404786.577332162	153	40	48	0	1	1	2	-74	118661	5	1	1596	1478	108,108
1526404786.589081016	153	40	48	0	1	1	2	-74	118662	5	1	1596	1478	108,108
1526404786.600831337	153	40	48	0	1	1	2	-74	118663	5	1	1596	1478	108,108
1526404786.612599318	153	40	48	0	1	1	2	-74	118664	5	1	1596	1478	108,108
1526404786.624369017	153	40	48	0	1	1	2	-76	118665	5	1	1596	1478	108,108
1526404786.636121922	153	40	48	0	1	1	2	-75	118666	5	1	1596	1478	108,108
1526404786.647889754	153	40	48	0	1	1	2	-76	118667	5	1	1596	1478	108,108
1526404786.659662966	153	40	48	0	1	1	2	-75	118668	5	1	1596	1478	108,108
1526404786.671399383	153	40	48	0	1	1	2	-74	118669	5	1	1596	1478	108,108
1526404786.683163281	153	40	48	0	1	1	2	-74	118670	5	1	1596	1478	108,108
1526404786.694833872	153	40	48	0	1	1	2	-73	118671	5	1	1596	1478	108,108
1526404786.706689289	153	40	48	0	1	1	2	-74	118672	5	1	1596	1478	108,108
1526404786.718449712	153	40	48	0	1	1	2	-76	118673	5	1	1596	1478	108,108
1526404786.730184654	141	40	48	0	1	1	2	-74	118674	6	1	1596	1478	121,5,121,5
1526404786.741961979	153	40	48	0	1	1	2	-74	118675	5	1	1596	1478	108,108
1526404786.753719041	153	40	48	0	1	1	2	-75	118676	5	1	1596	1478	108,108
1526404786.765507526	153	40	48	0	1	1	2	-73	118677	5	1	1596	1478	108,108
1526404786.777267908	153	40	48	0	1	1	2	-75	118678	5	1	1596	1478	108,108
1526404786.789447392	153	40	48	0	1	1	2	-74	118680	5	1	1596	1478	108,108
1526404786.800778841	153	40	48	0	1	1	2	-76	118681	5	1	1596	1478	108,108
1526404786.812517674	153	40	48	0	1	1	2	-74	118682	5	1	1596	1478	108,108
1526404786.824286164	153	40	48	0	1	1	2	-74	118684	5	1	1596	1478	108,108
1526404786.836031166	153	40	48	0	1	1	2	-74	118685	5	1	1596	1478	108,108
1526404786.847801235	153	40	48	0	1	1	2	-76	118686	5	1	1596	1478	108,108
1526404786.860656123	153	40	48	0	1	1	2	-76	118688	5	1	1596	1478	108,108
1526404786.871334093	153	40	48	0	1	1	2	-74	118689	5	1	1596	1478	108,108
1526404786.883091545	153	40	48	0	1	1	2	-73	118690	5	1	1596	1478	108,108
1526404786.894861757	153	40	48	0	1	1	2	-73	118691	5	1	1596	1478	108,108
1526404786.907093008	153	40	48	0	1	1	2	-73	118693	5	1	1596	1478	108,108
1526404786.918478328	153	40	48	0	1	1	2	-75	118694	5	1	1596	1478	108,108
1526404786.930708527	153	40	48	0	1	1	2	-74	118696	5	1	1596	1478	108,108
1526404786.942004158	153	40	48	0	1	1	2	-73	118697	5	1	1596	1478	108,108
1526404786.954206072	153	40	48	0	1	1	2	-74	118698	5	1	1596	1478	108,108
1526404786.965563825	153	40	48	0	1	1	2	-74	118699	5	1	1596	1478	108,108
1526404786.977191032	153	40	48	0	1	1	2	-73	118700	5	1	1596	1478	108,108
1526404786.988870801	153	40	48	0	1	1	2	-75	118701	5	1	1596	1478	108,108
1526404787.001615347	153	40	48	0	1	1	2	-74	118703	5	1	1596	1478	108,108
1526404787.012565895	153	40	48	0	1	1	2	-75	118704	5	1	1596	1478	108,108
1526404787.024296507	153	40	48	0	1	1	2	-75	118705	5	1	1596	1478	108,108
1526404787.036049238	153	40	48	0	1	1	2	-75	118706	5	1	1596	1478	108,108
1526404787.047709049	153	40	48	0	1	1	2	-73	118707	5	1	1596	1478	108,108
1526404787.059549795	153	40	48	0	1	1	2	-73	118708	5	1	1596	1478	108,108
1526404787.071406327	153	40	48	0	1	1	2	-75	118709	5	1	1596	1478	108,108
1526404787.083132971	153	40	48	0	1	1	2	-75	118710	5	1	1596	1478	108,108
1526404787.094898291	153	40	48	0	1	1	2	-74	118711	5	1	1596	1478	108,108
1526404787.106655874	153	40	48	0	1	1	2	-75	118712	5	1	1596	1478	108,108
1526404787.118746821	153	40	48	0	1	1	2	-76	118713	5	1	1596	1478	108,108
1526404787.130167768	153	40	48	0	1	1	2	-73	118714	5	1	1596	1478	108,108
1526404787.141930644	153	40	48	0	1	1	2	-76	118715	5	1	1596	1478	108,108
1526404787.154043555	153	40	48	0	1	1	2	-75	118717	5	1	1596	1478	108,108
1526404787.165454357	153	40	48	0	1	1	2	-74	118718	5	1	1596	1478	108,108
1526404787.177226908	153	40	48	0	1	1	2	-74	118719	5	1	1596	1478	108,108
1526404787.188923963	153	40	48	0	1	1	2	-74	118720	5	1	1596	1478	108,108
1526404787.200733615	153	40	48	0	1	1	2	-75	118721	5	1	1596	1478	108,108
1526404787.212950517	153	40	48	0	1	1	2	-76	118723	5	1	1596	1478	108,108
1526404787.224258083	153	40	48	0	1	1	2	-75	118724	5	1	1596	1478	108,108
1526404787.235916204	153	40	48	0	1	1	2	-74	118725	5	1	1596	1478	108,108
1526404787.247790949	153	40	48	0	1	1	2	-76	118726	5	1	1596	1478	108,108
1526404787.259535275	153	40	48	0	1	1	2	-74	118727	5	1	1596	1478	108,108
1526404787.271678457	153	40	48	0	1	1	2	-73	118728	5	1	1596	1478	108,108
1526404787.283060192	153	40	48	0	1	1	2	-75	118729	5	1	1596	1478	108,108
1526404787.294819129	153	40	48	0	1	1	2	-75	118730	5	1	1596	1478	108,108
1526404787.306574528	153	40	48	0	1	1	2	-75	118731	5	1	1596	1478	108,108
1526404787.318887496	153	40	48	0	1	1	2	-74	118732	5	1	1596	1478	108,108
1526404787.329934619	153	40	48	0	1	1	2	-75	118733	5	1	1596	1478	108,108
1526404787.342219829	153	40	48	0	1	1	2	-73	118735	5	1	1596	1478	108,108
1526404787.353611684	153	40	48	0	1	1	2	-73	118736	5	1	1596	1478	108,108
1526404787.365200654	153	40	48	0	1	1	2	-74	118737	5	1	1596	1478	108,108
1526404787.376977745	153	40	48	0	1	1	2	-74	118738	5	1	1596	1478	108,108
1526404787.388681968	153	40	48	0	1	1	2	-74	118739	5	1	1596	1478	108,108
1526404787.400438594	153	40	48	0	1	1	2	-74	118740	5	1	1596	1478	108,108
1526404787.412192975	153	40	48	0	1	1	2	-76	118741	5	1	1596	1478	108,108
1526404787.423927925	153	40	48	0	1	1	2	-74	118742	5	1	1596	1478	108,108
1526404787.436117016	153	40	48	0	1	1	2	-76	118744	5	1	1596	1478	108,108
1526404787.447990987	153	40	48	0	1	1	2	-74	118746	5	1	1596	1478	108,108
1526404787.459255614	153	40	48	0	1	1	2	-73	118747	5	1	1596	1478	108,108
1526404787.471097552	153	40	48	0	1	1	2	-74	118748	5	1	1596	1478	108,108
1526404787.483157078	153	40	48	0	1	1	2	-73	118749	5	1	1596	1478	108,108
1526404787.494391169	153	40	48	0	1	1	2	-75	118750	5	1	1596	1478	108,108
1526404787.506337044	153	40	48	0	1	1	2	-74	118751	5	1	1596	1478	108,108
1526404787.518123382	153	40	48	0	1	1	2	-74	118752	5	1	1596	1478	108,108
1526404787.529766198	153	40	48	0	1	1	2	-76	118753	5	1	1596	1478	108,108
1526404787.541541548	153	40	48	0	1	1	2	-76	118754	5	1	1596	1478	108,108
1526404787.553500628	153	40	48	0	1	1	2	-74	118755	5	1	1596	1478	108,108
1526404787.565275431	153	40	48	0	1	1	2	-76	118756	5	1	1596	1478	108,108
1526404787.577533549	153	40	48	0	1	1	2	-73	118758	5	1	1596	1478	108,108
1526404787.588807490	153	40	48	0	1	1	2	-73	118759	5	1	1596	1478	108,108
1526404787.601406172	153	40	48	0	1	1	2	-76	118762	5	1	1596	1478	108,108
1526404787.612337475	153	40	48	0	1	1	2	-76	118763	5	1	1596	1478	108,108
1526404787.624091521	153	40	48	0	1	1	2	-75	118764	5	1	1596	1478	108,108
1526404787.635782019	153	40	48	0	1	1	2	-74	118765	5	1	1596	1478	108,108
1526404787.648089907	153	40	48	0	1	1	2	-75	118766	5	1	1596	1478	108,108
1526404787.659371269	153	40	48	0	1	1	2	-76	118767	5	1	1596	1478	108,108
1526404787.671135828	153	40	48	0	1	1	2	-74	118768	5	1	1596	1478	108,108
1526404787.682900991	153	40	48	0	1	1	2	-76	118769	5	1	1596	1478	108,108
1526404787.695042560	153	40	48	0	1	1	2	-75	118770	5	1	1596	1478	108,108
1526404787.706417868	153	40	48	0	1	1	2	-75	118771	5	1	1596	1478	108,108
1526404787.718403006	153	40	48	0	1	1	2	-75	118772	5	1	1596	1478	108,108
1526404787.729780514	153	40	48	0	1	1	2	-73	118773	5	1	1596	1478	108,108
1526404787.741691553	153	40	48	0	1	1	2	-76	118774	5	1	1596	1478	108,108
1526404787.753793404	153	40	48	0	1	1	2	-74	118775	5	1	1596	1478	108,108
1526404787.765221420	153	40	48	0	1	1	2	-74	118776	5	1	1596	1478	108,108
1526404787.776974369	153	40	48	0	1	1	2	-75	118777	5	1	1596	1478	108,108
1526404787.789097510	153	40	48	0	1	1	2	-74	118779	5	1	1596	1478	108,108
1526404787.800500505	153	40	48	0	1	1	2	-73	118780	5	1	1596	1478	108,108
1526404787.812701420	153	40	48	0	1	1	2	-76	118781	5	1	1596	1478	108,108
1526404787.824417599	153	40	48	0	1	1	2	-75	118783	5	1	1596	1478	108,108
1526404787.836204965	153	40	48	0	1	1	2	-75	118785	5	1	1596	1478	108,108
1526404787.847562085	153	40	48	0	1	1	2	-76	118786	5	1	1596	1478	108,108
1526404787.859308173	153	40	48	0	1	1	2	-76	118787	5	1	1596	1478	108,108
1526404787.871242698	153	40	48	0	1	1	2	-74	118789	5	1	1596	1478	108,108
1526404787.882698601	153	40	48	0	1	1	2	-74	118790	5	1	1596	1478	108,108
1526404787.883284327	153	40	48	0	1	1	2	-76	118791	5	1	1596	1478	108,108
1526404787.894441972	153	40	48	0	1	1	2	-73	118792	5	1	1596	1478	108,108
1526404787.906207870	153	40	48	0	1	1	2	-76	118793	5	1	1596	1478	108,108
1526404787.917967760	153	40	48	0	1	1	2	-76	118794	5	1	1596	1478	108,108
1526404787.929726326	153	40	48	0	1	1	2	-74	118795	5	1	1596	1478	108,108
1526404787.941609974	153	40	48	0	1	1	2	-74	118796	5	1	1596	1478	108,108
1526404787.953306096	153	40	48	0	1	1	2	-74	118797	5	1	1596	1478	108,108
1526404787.965142851	153	40	48	0	1	1	2	-76	118798	5	1	1596	1478	108,108
1526404787.977311864	153	40	48	0	1	1	2	-74	118799	5	1	1596	1478	108,108
1526404787.988627342	153	40	48	0	1	1	2	-74	118800	5	1	1596	1478	108,108
1526404788.000341806	153	40	48	0	1	1	2	-75	118801	5	1	1596	1478	108,108
1526404788.012177160	153	40	48	0	1	1	2	-74	118802	5	1	1596	1478	108,108
1526404788.023877661	153	40	48	0	1	1	2	-76	118803	5	1	1596	1478	108,108
1526404788.035491459	153	40	48	0	1	1	2	-74	118804	5	1	1596	1478	108,108
1526404788.047918050	153	40	48	0	1	1	2	-76	118806	5	1	1596	1478	108,108
1526404788.059219239	153	40	48	0	1	1	2	-74	118807	5	1	1596	1478	108,108
1526404788.070964160	153	40	48	0	1	1	2	-74	118808	5	1	1596	1478	108,108
1526404788.082732372	153	40	48	0	1	1	2	-74	118809	5	1	1596	1478	108,108
1526404788.094409732	153	40	48	0	1	1	2	-74	118810	5	1	1596	1478	108,108
1526404788.107078656	153	40	48	0	1	1	2	-76	118812	5	1	1596	1478	108,108
1526404788.118008261	153	40	48	0	1	1	2	-74	118813	5	1	1596	1478	108,108
1526404788.129768956	153	40	48	0	1	1	2	-74	118814	5	1	1596	1478	108,108
1526404788.141464875	153	40	48	0	1	1	2	-74	118815	5	1	1596	1478	108,108
1526404788.153296049	153	40	48	0	1	1	2	-76	118816	5	1	1596	1478	108,108
1526404788.165433435	153	40	48	0	1	1	2	-75	118818	5	1	1596	1478	108,108
1526404788.176799329	153	40	48	0	1	1	2	-74	118819	5	1	1596	1478	108,108
1526404788.188569251	153	40	48	0	1	1	2	-74	118820	5	1	1596	1478	108,108
1526404788.200781259	153	40	48	0	1	1	2	-76	118822	5	1	1596	1478	108,108
1526404788.212483541	153	40	48	0	1	1	2	-76	118824	5	1	1596	1478	108,108
1526404788.223869175	153	40	48	0	1	1	2	-76	118825	5	1	1596	1478	108,108
1526404788.235609211	153	40	48	0	1	1	2	-74	118826	5	1	1596	1478	108,108
1526404788.247385923	153	40	48	0	1	1	2	-76	118827	5	1	1596	1478	108,108
1526404788.259145693	153	40	48	0	1	1	2	-74	118828	5	1	1596	1478	108,108
1526404788.270890093	153	40	48	0	1	1	2	-77	118829	5	1	1596	1478	108,108
1526404788.282648711	153	40	48	0	1	1	2	-75	118830	5	1	1596	1478	108,108
1526404788.310557662	153	40	48	0	1	1	2	-74	118831	5	1	1596	1478	108,108
1526404788.311090132	153	40	48	0	1	1	2	-74	118832	5	1	1596	1478	108,108
1526404788.317976781	153	40	48	0	1	1	2	-74	118833	5	1	1596	1478	108,108
1526404788.329703438	153	40	48	0	1	1	2	-75	118834	5	1	1596	1478	108,108
1526404788.341290731	153	40	48	0	1	1	2	-74	118835	5	1	1596	1478	108,108
1526404788.354413662	153	40	48	0	1	1	2	-74	118837	5	1	1596	1478	108,108
1526404788.365244410	153	40	48	0	1	1	2	-73	118839	5	1	1596	1478	108,108
1526404788.376646264	153	40	48	0	1	1	2	-75	118840	5	1	1596	1478	108,108
1526404788.388387219	153	40	48	0	1	1	2	-74	118841	5	1	1596	1478	108,108
1526404788.400180516	153	40	48	0	1	1	2	-73	118842	5	1	1596	1478	108,108
1526404788.411931757	153	40	48	0	1	1	2	-74	118843	5	1	1596	1478	108,108
1526404788.423672883	153	40	48	0	1	1	2	-76	118844	5	1	1596	1478	108,108
1526404788.435443800	153	40	48	0	1	1	2	-74	118845	5	1	1596	1478	108,108
1526404788.447230511	153	40	48	0	1	1	2	-76	118846	5	1	1596	1478	108,108
1526404788.458969360	153	40	48	0	1	1	2	-76	118847	5	1	1596	1478	108,108
1526404788.470775264	153	40	48	0	1	1	2	-74	118848	5	1	1596	1478	108,108
1526404788.483033173	153	40	48	0	1	1	2	-76	118850	5	1	1596	1478	108,108
1526404788.494332900	153	40	48	0	1	1	2	-74	118851	5	1	1596	1478	108,108
1526404788.505987743	153	40	48	0	1	1	2	-74	118852	5	1	1596	1478	108,108
1526404788.517754228	141	40	48	0	1	1	2	-73	118853	6	1	1596	1478	121,5,121,5
1526404788.529460458	153	40	48	0	1	1	2	-75	118854	5	1	1596	1478	108,108
1526404788.541242787	153	40	48	0	1	1	2	-74	118855	5	1	1596	1478	108,108
1526404788.553127275	153	40	48	0	1	1	2	-75	118856	5	1	1596	1478	108,108
1526404788.564805026	153	40	48	0	1	1	2	-75	118857	5	1	1596	1478	108,108
1526404788.577068148	153	40	48	0	1	1	2	-74	118859	5	1	1596	1478	108,108
1526404788.588415097	153	40	48	0	1	1	2	-76	118860	5	1	1596	1478	108,108
1526404788.600321517	153	40	48	0	1	1	2	-73	118861	5	1	1596	1478	108,108
1526404788.611812676	153	40	48	0	1	1	2	-76	118862	5	1	1596	1478	108,108
1526404788.624035490	153	40	48	0	1	1	2	-73	118863	5	1	1596	1478	108,108
1526404788.635763868	153	40	48	0	1	1	2	-76	118865	5	1	1596	1478	108,108
1526404788.647232017	153	40	48	0	1	1	2	-74	118866	5	1	1596	1478	108,108
1526404788.658989559	153	40	48	0	1	1	2	-74	118867	5	1	1596	1478	108,108
1526404788.670742803	153	40	48	0	1	1	2	-75	118868	5	1	1596	1478	108,108
1526404788.682487915	153	40	48	0	1	1	2	-74	118869	5	1	1596	1478	108,108
1526404788.694255884	153	40	48	0	1	1	2	-73	118870	5	1	1596	1478	108,108
1526404788.706358808	153	40	48	0	1	1	2	-74	118872	5	1	1596	1478	108,108
1526404788.717777396	153	40	48	0	1	1	2	-75	118873	5	1	1596	1478	108,108
1526404788.729530241	153	40	48	0	1	1	2	-75	118874	5	1	1596	1478	108,108
1526404788.742371502	153	40	48	0	1	1	2	-76	118876	5	1	1596	1478	108,108
1526404788.752914866	153	40	48	0	1	1	2	-76	118877	5	1	1596	1478	108,108
1526404788.764679216	153	40	48	0	1	1	2	-74	118878	5	1	1596	1478	108,108
1526404788.776500086	153	40	48	0	1	1	2	-75	118879	5	1	1596	1478	108,108
1526404788.788260288	153	40	48	0	1	1	2	-74	118880	5	1	1596	1478	108,108
1526404788.800077684	153	40	48	0	1	1	2	-75	118881	5	1	1596	1478	108,108
1526404788.811879333	153	40	48	0	1	1	2	-73	118882	5	1	1596	1478	108,108
1526404788.823558084	153	40	48	0	1	1	2	-75	118883	5	1	1596	1478	108,108
1526404788.835384609	153	40	48	0	1	1	2	-74	118884	5	1	1596	1478	108,108
1526404788.847116549	153	40	48	0	1	1	2	-74	118885	5	1	1596	1478	108,108
1526404788.858871357	153	40	48	0	1	1	2	-76	118886	5	1	1596	1478	108,108
1526404788.870649576	153	40	48	0	1	1	2	-75	118887	5	1	1596	1478	108,108
1526404788.882419413	153	40	48	0	1	1	2	-74	118888	5	1	1596	1478	108,108
1526404788.894097158	153	40	48	0	1	1	2	-75	118889	5	1	1596	1478	108,108
1526404788.906269058	153	40	48	0	1	1	2	-74	118890	5	1	1596	1478	108,108
1526404788.917694420	153	40	48	0	1	1	2	-74	118891	5	1	1596	1478	108,108
1526404788.929403456	153	40	48	0	1	1	2	-74	118892	5	1	1596	1478	108,108
1526404788.941217966	153	40	48	0	1	1	2	-75	118893	5	1	1596	1478	108,108
1526404788.952965021	153	40	48	0	1	1	2	-74	118894	5	1	1596	1478	108,108
1526404788.964749087	153	40	48	0	1	1	2	-75	118895	5	1	1596	1478	108,108
1526404788.976490738	153	40	48	0	1	1	2	-73	118896	5	1	1596	1478	108,108
1526404788.988282242	153	40	48	0	1	1	2	-74	118897	5	1	1596	1478	108,108
1526404789.000456595	153	40	48	0	1	1	2	-75	118899	5	1	1596	1478	108,108
1526404789.011800237	153	40	48	0	1	1	2	-73	118900	5	1	1596	1478	108,108
1526404789.023480203	153	40	48	0	1	1	2	-74	118901	5	1	1596	1478	108,108
1526404789.035564162	153	40	48	0	1	1	2	-74	118903	5	1	1596	1478	108,108
1526404789.047057484	153	40	48	0	1	1	2	-74	118904	5	1	1596	1478	108,108
1526404789.058803522	153	40	48	0	1	1	2	-76	118905	5	1	1596	1478	108,108
1526404789.070516036	153	40	48	0	1	1	2	-74	118906	5	1	1596	1478	108,108
1526404789.082755474	153	40	48	0	1	1	2	-73	118907	5	1	1596	1478	108,108
1526404789.094106762	153	40	48	0	1	1	2	-75	118908	5	1	1596	1478	108,108
1526404789.105850176	153	40	48	0	1	1	2	-76	118909	5	1	1596	1478	108,108
1526404789.117626950	153	40	48	0	1	1	2	-74	118910	5	1	1596	1478	108,108
1526404789.129362500	153	40	48	0	1	1	2	-74	118911	5	1	1596	1478	108,108
1526404789.141132029	153	40	48	0	1	1	2	-74	118912	5	1	1596	1478	108,108
1526404789.152909440	153	40	48	0	1	1	2	-74	118913	5	1	1596	1478	108,108
1526404789.164649600	153	40	48	0	1	1	2	-74	118914	5	1	1596	1478	108,108
1526404789.176417478	153	40	48	0	1	1	2	-75	118915	5	1	1596	1478	108,108
1526404789.188178527	153	40	48	0	1	1	2	-75	118916	5	1	1596	1478	108,108
1526404789.199937089	153	40	48	0	1	1	2	-74	118917	5	1	1596	1478	108,108
1526404789.211692643	153	40	48	0	1	1	2	-75	118918	5	1	1596	1478	108,108
1526404789.223402375	153	40	48	0	1	1	2	-74	118919	5	1	1596	1478	108,108
1526404789.235231274	153	40	48	0	1	1	2	-75	118920	5	1	1596	1478	108,108
1526404789.247437530	153	40	48	0	1	1	2	-75	118922	5	1	1596	1478	108,108
1526404789.258728161	153	40	48	0	1	1	2	-76	118923	5	1	1596	1478	108,108
1526404789.270491024	153	40	48	0	1	1	2	-73	118924	5	1	1596	1478	108,108
1526404789.282253248	153	40	48	0	1	1	2	-74	118925	5	1	1596	1478	108,108
1526404789.294019135	153	40	48	0	1	1	2	-75	118926	5	1	1596	1478	108,108
1526404789.305686826	153	40	48	0	1	1	2	-73	118927	5	1	1596	1478	108,108
1526404789.317533229	153	40	48	0	1	1	2	-75	118928	5	1	1596	1478	108,108
1526404789.329099940	153	40	48	0	1	1	2	-74	118929	5	1	1596	1478	108,108
1526404789.340932041	153	40	48	0	1	1	2	-76	118930	5	1	1596	1478	108,108
1526404789.352797535	153	40	48	0	1	1	2	-76	118931	5	1	1596	1478	108,108
1526404789.364512248	153	40	48	0	1	1	2	-74	118932	5	1	1596	1478	108,108
1526404789.376332931	153	40	48	0	1	1	2	-76	118933	5	1	1596	1478	108,108
1526404789.388926486	153	40	48	0	1	1	2	-75	118935	5	1	1596	1478	108,108
1526404789.399871803	153	40	48	0	1	1	2	-73	118936	5	1	1596	1478	108,108
1526404789.411490211	141	40	48	0	1	1	2	-74	118937	6	1	1596	1478	121,5,121,5
1526404789.423392177	141	40	48	0	1	1	2	-75	118938	6	1	1596	1478	121,5,121,5
1526404789.436755988	153	40	48	0	1	1	2	-74	118940	5	1	1596	1478	108,108
1526404789.446827626	153	40	48	0	1	1	2	-74	118941	5	1	1596	1478	108,108
1526404789.458866095	153	40	48	0	1	1	2	-74	118942	5	1	1596	1478	108,108
1526404789.470833846	153	40	48	0	1	1	2	-75	118943	5	1	1596	1478	108,108
1526404789.482625396	153	40	48	0	1	1	2	-74	118944	5	1	1596	1478	108,108
1526404789.493933120	153	40	48	0	1	1	2	-76	118945	5	1	1596	1478	108,108
1526404789.505693622	153	40	48	0	1	1	2	-76	118946	5	1	1596	1478	108,108
1526404789.517452445	153	40	48	0	1	1	2	-74	118947	5	1	1596	1478	108,108
1526404789.529624024	153	40	48	0	1	1	2	-75	118949	5	1	1596	1478	108,108
1526404789.540980333	153	40	48	0	1	1	2	-73	118950	5	1	1596	1478	108,108
1526404789.552637277	153	40	48	0	1	1	2	-76	118951	5	1	1596	1478	108,108
1526404789.564342759	153	40	48	0	1	1	2	-76	118952	5	1	1596	1478	108,108
1526404789.576670410	153	40	48	0	1	1	2	-74	118954	5	1	1596	1478	108,108
1526404789.588359668	153	40	48	0	1	1	2	-74	118956	5	1	1596	1478	108,108
1526404789.599777377	153	40	48	0	1	1	2	-76	118957	5	1	1596	1478	108,108
1526404789.611905389	153	40	48	0	1	1	2	-74	118959	5	1	1596	1478	108,108
1526404789.623297777	153	40	48	0	1	1	2	-75	118960	5	1	1596	1478	108,108
1526404789.635414604	153	40	48	0	1	1	2	-74	118962	5	1	1596	1478	108,108
1526404789.646814153	153	40	48	0	1	1	2	-74	118963	5	1	1596	1478	108,108
1526404789.658578924	153	40	48	0	1	1	2	-74	118964	5	1	1596	1478	108,108
1526404789.670318293	153	40	48	0	1	1	2	-75	118965	5	1	1596	1478	108,108
1526404789.682098362	153	40	48	0	1	1	2	-76	118966	5	1	1596	1478	108,108
1526404789.693838702	141	40	48	0	1	1	2	-76	118967	6	1	1596	1478	121,5,121,5
1526404789.705636120	153	40	48	0	1	1	2	-76	118968	5	1	1596	1478	108,108
1526404789.717374474	153	40	48	0	1	1	2	-74	118969	5	1	1596	1478	108,108
1526404789.729153268	153	40	48	0	1	1	2	-76	118970	5	1	1596	1478	108,108
1526404789.740881813	153	40	48	0	1	1	2	-76	118971	5	1	1596	1478	108,108
