1526405187.625132805	153	40	48	0	2	0	2	-78	122311	3	1	1596	1478	108,108
1526405187.625178089	153	40	48	0	2	0	2	-78	122311	3	1	1596	1478	108,108
1526405187.625186989	153	40	48	0	2	0	2	-78	122311	3	1	1596	1478	108,108
1526405187.625194807	153	40	48	0	2	0	2	-78	122311	3	1	1596	1478	108,108
1526405187.625201742	153	40	48	0	2	0	2	-78	122311	3	1	1596	1478	108,108
1526405187.625209736	153	40	48	0	2	0	2	-78	122311	3	1	1596	1478	108,108
1526405187.625216547	153	40	48	0	2	0	2	-78	122311	3	1	1596	1478	108,108
1526405187.625224626	153	40	48	0	2	0	2	-78	122311	3	1	1596	1478	108,108
1526405187.625232117	153	40	48	0	2	0	2	-78	122311	3	1	1596	1478	108,108
1526405187.625240561	153	40	48	0	2	0	2	-78	122311	3	1	1596	1478	108,108
1526405187.625249198	153	40	48	0	2	0	2	-78	122311	3	1	1596	1478	108,108
1526405187.625259321	153	40	48	0	2	0	2	-78	122311	3	1	1596	1478	108,108
1526405187.625266820	153	40	48	0	2	0	2	-78	122311	3	1	1596	1478	108,108
1526405187.625273614	153	40	48	0	2	0	2	-78	122311	3	1	1596	1478	108,108
1526405187.625277459	153	40	48	0	2	0	2	-78	122311	3	1	1596	1478	108,108
1526405187.625470090	153	40	48	0	2	0	2	-78	122311	3	1	1596	1478	108,108
1526405187.626031677	153	40	48	0	2	0	2	-78	122313	3	1	1596	1478	108,108
1526405187.626708024	153	40	48	0	2	0	2	-78	122314	3	1	1596	1478	108,108
1526405187.636100643	153	40	48	0	2	0	2	-78	122315	3	1	1596	1478	108,108
1526405187.647966563	153	40	48	0	2	0	2	-78	122316	3	1	1596	1478	108,108
1526405187.674380881	153	40	48	0	2	0	2	-77	122317	3	1	1596	1478	108,108
1526405187.674738763	153	40	48	0	2	0	2	-77	122318	3	1	1596	1478	108,108
1526405187.683203445	153	40	48	0	2	0	2	-77	122319	3	1	1596	1478	108,108
1526405187.695412789	144	40	60	0	2	0	2	-80	122320	1	4	1596	1478	117,117
1526405187.712243227	144	40	48	0	1	1	2	-79	122321	3	4	1596	1478	117,117
1526405187.718533535	144	40	48	0	1	1	2	-80	122322	3	4	1596	1478	117,117
1526405187.730224287	144	40	48	0	1	1	2	-79	122323	3	4	1596	1478	117,117
1526405187.742069325	144	40	48	0	1	1	2	-80	122324	3	4	1596	1478	117,117
1526405187.753823825	144	40	48	0	1	1	2	-80	122325	3	4	1596	1478	117,117
1526405187.765532796	144	40	48	0	1	1	2	-80	122326	3	4	1596	1478	117,117
1526405187.777493190	144	40	48	0	1	1	2	-80	122327	3	4	1596	1478	117,117
1526405187.789101025	144	40	48	0	1	1	2	-79	122328	3	4	1596	1478	117,117
1526405187.801334349	144	40	48	0	1	1	2	-80	122329	3	4	1596	1478	117,117
1526405187.812637370	144	40	48	0	1	1	2	-80	122330	3	4	1596	1478	117,117
1526405187.824391498	144	40	48	0	1	1	2	-79	122331	3	4	1596	1478	117,117
1526405187.836138344	144	40	48	0	1	1	2	-79	122332	3	4	1596	1478	117,117
1526405187.847895815	144	40	48	0	1	1	2	-79	122333	3	4	1596	1478	117,117
1526405187.859681516	144	40	48	0	1	1	2	-80	122334	3	4	1596	1478	117,117
1526405187.871444013	144	40	48	0	1	1	2	-80	122335	3	4	1596	1478	117,117
1526405187.883578026	144	40	48	0	1	1	2	-80	122336	3	4	1596	1478	117,117
1526405187.894938943	144	40	48	0	1	1	2	-80	122337	3	4	1596	1478	117,117
1526405187.906695546	144	40	48	0	1	1	2	-80	122338	3	4	1596	1478	117,117
1526405187.918465127	144	40	48	0	1	1	2	-79	122339	3	4	1596	1478	117,117
1526405187.930223763	144	40	48	0	1	1	2	-79	122340	3	4	1596	1478	117,117
1526405187.941968099	144	40	48	0	1	1	2	-80	122341	3	4	1596	1478	117,117
1526405187.953675820	144	40	48	0	1	1	2	-79	122342	3	4	1596	1478	117,117
1526405187.965526819	144	40	48	0	1	1	2	-80	122343	3	4	1596	1478	117,117
1526405187.977149347	144	40	48	0	1	1	2	-80	122344	3	4	1596	1478	117,117
1526405187.989025472	144	40	48	0	1	1	2	-80	122345	3	4	1596	1478	117,117
1526405188.000765784	144	40	48	0	1	1	2	-79	122346	3	4	1596	1478	117,117
1526405188.012912979	144	40	48	0	1	1	2	-80	122347	3	4	1596	1478	117,117
1526405188.024239387	144	40	48	0	1	1	2	-80	122348	3	4	1596	1478	117,117
1526405188.035984143	144	40	48	0	1	1	2	-80	122349	3	4	1596	1478	117,117
1526405188.047810784	144	40	48	0	1	1	2	-79	122350	3	4	1596	1478	117,117
1526405188.060008515	144	40	48	0	1	1	2	-79	122351	3	4	1596	1478	117,117
1526405188.071365142	144	40	48	0	1	1	2	-79	122352	3	4	1596	1478	117,117
1526405188.083120008	144	40	48	0	1	1	2	-80	122353	3	4	1596	1478	117,117
1526405188.094859160	144	40	48	0	1	1	2	-80	122354	3	4	1596	1478	117,117
1526405188.106536228	144	40	48	0	1	1	2	-80	122355	3	4	1596	1478	117,117
1526405188.118295918	144	40	48	0	1	1	2	-79	122356	3	4	1596	1478	117,117
1526405188.129926579	144	40	48	0	1	1	2	-80	122357	3	4	1596	1478	117,117
1526405188.141769293	144	40	48	0	1	1	2	-80	122358	3	4	1596	1478	117,117
1526405188.153528428	144	40	48	0	1	1	2	-79	122359	3	4	1596	1478	117,117
1526405188.165268296	144	40	48	0	1	1	2	-79	122360	3	4	1596	1478	117,117
1526405188.177054471	144	40	48	0	1	1	2	-80	122361	3	4	1596	1478	117,117
1526405188.188894434	144	40	48	0	1	1	2	-80	122362	3	4	1596	1478	117,117
1526405188.200593609	144	40	48	0	1	1	2	-79	122363	3	4	1596	1478	117,117
1526405188.212377829	144	40	48	0	1	1	2	-79	122364	3	4	1596	1478	117,117
1526405188.224602530	144	40	48	0	1	1	2	-79	122365	3	4	1596	1478	117,117
1526405188.235874912	144	40	48	0	1	1	2	-79	122366	3	4	1596	1478	117,117
1526405188.247743867	144	40	48	0	1	1	2	-80	122367	3	4	1596	1478	117,117
1526405188.259888981	144	40	48	0	1	1	2	-79	122368	3	4	1596	1478	117,117
1526405188.271284744	144	40	48	0	1	1	2	-79	122369	3	4	1596	1478	117,117
1526405188.283020874	144	40	48	0	1	1	2	-79	122370	3	4	1596	1478	117,117
1526405188.294759217	144	40	48	0	1	1	2	-79	122371	3	4	1596	1478	117,117
1526405188.306543843	144	40	48	0	1	1	2	-79	122372	3	4	1596	1478	117,117
1526405188.318285550	144	40	48	0	1	1	2	-79	122373	3	4	1596	1478	117,117
1526405188.329981856	144	40	48	0	1	1	2	-79	122374	3	4	1596	1478	117,117
1526405188.341761837	144	40	48	0	1	1	2	-79	122375	3	4	1596	1478	117,117
1526405188.353584074	144	40	48	0	1	1	2	-79	122376	3	4	1596	1478	117,117
1526405188.365353744	144	40	48	0	1	1	2	-79	122377	3	4	1596	1478	117,117
1526405188.377142422	144	40	48	0	1	1	2	-79	122378	3	4	1596	1478	117,117
1526405188.389272134	144	40	48	0	1	1	2	-80	122380	3	4	1596	1478	117,117
1526405188.400618013	144	40	48	0	1	1	2	-79	122381	3	4	1596	1478	117,117
1526405188.412381705	144	40	48	0	1	1	2	-79	122382	3	4	1596	1478	117,117
1526405188.424146997	144	40	48	0	1	1	2	-79	122383	3	4	1596	1478	117,117
1526405188.436203022	144	40	48	0	1	1	2	-79	122384	3	4	1596	1478	117,117
1526405188.447562962	144	40	48	0	1	1	2	-79	122385	3	4	1596	1478	117,117
1526405188.459324387	144	40	48	0	1	1	2	-80	122386	3	4	1596	1478	117,117
1526405188.471164166	144	40	48	0	1	1	2	-79	122387	3	4	1596	1478	117,117
1526405188.482896209	144	40	48	0	1	1	2	-79	122388	3	4	1596	1478	117,117
1526405188.494708256	144	40	48	0	1	1	2	-80	122389	3	4	1596	1478	117,117
1526405188.506465952	144	40	48	0	1	1	2	-79	122390	3	4	1596	1478	117,117
1526405188.518233737	144	40	48	0	1	1	2	-79	122391	3	4	1596	1478	117,117
1526405188.529880183	144	40	48	0	1	1	2	-80	122392	3	4	1596	1478	117,117
1526405188.541731504	144	40	48	0	1	1	2	-80	122393	3	4	1596	1478	117,117
1526405188.553851055	144	40	48	0	1	1	2	-79	122394	3	4	1596	1478	117,117
1526405188.565185337	144	40	48	0	1	1	2	-79	122395	3	4	1596	1478	117,117
1526405188.577131482	144	40	48	0	1	1	2	-80	122396	3	4	1596	1478	117,117
1526405188.588676866	144	40	48	0	1	1	2	-80	122397	3	4	1596	1478	117,117
1526405188.600407030	144	40	48	0	1	1	2	-80	122398	3	4	1596	1478	117,117
1526405188.612485298	144	40	48	0	1	1	2	-79	122399	3	4	1596	1478	117,117
1526405188.623886136	144	40	48	0	1	1	2	-80	122400	3	4	1596	1478	117,117
1526405188.635643409	144	40	48	0	1	1	2	-80	122401	3	4	1596	1478	117,117
1526405188.647568265	144	40	48	0	1	1	2	-80	122402	3	4	1596	1478	117,117
1526405188.659329129	144	40	48	0	1	1	2	-80	122403	3	4	1596	1478	117,117
1526405188.671112550	144	40	48	0	1	1	2	-80	122404	3	4	1596	1478	117,117
1526405188.682884534	144	40	48	0	1	1	2	-80	122405	3	4	1596	1478	117,117
1526405188.694431603	144	40	48	0	1	1	2	-80	122406	3	4	1596	1478	117,117
1526405188.706353767	144	40	48	0	1	1	2	-79	122407	3	4	1596	1478	117,117
1526405188.718538631	144	40	48	0	1	1	2	-80	122409	3	4	1596	1478	117,117
1526405188.729904174	144	40	48	0	1	1	2	-79	122410	3	4	1596	1478	117,117
1526405188.741664241	144	40	48	0	1	1	2	-79	122411	3	4	1596	1478	117,117
1526405188.753423159	144	40	48	0	1	1	2	-79	122412	3	4	1596	1478	117,117
1526405188.765085042	144	40	48	0	1	1	2	-79	122413	3	4	1596	1478	117,117
1526405188.776940109	144	40	48	0	1	1	2	-79	122414	3	4	1596	1478	117,117
1526405188.788729979	144	40	48	0	1	1	2	-79	122415	3	4	1596	1478	117,117
1526405188.801081937	144	40	48	0	1	1	2	-78	122416	3	4	1596	1478	117,117
1526405188.812221421	144	40	48	0	1	1	2	-79	122417	3	4	1596	1478	117,117
1526405188.824022832	144	40	48	0	1	1	2	-79	122418	3	4	1596	1478	117,117
1526405188.835742845	144	40	48	0	1	1	2	-79	122419	3	4	1596	1478	117,117
1526405188.847810302	144	40	48	0	1	1	2	-79	122420	3	4	1596	1478	117,117
1526405188.859072606	144	40	48	0	1	1	2	-79	122421	3	4	1596	1478	117,117
1526405188.870934608	144	40	48	0	1	1	2	-79	122422	3	4	1596	1478	117,117
1526405188.882795104	144	40	48	0	1	1	2	-79	122423	3	4	1596	1478	117,117
1526405188.894545132	144	40	48	0	1	1	2	-79	122424	3	4	1596	1478	117,117
1526405188.906300711	144	40	48	0	1	1	2	-79	122425	3	4	1596	1478	117,117
1526405188.918052005	144	40	48	0	1	1	2	-79	122426	3	4	1596	1478	117,117
1526405188.929731891	144	40	48	0	1	1	2	-80	122427	3	4	1596	1478	117,117
1526405188.941885520	144	40	48	0	1	1	2	-80	122428	3	4	1596	1478	117,117
1526405188.953234334	144	40	48	0	1	1	2	-79	122429	3	4	1596	1478	117,117
1526405188.965102518	144	40	48	0	1	1	2	-79	122430	3	4	1596	1478	117,117
1526405188.977001488	144	40	48	0	1	1	2	-79	122431	3	4	1596	1478	117,117
1526405188.988515184	144	40	48	0	1	1	2	-79	122432	3	4	1596	1478	117,117
1526405189.000380632	144	40	48	0	1	1	2	-79	122433	3	4	1596	1478	117,117
1526405189.012298162	144	40	48	0	1	1	2	-79	122434	3	4	1596	1478	117,117
1526405189.023893549	144	40	48	0	1	1	2	-79	122435	3	4	1596	1478	117,117
1526405189.035561793	144	40	48	0	1	1	2	-79	122436	3	4	1596	1478	117,117
1526405189.047315034	144	40	48	0	1	1	2	-79	122437	3	4	1596	1478	117,117
1526405189.059177753	144	40	48	0	1	1	2	-79	122438	3	4	1596	1478	117,117
1526405189.070936922	144	40	48	0	1	1	2	-79	122439	3	4	1596	1478	117,117
1526405189.082651821	144	40	48	0	1	1	2	-79	122440	3	4	1596	1478	117,117
1526405189.094160329	144	40	48	0	1	1	2	-79	122441	3	4	1596	1478	117,117
1526405189.106442358	144	40	48	0	1	1	2	-79	122442	3	4	1596	1478	117,117
1526405189.117766456	144	40	48	0	1	1	2	-79	122443	3	4	1596	1478	117,117
1526405189.129542186	144	40	48	0	1	1	2	-79	122444	3	4	1596	1478	117,117
1526405189.141332720	144	40	48	0	1	1	2	-79	122445	3	4	1596	1478	117,117
1526405189.153018788	144	40	48	0	1	1	2	-79	122446	3	4	1596	1478	117,117
1526405189.164790911	144	40	48	0	1	1	2	-79	122447	3	4	1596	1478	117,117
1526405189.176645209	144	40	48	0	1	1	2	-79	122448	3	4	1596	1478	117,117
1526405189.188421184	144	40	48	0	1	1	2	-79	122449	3	4	1596	1478	117,117
1526405189.200207942	144	40	48	0	1	1	2	-80	122450	3	4	1596	1478	117,117
1526405189.211957025	144	40	48	0	1	1	2	-79	122451	3	4	1596	1478	117,117
1526405189.223715334	144	40	48	0	1	1	2	-79	122452	3	4	1596	1478	117,117
1526405189.235496398	144	40	48	0	1	1	2	-79	122453	3	4	1596	1478	117,117
1526405189.247234461	144	40	48	0	1	1	2	-80	122454	3	4	1596	1478	117,117
1526405189.259413261	144	40	48	0	1	1	2	-79	122455	3	4	1596	1478	117,117
1526405189.270795442	144	40	48	0	1	1	2	-79	122456	3	4	1596	1478	117,117
1526405189.282509853	144	40	48	0	1	1	2	-79	122457	3	4	1596	1478	117,117
1526405189.294299391	144	40	48	0	1	1	2	-80	122458	3	4	1596	1478	117,117
1526405189.306431629	144	40	48	0	1	1	2	-79	122459	3	4	1596	1478	117,117
1526405189.317789716	144	40	48	0	1	1	2	-79	122460	3	4	1596	1478	117,117
1526405189.329441379	144	40	48	0	1	1	2	-80	122461	3	4	1596	1478	117,117
1526405189.341237433	144	40	48	0	1	1	2	-79	122462	3	4	1596	1478	117,117
1526405189.353081646	144	40	48	0	1	1	2	-79	122463	3	4	1596	1478	117,117
1526405189.364821230	144	40	48	0	1	1	2	-80	122464	3	4	1596	1478	117,117
1526405189.376689429	144	40	48	0	1	1	2	-79	122465	3	4	1596	1478	117,117
1526405189.388409014	144	40	48	0	1	1	2	-79	122466	3	4	1596	1478	117,117
1526405189.400232242	144	40	48	0	1	1	2	-80	122467	3	4	1596	1478	117,117
1526405189.411986073	144	40	48	0	1	1	2	-79	122468	3	4	1596	1478	117,117
1526405189.423740406	144	40	48	0	1	1	2	-79	122469	3	4	1596	1478	117,117
1526405189.435411310	144	40	48	0	1	1	2	-79	122470	3	4	1596	1478	117,117
1526405189.447087782	144	40	48	0	1	1	2	-79	122471	3	4	1596	1478	117,117
1526405189.458990902	144	40	48	0	1	1	2	-79	122472	3	4	1596	1478	117,117
1526405189.471260534	144	40	48	0	1	1	2	-79	122473	3	4	1596	1478	117,117
1526405189.482607287	144	40	48	0	1	1	2	-79	122474	3	4	1596	1478	117,117
1526405189.494358617	144	40	48	0	1	1	2	-79	122475	3	4	1596	1478	117,117
1526405189.506114454	144	40	48	0	1	1	2	-79	122476	3	4	1596	1478	117,117
1526405189.518122561	144	40	48	0	1	1	2	-79	122477	3	4	1596	1478	117,117
1526405189.529542149	144	40	48	0	1	1	2	-79	122478	3	4	1596	1478	117,117
1526405189.541346611	144	40	48	0	1	1	2	-79	122479	3	4	1596	1478	117,117
1526405189.553173530	144	40	48	0	1	1	2	-79	122480	3	4	1596	1478	117,117
1526405189.564962005	144	40	48	0	1	1	2	-80	122481	3	4	1596	1478	117,117
1526405189.576653073	144	40	48	0	1	1	2	-79	122482	3	4	1596	1478	117,117
1526405189.588440592	144	40	48	0	1	1	2	-79	122483	3	4	1596	1478	117,117
1526405189.600191646	144	40	48	0	1	1	2	-79	122484	3	4	1596	1478	117,117
1526405189.611937320	144	40	48	0	1	1	2	-79	122485	3	4	1596	1478	117,117
1526405189.623703752	144	40	48	0	1	1	2	-79	122486	3	4	1596	1478	117,117
1526405189.635899265	144	40	48	0	1	1	2	-79	122487	3	4	1596	1478	117,117
1526405189.647225825	144	40	48	0	1	1	2	-79	122488	3	4	1596	1478	117,117
1526405189.658991799	144	40	48	0	1	1	2	-79	122489	3	4	1596	1478	117,117
1526405189.670747104	144	40	48	0	1	1	2	-79	122490	3	4	1596	1478	117,117
1526405189.682837527	144	40	48	0	1	1	2	-79	122491	3	4	1596	1478	117,117
1526405189.694107817	144	40	48	0	1	1	2	-79	122492	3	4	1596	1478	117,117
1526405189.705888314	144	40	48	0	1	1	2	-79	122493	3	4	1596	1478	117,117
1526405189.717626275	144	40	48	0	1	1	2	-79	122494	3	4	1596	1478	117,117
1526405189.729405397	144	40	48	0	1	1	2	-79	122495	3	4	1596	1478	117,117
1526405189.741231956	144	40	48	0	1	1	2	-80	122496	3	4	1596	1478	117,117
1526405189.753012176	144	40	48	0	1	1	2	-79	122497	3	4	1596	1478	117,117
1526405189.764768425	144	40	48	0	1	1	2	-80	122498	3	4	1596	1478	117,117
1526405189.776586146	144	40	48	0	1	1	2	-79	122499	3	4	1596	1478	117,117
1526405189.788286613	144	40	48	0	1	1	2	-80	122500	3	4	1596	1478	117,117
1526405189.800477327	144	40	48	0	1	1	2	-79	122501	3	4	1596	1478	117,117
1526405189.811759264	144	40	48	0	1	1	2	-80	122502	3	4	1596	1478	117,117
1526405189.823595887	144	40	48	0	1	1	2	-79	122503	3	4	1596	1478	117,117
1526405189.835354271	144	40	48	0	1	1	2	-79	122504	3	4	1596	1478	117,117
1526405189.847100784	144	40	48	0	1	1	2	-79	122505	3	4	1596	1478	117,117
1526405189.858864275	144	40	48	0	1	1	2	-79	122506	3	4	1596	1478	117,117
1526405189.870555052	144	40	48	0	1	1	2	-79	122507	3	4	1596	1478	117,117
1526405189.882305517	144	40	48	0	1	1	2	-80	122508	3	4	1596	1478	117,117
1526405189.894064027	144	40	48	0	1	1	2	-79	122509	3	4	1596	1478	117,117
1526405189.906783371	144	40	48	0	1	1	2	-79	122510	3	4	1596	1478	117,117
1526405189.917669583	144	40	48	0	1	1	2	-79	122511	3	4	1596	1478	117,117
1526405189.929324231	144	40	48	0	1	1	2	-79	122512	3	4	1596	1478	117,117
1526405189.941099449	144	40	48	0	1	1	2	-79	122513	3	4	1596	1478	117,117
1526405189.952829061	144	40	48	0	1	1	2	-79	122514	3	4	1596	1478	117,117
1526405189.965014813	144	40	48	0	1	1	2	-79	122515	3	4	1596	1478	117,117
1526405189.976452288	144	40	48	0	1	1	2	-79	122516	3	4	1596	1478	117,117
1526405189.988219558	144	40	48	0	1	1	2	-79	122517	3	4	1596	1478	117,117
1526405189.999979636	144	40	48	0	1	1	2	-79	122518	3	4	1596	1478	117,117
1526405190.011766054	144	40	48	0	1	1	2	-80	122519	3	4	1596	1478	117,117
1526405190.023520655	144	40	48	0	1	1	2	-79	122520	3	4	1596	1478	117,117
1526405190.035167662	144	40	48	0	1	1	2	-79	122521	3	4	1596	1478	117,117
1526405190.047016436	144	40	48	0	1	1	2	-79	122522	3	4	1596	1478	117,117
1526405190.058703603	144	40	48	0	1	1	2	-79	122523	3	4	1596	1478	117,117
1526405190.070353813	144	40	48	0	1	1	2	-79	122524	3	4	1596	1478	117,117
1526405190.083112596	144	40	48	0	1	1	2	-79	122525	3	4	1596	1478	117,117
1526405190.093834672	144	40	48	0	1	1	2	-79	122526	3	4	1596	1478	117,117
1526405190.105590572	144	40	48	0	1	1	2	-79	122527	3	4	1596	1478	117,117
1526405190.117371919	144	40	48	0	1	1	2	-79	122528	3	4	1596	1478	117,117
1526405190.129312339	144	40	48	0	1	1	2	-79	122529	3	4	1596	1478	117,117
1526405190.140870177	144	40	48	0	1	1	2	-79	122530	3	4	1596	1478	117,117
1526405190.152621811	144	40	48	0	1	1	2	-79	122531	3	4	1596	1478	117,117
1526405190.164493153	144	40	48	0	1	1	2	-79	122532	3	4	1596	1478	117,117
1526405190.176252600	144	40	48	0	1	1	2	-79	122533	3	4	1596	1478	117,117
1526405190.188000303	144	40	48	0	1	1	2	-79	122534	3	4	1596	1478	117,117
1526405190.199774479	144	40	48	0	1	1	2	-79	122535	3	4	1596	1478	117,117
1526405190.211883224	144	40	48	0	1	1	2	-79	122536	3	4	1596	1478	117,117
1526405190.223319078	144	40	48	0	1	1	2	-79	122537	3	4	1596	1478	117,117
1526405190.235234748	144	40	48	0	1	1	2	-80	122538	3	4	1596	1478	117,117
1526405190.246910776	144	40	48	0	1	1	2	-79	122539	3	4	1596	1478	117,117
1526405190.258601841	144	40	48	0	1	1	2	-79	122540	3	4	1596	1478	117,117
1526405190.270455647	144	40	48	0	1	1	2	-80	122541	3	4	1596	1478	117,117
1526405190.282215781	144	40	48	0	1	1	2	-79	122542	3	4	1596	1478	117,117
1526405190.293976441	144	40	48	0	1	1	2	-79	122543	3	4	1596	1478	117,117
1526405190.305737371	144	40	48	0	1	1	2	-79	122544	3	4	1596	1478	117,117
1526405190.317538875	144	40	48	0	1	1	2	-79	122545	3	4	1596	1478	117,117
1526405190.329263450	144	40	48	0	1	1	2	-80	122546	3	4	1596	1478	117,117
1526405190.341028376	144	40	48	0	1	1	2	-80	122547	3	4	1596	1478	117,117
1526405190.352788713	144	40	48	0	1	1	2	-79	122548	3	4	1596	1478	117,117
1526405190.364534284	144	40	48	0	1	1	2	-79	122549	3	4	1596	1478	117,117
1526405190.376726530	144	40	48	0	1	1	2	-79	122550	3	4	1596	1478	117,117
1526405190.387937957	144	40	48	0	1	1	2	-79	122551	3	4	1596	1478	117,117
1526405190.399811340	144	40	48	0	1	1	2	-79	122552	3	4	1596	1478	117,117
1526405190.411577118	144	40	48	0	1	1	2	-79	122553	3	4	1596	1478	117,117
1526405190.423370043	144	40	48	0	1	1	2	-79	122554	3	4	1596	1478	117,117
1526405190.434996758	144	40	48	0	1	1	2	-79	122555	3	4	1596	1478	117,117
1526405190.446800603	144	40	48	0	1	1	2	-79	122556	3	4	1596	1478	117,117
1526405190.458629424	144	40	48	0	1	1	2	-79	122557	3	4	1596	1478	117,117
1526405190.470413203	144	40	48	0	1	1	2	-79	122558	3	4	1596	1478	117,117
1526405190.482189339	144	40	48	0	1	1	2	-79	122559	3	4	1596	1478	117,117
1526405190.494303977	144	40	48	0	1	1	2	-79	122560	3	4	1596	1478	117,117
1526405190.505666771	144	40	48	0	1	1	2	-79	122561	3	4	1596	1478	117,117
1526405190.517352672	144	40	48	0	1	1	2	-79	122562	3	4	1596	1478	117,117
1526405190.529148038	144	40	48	0	1	1	2	-79	122563	3	4	1596	1478	117,117
1526405190.541902302	144	40	48	0	1	1	2	-79	122564	3	4	1596	1478	117,117
1526405190.552694073	144	40	48	0	1	1	2	-80	122565	3	4	1596	1478	117,117
1526405190.564454523	144	40	48	0	1	1	2	-79	122566	3	4	1596	1478	117,117
1526405190.576220918	144	40	48	0	1	1	2	-80	122567	3	4	1596	1478	117,117
1526405190.587978715	144	40	48	0	1	1	2	-80	122568	3	4	1596	1478	117,117
1526405190.599740833	144	40	48	0	1	1	2	-79	122569	3	4	1596	1478	117,117
1526405190.611492587	144	40	48	0	1	1	2	-79	122570	3	4	1596	1478	117,117
1526405190.623730878	144	40	48	0	1	1	2	-79	122571	3	4	1596	1478	117,117
1526405190.635013699	144	40	48	0	1	1	2	-79	122572	3	4	1596	1478	117,117
1526405190.646772992	144	40	48	0	1	1	2	-80	122573	3	4	1596	1478	117,117
1526405190.658545827	144	40	48	0	1	1	2	-79	122574	3	4	1596	1478	117,117
1526405190.670299675	144	40	48	0	1	1	2	-80	122575	3	4	1596	1478	117,117
1526405190.682409559	144	40	48	0	1	1	2	-79	122576	3	4	1596	1478	117,117
1526405190.693635845	144	40	48	0	1	1	2	-79	122577	3	4	1596	1478	117,117
1526405190.705948504	144	40	48	0	1	1	2	-80	122578	3	4	1596	1478	117,117
1526405190.717337470	144	40	48	0	1	1	2	-79	122579	3	4	1596	1478	117,117
1526405190.729140222	144	40	48	0	1	1	2	-79	122580	3	4	1596	1478	117,117
1526405190.740893960	144	40	48	0	1	1	2	-79	122581	3	4	1596	1478	117,117
1526405190.752630687	144	40	48	0	1	1	2	-79	122582	3	4	1596	1478	117,117
1526405190.764373903	144	40	48	0	1	1	2	-80	122583	3	4	1596	1478	117,117
1526405190.776035222	144	40	48	0	1	1	2	-80	122584	3	4	1596	1478	117,117
1526405190.787820465	144	40	48	0	1	1	2	-79	122585	3	4	1596	1478	117,117
1526405190.799665002	144	40	48	0	1	1	2	-79	122586	3	4	1596	1478	117,117
1526405190.811452890	144	40	48	0	1	1	2	-79	122587	3	4	1596	1478	117,117
1526405190.823170147	144	40	48	0	1	1	2	-80	122588	3	4	1596	1478	117,117
1526405190.834960449	144	40	48	0	1	1	2	-80	122589	3	4	1596	1478	117,117
1526405190.846707533	144	40	48	0	1	1	2	-79	122590	3	4	1596	1478	117,117
1526405190.858470769	144	40	48	0	1	1	2	-79	122591	3	4	1596	1478	117,117
1526405190.870650433	144	40	48	0	1	1	2	-79	122592	3	4	1596	1478	117,117
1526405190.881984083	144	40	48	0	1	1	2	-79	122593	3	4	1596	1478	117,117
1526405190.893751427	144	40	48	0	1	1	2	-79	122594	3	4	1596	1478	117,117
1526405190.905384273	144	40	48	0	1	1	2	-79	122595	3	4	1596	1478	117,117
1526405190.917545678	144	40	48	0	1	1	2	-79	122596	3	4	1596	1478	117,117
1526405190.928915345	144	40	48	0	1	1	2	-79	122597	3	4	1596	1478	117,117
1526405190.940749016	144	40	48	0	1	1	2	-79	122598	3	4	1596	1478	117,117
1526405190.952549215	144	40	48	0	1	1	2	-80	122599	3	4	1596	1478	117,117
1526405190.964285662	144	40	48	0	1	1	2	-80	122600	3	4	1596	1478	117,117
1526405190.976048302	144	40	48	0	1	1	2	-79	122601	3	4	1596	1478	117,117
1526405190.987833661	144	40	48	0	1	1	2	-79	122602	3	4	1596	1478	117,117
1526405190.999512290	144	40	48	0	1	1	2	-79	122603	3	4	1596	1478	117,117
1526405191.011279934	144	40	48	0	1	1	2	-79	122604	3	4	1596	1478	117,117
1526405191.023014553	144	40	48	0	1	1	2	-79	122605	3	4	1596	1478	117,117
1526405191.035086605	144	40	48	0	1	1	2	-79	122606	3	4	1596	1478	117,117
1526405191.046544471	144	40	48	0	1	1	2	-80	122607	3	4	1596	1478	117,117
1526405191.058278592	144	40	48	0	1	1	2	-80	122608	3	4	1596	1478	117,117
1526405191.069989732	144	40	48	0	1	1	2	-79	122609	3	4	1596	1478	117,117
1526405191.081779857	144	40	48	0	1	1	2	-79	122610	3	4	1596	1478	117,117
1526405191.093361817	144	40	48	0	1	1	2	-79	122611	3	4	1596	1478	117,117
1526405191.105266350	144	40	48	0	1	1	2	-79	122612	3	4	1596	1478	117,117
1526405191.117042583	144	40	48	0	1	1	2	-79	122613	3	4	1596	1478	117,117
1526405191.128921471	144	40	48	0	1	1	2	-79	122614	3	4	1596	1478	117,117
1526405191.140652381	144	40	48	0	1	1	2	-79	122615	3	4	1596	1478	117,117
1526405191.152370039	144	40	48	0	1	1	2	-79	122616	3	4	1596	1478	117,117
1526405191.164204913	144	40	48	0	1	1	2	-80	122617	3	4	1596	1478	117,117
1526405191.175975942	144	40	48	0	1	1	2	-80	122618	3	4	1596	1478	117,117
1526405191.187743333	144	40	48	0	1	1	2	-80	122619	3	4	1596	1478	117,117
1526405191.199911901	144	40	48	0	1	1	2	-80	122620	3	4	1596	1478	117,117
1526405191.211281165	144	40	48	0	1	1	2	-80	122621	3	4	1596	1478	117,117
1526405191.223032012	144	40	48	0	1	1	2	-79	122622	3	4	1596	1478	117,117
1526405191.234782702	144	40	48	0	1	1	2	-80	122623	3	4	1596	1478	117,117
1526405191.246570156	144	40	48	0	1	1	2	-80	122624	3	4	1596	1478	117,117
1526405191.258723384	144	40	48	0	1	1	2	-80	122625	3	4	1596	1478	117,117
1526405191.270056352	144	40	48	0	1	1	2	-80	122626	3	4	1596	1478	117,117
1526405191.281809909	144	40	48	0	1	1	2	-80	122627	3	4	1596	1478	117,117
1526405191.293570561	144	40	48	0	1	1	2	-80	122628	3	4	1596	1478	117,117
1526405191.305342232	144	40	48	0	1	1	2	-80	122629	3	4	1596	1478	117,117
1526405191.317118958	144	40	48	0	1	1	2	-80	122630	3	4	1596	1478	117,117
1526405191.329220325	144	40	48	0	1	1	2	-80	122631	3	4	1596	1478	117,117
1526405191.341111053	144	40	48	0	1	1	2	-80	122632	3	4	1596	1478	117,117
1526405191.352391828	144	40	48	0	1	1	2	-80	122633	3	4	1596	1478	117,117
1526405191.364134743	144	40	48	0	1	1	2	-80	122634	3	4	1596	1478	117,117
1526405191.376299194	144	40	48	0	1	1	2	-80	122636	3	4	1596	1478	117,117
1526405191.387647319	144	40	48	0	1	1	2	-80	122637	3	4	1596	1478	117,117
1526405191.399419804	144	40	48	0	1	1	2	-80	122638	3	4	1596	1478	117,117
1526405191.411132410	144	40	48	0	1	1	2	-80	122639	3	4	1596	1478	117,117
1526405191.422974452	144	40	48	0	1	1	2	-80	122640	3	4	1596	1478	117,117
1526405191.434583165	144	40	48	0	1	1	2	-80	122641	3	4	1596	1478	117,117
1526405191.446432820	144	40	48	0	1	1	2	-80	122642	3	4	1596	1478	117,117
1526405191.458228337	144	40	48	0	1	1	2	-80	122643	3	4	1596	1478	117,117
1526405191.469974483	144	40	48	0	1	1	2	-79	122644	3	4	1596	1478	117,117
1526405191.481738650	144	40	48	0	1	1	2	-79	122645	3	4	1596	1478	117,117
1526405191.493518675	144	40	48	0	1	1	2	-79	122646	3	4	1596	1478	117,117
1526405191.505263800	144	40	48	0	1	1	2	-79	122647	3	4	1596	1478	117,117
1526405191.517025360	144	40	48	0	1	1	2	-79	122648	3	4	1596	1478	117,117
1526405191.528706775	144	40	48	0	1	1	2	-79	122649	3	4	1596	1478	117,117
1526405191.541102634	144	40	48	0	1	1	2	-79	122650	3	4	1596	1478	117,117
1526405191.552326876	144	40	48	0	1	1	2	-80	122651	3	4	1596	1478	117,117
1526405191.564067476	144	40	48	0	1	1	2	-80	122652	3	4	1596	1478	117,117
1526405191.575820096	144	40	48	0	1	1	2	-80	122653	3	4	1596	1478	117,117
1526405191.587588856	144	40	48	0	1	1	2	-80	122654	3	4	1596	1478	117,117
1526405191.599344659	144	40	48	0	1	1	2	-80	122655	3	4	1596	1478	117,117
1526405191.611129519	144	40	48	0	1	1	2	-80	122656	3	4	1596	1478	117,117
1526405191.623293864	144	40	48	0	1	1	2	-80	122657	3	4	1596	1478	117,117
1526405191.634570314	144	40	48	0	1	1	2	-80	122658	3	4	1596	1478	117,117
1526405191.647680078	144	40	48	0	1	1	2	-79	122659	3	4	1596	1478	117,117
1526405191.658149777	144	40	48	0	1	1	2	-80	122660	3	4	1596	1478	117,117
1526405191.669899400	144	40	48	0	1	1	2	-79	122661	3	4	1596	1478	117,117
1526405191.681705330	144	40	48	0	1	1	2	-79	122662	3	4	1596	1478	117,117
1526405191.693403738	144	40	48	0	1	1	2	-79	122663	3	4	1596	1478	117,117
1526405191.705194340	144	40	48	0	1	1	2	-79	122664	3	4	1596	1478	117,117
1526405191.718564848	144	40	48	0	1	1	2	-79	122665	3	4	1596	1478	117,117
1526405191.728692405	144	40	48	0	1	1	2	-79	122666	3	4	1596	1478	117,117
1526405191.740861572	144	40	48	0	1	1	2	-80	122667	3	4	1596	1478	117,117
1526405191.752238683	144	40	48	0	1	1	2	-79	122668	3	4	1596	1478	117,117
1526405191.763975912	144	40	48	0	1	1	2	-79	122669	3	4	1596	1478	117,117
1526405191.775751359	144	40	48	0	1	1	2	-80	122670	3	4	1596	1478	117,117
1526405191.787938877	144	40	48	0	1	1	2	-80	122671	3	4	1596	1478	117,117
1526405191.799269033	144	40	48	0	1	1	2	-80	122672	3	4	1596	1478	117,117
1526405191.811482714	144	40	48	0	1	1	2	-79	122673	3	4	1596	1478	117,117
1526405191.822804327	144	40	48	0	1	1	2	-79	122674	3	4	1596	1478	117,117
1526405191.834598921	144	40	48	0	1	1	2	-79	122675	3	4	1596	1478	117,117
1526405191.846304134	144	40	48	0	1	1	2	-79	122676	3	4	1596	1478	117,117
1526405191.858088551	144	40	48	0	1	1	2	-79	122677	3	4	1596	1478	117,117
1526405191.869830804	144	40	48	0	1	1	2	-79	122678	3	4	1596	1478	117,117
1526405191.881577468	144	40	48	0	1	1	2	-80	122679	3	4	1596	1478	117,117
1526405191.893295278	144	40	48	0	1	1	2	-79	122680	3	4	1596	1478	117,117
1526405191.905045150	144	40	48	0	1	1	2	-79	122681	3	4	1596	1478	117,117
1526405191.916780030	144	40	48	0	1	1	2	-80	122682	3	4	1596	1478	117,117
1526405191.928525689	144	40	48	0	1	1	2	-79	122683	3	4	1596	1478	117,117
1526405191.940241174	144	40	48	0	1	1	2	-79	122684	3	4	1596	1478	117,117
1526405191.952512627	144	40	48	0	1	1	2	-79	122686	3	4	1596	1478	117,117
1526405191.963921551	144	40	48	0	1	1	2	-79	122687	3	4	1596	1478	117,117
1526405191.975988121	144	40	48	0	1	1	2	-79	122688	3	4	1596	1478	117,117
1526405191.987347649	144	40	48	0	1	1	2	-79	122689	3	4	1596	1478	117,117
1526405191.999107646	144	40	48	0	1	1	2	-79	122690	3	4	1596	1478	117,117
1526405192.010844384	144	40	48	0	1	1	2	-79	122691	3	4	1596	1478	117,117
1526405192.022472346	144	40	48	0	1	1	2	-80	122692	3	4	1596	1478	117,117
1526405192.034239842	144	40	48	0	1	1	2	-80	122693	3	4	1596	1478	117,117
1526405192.046088700	144	40	48	0	1	1	2	-79	122694	3	4	1596	1478	117,117
1526405192.057880231	144	40	48	0	1	1	2	-80	122695	3	4	1596	1478	117,117
1526405192.069596172	144	40	48	0	1	1	2	-79	122696	3	4	1596	1478	117,117
1526405192.081385032	144	40	48	0	1	1	2	-79	122697	3	4	1596	1478	117,117
1526405192.093128496	144	40	48	0	1	1	2	-79	122698	3	4	1596	1478	117,117
1526405192.104883720	144	40	48	0	1	1	2	-79	122699	3	4	1596	1478	117,117
1526405192.117020046	144	40	48	0	1	1	2	-79	122700	3	4	1596	1478	117,117
1526405192.128392759	144	40	48	0	1	1	2	-79	122701	3	4	1596	1478	117,117
1526405192.140091632	144	40	48	0	1	1	2	-79	122702	3	4	1596	1478	117,117
1526405192.151923707	144	40	48	0	1	1	2	-80	122703	3	4	1596	1478	117,117
1526405192.164112509	144	40	48	0	1	1	2	-79	122704	3	4	1596	1478	117,117
1526405192.175451912	144	40	48	0	1	1	2	-79	122705	3	4	1596	1478	117,117
1526405192.187213728	144	40	48	0	1	1	2	-79	122706	3	4	1596	1478	117,117
1526405192.199129514	144	40	48	0	1	1	2	-79	122707	3	4	1596	1478	117,117
1526405192.210732651	144	40	48	0	1	1	2	-79	122708	3	4	1596	1478	117,117
1526405192.222486379	144	40	48	0	1	1	2	-79	122709	3	4	1596	1478	117,117
1526405192.234491970	144	40	48	0	1	1	2	-80	122710	3	4	1596	1478	117,117
1526405192.246163813	144	40	48	0	1	1	2	-79	122711	3	4	1596	1478	117,117
1526405192.257793028	144	40	48	0	1	1	2	-80	122712	3	4	1596	1478	117,117
1526405192.269677925	144	40	48	0	1	1	2	-79	122713	3	4	1596	1478	117,117
1526405192.281871380	144	40	48	0	1	1	2	-79	122714	3	4	1596	1478	117,117
1526405192.293152771	144	40	48	0	1	1	2	-79	122715	3	4	1596	1478	117,117
1526405192.304922895	144	40	48	0	1	1	2	-79	122716	3	4	1596	1478	117,117
1526405192.316694140	144	40	48	0	1	1	2	-79	122717	3	4	1596	1478	117,117
1526405192.328455883	144	40	48	0	1	1	2	-79	122718	3	4	1596	1478	117,117
1526405192.340216649	144	40	48	0	1	1	2	-80	122719	3	4	1596	1478	117,117
1526405192.351991588	144	40	48	0	1	1	2	-79	122720	3	4	1596	1478	117,117
1526405192.365442098	144	40	48	0	1	1	2	-79	122721	3	4	1596	1478	117,117
1526405192.375515127	144	40	48	0	1	1	2	-79	122722	3	4	1596	1478	117,117
1526405192.387264952	144	40	48	0	1	1	2	-80	122723	3	4	1596	1478	117,117
1526405192.399016080	144	40	48	0	1	1	2	-79	122724	3	4	1596	1478	117,117
1526405192.410781918	144	40	48	0	1	1	2	-79	122725	3	4	1596	1478	117,117
1526405192.422540528	144	40	48	0	1	1	2	-80	122726	3	4	1596	1478	117,117
1526405192.434222141	144	40	48	0	1	1	2	-80	122727	3	4	1596	1478	117,117
1526405192.446358397	144	40	48	0	1	1	2	-80	122728	3	4	1596	1478	117,117
1526405192.457814563	144	40	48	0	1	1	2	-80	122729	3	4	1596	1478	117,117
1526405192.469606148	144	40	48	0	1	1	2	-79	122730	3	4	1596	1478	117,117
1526405192.481342394	144	40	48	0	1	1	2	-79	122731	3	4	1596	1478	117,117
1526405192.493113791	144	40	48	0	1	1	2	-79	122732	3	4	1596	1478	117,117
1526405192.504892697	144	40	48	0	1	1	2	-79	122733	3	4	1596	1478	117,117
1526405192.516606045	144	40	48	0	1	1	2	-79	122734	3	4	1596	1478	117,117
1526405192.528309289	144	40	48	0	1	1	2	-79	122735	3	4	1596	1478	117,117
1526405192.540034710	144	40	48	0	1	1	2	-80	122736	3	4	1596	1478	117,117
1526405192.551901573	144	40	48	0	1	1	2	-79	122737	3	4	1596	1478	117,117
1526405192.563653450	144	40	48	0	1	1	2	-79	122738	3	4	1596	1478	117,117
1526405192.575845400	144	40	48	0	1	1	2	-79	122739	3	4	1596	1478	117,117
1526405192.587205917	144	40	48	0	1	1	2	-79	122740	3	4	1596	1478	117,117
1526405192.598931427	144	40	48	0	1	1	2	-79	122741	3	4	1596	1478	117,117
1526405192.610696711	144	40	48	0	1	1	2	-79	122742	3	4	1596	1478	117,117
1526405192.622486552	144	40	48	0	1	1	2	-79	122743	3	4	1596	1478	117,117
1526405192.634207278	144	40	48	0	1	1	2	-79	122744	3	4	1596	1478	117,117
1526405192.645969721	144	40	48	0	1	1	2	-79	122745	3	4	1596	1478	117,117
1526405192.657743522	144	40	48	0	1	1	2	-79	122746	3	4	1596	1478	117,117
1526405192.669479578	144	40	48	0	1	1	2	-79	122748	3	4	1596	1478	117,117
1526405192.681285615	144	40	48	0	1	1	2	-79	122749	3	4	1596	1478	117,117
1526405192.692999402	144	40	48	0	1	1	2	-79	122750	3	4	1596	1478	117,117
1526405192.704778614	144	40	48	0	1	1	2	-79	122751	3	4	1596	1478	117,117
1526405192.716474716	144	40	48	0	1	1	2	-79	122752	3	4	1596	1478	117,117
1526405192.728274340	144	40	48	0	1	1	2	-79	122753	3	4	1596	1478	117,117
1526405192.740078257	144	40	48	0	1	1	2	-79	122754	3	4	1596	1478	117,117
1526405192.751820061	144	40	48	0	1	1	2	-79	122755	3	4	1596	1478	117,117
1526405192.763601998	144	40	48	0	1	1	2	-80	122756	3	4	1596	1478	117,117
1526405192.775246965	144	40	48	0	1	1	2	-79	122757	3	4	1596	1478	117,117
1526405192.787102363	144	40	48	0	1	1	2	-79	122758	3	4	1596	1478	117,117
1526405192.798778740	144	40	48	0	1	1	2	-79	122759	3	4	1596	1478	117,117
1526405192.810633587	144	40	48	0	1	1	2	-79	122760	3	4	1596	1478	117,117
1526405192.822659232	144	40	48	0	1	1	2	-79	122761	3	4	1596	1478	117,117
1526405192.834076020	144	40	48	0	1	1	2	-80	122762	3	4	1596	1478	117,117
1526405192.845887211	144	40	48	0	1	1	2	-79	122763	3	4	1596	1478	117,117
1526405192.857549969	144	40	48	0	1	1	2	-79	122764	3	4	1596	1478	117,117
1526405192.869407443	144	40	48	0	1	1	2	-79	122765	3	4	1596	1478	117,117
1526405192.881196985	144	40	48	0	1	1	2	-79	122766	3	4	1596	1478	117,117
1526405192.892945111	144	40	48	0	1	1	2	-79	122767	3	4	1596	1478	117,117
1526405192.904684515	144	40	48	0	1	1	2	-79	122768	3	4	1596	1478	117,117
1526405192.916458751	144	40	48	0	1	1	2	-79	122769	3	4	1596	1478	117,117
1526405192.928139298	144	40	48	0	1	1	2	-79	122770	3	4	1596	1478	117,117
1526405192.939913143	144	40	48	0	1	1	2	-79	122771	3	4	1596	1478	117,117
1526405192.951617757	144	40	48	0	1	1	2	-80	122772	3	4	1596	1478	117,117
1526405192.963415532	144	40	48	0	1	1	2	-80	122773	3	4	1596	1478	117,117
1526405192.975132930	144	40	48	0	1	1	2	-79	122774	3	4	1596	1478	117,117
1526405192.987267319	144	40	48	0	1	1	2	-80	122775	3	4	1596	1478	117,117
1526405192.998569646	144	40	48	0	1	1	2	-79	122776	3	4	1596	1478	117,117
1526405193.010323280	144	40	48	0	1	1	2	-79	122777	3	4	1596	1478	117,117
1526405193.022088155	144	40	48	0	1	1	2	-79	122778	3	4	1596	1478	117,117
1526405193.034222894	144	40	48	0	1	1	2	-80	122779	3	4	1596	1478	117,117
1526405193.045573661	144	40	48	0	1	1	2	-79	122780	3	4	1596	1478	117,117
1526405193.057340864	144	40	48	0	1	1	2	-79	122781	3	4	1596	1478	117,117
1526405193.069197624	144	40	48	0	1	1	2	-79	122782	3	4	1596	1478	117,117
1526405193.081358642	144	40	48	0	1	1	2	-79	122783	3	4	1596	1478	117,117
1526405193.092735600	144	40	48	0	1	1	2	-79	122784	3	4	1596	1478	117,117
1526405193.104491695	144	40	48	0	1	1	2	-79	122785	3	4	1596	1478	117,117
1526405193.116248119	144	40	48	0	1	1	2	-79	122786	3	4	1596	1478	117,117
1526405193.127978065	144	40	48	0	1	1	2	-80	122787	3	4	1596	1478	117,117
1526405193.139774219	144	40	48	0	1	1	2	-79	122788	3	4	1596	1478	117,117
1526405193.151921394	144	40	48	0	1	1	2	-79	122789	3	4	1596	1478	117,117
1526405193.163284718	144	40	48	0	1	1	2	-79	122790	3	4	1596	1478	117,117
1526405193.174916069	144	40	48	0	1	1	2	-79	122791	3	4	1596	1478	117,117
1526405193.186825731	144	40	48	0	1	1	2	-79	122792	3	4	1596	1478	117,117
1526405193.198571817	144	40	48	0	1	1	2	-79	122793	3	4	1596	1478	117,117
1526405193.210327755	144	40	48	0	1	1	2	-79	122794	3	4	1596	1478	117,117
1526405193.222099860	144	40	48	0	1	1	2	-79	122795	3	4	1596	1478	117,117
1526405193.233847356	144	40	48	0	1	1	2	-80	122796	3	4	1596	1478	117,117
1526405193.245607672	144	40	48	0	1	1	2	-79	122797	3	4	1596	1478	117,117
1526405193.257353667	144	40	48	0	1	1	2	-79	122798	3	4	1596	1478	117,117
1526405193.269132959	144	40	48	0	1	1	2	-79	122799	3	4	1596	1478	117,117
1526405193.280907835	144	40	48	0	1	1	2	-79	122800	3	4	1596	1478	117,117
1526405193.292595822	144	40	48	0	1	1	2	-80	122801	3	4	1596	1478	117,117
1526405193.304518135	144	40	48	0	1	1	2	-79	122802	3	4	1596	1478	117,117
1526405193.316560280	144	40	48	0	1	1	2	-79	122803	3	4	1596	1478	117,117
1526405193.327944517	144	40	48	0	1	1	2	-79	122804	3	4	1596	1478	117,117
1526405193.339804879	144	40	48	0	1	1	2	-80	122805	3	4	1596	1478	117,117
1526405193.351440613	144	40	48	0	1	1	2	-79	122806	3	4	1596	1478	117,117
1526405193.363327290	144	40	48	0	1	1	2	-79	122807	3	4	1596	1478	117,117
1526405193.374979820	144	40	48	0	1	1	2	-79	122808	3	4	1596	1478	117,117
1526405193.386836760	144	40	48	0	1	1	2	-80	122809	3	4	1596	1478	117,117
1526405193.398651565	144	40	48	0	1	1	2	-79	122810	3	4	1596	1478	117,117
1526405193.410385714	144	40	48	0	1	1	2	-80	122811	3	4	1596	1478	117,117
1526405193.422099866	144	40	48	0	1	1	2	-80	122812	3	4	1596	1478	117,117
1526405193.433836979	144	40	48	0	1	1	2	-80	122813	3	4	1596	1478	117,117
1526405193.445957621	144	40	48	0	1	1	2	-80	122814	3	4	1596	1478	117,117
1526405193.457260126	144	40	48	0	1	1	2	-80	122815	3	4	1596	1478	117,117
1526405193.469053167	144	40	48	0	1	1	2	-79	122816	3	4	1596	1478	117,117
1526405193.480936656	144	40	48	0	1	1	2	-80	122817	3	4	1596	1478	117,117
1526405193.493151932	144	40	48	0	1	1	2	-80	122818	3	4	1596	1478	117,117
1526405193.504748051	144	40	48	0	1	1	2	-79	122819	3	4	1596	1478	117,117
1526405193.516238410	144	40	48	0	1	1	2	-79	122820	3	4	1596	1478	117,117
1526405193.527910828	144	40	48	0	1	1	2	-80	122821	3	4	1596	1478	117,117
1526405193.539571189	144	40	48	0	1	1	2	-79	122822	3	4	1596	1478	117,117
1526405193.551404977	144	40	48	0	1	1	2	-80	122823	3	4	1596	1478	117,117
1526405193.563253077	144	40	48	0	1	1	2	-79	122824	3	4	1596	1478	117,117
1526405193.575004131	144	40	48	0	1	1	2	-80	122825	3	4	1596	1478	117,117
1526405193.586779141	144	40	48	0	1	1	2	-79	122826	3	4	1596	1478	117,117
1526405193.598570037	144	40	48	0	1	1	2	-79	122827	3	4	1596	1478	117,117
1526405193.610309848	144	40	48	0	1	1	2	-80	122828	3	4	1596	1478	117,117
1526405193.622043221	144	40	48	0	1	1	2	-79	122829	3	4	1596	1478	117,117
1526405193.633834262	144	40	48	0	1	1	2	-79	122830	3	4	1596	1478	117,117
1526405193.645576743	144	40	48	0	1	1	2	-79	122831	3	4	1596	1478	117,117
1526405193.657766661	144	40	48	0	1	1	2	-80	122832	3	4	1596	1478	117,117
1526405193.669033248	144	40	48	0	1	1	2	-79	122833	3	4	1596	1478	117,117
1526405193.680928826	144	40	48	0	1	1	2	-79	122834	3	4	1596	1478	117,117
1526405193.692623021	144	40	48	0	1	1	2	-80	122835	3	4	1596	1478	117,117
1526405193.704403772	144	40	48	0	1	1	2	-79	122836	3	4	1596	1478	117,117
1526405193.716410350	144	40	48	0	1	1	2	-79	122837	3	4	1596	1478	117,117
1526405193.727817313	144	40	48	0	1	1	2	-79	122838	3	4	1596	1478	117,117
1526405193.739664922	144	40	48	0	1	1	2	-79	122839	3	4	1596	1478	117,117
1526405193.751424384	144	40	48	0	1	1	2	-78	122840	3	4	1596	1478	117,117
1526405193.763195317	144	40	48	0	1	1	2	-79	122841	3	4	1596	1478	117,117
1526405193.774944954	144	40	48	0	1	1	2	-79	122842	3	4	1596	1478	117,117
1526405193.786708950	144	40	48	0	1	1	2	-79	122843	3	4	1596	1478	117,117
1526405193.798481701	144	40	48	0	1	1	2	-79	122844	3	4	1596	1478	117,117
1526405193.810212609	144	40	48	0	1	1	2	-79	122845	3	4	1596	1478	117,117
1526405193.822380097	144	40	48	0	1	1	2	-79	122846	3	4	1596	1478	117,117
1526405193.833749628	144	40	48	0	1	1	2	-79	122847	3	4	1596	1478	117,117
1526405193.845498758	144	40	48	0	1	1	2	-79	122848	3	4	1596	1478	117,117
1526405193.857261843	144	40	48	0	1	1	2	-79	122849	3	4	1596	1478	117,117
1526405193.869446226	144	40	48	0	1	1	2	-79	122850	3	4	1596	1478	117,117
1526405193.880722005	144	40	48	0	1	1	2	-79	122851	3	4	1596	1478	117,117
1526405193.893049343	144	40	48	0	1	1	2	-79	122852	3	4	1596	1478	117,117
1526405193.914382616	144	40	48	0	1	1	2	-79	122853	3	4	1596	1478	117,117
1526405193.916087210	144	40	48	0	1	1	2	-79	122854	3	4	1596	1478	117,117
1526405193.927805904	144	40	48	0	1	1	2	-79	122855	3	4	1596	1478	117,117
1526405193.939586035	144	40	48	0	1	1	2	-79	122856	3	4	1596	1478	117,117
1526405193.951228666	144	40	48	0	1	1	2	-79	122857	3	4	1596	1478	117,117
1526405193.962832423	144	40	48	0	1	1	2	-79	122858	3	4	1596	1478	117,117
1526405193.974600025	144	40	48	0	1	1	2	-79	122859	3	4	1596	1478	117,117
1526405193.986878024	144	40	48	0	1	1	2	-79	122860	3	4	1596	1478	117,117
1526405193.998342005	144	40	48	0	1	1	2	-79	122861	3	4	1596	1478	117,117
1526405194.010157825	144	40	48	0	1	1	2	-79	122862	3	4	1596	1478	117,117
1526405194.021905973	144	40	48	0	1	1	2	-79	122863	3	4	1596	1478	117,117
1526405194.033505114	144	40	48	0	1	1	2	-79	122864	3	4	1596	1478	117,117
1526405194.045326167	144	40	48	0	1	1	2	-79	122865	3	4	1596	1478	117,117
1526405194.057084076	144	40	48	0	1	1	2	-79	122866	3	4	1596	1478	117,117
1526405194.068946065	144	40	48	0	1	1	2	-79	122867	3	4	1596	1478	117,117
1526405194.080720577	144	40	48	0	1	1	2	-79	122868	3	4	1596	1478	117,117
1526405194.092477292	144	40	48	0	1	1	2	-79	122869	3	4	1596	1478	117,117
1526405194.105225080	144	40	48	0	1	1	2	-79	122870	3	4	1596	1478	117,117
1526405194.116010562	144	40	48	0	1	1	2	-79	122871	3	4	1596	1478	117,117
1526405194.127715327	144	40	48	0	1	1	2	-79	122872	3	4	1596	1478	117,117
1526405194.139497446	144	40	48	0	1	1	2	-78	122873	3	4	1596	1478	117,117
1526405194.151665696	144	40	48	0	1	1	2	-79	122875	3	4	1596	1478	117,117
1526405194.163020858	144	40	48	0	1	1	2	-79	122876	3	4	1596	1478	117,117
1526405194.174770734	144	40	48	0	1	1	2	-79	122877	3	4	1596	1478	117,117
1526405194.186547700	144	40	48	0	1	1	2	-79	122878	3	4	1596	1478	117,117
1526405194.198323041	144	40	48	0	1	1	2	-79	122879	3	4	1596	1478	117,117
1526405194.210074887	144	40	48	0	1	1	2	-79	122880	3	4	1596	1478	117,117
1526405194.221676289	144	40	48	0	1	1	2	-79	122881	3	4	1596	1478	117,117
1526405194.233568171	144	40	48	0	1	1	2	-79	122882	3	4	1596	1478	117,117
1526405194.245347109	144	40	48	0	1	1	2	-79	122883	3	4	1596	1478	117,117
1526405194.257103696	144	40	48	0	1	1	2	-78	122884	3	4	1596	1478	117,117
1526405194.268865936	144	40	48	0	1	1	2	-79	122885	3	4	1596	1478	117,117
1526405194.281040337	144	40	48	0	1	1	2	-79	122886	3	4	1596	1478	117,117
1526405194.292377603	144	40	48	0	1	1	2	-79	122887	3	4	1596	1478	117,117
1526405194.304149966	144	40	48	0	1	1	2	-79	122888	3	4	1596	1478	117,117
1526405194.315941856	144	40	48	0	1	1	2	-79	122889	3	4	1596	1478	117,117
1526405194.327661099	144	40	48	0	1	1	2	-79	122890	3	4	1596	1478	117,117
1526405194.339415749	144	40	48	0	1	1	2	-79	122891	3	4	1596	1478	117,117
1526405194.351178444	144	40	48	0	1	1	2	-79	122892	3	4	1596	1478	117,117
1526405194.362940245	144	40	48	0	1	1	2	-79	122893	3	4	1596	1478	117,117
1526405194.375058025	144	40	48	0	1	1	2	-79	122894	3	4	1596	1478	117,117
1526405194.386462323	144	40	48	0	1	1	2	-80	122895	3	4	1596	1478	117,117
1526405194.398234637	144	40	48	0	1	1	2	-80	122896	3	4	1596	1478	117,117
1526405194.409979067	144	40	48	0	1	1	2	-79	122897	3	4	1596	1478	117,117
1526405194.421747765	144	40	48	0	1	1	2	-79	122898	3	4	1596	1478	117,117
1526405194.433636452	144	40	48	0	1	1	2	-80	122899	3	4	1596	1478	117,117
1526405194.445472236	144	40	48	0	1	1	2	-79	122900	3	4	1596	1478	117,117
1526405194.456944544	144	40	48	0	1	1	2	-79	122901	3	4	1596	1478	117,117
1526405194.468830741	144	40	48	0	1	1	2	-79	122902	3	4	1596	1478	117,117
1526405194.480504493	144	40	48	0	1	1	2	-79	122903	3	4	1596	1478	117,117
1526405194.492229996	144	40	48	0	1	1	2	-79	122904	3	4	1596	1478	117,117
1526405194.504107258	144	40	48	0	1	1	2	-79	122905	3	4	1596	1478	117,117
1526405194.515878042	144	40	48	0	1	1	2	-79	122906	3	4	1596	1478	117,117
1526405194.527547858	144	40	48	0	1	1	2	-79	122907	3	4	1596	1478	117,117
1526405194.539817460	144	40	48	0	1	1	2	-79	122908	3	4	1596	1478	117,117
1526405194.551145878	144	40	48	0	1	1	2	-79	122909	3	4	1596	1478	117,117
1526405194.562896831	144	40	48	0	1	1	2	-79	122910	3	4	1596	1478	117,117
1526405194.574664836	144	40	48	0	1	1	2	-79	122911	3	4	1596	1478	117,117
1526405194.586451769	144	40	48	0	1	1	2	-80	122912	3	4	1596	1478	117,117
1526405194.598197680	144	40	48	0	1	1	2	-79	122913	3	4	1596	1478	117,117
1526405194.609956802	144	40	48	0	1	1	2	-79	122914	3	4	1596	1478	117,117
1526405194.621728717	144	40	48	0	1	1	2	-79	122915	3	4	1596	1478	117,117
1526405194.633688603	144	40	48	0	1	1	2	-79	122916	3	4	1596	1478	117,117
1526405194.645243999	144	40	48	0	1	1	2	-79	122917	3	4	1596	1478	117,117
1526405194.656995776	144	40	48	0	1	1	2	-79	122918	3	4	1596	1478	117,117
1526405194.668623387	144	40	48	0	1	1	2	-79	122919	3	4	1596	1478	117,117
1526405194.680241319	144	40	48	0	1	1	2	-79	122920	3	4	1596	1478	117,117
1526405194.692648509	144	40	48	0	1	1	2	-79	122921	3	4	1596	1478	117,117
1526405194.703914304	144	40	48	0	1	1	2	-79	122922	3	4	1596	1478	117,117
1526405194.715706909	144	40	48	0	1	1	2	-79	122923	3	4	1596	1478	117,117
1526405194.727514989	144	40	48	0	1	1	2	-79	122924	3	4	1596	1478	117,117
1526405194.740368816	144	40	48	0	1	1	2	-79	122925	3	4	1596	1478	117,117
1526405194.751008568	144	40	48	0	1	1	2	-79	122926	3	4	1596	1478	117,117
1526405194.762799039	144	40	48	0	1	1	2	-79	122927	3	4	1596	1478	117,117
1526405194.774553511	144	40	48	0	1	1	2	-79	122928	3	4	1596	1478	117,117
1526405194.786379336	144	40	48	0	1	1	2	-79	122929	3	4	1596	1478	117,117
1526405194.798053338	144	40	48	0	1	1	2	-79	122930	3	4	1596	1478	117,117
1526405194.809824385	144	40	48	0	1	1	2	-79	122931	3	4	1596	1478	117,117
1526405194.821973307	144	40	48	0	1	1	2	-79	122932	3	4	1596	1478	117,117
1526405194.833346194	144	40	48	0	1	1	2	-79	122933	3	4	1596	1478	117,117
1526405194.845162202	144	40	48	0	1	1	2	-79	122934	3	4	1596	1478	117,117
1526405194.856779427	144	40	48	0	1	1	2	-79	122935	3	4	1596	1478	117,117
1526405194.868596385	144	40	48	0	1	1	2	-79	122936	3	4	1596	1478	117,117
1526405194.880396684	144	40	48	0	1	1	2	-79	122937	3	4	1596	1478	117,117
1526405194.892150548	144	40	48	0	1	1	2	-79	122938	3	4	1596	1478	117,117
1526405194.903831306	144	40	48	0	1	1	2	-79	122939	3	4	1596	1478	117,117
1526405194.915582101	144	40	48	0	1	1	2	-79	122940	3	4	1596	1478	117,117
1526405194.927272792	144	40	48	0	1	1	2	-79	122941	3	4	1596	1478	117,117
1526405194.938962966	144	40	48	0	1	1	2	-79	122942	3	4	1596	1478	117,117
1526405194.950717177	144	40	48	0	1	1	2	-79	122943	3	4	1596	1478	117,117
1526405194.962492579	144	40	48	0	1	1	2	-79	122944	3	4	1596	1478	117,117
1526405194.974232286	144	40	48	0	1	1	2	-79	122945	3	4	1596	1478	117,117
1526405194.986375177	144	40	48	0	1	1	2	-79	122946	3	4	1596	1478	117,117
1526405194.997721094	144	40	48	0	1	1	2	-79	122947	3	4	1596	1478	117,117
1526405195.009589318	144	40	48	0	1	1	2	-80	122948	3	4	1596	1478	117,117
1526405195.021360377	144	40	48	0	1	1	2	-79	122949	3	4	1596	1478	117,117
1526405195.033011936	144	40	48	0	1	1	2	-79	122950	3	4	1596	1478	117,117
1526405195.044782436	144	40	48	0	1	1	2	-79	122951	3	4	1596	1478	117,117
1526405195.056653163	144	40	48	0	1	1	2	-79	122952	3	4	1596	1478	117,117
1526405195.068414948	144	40	48	0	1	1	2	-79	122953	3	4	1596	1478	117,117
1526405195.080186335	144	40	48	0	1	1	2	-79	122954	3	4	1596	1478	117,117
1526405195.091944211	144	40	48	0	1	1	2	-79	122955	3	4	1596	1478	117,117
1526405195.104112742	144	40	48	0	1	1	2	-79	122956	3	4	1596	1478	117,117
1526405195.115473554	144	40	48	0	1	1	2	-80	122957	3	4	1596	1478	117,117
1526405195.127218035	144	40	48	0	1	1	2	-79	122958	3	4	1596	1478	117,117
1526405195.139009284	144	40	48	0	1	1	2	-79	122959	3	4	1596	1478	117,117
1526405195.151157420	144	40	48	0	1	1	2	-79	122960	3	4	1596	1478	117,117
1526405195.162493793	144	40	48	0	1	1	2	-79	122961	3	4	1596	1478	117,117
1526405195.174264067	144	40	48	0	1	1	2	-79	122962	3	4	1596	1478	117,117
1526405195.186034727	144	40	48	0	1	1	2	-79	122963	3	4	1596	1478	117,117
1526405195.197775814	144	40	48	0	1	1	2	-79	122964	3	4	1596	1478	117,117
1526405195.209541935	144	40	48	0	1	1	2	-79	122965	3	4	1596	1478	117,117
1526405195.221316900	144	40	48	0	1	1	2	-79	122966	3	4	1596	1478	117,117
1526405195.236080913	144	40	48	0	1	1	2	-79	122967	3	4	1596	1478	117,117
1526405195.244883342	144	40	48	0	1	1	2	-79	122968	3	4	1596	1478	117,117
1526405195.256540274	144	40	48	0	1	1	2	-79	122969	3	4	1596	1478	117,117
1526405195.268387739	144	40	48	0	1	1	2	-79	122970	3	4	1596	1478	117,117
1526405195.280200605	144	40	48	0	1	1	2	-79	122971	3	4	1596	1478	117,117
1526405195.291987034	144	40	48	0	1	1	2	-79	122972	3	4	1596	1478	117,117
1526405195.303742404	144	40	48	0	1	1	2	-79	122973	3	4	1596	1478	117,117
1526405195.315880743	144	40	48	0	1	1	2	-79	122974	3	4	1596	1478	117,117
1526405195.327259763	144	40	48	0	1	1	2	-80	122975	3	4	1596	1478	117,117
1526405195.339053138	144	40	48	0	1	1	2	-79	122976	3	4	1596	1478	117,117
1526405195.350786696	144	40	48	0	1	1	2	-79	122977	3	4	1596	1478	117,117
1526405195.362497922	144	40	48	0	1	1	2	-79	122978	3	4	1596	1478	117,117
1526405195.374297075	144	40	48	0	1	1	2	-80	122979	3	4	1596	1478	117,117
1526405195.386077987	144	40	48	0	1	1	2	-80	122980	3	4	1596	1478	117,117
1526405195.397825409	144	40	48	0	1	1	2	-79	122981	3	4	1596	1478	117,117
1526405195.409577756	144	40	48	0	1	1	2	-79	122982	3	4	1596	1478	117,117
1526405195.421274787	144	40	48	0	1	1	2	-79	122983	3	4	1596	1478	117,117
1526405195.433132575	144	40	48	0	1	1	2	-80	122984	3	4	1596	1478	117,117
1526405195.444909789	144	40	48	0	1	1	2	-79	122985	3	4	1596	1478	117,117
1526405195.457193867	144	40	48	0	1	1	2	-79	122986	3	4	1596	1478	117,117
1526405195.468356197	144	40	48	0	1	1	2	-79	122987	3	4	1596	1478	117,117
1526405195.480414347	144	40	48	0	1	1	2	-79	122988	3	4	1596	1478	117,117
1526405195.491900042	144	40	48	0	1	1	2	-79	122989	3	4	1596	1478	117,117
1526405195.503578680	144	40	48	0	1	1	2	-79	122990	3	4	1596	1478	117,117
1526405195.515284412	144	40	48	0	1	1	2	-79	122991	3	4	1596	1478	117,117
1526405195.527478878	144	40	48	0	1	1	2	-79	122992	3	4	1596	1478	117,117
1526405195.538891211	144	40	48	0	1	1	2	-79	122993	3	4	1596	1478	117,117
1526405195.550691203	144	40	48	0	1	1	2	-79	122994	3	4	1596	1478	117,117
1526405195.562463891	144	40	48	0	1	1	2	-79	122995	3	4	1596	1478	117,117
1526405195.574164421	144	40	48	0	1	1	2	-79	122996	3	4	1596	1478	117,117
1526405195.585989996	144	40	48	0	1	1	2	-79	122997	3	4	1596	1478	117,117
1526405195.597767368	144	40	48	0	1	1	2	-79	122998	3	4	1596	1478	117,117
1526405195.609489740	144	40	48	0	1	1	2	-79	122999	3	4	1596	1478	117,117
1526405195.621271810	144	40	48	0	1	1	2	-79	123000	3	4	1596	1478	117,117
1526405195.633017128	144	40	48	0	1	1	2	-79	123001	3	4	1596	1478	117,117
1526405195.645230346	144	40	48	0	1	1	2	-79	123002	3	4	1596	1478	117,117
1526405195.656542828	144	40	48	0	1	1	2	-79	123003	3	4	1596	1478	117,117
1526405195.668305204	144	40	48	0	1	1	2	-79	123004	3	4	1596	1478	117,117
1526405195.680069324	144	40	48	0	1	1	2	-79	123005	3	4	1596	1478	117,117
1526405195.691852672	144	40	48	0	1	1	2	-79	123006	3	4	1596	1478	117,117
1526405195.703571755	144	40	48	0	1	1	2	-79	123007	3	4	1596	1478	117,117
1526405195.715356755	144	40	48	0	1	1	2	-79	123008	3	4	1596	1478	117,117
1526405195.727105291	144	40	48	0	1	1	2	-79	123009	3	4	1596	1478	117,117
1526405195.738880831	144	40	48	0	1	1	2	-79	123010	3	4	1596	1478	117,117
1526405195.750652305	144	40	48	0	1	1	2	-79	123011	3	4	1596	1478	117,117
1526405195.762379976	144	40	48	0	1	1	2	-79	123012	3	4	1596	1478	117,117
1526405195.774129847	144	40	48	0	1	1	2	-80	123013	3	4	1596	1478	117,117
1526405195.785891017	144	40	48	0	1	1	2	-79	123014	3	4	1596	1478	117,117
1526405195.797686053	144	40	48	0	1	1	2	-79	123015	3	4	1596	1478	117,117
1526405195.809822282	144	40	48	0	1	1	2	-80	123016	3	4	1596	1478	117,117
1526405195.821189932	144	40	48	0	1	1	2	-79	123017	3	4	1596	1478	117,117
1526405195.832959257	144	40	48	0	1	1	2	-80	123018	3	4	1596	1478	117,117
1526405195.844704853	144	40	48	0	1	1	2	-80	123019	3	4	1596	1478	117,117
1526405195.856491275	144	40	48	0	1	1	2	-80	123020	3	4	1596	1478	117,117
1526405195.868259665	144	40	48	0	1	1	2	-79	123021	3	4	1596	1478	117,117
1526405195.879975815	144	40	48	0	1	1	2	-79	123022	3	4	1596	1478	117,117
1526405195.892032361	144	40	48	0	1	1	2	-79	123023	3	4	1596	1478	117,117
1526405195.903334870	144	40	48	0	1	1	2	-79	123024	3	4	1596	1478	117,117
1526405195.915057042	144	40	48	0	1	1	2	-79	123025	3	4	1596	1478	117,117
1526405195.926800911	144	40	48	0	1	1	2	-79	123026	3	4	1596	1478	117,117
1526405195.938960024	144	40	48	0	1	1	2	-79	123027	3	4	1596	1478	117,117
1526405195.950423614	144	40	48	0	1	1	2	-79	123028	3	4	1596	1478	117,117
1526405195.962205123	144	40	48	0	1	1	2	-79	123029	3	4	1596	1478	117,117
1526405195.973824787	144	40	48	0	1	1	2	-80	123030	3	4	1596	1478	117,117
1526405195.985702953	144	40	48	0	1	1	2	-80	123031	3	4	1596	1478	117,117
1526405195.997511024	144	40	48	0	1	1	2	-80	123032	3	4	1596	1478	117,117
1526405196.009232545	144	40	48	0	1	1	2	-80	123033	3	4	1596	1478	117,117
1526405196.021018442	144	40	48	0	1	1	2	-80	123034	3	4	1596	1478	117,117
1526405196.033146994	144	40	48	0	1	1	2	-80	123035	3	4	1596	1478	117,117
1526405196.044607047	144	40	48	0	1	1	2	-80	123036	3	4	1596	1478	117,117
1526405196.056402984	144	40	48	0	1	1	2	-80	123037	3	4	1596	1478	117,117
1526405196.068152661	144	40	48	0	1	1	2	-80	123038	3	4	1596	1478	117,117
1526405196.079886258	144	40	48	0	1	1	2	-79	123039	3	4	1596	1478	117,117
1526405196.091674711	144	40	48	0	1	1	2	-79	123040	3	4	1596	1478	117,117
1526405196.103413855	144	40	48	0	1	1	2	-79	123041	3	4	1596	1478	117,117
1526405196.115182264	144	40	48	0	1	1	2	-79	123042	3	4	1596	1478	117,117
1526405196.126947083	144	40	48	0	1	1	2	-80	123043	3	4	1596	1478	117,117
1526405196.138705723	144	40	48	0	1	1	2	-80	123044	3	4	1596	1478	117,117
1526405196.150457917	144	40	48	0	1	1	2	-80	123045	3	4	1596	1478	117,117
1526405196.162233082	144	40	48	0	1	1	2	-79	123046	3	4	1596	1478	117,117
1526405196.174273276	144	40	48	0	1	1	2	-79	123047	3	4	1596	1478	117,117
1526405196.185733837	144	40	48	0	1	1	2	-79	123048	3	4	1596	1478	117,117
1526405196.197912588	144	40	48	0	1	1	2	-80	123049	3	4	1596	1478	117,117
1526405196.209271559	144	40	48	0	1	1	2	-80	123050	3	4	1596	1478	117,117
1526405196.221007433	144	40	48	0	1	1	2	-79	123051	3	4	1596	1478	117,117
1526405196.232777457	144	40	48	0	1	1	2	-80	123052	3	4	1596	1478	117,117
1526405196.244511974	144	40	48	0	1	1	2	-79	123053	3	4	1596	1478	117,117
1526405196.256324442	144	40	48	0	1	1	2	-80	123054	3	4	1596	1478	117,117
1526405196.268057135	144	40	48	0	1	1	2	-80	123055	3	4	1596	1478	117,117
1526405196.279808011	144	40	48	0	1	1	2	-80	123056	3	4	1596	1478	117,117
1526405196.291911823	144	40	48	0	1	1	2	-79	123057	3	4	1596	1478	117,117
1526405196.303338891	144	40	48	0	1	1	2	-80	123058	3	4	1596	1478	117,117
1526405196.315116908	144	40	48	0	1	1	2	-80	123059	3	4	1596	1478	117,117
1526405196.326845815	144	40	48	0	1	1	2	-80	123060	3	4	1596	1478	117,117
1526405196.338620987	144	40	48	0	1	1	2	-79	123061	3	4	1596	1478	117,117
1526405196.350771261	144	40	48	0	1	1	2	-79	123062	3	4	1596	1478	117,117
1526405196.362168943	144	40	48	0	1	1	2	-80	123063	3	4	1596	1478	117,117
1526405196.375317457	144	40	48	0	1	1	2	-79	123064	3	4	1596	1478	117,117
1526405196.385657178	144	40	48	0	1	1	2	-79	123065	3	4	1596	1478	117,117
1526405196.397826327	144	40	48	0	1	1	2	-79	123066	3	4	1596	1478	117,117
1526405196.409176607	144	40	48	0	1	1	2	-79	123067	3	4	1596	1478	117,117
1526405196.420882559	144	40	48	0	1	1	2	-79	123068	3	4	1596	1478	117,117
1526405196.432692741	144	40	48	0	1	1	2	-79	123069	3	4	1596	1478	117,117
1526405196.444433403	144	40	48	0	1	1	2	-79	123070	3	4	1596	1478	117,117
1526405196.456210626	144	40	48	0	1	1	2	-79	123071	3	4	1596	1478	117,117
1526405196.468003051	144	40	48	0	1	1	2	-79	123072	3	4	1596	1478	117,117
1526405196.479676979	144	40	48	0	1	1	2	-79	123073	3	4	1596	1478	117,117
1526405196.491505068	144	40	48	0	1	1	2	-78	123074	3	4	1596	1478	117,117
1526405196.503267274	144	40	48	0	1	1	2	-79	123075	3	4	1596	1478	117,117
1526405196.515023952	144	40	48	0	1	1	2	-79	123076	3	4	1596	1478	117,117
1526405196.526695869	144	40	48	0	1	1	2	-79	123077	3	4	1596	1478	117,117
1526405196.538419675	144	40	48	0	1	1	2	-79	123078	3	4	1596	1478	117,117
1526405196.550130759	144	40	48	0	1	1	2	-79	123079	3	4	1596	1478	117,117
1526405196.563036505	144	40	48	0	1	1	2	-79	123080	3	4	1596	1478	117,117
1526405196.573839219	144	40	48	0	1	1	2	-79	123081	3	4	1596	1478	117,117
1526405196.585576083	144	40	48	0	1	1	2	-79	123082	3	4	1596	1478	117,117
1526405196.597347423	144	40	48	0	1	1	2	-79	123083	3	4	1596	1478	117,117
1526405196.609100339	144	40	48	0	1	1	2	-78	123084	3	4	1596	1478	117,117
1526405196.620874306	144	40	48	0	1	1	2	-79	123085	3	4	1596	1478	117,117
1526405196.632563827	144	40	48	0	1	1	2	-79	123086	3	4	1596	1478	117,117
1526405196.644386090	144	40	48	0	1	1	2	-79	123087	3	4	1596	1478	117,117
1526405196.656131728	144	40	48	0	1	1	2	-79	123088	3	4	1596	1478	117,117
1526405196.667914124	144	40	48	0	1	1	2	-79	123089	3	4	1596	1478	117,117
1526405196.679653047	144	40	48	0	1	1	2	-79	123090	3	4	1596	1478	117,117
1526405196.691444315	144	40	48	0	1	1	2	-79	123091	3	4	1596	1478	117,117
1526405196.703186223	144	40	48	0	1	1	2	-79	123092	3	4	1596	1478	117,117
1526405196.714938917	144	40	48	0	1	1	2	-78	123093	3	4	1596	1478	117,117
1526405196.727118266	144	40	48	0	1	1	2	-79	123095	3	4	1596	1478	117,117
1526405196.738466009	144	40	48	0	1	1	2	-79	123096	3	4	1596	1478	117,117
1526405196.750228174	144	40	48	0	1	1	2	-79	123097	3	4	1596	1478	117,117
1526405196.761978759	144	40	48	0	1	1	2	-79	123098	3	4	1596	1478	117,117
1526405196.774013373	144	40	48	0	1	1	2	-79	123099	3	4	1596	1478	117,117
1526405196.785495283	144	40	48	0	1	1	2	-79	123100	3	4	1596	1478	117,117
1526405196.797269331	144	40	48	0	1	1	2	-79	123101	3	4	1596	1478	117,117
1526405196.809041933	144	40	48	0	1	1	2	-79	123102	3	4	1596	1478	117,117
1526405196.820781505	144	40	48	0	1	1	2	-79	123103	3	4	1596	1478	117,117
1526405196.832529156	144	40	48	0	1	1	2	-79	123104	3	4	1596	1478	117,117
1526405196.844304056	144	40	48	0	1	1	2	-79	123105	3	4	1596	1478	117,117
1526405196.856072774	144	40	48	0	1	1	2	-79	123106	3	4	1596	1478	117,117
1526405196.867735454	144	40	48	0	1	1	2	-80	123107	3	4	1596	1478	117,117
1526405196.879312125	144	40	48	0	1	1	2	-79	123108	3	4	1596	1478	117,117
1526405196.891576973	144	40	48	0	1	1	2	-79	123109	3	4	1596	1478	117,117
1526405196.902964141	144	40	48	0	1	1	2	-79	123110	3	4	1596	1478	117,117
1526405196.914745258	144	40	48	0	1	1	2	-79	123111	3	4	1596	1478	117,117
1526405196.926981196	144	40	48	0	1	1	2	-79	123113	3	4	1596	1478	117,117
1526405196.938176572	144	40	48	0	1	1	2	-79	123114	3	4	1596	1478	117,117
1526405196.950056962	144	40	48	0	1	1	2	-79	123115	3	4	1596	1478	117,117
1526405196.961796701	144	40	48	0	1	1	2	-80	123116	3	4	1596	1478	117,117
1526405196.973575334	144	40	48	0	1	1	2	-79	123117	3	4	1596	1478	117,117
1526405196.985540590	144	40	48	0	1	1	2	-79	123118	3	4	1596	1478	117,117
1526405196.997074971	144	40	48	0	1	1	2	-79	123119	3	4	1596	1478	117,117
1526405197.008908171	144	40	48	0	1	1	2	-79	123120	3	4	1596	1478	117,117
1526405197.020590220	144	40	48	0	1	1	2	-79	123121	3	4	1596	1478	117,117
1526405197.032310156	144	40	48	0	1	1	2	-79	123122	3	4	1596	1478	117,117
1526405197.044071587	144	40	48	0	1	1	2	-79	123123	3	4	1596	1478	117,117
1526405197.056344474	144	40	48	0	1	1	2	-79	123124	3	4	1596	1478	117,117
1526405197.067580896	144	40	48	0	1	1	2	-80	123125	3	4	1596	1478	117,117
1526405197.079529254	144	40	48	0	1	1	2	-79	123126	3	4	1596	1478	117,117
1526405197.091256211	144	40	48	0	1	1	2	-79	123127	3	4	1596	1478	117,117
1526405197.102910106	144	40	48	0	1	1	2	-79	123128	3	4	1596	1478	117,117
1526405197.114788402	144	40	48	0	1	1	2	-79	123129	3	4	1596	1478	117,117
1526405197.126525932	144	40	48	0	1	1	2	-79	123130	3	4	1596	1478	117,117
1526405197.138179367	144	40	48	0	1	1	2	-79	123131	3	4	1596	1478	117,117
1526405197.149989975	144	40	48	0	1	1	2	-79	123132	3	4	1596	1478	117,117
1526405197.161822065	144	40	48	0	1	1	2	-79	123133	3	4	1596	1478	117,117
1526405197.173579926	144	40	48	0	1	1	2	-79	123134	3	4	1596	1478	117,117
1526405197.185756947	144	40	48	0	1	1	2	-79	123135	3	4	1596	1478	117,117
1526405197.197120398	144	40	48	0	1	1	2	-79	123136	3	4	1596	1478	117,117
1526405197.208874805	144	40	48	0	1	1	2	-79	123137	3	4	1596	1478	117,117
1526405197.220626302	144	40	48	0	1	1	2	-79	123138	3	4	1596	1478	117,117
1526405197.232773513	144	40	48	0	1	1	2	-79	123139	3	4	1596	1478	117,117
1526405197.244118104	144	40	48	0	1	1	2	-80	123140	3	4	1596	1478	117,117
1526405197.255906198	144	40	48	0	1	1	2	-79	123141	3	4	1596	1478	117,117
1526405197.267658071	144	40	48	0	1	1	2	-79	123142	3	4	1596	1478	117,117
1526405197.279460098	144	40	48	0	1	1	2	-79	123143	3	4	1596	1478	117,117
1526405197.291212180	144	40	48	0	1	1	2	-79	123144	3	4	1596	1478	117,117
1526405197.302938523	144	40	48	0	1	1	2	-79	123145	3	4	1596	1478	117,117
1526405197.314700968	144	40	48	0	1	1	2	-79	123146	3	4	1596	1478	117,117
1526405197.326462126	144	40	48	0	1	1	2	-79	123147	3	4	1596	1478	117,117
1526405197.338109893	144	40	48	0	1	1	2	-79	123148	3	4	1596	1478	117,117
1526405197.349992595	144	40	48	0	1	1	2	-79	123149	3	4	1596	1478	117,117
1526405197.361726698	144	40	48	0	1	1	2	-79	123150	3	4	1596	1478	117,117
1526405197.373506737	144	40	48	0	1	1	2	-79	123151	3	4	1596	1478	117,117
1526405197.385288501	144	40	48	0	1	1	2	-79	123152	3	4	1596	1478	117,117
1526405197.397416284	144	40	48	0	1	1	2	-79	123153	3	4	1596	1478	117,117
1526405197.408783664	144	40	48	0	1	1	2	-79	123154	3	4	1596	1478	117,117
1526405197.420529129	144	40	48	0	1	1	2	-79	123155	3	4	1596	1478	117,117
1526405197.432220731	144	40	48	0	1	1	2	-79	123156	3	4	1596	1478	117,117
1526405197.444057860	144	40	48	0	1	1	2	-80	123157	3	4	1596	1478	117,117
