1526405248.998856893	354	40	48	0	1	1	2	-86	123282	4	0	1596	1478	39,39
1526405249.019507880	354	40	60	0	2	0	2	-88	123284	2	0	1596	1478	39,39
1526405249.019556069	354	40	60	0	2	0	2	-88	123284	2	0	1596	1478	39,39
1526405249.019567234	354	40	60	0	2	0	2	-88	123284	2	0	1596	1478	39,39
1526405249.019575421	354	40	60	0	2	0	2	-88	123284	2	0	1596	1478	39,39
1526405249.019583429	354	40	60	0	2	0	2	-88	123284	2	0	1596	1478	39,39
1526405249.019591023	354	40	60	0	2	0	2	-88	123284	2	0	1596	1478	39,39
1526405249.019599952	354	40	60	0	2	0	2	-88	123284	2	0	1596	1478	39,39
1526405249.021210770	354	40	60	0	2	0	2	-88	123284	2	0	1596	1478	39,39
1526405249.021260023	354	40	60	0	2	0	2	-88	123284	2	0	1596	1478	39,39
1526405249.021269250	354	40	60	0	2	0	2	-88	123284	2	0	1596	1478	39,39
1526405249.021280819	354	40	60	0	2	0	2	-88	123284	2	0	1596	1478	39,39
1526405249.021288279	354	40	60	0	2	0	2	-88	123284	2	0	1596	1478	39,39
1526405249.028582678	354	40	60	0	2	0	2	-88	123285	2	0	1596	1478	39,39
1526405249.028596614	354	40	60	0	2	0	2	-88	123285	2	0	1596	1478	39,39
1526405249.028602423	354	40	60	0	2	0	2	-88	123285	2	0	1596	1478	39,39
1526405249.028607080	354	40	60	0	2	0	2	-88	123285	2	0	1596	1478	39,39
1526405249.030356759	354	40	60	0	2	0	2	-88	123285	2	0	1596	1478	39,39
1526405249.030368871	354	40	60	0	2	0	2	-88	123285	2	0	1596	1478	39,39
1526405249.030374148	354	40	60	0	2	0	2	-88	123285	2	0	1596	1478	39,39
1526405249.030378042	354	40	60	0	2	0	2	-88	123285	2	0	1596	1478	39,39
1526405249.033311432	354	40	60	0	2	0	2	-87	123286	2	0	1596	1478	39,39
1526405249.033321511	354	40	60	0	2	0	2	-87	123286	2	0	1596	1478	39,39
1526405249.034472450	354	40	60	0	2	0	2	-87	123286	2	0	1596	1478	39,39
1526405249.034492717	669	40	60	0	2	0	2	-87	123286	2	0	3130	1478,1478	39,39
1526405249.047934148	354	40	60	0	2	0	2	-86	123287	2	0	1596	1478	39,39
1526405249.048004999	669	40	60	0	2	0	2	-86	123287	2	0	3130	1478,1478	39,39
1526405249.048010968	354	40	60	0	2	0	2	-86	123287	2	0	1596	1478	39,39
1526405249.049082788	669	40	60	0	2	0	2	-86	123287	2	0	3130	1478,1478	39,39
1526405249.049094565	354	40	60	0	2	0	2	-86	123287	2	0	1596	1478	39,39
1526405249.053781403	354	40	60	0	2	0	2	-87	123289	2	0	1596	1478	39,39
1526405249.061277556	354	40	60	0	2	0	2	-87	123292	2	0	1596	1478	39,39
1526405249.063761438	354	40	60	0	2	0	2	-88	123293	2	0	1596	1478	39,39
1526405249.069023018	512	40	60	0	2	0	2	-87	123295	1	0	1596	1478	26,26
1526405249.069144169	512	40	60	0	2	0	2	-87	123295	1	0	1596	1478	26,26
1526405249.069374007	512	40	60	0	2	0	2	-87	123295	1	0	1596	1478	26,26
1526405249.078087939	512	40	60	0	2	0	2	-88	123296	1	0	1596	1478	26,26
1526405249.089950023	512	40	60	0	2	0	2	-87	123297	1	0	1596	1478	26,26
1526405249.101642418	512	40	60	0	2	0	2	-87	123298	1	0	1596	1478	26,26
1526405249.113213827	494	40	84	0	2	0	2	-86	123299	0	1	1596	1478	27,27
1526405249.132311199	267	40	48	0	1	1	2	-86	123300	3	1	1596	1478	54,54
1526405249.136645508	267	40	48	0	1	1	2	-85	123301	3	1	1596	1478	54,54
1526405249.149597427	267	40	48	0	1	1	2	-86	123303	3	1	1596	1478	54,54
1526405249.160245608	267	40	48	0	1	1	2	-86	123304	3	1	1596	1478	54,54
1526405249.171942395	267	40	48	0	1	1	2	-86	123305	3	1	1596	1478	54,54
1526405249.183771876	267	40	48	0	1	1	2	-86	123306	3	1	1596	1478	54,54
1526405249.198604441	343	40	60	0	1	1	2	-86	123309	2	1	1596	1478	40,5,40,5
1526405249.207377385	343	40	60	0	1	1	2	-86	123310	2	1	1596	1478	40,5,40,5
1526405249.218968879	249	40	60	0	1	1	2	-86	123311	1	4	1596	1478	58,5,58,5
1526405249.243719660	249	40	60	0	1	1	2	-86	123315	1	4	1596	1478	58,5,58,5
1526405249.243748205	249	40	60	0	1	1	2	-86	123315	1	4	1596	1478	58,5,58,5
1526405249.254357764	249	40	60	0	1	1	2	-87	123316	1	4	1596	1478	58,5,58,5
1526405249.266097835	249	40	60	0	1	1	2	-86	123317	1	4	1596	1478	58,5,58,5
1526405249.277854407	249	40	60	0	1	1	2	-86	123318	1	4	1596	1478	58,5,58,5
1526405249.289610766	249	40	60	0	1	1	2	-86	123319	1	4	1596	1478	58,5,58,5
1526405249.301287187	249	40	60	0	1	1	2	-86	123320	1	4	1596	1478	58,5,58,5
1526405249.313131947	249	40	60	0	1	1	2	-85	123321	1	4	1596	1478	58,5,58,5
1526405249.324836169	249	40	60	0	1	1	2	-86	123322	1	4	1596	1478	58,5,58,5
1526405249.337137971	249	40	60	0	1	1	2	-85	123323	1	4	1596	1478	58,5,58,5
1526405249.348443157	249	40	60	0	1	1	2	-86	123324	1	4	1596	1478	58,5,58,5
1526405249.360161402	249	40	60	0	1	1	2	-86	123325	1	4	1596	1478	58,5,58,5
1526405249.371944178	249	40	60	0	1	1	2	-85	123326	1	4	1596	1478	58,5,58,5
1526405249.384048343	249	40	60	0	1	1	2	-86	123327	1	4	1596	1478	58,5,58,5
1526405249.395356771	249	40	60	0	1	1	2	-86	123328	1	4	1596	1478	58,5,58,5
1526405249.407105572	249	40	60	0	1	1	2	-86	123329	1	4	1596	1478	58,5,58,5
1526405249.418624746	249	40	60	0	1	1	2	-86	123330	1	4	1596	1478	58,5,58,5
1526405249.430517698	249	40	60	0	1	1	2	-85	123331	1	4	1596	1478	58,5,58,5
1526405249.442269840	249	40	60	0	1	1	2	-85	123332	1	4	1596	1478	58,5,58,5
1526405249.454011902	249	40	60	0	1	1	2	-85	123333	1	4	1596	1478	58,5,58,5
1526405249.465773044	249	40	60	0	1	1	2	-86	123334	1	4	1596	1478	58,5,58,5
1526405249.477527789	249	40	60	0	1	1	2	-86	123335	1	4	1596	1478	58,5,58,5
1526405249.489289225	249	40	60	0	1	1	2	-86	123336	1	4	1596	1478	58,5,58,5
1526405249.501623644	249	40	60	0	1	1	2	-86	123337	1	4	1596	1478	58,5,58,5
1526405249.512949334	249	40	60	0	1	1	2	-85	123338	1	4	1596	1478	58,5,58,5
1526405249.524627567	249	40	60	0	1	1	2	-85	123339	1	4	1596	1478	58,5,58,5
1526405249.536554439	249	40	60	0	1	1	2	-85	123340	1	4	1596	1478	58,5,58,5
1526405249.548310401	249	40	60	0	1	1	2	-85	123341	1	4	1596	1478	58,5,58,5
1526405249.560073500	249	40	60	0	1	1	2	-86	123342	1	4	1596	1478	58,5,58,5
1526405249.571859656	249	40	60	0	1	1	2	-84	123343	1	4	1596	1478	58,5,58,5
1526405249.583618518	249	40	60	0	1	1	2	-86	123344	1	4	1596	1478	58,5,58,5
1526405249.595776692	249	40	60	0	1	1	2	-85	123345	1	4	1596	1478	58,5,58,5
1526405249.607059699	249	40	60	0	1	1	2	-85	123346	1	4	1596	1478	58,5,58,5
1526405249.618787335	249	40	60	0	1	1	2	-85	123347	1	4	1596	1478	58,5,58,5
1526405249.630537495	249	40	60	0	1	1	2	-85	123348	1	4	1596	1478	58,5,58,5
1526405249.642477302	249	40	60	0	1	1	2	-86	123349	1	4	1596	1478	58,5,58,5
1526405249.653954683	249	40	60	0	1	1	2	-85	123350	1	4	1596	1478	58,5,58,5
1526405249.666372873	249	40	60	0	1	1	2	-85	123351	1	4	1596	1478	58,5,58,5
1526405249.677594612	249	40	60	0	1	1	2	-85	123352	1	4	1596	1478	58,5,58,5
1526405249.689459844	249	40	60	0	1	1	2	-85	123353	1	4	1596	1478	58,5,58,5
1526405249.701752521	249	40	60	0	1	1	2	-85	123355	1	4	1596	1478	58,5,58,5
1526405249.713013335	249	40	60	0	1	1	2	-87	123356	1	4	1596	1478	58,5,58,5
1526405249.724712687	249	40	60	0	1	1	2	-85	123357	1	4	1596	1478	58,5,58,5
1526405249.736368355	249	40	60	0	1	1	2	-87	123358	1	4	1596	1478	58,5,58,5
1526405249.748118083	249	40	60	0	1	1	2	-86	123359	1	4	1596	1478	58,5,58,5
1526405249.759985318	249	40	60	0	1	1	2	-86	123360	1	4	1596	1478	58,5,58,5
1526405249.771692491	249	40	60	0	1	1	2	-85	123361	1	4	1596	1478	58,5,58,5
1526405249.783520180	249	40	60	0	1	1	2	-86	123362	1	4	1596	1478	58,5,58,5
1526405249.795295730	249	40	60	0	1	1	2	-86	123363	1	4	1596	1478	58,5,58,5
1526405249.807045563	249	40	60	0	1	1	2	-85	123364	1	4	1596	1478	58,5,58,5
1526405249.818759067	249	40	60	0	1	1	2	-85	123365	1	4	1596	1478	58,5,58,5
1526405249.830958096	249	40	60	0	1	1	2	-86	123366	1	4	1596	1478	58,5,58,5
1526405249.842527892	249	40	60	0	1	1	2	-86	123367	1	4	1596	1478	58,5,58,5
1526405249.854094269	249	40	60	0	1	1	2	-86	123368	1	4	1596	1478	58,5,58,5
1526405249.865840269	249	40	60	0	1	1	2	-86	123369	1	4	1596	1478	58,5,58,5
1526405249.877601126	249	40	60	0	1	1	2	-86	123370	1	4	1596	1478	58,5,58,5
1526405249.889382098	249	40	60	0	1	1	2	-85	123371	1	4	1596	1478	58,5,58,5
1526405249.901028252	249	40	60	0	1	1	2	-86	123372	1	4	1596	1478	58,5,58,5
1526405249.912904563	249	40	60	0	1	1	2	-85	123373	1	4	1596	1478	58,5,58,5
1526405249.924552625	249	40	60	0	1	1	2	-86	123374	1	4	1596	1478	58,5,58,5
1526405249.936399647	249	40	60	0	1	1	2	-86	123375	1	4	1596	1478	58,5,58,5
1526405249.948650897	249	40	60	0	1	1	2	-85	123376	1	4	1596	1478	58,5,58,5
1526405249.960377594	249	40	60	0	1	1	2	-86	123377	1	4	1596	1478	58,5,58,5
1526405249.971686584	249	40	60	0	1	1	2	-85	123378	1	4	1596	1478	58,5,58,5
1526405249.983428482	249	40	60	0	1	1	2	-86	123379	1	4	1596	1478	58,5,58,5
1526405249.995697412	249	40	60	0	1	1	2	-85	123380	1	4	1596	1478	58,5,58,5
1526405250.006750395	249	40	60	0	1	1	2	-86	123381	1	4	1596	1478	58,5,58,5
1526405250.018720128	249	40	60	0	1	1	2	-86	123382	1	4	1596	1478	58,5,58,5
1526405250.030375844	249	40	60	0	1	1	2	-85	123383	1	4	1596	1478	58,5,58,5
1526405250.042551111	249	40	60	0	1	1	2	-86	123384	1	4	1596	1478	58,5,58,5
1526405250.054006976	249	40	60	0	1	1	2	-85	123385	1	4	1596	1478	58,5,58,5
1526405250.065769408	249	40	60	0	1	1	2	-85	123386	1	4	1596	1478	58,5,58,5
1526405250.077465612	249	40	60	0	1	1	2	-86	123387	1	4	1596	1478	58,5,58,5
1526405250.089202944	249	40	60	0	1	1	2	-86	123388	1	4	1596	1478	58,5,58,5
1526405250.101102770	249	40	60	0	1	1	2	-86	123389	1	4	1596	1478	58,5,58,5
1526405250.112877464	249	40	60	0	1	1	2	-85	123390	1	4	1596	1478	58,5,58,5
1526405250.124522991	249	40	60	0	1	1	2	-86	123391	1	4	1596	1478	58,5,58,5
1526405250.136271232	249	40	60	0	1	1	2	-85	123392	1	4	1596	1478	58,5,58,5
1526405250.148145967	249	40	60	0	1	1	2	-85	123393	1	4	1596	1478	58,5,58,5
1526405250.160359160	249	40	60	0	1	1	2	-85	123394	1	4	1596	1478	58,5,58,5
1526405250.171679431	249	40	60	0	1	1	2	-85	123395	1	4	1596	1478	58,5,58,5
1526405250.183410516	249	40	60	0	1	1	2	-85	123396	1	4	1596	1478	58,5,58,5
1526405250.195177158	249	40	60	0	1	1	2	-85	123397	1	4	1596	1478	58,5,58,5
1526405250.206930160	249	40	60	0	1	1	2	-86	123398	1	4	1596	1478	58,5,58,5
1526405250.218707856	249	40	60	0	1	1	2	-85	123399	1	4	1596	1478	58,5,58,5
1526405250.230442075	249	40	60	0	1	1	2	-85	123400	1	4	1596	1478	58,5,58,5
1526405250.241956474	249	40	60	0	1	1	2	-85	123402	1	4	1596	1478	58,5,58,5
1526405250.253990341	249	40	60	0	1	1	2	-85	123403	1	4	1596	1478	58,5,58,5
1526405250.265646444	249	40	60	0	1	1	2	-86	123404	1	4	1596	1478	58,5,58,5
1526405250.277486019	249	40	60	0	1	1	2	-86	123405	1	4	1596	1478	58,5,58,5
1526405250.289282140	249	40	60	0	1	1	2	-85	123406	1	4	1596	1478	58,5,58,5
1526405250.300991352	249	40	60	0	1	1	2	-86	123407	1	4	1596	1478	58,5,58,5
1526405250.312638834	249	40	60	0	1	1	2	-87	123408	1	4	1596	1478	58,5,58,5
1526405250.324789815	249	40	60	0	1	1	2	-85	123409	1	4	1596	1478	58,5,58,5
1526405250.336243797	249	40	60	0	1	1	2	-85	123410	1	4	1596	1478	58,5,58,5
1526405250.347958003	249	40	60	0	1	1	2	-86	123411	1	4	1596	1478	58,5,58,5
1526405250.359605514	249	40	60	0	1	1	2	-85	123412	1	4	1596	1478	58,5,58,5
1526405250.371401697	249	40	60	0	1	1	2	-86	123413	1	4	1596	1478	58,5,58,5
1526405250.383216270	249	40	60	0	1	1	2	-85	123414	1	4	1596	1478	58,5,58,5
1526405250.394815601	249	40	60	0	1	1	2	-87	123415	1	4	1596	1478	58,5,58,5
1526405250.406707548	249	40	60	0	1	1	2	-86	123416	1	4	1596	1478	58,5,58,5
1526405250.418433285	249	40	60	0	1	1	2	-86	123417	1	4	1596	1478	58,5,58,5
1526405250.430240473	249	40	60	0	1	1	2	-85	123418	1	4	1596	1478	58,5,58,5
1526405250.441988978	249	40	60	0	1	1	2	-85	123419	1	4	1596	1478	58,5,58,5
1526405250.454889962	249	40	60	0	1	1	2	-85	123420	1	4	1596	1478	58,5,58,5
1526405250.465482860	249	40	60	0	1	1	2	-85	123421	1	4	1596	1478	58,5,58,5
1526405250.477262640	249	40	60	0	1	1	2	-86	123422	1	4	1596	1478	58,5,58,5
1526405250.489014331	249	40	60	0	1	1	2	-86	123423	1	4	1596	1478	58,5,58,5
1526405250.500791525	249	40	60	0	1	1	2	-86	123424	1	4	1596	1478	58,5,58,5
1526405250.513092320	249	40	60	0	1	1	2	-85	123425	1	4	1596	1478	58,5,58,5
1526405250.524309229	249	40	60	0	1	1	2	-86	123426	1	4	1596	1478	58,5,58,5
1526405250.536105658	249	40	60	0	1	1	2	-85	123427	1	4	1596	1478	58,5,58,5
1526405250.548374202	249	40	60	0	1	1	2	-85	123428	1	4	1596	1478	58,5,58,5
1526405250.559695768	249	40	60	0	1	1	2	-86	123429	1	4	1596	1478	58,5,58,5
1526405250.571459644	249	40	60	0	1	1	2	-86	123430	1	4	1596	1478	58,5,58,5
1526405250.583202110	249	40	60	0	1	1	2	-85	123431	1	4	1596	1478	58,5,58,5
1526405250.594961940	249	40	60	0	1	1	2	-85	123432	1	4	1596	1478	58,5,58,5
1526405250.606730935	249	40	60	0	1	1	2	-86	123433	1	4	1596	1478	58,5,58,5
1526405250.618497778	249	40	60	0	1	1	2	-86	123434	1	4	1596	1478	58,5,58,5
1526405250.630203479	249	40	60	0	1	1	2	-85	123435	1	4	1596	1478	58,5,58,5
1526405250.641883368	249	40	60	0	1	1	2	-86	123436	1	4	1596	1478	58,5,58,5
1526405250.653709217	249	40	60	0	1	1	2	-85	123437	1	4	1596	1478	58,5,58,5
1526405250.665931180	249	40	60	0	1	1	2	-86	123438	1	4	1596	1478	58,5,58,5
1526405250.677286573	249	40	60	0	1	1	2	-86	123439	1	4	1596	1478	58,5,58,5
1526405250.689034579	249	40	60	0	1	1	2	-86	123440	1	4	1596	1478	58,5,58,5
1526405250.700835788	249	40	60	0	1	1	2	-84	123441	1	4	1596	1478	58,5,58,5
1526405250.713083593	249	40	60	0	1	1	2	-86	123442	1	4	1596	1478	58,5,58,5
1526405250.724328830	249	40	60	0	1	1	2	-85	123443	1	4	1596	1478	58,5,58,5
1526405250.736027591	249	40	60	0	1	1	2	-86	123444	1	4	1596	1478	58,5,58,5
1526405250.747750596	249	40	60	0	1	1	2	-85	123445	1	4	1596	1478	58,5,58,5
1526405250.759523519	249	40	60	0	1	1	2	-85	123446	1	4	1596	1478	58,5,58,5
1526405250.771385914	249	40	60	0	1	1	2	-85	123447	1	4	1596	1478	58,5,58,5
1526405250.783138891	249	40	60	0	1	1	2	-85	123448	1	4	1596	1478	58,5,58,5
1526405250.794887267	249	40	60	0	1	1	2	-85	123449	1	4	1596	1478	58,5,58,5
1526405250.806572939	249	40	60	0	1	1	2	-84	123450	1	4	1596	1478	58,5,58,5
1526405250.818400158	249	40	60	0	1	1	2	-85	123451	1	4	1596	1478	58,5,58,5
1526405250.830177726	249	40	60	0	1	1	2	-86	123452	1	4	1596	1478	58,5,58,5
1526405250.841958969	249	40	60	0	1	1	2	-85	123453	1	4	1596	1478	58,5,58,5
1526405250.853681227	249	40	60	0	1	1	2	-85	123454	1	4	1596	1478	58,5,58,5
1526405250.866535259	249	40	60	0	1	1	2	-85	123455	1	4	1596	1478	58,5,58,5
1526405250.877203289	249	40	60	0	1	1	2	-85	123456	1	4	1596	1478	58,5,58,5
1526405250.888989143	249	40	60	0	1	1	2	-86	123457	1	4	1596	1478	58,5,58,5
1526405250.900746421	249	40	60	0	1	1	2	-85	123458	1	4	1596	1478	58,5,58,5
1526405250.912973585	249	40	60	0	1	1	2	-86	123459	1	4	1596	1478	58,5,58,5
1526405250.924246835	249	40	60	0	1	1	2	-85	123460	1	4	1596	1478	58,5,58,5
1526405250.935999799	249	40	60	0	1	1	2	-85	123461	1	4	1596	1478	58,5,58,5
1526405250.947808363	249	40	60	0	1	1	2	-86	123462	1	4	1596	1478	58,5,58,5
1526405250.959546952	249	40	60	0	1	1	2	-85	123463	1	4	1596	1478	58,5,58,5
1526405250.971299001	249	40	60	0	1	1	2	-84	123464	1	4	1596	1478	58,5,58,5
1526405250.983058202	249	40	60	0	1	1	2	-85	123465	1	4	1596	1478	58,5,58,5
1526405250.994820568	249	40	60	0	1	1	2	-85	123466	1	4	1596	1478	58,5,58,5
1526405251.006576085	249	40	60	0	1	1	2	-84	123467	1	4	1596	1478	58,5,58,5
1526405251.018330802	249	40	60	0	1	1	2	-85	123468	1	4	1596	1478	58,5,58,5
1526405251.030076184	249	40	60	0	1	1	2	-85	123469	1	4	1596	1478	58,5,58,5
1526405251.041873955	249	40	60	0	1	1	2	-85	123470	1	4	1596	1478	58,5,58,5
1526405251.053599654	249	40	60	0	1	1	2	-86	123471	1	4	1596	1478	58,5,58,5
1526405251.065381642	249	40	60	0	1	1	2	-86	123472	1	4	1596	1478	58,5,58,5
1526405251.077630881	249	40	60	0	1	1	2	-85	123473	1	4	1596	1478	58,5,58,5
1526405251.088875704	249	40	60	0	1	1	2	-85	123474	1	4	1596	1478	58,5,58,5
1526405251.100641346	249	40	60	0	1	1	2	-85	123475	1	4	1596	1478	58,5,58,5
1526405251.112333930	249	40	60	0	1	1	2	-86	123476	1	4	1596	1478	58,5,58,5
1526405251.124078276	249	40	60	0	1	1	2	-84	123477	1	4	1596	1478	58,5,58,5
1526405251.135931334	249	40	60	0	1	1	2	-85	123478	1	4	1596	1478	58,5,58,5
1526405251.147624588	249	40	60	0	1	1	2	-86	123479	1	4	1596	1478	58,5,58,5
1526405251.159470224	249	40	60	0	1	1	2	-85	123480	1	4	1596	1478	58,5,58,5
1526405251.171236507	249	40	60	0	1	1	2	-85	123481	1	4	1596	1478	58,5,58,5
1526405251.182963625	249	40	60	0	1	1	2	-85	123482	1	4	1596	1478	58,5,58,5
1526405251.194707603	249	40	60	0	1	1	2	-85	123483	1	4	1596	1478	58,5,58,5
1526405251.206478038	249	40	60	0	1	1	2	-85	123484	1	4	1596	1478	58,5,58,5
1526405251.218252459	249	40	60	0	1	1	2	-86	123485	1	4	1596	1478	58,5,58,5
1526405251.230398441	249	40	60	0	1	1	2	-85	123487	1	4	1596	1478	58,5,58,5
1526405251.242136640	249	40	60	0	1	1	2	-85	123488	1	4	1596	1478	58,5,58,5
1526405251.253463034	249	40	60	0	1	1	2	-85	123489	1	4	1596	1478	58,5,58,5
1526405251.265214831	249	40	60	0	1	1	2	-85	123490	1	4	1596	1478	58,5,58,5
1526405251.277066603	249	40	60	0	1	1	2	-85	123491	1	4	1596	1478	58,5,58,5
1526405251.289239470	249	40	60	0	1	1	2	-86	123492	1	4	1596	1478	58,5,58,5
1526405251.300581785	249	40	60	0	1	1	2	-85	123493	1	4	1596	1478	58,5,58,5
1526405251.312321307	249	40	60	0	1	1	2	-85	123494	1	4	1596	1478	58,5,58,5
1526405251.324083917	249	40	60	0	1	1	2	-85	123495	1	4	1596	1478	58,5,58,5
1526405251.336229876	249	40	60	0	1	1	2	-85	123497	1	4	1596	1478	58,5,58,5
1526405251.347530043	249	40	60	0	1	1	2	-85	123498	1	4	1596	1478	58,5,58,5
1526405251.359247192	249	40	60	0	1	1	2	-85	123499	1	4	1596	1478	58,5,58,5
1526405251.371025401	249	40	60	0	1	1	2	-85	123500	1	4	1596	1478	58,5,58,5
1526405251.382720630	249	40	60	0	1	1	2	-85	123501	1	4	1596	1478	58,5,58,5
1526405251.394537894	249	40	60	0	1	1	2	-85	123502	1	4	1596	1478	58,5,58,5
1526405251.406781620	249	40	60	0	1	1	2	-85	123503	1	4	1596	1478	58,5,58,5
1526405251.418044847	249	40	60	0	1	1	2	-86	123504	1	4	1596	1478	58,5,58,5
1526405251.429834308	249	40	60	0	1	1	2	-85	123505	1	4	1596	1478	58,5,58,5
1526405251.441579934	249	40	60	0	1	1	2	-86	123506	1	4	1596	1478	58,5,58,5
1526405251.453363176	249	40	60	0	1	1	2	-85	123507	1	4	1596	1478	58,5,58,5
1526405251.465109632	249	40	60	0	1	1	2	-86	123508	1	4	1596	1478	58,5,58,5
1526405251.476873065	249	40	60	0	1	1	2	-86	123509	1	4	1596	1478	58,5,58,5
1526405251.488616393	249	40	60	0	1	1	2	-85	123510	1	4	1596	1478	58,5,58,5
1526405251.500323000	249	40	60	0	1	1	2	-85	123511	1	4	1596	1478	58,5,58,5
1526405251.512156866	249	40	60	0	1	1	2	-85	123512	1	4	1596	1478	58,5,58,5
1526405251.523905982	249	40	60	0	1	1	2	-85	123513	1	4	1596	1478	58,5,58,5
1526405251.535748962	249	40	60	0	1	1	2	-85	123514	1	4	1596	1478	58,5,58,5
1526405251.547526234	249	40	60	0	1	1	2	-85	123515	1	4	1596	1478	58,5,58,5
1526405251.559317617	249	40	60	0	1	1	2	-85	123516	1	4	1596	1478	58,5,58,5
1526405251.571503523	249	40	60	0	1	1	2	-86	123517	1	4	1596	1478	58,5,58,5
1526405251.583005383	249	40	60	0	1	1	2	-86	123518	1	4	1596	1478	58,5,58,5
1526405251.594568914	249	40	60	0	1	1	2	-86	123519	1	4	1596	1478	58,5,58,5
1526405251.606342503	249	40	60	0	1	1	2	-85	123520	1	4	1596	1478	58,5,58,5
1526405251.618094561	249	40	60	0	1	1	2	-85	123521	1	4	1596	1478	58,5,58,5
1526405251.629777724	249	40	60	0	1	1	2	-85	123522	1	4	1596	1478	58,5,58,5
1526405251.641606473	249	40	60	0	1	1	2	-85	123523	1	4	1596	1478	58,5,58,5
1526405251.653311284	249	40	60	0	1	1	2	-86	123524	1	4	1596	1478	58,5,58,5
1526405251.664963747	249	40	60	0	1	1	2	-85	123525	1	4	1596	1478	58,5,58,5
1526405251.676715428	249	40	60	0	1	1	2	-84	123526	1	4	1596	1478	58,5,58,5
1526405251.688612781	249	40	60	0	1	1	2	-85	123527	1	4	1596	1478	58,5,58,5
1526405251.700812747	249	40	60	0	1	1	2	-85	123528	1	4	1596	1478	58,5,58,5
1526405251.712173673	249	40	60	0	1	1	2	-85	123529	1	4	1596	1478	58,5,58,5
1526405251.723929453	249	40	60	0	1	1	2	-85	123530	1	4	1596	1478	58,5,58,5
1526405251.735483021	249	40	60	0	1	1	2	-86	123531	1	4	1596	1478	58,5,58,5
1526405251.747808601	249	40	60	0	1	1	2	-86	123532	1	4	1596	1478	58,5,58,5
1526405251.759217474	249	40	60	0	1	1	2	-85	123533	1	4	1596	1478	58,5,58,5
1526405251.770957354	249	40	60	0	1	1	2	-86	123534	1	4	1596	1478	58,5,58,5
1526405251.783245966	249	40	60	0	1	1	2	-85	123536	1	4	1596	1478	58,5,58,5
1526405251.794495975	249	40	60	0	1	1	2	-84	123537	1	4	1596	1478	58,5,58,5
1526405251.806243908	249	40	60	0	1	1	2	-85	123538	1	4	1596	1478	58,5,58,5
1526405251.818023035	249	40	60	0	1	1	2	-85	123539	1	4	1596	1478	58,5,58,5
1526405251.829749754	249	40	60	0	1	1	2	-85	123540	1	4	1596	1478	58,5,58,5
1526405251.841598533	249	40	60	0	1	1	2	-86	123541	1	4	1596	1478	58,5,58,5
1526405251.853295517	249	40	60	0	1	1	2	-86	123542	1	4	1596	1478	58,5,58,5
1526405251.865060919	249	40	60	0	1	1	2	-86	123543	1	4	1596	1478	58,5,58,5
1526405251.876796791	249	40	60	0	1	1	2	-86	123544	1	4	1596	1478	58,5,58,5
1526405251.889025637	249	40	60	0	1	1	2	-85	123545	1	4	1596	1478	58,5,58,5
1526405251.900326888	249	40	60	0	1	1	2	-86	123546	1	4	1596	1478	58,5,58,5
1526405251.912572829	249	40	60	0	1	1	2	-86	123547	1	4	1596	1478	58,5,58,5
1526405251.923882279	249	40	60	0	1	1	2	-85	123548	1	4	1596	1478	58,5,58,5
1526405251.935610839	249	40	60	0	1	1	2	-85	123549	1	4	1596	1478	58,5,58,5
1526405251.947351736	249	40	60	0	1	1	2	-86	123550	1	4	1596	1478	58,5,58,5
1526405251.959119376	249	40	60	0	1	1	2	-86	123551	1	4	1596	1478	58,5,58,5
1526405251.970934671	249	40	60	0	1	1	2	-85	123552	1	4	1596	1478	58,5,58,5
1526405251.982651373	249	40	60	0	1	1	2	-85	123553	1	4	1596	1478	58,5,58,5
1526405251.994411236	249	40	60	0	1	1	2	-84	123554	1	4	1596	1478	58,5,58,5
1526405252.006178388	249	40	60	0	1	1	2	-85	123555	1	4	1596	1478	58,5,58,5
1526405252.017946481	249	40	60	0	1	1	2	-85	123556	1	4	1596	1478	58,5,58,5
1526405252.029613211	249	40	60	0	1	1	2	-85	123557	1	4	1596	1478	58,5,58,5
1526405252.041883273	249	40	60	0	1	1	2	-86	123559	1	4	1596	1478	58,5,58,5
1526405252.053218220	249	40	60	0	1	1	2	-85	123560	1	4	1596	1478	58,5,58,5
1526405252.065043970	249	40	60	0	1	1	2	-85	123561	1	4	1596	1478	58,5,58,5
1526405252.077204588	249	40	60	0	1	1	2	-85	123562	1	4	1596	1478	58,5,58,5
1526405252.088456875	249	40	60	0	1	1	2	-85	123563	1	4	1596	1478	58,5,58,5
1526405252.100201535	249	40	60	0	1	1	2	-85	123564	1	4	1596	1478	58,5,58,5
1526405252.112012376	249	40	60	0	1	1	2	-86	123565	1	4	1596	1478	58,5,58,5
1526405252.124210777	249	40	60	0	1	1	2	-86	123566	1	4	1596	1478	58,5,58,5
1526405252.135507004	249	40	60	0	1	1	2	-85	123567	1	4	1596	1478	58,5,58,5
1526405252.147279086	249	40	60	0	1	1	2	-86	123568	1	4	1596	1478	58,5,58,5
1526405252.159048549	249	40	60	0	1	1	2	-85	123569	1	4	1596	1478	58,5,58,5
1526405252.170751065	249	40	60	0	1	1	2	-85	123570	1	4	1596	1478	58,5,58,5
1526405252.182418672	249	40	60	0	1	1	2	-86	123571	1	4	1596	1478	58,5,58,5
1526405252.194329509	249	40	60	0	1	1	2	-85	123572	1	4	1596	1478	58,5,58,5
1526405252.206070727	249	40	60	0	1	1	2	-86	123573	1	4	1596	1478	58,5,58,5
1526405252.217834062	249	40	60	0	1	1	2	-85	123574	1	4	1596	1478	58,5,58,5
1526405252.229522501	249	40	60	0	1	1	2	-85	123575	1	4	1596	1478	58,5,58,5
1526405252.241730132	249	40	60	0	1	1	2	-86	123576	1	4	1596	1478	58,5,58,5
1526405252.253045923	249	40	60	0	1	1	2	-86	123577	1	4	1596	1478	58,5,58,5
1526405252.264884536	249	40	60	0	1	1	2	-85	123578	1	4	1596	1478	58,5,58,5
1526405252.276658760	249	40	60	0	1	1	2	-85	123579	1	4	1596	1478	58,5,58,5
1526405252.288416316	249	40	60	0	1	1	2	-86	123580	1	4	1596	1478	58,5,58,5
1526405252.300153842	249	40	60	0	1	1	2	-86	123581	1	4	1596	1478	58,5,58,5
1526405252.311852539	249	40	60	0	1	1	2	-86	123582	1	4	1596	1478	58,5,58,5
1526405252.323488969	249	40	60	0	1	1	2	-86	123583	1	4	1596	1478	58,5,58,5
1526405252.335237996	249	40	60	0	1	1	2	-86	123584	1	4	1596	1478	58,5,58,5
1526405252.346973140	249	40	60	0	1	1	2	-85	123585	1	4	1596	1478	58,5,58,5
1526405252.358821077	249	40	60	0	1	1	2	-86	123586	1	4	1596	1478	58,5,58,5
1526405252.371105938	249	40	60	0	1	1	2	-86	123587	1	4	1596	1478	58,5,58,5
1526405252.382355263	249	40	60	0	1	1	2	-86	123588	1	4	1596	1478	58,5,58,5
1526405252.394133687	249	40	60	0	1	1	2	-85	123589	1	4	1596	1478	58,5,58,5
1526405252.407169762	249	40	60	0	1	1	2	-85	123591	1	4	1596	1478	58,5,58,5
1526405252.417631665	249	40	60	0	1	1	2	-85	123592	1	4	1596	1478	58,5,58,5
1526405252.429391798	249	40	60	0	1	1	2	-85	123593	1	4	1596	1478	58,5,58,5
1526405252.441157517	249	40	60	0	1	1	2	-86	123594	1	4	1596	1478	58,5,58,5
1526405252.453089685	249	40	60	0	1	1	2	-86	123595	1	4	1596	1478	58,5,58,5
1526405252.464674388	249	40	60	0	1	1	2	-85	123596	1	4	1596	1478	58,5,58,5
1526405252.476448698	249	40	60	0	1	1	2	-85	123597	1	4	1596	1478	58,5,58,5
1526405252.488205998	249	40	60	0	1	1	2	-86	123598	1	4	1596	1478	58,5,58,5
1526405252.499951371	249	40	60	0	1	1	2	-86	123599	1	4	1596	1478	58,5,58,5
1526405252.511708308	249	40	60	0	1	1	2	-85	123600	1	4	1596	1478	58,5,58,5
1526405252.523473286	249	40	60	0	1	1	2	-85	123601	1	4	1596	1478	58,5,58,5
1526405252.535444713	249	40	60	0	1	1	2	-86	123602	1	4	1596	1478	58,5,58,5
1526405252.547016142	249	40	60	0	1	1	2	-85	123603	1	4	1596	1478	58,5,58,5
1526405252.558738430	249	40	60	0	1	1	2	-86	123604	1	4	1596	1478	58,5,58,5
1526405252.570507896	249	40	60	0	1	1	2	-86	123605	1	4	1596	1478	58,5,58,5
1526405252.582746801	249	40	60	0	1	1	2	-85	123606	1	4	1596	1478	58,5,58,5
1526405252.594038674	249	40	60	0	1	1	2	-85	123607	1	4	1596	1478	58,5,58,5
1526405252.605802252	249	40	60	0	1	1	2	-86	123608	1	4	1596	1478	58,5,58,5
1526405252.617561321	249	40	60	0	1	1	2	-85	123609	1	4	1596	1478	58,5,58,5
1526405252.629299600	249	40	60	0	1	1	2	-86	123610	1	4	1596	1478	58,5,58,5
1526405252.640993081	249	40	60	0	1	1	2	-85	123611	1	4	1596	1478	58,5,58,5
1526405252.652822502	249	40	60	0	1	1	2	-85	123612	1	4	1596	1478	58,5,58,5
1526405252.664590215	249	40	60	0	1	1	2	-86	123613	1	4	1596	1478	58,5,58,5
1526405252.676362804	249	40	60	0	1	1	2	-85	123614	1	4	1596	1478	58,5,58,5
1526405252.688022152	249	40	60	0	1	1	2	-85	123615	1	4	1596	1478	58,5,58,5
1526405252.699765441	249	40	60	0	1	1	2	-86	123616	1	4	1596	1478	58,5,58,5
1526405252.711595479	249	40	60	0	1	1	2	-86	123617	1	4	1596	1478	58,5,58,5
1526405252.723422910	249	40	60	0	1	1	2	-86	123618	1	4	1596	1478	58,5,58,5
1526405252.735053924	249	40	60	0	1	1	2	-86	123619	1	4	1596	1478	58,5,58,5
1526405252.747384293	249	40	60	0	1	1	2	-86	123620	1	4	1596	1478	58,5,58,5
1526405252.758675378	249	40	60	0	1	1	2	-86	123621	1	4	1596	1478	58,5,58,5
1526405252.770444530	249	40	60	0	1	1	2	-86	123622	1	4	1596	1478	58,5,58,5
1526405252.782240473	249	40	60	0	1	1	2	-85	123623	1	4	1596	1478	58,5,58,5
1526405252.793964062	249	40	60	0	1	1	2	-86	123624	1	4	1596	1478	58,5,58,5
1526405252.805761645	249	40	60	0	1	1	2	-85	123625	1	4	1596	1478	58,5,58,5
1526405252.817489186	249	40	60	0	1	1	2	-86	123626	1	4	1596	1478	58,5,58,5
1526405252.829315323	249	40	60	0	1	1	2	-85	123627	1	4	1596	1478	58,5,58,5
1526405252.841776242	249	40	60	0	1	1	2	-86	123628	1	4	1596	1478	58,5,58,5
1526405252.852870300	249	40	60	0	1	1	2	-85	123629	1	4	1596	1478	58,5,58,5
1526405252.864554635	249	40	60	0	1	1	2	-85	123630	1	4	1596	1478	58,5,58,5
1526405252.876402141	249	40	60	0	1	1	2	-85	123631	1	4	1596	1478	58,5,58,5
1526405252.888102616	249	40	60	0	1	1	2	-86	123632	1	4	1596	1478	58,5,58,5
1526405252.899911451	249	40	60	0	1	1	2	-85	123633	1	4	1596	1478	58,5,58,5
1526405252.912142019	249	40	60	0	1	1	2	-85	123634	1	4	1596	1478	58,5,58,5
1526405252.923445590	249	40	60	0	1	1	2	-85	123635	1	4	1596	1478	58,5,58,5
1526405252.935198471	249	40	60	0	1	1	2	-85	123636	1	4	1596	1478	58,5,58,5
1526405252.946959369	249	40	60	0	1	1	2	-86	123637	1	4	1596	1478	58,5,58,5
1526405252.959113607	249	40	60	0	1	1	2	-85	123638	1	4	1596	1478	58,5,58,5
1526405252.970480154	249	40	60	0	1	1	2	-86	123639	1	4	1596	1478	58,5,58,5
1526405252.982260451	249	40	60	0	1	1	2	-85	123640	1	4	1596	1478	58,5,58,5
1526405252.994041592	249	40	60	0	1	1	2	-86	123641	1	4	1596	1478	58,5,58,5
1526405253.005773694	249	40	60	0	1	1	2	-85	123642	1	4	1596	1478	58,5,58,5
1526405253.017523031	249	40	60	0	1	1	2	-85	123644	1	4	1596	1478	58,5,58,5
1526405253.029194701	249	40	60	0	1	1	2	-85	123645	1	4	1596	1478	58,5,58,5
1526405253.041029738	249	40	60	0	1	1	2	-85	123646	1	4	1596	1478	58,5,58,5
1526405253.052797163	249	40	60	0	1	1	2	-84	123647	1	4	1596	1478	58,5,58,5
1526405253.064528734	249	40	60	0	1	1	2	-85	123648	1	4	1596	1478	58,5,58,5
1526405253.076703225	249	40	60	0	1	1	2	-85	123649	1	4	1596	1478	58,5,58,5
1526405253.088133376	249	40	60	0	1	1	2	-85	123650	1	4	1596	1478	58,5,58,5
1526405253.099854814	249	40	60	0	1	1	2	-85	123651	1	4	1596	1478	58,5,58,5
1526405253.111630793	249	40	60	0	1	1	2	-86	123652	1	4	1596	1478	58,5,58,5
1526405253.123368150	249	40	60	0	1	1	2	-86	123653	1	4	1596	1478	58,5,58,5
1526405253.135168343	249	40	60	0	1	1	2	-86	123654	1	4	1596	1478	58,5,58,5
1526405253.146890580	249	40	60	0	1	1	2	-86	123655	1	4	1596	1478	58,5,58,5
1526405253.158644488	249	40	60	0	1	1	2	-85	123656	1	4	1596	1478	58,5,58,5
1526405253.170312191	249	40	60	0	1	1	2	-85	123657	1	4	1596	1478	58,5,58,5
1526405253.182185291	249	40	60	0	1	1	2	-85	123658	1	4	1596	1478	58,5,58,5
1526405253.193824156	249	40	60	0	1	1	2	-85	123659	1	4	1596	1478	58,5,58,5
1526405253.205583835	249	40	60	0	1	1	2	-85	123660	1	4	1596	1478	58,5,58,5
1526405253.217366823	249	40	60	0	1	1	2	-86	123661	1	4	1596	1478	58,5,58,5
1526405253.229103358	249	40	60	0	1	1	2	-86	123662	1	4	1596	1478	58,5,58,5
1526405253.241354283	249	40	60	0	1	1	2	-85	123663	1	4	1596	1478	58,5,58,5
1526405253.253219557	249	40	60	0	1	1	2	-85	123665	1	4	1596	1478	58,5,58,5
1526405253.264497845	249	40	60	0	1	1	2	-85	123666	1	4	1596	1478	58,5,58,5
1526405253.276164425	249	40	60	0	1	1	2	-85	123667	1	4	1596	1478	58,5,58,5
1526405253.287922551	249	40	60	0	1	1	2	-85	123668	1	4	1596	1478	58,5,58,5
1526405253.299588424	249	40	60	0	1	1	2	-85	123669	1	4	1596	1478	58,5,58,5
1526405253.311310543	249	40	60	0	1	1	2	-85	123670	1	4	1596	1478	58,5,58,5
1526405253.323623312	249	40	60	0	1	1	2	-84	123671	1	4	1596	1478	58,5,58,5
1526405253.334907237	249	40	60	0	1	1	2	-85	123672	1	4	1596	1478	58,5,58,5
1526405253.346687708	249	40	60	0	1	1	2	-86	123673	1	4	1596	1478	58,5,58,5
1526405253.358476524	249	40	60	0	1	1	2	-85	123674	1	4	1596	1478	58,5,58,5
1526405253.370428992	249	40	60	0	1	1	2	-85	123675	1	4	1596	1478	58,5,58,5
1526405253.381987293	249	40	60	0	1	1	2	-85	123676	1	4	1596	1478	58,5,58,5
1526405253.393999705	249	40	60	0	1	1	2	-86	123677	1	4	1596	1478	58,5,58,5
1526405253.405492662	249	40	60	0	1	1	2	-85	123678	1	4	1596	1478	58,5,58,5
1526405253.417746647	249	40	60	0	1	1	2	-85	123679	1	4	1596	1478	58,5,58,5
1526405253.428963806	249	40	60	0	1	1	2	-85	123680	1	4	1596	1478	58,5,58,5
1526405253.440706292	249	40	60	0	1	1	2	-85	123681	1	4	1596	1478	58,5,58,5
1526405253.452630904	249	40	60	0	1	1	2	-84	123682	1	4	1596	1478	58,5,58,5
1526405253.464397097	249	40	60	0	1	1	2	-85	123683	1	4	1596	1478	58,5,58,5
1526405253.476176062	249	40	60	0	1	1	2	-86	123684	1	4	1596	1478	58,5,58,5
1526405253.487927408	249	40	60	0	1	1	2	-86	123685	1	4	1596	1478	58,5,58,5
1526405253.499736876	249	40	60	0	1	1	2	-86	123686	1	4	1596	1478	58,5,58,5
1526405253.511461064	249	40	60	0	1	1	2	-86	123687	1	4	1596	1478	58,5,58,5
1526405253.523125774	249	40	60	0	1	1	2	-86	123688	1	4	1596	1478	58,5,58,5
1526405253.534899266	249	40	60	0	1	1	2	-86	123689	1	4	1596	1478	58,5,58,5
1526405253.546721587	249	40	60	0	1	1	2	-86	123690	1	4	1596	1478	58,5,58,5
1526405253.558475654	249	40	60	0	1	1	2	-85	123691	1	4	1596	1478	58,5,58,5
1526405253.571609099	249	40	60	0	1	1	2	-86	123692	1	4	1596	1478	58,5,58,5
1526405253.582551984	249	40	60	0	1	1	2	-85	123693	1	4	1596	1478	58,5,58,5
1526405253.593684569	249	40	60	0	1	1	2	-86	123694	1	4	1596	1478	58,5,58,5
1526405253.605546317	249	40	60	0	1	1	2	-85	123695	1	4	1596	1478	58,5,58,5
1526405253.617294543	249	40	60	0	1	1	2	-86	123696	1	4	1596	1478	58,5,58,5
1526405253.629615391	249	40	60	0	1	1	2	-86	123698	1	4	1596	1478	58,5,58,5
1526405253.640803369	249	40	60	0	1	1	2	-85	123699	1	4	1596	1478	58,5,58,5
1526405253.652565083	249	40	60	0	1	1	2	-85	123700	1	4	1596	1478	58,5,58,5
1526405253.664324740	249	40	60	0	1	1	2	-85	123701	1	4	1596	1478	58,5,58,5
1526405253.676013584	249	40	60	0	1	1	2	-85	123702	1	4	1596	1478	58,5,58,5
1526405253.687860962	249	40	60	0	1	1	2	-85	123703	1	4	1596	1478	58,5,58,5
1526405253.699606682	249	40	60	0	1	1	2	-85	123704	1	4	1596	1478	58,5,58,5
1526405253.711339958	249	40	60	0	1	1	2	-86	123705	1	4	1596	1478	58,5,58,5
1526405253.723043803	249	40	60	0	1	1	2	-85	123706	1	4	1596	1478	58,5,58,5
1526405253.734838454	249	40	60	0	1	1	2	-85	123707	1	4	1596	1478	58,5,58,5
1526405253.746926519	249	40	60	0	1	1	2	-86	123708	1	4	1596	1478	58,5,58,5
1526405253.758395925	249	40	60	0	1	1	2	-85	123709	1	4	1596	1478	58,5,58,5
1526405253.770168202	249	40	60	0	1	1	2	-86	123710	1	4	1596	1478	58,5,58,5
1526405253.781918645	249	40	60	0	1	1	2	-86	123711	1	4	1596	1478	58,5,58,5
1526405253.794563893	249	40	60	0	1	1	2	-86	123712	1	4	1596	1478	58,5,58,5
1526405253.805468988	249	40	60	0	1	1	2	-85	123713	1	4	1596	1478	58,5,58,5
1526405253.817637038	249	40	60	0	1	1	2	-85	123715	1	4	1596	1478	58,5,58,5
1526405253.829000736	249	40	60	0	1	1	2	-86	123716	1	4	1596	1478	58,5,58,5
1526405253.841276870	249	40	60	0	1	1	2	-86	123718	1	4	1596	1478	58,5,58,5
1526405253.852507777	249	40	60	0	1	1	2	-85	123720	1	4	1596	1478	58,5,58,5
1526405253.864243388	249	40	60	0	1	1	2	-85	123721	1	4	1596	1478	58,5,58,5
1526405253.876002313	249	40	60	0	1	1	2	-86	123722	1	4	1596	1478	58,5,58,5
1526405253.887765571	249	40	60	0	1	1	2	-85	123723	1	4	1596	1478	58,5,58,5
1526405253.899520024	249	40	60	0	1	1	2	-86	123724	1	4	1596	1478	58,5,58,5
1526405253.911780691	249	40	60	0	1	1	2	-85	123725	1	4	1596	1478	58,5,58,5
1526405253.923052207	249	40	60	0	1	1	2	-85	123726	1	4	1596	1478	58,5,58,5
1526405253.934815586	249	40	60	0	1	1	2	-86	123727	1	4	1596	1478	58,5,58,5
1526405253.946575344	249	40	60	0	1	1	2	-85	123728	1	4	1596	1478	58,5,58,5
1526405253.958304807	249	40	60	0	1	1	2	-86	123729	1	4	1596	1478	58,5,58,5
1526405253.970073705	249	40	60	0	1	1	2	-85	123730	1	4	1596	1478	58,5,58,5
1526405253.981847428	249	40	60	0	1	1	2	-85	123731	1	4	1596	1478	58,5,58,5
1526405253.993612343	249	40	60	0	1	1	2	-85	123732	1	4	1596	1478	58,5,58,5
1526405254.005380718	249	40	60	0	1	1	2	-85	123733	1	4	1596	1478	58,5,58,5
1526405254.017139340	249	40	60	0	1	1	2	-85	123734	1	4	1596	1478	58,5,58,5
1526405254.028704922	249	40	60	0	1	1	2	-86	123735	1	4	1596	1478	58,5,58,5
1526405254.040975102	249	40	60	0	1	1	2	-86	123736	1	4	1596	1478	58,5,58,5
1526405254.052397156	249	40	60	0	1	1	2	-85	123737	1	4	1596	1478	58,5,58,5
1526405254.064172490	249	40	60	0	1	1	2	-86	123738	1	4	1596	1478	58,5,58,5
1526405254.076409663	249	40	60	0	1	1	2	-86	123739	1	4	1596	1478	58,5,58,5
1526405254.087714635	249	40	60	0	1	1	2	-86	123740	1	4	1596	1478	58,5,58,5
1526405254.099449707	249	40	60	0	1	1	2	-85	123741	1	4	1596	1478	58,5,58,5
1526405254.111741425	249	40	60	0	1	1	2	-85	123742	1	4	1596	1478	58,5,58,5
1526405254.122910744	249	40	60	0	1	1	2	-85	123743	1	4	1596	1478	58,5,58,5
1526405254.134727210	249	40	60	0	1	1	2	-86	123744	1	4	1596	1478	58,5,58,5
1526405254.146454414	249	40	60	0	1	1	2	-85	123745	1	4	1596	1478	58,5,58,5
1526405254.158231285	249	40	60	0	1	1	2	-85	123746	1	4	1596	1478	58,5,58,5
1526405254.170005790	249	40	60	0	1	1	2	-86	123747	1	4	1596	1478	58,5,58,5
1526405254.181778825	249	40	60	0	1	1	2	-86	123748	1	4	1596	1478	58,5,58,5
1526405254.193519435	249	40	60	0	1	1	2	-85	123749	1	4	1596	1478	58,5,58,5
1526405254.205710853	249	40	60	0	1	1	2	-86	123750	1	4	1596	1478	58,5,58,5
1526405254.234750065	249	40	60	0	1	1	2	-85	123751	1	4	1596	1478	58,5,58,5
1526405254.235313277	249	40	60	0	1	1	2	-85	123752	1	4	1596	1478	58,5,58,5
1526405254.240471396	249	40	60	0	1	1	2	-86	123753	1	4	1596	1478	58,5,58,5
1526405254.252243839	249	40	60	0	1	1	2	-86	123754	1	4	1596	1478	58,5,58,5
1526405254.263913452	249	40	60	0	1	1	2	-86	123755	1	4	1596	1478	58,5,58,5
1526405254.275608074	249	40	60	0	1	1	2	-86	123756	1	4	1596	1478	58,5,58,5
1526405254.287357783	249	40	60	0	1	1	2	-86	123757	1	4	1596	1478	58,5,58,5
1526405254.299608741	249	40	60	0	1	1	2	-86	123758	1	4	1596	1478	58,5,58,5
1526405254.310897952	249	40	60	0	1	1	2	-85	123759	1	4	1596	1478	58,5,58,5
1526405254.322681652	249	40	60	0	1	1	2	-86	123760	1	4	1596	1478	58,5,58,5
1526405254.334435942	249	40	60	0	1	1	2	-86	123761	1	4	1596	1478	58,5,58,5
1526405254.346192640	249	40	60	0	1	1	2	-86	123762	1	4	1596	1478	58,5,58,5
1526405254.357957150	249	40	60	0	1	1	2	-86	123763	1	4	1596	1478	58,5,58,5
1526405254.369774726	249	40	60	0	1	1	2	-86	123764	1	4	1596	1478	58,5,58,5
1526405254.382113911	249	40	60	0	1	1	2	-85	123766	1	4	1596	1478	58,5,58,5
1526405254.393414172	249	40	60	0	1	1	2	-85	123767	1	4	1596	1478	58,5,58,5
1526405254.405205756	249	40	60	0	1	1	2	-85	123768	1	4	1596	1478	58,5,58,5
1526405254.416988475	249	40	60	0	1	1	2	-85	123769	1	4	1596	1478	58,5,58,5
1526405254.428743065	249	40	60	0	1	1	2	-85	123770	1	4	1596	1478	58,5,58,5
1526405254.440497185	249	40	60	0	1	1	2	-85	123771	1	4	1596	1478	58,5,58,5
1526405254.452248336	249	40	60	0	1	1	2	-85	123773	1	4	1596	1478	58,5,58,5
1526405254.464480394	249	40	60	0	1	1	2	-85	123774	1	4	1596	1478	58,5,58,5
1526405254.475760095	249	40	60	0	1	1	2	-85	123775	1	4	1596	1478	58,5,58,5
1526405254.487516605	249	40	60	0	1	1	2	-86	123776	1	4	1596	1478	58,5,58,5
1526405254.499233158	249	40	60	0	1	1	2	-85	123777	1	4	1596	1478	58,5,58,5
1526405254.511049113	249	40	60	0	1	1	2	-86	123778	1	4	1596	1478	58,5,58,5
1526405254.522834028	249	40	60	0	1	1	2	-85	123779	1	4	1596	1478	58,5,58,5
1526405254.534271305	249	40	60	0	1	1	2	-85	123780	1	4	1596	1478	58,5,58,5
1526405254.546336607	249	40	60	0	1	1	2	-85	123781	1	4	1596	1478	58,5,58,5
1526405254.558072393	249	40	60	0	1	1	2	-85	123782	1	4	1596	1478	58,5,58,5
1526405254.569849478	249	40	60	0	1	1	2	-86	123783	1	4	1596	1478	58,5,58,5
1526405254.581609349	249	40	60	0	1	1	2	-86	123784	1	4	1596	1478	58,5,58,5
1526405254.593381244	249	40	60	0	1	1	2	-85	123785	1	4	1596	1478	58,5,58,5
1526405254.605124669	249	40	60	0	1	1	2	-85	123786	1	4	1596	1478	58,5,58,5
1526405254.617196547	249	40	60	0	1	1	2	-85	123787	1	4	1596	1478	58,5,58,5
1526405254.628595991	249	40	60	0	1	1	2	-85	123788	1	4	1596	1478	58,5,58,5
1526405254.640893670	249	40	60	0	1	1	2	-85	123790	1	4	1596	1478	58,5,58,5
1526405254.652108453	249	40	60	0	1	1	2	-85	123791	1	4	1596	1478	58,5,58,5
1526405254.664394091	249	40	60	0	1	1	2	-85	123792	1	4	1596	1478	58,5,58,5
1526405254.675680731	249	40	60	0	1	1	2	-85	123793	1	4	1596	1478	58,5,58,5
1526405254.687452744	249	40	60	0	1	1	2	-85	123794	1	4	1596	1478	58,5,58,5
1526405254.699210318	249	40	60	0	1	1	2	-86	123795	1	4	1596	1478	58,5,58,5
1526405254.710955361	249	40	60	0	1	1	2	-85	123796	1	4	1596	1478	58,5,58,5
1526405254.722750646	249	40	60	0	1	1	2	-86	123797	1	4	1596	1478	58,5,58,5
1526405254.734379636	249	40	60	0	1	1	2	-86	123798	1	4	1596	1478	58,5,58,5
1526405254.746157284	249	40	60	0	1	1	2	-86	123799	1	4	1596	1478	58,5,58,5
1526405254.757926706	249	40	60	0	1	1	2	-85	123800	1	4	1596	1478	58,5,58,5
1526405254.769761634	249	40	60	0	1	1	2	-85	123801	1	4	1596	1478	58,5,58,5
1526405254.781517925	249	40	60	0	1	1	2	-85	123802	1	4	1596	1478	58,5,58,5
1526405254.793293064	249	40	60	0	1	1	2	-86	123803	1	4	1596	1478	58,5,58,5
1526405254.805083940	249	40	60	0	1	1	2	-85	123804	1	4	1596	1478	58,5,58,5
1526405254.816802904	249	40	60	0	1	1	2	-86	123805	1	4	1596	1478	58,5,58,5
1526405254.829045738	249	40	60	0	1	1	2	-86	123806	1	4	1596	1478	58,5,58,5
1526405254.840336143	249	40	60	0	1	1	2	-86	123807	1	4	1596	1478	58,5,58,5
1526405254.852518162	249	40	60	0	1	1	2	-85	123808	1	4	1596	1478	58,5,58,5
1526405254.863848150	249	40	60	0	1	1	2	-85	123809	1	4	1596	1478	58,5,58,5
1526405254.875605993	249	40	60	0	1	1	2	-85	123810	1	4	1596	1478	58,5,58,5
1526405254.887364517	249	40	60	0	1	1	2	-85	123811	1	4	1596	1478	58,5,58,5
1526405254.899138431	249	40	60	0	1	1	2	-86	123812	1	4	1596	1478	58,5,58,5
1526405254.910891410	249	40	60	0	1	1	2	-86	123813	1	4	1596	1478	58,5,58,5
1526405254.922682969	249	40	60	0	1	1	2	-86	123814	1	4	1596	1478	58,5,58,5
1526405254.934437336	249	40	60	0	1	1	2	-85	123815	1	4	1596	1478	58,5,58,5
1526405254.946178492	249	40	60	0	1	1	2	-86	123816	1	4	1596	1478	58,5,58,5
1526405254.957777004	249	40	60	0	1	1	2	-85	123817	1	4	1596	1478	58,5,58,5
1526405254.969688144	249	40	60	0	1	1	2	-85	123818	1	4	1596	1478	58,5,58,5
1526405254.981443994	249	40	60	0	1	1	2	-85	123819	1	4	1596	1478	58,5,58,5
1526405254.993690276	249	40	60	0	1	1	2	-84	123820	1	4	1596	1478	58,5,58,5
1526405255.004986609	249	40	60	0	1	1	2	-85	123821	1	4	1596	1478	58,5,58,5
1526405255.016684842	249	40	60	0	1	1	2	-85	123822	1	4	1596	1478	58,5,58,5
1526405255.028404363	249	40	60	0	1	1	2	-85	123823	1	4	1596	1478	58,5,58,5
1526405255.040758310	249	40	60	0	1	1	2	-85	123824	1	4	1596	1478	58,5,58,5
1526405255.052001952	249	40	60	0	1	1	2	-85	123825	1	4	1596	1478	58,5,58,5
1526405255.064506835	249	40	60	0	1	1	2	-85	123826	1	4	1596	1478	58,5,58,5
1526405255.075526612	249	40	60	0	1	1	2	-84	123827	1	4	1596	1478	58,5,58,5
1526405255.087311646	249	40	60	0	1	1	2	-84	123828	1	4	1596	1478	58,5,58,5
1526405255.099109568	249	40	60	0	1	1	2	-85	123829	1	4	1596	1478	58,5,58,5
1526405255.110709686	249	40	60	0	1	1	2	-85	123830	1	4	1596	1478	58,5,58,5
1526405255.122616368	249	40	60	0	1	1	2	-85	123831	1	4	1596	1478	58,5,58,5
1526405255.134565842	249	40	60	0	1	1	2	-85	123832	1	4	1596	1478	58,5,58,5
1526405255.146138905	249	40	60	0	1	1	2	-85	123833	1	4	1596	1478	58,5,58,5
1526405255.158347710	249	40	60	0	1	1	2	-86	123834	1	4	1596	1478	58,5,58,5
1526405255.169661995	249	40	60	0	1	1	2	-85	123835	1	4	1596	1478	58,5,58,5
1526405255.181416548	249	40	60	0	1	1	2	-85	123836	1	4	1596	1478	58,5,58,5
1526405255.193161171	249	40	60	0	1	1	2	-85	123837	1	4	1596	1478	58,5,58,5
1526405255.204942312	249	40	60	0	1	1	2	-85	123838	1	4	1596	1478	58,5,58,5
1526405255.216697147	249	40	60	0	1	1	2	-85	123839	1	4	1596	1478	58,5,58,5
1526405255.228382149	249	40	60	0	1	1	2	-86	123840	1	4	1596	1478	58,5,58,5
1526405255.240057927	249	40	60	0	1	1	2	-85	123841	1	4	1596	1478	58,5,58,5
1526405255.251855298	249	40	60	0	1	1	2	-85	123842	1	4	1596	1478	58,5,58,5
1526405255.263708724	249	40	60	0	1	1	2	-86	123843	1	4	1596	1478	58,5,58,5
1526405255.275495001	249	40	60	0	1	1	2	-85	123844	1	4	1596	1478	58,5,58,5
1526405255.287251838	249	40	60	0	1	1	2	-85	123845	1	4	1596	1478	58,5,58,5
1526405255.299003313	249	40	60	0	1	1	2	-86	123846	1	4	1596	1478	58,5,58,5
1526405255.310673842	249	40	60	0	1	1	2	-86	123847	1	4	1596	1478	58,5,58,5
1526405255.323537113	249	40	60	0	1	1	2	-85	123848	1	4	1596	1478	58,5,58,5
1526405255.334025826	249	40	60	0	1	1	2	-86	123849	1	4	1596	1478	58,5,58,5
1526405255.345836082	249	40	60	0	1	1	2	-86	123850	1	4	1596	1478	58,5,58,5
1526405255.357625111	249	40	60	0	1	1	2	-85	123851	1	4	1596	1478	58,5,58,5
1526405255.369445676	249	40	60	0	1	1	2	-86	123852	1	4	1596	1478	58,5,58,5
1526405255.381817582	249	40	60	0	1	1	2	-86	123853	1	4	1596	1478	58,5,58,5
1526405255.392971016	249	40	60	0	1	1	2	-85	123854	1	4	1596	1478	58,5,58,5
1526405255.404800950	249	40	60	0	1	1	2	-85	123855	1	4	1596	1478	58,5,58,5
1526405255.416483113	249	40	60	0	1	1	2	-86	123856	1	4	1596	1478	58,5,58,5
1526405255.428311855	249	40	60	0	1	1	2	-86	123857	1	4	1596	1478	58,5,58,5
1526405255.440030870	249	40	60	0	1	1	2	-85	123858	1	4	1596	1478	58,5,58,5
1526405255.452307409	249	40	60	0	1	1	2	-84	123859	1	4	1596	1478	58,5,58,5
1526405255.463621424	249	40	60	0	1	1	2	-86	123860	1	4	1596	1478	58,5,58,5
1526405255.475292212	249	40	60	0	1	1	2	-85	123861	1	4	1596	1478	58,5,58,5
1526405255.487477490	249	40	60	0	1	1	2	-85	123863	1	4	1596	1478	58,5,58,5
1526405255.498882508	249	40	60	0	1	1	2	-86	123864	1	4	1596	1478	58,5,58,5
1526405255.510652594	249	40	60	0	1	1	2	-85	123865	1	4	1596	1478	58,5,58,5
1526405255.522409008	249	40	60	0	1	1	2	-86	123866	1	4	1596	1478	58,5,58,5
1526405255.534069303	249	40	60	0	1	1	2	-85	123867	1	4	1596	1478	58,5,58,5
1526405255.545953212	249	40	60	0	1	1	2	-85	123868	1	4	1596	1478	58,5,58,5
1526405255.558115142	249	40	60	0	1	1	2	-86	123870	1	4	1596	1478	58,5,58,5
1526405255.569442929	249	40	60	0	1	1	2	-85	123871	1	4	1596	1478	58,5,58,5
1526405255.581243036	249	40	60	0	1	1	2	-86	123872	1	4	1596	1478	58,5,58,5
1526405255.592986152	249	40	60	0	1	1	2	-85	123873	1	4	1596	1478	58,5,58,5
1526405255.604715123	249	40	60	0	1	1	2	-86	123874	1	4	1596	1478	58,5,58,5
1526405255.616493366	249	40	60	0	1	1	2	-85	123875	1	4	1596	1478	58,5,58,5
1526405255.628239943	249	40	60	0	1	1	2	-86	123876	1	4	1596	1478	58,5,58,5
1526405255.639988546	249	40	60	0	1	1	2	-85	123877	1	4	1596	1478	58,5,58,5
1526405255.652739825	249	40	60	0	1	1	2	-86	123878	1	4	1596	1478	58,5,58,5
1526405255.663545145	249	40	60	0	1	1	2	-85	123879	1	4	1596	1478	58,5,58,5
1526405255.675292841	249	40	60	0	1	1	2	-85	123880	1	4	1596	1478	58,5,58,5
1526405255.687053553	249	40	60	0	1	1	2	-85	123881	1	4	1596	1478	58,5,58,5
1526405255.698793107	249	40	60	0	1	1	2	-86	123882	1	4	1596	1478	58,5,58,5
1526405255.710566457	249	40	60	0	1	1	2	-86	123883	1	4	1596	1478	58,5,58,5
1526405255.722328978	249	40	60	0	1	1	2	-85	123884	1	4	1596	1478	58,5,58,5
1526405255.734108852	249	40	60	0	1	1	2	-86	123885	1	4	1596	1478	58,5,58,5
1526405255.745842709	249	40	60	0	1	1	2	-86	123886	1	4	1596	1478	58,5,58,5
1526405255.757435286	249	40	60	0	1	1	2	-85	123887	1	4	1596	1478	58,5,58,5
1526405255.769366721	249	40	60	0	1	1	2	-85	123888	1	4	1596	1478	58,5,58,5
1526405255.781336223	249	40	60	0	1	1	2	-85	123889	1	4	1596	1478	58,5,58,5
1526405255.792872684	249	40	60	0	1	1	2	-86	123890	1	4	1596	1478	58,5,58,5
1526405255.805217670	249	40	60	0	1	1	2	-86	123892	1	4	1596	1478	58,5,58,5
1526405255.816876396	249	40	60	0	1	1	2	-86	123893	1	4	1596	1478	58,5,58,5
1526405255.828056282	249	40	60	0	1	1	2	-86	123894	1	4	1596	1478	58,5,58,5
1526405255.839785398	249	40	60	0	1	1	2	-85	123895	1	4	1596	1478	58,5,58,5
1526405255.852110954	249	40	60	0	1	1	2	-85	123896	1	4	1596	1478	58,5,58,5
1526405255.863623747	249	40	60	0	1	1	2	-86	123897	1	4	1596	1478	58,5,58,5
1526405255.875217326	249	40	60	0	1	1	2	-85	123898	1	4	1596	1478	58,5,58,5
1526405255.886972831	249	40	60	0	1	1	2	-85	123899	1	4	1596	1478	58,5,58,5
1526405255.898607229	249	40	60	0	1	1	2	-85	123900	1	4	1596	1478	58,5,58,5
1526405255.910413019	249	40	60	0	1	1	2	-86	123901	1	4	1596	1478	58,5,58,5
1526405255.922256872	249	40	60	0	1	1	2	-85	123902	1	4	1596	1478	58,5,58,5
1526405255.934006506	249	40	60	0	1	1	2	-85	123903	1	4	1596	1478	58,5,58,5
1526405255.945769799	249	40	60	0	1	1	2	-85	123904	1	4	1596	1478	58,5,58,5
1526405255.957565599	249	40	60	0	1	1	2	-85	123905	1	4	1596	1478	58,5,58,5
1526405255.969286644	249	40	60	0	1	1	2	-85	123906	1	4	1596	1478	58,5,58,5
1526405255.981501249	249	40	60	0	1	1	2	-86	123907	1	4	1596	1478	58,5,58,5
1526405255.992795432	249	40	60	0	1	1	2	-86	123908	1	4	1596	1478	58,5,58,5
1526405256.004568012	249	40	60	0	1	1	2	-87	123909	1	4	1596	1478	58,5,58,5
1526405256.016315304	249	40	60	0	1	1	2	-85	123910	1	4	1596	1478	58,5,58,5
1526405256.027964819	249	40	60	0	1	1	2	-86	123911	1	4	1596	1478	58,5,58,5
1526405256.039858698	249	40	60	0	1	1	2	-86	123912	1	4	1596	1478	58,5,58,5
1526405256.051616481	249	40	60	0	1	1	2	-85	123913	1	4	1596	1478	58,5,58,5
1526405256.063398932	249	40	60	0	1	1	2	-85	123914	1	4	1596	1478	58,5,58,5
1526405256.075049126	249	40	60	0	1	1	2	-86	123915	1	4	1596	1478	58,5,58,5
1526405256.086898473	249	40	60	0	1	1	2	-85	123916	1	4	1596	1478	58,5,58,5
1526405256.098649527	249	40	60	0	1	1	2	-85	123917	1	4	1596	1478	58,5,58,5
1526405256.110422814	249	40	60	0	1	1	2	-85	123918	1	4	1596	1478	58,5,58,5
1526405256.122172449	249	40	60	0	1	1	2	-85	123919	1	4	1596	1478	58,5,58,5
1526405256.133914208	249	40	60	0	1	1	2	-86	123920	1	4	1596	1478	58,5,58,5
1526405256.146051719	249	40	60	0	1	1	2	-86	123921	1	4	1596	1478	58,5,58,5
1526405256.157473705	249	40	60	0	1	1	2	-85	123922	1	4	1596	1478	58,5,58,5
1526405256.169231843	249	40	60	0	1	1	2	-85	123923	1	4	1596	1478	58,5,58,5
1526405256.180999214	249	40	60	0	1	1	2	-85	123924	1	4	1596	1478	58,5,58,5
1526405256.192671173	249	40	60	0	1	1	2	-85	123925	1	4	1596	1478	58,5,58,5
1526405256.204403278	249	40	60	0	1	1	2	-85	123926	1	4	1596	1478	58,5,58,5
1526405256.216104784	249	40	60	0	1	1	2	-85	123927	1	4	1596	1478	58,5,58,5
1526405256.227795858	249	40	60	0	1	1	2	-85	123928	1	4	1596	1478	58,5,58,5
1526405256.239552041	249	40	60	0	1	1	2	-85	123929	1	4	1596	1478	58,5,58,5
1526405256.251304450	249	40	60	0	1	1	2	-85	123930	1	4	1596	1478	58,5,58,5
1526405256.263510547	249	40	60	0	1	1	2	-86	123931	1	4	1596	1478	58,5,58,5
1526405256.274804915	249	40	60	0	1	1	2	-85	123932	1	4	1596	1478	58,5,58,5
1526405256.286597718	249	40	60	0	1	1	2	-86	123933	1	4	1596	1478	58,5,58,5
1526405256.298441711	249	40	60	0	1	1	2	-85	123935	1	4	1596	1478	58,5,58,5
1526405256.310182102	249	40	60	0	1	1	2	-85	123936	1	4	1596	1478	58,5,58,5
1526405256.321944415	249	40	60	0	1	1	2	-84	123937	1	4	1596	1478	58,5,58,5
1526405256.333594938	249	40	60	0	1	1	2	-86	123938	1	4	1596	1478	58,5,58,5
1526405256.345477202	249	40	60	0	1	1	2	-85	123939	1	4	1596	1478	58,5,58,5
1526405256.357689003	249	40	60	0	1	1	2	-85	123940	1	4	1596	1478	58,5,58,5
1526405256.369001387	249	40	60	0	1	1	2	-85	123941	1	4	1596	1478	58,5,58,5
1526405256.380743190	249	40	60	0	1	1	2	-85	123942	1	4	1596	1478	58,5,58,5
1526405256.392512917	249	40	60	0	1	1	2	-85	123943	1	4	1596	1478	58,5,58,5
1526405256.404267904	249	40	60	0	1	1	2	-85	123945	1	4	1596	1478	58,5,58,5
1526405256.416044135	249	40	60	0	1	1	2	-85	123946	1	4	1596	1478	58,5,58,5
1526405256.427793913	249	40	60	0	1	1	2	-85	123947	1	4	1596	1478	58,5,58,5
1526405256.439645425	249	40	60	0	1	1	2	-86	123948	1	4	1596	1478	58,5,58,5
1526405256.451435712	249	40	60	0	1	1	2	-85	123949	1	4	1596	1478	58,5,58,5
1526405256.463242927	249	40	60	0	1	1	2	-85	123950	1	4	1596	1478	58,5,58,5
1526405256.474927318	249	40	60	0	1	1	2	-85	123951	1	4	1596	1478	58,5,58,5
1526405256.486727119	249	40	60	0	1	1	2	-86	123952	1	4	1596	1478	58,5,58,5
1526405256.498589612	249	40	60	0	1	1	2	-85	123954	1	4	1596	1478	58,5,58,5
1526405256.510245408	249	40	60	0	1	1	2	-85	123955	1	4	1596	1478	58,5,58,5
1526405256.522483438	249	40	60	0	1	1	2	-85	123956	1	4	1596	1478	58,5,58,5
1526405256.533658735	249	40	60	0	1	1	2	-85	123957	1	4	1596	1478	58,5,58,5
1526405256.545517984	249	40	60	0	1	1	2	-85	123958	1	4	1596	1478	58,5,58,5
1526405256.557285164	249	40	60	0	1	1	2	-85	123959	1	4	1596	1478	58,5,58,5
1526405256.569067155	249	40	60	0	1	1	2	-85	123960	1	4	1596	1478	58,5,58,5
1526405256.580686574	249	40	60	0	1	1	2	-86	123961	1	4	1596	1478	58,5,58,5
1526405256.592562080	249	40	60	0	1	1	2	-85	123962	1	4	1596	1478	58,5,58,5
1526405256.604232212	249	40	60	0	1	1	2	-85	123964	1	4	1596	1478	58,5,58,5
1526405256.604936428	249	40	60	0	1	1	2	-85	123965	1	4	1596	1478	58,5,58,5
1526405256.616075946	249	40	60	0	1	1	2	-85	123966	1	4	1596	1478	58,5,58,5
1526405256.627840784	249	40	60	0	1	1	2	-85	123967	1	4	1596	1478	58,5,58,5
1526405256.639520876	249	40	60	0	1	1	2	-85	123968	1	4	1596	1478	58,5,58,5
1526405256.651370948	249	40	60	0	1	1	2	-86	123969	1	4	1596	1478	58,5,58,5
1526405256.663148712	249	40	60	0	1	1	2	-85	123970	1	4	1596	1478	58,5,58,5
1526405256.675358710	249	40	60	0	1	1	2	-85	123971	1	4	1596	1478	58,5,58,5
1526405256.686656834	249	40	60	0	1	1	2	-85	123972	1	4	1596	1478	58,5,58,5
1526405256.698292952	249	40	60	0	1	1	2	-86	123973	1	4	1596	1478	58,5,58,5
1526405256.710184788	249	40	60	0	1	1	2	-85	123974	1	4	1596	1478	58,5,58,5
1526405256.722418876	249	40	60	0	1	1	2	-86	123975	1	4	1596	1478	58,5,58,5
1526405256.733698809	249	40	60	0	1	1	2	-86	123976	1	4	1596	1478	58,5,58,5
1526405256.745437762	249	40	60	0	1	1	2	-85	123977	1	4	1596	1478	58,5,58,5
1526405256.757132327	249	40	60	0	1	1	2	-85	123978	1	4	1596	1478	58,5,58,5
1526405256.768955058	249	40	60	0	1	1	2	-85	123979	1	4	1596	1478	58,5,58,5
1526405256.780670767	249	40	60	0	1	1	2	-85	123980	1	4	1596	1478	58,5,58,5
1526405256.792404033	249	40	60	0	1	1	2	-85	123981	1	4	1596	1478	58,5,58,5
1526405256.804174757	249	40	60	0	1	1	2	-85	123982	1	4	1596	1478	58,5,58,5
1526405256.816008168	249	40	60	0	1	1	2	-86	123983	1	4	1596	1478	58,5,58,5
1526405256.827767228	249	40	60	0	1	1	2	-85	123984	1	4	1596	1478	58,5,58,5
1526405256.839479702	249	40	60	0	1	1	2	-85	123985	1	4	1596	1478	58,5,58,5
1526405256.851204888	249	40	60	0	1	1	2	-85	123986	1	4	1596	1478	58,5,58,5
1526405256.863040958	249	40	60	0	1	1	2	-85	123987	1	4	1596	1478	58,5,58,5
1526405256.874799905	249	40	60	0	1	1	2	-85	123988	1	4	1596	1478	58,5,58,5
1526405256.887065002	249	40	60	0	1	1	2	-86	123989	1	4	1596	1478	58,5,58,5
1526405256.898339001	249	40	60	0	1	1	2	-86	123990	1	4	1596	1478	58,5,58,5
1526405256.910016354	249	40	60	0	1	1	2	-85	123991	1	4	1596	1478	58,5,58,5
1526405256.921847293	249	40	60	0	1	1	2	-85	123992	1	4	1596	1478	58,5,58,5
1526405256.933687334	249	40	60	0	1	1	2	-86	123993	1	4	1596	1478	58,5,58,5
1526405256.945380762	249	40	60	0	1	1	2	-86	123994	1	4	1596	1478	58,5,58,5
1526405256.957142803	249	40	60	0	1	1	2	-86	123995	1	4	1596	1478	58,5,58,5
1526405256.969392895	249	40	60	0	1	1	2	-85	123996	1	4	1596	1478	58,5,58,5
1526405256.980574763	249	40	60	0	1	1	2	-85	123997	1	4	1596	1478	58,5,58,5
1526405256.992391412	249	40	60	0	1	1	2	-85	123998	1	4	1596	1478	58,5,58,5
1526405257.004175446	249	40	60	0	1	1	2	-86	123999	1	4	1596	1478	58,5,58,5
1526405257.015905701	249	40	60	0	1	1	2	-85	124000	1	4	1596	1478	58,5,58,5
1526405257.027683243	249	40	60	0	1	1	2	-85	124001	1	4	1596	1478	58,5,58,5
1526405257.039447046	249	40	60	0	1	1	2	-84	124002	1	4	1596	1478	58,5,58,5
1526405257.051658909	249	40	60	0	1	1	2	-85	124003	1	4	1596	1478	58,5,58,5
1526405257.062949487	249	40	60	0	1	1	2	-85	124004	1	4	1596	1478	58,5,58,5
1526405257.074741766	249	40	60	0	1	1	2	-85	124005	1	4	1596	1478	58,5,58,5
1526405257.086528321	249	40	60	0	1	1	2	-86	124006	1	4	1596	1478	58,5,58,5
1526405257.098457672	249	40	60	0	1	1	2	-85	124007	1	4	1596	1478	58,5,58,5
1526405257.109998824	249	40	60	0	1	1	2	-85	124008	1	4	1596	1478	58,5,58,5
1526405257.121741200	249	40	60	0	1	1	2	-85	124010	1	4	1596	1478	58,5,58,5
1526405257.133519502	249	40	60	0	1	1	2	-85	124011	1	4	1596	1478	58,5,58,5
1526405257.145273222	249	40	60	0	1	1	2	-85	124012	1	4	1596	1478	58,5,58,5
1526405257.156974021	249	40	60	0	1	1	2	-86	124013	1	4	1596	1478	58,5,58,5
1526405257.168726003	249	40	60	0	1	1	2	-84	124014	1	4	1596	1478	58,5,58,5
1526405257.180716869	249	40	60	0	1	1	2	-86	124015	1	4	1596	1478	58,5,58,5
1526405257.192310912	249	40	60	0	1	1	2	-85	124016	1	4	1596	1478	58,5,58,5
1526405257.204198108	249	40	60	0	1	1	2	-85	124017	1	4	1596	1478	58,5,58,5
1526405257.216147671	249	40	60	0	1	1	2	-85	124018	1	4	1596	1478	58,5,58,5
1526405257.227941102	249	40	60	0	1	1	2	-85	124019	1	4	1596	1478	58,5,58,5
1526405257.239444216	249	40	60	0	1	1	2	-85	124020	1	4	1596	1478	58,5,58,5
1526405257.251117666	249	40	60	0	1	1	2	-86	124021	1	4	1596	1478	58,5,58,5
1526405257.262882362	249	40	60	0	1	1	2	-85	124022	1	4	1596	1478	58,5,58,5
1526405257.274868508	249	40	60	0	1	1	2	-85	124024	1	4	1596	1478	58,5,58,5
1526405257.286287882	249	40	60	0	1	1	2	-85	124025	1	4	1596	1478	58,5,58,5
1526405257.298214571	249	40	60	0	1	1	2	-85	124026	1	4	1596	1478	58,5,58,5
1526405257.309801735	249	40	60	0	1	1	2	-85	124027	1	4	1596	1478	58,5,58,5
1526405257.321816897	249	40	60	0	1	1	2	-85	124028	1	4	1596	1478	58,5,58,5
1526405257.333385767	249	40	60	0	1	1	2	-85	124029	1	4	1596	1478	58,5,58,5
1526405257.345186913	249	40	60	0	1	1	2	-85	124030	1	4	1596	1478	58,5,58,5
1526405257.356792141	249	40	60	0	1	1	2	-86	124031	1	4	1596	1478	58,5,58,5
1526405257.368717286	249	40	60	0	1	1	2	-85	124032	1	4	1596	1478	58,5,58,5
1526405257.381332342	249	40	60	0	1	1	2	-85	124033	1	4	1596	1478	58,5,58,5
1526405257.392122594	249	40	60	0	1	1	2	-85	124034	1	4	1596	1478	58,5,58,5
1526405257.403979441	249	40	60	0	1	1	2	-85	124035	1	4	1596	1478	58,5,58,5
1526405257.415553174	249	40	60	0	1	1	2	-85	124036	1	4	1596	1478	58,5,58,5
1526405257.427497506	249	40	60	0	1	1	2	-85	124037	1	4	1596	1478	58,5,58,5
1526405257.439274138	249	40	60	0	1	1	2	-86	124038	1	4	1596	1478	58,5,58,5
1526405257.451017899	249	40	60	0	1	1	2	-85	124039	1	4	1596	1478	58,5,58,5
1526405257.462794760	249	40	60	0	1	1	2	-85	124040	1	4	1596	1478	58,5,58,5
1526405257.474565391	249	40	60	0	1	1	2	-85	124041	1	4	1596	1478	58,5,58,5
1526405257.486327083	249	40	60	0	1	1	2	-86	124042	1	4	1596	1478	58,5,58,5
1526405257.498487982	249	40	60	0	1	1	2	-85	124043	1	4	1596	1478	58,5,58,5
1526405257.509831454	249	40	60	0	1	1	2	-85	124044	1	4	1596	1478	58,5,58,5
1526405257.522095901	249	40	60	0	1	1	2	-85	124045	1	4	1596	1478	58,5,58,5
1526405257.533783858	249	40	60	0	1	1	2	-86	124047	1	4	1596	1478	58,5,58,5
1526405257.545608957	249	40	60	0	1	1	2	-86	124048	1	4	1596	1478	58,5,58,5
1526405257.556889064	249	40	60	0	1	1	2	-86	124049	1	4	1596	1478	58,5,58,5
1526405257.568645615	249	40	60	0	1	1	2	-85	124050	1	4	1596	1478	58,5,58,5
1526405257.580404955	249	40	60	0	1	1	2	-86	124051	1	4	1596	1478	58,5,58,5
1526405257.593014144	249	40	60	0	1	1	2	-85	124052	1	4	1596	1478	58,5,58,5
1526405257.603957231	249	40	60	0	1	1	2	-86	124053	1	4	1596	1478	58,5,58,5
1526405257.615638506	249	40	60	0	1	1	2	-85	124054	1	4	1596	1478	58,5,58,5
1526405257.627453912	249	40	60	0	1	1	2	-86	124055	1	4	1596	1478	58,5,58,5
1526405257.639134868	249	40	60	0	1	1	2	-85	124056	1	4	1596	1478	58,5,58,5
1526405257.650912743	249	40	60	0	1	1	2	-85	124057	1	4	1596	1478	58,5,58,5
1526405257.662749974	249	40	60	0	1	1	2	-85	124058	1	4	1596	1478	58,5,58,5
1526405257.674505937	249	40	60	0	1	1	2	-85	124059	1	4	1596	1478	58,5,58,5
1526405257.686244859	249	40	60	0	1	1	2	-86	124060	1	4	1596	1478	58,5,58,5
1526405257.698031426	249	40	60	0	1	1	2	-86	124061	1	4	1596	1478	58,5,58,5
1526405257.710232737	249	40	60	0	1	1	2	-85	124062	1	4	1596	1478	58,5,58,5
1526405257.721487357	249	40	60	0	1	1	2	-86	124063	1	4	1596	1478	58,5,58,5
1526405257.733755245	249	40	60	0	1	1	2	-86	124064	1	4	1596	1478	58,5,58,5
1526405257.744964632	249	40	60	0	1	1	2	-85	124065	1	4	1596	1478	58,5,58,5
1526405257.756803245	249	40	60	0	1	1	2	-86	124066	1	4	1596	1478	58,5,58,5
1526405257.768552789	249	40	60	0	1	1	2	-86	124067	1	4	1596	1478	58,5,58,5
1526405257.780315189	249	40	60	0	1	1	2	-85	124068	1	4	1596	1478	58,5,58,5
1526405257.792086893	249	40	60	0	1	1	2	-85	124069	1	4	1596	1478	58,5,58,5
1526405257.803676519	249	40	60	0	1	1	2	-85	124070	1	4	1596	1478	58,5,58,5
1526405257.815510052	249	40	60	0	1	1	2	-85	124071	1	4	1596	1478	58,5,58,5
1526405257.827386643	249	40	60	0	1	1	2	-85	124072	1	4	1596	1478	58,5,58,5
1526405257.839012056	249	40	60	0	1	1	2	-85	124073	1	4	1596	1478	58,5,58,5
1526405257.850885741	249	40	60	0	1	1	2	-85	124074	1	4	1596	1478	58,5,58,5
1526405257.862634598	249	40	60	0	1	1	2	-85	124075	1	4	1596	1478	58,5,58,5
1526405257.874860412	249	40	60	0	1	1	2	-85	124076	1	4	1596	1478	58,5,58,5
1526405257.886152804	249	40	60	0	1	1	2	-85	124077	1	4	1596	1478	58,5,58,5
1526405257.897925275	249	40	60	0	1	1	2	-85	124078	1	4	1596	1478	58,5,58,5
1526405257.909732223	249	40	60	0	1	1	2	-86	124079	1	4	1596	1478	58,5,58,5
1526405257.921884684	249	40	60	0	1	1	2	-85	124080	1	4	1596	1478	58,5,58,5
1526405257.933244540	249	40	60	0	1	1	2	-85	124081	1	4	1596	1478	58,5,58,5
1526405257.944918899	249	40	60	0	1	1	2	-85	124082	1	4	1596	1478	58,5,58,5
1526405257.956642145	249	40	60	0	1	1	2	-86	124083	1	4	1596	1478	58,5,58,5
1526405257.968503232	249	40	60	0	1	1	2	-85	124084	1	4	1596	1478	58,5,58,5
1526405257.980259703	249	40	60	0	1	1	2	-85	124085	1	4	1596	1478	58,5,58,5
1526405257.992027021	249	40	60	0	1	1	2	-84	124086	1	4	1596	1478	58,5,58,5
1526405258.003797569	249	40	60	0	1	1	2	-85	124087	1	4	1596	1478	58,5,58,5
1526405258.015537848	249	40	60	0	1	1	2	-85	124088	1	4	1596	1478	58,5,58,5
1526405258.027294303	249	40	60	0	1	1	2	-86	124089	1	4	1596	1478	58,5,58,5
1526405258.039483918	249	40	60	0	1	1	2	-85	124090	1	4	1596	1478	58,5,58,5
1526405258.050795487	249	40	60	0	1	1	2	-85	124091	1	4	1596	1478	58,5,58,5
1526405258.062565999	249	40	60	0	1	1	2	-86	124092	1	4	1596	1478	58,5,58,5
1526405258.074328476	249	40	60	0	1	1	2	-85	124093	1	4	1596	1478	58,5,58,5
1526405258.086121124	249	40	60	0	1	1	2	-84	124094	1	4	1596	1478	58,5,58,5
1526405258.097853624	249	40	60	0	1	1	2	-85	124095	1	4	1596	1478	58,5,58,5
1526405258.109556185	249	40	60	0	1	1	2	-85	124096	1	4	1596	1478	58,5,58,5
1526405258.121374577	249	40	60	0	1	1	2	-85	124097	1	4	1596	1478	58,5,58,5
1526405258.133142957	249	40	60	0	1	1	2	-85	124098	1	4	1596	1478	58,5,58,5
1526405258.144738003	249	40	60	0	1	1	2	-85	124099	1	4	1596	1478	58,5,58,5
1526405258.156462598	249	40	60	0	1	1	2	-86	124100	1	4	1596	1478	58,5,58,5
1526405258.168255820	249	40	60	0	1	1	2	-85	124101	1	4	1596	1478	58,5,58,5
1526405258.180058779	249	40	60	0	1	1	2	-85	124102	1	4	1596	1478	58,5,58,5
1526405258.191743741	249	40	60	0	1	1	2	-85	124103	1	4	1596	1478	58,5,58,5
1526405258.204054041	249	40	60	0	1	1	2	-86	124105	1	4	1596	1478	58,5,58,5
1526405258.215362619	249	40	60	0	1	1	2	-85	124106	1	4	1596	1478	58,5,58,5
1526405258.227101268	249	40	60	0	1	1	2	-86	124107	1	4	1596	1478	58,5,58,5
1526405258.239202426	249	40	60	0	1	1	2	-86	124108	1	4	1596	1478	58,5,58,5
1526405258.250638574	249	40	60	0	1	1	2	-86	124109	1	4	1596	1478	58,5,58,5
1526405258.262371902	249	40	60	0	1	1	2	-85	124110	1	4	1596	1478	58,5,58,5
1526405258.274072237	249	40	60	0	1	1	2	-85	124111	1	4	1596	1478	58,5,58,5
1526405258.285894879	249	40	60	0	1	1	2	-85	124112	1	4	1596	1478	58,5,58,5
1526405258.297663129	249	40	60	0	1	1	2	-85	124113	1	4	1596	1478	58,5,58,5
1526405258.309696289	249	40	60	0	1	1	2	-86	124114	1	4	1596	1478	58,5,58,5
1526405258.321178008	249	40	60	0	1	1	2	-85	124115	1	4	1596	1478	58,5,58,5
1526405258.333336404	249	40	60	0	1	1	2	-85	124116	1	4	1596	1478	58,5,58,5
1526405258.345125675	249	40	60	0	1	1	2	-85	124117	1	4	1596	1478	58,5,58,5
1526405258.356469867	249	40	60	0	1	1	2	-86	124118	1	4	1596	1478	58,5,58,5
1526405258.368816304	249	40	60	0	1	1	2	-85	124120	1	4	1596	1478	58,5,58,5
1526405258.379956217	249	40	60	0	1	1	2	-85	124121	1	4	1596	1478	58,5,58,5
1526405258.391807629	249	40	60	0	1	1	2	-85	124122	1	4	1596	1478	58,5,58,5
1526405258.403595861	249	40	60	0	1	1	2	-86	124123	1	4	1596	1478	58,5,58,5
1526405258.415390384	249	40	60	0	1	1	2	-86	124124	1	4	1596	1478	58,5,58,5
1526405258.427518830	249	40	60	0	1	1	2	-86	124125	1	4	1596	1478	58,5,58,5
1526405258.438880115	249	40	60	0	1	1	2	-85	124126	1	4	1596	1478	58,5,58,5
1526405258.450639185	249	40	60	0	1	1	2	-86	124127	1	4	1596	1478	58,5,58,5
1526405258.462321780	249	40	60	0	1	1	2	-85	124128	1	4	1596	1478	58,5,58,5
1526405258.474132041	249	40	60	0	1	1	2	-86	124129	1	4	1596	1478	58,5,58,5
1526405258.485835442	249	40	60	0	1	1	2	-86	124130	1	4	1596	1478	58,5,58,5
1526405258.497678391	249	40	60	0	1	1	2	-85	124131	1	4	1596	1478	58,5,58,5
1526405258.509453759	249	40	60	0	1	1	2	-85	124132	1	4	1596	1478	58,5,58,5
1526405258.521256812	249	40	60	0	1	1	2	-85	124133	1	4	1596	1478	58,5,58,5
1526405258.532909620	249	40	60	0	1	1	2	-85	124134	1	4	1596	1478	58,5,58,5
1526405258.544723038	249	40	60	0	1	1	2	-87	124135	1	4	1596	1478	58,5,58,5
1526405258.556397328	249	40	60	0	1	1	2	-86	124136	1	4	1596	1478	58,5,58,5
1526405258.568676001	249	40	60	0	1	1	2	-85	124138	1	4	1596	1478	58,5,58,5
1526405258.580001333	249	40	60	0	1	1	2	-86	124139	1	4	1596	1478	58,5,58,5
1526405258.592253105	249	40	60	0	1	1	2	-86	124140	1	4	1596	1478	58,5,58,5
1526405258.603440201	249	40	60	0	1	1	2	-86	124141	1	4	1596	1478	58,5,58,5
1526405258.615295787	249	40	60	0	1	1	2	-86	124142	1	4	1596	1478	58,5,58,5
1526405258.627066306	249	40	60	0	1	1	2	-85	124143	1	4	1596	1478	58,5,58,5
1526405258.639062496	249	40	60	0	1	1	2	-85	124144	1	4	1596	1478	58,5,58,5
