1526389964.111149281	158	40	48	0	2	0	2	-69	52193	5	0	1596	1478	104,104
1526389964.120240056	158	40	48	0	2	0	2	-69	52194	5	0	1596	1478	104,104
1526389964.131956357	158	40	48	0	2	0	2	-69	52195	5	0	1596	1478	104,104
1526389964.143739183	158	40	48	0	2	0	2	-69	52196	5	0	1596	1478	104,104
1526389964.155547935	144	40	48	0	2	0	2	-68	52197	6	0	1596	1478	117,117
1526389964.167341363	144	40	48	0	2	0	2	-68	52198	6	0	1596	1478	117,117
1526389964.179098328	144	40	48	0	2	0	2	-68	52199	6	0	1596	1478	117,117
1526389964.191380213	144	40	48	0	2	0	2	-68	52201	6	0	1596	1478	117,117
1526389964.202673741	144	40	48	0	2	0	2	-69	52202	6	0	1596	1478	117,117
1526389964.214733456	144	40	48	0	2	0	2	-68	52203	6	0	1596	1478	117,117
1526389964.226211315	144	40	48	0	2	0	2	-68	52204	6	0	1596	1478	117,117
1526389964.238301390	144	40	48	0	2	0	2	-68	52205	6	0	1596	1478	117,117
1526389964.249600940	144	40	48	0	2	0	2	-68	52206	6	0	1596	1478	117,117
1526389964.261372927	144	40	48	0	2	0	2	-69	52207	6	0	1596	1478	117,117
1526389964.275730074	158	40	48	0	2	0	2	-68	52210	5	0	1596	1478	104,104
1526389964.284998115	158	40	48	0	2	0	2	-68	52211	5	0	1596	1478	104,104
1526389964.297159506	158	40	48	0	2	0	2	-69	52212	5	0	1596	1478	104,104
1526389964.308433032	158	40	48	0	2	0	2	-69	52213	5	0	1596	1478	104,104
1526389964.320058262	158	40	48	0	2	0	2	-69	52214	5	0	1596	1478	104,104
1526389964.332026865	158	40	48	0	2	0	2	-69	52215	5	0	1596	1478	104,104
1526389964.343816842	158	40	48	0	2	0	2	-69	52216	5	0	1596	1478	104,104
1526389964.355584674	158	40	48	0	2	0	2	-68	52217	5	0	1596	1478	104,104
1526389964.367353451	158	40	48	0	2	0	2	-68	52218	5	0	1596	1478	104,104
1526389964.382785043	197	40	48	0	2	0	2	-69	52220	4	0	1596	1478	78,78
1526389964.390797815	197	40	48	0	2	0	2	-69	52221	4	0	1596	1478	78,78
1526389964.402600764	197	40	48	0	2	0	2	-69	52222	4	0	1596	1478	78,78
1526389964.414417372	197	40	48	0	2	0	2	-69	52223	4	0	1596	1478	78,78
1526389964.426195016	197	40	48	0	2	0	2	-69	52224	4	0	1596	1478	78,78
1526389964.437927312	197	40	48	0	2	0	2	-69	52225	4	0	1596	1478	78,78
1526389964.449694557	197	40	48	0	2	0	2	-69	52226	4	0	1596	1478	78,78
1526389964.461381718	197	40	48	0	2	0	2	-70	52227	4	0	1596	1478	78,78
1526389964.473248662	197	40	48	0	2	0	2	-69	52228	4	0	1596	1478	78,78
1526389964.484849069	197	40	48	0	2	0	2	-69	52229	4	0	1596	1478	78,78
1526389964.496745341	197	40	48	0	2	0	2	-69	52230	4	0	1596	1478	78,78
1526389964.508522731	197	40	48	0	2	0	2	-69	52231	4	0	1596	1478	78,78
1526389964.520990544	197	40	48	0	2	0	2	-69	52232	4	0	1596	1478	78,78
1526389964.531966566	197	40	48	0	2	0	2	-69	52233	4	0	1596	1478	78,78
1526389964.544208728	197	40	48	0	2	0	2	-69	52235	4	0	1596	1478	78,78
1526389964.555442452	197	40	48	0	2	0	2	-69	52236	4	0	1596	1478	78,78
1526389964.567301103	197	40	48	0	2	0	2	-69	52237	4	0	1596	1478	78,78
1526389964.579058807	197	40	48	0	2	0	2	-69	52238	4	0	1596	1478	78,78
1526389964.590799369	197	40	48	0	2	0	2	-69	52239	4	0	1596	1478	78,78
1526389964.602585261	197	40	48	0	2	0	2	-68	52240	4	0	1596	1478	78,78
1526389964.614273995	197	40	48	0	2	0	2	-69	52241	4	0	1596	1478	78,78
1526389964.626097120	197	40	48	0	2	0	2	-69	52242	4	0	1596	1478	78,78
1526389964.637785419	197	40	48	0	2	0	2	-69	52243	4	0	1596	1478	78,78
1526389964.649984847	197	40	48	0	2	0	2	-69	52244	4	0	1596	1478	78,78
1526389964.661303630	197	40	48	0	2	0	2	-69	52245	4	0	1596	1478	78,78
1526389964.673046427	197	40	48	0	2	0	2	-70	52246	4	0	1596	1478	78,78
1526389964.684738987	197	40	48	0	2	0	2	-70	52247	4	0	1596	1478	78,78
1526389964.696531163	197	40	48	0	2	0	2	-70	52248	4	0	1596	1478	78,78
1526389964.708768158	197	40	48	0	2	0	2	-69	52250	4	0	1596	1478	78,78
1526389964.720094628	197	40	48	0	2	0	2	-69	52251	4	0	1596	1478	78,78
1526389964.732236446	197	40	48	0	2	0	2	-69	52252	4	0	1596	1478	78,78
1526389964.743576117	197	40	48	0	2	0	2	-69	52253	4	0	1596	1478	78,78
1526389964.755316007	197	40	48	0	2	0	2	-69	52254	4	0	1596	1478	78,78
1526389964.767122852	197	40	48	0	2	0	2	-69	52255	4	0	1596	1478	78,78
1526389964.778908588	197	40	48	0	2	0	2	-69	52256	4	0	1596	1478	78,78
1526389964.790651849	197	40	48	0	2	0	2	-70	52257	4	0	1596	1478	78,78
1526389964.802377688	197	40	48	0	2	0	2	-70	52258	4	0	1596	1478	78,78
1526389964.814188625	197	40	48	0	2	0	2	-69	52259	4	0	1596	1478	78,78
1526389964.826004287	197	40	48	0	2	0	2	-68	52260	4	0	1596	1478	78,78
1526389964.837680230	197	40	48	0	2	0	2	-69	52261	4	0	1596	1478	78,78
1526389964.849488894	197	40	48	0	2	0	2	-69	52262	4	0	1596	1478	78,78
1526389964.861237692	197	40	48	0	2	0	2	-69	52263	4	0	1596	1478	78,78
1526389964.872999824	158	40	48	0	2	0	2	-68	52264	5	0	1596	1478	104,104
1526389964.884765179	158	40	48	0	2	0	2	-68	52265	5	0	1596	1478	104,104
1526389964.896544768	158	40	48	0	2	0	2	-68	52266	5	0	1596	1478	104,104
1526389964.908320860	158	40	48	0	2	0	2	-69	52267	5	0	1596	1478	104,104
1526389964.919987551	158	40	48	0	2	0	2	-69	52268	5	0	1596	1478	104,104
1526389964.931710917	144	40	48	0	2	0	2	-68	52269	6	0	1596	1478	117,117
1526389964.943554896	144	40	48	0	2	0	2	-68	52270	6	0	1596	1478	117,117
1526389964.955310396	144	40	48	0	2	0	2	-68	52271	6	0	1596	1478	117,117
1526389964.968793563	158	40	48	0	2	0	2	-69	52273	5	0	1596	1478	104,104
1526389964.978855946	158	40	48	0	2	0	2	-70	52274	5	0	1596	1478	104,104
1526389964.990607533	158	40	48	0	2	0	2	-69	52275	5	0	1596	1478	104,104
1526389965.002359429	158	40	48	0	2	0	2	-68	52276	5	0	1596	1478	104,104
1526389965.014158154	158	40	48	0	2	0	2	-68	52277	5	0	1596	1478	104,104
1526389965.025898738	158	40	48	0	2	0	2	-69	52278	5	0	1596	1478	104,104
1526389965.037585824	158	40	48	0	2	0	2	-69	52279	5	0	1596	1478	104,104
1526389965.049396351	158	40	48	0	2	0	2	-69	52280	5	0	1596	1478	104,104
1526389965.061139605	144	40	48	0	2	0	2	-68	52281	6	0	1596	1478	117,117
1526389965.073420680	158	40	48	0	2	0	2	-69	52282	5	0	1596	1478	104,104
1526389965.084686370	158	40	48	0	2	0	2	-69	52283	5	0	1596	1478	104,104
1526389965.096457003	158	40	48	0	2	0	2	-69	52284	5	0	1596	1478	104,104
1526389965.108214378	158	40	48	0	2	0	2	-68	52285	5	0	1596	1478	104,104
1526389965.119955050	144	40	48	0	2	0	2	-68	52286	6	0	1596	1478	117,117
1526389965.131742422	158	40	48	0	2	0	2	-68	52287	5	0	1596	1478	104,104
1526389965.143390411	158	40	48	0	2	0	2	-69	52288	5	0	1596	1478	104,104
1526389965.155496287	158	40	48	0	2	0	2	-69	52289	5	0	1596	1478	104,104
1526389965.167050346	158	40	48	0	2	0	2	-69	52290	5	0	1596	1478	104,104
1526389965.178770126	144	40	48	0	2	0	2	-68	52291	6	0	1596	1478	117,117
1526389965.190391779	158	40	48	0	2	0	2	-68	52292	5	0	1596	1478	104,104
1526389965.202334011	158	40	48	0	2	0	2	-68	52293	5	0	1596	1478	104,104
1526389965.214039695	158	40	48	0	2	0	2	-68	52294	5	0	1596	1478	104,104
1526389965.225817957	158	40	48	0	2	0	2	-68	52295	5	0	1596	1478	104,104
1526389965.237546477	144	40	48	0	2	0	2	-68	52296	6	0	1596	1478	117,117
1526389965.249436853	144	40	48	0	2	0	2	-67	52297	6	0	1596	1478	117,117
1526389965.261052563	144	40	48	0	2	0	2	-67	52298	6	0	1596	1478	117,117
1526389965.272843043	144	40	48	0	2	0	2	-67	52299	6	0	1596	1478	117,117
1526389965.284509232	144	40	48	0	2	0	2	-67	52300	6	0	1596	1478	117,117
1526389965.296347471	134	40	48	0	2	0	2	-67	52301	7	0	1596	1478	130,130
1526389965.308073244	144	40	48	0	2	0	2	-67	52302	6	0	1596	1478	117,117
1526389965.321556588	158	40	48	0	2	0	2	-67	52306	5	0	1596	1478	104,104
1526389965.331663739	158	40	48	0	2	0	2	-67	52307	5	0	1596	1478	104,104
1526389965.343446520	158	40	48	0	2	0	2	-67	52308	5	0	1596	1478	104,104
1526389965.355052995	158	40	48	0	2	0	2	-67	52309	5	0	1596	1478	104,104
1526389965.366894931	158	40	48	0	2	0	2	-68	52310	5	0	1596	1478	104,104
1526389965.378653048	158	40	48	0	2	0	2	-68	52311	5	0	1596	1478	104,104
1526389965.390345337	158	40	48	0	2	0	2	-68	52312	5	0	1596	1478	104,104
1526389965.402175269	158	40	48	0	2	0	2	-67	52313	5	0	1596	1478	104,104
1526389965.413925989	144	40	48	0	2	0	2	-68	52314	6	0	1596	1478	117,117
1526389965.425727350	158	40	48	0	2	0	2	-68	52315	5	0	1596	1478	104,104
1526389965.437468257	158	40	48	0	2	0	2	-68	52316	5	0	1596	1478	104,104
1526389965.449248540	158	40	48	0	2	0	2	-68	52317	5	0	1596	1478	104,104
1526389965.461001489	158	40	48	0	2	0	2	-67	52318	5	0	1596	1478	104,104
1526389965.472771519	144	40	48	0	2	0	2	-67	52319	6	0	1596	1478	117,117
1526389965.484545165	158	40	48	0	2	0	2	-67	52320	5	0	1596	1478	104,104
1526389965.496205375	158	40	48	0	2	0	2	-67	52321	5	0	1596	1478	104,104
1526389965.508050136	158	40	48	0	2	0	2	-68	52322	5	0	1596	1478	104,104
1526389965.519670194	158	40	48	0	2	0	2	-67	52323	5	0	1596	1478	104,104
1526389965.531551856	144	40	48	0	2	0	2	-66	52324	6	0	1596	1478	117,117
1526389965.543321665	158	40	48	0	2	0	2	-66	52325	5	0	1596	1478	104,104
1526389965.555105444	158	40	48	0	2	0	2	-66	52326	5	0	1596	1478	104,104
1526389965.566849644	158	40	48	0	2	0	2	-67	52327	5	0	1596	1478	104,104
1526389965.578607789	158	40	48	0	2	0	2	-67	52328	5	0	1596	1478	104,104
1526389965.590356205	144	40	48	0	2	0	2	-67	52329	6	0	1596	1478	117,117
1526389965.602122623	144	40	48	0	2	0	2	-67	52330	6	0	1596	1478	117,117
1526389965.613802143	144	40	48	0	2	0	2	-67	52331	6	0	1596	1478	117,117
1526389965.625657560	144	40	48	0	2	0	2	-67	52332	6	0	1596	1478	117,117
1526389965.637402117	144	40	48	0	2	0	2	-67	52333	6	0	1596	1478	117,117
1526389965.649175215	134	40	48	0	2	0	2	-66	52334	7	0	1596	1478	130,130
1526389965.660912488	144	40	48	0	2	0	2	-66	52335	6	0	1596	1478	117,117
1526389965.672696382	144	40	48	0	2	0	2	-67	52336	6	0	1596	1478	117,117
1526389965.684451234	144	40	48	0	2	0	2	-67	52337	6	0	1596	1478	117,117
1526389965.696219535	144	40	48	0	2	0	2	-67	52338	6	0	1596	1478	117,117
1526389965.707867674	134	40	48	0	2	0	2	-67	52339	7	0	1596	1478	130,130
1526389965.719595942	144	40	48	0	2	0	2	-67	52340	6	0	1596	1478	117,117
1526389965.731469246	144	40	48	0	2	0	2	-67	52341	6	0	1596	1478	117,117
1526389965.743124856	144	40	48	0	2	0	2	-66	52342	6	0	1596	1478	117,117
1526389965.754916521	144	40	48	0	2	0	2	-67	52343	6	0	1596	1478	117,117
1526389965.766679615	134	40	48	0	2	0	2	-68	52344	7	0	1596	1478	130,130
1526389965.778525268	144	40	48	0	2	0	2	-68	52345	6	0	1596	1478	117,117
1526389965.790609882	144	40	48	0	2	0	2	-67	52346	6	0	1596	1478	117,117
1526389965.802024072	144	40	48	0	2	0	2	-68	52347	6	0	1596	1478	117,117
1526389965.813800872	144	40	48	0	2	0	2	-68	52348	6	0	1596	1478	117,117
1526389965.825986768	144	40	48	0	2	0	2	-68	52349	6	0	1596	1478	117,117
1526389965.837336943	144	40	48	0	2	0	2	-68	52350	6	0	1596	1478	117,117
1526389965.849108140	144	40	48	0	2	0	2	-69	52351	6	0	1596	1478	117,117
1526389965.862177493	144	40	48	0	2	0	2	-68	52354	6	0	1596	1478	117,117
1526389965.872597509	144	40	48	0	2	0	2	-68	52355	6	0	1596	1478	117,117
1526389965.884297179	144	40	48	0	2	0	2	-70	52356	6	0	1596	1478	117,117
1526389965.896157753	144	40	48	0	2	0	2	-70	52357	6	0	1596	1478	117,117
1526389965.907890589	144	40	48	0	2	0	2	-69	52358	6	0	1596	1478	117,117
1526389965.919498935	144	40	48	0	2	0	2	-69	52359	6	0	1596	1478	117,117
1526389965.931303964	144	40	48	0	2	0	2	-70	52360	6	0	1596	1478	117,117
1526389965.943146211	144	40	48	0	2	0	2	-70	52361	6	0	1596	1478	117,117
1526389965.954903408	144	40	48	0	2	0	2	-69	52362	6	0	1596	1478	117,117
1526389965.966690541	144	40	48	0	2	0	2	-69	52363	6	0	1596	1478	117,117
1526389965.978442264	144	40	48	0	2	0	2	-69	52364	6	0	1596	1478	117,117
1526389965.990597875	144	40	48	0	2	0	2	-69	52365	6	0	1596	1478	117,117
1526389966.001954045	144	40	48	0	2	0	2	-68	52366	6	0	1596	1478	117,117
1526389966.013749211	144	40	48	0	2	0	2	-69	52367	6	0	1596	1478	117,117
1526389966.025491242	144	40	48	0	2	0	2	-69	52368	6	0	1596	1478	117,117
1526389966.037240392	144	40	48	0	2	0	2	-68	52369	6	0	1596	1478	117,117
1526389966.049017739	144	40	48	0	2	0	2	-68	52370	6	0	1596	1478	117,117
1526389966.060752504	144	40	48	0	2	0	2	-68	52371	6	0	1596	1478	117,117
1526389966.072521833	144	40	48	0	2	0	2	-68	52372	6	0	1596	1478	117,117
1526389966.084287524	144	40	48	0	2	0	2	-68	52373	6	0	1596	1478	117,117
1526389966.096203255	144	40	48	0	2	0	2	-68	52374	6	0	1596	1478	117,117
1526389966.107799861	144	40	48	0	2	0	2	-68	52375	6	0	1596	1478	117,117
1526389966.119963288	144	40	48	0	2	0	2	-68	52377	6	0	1596	1478	117,117
1526389966.131328868	144	40	48	0	2	0	2	-68	52378	6	0	1596	1478	117,117
1526389966.143010597	144	40	48	0	2	0	2	-68	52379	6	0	1596	1478	117,117
1526389966.155228166	144	40	48	0	2	0	2	-69	52380	6	0	1596	1478	117,117
1526389966.166627644	144	40	48	0	2	0	2	-69	52381	6	0	1596	1478	117,117
1526389966.178374022	144	40	48	0	2	0	2	-67	52382	6	0	1596	1478	117,117
1526389966.190125167	144	40	48	0	2	0	2	-67	52383	6	0	1596	1478	117,117
1526389966.201893112	144	40	48	0	2	0	2	-68	52384	6	0	1596	1478	117,117
1526389966.213541584	144	40	48	0	2	0	2	-69	52385	6	0	1596	1478	117,117
1526389966.225403735	144	40	48	0	2	0	2	-68	52386	6	0	1596	1478	117,117
1526389966.238857307	158	40	48	0	2	0	2	-68	52388	5	0	1596	1478	104,104
1526389966.248822308	158	40	48	0	2	0	2	-69	52389	5	0	1596	1478	104,104
1526389966.260675150	158	40	48	0	2	0	2	-68	52390	5	0	1596	1478	104,104
1526389966.272464828	158	40	48	0	2	0	2	-67	52391	5	0	1596	1478	104,104
1526389966.284144609	158	40	48	0	2	0	2	-68	52392	5	0	1596	1478	104,104
1526389966.295985190	158	40	48	0	2	0	2	-68	52393	5	0	1596	1478	104,104
1526389966.307661687	158	40	48	0	2	0	2	-68	52394	5	0	1596	1478	104,104
1526389966.319390133	158	40	48	0	2	0	2	-68	52395	5	0	1596	1478	104,104
1526389966.331240555	144	40	48	0	2	0	2	-68	52396	6	0	1596	1478	117,117
1526389966.343018471	158	40	48	0	2	0	2	-68	52397	5	0	1596	1478	104,104
1526389966.354692215	158	40	48	0	2	0	2	-68	52398	5	0	1596	1478	104,104
1526389966.366528324	158	40	48	0	2	0	2	-68	52399	5	0	1596	1478	104,104
1526389966.378221041	158	40	48	0	2	0	2	-68	52400	5	0	1596	1478	104,104
1526389966.390526497	158	40	48	0	2	0	2	-68	52402	5	0	1596	1478	104,104
1526389966.401686638	158	40	48	0	2	0	2	-68	52403	5	0	1596	1478	104,104
1526389966.413580453	158	40	48	0	2	0	2	-68	52404	5	0	1596	1478	104,104
1526389966.425330687	158	40	48	0	2	0	2	-68	52405	5	0	1596	1478	104,104
1526389966.437112933	158	40	48	0	2	0	2	-68	52406	5	0	1596	1478	104,104
1526389966.448807823	158	40	48	0	2	0	2	-68	52407	5	0	1596	1478	104,104
1526389966.460663103	158	40	48	0	2	0	2	-68	52408	5	0	1596	1478	104,104
1526389966.472402860	158	40	48	0	2	0	2	-68	52409	5	0	1596	1478	104,104
1526389966.484140660	158	40	48	0	2	0	2	-68	52410	5	0	1596	1478	104,104
1526389966.497164072	158	40	48	0	2	0	2	-68	52411	5	0	1596	1478	104,104
1526389966.507663524	158	40	48	0	2	0	2	-68	52412	5	0	1596	1478	104,104
1526389966.519346407	158	40	48	0	2	0	2	-68	52413	5	0	1596	1478	104,104
1526389966.531067243	158	40	48	0	2	0	2	-68	52414	5	0	1596	1478	104,104
1526389966.542951148	158	40	48	0	2	0	2	-68	52415	5	0	1596	1478	104,104
1526389966.554724382	144	40	48	0	2	0	2	-68	52416	6	0	1596	1478	117,117
1526389966.566481723	158	40	48	0	2	0	2	-68	52417	5	0	1596	1478	104,104
1526389966.578228361	158	40	48	0	2	0	2	-68	52418	5	0	1596	1478	104,104
1526389966.589968410	158	40	48	0	2	0	2	-68	52419	5	0	1596	1478	104,104
1526389966.601749878	158	40	48	0	2	0	2	-68	52420	5	0	1596	1478	104,104
1526389966.613486026	144	40	48	0	2	0	2	-68	52421	6	0	1596	1478	117,117
1526389966.625256684	158	40	48	0	2	0	2	-68	52422	5	0	1596	1478	104,104
1526389966.636999104	158	40	48	0	2	0	2	-68	52423	5	0	1596	1478	104,104
1526389966.648775460	158	40	48	0	2	0	2	-68	52424	5	0	1596	1478	104,104
1526389966.660536297	158	40	48	0	2	0	2	-68	52425	5	0	1596	1478	104,104
1526389966.672289616	144	40	48	0	2	0	2	-68	52426	6	0	1596	1478	117,117
1526389966.683990937	144	40	48	0	2	0	2	-68	52427	6	0	1596	1478	117,117
1526389966.695812067	144	40	48	0	2	0	2	-68	52428	6	0	1596	1478	117,117
1526389966.707596369	144	40	48	0	2	0	2	-68	52429	6	0	1596	1478	117,117
1526389966.719239556	144	40	48	0	2	0	2	-68	52430	6	0	1596	1478	117,117
1526389966.731358219	144	40	48	0	2	0	2	-67	52431	6	0	1596	1478	117,117
1526389966.742743992	144	40	48	0	2	0	2	-68	52432	6	0	1596	1478	117,117
1526389966.754609015	144	40	48	0	2	0	2	-67	52433	6	0	1596	1478	117,117
1526389966.766352821	144	40	48	0	2	0	2	-68	52434	6	0	1596	1478	117,117
1526389966.778087249	144	40	48	0	2	0	2	-67	52435	6	0	1596	1478	117,117
1526389966.790238789	144	40	48	0	2	0	2	-68	52437	6	0	1596	1478	117,117
1526389966.801532060	144	40	48	0	2	0	2	-68	52438	6	0	1596	1478	117,117
1526389966.813314951	144	40	48	0	2	0	2	-67	52439	6	0	1596	1478	117,117
1526389966.825045820	144	40	48	0	2	0	2	-67	52440	6	0	1596	1478	117,117
1526389966.838397347	158	40	48	0	2	0	2	-68	52445	5	0	1596	1478	104,104
1526389966.848565147	158	40	48	0	2	0	2	-68	52446	5	0	1596	1478	104,104
1526389966.860348674	158	40	48	0	2	0	2	-68	52447	5	0	1596	1478	104,104
1526389966.872079825	158	40	48	0	2	0	2	-67	52448	5	0	1596	1478	104,104
1526389966.883664301	158	40	48	0	2	0	2	-67	52449	5	0	1596	1478	104,104
1526389966.895597493	158	40	48	0	2	0	2	-68	52450	5	0	1596	1478	104,104
1526389966.907374639	158	40	48	0	2	0	2	-68	52451	5	0	1596	1478	104,104
1526389966.919120186	158	40	48	0	2	0	2	-68	52452	5	0	1596	1478	104,104
1526389966.930871261	144	40	48	0	2	0	2	-68	52453	6	0	1596	1478	117,117
1526389966.944279393	158	40	48	0	2	0	2	-67	52454	5	0	1596	1478	104,104
1526389966.954386910	158	40	48	0	2	0	2	-67	52455	5	0	1596	1478	104,104
1526389966.966171293	158	40	48	0	2	0	2	-68	52456	5	0	1596	1478	104,104
1526389966.977908010	158	40	48	0	2	0	2	-68	52457	5	0	1596	1478	104,104
1526389966.989659838	144	40	48	0	2	0	2	-68	52458	6	0	1596	1478	117,117
1526389967.001444142	158	40	48	0	2	0	2	-68	52459	5	0	1596	1478	104,104
1526389967.013122868	158	40	48	0	2	0	2	-67	52460	5	0	1596	1478	104,104
1526389967.024949537	158	40	48	0	2	0	2	-68	52461	5	0	1596	1478	104,104
1526389967.036732933	158	40	48	0	2	0	2	-68	52462	5	0	1596	1478	104,104
1526389967.048471863	144	40	48	0	2	0	2	-68	52463	6	0	1596	1478	117,117
1526389967.060250839	158	40	48	0	2	0	2	-68	52464	5	0	1596	1478	104,104
1526389967.072000639	158	40	48	0	2	0	2	-68	52465	5	0	1596	1478	104,104
1526389967.083748385	158	40	48	0	2	0	2	-67	52466	5	0	1596	1478	104,104
1526389967.095506994	158	40	48	0	2	0	2	-67	52467	5	0	1596	1478	104,104
1526389967.107271760	144	40	48	0	2	0	2	-67	52468	6	0	1596	1478	117,117
1526389967.119322024	144	40	48	0	2	0	2	-67	52469	6	0	1596	1478	117,117
1526389967.130818267	144	40	48	0	2	0	2	-67	52470	6	0	1596	1478	117,117
1526389967.142595373	144	40	48	0	2	0	2	-67	52471	6	0	1596	1478	117,117
1526389967.154420199	144	40	48	0	2	0	2	-67	52472	6	0	1596	1478	117,117
1526389967.166107389	134	40	48	0	2	0	2	-67	52473	7	0	1596	1478	130,130
1526389967.177980101	144	40	48	0	2	0	2	-68	52474	6	0	1596	1478	117,117
1526389967.189718355	144	40	48	0	2	0	2	-67	52475	6	0	1596	1478	117,117
1526389967.201472110	144	40	48	0	2	0	2	-67	52476	6	0	1596	1478	117,117
1526389967.213258503	144	40	48	0	2	0	2	-68	52477	6	0	1596	1478	117,117
1526389967.224994320	134	40	48	0	2	0	2	-68	52478	7	0	1596	1478	130,130
1526389967.236659068	144	40	48	0	2	0	2	-68	52479	6	0	1596	1478	117,117
1526389967.248358980	144	40	48	0	2	0	2	-67	52480	6	0	1596	1478	117,117
1526389967.261358560	144	40	48	0	2	0	2	-67	52484	6	0	1596	1478	117,117
1526389967.271856411	144	40	48	0	2	0	2	-67	52485	6	0	1596	1478	117,117
1526389967.283722478	134	40	48	0	2	0	2	-67	52486	7	0	1596	1478	130,130
1526389967.295306591	144	40	48	0	2	0	2	-67	52487	6	0	1596	1478	117,117
1526389967.308249149	144	40	48	0	2	0	2	-68	52488	6	0	1596	1478	117,117
1526389967.319113521	144	40	48	0	2	0	2	-68	52489	6	0	1596	1478	117,117
1526389967.330892957	144	40	48	0	2	0	2	-68	52490	6	0	1596	1478	117,117
1526389967.343080426	144	40	48	0	2	0	2	-67	52492	6	0	1596	1478	117,117
1526389967.354431395	144	40	48	0	2	0	2	-67	52493	6	0	1596	1478	117,117
1526389967.366182148	144	40	48	0	2	0	2	-67	52494	6	0	1596	1478	117,117
1526389967.378305152	144	40	48	0	2	0	2	-68	52496	6	0	1596	1478	117,117
1526389967.389691512	144	40	48	0	2	0	2	-68	52497	6	0	1596	1478	117,117
1526389967.401461825	144	40	48	0	2	0	2	-68	52498	6	0	1596	1478	117,117
1526389967.413217169	144	40	48	0	2	0	2	-68	52499	6	0	1596	1478	117,117
1526389967.424970905	144	40	48	0	2	0	2	-68	52500	6	0	1596	1478	117,117
1526389967.436746767	144	40	48	0	2	0	2	-67	52501	6	0	1596	1478	117,117
1526389967.448491682	144	40	48	0	2	0	2	-68	52502	6	0	1596	1478	117,117
1526389967.460273454	144	40	48	0	2	0	2	-68	52503	6	0	1596	1478	117,117
1526389967.472019169	144	40	48	0	2	0	2	-68	52504	6	0	1596	1478	117,117
1526389967.483775557	144	40	48	0	2	0	2	-69	52505	6	0	1596	1478	117,117
1526389967.495545471	144	40	48	0	2	0	2	-69	52506	6	0	1596	1478	117,117
1526389967.507280610	134	40	48	0	2	0	2	-68	52507	7	0	1596	1478	130,130
1526389967.520074908	124	40	48	1	2	0	2	-68	52511	7	0	1596	1478	144,444,144,444
1526389967.532459124	144	40	48	0	2	0	2	-68	52516	6	0	1596	1478	117,117
1526389967.542455883	144	40	48	0	2	0	2	-68	52517	6	0	1596	1478	117,117
1526389967.554167428	144	40	48	0	2	0	2	-68	52518	6	0	1596	1478	117,117
1526389967.565838383	144	40	48	0	2	0	2	-68	52519	6	0	1596	1478	117,117
1526389967.577692806	144	40	48	0	2	0	2	-68	52520	6	0	1596	1478	117,117
1526389967.589481306	144	40	48	0	2	0	2	-68	52521	6	0	1596	1478	117,117
1526389967.601109438	144	40	48	0	2	0	2	-68	52522	6	0	1596	1478	117,117
1526389967.612924162	144	40	48	0	2	0	2	-68	52523	6	0	1596	1478	117,117
1526389967.625122301	144	40	48	0	2	0	2	-68	52524	6	0	1596	1478	117,117
1526389967.636495649	144	40	48	0	2	0	2	-68	52525	6	0	1596	1478	117,117
1526389967.648282194	144	40	48	0	2	0	2	-68	52526	6	0	1596	1478	117,117
1526389967.660061265	144	40	48	0	2	0	2	-68	52527	6	0	1596	1478	117,117
1526389967.671810041	144	40	48	0	2	0	2	-69	52528	6	0	1596	1478	117,117
1526389967.683546037	144	40	48	0	2	0	2	-69	52529	6	0	1596	1478	117,117
1526389967.695304170	144	40	48	0	2	0	2	-69	52530	6	0	1596	1478	117,117
1526389967.707060035	144	40	48	0	2	0	2	-69	52531	6	0	1596	1478	117,117
1526389967.718865787	144	40	48	0	2	0	2	-69	52532	6	0	1596	1478	117,117
1526389967.730619483	144	40	48	0	2	0	2	-69	52533	6	0	1596	1478	117,117
1526389967.742366387	144	40	48	0	2	0	2	-69	52534	6	0	1596	1478	117,117
1526389967.754096634	144	40	48	0	2	0	2	-69	52535	6	0	1596	1478	117,117
1526389967.765956739	144	40	48	0	2	0	2	-69	52536	6	0	1596	1478	117,117
1526389967.777677603	144	40	48	0	2	0	2	-69	52537	6	0	1596	1478	117,117
1526389967.789368313	134	40	48	0	2	0	2	-69	52538	7	0	1596	1478	130,130
1526389967.801154878	144	40	48	0	2	0	2	-69	52539	6	0	1596	1478	117,117
1526389967.812924578	144	40	48	0	2	0	2	-69	52540	6	0	1596	1478	117,117
1526389967.824674632	144	40	48	0	2	0	2	-69	52541	6	0	1596	1478	117,117
1526389967.836372399	144	40	48	0	2	0	2	-68	52542	6	0	1596	1478	117,117
1526389967.848101581	134	40	48	0	2	0	2	-69	52543	7	0	1596	1478	130,130
1526389967.859821783	144	40	48	0	2	0	2	-69	52544	6	0	1596	1478	117,117
1526389967.871571196	144	40	48	0	2	0	2	-68	52545	6	0	1596	1478	117,117
1526389967.883359724	144	40	48	0	2	0	2	-69	52546	6	0	1596	1478	117,117
1526389967.895105566	144	40	48	0	2	0	2	-69	52547	6	0	1596	1478	117,117
1526389967.907263090	144	40	48	0	2	0	2	-69	52548	6	0	1596	1478	117,117
1526389967.918782382	144	40	48	0	2	0	2	-69	52549	6	0	1596	1478	117,117
1526389967.930368568	144	40	48	0	2	0	2	-69	52550	6	0	1596	1478	117,117
1526389967.942157306	144	40	48	0	2	0	2	-69	52551	6	0	1596	1478	117,117
1526389967.953883275	144	40	48	0	2	0	2	-69	52552	6	0	1596	1478	117,117
1526389967.965660812	144	40	48	0	2	0	2	-69	52553	6	0	1596	1478	117,117
1526389967.978696768	144	40	48	0	2	0	2	-69	52556	6	0	1596	1478	117,117
1526389967.989183542	144	40	48	0	2	0	2	-69	52557	6	0	1596	1478	117,117
1526389968.000919644	144	40	48	0	2	0	2	-68	52558	6	0	1596	1478	117,117
1526389968.012710423	144	40	48	0	2	0	2	-68	52559	6	0	1596	1478	117,117
1526389968.024454315	144	40	48	0	2	0	2	-68	52560	6	0	1596	1478	117,117
1526389968.036315485	144	40	48	0	2	0	2	-68	52561	6	0	1596	1478	117,117
1526389968.048089052	144	40	48	0	2	0	2	-68	52562	6	0	1596	1478	117,117
1526389968.059865744	144	40	48	0	2	0	2	-68	52563	6	0	1596	1478	117,117
1526389968.071998625	144	40	48	0	2	0	2	-68	52564	6	0	1596	1478	117,117
1526389968.083367173	144	40	48	0	2	0	2	-68	52565	6	0	1596	1478	117,117
1526389968.095168764	144	40	48	0	2	0	2	-68	52566	6	0	1596	1478	117,117
1526389968.106922859	144	40	48	0	2	0	2	-68	52567	6	0	1596	1478	117,117
1526389968.118674099	144	40	48	0	2	0	2	-68	52568	6	0	1596	1478	117,117
1526389968.130426135	144	40	48	0	2	0	2	-68	52569	6	0	1596	1478	117,117
1526389968.142118417	144	40	48	0	2	0	2	-68	52570	6	0	1596	1478	117,117
1526389968.153939242	144	40	48	0	2	0	2	-68	52571	6	0	1596	1478	117,117
1526389968.165668748	144	40	48	0	2	0	2	-68	52572	6	0	1596	1478	117,117
1526389968.177479779	144	40	48	0	2	0	2	-68	52573	6	0	1596	1478	117,117
1526389968.189242236	144	40	48	0	2	0	2	-68	52574	6	0	1596	1478	117,117
1526389968.201422531	144	40	48	0	2	0	2	-68	52576	6	0	1596	1478	117,117
1526389968.212727996	144	40	48	0	2	0	2	-68	52577	6	0	1596	1478	117,117
1526389968.224482577	144	40	48	0	2	0	2	-68	52578	6	0	1596	1478	117,117
1526389968.236660032	144	40	48	0	2	0	2	-68	52579	6	0	1596	1478	117,117
1526389968.248154906	144	40	48	0	2	0	2	-68	52580	6	0	1596	1478	117,117
1526389968.260590636	144	40	48	0	2	0	2	-68	52583	6	0	1596	1478	117,117
1526389968.273217043	158	40	48	0	2	0	2	-68	52586	5	0	1596	1478	104,104
1526389968.283401855	158	40	48	0	2	0	2	-68	52587	5	0	1596	1478	104,104
1526389968.295010147	158	40	48	0	2	0	2	-68	52588	5	0	1596	1478	104,104
1526389968.306859964	158	40	48	0	2	0	2	-68	52589	5	0	1596	1478	104,104
1526389968.318633750	158	40	48	0	2	0	2	-68	52590	5	0	1596	1478	104,104
1526389968.330432667	158	40	48	0	2	0	2	-68	52591	5	0	1596	1478	104,104
1526389968.342133617	158	40	48	0	2	0	2	-68	52592	5	0	1596	1478	104,104
1526389968.353874183	158	40	48	0	2	0	2	-68	52593	5	0	1596	1478	104,104
1526389968.365647208	158	40	48	0	2	0	2	-68	52594	5	0	1596	1478	104,104
1526389968.377484794	158	40	48	0	2	0	2	-68	52595	5	0	1596	1478	104,104
1526389968.389248937	158	40	48	0	2	0	2	-68	52596	5	0	1596	1478	104,104
1526389968.400881937	144	40	48	0	2	0	2	-68	52597	6	0	1596	1478	117,117
1526389968.412800742	158	40	48	0	2	0	2	-68	52598	5	0	1596	1478	104,104
1526389968.424542218	158	40	48	0	2	0	2	-68	52599	5	0	1596	1478	104,104
1526389968.436295324	158	40	48	0	2	0	2	-68	52600	5	0	1596	1478	104,104
1526389968.448067894	158	40	48	0	2	0	2	-68	52601	5	0	1596	1478	104,104
1526389968.460204124	158	40	48	0	2	0	2	-68	52602	5	0	1596	1478	104,104
1526389968.471502575	158	40	48	0	2	0	2	-68	52603	5	0	1596	1478	104,104
1526389968.483224208	158	40	48	0	2	0	2	-68	52604	5	0	1596	1478	104,104
1526389968.495109112	158	40	48	0	2	0	2	-68	52605	5	0	1596	1478	104,104
1526389968.506845070	158	40	48	0	2	0	2	-67	52606	5	0	1596	1478	104,104
1526389968.518488588	158	40	48	0	2	0	2	-68	52607	5	0	1596	1478	104,104
1526389968.530258723	158	40	48	0	2	0	2	-68	52608	5	0	1596	1478	104,104
1526389968.542159562	158	40	48	0	2	0	2	-68	52609	5	0	1596	1478	104,104
1526389968.553891871	158	40	48	0	2	0	2	-68	52610	5	0	1596	1478	104,104
1526389968.565669327	158	40	48	0	2	0	2	-68	52611	5	0	1596	1478	104,104
1526389968.577330557	158	40	48	0	2	0	2	-68	52612	5	0	1596	1478	104,104
1526389968.589072912	158	40	48	0	2	0	2	-68	52613	5	0	1596	1478	104,104
1526389968.600837168	158	40	48	0	2	0	2	-68	52614	5	0	1596	1478	104,104
1526389968.612583427	158	40	48	0	2	0	2	-68	52615	5	0	1596	1478	104,104
1526389968.624255750	144	40	48	0	2	0	2	-68	52616	6	0	1596	1478	117,117
1526389968.636115916	158	40	48	0	2	0	2	-68	52617	5	0	1596	1478	104,104
1526389968.647829580	158	40	48	0	2	0	2	-68	52618	5	0	1596	1478	104,104
1526389968.659638416	158	40	48	0	2	0	2	-69	52619	5	0	1596	1478	104,104
1526389968.671336897	158	40	48	0	2	0	2	-68	52620	5	0	1596	1478	104,104
1526389968.683150274	144	40	48	0	2	0	2	-68	52621	6	0	1596	1478	117,117
1526389968.695002594	158	40	48	0	2	0	2	-68	52622	5	0	1596	1478	104,104
1526389968.706596132	158	40	48	0	2	0	2	-68	52623	5	0	1596	1478	104,104
1526389968.718485715	158	40	48	0	2	0	2	-68	52624	5	0	1596	1478	104,104
1526389968.730304565	158	40	48	0	2	0	2	-68	52625	5	0	1596	1478	104,104
1526389968.741910379	144	40	48	0	2	0	2	-68	52626	6	0	1596	1478	117,117
1526389968.753721177	144	40	48	0	2	0	2	-68	52627	6	0	1596	1478	117,117
1526389968.765547590	144	40	48	0	2	0	2	-68	52628	6	0	1596	1478	117,117
1526389968.777223670	144	40	48	0	2	0	2	-68	52629	6	0	1596	1478	117,117
1526389968.788981728	144	40	48	0	2	0	2	-68	52630	6	0	1596	1478	117,117
1526389968.801116728	144	40	48	0	2	0	2	-68	52632	6	0	1596	1478	117,117
1526389968.812529114	144	40	48	0	2	0	2	-68	52633	6	0	1596	1478	117,117
1526389968.824358383	144	40	48	0	2	0	2	-68	52634	6	0	1596	1478	117,117
1526389968.836095538	144	40	48	0	2	0	2	-68	52635	6	0	1596	1478	117,117
1526389968.847785053	144	40	48	0	2	0	2	-68	52636	6	0	1596	1478	117,117
1526389968.859560568	144	40	48	0	2	0	2	-68	52637	6	0	1596	1478	117,117
1526389968.871402817	144	40	48	0	2	0	2	-68	52638	6	0	1596	1478	117,117
1526389968.883152231	144	40	48	0	2	0	2	-68	52639	6	0	1596	1478	117,117
1526389968.894918286	144	40	48	0	2	0	2	-68	52640	6	0	1596	1478	117,117
1526389968.906716497	144	40	48	0	2	0	2	-68	52641	6	0	1596	1478	117,117
1526389968.918351540	144	40	48	0	2	0	2	-68	52642	6	0	1596	1478	117,117
1526389968.930190964	144	40	48	0	2	0	2	-68	52643	6	0	1596	1478	117,117
1526389968.941945659	144	40	48	0	2	0	2	-68	52644	6	0	1596	1478	117,117
1526389968.953737031	144	40	48	0	2	0	2	-68	52645	6	0	1596	1478	117,117
1526389968.965893481	144	40	48	0	2	0	2	-68	52646	6	0	1596	1478	117,117
1526389968.977238302	144	40	48	0	2	0	2	-68	52647	6	0	1596	1478	117,117
1526389968.988996971	144	40	48	0	2	0	2	-68	52648	6	0	1596	1478	117,117
1526389969.000749006	144	40	48	0	2	0	2	-68	52649	6	0	1596	1478	117,117
1526389969.012501991	144	40	48	0	2	0	2	-68	52650	6	0	1596	1478	117,117
1526389969.024273722	144	40	48	0	2	0	2	-68	52651	6	0	1596	1478	117,117
1526389969.035973435	144	40	48	0	2	0	2	-68	52652	6	0	1596	1478	117,117
1526389969.049035715	144	40	48	0	2	0	2	-68	52656	6	0	1596	1478	117,117
1526389969.059993438	144	40	48	0	2	0	2	-68	52658	6	0	1596	1478	117,117
1526389969.072909647	158	40	48	0	2	0	2	-68	52661	5	0	1596	1478	104,104
1526389969.083076715	158	40	48	0	2	0	2	-68	52662	5	0	1596	1478	104,104
1526389969.094866144	158	40	48	0	2	0	2	-68	52663	5	0	1596	1478	104,104
1526389969.106553139	158	40	48	0	2	0	2	-68	52664	5	0	1596	1478	104,104
1526389969.118379901	158	40	48	0	2	0	2	-68	52665	5	0	1596	1478	104,104
1526389969.130112618	158	40	48	0	2	0	2	-68	52666	5	0	1596	1478	104,104
1526389969.141806897	158	40	48	0	2	0	2	-68	52667	5	0	1596	1478	104,104
1526389969.153641835	158	40	48	0	2	0	2	-68	52668	5	0	1596	1478	104,104
1526389969.165391710	144	40	48	0	2	0	2	-68	52669	6	0	1596	1478	117,117
1526389969.177179131	158	40	48	0	2	0	2	-69	52670	5	0	1596	1478	104,104
1526389969.188933134	158	40	48	0	2	0	2	-69	52671	5	0	1596	1478	104,104
1526389969.200699309	158	40	48	0	2	0	2	-69	52672	5	0	1596	1478	104,104
1526389969.212467183	158	40	48	0	2	0	2	-69	52673	5	0	1596	1478	104,104
1526389969.224190510	144	40	48	0	2	0	2	-69	52674	6	0	1596	1478	117,117
1526389969.235987391	158	40	48	0	2	0	2	-69	52675	5	0	1596	1478	104,104
1526389969.247741035	158	40	48	0	2	0	2	-69	52676	5	0	1596	1478	104,104
1526389969.259504543	158	40	48	0	2	0	2	-69	52677	5	0	1596	1478	104,104
1526389969.271883096	158	40	48	0	2	0	2	-69	52678	5	0	1596	1478	104,104
1526389969.282912668	144	40	48	0	2	0	2	-69	52679	6	0	1596	1478	117,117
1526389969.294565387	158	40	48	0	2	0	2	-69	52680	5	0	1596	1478	104,104
1526389969.306526582	158	40	48	0	2	0	2	-69	52681	5	0	1596	1478	104,104
1526389969.318273050	158	40	48	0	2	0	2	-69	52683	5	0	1596	1478	104,104
1526389969.330053045	158	40	48	0	2	0	2	-69	52684	5	0	1596	1478	104,104
1526389969.341665838	144	40	48	0	2	0	2	-69	52685	6	0	1596	1478	117,117
1526389969.353418906	144	40	48	0	2	0	2	-69	52686	6	0	1596	1478	117,117
1526389969.365158194	144	40	48	0	2	0	2	-69	52687	6	0	1596	1478	117,117
1526389969.377065374	144	40	48	0	2	0	2	-69	52688	6	0	1596	1478	117,117
1526389969.388666421	144	40	48	0	2	0	2	-69	52689	6	0	1596	1478	117,117
1526389969.400975587	144	40	48	0	2	0	2	-69	52690	6	0	1596	1478	117,117
1526389969.412356477	144	40	48	0	2	0	2	-68	52691	6	0	1596	1478	117,117
1526389969.424113231	144	40	48	0	2	0	2	-68	52692	6	0	1596	1478	117,117
1526389969.435867001	144	40	48	0	2	0	2	-68	52693	6	0	1596	1478	117,117
1526389969.447586650	144	40	48	0	2	0	2	-68	52694	6	0	1596	1478	117,117
1526389969.459388001	144	40	48	0	2	0	2	-68	52695	6	0	1596	1478	117,117
1526389969.471152209	144	40	48	0	2	0	2	-68	52696	6	0	1596	1478	117,117
1526389969.482949950	144	40	48	0	2	0	2	-68	52697	6	0	1596	1478	117,117
1526389969.494694251	144	40	48	0	2	0	2	-68	52698	6	0	1596	1478	117,117
1526389969.506347736	144	40	48	0	2	0	2	-69	52699	6	0	1596	1478	117,117
1526389969.518693626	144	40	48	0	2	0	2	-69	52700	6	0	1596	1478	117,117
1526389969.529965417	144	40	48	0	2	0	2	-68	52701	6	0	1596	1478	117,117
1526389969.541563515	144	40	48	0	2	0	2	-68	52702	6	0	1596	1478	117,117
1526389969.553413717	144	40	48	0	2	0	2	-68	52703	6	0	1596	1478	117,117
1526389969.565584671	144	40	48	0	2	0	2	-68	52704	6	0	1596	1478	117,117
1526389969.576912477	144	40	48	0	2	0	2	-68	52705	6	0	1596	1478	117,117
1526389969.588756380	144	40	48	0	2	0	2	-68	52706	6	0	1596	1478	117,117
1526389969.600384825	144	40	48	0	2	0	2	-68	52707	6	0	1596	1478	117,117
1526389969.612296769	144	40	48	0	2	0	2	-69	52708	6	0	1596	1478	117,117
1526389969.624044328	144	40	48	0	2	0	2	-69	52709	6	0	1596	1478	117,117
1526389969.635807006	144	40	48	0	2	0	2	-69	52710	6	0	1596	1478	117,117
1526389969.648313726	144	40	48	0	2	0	2	-69	52713	6	0	1596	1478	117,117
1526389969.659112052	144	40	48	0	2	0	2	-68	52714	6	0	1596	1478	117,117
1526389969.670985991	144	40	48	0	2	0	2	-68	52715	6	0	1596	1478	117,117
1526389969.683088745	144	40	48	0	2	0	2	-69	52718	6	0	1596	1478	117,117
1526389969.696225992	158	40	48	0	2	0	2	-69	52722	5	0	1596	1478	104,104
1526389969.706364064	158	40	48	0	2	0	2	-68	52723	5	0	1596	1478	104,104
1526389969.718132231	158	40	48	0	2	0	2	-69	52724	5	0	1596	1478	104,104
1526389969.729870641	158	40	48	0	2	0	2	-69	52725	5	0	1596	1478	104,104
1526389969.741571753	158	40	48	0	2	0	2	-68	52726	5	0	1596	1478	104,104
1526389969.753397974	158	40	48	0	2	0	2	-68	52727	5	0	1596	1478	104,104
1526389969.765100958	158	40	48	0	2	0	2	-69	52728	5	0	1596	1478	104,104
1526389969.776928921	158	40	48	0	2	0	2	-69	52729	5	0	1596	1478	104,104
1526389969.788635399	144	40	48	0	2	0	2	-69	52730	6	0	1596	1478	117,117
1526389969.800183410	158	40	48	0	2	0	2	-69	52731	5	0	1596	1478	104,104
1526389969.812168544	158	40	48	0	2	0	2	-69	52732	5	0	1596	1478	104,104
1526389969.823876709	158	40	48	0	2	0	2	-69	52733	5	0	1596	1478	104,104
1526389969.835692623	158	40	48	0	2	0	2	-70	52734	5	0	1596	1478	104,104
1526389969.847354571	144	40	48	0	2	0	2	-70	52735	6	0	1596	1478	117,117
1526389969.859256018	158	40	48	0	2	0	2	-70	52736	5	0	1596	1478	104,104
1526389969.870992572	158	40	48	0	2	0	2	-70	52737	5	0	1596	1478	104,104
1526389969.882761127	158	40	48	0	2	0	2	-71	52738	5	0	1596	1478	104,104
1526389969.894451404	158	40	48	0	2	0	2	-71	52739	5	0	1596	1478	104,104
1526389969.906701677	158	40	48	0	2	0	2	-71	52741	5	0	1596	1478	104,104
1526389969.917910275	158	40	48	0	2	0	2	-71	52742	5	0	1596	1478	104,104
1526389969.929785982	158	40	48	0	2	0	2	-71	52743	5	0	1596	1478	104,104
1526389969.941555541	158	40	48	0	2	0	2	-71	52744	5	0	1596	1478	104,104
1526389969.953326006	158	40	48	0	2	0	2	-71	52745	5	0	1596	1478	104,104
1526389969.965069355	158	40	48	0	2	0	2	-71	52746	5	0	1596	1478	104,104
1526389969.976762220	158	40	48	0	2	0	2	-71	52747	5	0	1596	1478	104,104
1526389969.988888795	158	40	48	0	2	0	2	-71	52748	5	0	1596	1478	104,104
1526389970.000151239	158	40	48	0	2	0	2	-71	52749	5	0	1596	1478	104,104
1526389970.012139173	158	40	48	0	2	0	2	-70	52750	5	0	1596	1478	104,104
1526389970.023897282	158	40	48	0	2	0	2	-71	52751	5	0	1596	1478	104,104
1526389970.035647213	158	40	48	0	2	0	2	-71	52752	5	0	1596	1478	104,104
1526389970.047297984	158	40	48	0	2	0	2	-71	52753	5	0	1596	1478	104,104
1526389970.059171139	158	40	48	0	2	0	2	-71	52754	5	0	1596	1478	104,104
1526389970.074626322	197	40	48	0	2	0	2	-71	52759	4	0	1596	1478	78,78
1526389970.082608610	197	40	48	0	2	0	2	-71	52760	4	0	1596	1478	78,78
1526389970.094487651	197	40	48	0	2	0	2	-71	52761	4	0	1596	1478	78,78
1526389970.106242432	197	40	48	0	2	0	2	-70	52762	4	0	1596	1478	78,78
1526389970.117940876	197	40	48	0	2	0	2	-70	52763	4	0	1596	1478	78,78
1526389970.129804784	197	40	48	0	2	0	2	-70	52764	4	0	1596	1478	78,78
1526389970.141533764	197	40	48	0	2	0	2	-69	52765	4	0	1596	1478	78,78
1526389970.153283744	197	40	48	0	2	0	2	-69	52766	4	0	1596	1478	78,78
1526389970.165070073	197	40	48	0	2	0	2	-69	52767	4	0	1596	1478	78,78
1526389970.176813948	197	40	48	0	2	0	2	-69	52768	4	0	1596	1478	78,78
1526389970.188579577	197	40	48	0	2	0	2	-68	52769	4	0	1596	1478	78,78
1526389970.200343660	197	40	48	0	2	0	2	-69	52770	4	0	1596	1478	78,78
1526389970.212112035	197	40	48	0	2	0	2	-68	52771	4	0	1596	1478	78,78
1526389970.223753464	197	40	48	0	2	0	2	-68	52772	4	0	1596	1478	78,78
1526389970.235570846	158	40	48	0	2	0	2	-69	52773	5	0	1596	1478	104,104
1526389970.247309659	158	40	48	0	2	0	2	-68	52774	5	0	1596	1478	104,104
1526389970.259093733	158	40	48	0	2	0	2	-69	52775	5	0	1596	1478	104,104
1526389970.270838936	158	40	48	0	2	0	2	-68	52776	5	0	1596	1478	104,104
1526389970.282595638	158	40	48	0	2	0	2	-68	52777	5	0	1596	1478	104,104
1526389970.294294492	144	40	48	0	2	0	2	-69	52778	6	0	1596	1478	117,117
1526389970.306030581	144	40	48	0	2	0	2	-69	52779	6	0	1596	1478	117,117
1526389970.317768309	144	40	48	0	2	0	2	-68	52780	6	0	1596	1478	117,117
1526389970.329539390	144	40	48	0	2	0	2	-69	52781	6	0	1596	1478	117,117
1526389970.341294395	144	40	48	0	2	0	2	-69	52782	6	0	1596	1478	117,117
1526389970.355167462	158	40	48	0	2	0	2	-69	52784	5	0	1596	1478	104,104
1526389970.364902842	158	40	48	0	2	0	2	-69	52785	5	0	1596	1478	104,104
1526389970.376593427	158	40	48	0	2	0	2	-69	52786	5	0	1596	1478	104,104
1526389970.388458971	158	40	48	0	2	0	2	-69	52787	5	0	1596	1478	104,104
1526389970.400200349	158	40	48	0	2	0	2	-69	52788	5	0	1596	1478	104,104
1526389970.411972637	158	40	48	0	2	0	2	-69	52789	5	0	1596	1478	104,104
1526389970.423723425	158	40	48	0	2	0	2	-69	52790	5	0	1596	1478	104,104
1526389970.436353829	158	40	48	0	2	0	2	-69	52791	5	0	1596	1478	104,104
1526389970.447291345	158	40	48	0	2	0	2	-69	52792	5	0	1596	1478	104,104
1526389970.459001803	158	40	48	0	2	0	2	-69	52793	5	0	1596	1478	104,104
1526389970.470769934	158	40	48	0	2	0	2	-70	52794	5	0	1596	1478	104,104
1526389970.482408333	158	40	48	0	2	0	2	-69	52795	5	0	1596	1478	104,104
1526389970.494295595	158	40	48	0	2	0	2	-70	52796	5	0	1596	1478	104,104
1526389970.506061530	158	40	48	0	2	0	2	-70	52797	5	0	1596	1478	104,104
1526389970.517802419	144	40	48	0	2	0	2	-70	52798	6	0	1596	1478	117,117
1526389970.529566441	158	40	48	0	2	0	2	-70	52799	5	0	1596	1478	104,104
1526389970.541335071	158	40	48	0	2	0	2	-70	52800	5	0	1596	1478	104,104
1526389970.553101550	158	40	48	0	2	0	2	-70	52801	5	0	1596	1478	104,104
1526389970.564736969	158	40	48	0	2	0	2	-69	52802	5	0	1596	1478	104,104
1526389970.576589215	144	40	48	0	2	0	2	-70	52803	6	0	1596	1478	117,117
1526389970.588371705	158	40	48	0	2	0	2	-70	52804	5	0	1596	1478	104,104
1526389970.600104075	158	40	48	0	2	0	2	-70	52805	5	0	1596	1478	104,104
1526389970.611886708	158	40	48	0	2	0	2	-70	52806	5	0	1596	1478	104,104
1526389970.623577749	158	40	48	0	2	0	2	-70	52807	5	0	1596	1478	104,104
1526389970.635300353	144	40	48	0	2	0	2	-70	52808	6	0	1596	1478	117,117
1526389970.647091795	158	40	48	0	2	0	2	-70	52809	5	0	1596	1478	104,104
1526389970.658861824	158	40	48	0	2	0	2	-70	52810	5	0	1596	1478	104,104
1526389970.670666602	158	40	48	0	2	0	2	-70	52811	5	0	1596	1478	104,104
1526389970.682440674	158	40	48	0	2	0	2	-70	52812	5	0	1596	1478	104,104
1526389970.694196526	144	40	48	0	2	0	2	-70	52813	6	0	1596	1478	117,117
1526389970.705965255	158	40	48	0	2	0	2	-70	52814	5	0	1596	1478	104,104
1526389970.717993413	158	40	48	0	2	0	2	-70	52815	5	0	1596	1478	104,104
1526389970.729409582	158	40	48	0	2	0	2	-70	52816	5	0	1596	1478	104,104
1526389970.741178760	158	40	48	0	2	0	2	-70	52817	5	0	1596	1478	104,104
1526389970.752833007	144	40	48	0	2	0	2	-70	52818	6	0	1596	1478	117,117
1526389970.764652440	144	40	48	0	2	0	2	-70	52819	6	0	1596	1478	117,117
1526389970.776518882	144	40	48	0	2	0	2	-70	52820	6	0	1596	1478	117,117
1526389970.788709433	144	40	48	0	2	0	2	-70	52821	6	0	1596	1478	117,117
1526389970.800383218	144	40	48	0	2	0	2	-70	52823	6	0	1596	1478	117,117
1526389970.812548029	144	40	48	0	2	0	2	-70	52825	6	0	1596	1478	117,117
1526389970.823861608	144	40	48	0	2	0	2	-70	52826	6	0	1596	1478	117,117
1526389970.836186067	144	40	48	0	2	0	2	-70	52828	6	0	1596	1478	117,117
1526389970.847446888	144	40	48	0	2	0	2	-70	52830	6	0	1596	1478	117,117
1526389970.860445987	158	40	48	0	2	0	2	-70	52833	5	0	1596	1478	104,104
1526389970.870574126	158	40	48	0	2	0	2	-70	52834	5	0	1596	1478	104,104
1526389970.882352772	158	40	48	0	2	0	2	-70	52835	5	0	1596	1478	104,104
1526389970.894113184	158	40	48	0	2	0	2	-70	52836	5	0	1596	1478	104,104
1526389970.905867716	158	40	48	0	2	0	2	-70	52837	5	0	1596	1478	104,104
1526389970.917648082	158	40	48	0	2	0	2	-70	52838	5	0	1596	1478	104,104
1526389970.929411716	158	40	48	0	2	0	2	-70	52839	5	0	1596	1478	104,104
1526389970.941180798	158	40	48	0	2	0	2	-70	52840	5	0	1596	1478	104,104
1526389970.952941498	158	40	48	0	2	0	2	-70	52841	5	0	1596	1478	104,104
1526389970.966391890	158	40	48	0	2	0	2	-70	52845	5	0	1596	1478	104,104
1526389970.978023485	197	40	48	0	2	0	2	-70	52847	4	0	1596	1478	78,78
1526389970.988252610	197	40	48	0	2	0	2	-70	52848	4	0	1596	1478	78,78
1526389971.000003107	197	40	48	0	2	0	2	-69	52849	4	0	1596	1478	78,78
1526389971.011779264	197	40	48	0	2	0	2	-69	52850	4	0	1596	1478	78,78
1526389971.023513847	197	40	48	0	2	0	2	-69	52851	4	0	1596	1478	78,78
1526389971.035284597	197	40	48	0	2	0	2	-70	52852	4	0	1596	1478	78,78
1526389971.046973226	197	40	48	0	2	0	2	-69	52853	4	0	1596	1478	78,78
1526389971.058798150	197	40	48	0	2	0	2	-69	52854	4	0	1596	1478	78,78
1526389971.070565597	197	40	48	0	2	0	2	-69	52855	4	0	1596	1478	78,78
1526389971.082307786	197	40	48	0	2	0	2	-69	52856	4	0	1596	1478	78,78
1526389971.094071715	197	40	48	0	2	0	2	-69	52857	4	0	1596	1478	78,78
1526389971.105851910	197	40	48	0	2	0	2	-69	52858	4	0	1596	1478	78,78
1526389971.117602989	197	40	48	0	2	0	2	-69	52859	4	0	1596	1478	78,78
1526389971.129316078	158	40	48	0	2	0	2	-69	52860	5	0	1596	1478	104,104
1526389971.140990328	158	40	48	0	2	0	2	-69	52861	5	0	1596	1478	104,104
1526389971.153732142	158	40	48	0	2	0	2	-69	52862	5	0	1596	1478	104,104
1526389971.164637905	158	40	48	0	2	0	2	-69	52863	5	0	1596	1478	104,104
1526389971.176371090	158	40	48	0	2	0	2	-69	52864	5	0	1596	1478	104,104
1526389971.188550185	158	40	48	0	2	0	2	-69	52866	5	0	1596	1478	104,104
1526389971.199855223	158	40	48	0	2	0	2	-69	52867	5	0	1596	1478	104,104
1526389971.212001777	158	40	48	0	2	0	2	-69	52869	5	0	1596	1478	104,104
1526389971.224727717	158	40	48	0	2	0	2	-69	52872	5	0	1596	1478	104,104
1526389971.235533766	158	40	48	0	2	0	2	-69	52874	5	0	1596	1478	104,104
1526389971.247409586	158	40	48	0	2	0	2	-69	52876	5	0	1596	1478	104,104
1526389971.258698898	158	40	48	0	2	0	2	-69	52877	5	0	1596	1478	104,104
1526389971.270426614	158	40	48	0	2	0	2	-69	52878	5	0	1596	1478	104,104
1526389971.282634638	158	40	48	0	2	0	2	-69	52880	5	0	1596	1478	104,104
1526389971.293957679	158	40	48	0	2	0	2	-69	52881	5	0	1596	1478	104,104
1526389971.305753461	158	40	48	0	2	0	2	-69	52882	5	0	1596	1478	104,104
1526389971.317450357	158	40	48	0	2	0	2	-69	52883	5	0	1596	1478	104,104
1526389971.329215377	158	40	48	0	2	0	2	-69	52884	5	0	1596	1478	104,104
1526389971.340928302	158	40	48	0	2	0	2	-69	52885	5	0	1596	1478	104,104
1526389971.354715994	158	40	48	0	2	0	2	-69	52886	5	0	1596	1478	104,104
1526389971.364511270	158	40	48	0	2	0	2	-69	52887	5	0	1596	1478	104,104
1526389971.376317777	158	40	48	0	2	0	2	-69	52888	5	0	1596	1478	104,104
1526389971.388037691	158	40	48	0	2	0	2	-69	52889	5	0	1596	1478	104,104
1526389971.399799172	158	40	48	0	2	0	2	-69	52890	5	0	1596	1478	104,104
1526389971.411563580	158	40	48	0	2	0	2	-69	52891	5	0	1596	1478	104,104
1526389971.423272047	158	40	48	0	2	0	2	-69	52892	5	0	1596	1478	104,104
1526389971.435000827	144	40	48	0	2	0	2	-69	52893	6	0	1596	1478	117,117
1526389971.446831049	158	40	48	0	2	0	2	-69	52894	5	0	1596	1478	104,104
1526389971.459046459	158	40	48	0	2	0	2	-69	52896	5	0	1596	1478	104,104
1526389971.470290827	158	40	48	0	2	0	2	-69	52897	5	0	1596	1478	104,104
1526389971.482133187	158	40	48	0	2	0	2	-69	52898	5	0	1596	1478	104,104
1526389971.493868413	144	40	48	0	2	0	2	-69	52899	6	0	1596	1478	117,117
1526389971.505641559	158	40	48	0	2	0	2	-69	52900	5	0	1596	1478	104,104
1526389971.517414846	158	40	48	0	2	0	2	-69	52901	5	0	1596	1478	104,104
1526389971.529164993	158	40	48	0	2	0	2	-69	52902	5	0	1596	1478	104,104
1526389971.540917738	158	40	48	0	2	0	2	-69	52903	5	0	1596	1478	104,104
1526389971.552677920	144	40	48	0	2	0	2	-69	52904	6	0	1596	1478	117,117
1526389971.564451901	158	40	48	0	2	0	2	-68	52905	5	0	1596	1478	104,104
1526389971.576197901	158	40	48	0	2	0	2	-69	52906	5	0	1596	1478	104,104
1526389971.587812188	158	40	48	0	2	0	2	-69	52907	5	0	1596	1478	104,104
1526389971.599446054	158	40	48	0	2	0	2	-69	52908	5	0	1596	1478	104,104
1526389971.611940568	158	40	48	0	2	0	2	-69	52910	5	0	1596	1478	104,104
1526389971.623236261	158	40	48	0	2	0	2	-69	52911	5	0	1596	1478	104,104
1526389971.635004569	158	40	48	0	2	0	2	-69	52912	5	0	1596	1478	104,104
1526389971.646754392	158	40	48	0	2	0	2	-69	52913	5	0	1596	1478	104,104
1526389971.658513017	158	40	48	0	2	0	2	-69	52914	5	0	1596	1478	104,104
1526389971.670286650	158	40	48	0	2	0	2	-69	52915	5	0	1596	1478	104,104
1526389971.681917580	158	40	48	0	2	0	2	-69	52916	5	0	1596	1478	104,104
1526389971.693810955	158	40	48	0	2	0	2	-69	52917	5	0	1596	1478	104,104
1526389971.705575817	158	40	48	0	2	0	2	-69	52918	5	0	1596	1478	104,104
1526389971.720601670	197	40	48	0	2	0	2	-70	52922	4	0	1596	1478	78,78
1526389971.729515689	197	40	48	0	2	0	2	-69	52923	4	0	1596	1478	78,78
1526389971.740750913	197	40	48	0	2	0	2	-69	52924	4	0	1596	1478	78,78
1526389971.752513913	197	40	48	0	2	0	2	-69	52925	4	0	1596	1478	78,78
1526389971.764148557	197	40	48	0	2	0	2	-69	52926	4	0	1596	1478	78,78
1526389971.776030877	197	40	48	0	2	0	2	-69	52927	4	0	1596	1478	78,78
1526389971.787810933	197	40	48	0	2	0	2	-69	52928	4	0	1596	1478	78,78
1526389971.799559662	197	40	48	0	2	0	2	-69	52929	4	0	1596	1478	78,78
1526389971.811769287	197	40	48	0	2	0	2	-69	52930	4	0	1596	1478	78,78
1526389971.823090325	197	40	48	0	2	0	2	-69	52931	4	0	1596	1478	78,78
1526389971.834852635	197	40	48	0	2	0	2	-69	52932	4	0	1596	1478	78,78
1526389971.846458700	197	40	48	0	2	0	2	-70	52933	4	0	1596	1478	78,78
1526389971.858348803	197	40	48	0	2	0	2	-69	52934	4	0	1596	1478	78,78
1526389971.870109113	197	40	48	0	2	0	2	-69	52935	4	0	1596	1478	78,78
1526389971.881863417	197	40	48	0	2	0	2	-69	52936	4	0	1596	1478	78,78
1526389971.893614373	197	40	48	0	2	0	2	-69	52937	4	0	1596	1478	78,78
1526389971.905380973	197	40	48	0	2	0	2	-69	52938	4	0	1596	1478	78,78
1526389971.917151575	197	40	48	0	2	0	2	-70	52939	4	0	1596	1478	78,78
1526389971.928932492	197	40	48	0	2	0	2	-69	52940	4	0	1596	1478	78,78
1526389971.940606386	197	40	48	0	2	0	2	-69	52941	4	0	1596	1478	78,78
1526389971.952346120	197	40	48	0	2	0	2	-69	52942	4	0	1596	1478	78,78
1526389971.964106268	197	40	48	0	2	0	2	-69	52943	4	0	1596	1478	78,78
1526389971.975906888	158	40	48	0	2	0	2	-69	52944	5	0	1596	1478	104,104
1526389971.987663919	158	40	48	0	2	0	2	-69	52945	5	0	1596	1478	104,104
1526389971.999425551	158	40	48	0	2	0	2	-69	52946	5	0	1596	1478	104,104
1526389972.011194600	158	40	48	0	2	0	2	-69	52947	5	0	1596	1478	104,104
1526389972.022961820	158	40	48	0	2	0	2	-70	52948	5	0	1596	1478	104,104
1526389972.035210324	158	40	48	0	2	0	2	-70	52949	5	0	1596	1478	104,104
1526389972.046603916	158	40	48	0	2	0	2	-70	52950	5	0	1596	1478	104,104
1526389972.058369119	158	40	48	0	2	0	2	-69	52951	5	0	1596	1478	104,104
1526389972.070125324	158	40	48	0	2	0	2	-69	52952	5	0	1596	1478	104,104
1526389972.083546079	197	40	48	0	2	0	2	-69	52954	4	0	1596	1478	78,78
1526389972.093674654	197	40	48	0	2	0	2	-69	52955	4	0	1596	1478	78,78
1526389972.105424045	197	40	48	0	2	0	2	-70	52956	4	0	1596	1478	78,78
1526389972.117207969	197	40	48	0	2	0	2	-70	52957	4	0	1596	1478	78,78
1526389972.128974811	197	40	48	0	2	0	2	-70	52958	4	0	1596	1478	78,78
1526389972.140725052	197	40	48	0	2	0	2	-69	52959	4	0	1596	1478	78,78
1526389972.152484179	197	40	48	0	2	0	2	-69	52960	4	0	1596	1478	78,78
1526389972.164256866	197	40	48	0	2	0	2	-69	52961	4	0	1596	1478	78,78
1526389972.175980574	197	40	48	0	2	0	2	-70	52962	4	0	1596	1478	78,78
1526389972.187767594	197	40	48	0	2	0	2	-70	52963	4	0	1596	1478	78,78
1526389972.200010785	197	40	48	0	2	0	2	-70	52964	4	0	1596	1478	78,78
1526389972.211283278	197	40	48	0	2	0	2	-69	52965	4	0	1596	1478	78,78
1526389972.223045039	197	40	48	0	2	0	2	-69	52966	4	0	1596	1478	78,78
1526389972.234799930	197	40	48	0	2	0	2	-69	52967	4	0	1596	1478	78,78
1526389972.246585555	197	40	48	0	2	0	2	-69	52968	4	0	1596	1478	78,78
1526389972.258331861	197	40	48	0	2	0	2	-69	52969	4	0	1596	1478	78,78
1526389972.270089014	197	40	48	0	2	0	2	-69	52970	4	0	1596	1478	78,78
1526389972.281864379	197	40	48	0	2	0	2	-69	52971	4	0	1596	1478	78,78
1526389972.293601036	197	40	48	0	2	0	2	-69	52972	4	0	1596	1478	78,78
1526389972.305435706	197	40	48	0	2	0	2	-68	52973	4	0	1596	1478	78,78
1526389972.317176434	197	40	48	0	2	0	2	-69	52974	4	0	1596	1478	78,78
1526389972.328875095	197	40	48	0	2	0	2	-69	52975	4	0	1596	1478	78,78
1526389972.340704008	197	40	48	0	2	0	2	-69	52976	4	0	1596	1478	78,78
1526389972.352476972	197	40	48	0	2	0	2	-69	52977	4	0	1596	1478	78,78
1526389972.364071529	158	40	48	0	2	0	2	-69	52978	5	0	1596	1478	104,104
1526389972.375921620	197	40	48	0	2	0	2	-68	52979	4	0	1596	1478	78,78
1526389972.387730694	197	40	48	0	2	0	2	-68	52980	4	0	1596	1478	78,78
1526389972.399488018	197	40	48	0	2	0	2	-68	52981	4	0	1596	1478	78,78
1526389972.411242071	197	40	48	0	2	0	2	-68	52982	4	0	1596	1478	78,78
1526389972.423006808	158	40	48	0	2	0	2	-68	52983	5	0	1596	1478	104,104
1526389972.434759861	158	40	48	0	2	0	2	-69	52984	5	0	1596	1478	104,104
1526389972.446646433	158	40	48	0	2	0	2	-69	52985	5	0	1596	1478	104,104
1526389972.458162954	158	40	48	0	2	0	2	-69	52986	5	0	1596	1478	104,104
1526389972.470005626	158	40	48	0	2	0	2	-69	52987	5	0	1596	1478	104,104
1526389972.482184281	158	40	48	0	2	0	2	-69	52988	5	0	1596	1478	104,104
1526389972.493539826	158	40	48	0	2	0	2	-69	52989	5	0	1596	1478	104,104
1526389972.505306119	158	40	48	0	2	0	2	-69	52990	5	0	1596	1478	104,104
1526389972.516841917	158	40	48	0	2	0	2	-69	52991	5	0	1596	1478	104,104
1526389972.528519130	158	40	48	0	2	0	2	-69	52992	5	0	1596	1478	104,104
1526389972.540340706	158	40	48	0	2	0	2	-69	52993	5	0	1596	1478	104,104
1526389972.552173660	158	40	48	0	2	0	2	-69	52994	5	0	1596	1478	104,104
1526389972.563709350	158	40	48	0	2	0	2	-70	52995	5	0	1596	1478	104,104
1526389972.575690436	158	40	48	0	2	0	2	-69	52996	5	0	1596	1478	104,104
1526389972.587478293	158	40	48	0	2	0	2	-69	52997	5	0	1596	1478	104,104
1526389972.599250630	158	40	48	0	2	0	2	-69	52998	5	0	1596	1478	104,104
1526389972.611013775	158	40	48	0	2	0	2	-69	52999	5	0	1596	1478	104,104
1526389972.622747429	158	40	48	0	2	0	2	-69	53000	5	0	1596	1478	104,104
1526389972.634522642	158	40	48	0	2	0	2	-69	53001	5	0	1596	1478	104,104
1526389972.646186981	144	40	48	0	2	0	2	-69	53002	6	0	1596	1478	117,117
1526389972.658102956	158	40	48	0	2	0	2	-69	53003	5	0	1596	1478	104,104
1526389972.669835134	158	40	48	0	2	0	2	-69	53004	5	0	1596	1478	104,104
1526389972.681633095	158	40	48	0	2	0	2	-69	53005	5	0	1596	1478	104,104
1526389972.693315925	158	40	48	0	2	0	2	-69	53006	5	0	1596	1478	104,104
1526389972.705048838	144	40	48	0	2	0	2	-69	53007	6	0	1596	1478	117,117
1526389972.716816286	158	40	48	0	2	0	2	-69	53008	5	0	1596	1478	104,104
1526389972.728549624	158	40	48	0	2	0	2	-69	53009	5	0	1596	1478	104,104
1526389972.740315507	158	40	48	0	2	0	2	-69	53010	5	0	1596	1478	104,104
1526389972.752069015	158	40	48	0	2	0	2	-69	53011	5	0	1596	1478	104,104
1526389972.763821079	144	40	48	0	2	0	2	-69	53012	6	0	1596	1478	117,117
1526389972.775601954	158	40	48	0	2	0	2	-69	53013	5	0	1596	1478	104,104
1526389972.787342132	158	40	48	0	2	0	2	-69	53014	5	0	1596	1478	104,104
1526389972.799282554	158	40	48	0	2	0	2	-69	53015	5	0	1596	1478	104,104
1526389972.811180613	158	40	48	0	2	0	2	-69	53016	5	0	1596	1478	104,104
1526389972.822750067	144	40	48	0	2	0	2	-69	53017	6	0	1596	1478	117,117
1526389972.834489478	144	40	48	0	2	0	2	-69	53018	6	0	1596	1478	117,117
1526389972.846301326	144	40	48	0	2	0	2	-69	53019	6	0	1596	1478	117,117
1526389972.857941824	144	40	48	0	2	0	2	-68	53020	6	0	1596	1478	117,117
1526389972.869697374	144	40	48	0	2	0	2	-68	53021	6	0	1596	1478	117,117
1526389972.881897131	144	40	48	0	2	0	2	-68	53023	6	0	1596	1478	117,117
1526389972.894942128	158	40	48	0	2	0	2	-68	53026	5	0	1596	1478	104,104
1526389972.905056870	158	40	48	0	2	0	2	-68	53027	5	0	1596	1478	104,104
1526389972.916849813	158	40	48	0	2	0	2	-68	53028	5	0	1596	1478	104,104
1526389972.928607426	158	40	48	0	2	0	2	-68	53029	5	0	1596	1478	104,104
1526389972.940315873	158	40	48	0	2	0	2	-69	53030	5	0	1596	1478	104,104
1526389972.952040668	158	40	48	0	2	0	2	-68	53031	5	0	1596	1478	104,104
1526389972.963776999	158	40	48	0	2	0	2	-69	53032	5	0	1596	1478	104,104
1526389972.975636520	158	40	48	0	2	0	2	-69	53033	5	0	1596	1478	104,104
1526389972.987413492	158	40	48	0	2	0	2	-69	53034	5	0	1596	1478	104,104
1526389972.999166196	158	40	48	0	2	0	2	-69	53035	5	0	1596	1478	104,104
1526389973.011389063	158	40	48	0	2	0	2	-69	53037	5	0	1596	1478	104,104
1526389973.022709014	158	40	48	0	2	0	2	-69	53038	5	0	1596	1478	104,104
1526389973.034444332	158	40	48	0	2	0	2	-69	53039	5	0	1596	1478	104,104
1526389973.046199595	144	40	48	0	2	0	2	-69	53040	6	0	1596	1478	117,117
1526389973.057962483	158	40	48	0	2	0	2	-69	53041	5	0	1596	1478	104,104
1526389973.069701721	158	40	48	0	2	0	2	-69	53042	5	0	1596	1478	104,104
1526389973.081410507	158	40	48	0	2	0	2	-69	53043	5	0	1596	1478	104,104
1526389973.093246724	158	40	48	0	2	0	2	-69	53044	5	0	1596	1478	104,104
1526389973.105458735	158	40	48	0	2	0	2	-69	53046	5	0	1596	1478	104,104
1526389973.116713885	158	40	48	0	2	0	2	-69	53047	5	0	1596	1478	104,104
1526389973.128511123	158	40	48	0	2	0	2	-69	53048	5	0	1596	1478	104,104
1526389973.140199212	158	40	48	0	2	0	2	-69	53049	5	0	1596	1478	104,104
1526389973.151970402	158	40	48	0	2	0	2	-69	53050	5	0	1596	1478	104,104
1526389973.163795586	158	40	48	0	2	0	2	-69	53051	5	0	1596	1478	104,104
1526389973.175572636	158	40	48	0	2	0	2	-69	53052	5	0	1596	1478	104,104
1526389973.187318903	158	40	48	0	2	0	2	-70	53053	5	0	1596	1478	104,104
1526389973.199078668	158	40	48	0	2	0	2	-70	53054	5	0	1596	1478	104,104
1526389973.210835060	158	40	48	0	2	0	2	-70	53055	5	0	1596	1478	104,104
1526389973.222591880	158	40	48	0	2	0	2	-69	53056	5	0	1596	1478	104,104
1526389973.234299237	158	40	48	0	2	0	2	-69	53057	5	0	1596	1478	104,104
1526389973.246127112	158	40	48	0	2	0	2	-70	53058	5	0	1596	1478	104,104
1526389973.257884677	158	40	48	0	2	0	2	-70	53059	5	0	1596	1478	104,104
1526389973.270085564	158	40	48	0	2	0	2	-69	53061	5	0	1596	1478	104,104
1526389973.281404138	158	40	48	0	2	0	2	-69	53062	5	0	1596	1478	104,104
1526389973.293146814	158	40	48	0	2	0	2	-69	53063	5	0	1596	1478	104,104
1526389973.304928570	158	40	48	0	2	0	2	-70	53064	5	0	1596	1478	104,104
1526389973.316669285	158	40	48	0	2	0	2	-70	53065	5	0	1596	1478	104,104
1526389973.328468460	158	40	48	0	2	0	2	-70	53066	5	0	1596	1478	104,104
1526389973.340216977	158	40	48	0	2	0	2	-70	53067	5	0	1596	1478	104,104
1526389973.351977305	158	40	48	0	2	0	2	-70	53068	5	0	1596	1478	104,104
1526389973.364196834	158	40	48	0	2	0	2	-69	53070	5	0	1596	1478	104,104
1526389973.375373675	158	40	48	0	2	0	2	-69	53071	5	0	1596	1478	104,104
1526389973.386991194	158	40	48	0	2	0	2	-69	53072	5	0	1596	1478	104,104
1526389973.398941312	158	40	48	0	2	0	2	-69	53073	5	0	1596	1478	104,104
1526389973.411047649	158	40	48	0	2	0	2	-69	53074	5	0	1596	1478	104,104
1526389973.426219927	197	40	48	0	2	0	2	-69	53077	4	0	1596	1478	78,78
1526389973.434243597	197	40	48	0	2	0	2	-69	53078	4	0	1596	1478	78,78
1526389973.445962500	197	40	48	0	2	0	2	-69	53079	4	0	1596	1478	78,78
1526389973.457832279	197	40	48	0	2	0	2	-69	53080	4	0	1596	1478	78,78
1526389973.470348000	197	40	48	0	2	0	2	-69	53081	4	0	1596	1478	78,78
1526389973.481378886	197	40	48	0	2	0	2	-69	53082	4	0	1596	1478	78,78
1526389973.493112576	197	40	48	0	2	0	2	-69	53083	4	0	1596	1478	78,78
1526389973.504874534	197	40	48	0	2	0	2	-69	53084	4	0	1596	1478	78,78
1526389973.516654735	197	40	48	0	2	0	2	-69	53085	4	0	1596	1478	78,78
1526389973.528385493	197	40	48	0	2	0	2	-69	53086	4	0	1596	1478	78,78
1526389973.540099668	197	40	48	0	2	0	2	-69	53087	4	0	1596	1478	78,78
1526389973.551841742	197	40	48	0	2	0	2	-69	53088	4	0	1596	1478	78,78
1526389973.563679196	197	40	48	0	2	0	2	-69	53089	4	0	1596	1478	78,78
1526389973.575430550	197	40	48	0	2	0	2	-69	53090	4	0	1596	1478	78,78
1526389973.587155876	158	40	48	0	2	0	2	-69	53091	5	0	1596	1478	104,104
1526389973.599394933	158	40	48	0	2	0	2	-69	53092	5	0	1596	1478	104,104
1526389973.610660800	158	40	48	0	2	0	2	-69	53093	5	0	1596	1478	104,104
1526389973.622441860	158	40	48	0	2	0	2	-69	53094	5	0	1596	1478	104,104
1526389973.634203080	158	40	48	0	2	0	2	-69	53095	5	0	1596	1478	104,104
1526389973.646381437	158	40	48	0	2	0	2	-69	53097	5	0	1596	1478	104,104
1526389973.657714003	158	40	48	0	2	0	2	-69	53098	5	0	1596	1478	104,104
1526389973.669420830	158	40	48	0	2	0	2	-69	53099	5	0	1596	1478	104,104
1526389973.681006226	158	40	48	0	2	0	2	-69	53100	5	0	1596	1478	104,104
1526389973.692892601	158	40	48	0	2	0	2	-69	53101	5	0	1596	1478	104,104
1526389973.704649638	158	40	48	0	2	0	2	-69	53102	5	0	1596	1478	104,104
1526389973.716406980	158	40	48	0	2	0	2	-69	53103	5	0	1596	1478	104,104
1526389973.728241757	158	40	48	0	2	0	2	-69	53104	5	0	1596	1478	104,104
1526389973.740032112	158	40	48	0	2	0	2	-69	53105	5	0	1596	1478	104,104
1526389973.751727870	158	40	48	0	2	0	2	-69	53106	5	0	1596	1478	104,104
1526389973.763418526	158	40	48	0	2	0	2	-69	53107	5	0	1596	1478	104,104
1526389973.775331675	158	40	48	0	2	0	2	-69	53108	5	0	1596	1478	104,104
1526389973.787089374	158	40	48	0	2	0	2	-69	53109	5	0	1596	1478	104,104
1526389973.798853912	158	40	48	0	2	0	2	-69	53110	5	0	1596	1478	104,104
1526389973.811014526	158	40	48	0	2	0	2	-69	53111	5	0	1596	1478	104,104
1526389973.822343491	158	40	48	0	2	0	2	-68	53112	5	0	1596	1478	104,104
1526389973.834076583	158	40	48	0	2	0	2	-68	53113	5	0	1596	1478	104,104
1526389973.845881934	158	40	48	0	2	0	2	-68	53114	5	0	1596	1478	104,104
1526389973.857649783	158	40	48	0	2	0	2	-69	53115	5	0	1596	1478	104,104
1526389973.869422767	158	40	48	0	2	0	2	-69	53116	5	0	1596	1478	104,104
1526389973.881168050	158	40	48	0	2	0	2	-69	53117	5	0	1596	1478	104,104
1526389973.892838505	158	40	48	0	2	0	2	-69	53118	5	0	1596	1478	104,104
1526389973.904558396	158	40	48	0	2	0	2	-69	53119	5	0	1596	1478	104,104
1526389973.918188814	197	40	48	0	2	0	2	-69	53120	4	0	1596	1478	78,78
1526389973.928170763	197	40	48	0	2	0	2	-69	53121	4	0	1596	1478	78,78
1526389973.939897685	197	40	48	0	2	0	2	-69	53122	4	0	1596	1478	78,78
1526389973.951679956	197	40	48	0	2	0	2	-69	53123	4	0	1596	1478	78,78
1526389973.963512774	197	40	48	0	2	0	2	-69	53124	4	0	1596	1478	78,78
1526389973.975281226	197	40	48	0	2	0	2	-69	53125	4	0	1596	1478	78,78
1526389973.987054701	197	40	48	0	2	0	2	-69	53126	4	0	1596	1478	78,78
1526389973.998811407	197	40	48	0	2	0	2	-69	53127	4	0	1596	1478	78,78
1526389974.010530866	158	40	48	0	2	0	2	-69	53128	5	0	1596	1478	104,104
1526389974.022269199	158	40	48	0	2	0	2	-69	53129	5	0	1596	1478	104,104
1526389974.034041162	158	40	48	0	2	0	2	-69	53130	5	0	1596	1478	104,104
1526389974.045813025	158	40	48	0	2	0	2	-69	53131	5	0	1596	1478	104,104
1526389974.057581492	158	40	48	0	2	0	2	-69	53132	5	0	1596	1478	104,104
1526389974.069298579	144	40	48	0	2	0	2	-69	53133	6	0	1596	1478	117,117
1526389974.081097760	144	40	48	0	2	0	2	-69	53134	6	0	1596	1478	117,117
1526389974.092832519	144	40	48	0	2	0	2	-69	53135	6	0	1596	1478	117,117
1526389974.104587161	144	40	48	0	2	0	2	-69	53136	6	0	1596	1478	117,117
1526389974.116364474	144	40	48	0	2	0	2	-69	53137	6	0	1596	1478	117,117
1526389974.128092532	134	40	48	0	2	0	2	-69	53138	7	0	1596	1478	130,130
