1526390287.965144941	92	40	48	0	2	0	2	-71	59008	3	4	1596	1478	234,234
1526390287.965171322	92	40	48	0	2	0	2	-71	59008	3	4	1596	1478	234,234
1526390287.965178480	92	40	48	0	2	0	2	-71	59008	3	4	1596	1478	234,234
1526390287.965182841	92	40	48	0	2	0	2	-71	59008	3	4	1596	1478	234,234
1526390287.965187246	92	40	48	0	2	0	2	-71	59008	3	4	1596	1478	234,234
1526390287.965191394	92	40	48	0	2	0	2	-71	59008	3	4	1596	1478	234,234
1526390287.965200512	92	40	48	0	2	0	2	-71	59008	3	4	1596	1478	234,234
1526390287.965205332	92	40	48	0	2	0	2	-71	59008	3	4	1596	1478	234,234
1526390287.965209955	92	40	48	0	2	0	2	-71	59008	3	4	1596	1478	234,234
1526390287.965214321	92	40	48	0	2	0	2	-71	59008	3	4	1596	1478	234,234
1526390287.965218930	92	40	48	0	2	0	2	-71	59008	3	4	1596	1478	234,234
1526390287.965224021	92	40	48	0	2	0	2	-71	59008	3	4	1596	1478	234,234
1526390287.965229677	92	40	48	0	2	0	2	-71	59008	3	4	1596	1478	234,234
1526390287.965234242	92	40	48	0	2	0	2	-71	59008	3	4	1596	1478	234,234
1526390287.965239227	92	40	48	0	2	0	2	-71	59008	3	4	1596	1478	234,234
1526390287.965243223	92	40	48	0	2	0	2	-71	59008	3	4	1596	1478	234,234
1526390287.965247519	92	40	48	0	2	0	2	-71	59008	3	4	1596	1478	234,234
1526390287.965251548	92	40	48	0	2	0	2	-71	59008	3	4	1596	1478	234,234
1526390287.965256814	92	40	48	0	2	0	2	-71	59008	3	4	1596	1478	234,234
1526390287.965261240	92	40	48	0	2	0	2	-71	59008	3	4	1596	1478	234,234
1526390287.966920978	92	40	48	0	2	0	2	-72	59009	3	4	1596	1478	234,234
1526390287.979086194	92	40	48	0	2	0	2	-71	59010	3	4	1596	1478	234,234
1526390287.990401192	92	40	48	0	2	0	2	-71	59011	3	4	1596	1478	234,234
1526390288.002111532	92	40	48	0	2	0	2	-71	59012	3	4	1596	1478	234,234
1526390288.013977008	92	40	48	0	2	0	2	-72	59013	3	4	1596	1478	234,234
1526390288.025640702	92	40	48	0	2	0	2	-71	59014	3	4	1596	1478	234,234
1526390288.037494138	92	40	48	0	2	0	2	-71	59015	3	4	1596	1478	234,234
1526390288.049626501	92	40	48	0	2	0	2	-72	59016	3	4	1596	1478	234,234
1526390288.061019797	92	40	48	0	2	0	2	-71	59017	3	4	1596	1478	234,234
1526390288.072784520	92	40	48	0	2	0	2	-71	59018	3	4	1596	1478	234,234
1526390288.084538290	92	40	48	0	2	0	2	-72	59019	3	4	1596	1478	234,234
1526390288.096310497	86	40	48	0	1	1	2	-69	59020	6	4	1596	1478	263,25,263,25
1526390288.107977504	86	40	48	0	1	1	2	-69	59021	6	4	1596	1478	263,25,263,25
1526390288.119823733	86	40	48	0	1	1	2	-69	59022	6	4	1596	1478	263,25,263,25
1526390288.131584364	86	40	48	0	1	1	2	-69	59023	6	4	1596	1478	263,25,263,25
1526390288.143246708	86	40	48	0	1	1	2	-69	59024	6	4	1596	1478	263,25,263,25
1526390288.155092526	77	40	48	1	1	1	2	-69	59025	7	4	1596	1478	325,325
1526390288.166860279	77	40	48	1	1	1	2	-69	59026	7	4	1596	1478	325,325
1526390288.178786638	77	40	48	1	1	1	2	-69	59027	7	4	1596	1478	325,325
1526390288.190537163	77	40	48	1	1	1	2	-69	59028	7	4	1596	1478	325,325
1526390288.203291383	77	40	48	1	1	1	2	-69	59032	7	4	1596	1478	325,325
1526390288.214426095	77	40	48	1	1	1	2	-69	59033	7	4	1596	1478	325,325
1526390288.225862779	77	40	48	1	1	1	2	-69	59034	7	4	1596	1478	325,325
1526390288.237593979	77	40	48	1	1	1	2	-69	59035	7	4	1596	1478	325,325
1526390288.249237072	77	40	48	1	1	1	2	-69	59036	7	4	1596	1478	325,325
1526390288.261304750	77	40	48	1	1	1	2	-69	59037	7	4	1596	1478	325,325
1526390288.272857046	77	40	48	1	1	1	2	-69	59038	7	4	1596	1478	325,325
1526390288.287078581	86	40	48	0	1	1	2	-69	59043	6	4	1596	1478	263,25,263,25
1526390288.296375201	86	40	48	0	1	1	2	-69	59044	6	4	1596	1478	263,25,263,25
1526390288.308155997	86	40	48	0	1	1	2	-69	59045	6	4	1596	1478	263,25,263,25
1526390288.319789609	86	40	48	0	1	1	2	-69	59046	6	4	1596	1478	263,25,263,25
1526390288.331602088	86	40	48	0	1	1	2	-69	59047	6	4	1596	1478	263,25,263,25
1526390288.343419338	86	40	48	0	1	1	2	-69	59048	6	4	1596	1478	263,25,263,25
1526390288.355205813	86	40	48	0	1	1	2	-69	59049	6	4	1596	1478	263,25,263,25
1526390288.366869013	86	40	48	0	1	1	2	-69	59050	6	4	1596	1478	263,25,263,25
1526390288.378597174	81	40	48	0	1	1	2	-69	59051	7	4	1596	1478	292,5,292,5
1526390288.390486589	86	40	48	0	1	1	2	-70	59052	6	4	1596	1478	263,25,263,25
1526390288.402225886	86	40	48	0	1	1	2	-70	59053	6	4	1596	1478	263,25,263,25
1526390288.414095237	86	40	48	0	1	1	2	-70	59054	6	4	1596	1478	263,25,263,25
1526390288.425899793	86	40	48	0	1	1	2	-69	59055	6	4	1596	1478	263,25,263,25
1526390288.437381041	81	40	48	0	1	1	2	-69	59056	7	4	1596	1478	292,5,292,5
1526390288.449092533	86	40	48	0	1	1	2	-69	59057	6	4	1596	1478	263,25,263,25
1526390288.460706704	86	40	48	0	1	1	2	-69	59058	6	4	1596	1478	263,25,263,25
1526390288.472621579	86	40	48	0	1	1	2	-69	59059	6	4	1596	1478	263,25,263,25
1526390288.484428291	86	40	48	0	1	1	2	-69	59060	6	4	1596	1478	263,25,263,25
1526390288.496171988	81	40	48	0	1	1	2	-70	59061	7	4	1596	1478	292,5,292,5
1526390288.507988113	86	40	48	0	1	1	2	-69	59062	6	4	1596	1478	263,25,263,25
1526390288.519745909	86	40	48	0	1	1	2	-70	59063	6	4	1596	1478	263,25,263,25
1526390288.531477617	86	40	48	0	1	1	2	-69	59064	6	4	1596	1478	263,25,263,25
1526390288.543103645	86	40	48	0	1	1	2	-70	59065	6	4	1596	1478	263,25,263,25
1526390288.555446562	81	40	48	0	1	1	2	-69	59066	7	4	1596	1478	292,5,292,5
1526390288.566821445	77	40	48	1	1	1	2	-69	59067	7	4	1596	1478	325,325
1526390288.578500931	77	40	48	1	1	1	2	-69	59068	7	4	1596	1478	325,325
1526390288.590564641	77	40	48	1	1	1	2	-69	59069	7	4	1596	1478	325,325
1526390288.602442166	77	40	48	1	1	1	2	-69	59070	7	4	1596	1478	325,325
1526390288.614237033	77	40	48	1	1	1	2	-70	59071	7	4	1596	1478	325,325
1526390288.625621788	77	40	48	1	1	1	2	-69	59072	7	4	1596	1478	325,325
1526390288.637361938	77	40	48	1	1	1	2	-70	59073	7	4	1596	1478	325,325
1526390288.649131344	77	40	48	1	1	1	2	-69	59074	7	4	1596	1478	325,325
1526390288.661630934	77	40	48	1	1	1	2	-70	59075	7	4	1596	1478	325,325
1526390288.672657290	77	40	48	1	1	1	2	-70	59076	7	4	1596	1478	325,325
1526390288.684404908	77	40	48	1	1	1	2	-70	59077	7	4	1596	1478	325,325
1526390288.696182117	77	40	48	1	1	1	2	-70	59078	7	4	1596	1478	325,325
1526390288.707972652	77	40	48	1	1	1	2	-70	59079	7	4	1596	1478	325,325
1526390288.719701728	77	40	48	1	1	1	2	-70	59080	7	4	1596	1478	325,325
1526390288.731392086	77	40	48	1	1	1	2	-70	59081	7	4	1596	1478	325,325
1526390288.743158313	77	40	48	1	1	1	2	-70	59082	7	4	1596	1478	325,325
1526390288.754899533	77	40	48	1	1	1	2	-70	59083	7	4	1596	1478	325,325
1526390288.766751648	77	40	48	1	1	1	2	-69	59084	7	4	1596	1478	325,325
1526390288.778855619	77	40	48	1	1	1	2	-70	59085	7	4	1596	1478	325,325
1526390288.790249408	77	40	48	1	1	1	2	-70	59086	7	4	1596	1478	325,325
1526390288.802019658	77	40	48	1	1	1	2	-70	59087	7	4	1596	1478	325,325
1526390288.813710525	77	40	48	1	1	1	2	-70	59088	7	4	1596	1478	325,325
1526390288.825448585	77	40	48	1	1	1	2	-70	59089	7	4	1596	1478	325,325
1526390288.837183152	77	40	48	1	1	1	2	-70	59090	7	4	1596	1478	325,325
1526390288.848933215	77	40	48	1	1	1	2	-70	59091	7	4	1596	1478	325,325
1526390288.860698711	77	40	48	1	1	1	2	-70	59092	7	4	1596	1478	325,325
1526390288.872450982	77	40	48	1	1	1	2	-69	59093	7	4	1596	1478	325,325
1526390288.884065079	77	40	48	1	1	1	2	-69	59094	7	4	1596	1478	325,325
1526390288.895912363	77	40	48	1	1	1	2	-69	59095	7	4	1596	1478	325,325
1526390288.907726374	77	40	48	1	1	1	2	-69	59096	7	4	1596	1478	325,325
1526390288.919508284	77	40	48	1	1	1	2	-69	59097	7	4	1596	1478	325,325
1526390288.931248809	77	40	48	1	1	1	2	-69	59098	7	4	1596	1478	325,325
1526390288.943245187	77	40	48	1	1	1	2	-69	59099	7	4	1596	1478	325,325
1526390288.954727316	77	40	48	1	1	1	2	-69	59100	7	4	1596	1478	325,325
1526390288.966495199	77	40	48	1	1	1	2	-69	59104	7	4	1596	1478	325,325
1526390288.978335061	77	40	48	1	1	1	2	-69	59105	7	4	1596	1478	325,325
1526390288.990174581	77	40	48	1	1	1	2	-69	59106	7	4	1596	1478	325,325
1526390289.002982231	77	40	48	1	1	1	2	-69	59107	7	4	1596	1478	325,325
1526390289.013657206	77	40	48	1	1	1	2	-69	59108	7	4	1596	1478	325,325
1526390289.025397180	77	40	48	1	1	1	2	-69	59109	7	4	1596	1478	325,325
1526390289.037178085	77	40	48	1	1	1	2	-69	59110	7	4	1596	1478	325,325
1526390289.048958831	77	40	48	1	1	1	2	-69	59111	7	4	1596	1478	325,325
1526390289.060739731	77	40	48	1	1	1	2	-69	59112	7	4	1596	1478	325,325
1526390289.072861593	77	40	48	1	1	1	2	-69	59113	7	4	1596	1478	325,325
1526390289.084254402	77	40	48	1	1	1	2	-69	59114	7	4	1596	1478	325,325
1526390289.095999218	77	40	48	1	1	1	2	-70	59115	7	4	1596	1478	325,325
1526390289.107789300	77	40	48	1	1	1	2	-69	59116	7	4	1596	1478	325,325
1526390289.119933869	77	40	48	1	1	1	2	-70	59117	7	4	1596	1478	325,325
1526390289.131301868	77	40	48	1	1	1	2	-70	59118	7	4	1596	1478	325,325
1526390289.142836448	77	40	48	1	1	1	2	-70	59119	7	4	1596	1478	325,325
1526390289.154832988	77	40	48	1	1	1	2	-70	59120	7	4	1596	1478	325,325
1526390289.166600393	77	40	48	1	1	1	2	-70	59121	7	4	1596	1478	325,325
1526390289.178272962	77	40	48	1	1	1	2	-69	59122	7	4	1596	1478	325,325
1526390289.190093841	77	40	48	1	1	1	2	-69	59123	7	4	1596	1478	325,325
1526390289.201859206	77	40	48	1	1	1	2	-70	59124	7	4	1596	1478	325,325
1526390289.213625662	77	40	48	1	1	1	2	-70	59125	7	4	1596	1478	325,325
1526390289.225397209	77	40	48	1	1	1	2	-69	59126	7	4	1596	1478	325,325
1526390289.237151142	77	40	48	1	1	1	2	-69	59127	7	4	1596	1478	325,325
1526390289.248882170	77	40	48	1	1	1	2	-69	59128	7	4	1596	1478	325,325
1526390289.260648396	77	40	48	1	1	1	2	-69	59129	7	4	1596	1478	325,325
1526390289.272415562	77	40	48	1	1	1	2	-69	59130	7	4	1596	1478	325,325
1526390289.284527850	77	40	48	1	1	1	2	-69	59131	7	4	1596	1478	325,325
1526390289.295928110	77	40	48	1	1	1	2	-69	59132	7	4	1596	1478	325,325
1526390289.307716702	77	40	48	1	1	1	2	-69	59133	7	4	1596	1478	325,325
1526390289.319503041	77	40	48	1	1	1	2	-69	59134	7	4	1596	1478	325,325
1526390289.331229304	77	40	48	1	1	1	2	-69	59135	7	4	1596	1478	325,325
1526390289.343007147	77	40	48	1	1	1	2	-69	59136	7	4	1596	1478	325,325
1526390289.354723424	77	40	48	1	1	1	2	-69	59137	7	4	1596	1478	325,325
1526390289.366419483	77	40	48	1	1	1	2	-69	59138	7	4	1596	1478	325,325
1526390289.378256105	77	40	48	1	1	1	2	-69	59139	7	4	1596	1478	325,325
1526390289.389891783	77	40	48	1	1	1	2	-69	59140	7	4	1596	1478	325,325
1526390289.401778019	77	40	48	1	1	1	2	-69	59141	7	4	1596	1478	325,325
1526390289.413536731	77	40	48	1	1	1	2	-69	59142	7	4	1596	1478	325,325
1526390289.425331779	77	40	48	1	1	1	2	-69	59143	7	4	1596	1478	325,325
1526390289.436923278	77	40	48	1	1	1	2	-69	59144	7	4	1596	1478	325,325
1526390289.449122254	77	40	48	1	1	1	2	-69	59145	7	4	1596	1478	325,325
1526390289.460496809	77	40	48	1	1	1	2	-69	59146	7	4	1596	1478	325,325
1526390289.472339197	77	40	48	1	1	1	2	-70	59147	7	4	1596	1478	325,325
1526390289.484081124	77	40	48	1	1	1	2	-69	59148	7	4	1596	1478	325,325
1526390289.496222791	77	40	48	1	1	1	2	-69	59149	7	4	1596	1478	325,325
1526390289.507605892	77	40	48	1	1	1	2	-70	59150	7	4	1596	1478	325,325
1526390289.519352208	77	40	48	1	1	1	2	-69	59151	7	4	1596	1478	325,325
1526390289.531096363	77	40	48	1	1	1	2	-70	59152	7	4	1596	1478	325,325
1526390289.543015137	77	40	48	1	1	1	2	-69	59153	7	4	1596	1478	325,325
1526390289.554663359	77	40	48	1	1	1	2	-69	59154	7	4	1596	1478	325,325
1526390289.566342903	77	40	48	1	1	1	2	-69	59155	7	4	1596	1478	325,325
1526390289.578175486	77	40	48	1	1	1	2	-69	59156	7	4	1596	1478	325,325
1526390289.589952357	77	40	48	1	1	1	2	-69	59157	7	4	1596	1478	325,325
1526390289.602299537	77	40	48	1	1	1	2	-69	59158	7	4	1596	1478	325,325
1526390289.613856419	77	40	48	1	1	1	2	-69	59159	7	4	1596	1478	325,325
1526390289.625204742	77	40	48	1	1	1	2	-69	59160	7	4	1596	1478	325,325
1526390289.636924544	77	40	48	1	1	1	2	-70	59161	7	4	1596	1478	325,325
1526390289.648752544	77	40	48	1	1	1	2	-70	59162	7	4	1596	1478	325,325
1526390289.660496940	77	40	48	1	1	1	2	-70	59163	7	4	1596	1478	325,325
1526390289.672218863	77	40	48	1	1	1	2	-70	59164	7	4	1596	1478	325,325
1526390289.684825544	77	40	48	1	1	1	2	-70	59165	7	4	1596	1478	325,325
1526390289.695811456	77	40	48	1	1	1	2	-70	59166	7	4	1596	1478	325,325
1526390289.707549383	77	40	48	1	1	1	2	-70	59167	7	4	1596	1478	325,325
1526390289.719797704	77	40	48	1	1	1	2	-70	59168	7	4	1596	1478	325,325
1526390289.731011479	77	40	48	1	1	1	2	-70	59169	7	4	1596	1478	325,325
1526390289.742745063	77	40	48	1	1	1	2	-70	59170	7	4	1596	1478	325,325
1526390289.754500926	77	40	48	1	1	1	2	-69	59171	7	4	1596	1478	325,325
1526390289.766354178	77	40	48	1	1	1	2	-70	59172	7	4	1596	1478	325,325
1526390289.778475578	77	40	48	1	1	1	2	-70	59173	7	4	1596	1478	325,325
1526390289.789774772	77	40	48	1	1	1	2	-70	59174	7	4	1596	1478	325,325
1526390289.801520721	77	40	48	1	1	1	2	-69	59175	7	4	1596	1478	325,325
1526390289.813255908	77	40	48	1	1	1	2	-69	59176	7	4	1596	1478	325,325
1526390289.824882006	77	40	48	1	1	1	2	-69	59177	7	4	1596	1478	325,325
1526390289.836795310	77	40	48	1	1	1	2	-69	59178	7	4	1596	1478	325,325
1526390289.848510095	77	40	48	1	1	1	2	-69	59179	7	4	1596	1478	325,325
1526390289.860293157	77	40	48	1	1	1	2	-69	59180	7	4	1596	1478	325,325
1526390289.872048300	77	40	48	1	1	1	2	-69	59181	7	4	1596	1478	325,325
1526390289.883823832	77	40	48	1	1	1	2	-69	59182	7	4	1596	1478	325,325
1526390289.895547718	77	40	48	1	1	1	2	-69	59183	7	4	1596	1478	325,325
1526390289.907600383	77	40	48	1	1	1	2	-69	59184	7	4	1596	1478	325,325
1526390289.918936947	77	40	48	1	1	1	2	-69	59185	7	4	1596	1478	325,325
1526390289.930835406	77	40	48	1	1	1	2	-69	59186	7	4	1596	1478	325,325
1526390289.942552447	77	40	48	1	1	1	2	-69	59187	7	4	1596	1478	325,325
1526390289.954708880	77	40	48	1	1	1	2	-69	59188	7	4	1596	1478	325,325
1526390289.966123198	77	40	48	1	1	1	2	-70	59189	7	4	1596	1478	325,325
1526390289.978224869	77	40	48	1	1	1	2	-70	59190	7	4	1596	1478	325,325
1526390289.989654366	77	40	48	1	1	1	2	-70	59191	7	4	1596	1478	325,325
1526390290.001873237	77	40	48	1	1	1	2	-70	59192	7	4	1596	1478	325,325
1526390290.013154136	77	40	48	1	1	1	2	-70	59193	7	4	1596	1478	325,325
1526390290.024920637	77	40	48	1	1	1	2	-70	59194	7	4	1596	1478	325,325
1526390290.036932172	77	40	48	1	1	1	2	-69	59195	7	4	1596	1478	325,325
1526390290.048457955	77	40	48	1	1	1	2	-69	59196	7	4	1596	1478	325,325
1526390290.060207005	77	40	48	1	1	1	2	-69	59197	7	4	1596	1478	325,325
1526390290.072047397	77	40	48	1	1	1	2	-69	59198	7	4	1596	1478	325,325
1526390290.083813796	77	40	48	1	1	1	2	-70	59199	7	4	1596	1478	325,325
1526390290.095612167	77	40	48	1	1	1	2	-69	59200	7	4	1596	1478	325,325
1526390290.107376980	77	40	48	1	1	1	2	-69	59201	7	4	1596	1478	325,325
1526390290.119482931	77	40	48	1	1	1	2	-69	59202	7	4	1596	1478	325,325
1526390290.130895723	77	40	48	1	1	1	2	-69	59203	7	4	1596	1478	325,325
1526390290.142592459	77	40	48	1	1	1	2	-69	59204	7	4	1596	1478	325,325
1526390290.154418513	77	40	48	1	1	1	2	-69	59205	7	4	1596	1478	325,325
1526390290.166101280	77	40	48	1	1	1	2	-69	59206	7	4	1596	1478	325,325
1526390290.177980849	77	40	48	1	1	1	2	-69	59207	7	4	1596	1478	325,325
1526390290.189642100	77	40	48	1	1	1	2	-69	59208	7	4	1596	1478	325,325
1526390290.201469398	77	40	48	1	1	1	2	-70	59209	7	4	1596	1478	325,325
1526390290.213232046	77	40	48	1	1	1	2	-69	59210	7	4	1596	1478	325,325
1526390290.225343629	77	40	48	1	1	1	2	-69	59212	7	4	1596	1478	325,325
1526390290.236727587	77	40	48	1	1	1	2	-70	59213	7	4	1596	1478	325,325
1526390290.248456629	77	40	48	1	1	1	2	-70	59214	7	4	1596	1478	325,325
1526390290.260236273	77	40	48	1	1	1	2	-69	59215	7	4	1596	1478	325,325
1526390290.272015319	77	40	48	1	1	1	2	-70	59216	7	4	1596	1478	325,325
1526390290.284148272	77	40	48	1	1	1	2	-70	59217	7	4	1596	1478	325,325
1526390290.295542152	77	40	48	1	1	1	2	-70	59218	7	4	1596	1478	325,325
1526390290.307282451	77	40	48	1	1	1	2	-70	59219	7	4	1596	1478	325,325
1526390290.319049819	77	40	48	1	1	1	2	-70	59220	7	4	1596	1478	325,325
1526390290.331212264	77	40	48	1	1	1	2	-70	59221	7	4	1596	1478	325,325
1526390290.344325610	77	40	48	1	1	1	2	-70	59223	7	4	1596	1478	325,325
1526390290.354342261	77	40	48	1	1	1	2	-70	59224	7	4	1596	1478	325,325
1526390290.366094167	77	40	48	1	1	1	2	-70	59225	7	4	1596	1478	325,325
1526390290.377862416	77	40	48	1	1	1	2	-70	59226	7	4	1596	1478	325,325
1526390290.389606027	77	40	48	1	1	1	2	-70	59227	7	4	1596	1478	325,325
1526390290.401675379	77	40	48	1	1	1	2	-70	59228	7	4	1596	1478	325,325
1526390290.413037494	77	40	48	1	1	1	2	-70	59229	7	4	1596	1478	325,325
1526390290.424774772	77	40	48	1	1	1	2	-70	59230	7	4	1596	1478	325,325
1526390290.436965970	77	40	48	1	1	1	2	-70	59231	7	4	1596	1478	325,325
1526390290.448712286	77	40	48	1	1	1	2	-71	59232	7	4	1596	1478	325,325
1526390290.460828117	77	40	48	1	1	1	2	-71	59235	7	4	1596	1478	325,325
1526390290.471948897	77	40	48	1	1	1	2	-71	59236	7	4	1596	1478	325,325
1526390290.483492546	77	40	48	1	1	1	2	-71	59237	7	4	1596	1478	325,325
1526390290.495430016	77	40	48	1	1	1	2	-71	59238	7	4	1596	1478	325,325
1526390290.507221221	77	40	48	1	1	1	2	-71	59239	7	4	1596	1478	325,325
1526390290.518991329	77	40	48	1	1	1	2	-71	59240	7	4	1596	1478	325,325
1526390290.530722293	77	40	48	1	1	1	2	-71	59241	7	4	1596	1478	325,325
1526390290.542483771	77	40	48	1	1	1	2	-71	59242	7	4	1596	1478	325,325
1526390290.554261746	77	40	48	1	1	1	2	-71	59243	7	4	1596	1478	325,325
1526390290.566007249	77	40	48	1	1	1	2	-71	59244	7	4	1596	1478	325,325
1526390290.577774763	77	40	48	1	1	1	2	-71	59245	7	4	1596	1478	325,325
1526390290.589550195	77	40	48	1	1	1	2	-71	59246	7	4	1596	1478	325,325
1526390290.601301376	77	40	48	1	1	1	2	-71	59247	7	4	1596	1478	325,325
1526390290.613406261	77	40	48	1	1	1	2	-70	59248	7	4	1596	1478	325,325
1526390290.624822885	77	40	48	1	1	1	2	-71	59249	7	4	1596	1478	325,325
1526390290.636570070	77	40	48	1	1	1	2	-70	59250	7	4	1596	1478	325,325
1526390290.648316715	77	40	48	1	1	1	2	-70	59251	7	4	1596	1478	325,325
1526390290.660883221	77	40	48	1	1	1	2	-70	59254	7	4	1596	1478	325,325
1526390290.672199438	77	40	48	1	1	1	2	-70	59255	7	4	1596	1478	325,325
1526390290.683524216	77	40	48	1	1	1	2	-70	59256	7	4	1596	1478	325,325
1526390290.695297795	77	40	48	1	1	1	2	-70	59257	7	4	1596	1478	325,325
1526390290.707067297	77	40	48	1	1	1	2	-70	59258	7	4	1596	1478	325,325
1526390290.719132282	77	40	48	1	1	1	2	-70	59260	7	4	1596	1478	325,325
1526390290.730582007	77	40	48	1	1	1	2	-70	59261	7	4	1596	1478	325,325
1526390290.742333073	74	40	48	0	2	0	2	-72	59262	4	4	1596	1478	351,351
1526390290.756293873	86	40	48	0	1	1	2	-70	59263	6	4	1596	1478	263,25,263,25
1526390290.765776845	86	40	48	0	1	1	2	-70	59264	6	4	1596	1478	263,25,263,25
1526390290.777516539	86	40	48	0	1	1	2	-70	59265	6	4	1596	1478	263,25,263,25
1526390290.789256650	86	40	48	0	1	1	2	-70	59266	6	4	1596	1478	263,25,263,25
1526390290.801020192	86	40	48	0	1	1	2	-70	59267	6	4	1596	1478	263,25,263,25
1526390290.812765832	86	40	48	0	1	1	2	-70	59268	6	4	1596	1478	263,25,263,25
1526390290.824542021	86	40	48	0	1	1	2	-70	59269	6	4	1596	1478	263,25,263,25
1526390290.836287964	86	40	48	0	1	1	2	-70	59270	6	4	1596	1478	263,25,263,25
1526390290.848054217	81	40	48	0	1	1	2	-70	59271	7	4	1596	1478	292,5,292,5
1526390290.859863447	86	40	48	0	1	1	2	-70	59272	6	4	1596	1478	263,25,263,25
1526390290.871573483	86	40	48	0	1	1	2	-70	59273	6	4	1596	1478	263,25,263,25
1526390290.883338658	86	40	48	0	1	1	2	-70	59274	6	4	1596	1478	263,25,263,25
1526390290.895082334	86	40	48	0	1	1	2	-70	59275	6	4	1596	1478	263,25,263,25
1526390290.907238294	86	40	48	0	1	1	2	-70	59277	6	4	1596	1478	263,25,263,25
1526390290.918620289	86	40	48	0	1	1	2	-70	59278	6	4	1596	1478	263,25,263,25
1526390290.930331892	86	40	48	0	1	1	2	-71	59279	6	4	1596	1478	263,25,263,25
1526390290.942099191	86	40	48	0	1	1	2	-71	59280	6	4	1596	1478	263,25,263,25
1526390290.954327275	86	40	48	0	1	1	2	-70	59282	6	4	1596	1478	263,25,263,25
1526390290.965751012	86	40	48	0	1	1	2	-71	59283	6	4	1596	1478	263,25,263,25
1526390290.977473555	86	40	48	0	1	1	2	-71	59284	6	4	1596	1478	263,25,263,25
1526390290.989238998	86	40	48	0	1	1	2	-71	59285	6	4	1596	1478	263,25,263,25
1526390291.001018233	86	40	48	0	1	1	2	-70	59286	6	4	1596	1478	263,25,263,25
1526390291.012773682	86	40	48	0	1	1	2	-71	59287	6	4	1596	1478	263,25,263,25
1526390291.024517813	86	40	48	0	1	1	2	-71	59288	6	4	1596	1478	263,25,263,25
1526390291.036292191	86	40	48	0	1	1	2	-71	59289	6	4	1596	1478	263,25,263,25
1526390291.048074078	86	40	48	0	1	1	2	-70	59290	6	4	1596	1478	263,25,263,25
1526390291.059810612	86	40	48	0	1	1	2	-70	59291	6	4	1596	1478	263,25,263,25
1526390291.071569903	81	40	48	0	1	1	2	-70	59292	7	4	1596	1478	292,5,292,5
1526390291.083328583	86	40	48	0	1	1	2	-70	59293	6	4	1596	1478	263,25,263,25
1526390291.095025127	86	40	48	0	1	1	2	-70	59294	6	4	1596	1478	263,25,263,25
1526390291.106844672	86	40	48	0	1	1	2	-70	59295	6	4	1596	1478	263,25,263,25
1526390291.118915468	86	40	48	0	1	1	2	-70	59296	6	4	1596	1478	263,25,263,25
1526390291.130365042	81	40	48	0	1	1	2	-70	59297	7	4	1596	1478	292,5,292,5
1526390291.142039083	86	40	48	0	1	1	2	-70	59298	6	4	1596	1478	263,25,263,25
1526390291.154183965	86	40	48	0	1	1	2	-70	59299	6	4	1596	1478	263,25,263,25
1526390291.165673845	86	40	48	0	1	1	2	-70	59300	6	4	1596	1478	263,25,263,25
1526390291.177404403	86	40	48	0	1	1	2	-70	59301	6	4	1596	1478	263,25,263,25
1526390291.189167465	81	40	48	0	1	1	2	-70	59302	7	4	1596	1478	292,5,292,5
1526390291.200918005	77	40	48	1	1	1	2	-70	59303	7	4	1596	1478	325,325
1526390291.212682778	77	40	48	1	1	1	2	-70	59304	7	4	1596	1478	325,325
1526390291.224439364	77	40	48	1	1	1	2	-70	59305	7	4	1596	1478	325,325
1526390291.236544381	77	40	48	1	1	1	2	-70	59307	7	4	1596	1478	325,325
1526390291.248430434	77	40	48	1	1	1	2	-70	59308	7	4	1596	1478	325,325
1526390291.259847177	77	40	48	1	1	1	2	-70	59309	7	4	1596	1478	325,325
1526390291.271648127	77	40	48	1	1	1	2	-70	59310	7	4	1596	1478	325,325
1526390291.283363648	77	40	48	1	1	1	2	-70	59311	7	4	1596	1478	325,325
1526390291.295131657	77	40	48	1	1	1	2	-70	59312	7	4	1596	1478	325,325
1526390291.306820148	77	40	48	1	1	1	2	-70	59313	7	4	1596	1478	325,325
1526390291.318655560	77	40	48	1	1	1	2	-70	59314	7	4	1596	1478	325,325
1526390291.330707368	77	40	48	1	1	1	2	-70	59316	7	4	1596	1478	325,325
1526390291.342197368	77	40	48	1	1	1	2	-70	59317	7	4	1596	1478	325,325
1526390291.353925626	77	40	48	1	1	1	2	-70	59318	7	4	1596	1478	325,325
1526390291.365680563	74	40	48	0	2	0	2	-72	59319	4	4	1596	1478	351,351
1526390291.377499501	77	40	48	1	1	1	2	-70	59320	7	4	1596	1478	325,325
1526390291.389202111	77	40	48	1	1	1	2	-69	59321	7	4	1596	1478	325,325
1526390291.401003104	77	40	48	1	1	1	2	-69	59322	7	4	1596	1478	325,325
1526390291.412749416	77	40	48	1	1	1	2	-70	59323	7	4	1596	1478	325,325
1526390291.425648863	77	40	48	1	1	1	2	-69	59324	7	4	1596	1478	325,325
1526390291.436160692	77	40	48	1	1	1	2	-69	59325	7	4	1596	1478	325,325
1526390291.447912110	77	40	48	1	1	1	2	-69	59326	7	4	1596	1478	325,325
1526390291.462601834	86	40	48	0	1	1	2	-69	59328	6	4	1596	1478	263,25,263,25
1526390291.471499163	86	40	48	0	1	1	2	-69	59329	6	4	1596	1478	263,25,263,25
1526390291.483297028	86	40	48	0	1	1	2	-69	59330	6	4	1596	1478	263,25,263,25
1526390291.495045858	86	40	48	0	1	1	2	-70	59331	6	4	1596	1478	263,25,263,25
1526390291.506817255	86	40	48	0	1	1	2	-70	59332	6	4	1596	1478	263,25,263,25
1526390291.518602954	86	40	48	0	1	1	2	-70	59333	6	4	1596	1478	263,25,263,25
1526390291.530317912	86	40	48	0	1	1	2	-70	59334	6	4	1596	1478	263,25,263,25
1526390291.542090522	86	40	48	0	1	1	2	-70	59335	6	4	1596	1478	263,25,263,25
1526390291.554184921	86	40	48	0	1	1	2	-70	59337	6	4	1596	1478	263,25,263,25
1526390291.565606709	86	40	48	0	1	1	2	-70	59338	6	4	1596	1478	263,25,263,25
1526390291.577391459	86	40	48	0	1	1	2	-70	59339	6	4	1596	1478	263,25,263,25
1526390291.589128305	86	40	48	0	1	1	2	-70	59340	6	4	1596	1478	263,25,263,25
1526390291.600900388	81	40	48	0	1	1	2	-70	59341	7	4	1596	1478	292,5,292,5
1526390291.612589697	86	40	48	0	1	1	2	-70	59342	6	4	1596	1478	263,25,263,25
1526390291.624414230	86	40	48	0	1	1	2	-70	59343	6	4	1596	1478	263,25,263,25
1526390291.636184770	86	40	48	0	1	1	2	-70	59344	6	4	1596	1478	263,25,263,25
1526390291.647942976	86	40	48	0	1	1	2	-70	59345	6	4	1596	1478	263,25,263,25
1526390291.659598625	81	40	48	0	1	1	2	-70	59346	7	4	1596	1478	292,5,292,5
1526390291.671378272	86	40	48	0	1	1	2	-70	59347	6	4	1596	1478	263,25,263,25
1526390291.683004022	86	40	48	0	1	1	2	-70	59348	6	4	1596	1478	263,25,263,25
1526390291.694960775	86	40	48	0	1	1	2	-70	59349	6	4	1596	1478	263,25,263,25
1526390291.706746699	86	40	48	0	1	1	2	-70	59350	6	4	1596	1478	263,25,263,25
1526390291.718486989	81	40	48	0	1	1	2	-70	59351	7	4	1596	1478	292,5,292,5
1526390291.730251218	86	40	48	0	1	1	2	-70	59352	6	4	1596	1478	263,25,263,25
1526390291.741836060	86	40	48	0	1	1	2	-70	59353	6	4	1596	1478	263,25,263,25
1526390291.753894453	86	40	48	0	1	1	2	-70	59354	6	4	1596	1478	263,25,263,25
1526390291.765325454	86	40	48	0	1	1	2	-70	59355	6	4	1596	1478	263,25,263,25
1526390291.777792589	86	40	48	0	1	1	2	-70	59357	6	4	1596	1478	263,25,263,25
1526390291.788938329	86	40	48	0	1	1	2	-70	59358	6	4	1596	1478	263,25,263,25
1526390291.800704036	86	40	48	0	1	1	2	-70	59359	6	4	1596	1478	263,25,263,25
1526390291.812444797	86	40	48	0	1	1	2	-70	59360	6	4	1596	1478	263,25,263,25
1526390291.824584821	86	40	48	0	1	1	2	-70	59362	6	4	1596	1478	263,25,263,25
1526390291.836203017	86	40	48	0	1	1	2	-70	59363	6	4	1596	1478	263,25,263,25
1526390291.847744762	86	40	48	0	1	1	2	-70	59364	6	4	1596	1478	263,25,263,25
1526390291.859480369	86	40	48	0	1	1	2	-70	59365	6	4	1596	1478	263,25,263,25
1526390291.871248208	86	40	48	0	1	1	2	-70	59366	6	4	1596	1478	263,25,263,25
1526390291.883027525	86	40	48	0	1	1	2	-70	59367	6	4	1596	1478	263,25,263,25
1526390291.894768903	86	40	48	0	1	1	2	-70	59368	6	4	1596	1478	263,25,263,25
1526390291.906526093	86	40	48	0	1	1	2	-70	59369	6	4	1596	1478	263,25,263,25
1526390291.918274378	86	40	48	0	1	1	2	-70	59370	6	4	1596	1478	263,25,263,25
1526390291.930050063	86	40	48	0	1	1	2	-69	59371	6	4	1596	1478	263,25,263,25
1526390291.941825687	81	40	48	0	1	1	2	-70	59372	7	4	1596	1478	292,5,292,5
1526390291.953504880	77	40	48	1	1	1	2	-70	59373	7	4	1596	1478	325,325
1526390291.965238752	77	40	48	1	1	1	2	-70	59374	7	4	1596	1478	325,325
1526390291.977086592	77	40	48	1	1	1	2	-70	59376	7	4	1596	1478	325,325
1526390291.988864707	77	40	48	1	1	1	2	-70	59377	7	4	1596	1478	325,325
1526390292.000972630	77	40	48	1	1	1	2	-70	59378	7	4	1596	1478	325,325
1526390292.012349745	77	40	48	1	1	1	2	-70	59379	7	4	1596	1478	325,325
1526390292.024138574	77	40	48	1	1	1	2	-70	59380	7	4	1596	1478	325,325
1526390292.035954601	77	40	48	1	1	1	2	-70	59381	7	4	1596	1478	325,325
1526390292.047669030	77	40	48	1	1	1	2	-70	59382	7	4	1596	1478	325,325
1526390292.059438039	77	40	48	1	1	1	2	-70	59383	7	4	1596	1478	325,325
1526390292.071284872	77	40	48	1	1	1	2	-70	59384	7	4	1596	1478	325,325
1526390292.084800805	77	40	48	1	1	1	2	-69	59386	7	4	1596	1478	325,325
1526390292.094807539	77	40	48	1	1	1	2	-70	59387	7	4	1596	1478	325,325
1526390292.106586861	77	40	48	1	1	1	2	-70	59388	7	4	1596	1478	325,325
1526390292.118367577	77	40	48	1	1	1	2	-70	59389	7	4	1596	1478	325,325
1526390292.131310493	77	40	48	1	1	1	2	-70	59390	7	4	1596	1478	325,325
1526390292.142375092	77	40	48	1	1	1	2	-70	59391	7	4	1596	1478	325,325
1526390292.153607935	77	40	48	1	1	1	2	-70	59392	7	4	1596	1478	325,325
1526390292.165999752	77	40	48	1	1	1	2	-70	59394	7	4	1596	1478	325,325
1526390292.177442853	77	40	48	1	1	1	2	-70	59395	7	4	1596	1478	325,325
1526390292.188916661	77	40	48	1	1	1	2	-70	59396	7	4	1596	1478	325,325
1526390292.200653526	77	40	48	1	1	1	2	-70	59397	7	4	1596	1478	325,325
1526390292.213156389	77	40	48	1	1	1	2	-70	59400	7	4	1596	1478	325,325
1526390292.224187231	77	40	48	1	1	1	2	-70	59401	7	4	1596	1478	325,325
1526390292.236314389	77	40	48	1	1	1	2	-70	59402	7	4	1596	1478	325,325
1526390292.247687202	77	40	48	1	1	1	2	-70	59403	7	4	1596	1478	325,325
1526390292.259432419	77	40	48	1	1	1	2	-70	59404	7	4	1596	1478	325,325
1526390292.271209777	77	40	48	1	1	1	2	-70	59405	7	4	1596	1478	325,325
1526390292.282900867	77	40	48	1	1	1	2	-70	59406	7	4	1596	1478	325,325
1526390292.294757205	77	40	48	1	1	1	2	-70	59407	7	4	1596	1478	325,325
1526390292.306500860	77	40	48	1	1	1	2	-70	59408	7	4	1596	1478	325,325
1526390292.318241394	77	40	48	1	1	1	2	-70	59409	7	4	1596	1478	325,325
1526390292.330295988	77	40	48	1	1	1	2	-70	59410	7	4	1596	1478	325,325
1526390292.341763617	77	40	48	1	1	1	2	-69	59411	7	4	1596	1478	325,325
1526390292.353546531	77	40	48	1	1	1	2	-70	59412	7	4	1596	1478	325,325
1526390292.365296252	77	40	48	1	1	1	2	-69	59413	7	4	1596	1478	325,325
1526390292.377048135	77	40	48	1	1	1	2	-70	59414	7	4	1596	1478	325,325
1526390292.388814923	77	40	48	1	1	1	2	-69	59415	7	4	1596	1478	325,325
1526390292.400605571	77	40	48	1	1	1	2	-69	59416	7	4	1596	1478	325,325
1526390292.412318829	77	40	48	1	1	1	2	-69	59417	7	4	1596	1478	325,325
1526390292.424096210	77	40	48	1	1	1	2	-70	59418	7	4	1596	1478	325,325
1526390292.435853443	77	40	48	1	1	1	2	-70	59419	7	4	1596	1478	325,325
1526390292.447620138	77	40	48	1	1	1	2	-70	59420	7	4	1596	1478	325,325
1526390292.459388218	77	40	48	1	1	1	2	-70	59421	7	4	1596	1478	325,325
1526390292.471129780	77	40	48	1	1	1	2	-70	59422	7	4	1596	1478	325,325
1526390292.482906984	77	40	48	1	1	1	2	-70	59423	7	4	1596	1478	325,325
1526390292.495051471	77	40	48	1	1	1	2	-70	59424	7	4	1596	1478	325,325
1526390292.506415764	77	40	48	1	1	1	2	-70	59425	7	4	1596	1478	325,325
1526390292.518188154	77	40	48	1	1	1	2	-70	59426	7	4	1596	1478	325,325
1526390292.529939234	77	40	48	1	1	1	2	-70	59427	7	4	1596	1478	325,325
1526390292.541624238	77	40	48	1	1	1	2	-70	59428	7	4	1596	1478	325,325
1526390292.553460245	77	40	48	1	1	1	2	-70	59429	7	4	1596	1478	325,325
1526390292.565009630	77	40	48	1	1	1	2	-70	59430	7	4	1596	1478	325,325
1526390292.576990449	77	40	48	1	1	1	2	-70	59431	7	4	1596	1478	325,325
1526390292.588679012	77	40	48	1	1	1	2	-70	59432	7	4	1596	1478	325,325
1526390292.600538038	77	40	48	1	1	1	2	-70	59433	7	4	1596	1478	325,325
1526390292.612241804	77	40	48	1	1	1	2	-70	59434	7	4	1596	1478	325,325
1526390292.624402758	77	40	48	1	1	1	2	-70	59436	7	4	1596	1478	325,325
1526390292.635668734	77	40	48	1	1	1	2	-70	59437	7	4	1596	1478	325,325
1526390292.647798136	77	40	48	1	1	1	2	-70	59438	7	4	1596	1478	325,325
1526390292.659246997	77	40	48	1	1	1	2	-70	59439	7	4	1596	1478	325,325
1526390292.671050227	77	40	48	1	1	1	2	-70	59440	7	4	1596	1478	325,325
1526390292.682764657	77	40	48	1	1	1	2	-70	59441	7	4	1596	1478	325,325
1526390292.694591353	77	40	48	1	1	1	2	-70	59442	7	4	1596	1478	325,325
1526390292.706602326	77	40	48	1	1	1	2	-70	59443	7	4	1596	1478	325,325
1526390292.718307559	77	40	48	1	1	1	2	-70	59445	7	4	1596	1478	325,325
1526390292.729757581	77	40	48	1	1	1	2	-70	59446	7	4	1596	1478	325,325
1526390292.741870786	77	40	48	1	1	1	2	-70	59447	7	4	1596	1478	325,325
1526390292.753307540	77	40	48	1	1	1	2	-70	59448	7	4	1596	1478	325,325
1526390292.764995520	77	40	48	1	1	1	2	-70	59449	7	4	1596	1478	325,325
1526390292.776769754	77	40	48	1	1	1	2	-69	59450	7	4	1596	1478	325,325
1526390292.788518053	77	40	48	1	1	1	2	-69	59451	7	4	1596	1478	325,325
1526390292.800286458	77	40	48	1	1	1	2	-70	59452	7	4	1596	1478	325,325
1526390292.812038687	77	40	48	1	1	1	2	-69	59453	7	4	1596	1478	325,325
1526390292.823819270	77	40	48	1	1	1	2	-69	59454	7	4	1596	1478	325,325
1526390292.835566079	77	40	48	1	1	1	2	-69	59455	7	4	1596	1478	325,325
1526390292.847313524	77	40	48	1	1	1	2	-70	59456	7	4	1596	1478	325,325
1526390292.859363178	77	40	48	1	1	1	2	-69	59457	7	4	1596	1478	325,325
1526390292.870841412	77	40	48	1	1	1	2	-69	59458	7	4	1596	1478	325,325
1526390292.882618961	77	40	48	1	1	1	2	-69	59459	7	4	1596	1478	325,325
1526390292.894596649	77	40	48	1	1	1	2	-69	59460	7	4	1596	1478	325,325
1526390292.906168212	77	40	48	1	1	1	2	-69	59462	7	4	1596	1478	325,325
1526390292.917894730	77	40	48	1	1	1	2	-69	59463	7	4	1596	1478	325,325
1526390292.929640737	77	40	48	1	1	1	2	-70	59464	7	4	1596	1478	325,325
1526390292.941408442	77	40	48	1	1	1	2	-69	59465	7	4	1596	1478	325,325
1526390292.953159395	77	40	48	1	1	1	2	-69	59466	7	4	1596	1478	325,325
1526390292.964929910	77	40	48	1	1	1	2	-70	59467	7	4	1596	1478	325,325
1526390292.976592083	77	40	48	1	1	1	2	-69	59468	7	4	1596	1478	325,325
1526390292.988344464	77	40	48	1	1	1	2	-69	59469	7	4	1596	1478	325,325
1526390293.000193683	77	40	48	1	1	1	2	-69	59470	7	4	1596	1478	325,325
1526390293.012041895	77	40	48	1	1	1	2	-69	59471	7	4	1596	1478	325,325
1526390293.023696688	77	40	48	1	1	1	2	-70	59472	7	4	1596	1478	325,325
1526390293.035480045	77	40	48	1	1	1	2	-70	59473	7	4	1596	1478	325,325
1526390293.047245353	77	40	48	1	1	1	2	-70	59474	7	4	1596	1478	325,325
1526390293.059353353	77	40	48	1	1	1	2	-70	59475	7	4	1596	1478	325,325
1526390293.070869058	77	40	48	1	1	1	2	-70	59476	7	4	1596	1478	325,325
1526390293.082568032	77	40	48	1	1	1	2	-70	59477	7	4	1596	1478	325,325
1526390293.094394527	77	40	48	1	1	1	2	-70	59478	7	4	1596	1478	325,325
1526390293.106528170	77	40	48	1	1	1	2	-70	59479	7	4	1596	1478	325,325
1526390293.118286066	77	40	48	1	1	1	2	-70	59481	7	4	1596	1478	325,325
1526390293.129713003	77	40	48	1	1	1	2	-70	59482	7	4	1596	1478	325,325
1526390293.141320115	77	40	48	1	1	1	2	-70	59483	7	4	1596	1478	325,325
1526390293.153232986	77	40	48	1	1	1	2	-70	59484	7	4	1596	1478	325,325
1526390293.164964250	77	40	48	1	1	1	2	-70	59485	7	4	1596	1478	325,325
1526390293.176799753	77	40	48	1	1	1	2	-70	59486	7	4	1596	1478	325,325
1526390293.188564832	77	40	48	1	1	1	2	-70	59487	7	4	1596	1478	325,325
1526390293.201311901	77	40	48	1	1	1	2	-70	59488	7	4	1596	1478	325,325
1526390293.212054364	77	40	48	1	1	1	2	-70	59489	7	4	1596	1478	325,325
1526390293.224189190	77	40	48	1	1	1	2	-70	59490	7	4	1596	1478	325,325
1526390293.235587138	77	40	48	1	1	1	2	-70	59491	7	4	1596	1478	325,325
1526390293.247333977	77	40	48	1	1	1	2	-70	59492	7	4	1596	1478	325,325
1526390293.259028539	77	40	48	1	1	1	2	-70	59493	7	4	1596	1478	325,325
1526390293.270875363	77	40	48	1	1	1	2	-70	59494	7	4	1596	1478	325,325
1526390293.282657972	77	40	48	1	1	1	2	-70	59495	7	4	1596	1478	325,325
1526390293.294382733	77	40	48	1	1	1	2	-70	59496	7	4	1596	1478	325,325
1526390293.306129277	77	40	48	1	1	1	2	-70	59497	7	4	1596	1478	325,325
1526390293.317895981	77	40	48	1	1	1	2	-70	59498	7	4	1596	1478	325,325
1526390293.329864833	77	40	48	1	1	1	2	-70	59500	7	4	1596	1478	325,325
1526390293.341718977	77	40	48	1	1	1	2	-70	59502	7	4	1596	1478	325,325
1526390293.353566626	77	40	48	1	1	1	2	-70	59504	7	4	1596	1478	325,325
1526390293.364944384	77	40	48	1	1	1	2	-70	59505	7	4	1596	1478	325,325
1526390293.376719871	77	40	48	1	1	1	2	-70	59506	7	4	1596	1478	325,325
1526390293.389368571	77	40	48	1	1	1	2	-70	59507	7	4	1596	1478	325,325
1526390293.400665686	77	40	48	1	1	1	2	-70	59508	7	4	1596	1478	325,325
1526390293.411731752	77	40	48	1	1	1	2	-70	59509	7	4	1596	1478	325,325
1526390293.423606614	77	40	48	1	1	1	2	-70	59510	7	4	1596	1478	325,325
1526390293.435482601	77	40	48	1	1	1	2	-70	59511	7	4	1596	1478	325,325
1526390293.447163700	77	40	48	1	1	1	2	-70	59512	7	4	1596	1478	325,325
1526390293.459168282	77	40	48	1	1	1	2	-70	59514	7	4	1596	1478	325,325
1526390293.470647829	77	40	48	1	1	1	2	-70	59515	7	4	1596	1478	325,325
1526390293.482615828	77	40	48	1	1	1	2	-70	59517	7	4	1596	1478	325,325
1526390293.494147201	77	40	48	1	1	1	2	-70	59518	7	4	1596	1478	325,325
1526390293.505920146	77	40	48	1	1	1	2	-70	59519	7	4	1596	1478	325,325
1526390293.519587952	77	40	48	1	1	1	2	-70	59520	7	4	1596	1478	325,325
1526390293.529916416	77	40	48	1	1	1	2	-70	59522	7	4	1596	1478	325,325
1526390293.541199540	77	40	48	1	1	1	2	-70	59523	7	4	1596	1478	325,325
1526390293.552963265	77	40	48	1	1	1	2	-70	59524	7	4	1596	1478	325,325
1526390293.565386870	77	40	48	1	1	1	2	-70	59526	7	4	1596	1478	325,325
1526390293.576638670	77	40	48	1	1	1	2	-70	59527	7	4	1596	1478	325,325
1526390293.588320072	77	40	48	1	1	1	2	-70	59528	7	4	1596	1478	325,325
1526390293.600088193	77	40	48	1	1	1	2	-70	59529	7	4	1596	1478	325,325
1526390293.611765830	77	40	48	1	1	1	2	-70	59530	7	4	1596	1478	325,325
1526390293.623560839	77	40	48	1	1	1	2	-70	59531	7	4	1596	1478	325,325
1526390293.635228880	77	40	48	1	1	1	2	-70	59532	7	4	1596	1478	325,325
1526390293.647120185	77	40	48	1	1	1	2	-70	59533	7	4	1596	1478	325,325
1526390293.658883264	77	40	48	1	1	1	2	-70	59534	7	4	1596	1478	325,325
1526390293.670638725	77	40	48	1	1	1	2	-70	59535	7	4	1596	1478	325,325
1526390293.682314340	77	40	48	1	1	1	2	-70	59536	7	4	1596	1478	325,325
1526390293.694036525	77	40	48	1	1	1	2	-70	59537	7	4	1596	1478	325,325
1526390293.705822060	77	40	48	1	1	1	2	-70	59538	7	4	1596	1478	325,325
1526390293.717936297	77	40	48	1	1	1	2	-70	59540	7	4	1596	1478	325,325
1526390293.729828800	77	40	48	1	1	1	2	-70	59541	7	4	1596	1478	325,325
1526390293.741137416	77	40	48	1	1	1	2	-70	59542	7	4	1596	1478	325,325
1526390293.752962292	77	40	48	1	1	1	2	-70	59543	7	4	1596	1478	325,325
1526390293.764601051	77	40	48	1	1	1	2	-70	59544	7	4	1596	1478	325,325
1526390293.776521373	77	40	48	1	1	1	2	-70	59545	7	4	1596	1478	325,325
1526390293.788529654	77	40	48	1	1	1	2	-70	59547	7	4	1596	1478	325,325
1526390293.800021653	77	40	48	1	1	1	2	-70	59548	7	4	1596	1478	325,325
1526390293.812433597	77	40	48	1	1	1	2	-70	59551	7	4	1596	1478	325,325
1526390293.824958574	86	40	48	0	1	1	2	-70	59554	6	4	1596	1478	263,25,263,25
1526390293.835311703	86	40	48	0	1	1	2	-70	59555	6	4	1596	1478	263,25,263,25
1526390293.847016975	86	40	48	0	1	1	2	-70	59556	6	4	1596	1478	263,25,263,25
1526390293.858825825	86	40	48	0	1	1	2	-70	59557	6	4	1596	1478	263,25,263,25
1526390293.870579586	86	40	48	0	1	1	2	-70	59558	6	4	1596	1478	263,25,263,25
1526390293.882370778	86	40	48	0	1	1	2	-70	59559	6	4	1596	1478	263,25,263,25
1526390293.894077960	86	40	48	0	1	1	2	-70	59560	6	4	1596	1478	263,25,263,25
1526390293.905835328	86	40	48	0	1	1	2	-70	59561	6	4	1596	1478	263,25,263,25
1526390293.917976254	81	40	48	0	1	1	2	-70	59562	7	4	1596	1478	292,5,292,5
1526390293.929396607	86	40	48	0	1	1	2	-70	59563	6	4	1596	1478	263,25,263,25
1526390293.941131647	86	40	48	0	1	1	2	-70	59564	6	4	1596	1478	263,25,263,25
1526390293.952901391	86	40	48	0	1	1	2	-70	59565	6	4	1596	1478	263,25,263,25
1526390293.964662070	86	40	48	0	1	1	2	-70	59566	6	4	1596	1478	263,25,263,25
1526390293.976313986	81	40	48	0	1	1	2	-70	59568	7	4	1596	1478	292,5,292,5
1526390293.988173462	86	40	48	0	1	1	2	-71	59569	6	4	1596	1478	263,25,263,25
1526390293.999847900	86	40	48	0	1	1	2	-70	59570	6	4	1596	1478	263,25,263,25
1526390294.011638236	86	40	48	0	1	1	2	-70	59571	6	4	1596	1478	263,25,263,25
1526390294.023452488	86	40	48	0	1	1	2	-70	59572	6	4	1596	1478	263,25,263,25
1526390294.035612139	86	40	48	0	1	1	2	-70	59574	6	4	1596	1478	263,25,263,25
1526390294.046778701	86	40	48	0	1	1	2	-70	59575	6	4	1596	1478	263,25,263,25
1526390294.058657278	86	40	48	0	1	1	2	-70	59576	6	4	1596	1478	263,25,263,25
1526390294.070474640	86	40	48	0	1	1	2	-70	59577	6	4	1596	1478	263,25,263,25
1526390294.083516557	86	40	48	0	1	1	2	-70	59578	6	4	1596	1478	263,25,263,25
1526390294.094009038	86	40	48	0	1	1	2	-70	59579	6	4	1596	1478	263,25,263,25
1526390294.105799600	86	40	48	0	1	1	2	-70	59580	6	4	1596	1478	263,25,263,25
1526390294.117546176	86	40	48	0	1	1	2	-70	59581	6	4	1596	1478	263,25,263,25
1526390294.129311350	86	40	48	0	1	1	2	-70	59582	6	4	1596	1478	263,25,263,25
1526390294.141030044	86	40	48	0	1	1	2	-70	59583	6	4	1596	1478	263,25,263,25
1526390294.152816795	86	40	48	0	1	1	2	-70	59584	6	4	1596	1478	263,25,263,25
1526390294.164452417	86	40	48	0	1	1	2	-70	59585	6	4	1596	1478	263,25,263,25
1526390294.176530796	86	40	48	0	1	1	2	-70	59586	6	4	1596	1478	263,25,263,25
1526390294.188111536	86	40	48	0	1	1	2	-70	59587	6	4	1596	1478	263,25,263,25
1526390294.200272490	86	40	48	0	1	1	2	-70	59589	6	4	1596	1478	263,25,263,25
1526390294.211607032	86	40	48	0	1	1	2	-70	59590	6	4	1596	1478	263,25,263,25
1526390294.223379137	86	40	48	0	1	1	2	-70	59591	6	4	1596	1478	263,25,263,25
1526390294.235541949	86	40	48	0	1	1	2	-70	59592	6	4	1596	1478	263,25,263,25
1526390294.246879160	86	40	48	0	1	1	2	-70	59593	6	4	1596	1478	263,25,263,25
1526390294.258662757	86	40	48	0	1	1	2	-70	59594	6	4	1596	1478	263,25,263,25
1526390294.270420782	86	40	48	0	1	1	2	-70	59595	6	4	1596	1478	263,25,263,25
1526390294.282199512	86	40	48	0	1	1	2	-70	59596	6	4	1596	1478	263,25,263,25
1526390294.293954457	86	40	48	0	1	1	2	-70	59597	6	4	1596	1478	263,25,263,25
1526390294.305679714	86	40	48	0	1	1	2	-70	59598	6	4	1596	1478	263,25,263,25
1526390294.317446547	86	40	48	0	1	1	2	-70	59599	6	4	1596	1478	263,25,263,25
1526390294.329209953	86	40	48	0	1	1	2	-70	59600	6	4	1596	1478	263,25,263,25
1526390294.340935256	86	40	48	0	1	1	2	-70	59601	6	4	1596	1478	263,25,263,25
1526390294.352744181	86	40	48	0	1	1	2	-70	59602	6	4	1596	1478	263,25,263,25
1526390294.364508885	81	40	48	0	1	1	2	-70	59603	7	4	1596	1478	292,5,292,5
1526390294.376241519	86	40	48	0	1	1	2	-70	59604	6	4	1596	1478	263,25,263,25
1526390294.388014220	86	40	48	0	1	1	2	-70	59605	6	4	1596	1478	263,25,263,25
1526390294.399763345	86	40	48	0	1	1	2	-70	59606	6	4	1596	1478	263,25,263,25
1526390294.411547339	86	40	48	0	1	1	2	-70	59607	6	4	1596	1478	263,25,263,25
1526390294.423295376	81	40	48	0	1	1	2	-70	59608	7	4	1596	1478	292,5,292,5
1526390294.436382834	86	40	48	0	1	1	2	-70	59612	6	4	1596	1478	263,25,263,25
1526390294.446759961	86	40	48	0	1	1	2	-70	59613	6	4	1596	1478	263,25,263,25
1526390294.458580645	86	40	48	0	1	1	2	-70	59614	6	4	1596	1478	263,25,263,25
1526390294.470351893	86	40	48	0	1	1	2	-70	59615	6	4	1596	1478	263,25,263,25
1526390294.482059699	86	40	48	0	1	1	2	-70	59616	6	4	1596	1478	263,25,263,25
1526390294.493892830	86	40	48	0	1	1	2	-70	59617	6	4	1596	1478	263,25,263,25
1526390294.505502116	86	40	48	0	1	1	2	-70	59618	6	4	1596	1478	263,25,263,25
1526390294.517249703	86	40	48	0	1	1	2	-70	59619	6	4	1596	1478	263,25,263,25
1526390294.529430344	86	40	48	0	1	1	2	-70	59621	6	4	1596	1478	263,25,263,25
1526390294.543619289	86	40	48	0	1	1	2	-70	59622	6	4	1596	1478	263,25,263,25
1526390294.552610897	86	40	48	0	1	1	2	-70	59623	6	4	1596	1478	263,25,263,25
1526390294.564417112	86	40	48	0	1	1	2	-70	59624	6	4	1596	1478	263,25,263,25
1526390294.576439027	86	40	48	0	1	1	2	-70	59625	6	4	1596	1478	263,25,263,25
1526390294.587852368	86	40	48	0	1	1	2	-70	59626	6	4	1596	1478	263,25,263,25
1526390294.600044642	86	40	48	0	1	1	2	-70	59627	6	4	1596	1478	263,25,263,25
1526390294.611374099	86	40	48	0	1	1	2	-70	59628	6	4	1596	1478	263,25,263,25
1526390294.623060873	86	40	48	0	1	1	2	-70	59629	6	4	1596	1478	263,25,263,25
1526390294.635163824	86	40	48	0	1	1	2	-70	59630	6	4	1596	1478	263,25,263,25
1526390294.646692969	86	40	48	0	1	1	2	-69	59631	6	4	1596	1478	263,25,263,25
1526390294.658408059	86	40	48	0	1	1	2	-70	59632	6	4	1596	1478	263,25,263,25
1526390294.670043275	86	40	48	0	1	1	2	-69	59633	6	4	1596	1478	263,25,263,25
1526390294.681956892	86	40	48	0	1	1	2	-69	59634	6	4	1596	1478	263,25,263,25
1526390294.693784596	81	40	48	0	1	1	2	-69	59635	7	4	1596	1478	292,5,292,5
1526390294.705538059	86	40	48	0	1	1	2	-69	59636	6	4	1596	1478	263,25,263,25
1526390294.717319033	86	40	48	0	1	1	2	-70	59637	6	4	1596	1478	263,25,263,25
1526390294.729054642	86	40	48	0	1	1	2	-69	59638	6	4	1596	1478	263,25,263,25
1526390294.740831267	86	40	48	0	1	1	2	-69	59639	6	4	1596	1478	263,25,263,25
1526390294.752584826	81	40	48	0	1	1	2	-69	59640	7	4	1596	1478	292,5,292,5
1526390294.764250067	86	40	48	0	1	1	2	-69	59641	6	4	1596	1478	263,25,263,25
1526390294.776084609	86	40	48	0	1	1	2	-69	59642	6	4	1596	1478	263,25,263,25
1526390294.787859492	86	40	48	0	1	1	2	-69	59643	6	4	1596	1478	263,25,263,25
1526390294.799621849	86	40	48	0	1	1	2	-69	59644	6	4	1596	1478	263,25,263,25
1526390294.811398013	81	40	48	0	1	1	2	-69	59645	7	4	1596	1478	292,5,292,5
1526390294.823117249	86	40	48	0	1	1	2	-69	59646	6	4	1596	1478	263,25,263,25
1526390294.834891676	86	40	48	0	1	1	2	-69	59647	6	4	1596	1478	263,25,263,25
1526390294.846657920	86	40	48	0	1	1	2	-69	59648	6	4	1596	1478	263,25,263,25
1526390294.858449962	86	40	48	0	1	1	2	-69	59649	6	4	1596	1478	263,25,263,25
1526390294.870195857	81	40	48	0	1	1	2	-69	59650	7	4	1596	1478	292,5,292,5
1526390294.881754782	86	40	48	0	1	1	2	-69	59651	6	4	1596	1478	263,25,263,25
1526390294.893691885	86	40	48	0	1	1	2	-69	59652	6	4	1596	1478	263,25,263,25
1526390294.905476496	86	40	48	0	1	1	2	-69	59653	6	4	1596	1478	263,25,263,25
1526390294.917218295	86	40	48	0	1	1	2	-70	59654	6	4	1596	1478	263,25,263,25
1526390294.929475450	86	40	48	0	1	1	2	-69	59656	6	4	1596	1478	263,25,263,25
1526390294.940741542	86	40	48	0	1	1	2	-69	59657	6	4	1596	1478	263,25,263,25
1526390294.952976825	86	40	48	0	1	1	2	-70	59658	6	4	1596	1478	263,25,263,25
1526390294.964257067	86	40	48	0	1	1	2	-70	59659	6	4	1596	1478	263,25,263,25
1526390294.975996143	86	40	48	0	1	1	2	-70	59660	6	4	1596	1478	263,25,263,25
1526390294.988205367	86	40	48	0	1	1	2	-70	59662	6	4	1596	1478	263,25,263,25
1526390294.999462350	86	40	48	0	1	1	2	-69	59663	6	4	1596	1478	263,25,263,25
1526390295.011322882	86	40	48	0	1	1	2	-69	59664	6	4	1596	1478	263,25,263,25
1526390295.023357578	86	40	48	0	1	1	2	-70	59665	6	4	1596	1478	263,25,263,25
1526390295.034817953	86	40	48	0	1	1	2	-70	59666	6	4	1596	1478	263,25,263,25
1526390295.046508994	86	40	48	0	1	1	2	-70	59667	6	4	1596	1478	263,25,263,25
1526390295.058283736	86	40	48	0	1	1	2	-70	59668	6	4	1596	1478	263,25,263,25
1526390295.070096488	86	40	48	0	1	1	2	-69	59669	6	4	1596	1478	263,25,263,25
1526390295.081828275	86	40	48	0	1	1	2	-70	59670	6	4	1596	1478	263,25,263,25
1526390295.093606730	81	40	48	0	1	1	2	-70	59671	7	4	1596	1478	292,5,292,5
1526390295.105942137	77	40	48	1	1	1	2	-70	59673	7	4	1596	1478	325,325
1526390295.117875378	77	40	48	1	1	1	2	-70	59676	7	4	1596	1478	325,325
1526390295.128877743	77	40	48	1	1	1	2	-70	59677	7	4	1596	1478	325,325
1526390295.140571474	77	40	48	1	1	1	2	-70	59678	7	4	1596	1478	325,325
1526390295.153367951	77	40	48	1	1	1	2	-70	59680	7	4	1596	1478	325,325
1526390295.164206221	77	40	48	1	1	1	2	-70	59681	7	4	1596	1478	325,325
1526390295.176196576	77	40	48	1	1	1	2	-70	59683	7	4	1596	1478	325,325
1526390295.187674444	77	40	48	1	1	1	2	-70	59684	7	4	1596	1478	325,325
1526390295.199412220	77	40	48	1	1	1	2	-70	59685	7	4	1596	1478	325,325
1526390295.211454831	77	40	48	1	1	1	2	-70	59687	7	4	1596	1478	325,325
1526390295.222979360	77	40	48	1	1	1	2	-70	59688	7	4	1596	1478	325,325
1526390295.234735078	77	40	48	1	1	1	2	-70	59689	7	4	1596	1478	325,325
1526390295.246947032	77	40	48	1	1	1	2	-70	59690	7	4	1596	1478	325,325
1526390295.258799349	77	40	48	1	1	1	2	-70	59691	7	4	1596	1478	325,325
1526390295.270007149	77	40	48	1	1	1	2	-70	59692	7	4	1596	1478	325,325
1526390295.281768412	77	40	48	1	1	1	2	-70	59693	7	4	1596	1478	325,325
1526390295.293521864	77	40	48	1	1	1	2	-70	59694	7	4	1596	1478	325,325
1526390295.305278450	77	40	48	1	1	1	2	-70	59695	7	4	1596	1478	325,325
1526390295.317754886	77	40	48	1	1	1	2	-70	59696	7	4	1596	1478	325,325
1526390295.328803420	77	40	48	1	1	1	2	-70	59697	7	4	1596	1478	325,325
1526390295.340562674	77	40	48	1	1	1	2	-70	59698	7	4	1596	1478	325,325
1526390295.352358543	77	40	48	1	1	1	2	-70	59699	7	4	1596	1478	325,325
1526390295.364107821	77	40	48	1	1	1	2	-70	59700	7	4	1596	1478	325,325
1526390295.376136216	77	40	48	1	1	1	2	-70	59702	7	4	1596	1478	325,325
1526390295.387591151	77	40	48	1	1	1	2	-70	59703	7	4	1596	1478	325,325
1526390295.399731091	77	40	48	1	1	1	2	-70	59704	7	4	1596	1478	325,325
1526390295.411139628	77	40	48	1	1	1	2	-70	59705	7	4	1596	1478	325,325
1526390295.423892927	77	40	48	1	1	1	2	-70	59709	7	4	1596	1478	325,325
1526390295.434646991	77	40	48	1	1	1	2	-70	59710	7	4	1596	1478	325,325
1526390295.446788474	77	40	48	1	1	1	2	-70	59712	7	4	1596	1478	325,325
1526390295.458513355	77	40	48	1	1	1	2	-70	59713	7	4	1596	1478	325,325
1526390295.469967450	77	40	48	1	1	1	2	-70	59714	7	4	1596	1478	325,325
1526390295.482056022	77	40	48	1	1	1	2	-70	59715	7	4	1596	1478	325,325
1526390295.494622494	77	40	48	1	1	1	2	-70	59719	7	4	1596	1478	325,325
1526390295.505212911	77	40	48	1	1	1	2	-70	59720	7	4	1596	1478	325,325
1526390295.517351481	77	40	48	1	1	1	2	-70	59722	7	4	1596	1478	325,325
1526390295.528751036	77	40	48	1	1	1	2	-70	59723	7	4	1596	1478	325,325
1526390295.541138749	77	40	48	1	1	1	2	-70	59724	7	4	1596	1478	325,325
1526390295.552131888	77	40	48	1	1	1	2	-70	59725	7	4	1596	1478	325,325
1526390295.563998382	77	40	48	1	1	1	2	-70	59726	7	4	1596	1478	325,325
1526390295.576454354	77	40	48	1	1	1	2	-70	59728	7	4	1596	1478	325,325
1526390295.587734140	77	40	48	1	1	1	2	-70	59730	7	4	1596	1478	325,325
1526390295.599277132	77	40	48	1	1	1	2	-70	59731	7	4	1596	1478	325,325
1526390295.611037324	77	40	48	1	1	1	2	-70	59732	7	4	1596	1478	325,325
1526390295.622738813	77	40	48	1	1	1	2	-70	59733	7	4	1596	1478	325,325
1526390295.634467818	77	40	48	1	1	1	2	-70	59734	7	4	1596	1478	325,325
1526390295.646495193	77	40	48	1	1	1	2	-70	59735	7	4	1596	1478	325,325
1526390295.659477551	86	40	48	0	1	1	2	-70	59736	6	4	1596	1478	263,25,263,25
1526390295.669907884	86	40	48	0	1	1	2	-70	59737	6	4	1596	1478	263,25,263,25
1526390295.681596331	86	40	48	0	1	1	2	-69	59738	6	4	1596	1478	263,25,263,25
1526390295.693373861	86	40	48	0	1	1	2	-70	59739	6	4	1596	1478	263,25,263,25
1526390295.705146204	86	40	48	0	1	1	2	-69	59740	6	4	1596	1478	263,25,263,25
1526390295.716896413	86	40	48	0	1	1	2	-69	59741	6	4	1596	1478	263,25,263,25
1526390295.728632950	86	40	48	0	1	1	2	-69	59742	6	4	1596	1478	263,25,263,25
1526390295.740888840	86	40	48	0	1	1	2	-69	59743	6	4	1596	1478	263,25,263,25
1526390295.752158437	86	40	48	0	1	1	2	-69	59744	6	4	1596	1478	263,25,263,25
1526390295.763924135	86	40	48	0	1	1	2	-69	59745	6	4	1596	1478	263,25,263,25
1526390295.775728765	86	40	48	0	1	1	2	-69	59746	6	4	1596	1478	263,25,263,25
1526390295.787451522	86	40	48	0	1	1	2	-69	59747	6	4	1596	1478	263,25,263,25
1526390295.799234501	86	40	48	0	1	1	2	-69	59748	6	4	1596	1478	263,25,263,25
1526390295.810971362	81	40	48	0	1	1	2	-69	59749	7	4	1596	1478	292,5,292,5
1526390295.822737680	86	40	48	0	1	1	2	-69	59750	6	4	1596	1478	263,25,263,25
1526390295.834483155	86	40	48	0	1	1	2	-69	59751	6	4	1596	1478	263,25,263,25
1526390295.846121376	86	40	48	0	1	1	2	-69	59752	6	4	1596	1478	263,25,263,25
1526390295.858026001	86	40	48	0	1	1	2	-69	59753	6	4	1596	1478	263,25,263,25
1526390295.869763524	81	40	48	0	1	1	2	-69	59754	7	4	1596	1478	292,5,292,5
1526390295.881491083	86	40	48	0	1	1	2	-69	59755	6	4	1596	1478	263,25,263,25
1526390295.893280725	86	40	48	0	1	1	2	-69	59756	6	4	1596	1478	263,25,263,25
1526390295.905049464	86	40	48	0	1	1	2	-70	59757	6	4	1596	1478	263,25,263,25
1526390295.916733738	86	40	48	0	1	1	2	-70	59758	6	4	1596	1478	263,25,263,25
1526390295.928585333	81	40	48	0	1	1	2	-70	59759	7	4	1596	1478	292,5,292,5
1526390295.940332650	86	40	48	0	1	1	2	-70	59760	6	4	1596	1478	263,25,263,25
1526390295.952094499	86	40	48	0	1	1	2	-70	59761	6	4	1596	1478	263,25,263,25
1526390295.963834008	86	40	48	0	1	1	2	-70	59762	6	4	1596	1478	263,25,263,25
1526390295.975523969	86	40	48	0	1	1	2	-70	59764	6	4	1596	1478	263,25,263,25
1526390295.987359455	81	40	48	0	1	1	2	-70	59765	7	4	1596	1478	292,5,292,5
1526390295.999128304	77	40	48	1	1	1	2	-70	59766	7	4	1596	1478	325,325
1526390296.010905311	77	40	48	1	1	1	2	-70	59767	7	4	1596	1478	325,325
1526390296.022661238	77	40	48	1	1	1	2	-70	59768	7	4	1596	1478	325,325
1526390296.034352820	77	40	48	1	1	1	2	-70	59769	7	4	1596	1478	325,325
1526390296.046439528	77	40	48	1	1	1	2	-70	59770	7	4	1596	1478	325,325
1526390296.057920223	77	40	48	1	1	1	2	-70	59771	7	4	1596	1478	325,325
1526390296.069627584	77	40	48	1	1	1	2	-70	59772	7	4	1596	1478	325,325
1526390296.081382722	77	40	48	1	1	1	2	-69	59773	7	4	1596	1478	325,325
1526390296.093566151	77	40	48	1	1	1	2	-70	59774	7	4	1596	1478	325,325
1526390296.104948584	77	40	48	1	1	1	2	-70	59775	7	4	1596	1478	325,325
1526390296.116720871	77	40	48	1	1	1	2	-70	59776	7	4	1596	1478	325,325
1526390296.128497044	77	40	48	1	1	1	2	-69	59777	7	4	1596	1478	325,325
1526390296.140158095	77	40	48	1	1	1	2	-69	59778	7	4	1596	1478	325,325
1526390296.151900739	77	40	48	1	1	1	2	-69	59779	7	4	1596	1478	325,325
1526390296.163631999	77	40	48	1	1	1	2	-69	59780	7	4	1596	1478	325,325
1526390296.175530375	77	40	48	1	1	1	2	-69	59781	7	4	1596	1478	325,325
1526390296.187309996	77	40	48	1	1	1	2	-69	59782	7	4	1596	1478	325,325
1526390296.199348118	77	40	48	1	1	1	2	-69	59783	7	4	1596	1478	325,325
1526390296.211187213	77	40	48	1	1	1	2	-69	59784	7	4	1596	1478	325,325
1526390296.222503678	77	40	48	1	1	1	2	-69	59785	7	4	1596	1478	325,325
1526390296.234741070	77	40	48	1	1	1	2	-69	59787	7	4	1596	1478	325,325
1526390296.245958921	77	40	48	1	1	1	2	-69	59788	7	4	1596	1478	325,325
1526390296.257865195	77	40	48	1	1	1	2	-69	59789	7	4	1596	1478	325,325
1526390296.269594610	77	40	48	1	1	1	2	-69	59790	7	4	1596	1478	325,325
1526390296.282484908	77	40	48	1	1	1	2	-69	59791	7	4	1596	1478	325,325
1526390296.293127915	77	40	48	1	1	1	2	-69	59792	7	4	1596	1478	325,325
1526390296.304884278	77	40	48	1	1	1	2	-69	59793	7	4	1596	1478	325,325
1526390296.316659175	77	40	48	1	1	1	2	-69	59794	7	4	1596	1478	325,325
1526390296.328409127	77	40	48	1	1	1	2	-69	59795	7	4	1596	1478	325,325
1526390296.341333300	77	40	48	1	1	1	2	-70	59797	7	4	1596	1478	325,325
1526390296.351945606	77	40	48	1	1	1	2	-69	59798	7	4	1596	1478	325,325
1526390296.363690284	77	40	48	1	1	1	2	-69	59799	7	4	1596	1478	325,325
1526390296.376201032	77	40	48	1	1	1	2	-70	59800	7	4	1596	1478	325,325
1526390296.387232624	77	40	48	1	1	1	2	-70	59801	7	4	1596	1478	325,325
1526390296.399280393	77	40	48	1	1	1	2	-70	59803	7	4	1596	1478	325,325
1526390296.410536943	77	40	48	1	1	1	2	-69	59804	7	4	1596	1478	325,325
1526390296.422472535	77	40	48	1	1	1	2	-69	59805	7	4	1596	1478	325,325
1526390296.434250035	77	40	48	1	1	1	2	-70	59806	7	4	1596	1478	325,325
1526390296.445985011	77	40	48	1	1	1	2	-69	59807	7	4	1596	1478	325,325
1526390296.457784926	77	40	48	1	1	1	2	-70	59808	7	4	1596	1478	325,325
1526390296.469839591	77	40	48	1	1	1	2	-70	59810	7	4	1596	1478	325,325
1526390296.481551033	77	40	48	1	1	1	2	-69	59812	7	4	1596	1478	325,325
1526390296.493065789	77	40	48	1	1	1	2	-70	59813	7	4	1596	1478	325,325
1526390296.505158878	77	40	48	1	1	1	2	-70	59814	7	4	1596	1478	325,325
1526390296.516580529	77	40	48	1	1	1	2	-69	59815	7	4	1596	1478	325,325
1526390296.528182537	77	40	48	1	1	1	2	-70	59816	7	4	1596	1478	325,325
1526390296.540347366	77	40	48	1	1	1	2	-69	59818	7	4	1596	1478	325,325
1526390296.551765655	77	40	48	1	1	1	2	-70	59819	7	4	1596	1478	325,325
1526390296.563393336	77	40	48	1	1	1	2	-70	59820	7	4	1596	1478	325,325
1526390296.575601484	77	40	48	1	1	1	2	-69	59822	7	4	1596	1478	325,325
1526390296.587073025	77	40	48	1	1	1	2	-69	59823	7	4	1596	1478	325,325
1526390296.601024718	86	40	48	0	1	1	2	-69	59828	6	4	1596	1478	263,25,263,25
1526390296.610544872	86	40	48	0	1	1	2	-69	59829	6	4	1596	1478	263,25,263,25
1526390296.622320185	86	40	48	0	1	1	2	-69	59830	6	4	1596	1478	263,25,263,25
1526390296.634044941	86	40	48	0	1	1	2	-69	59831	6	4	1596	1478	263,25,263,25
1526390296.645681661	86	40	48	0	1	1	2	-70	59832	6	4	1596	1478	263,25,263,25
1526390296.657557728	86	40	48	0	1	1	2	-70	59833	6	4	1596	1478	263,25,263,25
1526390296.669320417	86	40	48	0	1	1	2	-70	59834	6	4	1596	1478	263,25,263,25
1526390296.680989041	86	40	48	0	1	1	2	-69	59835	6	4	1596	1478	263,25,263,25
1526390296.692863263	86	40	48	0	1	1	2	-70	59836	6	4	1596	1478	263,25,263,25
1526390296.705070041	86	40	48	0	1	1	2	-69	59837	6	4	1596	1478	263,25,263,25
1526390296.716347535	86	40	48	0	1	1	2	-69	59838	6	4	1596	1478	263,25,263,25
1526390296.728127650	86	40	48	0	1	1	2	-70	59839	6	4	1596	1478	263,25,263,25
1526390296.739896302	86	40	48	0	1	1	2	-69	59840	6	4	1596	1478	263,25,263,25
1526390296.751724964	86	40	48	0	1	1	2	-69	59841	6	4	1596	1478	263,25,263,25
1526390296.763507854	81	40	48	0	1	1	2	-69	59842	7	4	1596	1478	292,5,292,5
1526390296.775497370	86	40	48	0	1	1	2	-69	59843	6	4	1596	1478	263,25,263,25
1526390296.787026669	86	40	48	0	1	1	2	-69	59844	6	4	1596	1478	263,25,263,25
1526390296.798753883	86	40	48	0	1	1	2	-70	59845	6	4	1596	1478	263,25,263,25
1526390296.810570350	86	40	48	0	1	1	2	-69	59846	6	4	1596	1478	263,25,263,25
1526390296.822357847	81	40	48	0	1	1	2	-69	59847	7	4	1596	1478	292,5,292,5
1526390296.834093294	86	40	48	0	1	1	2	-70	59848	6	4	1596	1478	263,25,263,25
1526390296.845865143	86	40	48	0	1	1	2	-69	59849	6	4	1596	1478	263,25,263,25
1526390296.857634335	86	40	48	0	1	1	2	-69	59850	6	4	1596	1478	263,25,263,25
1526390296.869367794	86	40	48	0	1	1	2	-69	59851	6	4	1596	1478	263,25,263,25
1526390296.882058068	81	40	48	0	1	1	2	-69	59852	7	4	1596	1478	292,5,292,5
1526390296.892892454	86	40	48	0	1	1	2	-69	59853	6	4	1596	1478	263,25,263,25
1526390296.904686162	86	40	48	0	1	1	2	-69	59854	6	4	1596	1478	263,25,263,25
1526390296.916425085	86	40	48	0	1	1	2	-69	59855	6	4	1596	1478	263,25,263,25
1526390296.928167535	86	40	48	0	1	1	2	-69	59856	6	4	1596	1478	263,25,263,25
1526390296.939851443	81	40	48	0	1	1	2	-69	59857	7	4	1596	1478	292,5,292,5
1526390296.951688555	77	40	48	1	1	1	2	-69	59858	7	4	1596	1478	325,325
1526390296.963764835	77	40	48	1	1	1	2	-69	59860	7	4	1596	1478	325,325
1526390296.975183174	77	40	48	1	1	1	2	-70	59861	7	4	1596	1478	325,325
1526390296.987308210	77	40	48	1	1	1	2	-70	59863	7	4	1596	1478	325,325
1526390297.002369412	77	40	48	1	1	1	2	-70	59866	7	4	1596	1478	325,325
1526390297.011998839	86	40	48	0	1	1	2	-70	59869	6	4	1596	1478	263,25,263,25
1526390297.022244925	86	40	48	0	1	1	2	-70	59870	6	4	1596	1478	263,25,263,25
1526390297.034003312	86	40	48	0	1	1	2	-70	59871	6	4	1596	1478	263,25,263,25
1526390297.045754115	86	40	48	0	1	1	2	-70	59872	6	4	1596	1478	263,25,263,25
1526390297.057855271	86	40	48	0	1	1	2	-70	59873	6	4	1596	1478	263,25,263,25
1526390297.069191863	86	40	48	0	1	1	2	-70	59874	6	4	1596	1478	263,25,263,25
1526390297.080954571	86	40	48	0	1	1	2	-70	59875	6	4	1596	1478	263,25,263,25
1526390297.093121609	86	40	48	0	1	1	2	-70	59876	6	4	1596	1478	263,25,263,25
1526390297.104939442	86	40	48	0	1	1	2	-70	59877	6	4	1596	1478	263,25,263,25
1526390297.116320826	86	40	48	0	1	1	2	-70	59878	6	4	1596	1478	263,25,263,25
1526390297.128041156	86	40	48	0	1	1	2	-70	59879	6	4	1596	1478	263,25,263,25
1526390297.139801013	86	40	48	0	1	1	2	-70	59880	6	4	1596	1478	263,25,263,25
1526390297.151521001	86	40	48	0	1	1	2	-70	59881	6	4	1596	1478	263,25,263,25
1526390297.163646287	86	40	48	0	1	1	2	-70	59883	6	4	1596	1478	263,25,263,25
1526390297.175126648	86	40	48	0	1	1	2	-70	59884	6	4	1596	1478	263,25,263,25
1526390297.186907315	86	40	48	0	1	1	2	-70	59885	6	4	1596	1478	263,25,263,25
1526390297.198660703	86	40	48	0	1	1	2	-70	59886	6	4	1596	1478	263,25,263,25
1526390297.210444486	86	40	48	0	1	1	2	-70	59887	6	4	1596	1478	263,25,263,25
1526390297.222179398	86	40	48	0	1	1	2	-70	59888	6	4	1596	1478	263,25,263,25
1526390297.233818703	86	40	48	0	1	1	2	-70	59889	6	4	1596	1478	263,25,263,25
1526390297.245534071	86	40	48	0	1	1	2	-70	59890	6	4	1596	1478	263,25,263,25
1526390297.257388501	86	40	48	0	1	1	2	-70	59891	6	4	1596	1478	263,25,263,25
1526390297.269057046	86	40	48	0	1	1	2	-70	59892	6	4	1596	1478	263,25,263,25
1526390297.281288016	86	40	48	0	1	1	2	-70	59893	6	4	1596	1478	263,25,263,25
1526390297.292733948	86	40	48	0	1	1	2	-70	59894	6	4	1596	1478	263,25,263,25
1526390297.304492295	86	40	48	0	1	1	2	-70	59895	6	4	1596	1478	263,25,263,25
1526390297.316248921	86	40	48	0	1	1	2	-70	59896	6	4	1596	1478	263,25,263,25
1526390297.327878757	81	40	48	0	1	1	2	-69	59897	7	4	1596	1478	292,5,292,5
1526390297.339760667	86	40	48	0	1	1	2	-70	59898	6	4	1596	1478	263,25,263,25
1526390297.351466012	86	40	48	0	1	1	2	-70	59899	6	4	1596	1478	263,25,263,25
1526390297.363312882	86	40	48	0	1	1	2	-69	59900	6	4	1596	1478	263,25,263,25
1526390297.375051500	86	40	48	0	1	1	2	-70	59901	6	4	1596	1478	263,25,263,25
1526390297.386808483	81	40	48	0	1	1	2	-70	59902	7	4	1596	1478	292,5,292,5
1526390297.399638685	86	40	48	0	1	1	2	-70	59906	6	4	1596	1478	263,25,263,25
1526390297.410658425	86	40	48	0	1	1	2	-70	59907	6	4	1596	1478	263,25,263,25
1526390297.422083603	86	40	48	0	1	1	2	-69	59908	6	4	1596	1478	263,25,263,25
1526390297.433841257	86	40	48	0	1	1	2	-70	59909	6	4	1596	1478	263,25,263,25
1526390297.445602745	81	40	48	0	1	1	2	-69	59910	7	4	1596	1478	292,5,292,5
1526390297.457311800	86	40	48	0	1	1	2	-69	59911	6	4	1596	1478	263,25,263,25
1526390297.469122737	86	40	48	0	1	1	2	-70	59912	6	4	1596	1478	263,25,263,25
1526390297.480881111	86	40	48	0	1	1	2	-69	59913	6	4	1596	1478	263,25,263,25
1526390297.492579715	86	40	48	0	1	1	2	-69	59914	6	4	1596	1478	263,25,263,25
1526390297.504326321	81	40	48	0	1	1	2	-70	59915	7	4	1596	1478	292,5,292,5
1526390297.516107708	77	40	48	1	1	1	2	-70	59916	7	4	1596	1478	325,325
1526390297.527846327	77	40	48	1	1	1	2	-69	59917	7	4	1596	1478	325,325
1526390297.539668555	77	40	48	1	1	1	2	-69	59918	7	4	1596	1478	325,325
1526390297.551685186	77	40	48	1	1	1	2	-69	59920	7	4	1596	1478	325,325
1526390297.563454885	77	40	48	1	1	1	2	-70	59921	7	4	1596	1478	325,325
1526390297.574874053	77	40	48	1	1	1	2	-70	59922	7	4	1596	1478	325,325
1526390297.586491482	77	40	48	1	1	1	2	-70	59923	7	4	1596	1478	325,325
1526390297.598313876	77	40	48	1	1	1	2	-70	59924	7	4	1596	1478	325,325
1526390297.610922406	77	40	48	1	1	1	2	-70	59926	7	4	1596	1478	325,325
1526390297.621947801	77	40	48	1	1	1	2	-69	59927	7	4	1596	1478	325,325
1526390297.633741363	77	40	48	1	1	1	2	-69	59928	7	4	1596	1478	325,325
1526390297.645448955	77	40	48	1	1	1	2	-70	59929	7	4	1596	1478	325,325
1526390297.657136814	77	40	48	1	1	1	2	-70	59930	7	4	1596	1478	325,325
1526390297.669422646	77	40	48	1	1	1	2	-70	59931	7	4	1596	1478	325,325
1526390297.680696801	77	40	48	1	1	1	2	-69	59932	7	4	1596	1478	325,325
1526390297.692480922	77	40	48	1	1	1	2	-69	59933	7	4	1596	1478	325,325
1526390297.704319983	77	40	48	1	1	1	2	-69	59934	7	4	1596	1478	325,325
1526390297.718182374	77	40	48	1	1	1	2	-69	59937	7	4	1596	1478	325,325
1526390297.727792218	86	40	48	0	1	1	2	-70	59938	6	4	1596	1478	263,25,263,25
1526390297.739595878	86	40	48	0	1	1	2	-69	59939	6	4	1596	1478	263,25,263,25
1526390297.751386984	86	40	48	0	1	1	2	-70	59940	6	4	1596	1478	263,25,263,25
