1526388966.427296679	191	40	48	0	1	1	2	-82	38224	4	1	1596	1478	81,81
1526388966.427341462	191	40	48	0	1	1	2	-82	38224	4	1	1596	1478	81,81
1526388966.427351395	191	40	48	0	1	1	2	-82	38224	4	1	1596	1478	81,81
1526388966.427358421	191	40	48	0	1	1	2	-82	38224	4	1	1596	1478	81,81
1526388966.427366685	191	40	48	0	1	1	2	-82	38224	4	1	1596	1478	81,81
1526388966.427374971	191	40	48	0	1	1	2	-82	38224	4	1	1596	1478	81,81
1526388966.431372089	197	40	48	0	2	0	2	-82	38227	4	0	1596	1478	78,78
1526388966.440295698	197	40	48	0	2	0	2	-82	38228	4	0	1596	1478	78,78
1526388966.452239426	197	40	48	0	2	0	2	-82	38229	4	0	1596	1478	78,78
1526388966.463989673	197	40	48	0	2	0	2	-82	38230	4	0	1596	1478	78,78
1526388966.479094764	197	40	48	0	2	0	2	-82	38232	4	0	1596	1478	78,78
1526388966.487497568	197	40	48	0	2	0	2	-81	38233	4	0	1596	1478	78,78
1526388966.499244508	197	40	48	0	2	0	2	-82	38234	4	0	1596	1478	78,78
1526388966.511032042	197	40	48	0	2	0	2	-82	38235	4	0	1596	1478	78,78
1526388966.522812213	197	40	48	0	2	0	2	-82	38236	4	0	1596	1478	78,78
1526388966.534555702	191	40	60	0	2	0	2	-84	38237	2	1	1596	1478	81,81
1526388966.548093933	191	40	48	0	1	1	2	-82	38240	4	1	1596	1478	81,81
1526388966.558042035	191	40	48	0	1	1	2	-82	38241	4	1	1596	1478	81,81
1526388966.569811577	191	40	48	0	1	1	2	-83	38242	4	1	1596	1478	81,81
1526388966.581496601	191	40	48	0	1	1	2	-82	38243	4	1	1596	1478	81,81
1526388966.593350816	191	40	48	0	1	1	2	-82	38244	4	1	1596	1478	81,81
1526388966.605115720	191	40	48	0	1	1	2	-82	38245	4	1	1596	1478	81,81
1526388966.616892752	191	40	48	0	1	1	2	-82	38246	4	1	1596	1478	81,81
1526388966.628650371	191	40	48	0	1	1	2	-82	38247	4	1	1596	1478	81,81
1526388966.640251785	153	40	48	0	2	0	2	-82	38248	3	1	1596	1478	108,108
1526388966.652071576	144	40	60	0	2	0	2	-85	38249	1	4	1596	1478	117,117
1526388966.669928200	144	40	48	0	1	1	2	-84	38250	3	4	1596	1478	117,117
1526388966.675907743	144	40	48	0	1	1	2	-84	38251	3	4	1596	1478	117,117
1526388966.687368662	144	40	48	0	1	1	2	-84	38252	3	4	1596	1478	117,117
1526388966.699301800	144	40	48	0	1	1	2	-84	38253	3	4	1596	1478	117,117
1526388966.710846606	144	40	48	0	1	1	2	-84	38254	3	4	1596	1478	117,117
1526388966.722927573	144	40	48	0	1	1	2	-85	38255	3	4	1596	1478	117,117
1526388966.734280446	144	40	48	0	1	1	2	-84	38256	3	4	1596	1478	117,117
1526388966.746102602	144	40	48	0	1	1	2	-84	38257	3	4	1596	1478	117,117
1526388966.758334571	144	40	48	0	1	1	2	-84	38258	3	4	1596	1478	117,117
1526388966.769698346	144	40	48	0	1	1	2	-85	38259	3	4	1596	1478	117,117
1526388966.781536596	144	40	48	0	1	1	2	-84	38260	3	4	1596	1478	117,117
1526388966.793115695	144	40	48	0	1	1	2	-84	38261	3	4	1596	1478	117,117
1526388966.804966912	144	40	48	0	1	1	2	-85	38262	3	4	1596	1478	117,117
1526388966.816667515	144	40	48	0	1	1	2	-85	38263	3	4	1596	1478	117,117
1526388966.828859722	144	40	48	0	1	1	2	-85	38264	3	4	1596	1478	117,117
1526388966.840260892	144	40	48	0	1	1	2	-84	38265	3	4	1596	1478	117,117
1526388966.840693264	144	40	48	0	1	1	2	-85	38266	3	4	1596	1478	117,117
1526388966.852046846	144	40	48	0	1	1	2	-84	38267	3	4	1596	1478	117,117
1526388966.863789403	144	40	48	0	1	1	2	-84	38268	3	4	1596	1478	117,117
1526388966.875541837	144	40	48	0	1	1	2	-84	38269	3	4	1596	1478	117,117
1526388966.887263458	144	40	48	0	1	1	2	-85	38270	3	4	1596	1478	117,117
1526388966.899069034	144	40	48	0	1	1	2	-84	38271	3	4	1596	1478	117,117
1526388966.910848679	144	40	48	0	1	1	2	-85	38272	3	4	1596	1478	117,117
1526388966.922505268	144	40	48	0	1	1	2	-84	38273	3	4	1596	1478	117,117
1526388966.934366791	144	40	48	0	1	1	2	-85	38274	3	4	1596	1478	117,117
1526388966.946104352	144	40	48	0	1	1	2	-85	38275	3	4	1596	1478	117,117
1526388966.957800801	144	40	48	0	1	1	2	-84	38276	3	4	1596	1478	117,117
1526388966.970120291	144	40	48	0	1	1	2	-84	38277	3	4	1596	1478	117,117
1526388966.981378690	144	40	48	0	1	1	2	-84	38278	3	4	1596	1478	117,117
1526388966.993147408	144	40	48	0	1	1	2	-85	38279	3	4	1596	1478	117,117
1526388967.005715652	144	40	48	0	1	1	2	-84	38280	3	4	1596	1478	117,117
1526388967.017084529	144	40	48	0	1	1	2	-84	38281	3	4	1596	1478	117,117
1526388967.029038420	144	40	48	0	1	1	2	-86	38282	3	4	1596	1478	117,117
1526388967.040086545	144	40	48	0	1	1	2	-85	38283	3	4	1596	1478	117,117
1526388967.052451414	144	40	48	0	1	1	2	-85	38284	3	4	1596	1478	117,117
1526388967.063621473	144	40	48	0	1	1	2	-85	38285	3	4	1596	1478	117,117
1526388967.075330987	144	40	48	0	1	1	2	-85	38286	3	4	1596	1478	117,117
1526388967.087041564	144	40	48	0	1	1	2	-85	38287	3	4	1596	1478	117,117
1526388967.098875419	144	40	48	0	1	1	2	-85	38288	3	4	1596	1478	117,117
1526388967.110623174	144	40	48	0	1	1	2	-85	38289	3	4	1596	1478	117,117
1526388967.122368682	144	40	48	0	1	1	2	-85	38290	3	4	1596	1478	117,117
1526388967.134975870	144	40	48	0	1	1	2	-85	38292	3	4	1596	1478	117,117
1526388967.145778389	144	40	48	0	1	1	2	-85	38293	3	4	1596	1478	117,117
1526388967.157504809	144	40	48	0	1	1	2	-85	38294	3	4	1596	1478	117,117
1526388967.169579841	144	40	48	0	1	1	2	-85	38295	3	4	1596	1478	117,117
1526388967.181724139	144	40	48	0	1	1	2	-84	38296	3	4	1596	1478	117,117
1526388967.193992255	144	40	48	0	1	1	2	-84	38297	3	4	1596	1478	117,117
1526388967.204881873	144	40	48	0	1	1	2	-84	38298	3	4	1596	1478	117,117
1526388967.216652873	144	40	48	0	1	1	2	-85	38299	3	4	1596	1478	117,117
1526388967.228415035	144	40	48	0	1	1	2	-85	38300	3	4	1596	1478	117,117
1526388967.240131456	144	40	48	0	1	1	2	-84	38301	3	4	1596	1478	117,117
1526388967.251952315	144	40	48	0	1	1	2	-84	38302	3	4	1596	1478	117,117
1526388967.264870276	144	40	48	0	1	1	2	-85	38306	3	4	1596	1478	117,117
1526388967.275435186	144	40	48	0	1	1	2	-85	38307	3	4	1596	1478	117,117
1526388967.287431012	144	40	48	0	1	1	2	-85	38308	3	4	1596	1478	117,117
1526388967.298974505	144	40	48	0	1	1	2	-85	38309	3	4	1596	1478	117,117
1526388967.310708574	144	40	48	0	1	1	2	-85	38310	3	4	1596	1478	117,117
1526388967.322496789	144	40	48	0	1	1	2	-85	38311	3	4	1596	1478	117,117
1526388967.335256765	144	40	48	0	1	1	2	-85	38313	3	4	1596	1478	117,117
1526388967.346420657	144	40	48	0	1	1	2	-85	38315	3	4	1596	1478	117,117
1526388967.359060901	144	40	48	0	1	1	2	-85	38319	3	4	1596	1478	117,117
1526388967.369540043	144	40	48	0	1	1	2	-85	38320	3	4	1596	1478	117,117
1526388967.381974319	144	40	48	0	1	1	2	-84	38322	3	4	1596	1478	117,117
1526388967.393328418	144	40	48	0	1	1	2	-84	38323	3	4	1596	1478	117,117
1526388967.409023984	179	40	60	0	1	1	2	-85	38328	2	4	1596	1478	87,75,87,75
1526388967.418231698	191	40	60	0	2	0	2	-84	38329	2	1	1596	1478	81,81
1526388967.428239129	191	40	60	0	2	0	2	-85	38330	2	1	1596	1478	81,81
1526388967.452787707	191	40	60	0	2	0	2	-84	38331	2	1	1596	1478	81,81
1526388967.453296050	191	40	60	0	2	0	2	-84	38332	2	1	1596	1478	81,81
1526388967.463558592	191	40	60	0	2	0	2	-84	38333	2	1	1596	1478	81,81
1526388967.475260587	191	40	60	0	2	0	2	-84	38334	2	1	1596	1478	81,81
1526388967.487146597	191	40	60	0	2	0	2	-85	38335	2	1	1596	1478	81,81
1526388967.499871717	191	40	60	0	2	0	2	-85	38338	2	1	1596	1478	81,81
1526388967.511607833	191	40	60	0	2	0	2	-84	38339	2	1	1596	1478	81,81
1526388967.522382830	191	40	60	0	2	0	2	-85	38340	2	1	1596	1478	81,81
1526388967.534143395	191	40	60	0	2	0	2	-84	38341	2	1	1596	1478	81,81
1526388967.545943464	191	40	60	0	2	0	2	-84	38342	2	1	1596	1478	81,81
1526388967.558026133	191	40	60	0	2	0	2	-85	38343	2	1	1596	1478	81,81
1526388967.558575661	191	40	60	0	2	0	2	-85	38344	2	1	1596	1478	81,81
1526388967.569336622	191	40	60	0	2	0	2	-84	38345	2	1	1596	1478	81,81
1526388967.581042454	191	40	60	0	2	0	2	-84	38346	2	1	1596	1478	81,81
1526388967.592808106	191	40	60	0	2	0	2	-85	38347	2	1	1596	1478	81,81
1526388967.604607769	191	40	60	0	2	0	2	-84	38348	2	1	1596	1478	81,81
1526388967.616467367	191	40	60	0	2	0	2	-84	38349	2	1	1596	1478	81,81
1526388967.628666934	191	40	60	0	2	0	2	-84	38350	2	1	1596	1478	81,81
1526388967.639909200	191	40	60	0	2	0	2	-84	38351	2	1	1596	1478	81,81
1526388967.651631768	191	40	60	0	2	0	2	-85	38352	2	1	1596	1478	81,81
1526388967.663498304	191	40	60	0	2	0	2	-85	38353	2	1	1596	1478	81,81
1526388967.675557398	191	40	60	0	2	0	2	-85	38355	2	1	1596	1478	81,81
1526388967.686930287	191	40	60	0	2	0	2	-84	38356	2	1	1596	1478	81,81
1526388967.698765748	191	40	60	0	2	0	2	-84	38357	2	1	1596	1478	81,81
1526388967.710528421	191	40	60	0	2	0	2	-84	38358	2	1	1596	1478	81,81
1526388967.722621750	191	40	60	0	2	0	2	-84	38359	2	1	1596	1478	81,81
1526388967.734496388	191	40	60	0	2	0	2	-84	38360	2	1	1596	1478	81,81
1526388967.745850274	191	40	60	0	2	0	2	-84	38361	2	1	1596	1478	81,81
1526388967.757497989	191	40	60	0	2	0	2	-84	38362	2	1	1596	1478	81,81
1526388967.769787928	191	40	60	0	2	0	2	-84	38364	2	1	1596	1478	81,81
1526388967.781096848	191	40	60	0	2	0	2	-84	38365	2	1	1596	1478	81,81
1526388967.792854967	191	40	60	0	2	0	2	-84	38366	2	1	1596	1478	81,81
1526388967.804623761	191	40	60	0	2	0	2	-85	38367	2	1	1596	1478	81,81
1526388967.816391783	191	40	60	0	2	0	2	-84	38368	2	1	1596	1478	81,81
1526388967.828148465	191	40	60	0	2	0	2	-84	38369	2	1	1596	1478	81,81
1526388967.840693220	191	40	60	0	2	0	2	-84	38371	2	1	1596	1478	81,81
1526388967.851694314	191	40	60	0	2	0	2	-84	38372	2	1	1596	1478	81,81
1526388967.863435422	191	40	60	0	2	0	2	-84	38373	2	1	1596	1478	81,81
1526388967.875165507	191	40	60	0	2	0	2	-84	38374	2	1	1596	1478	81,81
1526388967.886933212	191	40	60	0	2	0	2	-84	38375	2	1	1596	1478	81,81
1526388967.898680508	191	40	60	0	2	0	2	-84	38376	2	1	1596	1478	81,81
1526388967.910457512	191	40	60	0	2	0	2	-84	38377	2	1	1596	1478	81,81
1526388967.922211274	191	40	60	0	2	0	2	-85	38378	2	1	1596	1478	81,81
1526388967.933999021	191	40	60	0	2	0	2	-84	38379	2	1	1596	1478	81,81
1526388967.945658899	191	40	60	0	2	0	2	-84	38380	2	1	1596	1478	81,81
1526388967.957938889	191	40	60	0	2	0	2	-84	38381	2	1	1596	1478	81,81
1526388967.969268298	191	40	60	0	2	0	2	-84	38382	2	1	1596	1478	81,81
1526388967.981007351	191	40	60	0	2	0	2	-84	38383	2	1	1596	1478	81,81
1526388967.992777541	191	40	60	0	2	0	2	-84	38384	2	1	1596	1478	81,81
1526388968.004489196	153	40	48	0	2	0	2	-84	38385	3	1	1596	1478	108,108
1526388968.016247684	153	40	48	0	2	0	2	-84	38386	3	1	1596	1478	108,108
1526388968.027964390	153	40	48	0	2	0	2	-85	38387	3	1	1596	1478	108,108
1526388968.040653374	153	40	48	0	2	0	2	-84	38390	3	1	1596	1478	108,108
1526388968.055287618	153	40	48	0	2	0	2	-84	38394	3	1	1596	1478	108,108
1526388968.065416569	191	40	60	0	2	0	2	-84	38398	2	1	1596	1478	81,81
1526388968.075111863	191	40	60	0	2	0	2	-84	38399	2	1	1596	1478	81,81
1526388968.086870904	191	40	60	0	2	0	2	-84	38400	2	1	1596	1478	81,81
1526388968.098460291	191	40	60	0	2	0	2	-84	38401	2	1	1596	1478	81,81
1526388968.110287765	191	40	60	0	2	0	2	-84	38402	2	1	1596	1478	81,81
1526388968.122014716	191	40	60	0	2	0	2	-84	38403	2	1	1596	1478	81,81
1526388968.133912990	191	40	60	0	2	0	2	-84	38404	2	1	1596	1478	81,81
1526388968.145576707	191	40	60	0	2	0	2	-84	38405	2	1	1596	1478	81,81
1526388968.157836953	191	40	60	0	2	0	2	-84	38406	2	1	1596	1478	81,81
1526388968.169999244	191	40	60	0	2	0	2	-84	38409	2	1	1596	1478	81,81
1526388968.180864991	191	40	60	0	2	0	2	-84	38410	2	1	1596	1478	81,81
1526388968.192609700	191	40	60	0	2	0	2	-84	38411	2	1	1596	1478	81,81
1526388968.204419516	191	40	60	0	2	0	2	-84	38412	2	1	1596	1478	81,81
1526388968.216246804	191	40	60	0	2	0	2	-84	38413	2	1	1596	1478	81,81
1526388968.227866172	153	40	48	0	2	0	2	-84	38414	3	1	1596	1478	108,108
1526388968.239681556	153	40	48	0	2	0	2	-84	38415	3	1	1596	1478	108,108
1526388968.253129915	191	40	60	0	2	0	2	-84	38419	2	1	1596	1478	81,81
1526388968.263321635	191	40	60	0	2	0	2	-84	38420	2	1	1596	1478	81,81
1526388968.275452612	191	40	60	0	2	0	2	-84	38422	2	1	1596	1478	81,81
1526388968.286780439	191	40	60	0	2	0	2	-84	38423	2	1	1596	1478	81,81
1526388968.298541397	191	40	60	0	2	0	2	-85	38424	2	1	1596	1478	81,81
1526388968.310231048	191	40	60	0	2	0	2	-84	38425	2	1	1596	1478	81,81
1526388968.322058862	191	40	60	0	2	0	2	-85	38426	2	1	1596	1478	81,81
1526388968.333825410	191	40	60	0	2	0	2	-85	38427	2	1	1596	1478	81,81
1526388968.346005992	191	40	60	0	2	0	2	-85	38428	2	1	1596	1478	81,81
1526388968.357335581	191	40	60	0	2	0	2	-84	38429	2	1	1596	1478	81,81
1526388968.369121407	191	40	60	0	2	0	2	-84	38430	2	1	1596	1478	81,81
1526388968.381361505	191	40	60	0	2	0	2	-84	38431	2	1	1596	1478	81,81
1526388968.392533179	191	40	60	0	2	0	2	-84	38432	2	1	1596	1478	81,81
1526388968.404243814	191	40	60	0	2	0	2	-84	38433	2	1	1596	1478	81,81
1526388968.416151667	191	40	60	0	2	0	2	-84	38434	2	1	1596	1478	81,81
1526388968.427903357	191	40	60	0	2	0	2	-85	38435	2	1	1596	1478	81,81
1526388968.439821077	191	40	60	0	2	0	2	-85	38436	2	1	1596	1478	81,81
1526388968.451424059	191	40	60	0	2	0	2	-85	38437	2	1	1596	1478	81,81
1526388968.463653548	191	40	60	0	2	0	2	-84	38438	2	1	1596	1478	81,81
1526388968.474900528	191	40	60	0	2	0	2	-85	38439	2	1	1596	1478	81,81
1526388968.487137826	191	40	60	0	2	0	2	-84	38440	2	1	1596	1478	81,81
1526388968.498456170	191	40	60	0	2	0	2	-85	38441	2	1	1596	1478	81,81
1526388968.510783267	191	40	60	0	2	0	2	-84	38442	2	1	1596	1478	81,81
1526388968.521976930	191	40	60	0	2	0	2	-85	38443	2	1	1596	1478	81,81
1526388968.533753142	191	40	60	0	2	0	2	-84	38444	2	1	1596	1478	81,81
1526388968.545518484	191	40	60	0	2	0	2	-85	38445	2	1	1596	1478	81,81
1526388968.557131681	191	40	60	0	2	0	2	-84	38446	2	1	1596	1478	81,81
1526388968.569061626	191	40	60	0	2	0	2	-84	38447	2	1	1596	1478	81,81
1526388968.581675284	191	40	60	0	2	0	2	-84	38448	2	1	1596	1478	81,81
1526388968.592556550	191	40	60	0	2	0	2	-85	38449	2	1	1596	1478	81,81
1526388968.604210240	191	40	60	0	2	0	2	-85	38450	2	1	1596	1478	81,81
1526388968.615939556	191	40	60	0	2	0	2	-85	38451	2	1	1596	1478	81,81
1526388968.627803713	191	40	60	0	2	0	2	-85	38452	2	1	1596	1478	81,81
1526388968.639391320	191	40	60	0	2	0	2	-85	38453	2	1	1596	1478	81,81
1526388968.651266867	191	40	60	0	2	0	2	-84	38454	2	1	1596	1478	81,81
1526388968.662988370	191	40	60	0	2	0	2	-85	38455	2	1	1596	1478	81,81
1526388968.675311435	191	40	60	0	2	0	2	-84	38456	2	1	1596	1478	81,81
1526388968.686622858	191	40	60	0	2	0	2	-84	38457	2	1	1596	1478	81,81
1526388968.698705704	191	40	60	0	2	0	2	-84	38459	2	1	1596	1478	81,81
1526388968.710006140	191	40	60	0	2	0	2	-84	38460	2	1	1596	1478	81,81
1526388968.721906344	191	40	60	0	2	0	2	-84	38461	2	1	1596	1478	81,81
1526388968.733680881	191	40	60	0	2	0	2	-85	38462	2	1	1596	1478	81,81
1526388968.745423492	191	40	60	0	2	0	2	-85	38463	2	1	1596	1478	81,81
1526388968.757157876	191	40	60	0	2	0	2	-84	38464	2	1	1596	1478	81,81
1526388968.768953152	191	40	60	0	2	0	2	-84	38465	2	1	1596	1478	81,81
1526388968.780713330	191	40	60	0	2	0	2	-85	38466	2	1	1596	1478	81,81
1526388968.792447618	191	40	60	0	2	0	2	-85	38467	2	1	1596	1478	81,81
1526388968.804716460	191	40	60	0	2	0	2	-85	38469	2	1	1596	1478	81,81
1526388968.816033294	191	40	60	0	2	0	2	-85	38470	2	1	1596	1478	81,81
1526388968.827737110	191	40	60	0	2	0	2	-85	38471	2	1	1596	1478	81,81
1526388968.839922421	191	40	60	0	2	0	2	-85	38472	2	1	1596	1478	81,81
1526388968.851249724	191	40	60	0	2	0	2	-85	38473	2	1	1596	1478	81,81
1526388968.862889474	191	40	60	0	2	0	2	-84	38474	2	1	1596	1478	81,81
1526388968.874806660	191	40	60	0	2	0	2	-85	38475	2	1	1596	1478	81,81
1526388968.886533759	191	40	60	0	2	0	2	-84	38476	2	1	1596	1478	81,81
1526388968.898306849	191	40	60	0	2	0	2	-85	38477	2	1	1596	1478	81,81
1526388968.910469326	191	40	60	0	2	0	2	-85	38478	2	1	1596	1478	81,81
1526388968.921735701	191	40	60	0	2	0	2	-85	38479	2	1	1596	1478	81,81
1526388968.934075151	191	40	60	0	2	0	2	-85	38481	2	1	1596	1478	81,81
1526388968.945340121	191	40	60	0	2	0	2	-85	38482	2	1	1596	1478	81,81
1526388968.957105980	191	40	60	0	2	0	2	-84	38483	2	1	1596	1478	81,81
1526388968.968855389	191	40	60	0	2	0	2	-85	38484	2	1	1596	1478	81,81
1526388968.980654230	191	40	60	0	2	0	2	-84	38485	2	1	1596	1478	81,81
1526388968.992804029	191	40	60	0	2	0	2	-84	38487	2	1	1596	1478	81,81
1526388969.004115329	191	40	60	0	2	0	2	-84	38488	2	1	1596	1478	81,81
1526388969.016264682	191	40	60	0	2	0	2	-84	38489	2	1	1596	1478	81,81
1526388969.027659207	191	40	60	0	2	0	2	-84	38490	2	1	1596	1478	81,81
1526388969.039313094	153	40	48	0	2	0	2	-84	38491	3	1	1596	1478	108,108
1526388969.052708804	153	40	48	0	2	0	2	-84	38493	3	1	1596	1478	108,108
1526388969.064651107	191	40	60	0	2	0	2	-84	38498	2	1	1596	1478	81,81
1526388969.074687346	191	40	60	0	2	0	2	-85	38499	2	1	1596	1478	81,81
1526388969.086494295	191	40	60	0	2	0	2	-84	38500	2	1	1596	1478	81,81
1526388969.098161336	191	40	60	0	2	0	2	-84	38501	2	1	1596	1478	81,81
1526388969.109984695	191	40	60	0	2	0	2	-83	38502	2	1	1596	1478	81,81
1526388969.122096588	191	40	60	0	2	0	2	-84	38504	2	1	1596	1478	81,81
1526388969.133505139	191	40	60	0	2	0	2	-84	38505	2	1	1596	1478	81,81
1526388969.145135981	191	40	60	0	2	0	2	-83	38506	2	1	1596	1478	81,81
1526388969.156963402	153	40	48	0	2	0	2	-83	38507	3	1	1596	1478	108,108
1526388969.170340216	191	40	60	0	2	0	2	-84	38511	2	1	1596	1478	81,81
1526388969.180959663	191	40	60	0	2	0	2	-84	38512	2	1	1596	1478	81,81
1526388969.192301893	191	40	60	0	2	0	2	-83	38513	2	1	1596	1478	81,81
1526388969.204055258	191	40	60	0	2	0	2	-83	38514	2	1	1596	1478	81,81
1526388969.215803727	191	40	60	0	2	0	2	-83	38515	2	1	1596	1478	81,81
1526388969.228025048	191	40	60	0	2	0	2	-84	38516	2	1	1596	1478	81,81
1526388969.239315816	191	40	60	0	2	0	2	-84	38517	2	1	1596	1478	81,81
1526388969.251045019	191	40	60	0	2	0	2	-84	38518	2	1	1596	1478	81,81
1526388969.263286631	191	40	60	0	2	0	2	-84	38520	2	1	1596	1478	81,81
1526388969.274613216	191	40	60	0	2	0	2	-85	38521	2	1	1596	1478	81,81
1526388969.286416644	191	40	60	0	2	0	2	-84	38522	2	1	1596	1478	81,81
1526388969.298127882	191	40	60	0	2	0	2	-84	38523	2	1	1596	1478	81,81
1526388969.309898639	191	40	60	0	2	0	2	-84	38524	2	1	1596	1478	81,81
1526388969.321527205	191	40	60	0	2	0	2	-84	38525	2	1	1596	1478	81,81
1526388969.333848408	191	40	60	0	2	0	2	-84	38527	2	1	1596	1478	81,81
1526388969.345619659	191	40	60	0	2	0	2	-85	38528	2	1	1596	1478	81,81
1526388969.356934465	191	40	60	0	2	0	2	-84	38529	2	1	1596	1478	81,81
1526388969.368689444	191	40	60	0	2	0	2	-85	38530	2	1	1596	1478	81,81
1526388969.380290981	191	40	60	0	2	0	2	-85	38531	2	1	1596	1478	81,81
1526388969.392240145	191	40	60	0	2	0	2	-86	38532	2	1	1596	1478	81,81
1526388969.404474297	191	40	60	0	2	0	2	-85	38534	2	1	1596	1478	81,81
1526388969.415747857	191	40	60	0	2	0	2	-86	38535	2	1	1596	1478	81,81
1526388969.427485515	191	40	60	0	2	0	2	-85	38536	2	1	1596	1478	81,81
1526388969.439685945	191	40	60	0	2	0	2	-85	38537	2	1	1596	1478	81,81
1526388969.451454853	191	40	60	0	2	0	2	-84	38538	2	1	1596	1478	81,81
1526388969.463398182	191	40	60	0	2	0	2	-85	38539	2	1	1596	1478	81,81
1526388969.474405617	191	40	60	0	2	0	2	-85	38540	2	1	1596	1478	81,81
1526388969.486342419	191	40	60	0	2	0	2	-85	38541	2	1	1596	1478	81,81
1526388969.498060009	191	40	60	0	2	0	2	-86	38542	2	1	1596	1478	81,81
1526388969.509907402	191	40	60	0	2	0	2	-85	38543	2	1	1596	1478	81,81
1526388969.521574232	191	40	60	0	2	0	2	-85	38544	2	1	1596	1478	81,81
1526388969.533252009	191	40	60	0	2	0	2	-84	38545	2	1	1596	1478	81,81
1526388969.545514327	191	40	60	0	2	0	2	-85	38546	2	1	1596	1478	81,81
1526388969.556794782	191	40	60	0	2	0	2	-84	38547	2	1	1596	1478	81,81
1526388969.568616805	191	40	60	0	2	0	2	-84	38548	2	1	1596	1478	81,81
1526388969.580373657	191	40	60	0	2	0	2	-84	38549	2	1	1596	1478	81,81
1526388969.592182592	191	40	60	0	2	0	2	-83	38550	2	1	1596	1478	81,81
1526388969.603885960	191	40	60	0	2	0	2	-83	38551	2	1	1596	1478	81,81
1526388969.615980219	191	40	60	0	2	0	2	-84	38553	2	1	1596	1478	81,81
1526388969.627288626	191	40	60	0	2	0	2	-84	38554	2	1	1596	1478	81,81
1526388969.639050863	191	40	60	0	2	0	2	-85	38555	2	1	1596	1478	81,81
1526388969.651354258	191	40	60	0	2	0	2	-84	38556	2	1	1596	1478	81,81
1526388969.662586124	191	40	60	0	2	0	2	-85	38557	2	1	1596	1478	81,81
1526388969.674448663	191	40	60	0	2	0	2	-84	38558	2	1	1596	1478	81,81
1526388969.686200243	191	40	60	0	2	0	2	-84	38559	2	1	1596	1478	81,81
1526388969.697904720	191	40	60	0	2	0	2	-84	38560	2	1	1596	1478	81,81
1526388969.709736481	191	40	60	0	2	0	2	-85	38561	2	1	1596	1478	81,81
1526388969.721487372	191	40	60	0	2	0	2	-86	38562	2	1	1596	1478	81,81
1526388969.733244280	191	40	60	0	2	0	2	-85	38563	2	1	1596	1478	81,81
1526388969.745023484	191	40	60	0	2	0	2	-85	38564	2	1	1596	1478	81,81
1526388969.757094284	191	40	60	0	2	0	2	-85	38565	2	1	1596	1478	81,81
1526388969.768443462	191	40	60	0	2	0	2	-85	38566	2	1	1596	1478	81,81
1526388969.780664510	191	40	60	0	2	0	2	-85	38567	2	1	1596	1478	81,81
1526388969.792044046	191	40	60	0	2	0	2	-84	38568	2	1	1596	1478	81,81
1526388969.792550751	191	40	60	0	2	0	2	-84	38569	2	1	1596	1478	81,81
1526388969.803810990	191	40	60	0	2	0	2	-84	38570	2	1	1596	1478	81,81
1526388969.815540373	191	40	60	0	2	0	2	-84	38571	2	1	1596	1478	81,81
1526388969.827743508	191	40	60	0	2	0	2	-84	38573	2	1	1596	1478	81,81
1526388969.839015926	191	40	60	0	2	0	2	-85	38574	2	1	1596	1478	81,81
1526388969.850849498	191	40	60	0	2	0	2	-84	38575	2	1	1596	1478	81,81
1526388969.863032379	191	40	60	0	2	0	2	-85	38577	2	1	1596	1478	81,81
1526388969.874367131	191	40	60	0	2	0	2	-86	38578	2	1	1596	1478	81,81
1526388969.886122914	191	40	60	0	2	0	2	-85	38579	2	1	1596	1478	81,81
1526388969.897850628	191	40	60	0	2	0	2	-84	38580	2	1	1596	1478	81,81
1526388969.909613624	191	40	60	0	2	0	2	-84	38581	2	1	1596	1478	81,81
1526388969.921400025	191	40	60	0	2	0	2	-84	38582	2	1	1596	1478	81,81
1526388969.933091909	191	40	60	0	2	0	2	-84	38583	2	1	1596	1478	81,81
1526388969.945342921	191	40	60	0	2	0	2	-84	38584	2	1	1596	1478	81,81
1526388969.957193135	191	40	60	0	2	0	2	-84	38586	2	1	1596	1478	81,81
1526388969.968814446	191	40	60	0	2	0	2	-85	38587	2	1	1596	1478	81,81
1526388969.980247384	191	40	60	0	2	0	2	-86	38588	2	1	1596	1478	81,81
1526388969.991984064	191	40	60	0	2	0	2	-84	38589	2	1	1596	1478	81,81
1526388970.003738842	191	40	60	0	2	0	2	-84	38590	2	1	1596	1478	81,81
1526388970.015483030	191	40	60	0	2	0	2	-85	38591	2	1	1596	1478	81,81
1526388970.027268625	191	40	60	0	2	0	2	-85	38592	2	1	1596	1478	81,81
1526388970.038991608	191	40	60	0	2	0	2	-86	38593	2	1	1596	1478	81,81
1526388970.050782704	191	40	60	0	2	0	2	-85	38594	2	1	1596	1478	81,81
1526388970.062426984	191	40	60	0	2	0	2	-85	38595	2	1	1596	1478	81,81
1526388970.074722513	191	40	60	0	2	0	2	-85	38596	2	1	1596	1478	81,81
1526388970.085957263	191	40	60	0	2	0	2	-84	38597	2	1	1596	1478	81,81
1526388970.097812450	191	40	60	0	2	0	2	-85	38598	2	1	1596	1478	81,81
1526388970.110041904	191	40	60	0	2	0	2	-84	38599	2	1	1596	1478	81,81
1526388970.121328325	191	40	60	0	2	0	2	-85	38600	2	1	1596	1478	81,81
1526388970.133106771	191	40	60	0	2	0	2	-84	38601	2	1	1596	1478	81,81
1526388970.144711446	191	40	60	0	2	0	2	-85	38602	2	1	1596	1478	81,81
1526388970.156603003	191	40	60	0	2	0	2	-84	38603	2	1	1596	1478	81,81
1526388970.168374360	191	40	60	0	2	0	2	-84	38604	2	1	1596	1478	81,81
1526388970.180738492	191	40	60	0	2	0	2	-84	38605	2	1	1596	1478	81,81
1526388970.191905732	191	40	60	0	2	0	2	-85	38606	2	1	1596	1478	81,81
1526388970.203675865	191	40	60	0	2	0	2	-83	38607	2	1	1596	1478	81,81
1526388970.215377420	191	40	60	0	2	0	2	-83	38608	2	1	1596	1478	81,81
1526388970.227181800	191	40	60	0	2	0	2	-84	38609	2	1	1596	1478	81,81
1526388970.239351844	191	40	60	0	2	0	2	-86	38610	2	1	1596	1478	81,81
1526388970.250691512	191	40	60	0	2	0	2	-85	38611	2	1	1596	1478	81,81
1526388970.262363861	191	40	60	0	2	0	2	-85	38612	2	1	1596	1478	81,81
1526388970.274211399	191	40	60	0	2	0	2	-84	38613	2	1	1596	1478	81,81
1526388970.286396311	191	40	60	0	2	0	2	-85	38614	2	1	1596	1478	81,81
1526388970.297716873	191	40	60	0	2	0	2	-84	38615	2	1	1596	1478	81,81
1526388970.309574990	191	40	60	0	2	0	2	-84	38616	2	1	1596	1478	81,81
1526388970.321260220	191	40	60	0	2	0	2	-84	38617	2	1	1596	1478	81,81
1526388970.333446173	191	40	60	0	2	0	2	-85	38618	2	1	1596	1478	81,81
1526388970.344783990	191	40	60	0	2	0	2	-85	38619	2	1	1596	1478	81,81
1526388970.356551604	191	40	60	0	2	0	2	-85	38620	2	1	1596	1478	81,81
1526388970.368203449	191	40	60	0	2	0	2	-84	38621	2	1	1596	1478	81,81
1526388970.380042538	191	40	60	0	2	0	2	-84	38622	2	1	1596	1478	81,81
1526388970.392207609	191	40	60	0	2	0	2	-84	38623	2	1	1596	1478	81,81
1526388970.403514453	191	40	60	0	2	0	2	-84	38624	2	1	1596	1478	81,81
1526388970.415375211	191	40	60	0	2	0	2	-84	38625	2	1	1596	1478	81,81
1526388970.427093690	191	40	60	0	2	0	2	-84	38626	2	1	1596	1478	81,81
1526388970.438856368	191	40	60	0	2	0	2	-84	38627	2	1	1596	1478	81,81
1526388970.450596375	191	40	60	0	2	0	2	-85	38628	2	1	1596	1478	81,81
1526388970.462383315	191	40	60	0	2	0	2	-85	38629	2	1	1596	1478	81,81
1526388970.474002856	191	40	60	0	2	0	2	-85	38630	2	1	1596	1478	81,81
1526388970.485903191	191	40	60	0	2	0	2	-86	38631	2	1	1596	1478	81,81
1526388970.498524609	191	40	60	0	2	0	2	-85	38632	2	1	1596	1478	81,81
1526388970.509436990	191	40	60	0	2	0	2	-85	38633	2	1	1596	1478	81,81
1526388970.521088976	191	40	60	0	2	0	2	-85	38634	2	1	1596	1478	81,81
1526388970.532923288	191	40	60	0	2	0	2	-85	38635	2	1	1596	1478	81,81
1526388970.544677826	191	40	60	0	2	0	2	-85	38636	2	1	1596	1478	81,81
1526388970.556456747	191	40	60	0	2	0	2	-85	38637	2	1	1596	1478	81,81
1526388970.568135640	191	40	60	0	2	0	2	-85	38638	2	1	1596	1478	81,81
1526388970.579963206	191	40	60	0	2	0	2	-85	38639	2	1	1596	1478	81,81
1526388970.591654523	191	40	60	0	2	0	2	-84	38640	2	1	1596	1478	81,81
1526388970.603407388	191	40	60	0	2	0	2	-84	38641	2	1	1596	1478	81,81
1526388970.615636119	191	40	60	0	2	0	2	-85	38642	2	1	1596	1478	81,81
1526388970.626932203	191	40	60	0	2	0	2	-85	38643	2	1	1596	1478	81,81
1526388970.638705889	191	40	60	0	2	0	2	-86	38644	2	1	1596	1478	81,81
1526388970.650833126	191	40	60	0	2	0	2	-84	38645	2	1	1596	1478	81,81
1526388970.662133727	191	40	60	0	2	0	2	-85	38646	2	1	1596	1478	81,81
1526388970.674588985	191	40	60	0	2	0	2	-85	38647	2	1	1596	1478	81,81
1526388970.685740197	191	40	60	0	2	0	2	-85	38648	2	1	1596	1478	81,81
1526388970.697968702	191	40	60	0	2	0	2	-85	38649	2	1	1596	1478	81,81
1526388970.709330441	191	40	60	0	2	0	2	-84	38650	2	1	1596	1478	81,81
1526388970.721563997	191	40	60	0	2	0	2	-84	38651	2	1	1596	1478	81,81
1526388970.732848974	191	40	60	0	2	0	2	-84	38652	2	1	1596	1478	81,81
1526388970.744484811	191	40	60	0	2	0	2	-85	38653	2	1	1596	1478	81,81
1526388970.756233992	191	40	60	0	2	0	2	-84	38654	2	1	1596	1478	81,81
1526388970.768111489	191	40	60	0	2	0	2	-84	38655	2	1	1596	1478	81,81
1526388970.779869124	191	40	60	0	2	0	2	-85	38656	2	1	1596	1478	81,81
1526388970.791668795	191	40	60	0	2	0	2	-85	38657	2	1	1596	1478	81,81
1526388970.803410686	191	40	60	0	2	0	2	-84	38658	2	1	1596	1478	81,81
1526388970.815159506	191	40	60	0	2	0	2	-85	38659	2	1	1596	1478	81,81
1526388970.827376839	191	40	60	0	2	0	2	-83	38661	2	1	1596	1478	81,81
1526388970.838678501	191	40	60	0	2	0	2	-84	38662	2	1	1596	1478	81,81
1526388970.850373736	191	40	60	0	2	0	2	-85	38663	2	1	1596	1478	81,81
1526388970.862510310	191	40	60	0	2	0	2	-84	38664	2	1	1596	1478	81,81
1526388970.873861014	191	40	60	0	2	0	2	-84	38665	2	1	1596	1478	81,81
1526388970.885699411	191	40	60	0	2	0	2	-85	38666	2	1	1596	1478	81,81
1526388970.897371836	191	40	60	0	2	0	2	-85	38667	2	1	1596	1478	81,81
1526388970.909242843	191	40	60	0	2	0	2	-85	38668	2	1	1596	1478	81,81
1526388970.920975709	191	40	60	0	2	0	2	-85	38669	2	1	1596	1478	81,81
1526388970.933192287	191	40	60	0	2	0	2	-85	38670	2	1	1596	1478	81,81
1526388970.944536840	191	40	60	0	2	0	2	-85	38671	2	1	1596	1478	81,81
1526388970.956282192	191	40	60	0	2	0	2	-85	38672	2	1	1596	1478	81,81
1526388970.968051192	191	40	60	0	2	0	2	-85	38673	2	1	1596	1478	81,81
1526388970.979805277	191	40	60	0	2	0	2	-84	38674	2	1	1596	1478	81,81
1526388970.991572522	191	40	60	0	2	0	2	-84	38675	2	1	1596	1478	81,81
1526388971.003239301	191	40	60	0	2	0	2	-84	38676	2	1	1596	1478	81,81
1526388971.015118679	191	40	60	0	2	0	2	-85	38677	2	1	1596	1478	81,81
1526388971.027724787	191	40	60	0	2	0	2	-84	38678	2	1	1596	1478	81,81
1526388971.038622601	191	40	60	0	2	0	2	-85	38679	2	1	1596	1478	81,81
1526388971.050250084	191	40	60	0	2	0	2	-85	38680	2	1	1596	1478	81,81
1526388971.062118825	191	40	60	0	2	0	2	-84	38681	2	1	1596	1478	81,81
1526388971.074398911	191	40	60	0	2	0	2	-85	38683	2	1	1596	1478	81,81
1526388971.085726033	191	40	60	0	2	0	2	-85	38684	2	1	1596	1478	81,81
1526388971.097391979	191	40	60	0	2	0	2	-84	38685	2	1	1596	1478	81,81
1526388971.109161375	191	40	60	0	2	0	2	-85	38686	2	1	1596	1478	81,81
1526388971.120927746	191	40	60	0	2	0	2	-85	38687	2	1	1596	1478	81,81
1526388971.132687270	191	40	60	0	2	0	2	-85	38688	2	1	1596	1478	81,81
1526388971.144810143	191	40	60	0	2	0	2	-85	38689	2	1	1596	1478	81,81
1526388971.156131046	191	40	60	0	2	0	2	-85	38690	2	1	1596	1478	81,81
1526388971.167766619	191	40	60	0	2	0	2	-84	38691	2	1	1596	1478	81,81
1526388971.179785391	191	40	60	0	2	0	2	-85	38692	2	1	1596	1478	81,81
1526388971.191895895	191	40	60	0	2	0	2	-85	38693	2	1	1596	1478	81,81
1526388971.204185011	191	40	60	0	2	0	2	-85	38694	2	1	1596	1478	81,81
1526388971.214996434	191	40	60	0	2	0	2	-85	38695	2	1	1596	1478	81,81
1526388971.227452241	191	40	60	0	2	0	2	-84	38696	2	1	1596	1478	81,81
1526388971.238537464	191	40	60	0	2	0	2	-85	38697	2	1	1596	1478	81,81
1526388971.250620627	191	40	60	0	2	0	2	-86	38698	2	1	1596	1478	81,81
1526388971.261931668	191	40	60	0	2	0	2	-85	38699	2	1	1596	1478	81,81
1526388971.273782257	191	40	60	0	2	0	2	-85	38700	2	1	1596	1478	81,81
1526388971.285567223	191	40	60	0	2	0	2	-85	38701	2	1	1596	1478	81,81
1526388971.297315532	191	40	60	0	2	0	2	-85	38702	2	1	1596	1478	81,81
1526388971.309021436	191	40	60	0	2	0	2	-85	38704	2	1	1596	1478	81,81
1526388971.320840688	191	40	60	0	2	0	2	-85	38705	2	1	1596	1478	81,81
1526388971.332626020	191	40	60	0	2	0	2	-85	38706	2	1	1596	1478	81,81
1526388971.344365567	191	40	60	0	2	0	2	-85	38707	2	1	1596	1478	81,81
1526388971.356977119	191	40	60	0	2	0	2	-85	38709	2	1	1596	1478	81,81
1526388971.367878552	191	40	60	0	2	0	2	-85	38710	2	1	1596	1478	81,81
1526388971.379702470	191	40	60	0	2	0	2	-85	38711	2	1	1596	1478	81,81
1526388971.391408817	191	40	60	0	2	0	2	-85	38712	2	1	1596	1478	81,81
1526388971.403106947	191	40	60	0	2	0	2	-84	38713	2	1	1596	1478	81,81
1526388971.414920177	191	40	60	0	2	0	2	-84	38714	2	1	1596	1478	81,81
1526388971.426436999	191	40	60	0	2	0	2	-84	38716	2	1	1596	1478	81,81
1526388971.438476008	191	40	60	0	2	0	2	-85	38717	2	1	1596	1478	81,81
1526388971.450208628	191	40	60	0	2	0	2	-85	38718	2	1	1596	1478	81,81
1526388971.461901074	191	40	60	0	2	0	2	-85	38719	2	1	1596	1478	81,81
1526388971.474597163	191	40	60	0	2	0	2	-85	38721	2	1	1596	1478	81,81
1526388971.485477158	191	40	60	0	2	0	2	-85	38722	2	1	1596	1478	81,81
1526388971.497245600	191	40	60	0	2	0	2	-85	38723	2	1	1596	1478	81,81
1526388971.508998254	191	40	60	0	2	0	2	-85	38724	2	1	1596	1478	81,81
1526388971.521153694	191	40	60	0	2	0	2	-85	38726	2	1	1596	1478	81,81
1526388971.532517690	191	40	60	0	2	0	2	-84	38727	2	1	1596	1478	81,81
1526388971.544308829	191	40	60	0	2	0	2	-85	38728	2	1	1596	1478	81,81
1526388971.556048280	191	40	60	0	2	0	2	-84	38729	2	1	1596	1478	81,81
1526388971.567734249	191	40	60	0	2	0	2	-83	38730	2	1	1596	1478	81,81
1526388971.579933349	191	40	60	0	2	0	2	-84	38732	2	1	1596	1478	81,81
1526388971.591242241	191	40	60	0	2	0	2	-84	38733	2	1	1596	1478	81,81
1526388971.603283075	191	40	60	0	2	0	2	-84	38734	2	1	1596	1478	81,81
1526388971.614707048	191	40	60	0	2	0	2	-85	38735	2	1	1596	1478	81,81
1526388971.626517934	191	40	60	0	2	0	2	-85	38736	2	1	1596	1478	81,81
1526388971.638304490	191	40	60	0	2	0	2	-85	38737	2	1	1596	1478	81,81
1526388971.650122497	191	40	60	0	2	0	2	-85	38738	2	1	1596	1478	81,81
1526388971.661869611	191	40	60	0	2	0	2	-85	38739	2	1	1596	1478	81,81
1526388971.673669497	191	40	60	0	2	0	2	-84	38740	2	1	1596	1478	81,81
1526388971.686212177	191	40	60	0	2	0	2	-84	38742	2	1	1596	1478	81,81
1526388971.698818077	191	40	48	0	1	1	2	-83	38744	4	1	1596	1478	81,81
1526388971.708935537	191	40	48	0	1	1	2	-83	38745	4	1	1596	1478	81,81
1526388971.720677963	191	40	48	0	1	1	2	-83	38746	4	1	1596	1478	81,81
1526388971.732433081	191	40	48	0	1	1	2	-82	38747	4	1	1596	1478	81,81
1526388971.744183984	191	40	48	0	1	1	2	-83	38748	4	1	1596	1478	81,81
1526388971.755901708	191	40	48	0	1	1	2	-82	38749	4	1	1596	1478	81,81
1526388971.767675323	191	40	48	0	1	1	2	-82	38750	4	1	1596	1478	81,81
1526388971.779476591	191	40	48	0	1	1	2	-82	38751	4	1	1596	1478	81,81
1526388971.791141557	153	40	48	0	1	1	2	-82	38752	5	1	1596	1478	108,108
1526388971.802948377	144	40	48	0	1	1	2	-85	38753	3	4	1596	1478	117,117
1526388971.814727944	144	40	48	0	1	1	2	-84	38754	3	4	1596	1478	117,117
1526388971.826505735	144	40	48	0	1	1	2	-83	38755	3	4	1596	1478	117,117
1526388971.838179963	144	40	48	0	1	1	2	-84	38756	3	4	1596	1478	117,117
1526388971.849952390	144	40	48	0	1	1	2	-84	38757	3	4	1596	1478	117,117
1526388971.861708378	144	40	48	0	1	1	2	-84	38758	3	4	1596	1478	117,117
1526388971.873428738	144	40	48	0	1	1	2	-84	38759	3	4	1596	1478	117,117
1526388971.885199069	144	40	48	0	1	1	2	-85	38760	3	4	1596	1478	117,117
1526388971.897445156	144	40	48	0	1	1	2	-85	38761	3	4	1596	1478	117,117
1526388971.908811352	144	40	48	0	1	1	2	-85	38762	3	4	1596	1478	117,117
1526388971.920965345	144	40	48	0	1	1	2	-84	38763	3	4	1596	1478	117,117
1526388971.932340650	144	40	48	0	1	1	2	-85	38764	3	4	1596	1478	117,117
1526388971.944527438	144	40	48	0	1	1	2	-84	38765	3	4	1596	1478	117,117
1526388971.955846488	144	40	48	0	1	1	2	-85	38766	3	4	1596	1478	117,117
1526388971.967595450	144	40	48	0	1	1	2	-84	38767	3	4	1596	1478	117,117
1526388971.979376900	144	40	48	0	1	1	2	-84	38768	3	4	1596	1478	117,117
1526388971.991129774	144	40	48	0	1	1	2	-84	38769	3	4	1596	1478	117,117
1526388972.002892843	144	40	48	0	1	1	2	-84	38770	3	4	1596	1478	117,117
1526388972.014651959	144	40	48	0	1	1	2	-85	38771	3	4	1596	1478	117,117
1526388972.026415642	144	40	48	0	1	1	2	-84	38772	3	4	1596	1478	117,117
1526388972.038169651	144	40	48	0	1	1	2	-85	38773	3	4	1596	1478	117,117
1526388972.049969129	144	40	48	0	1	1	2	-86	38774	3	4	1596	1478	117,117
1526388972.062083630	144	40	48	0	1	1	2	-84	38775	3	4	1596	1478	117,117
1526388972.073364593	144	40	48	0	1	1	2	-85	38776	3	4	1596	1478	117,117
1526388972.085203112	144	40	48	0	1	1	2	-84	38777	3	4	1596	1478	117,117
1526388972.097413014	144	40	48	0	1	1	2	-84	38779	3	4	1596	1478	117,117
1526388972.108723060	144	40	48	0	1	1	2	-84	38780	3	4	1596	1478	117,117
1526388972.120437075	144	40	48	0	1	1	2	-85	38781	3	4	1596	1478	117,117
1526388972.132218287	144	40	48	0	1	1	2	-84	38782	3	4	1596	1478	117,117
1526388972.143887025	144	40	48	0	1	1	2	-83	38783	3	4	1596	1478	117,117
1526388972.156228446	144	40	48	0	1	1	2	-84	38784	3	4	1596	1478	117,117
1526388972.167397717	144	40	48	0	1	1	2	-84	38785	3	4	1596	1478	117,117
1526388972.179370532	144	40	48	0	1	1	2	-85	38786	3	4	1596	1478	117,117
1526388972.191011154	144	40	48	0	1	1	2	-84	38787	3	4	1596	1478	117,117
1526388972.202874845	144	40	48	0	1	1	2	-84	38788	3	4	1596	1478	117,117
1526388972.214780567	144	40	48	0	1	1	2	-84	38789	3	4	1596	1478	117,117
1526388972.226765959	144	40	48	0	1	1	2	-84	38790	3	4	1596	1478	117,117
1526388972.238138678	144	40	48	0	1	1	2	-84	38791	3	4	1596	1478	117,117
1526388972.249808329	144	40	48	0	1	1	2	-84	38792	3	4	1596	1478	117,117
1526388972.261653393	144	40	48	0	1	1	2	-85	38793	3	4	1596	1478	117,117
1526388972.273747148	144	40	48	0	1	1	2	-85	38795	3	4	1596	1478	117,117
1526388972.286369879	144	40	48	0	1	1	2	-85	38797	3	4	1596	1478	117,117
1526388972.296946369	144	40	48	0	1	1	2	-85	38798	3	4	1596	1478	117,117
1526388972.308724647	144	40	48	0	1	1	2	-85	38799	3	4	1596	1478	117,117
1526388972.320451204	144	40	48	0	1	1	2	-85	38800	3	4	1596	1478	117,117
1526388972.332177426	144	40	48	0	1	1	2	-86	38801	3	4	1596	1478	117,117
1526388972.343980282	144	40	48	0	1	1	2	-85	38802	3	4	1596	1478	117,117
1526388972.356301724	144	40	48	0	1	1	2	-86	38803	3	4	1596	1478	117,117
1526388972.367434832	144	40	48	0	1	1	2	-85	38804	3	4	1596	1478	117,117
1526388972.379261807	144	40	48	0	1	1	2	-85	38805	3	4	1596	1478	117,117
1526388972.391379980	144	40	48	0	1	1	2	-85	38806	3	4	1596	1478	117,117
1526388972.402540966	144	40	48	0	1	1	2	-85	38807	3	4	1596	1478	117,117
1526388972.415822784	144	40	48	0	1	1	2	-85	38809	3	4	1596	1478	117,117
1526388972.426133486	144	40	48	0	1	1	2	-85	38810	3	4	1596	1478	117,117
1526388972.437920788	144	40	48	0	1	1	2	-85	38811	3	4	1596	1478	117,117
1526388972.449693677	144	40	48	0	1	1	2	-85	38812	3	4	1596	1478	117,117
1526388972.461556122	144	40	48	0	1	1	2	-85	38813	3	4	1596	1478	117,117
1526388972.473296281	144	40	48	0	1	1	2	-84	38814	3	4	1596	1478	117,117
1526388972.484913636	144	40	48	0	1	1	2	-84	38815	3	4	1596	1478	117,117
1526388972.496803929	144	40	48	0	1	1	2	-85	38816	3	4	1596	1478	117,117
1526388972.508568953	144	40	48	0	1	1	2	-85	38817	3	4	1596	1478	117,117
1526388972.520319798	144	40	48	0	1	1	2	-84	38818	3	4	1596	1478	117,117
1526388972.532027696	144	40	48	0	1	1	2	-84	38819	3	4	1596	1478	117,117
1526388972.543774723	144	40	48	0	1	1	2	-84	38820	3	4	1596	1478	117,117
1526388972.555926602	144	40	48	0	1	1	2	-83	38821	3	4	1596	1478	117,117
1526388972.567318926	144	40	48	0	1	1	2	-84	38822	3	4	1596	1478	117,117
1526388972.579139478	144	40	48	0	1	1	2	-84	38823	3	4	1596	1478	117,117
1526388972.590901548	144	40	48	0	1	1	2	-83	38824	3	4	1596	1478	117,117
1526388972.603089622	144	40	48	0	1	1	2	-84	38825	3	4	1596	1478	117,117
1526388972.614410306	144	40	48	0	1	1	2	-83	38826	3	4	1596	1478	117,117
1526388972.626179387	144	40	48	0	1	1	2	-84	38827	3	4	1596	1478	117,117
1526388972.638260894	144	40	48	0	1	1	2	-85	38828	3	4	1596	1478	117,117
1526388972.650075482	144	40	48	0	1	1	2	-84	38830	3	4	1596	1478	117,117
1526388972.662236312	144	40	48	0	1	1	2	-84	38831	3	4	1596	1478	117,117
1526388972.673157818	144	40	48	0	1	1	2	-84	38832	3	4	1596	1478	117,117
1526388972.685011799	144	40	48	0	1	1	2	-84	38833	3	4	1596	1478	117,117
1526388972.696658632	144	40	48	0	1	1	2	-84	38834	3	4	1596	1478	117,117
1526388972.708353194	144	40	48	0	1	1	2	-84	38835	3	4	1596	1478	117,117
1526388972.720679660	144	40	48	0	1	1	2	-84	38836	3	4	1596	1478	117,117
1526388972.732021788	144	40	48	0	1	1	2	-83	38837	3	4	1596	1478	117,117
1526388972.743626375	144	40	48	0	1	1	2	-84	38838	3	4	1596	1478	117,117
1526388972.755331817	144	40	48	0	1	1	2	-83	38839	3	4	1596	1478	117,117
1526388972.767298296	144	40	48	0	1	1	2	-83	38840	3	4	1596	1478	117,117
1526388972.778949970	144	40	48	0	1	1	2	-84	38841	3	4	1596	1478	117,117
1526388972.790801479	144	40	48	0	1	1	2	-84	38842	3	4	1596	1478	117,117
1526388972.802503030	144	40	48	0	1	1	2	-83	38843	3	4	1596	1478	117,117
1526388972.814245300	144	40	48	0	1	1	2	-84	38844	3	4	1596	1478	117,117
1526388972.825965544	144	40	48	0	1	1	2	-83	38845	3	4	1596	1478	117,117
1526388972.837841152	144	40	48	0	1	1	2	-84	38846	3	4	1596	1478	117,117
1526388972.849619540	144	40	48	0	1	1	2	-84	38847	3	4	1596	1478	117,117
1526388972.861375071	144	40	48	0	1	1	2	-84	38848	3	4	1596	1478	117,117
1526388972.873627053	144	40	48	0	1	1	2	-84	38850	3	4	1596	1478	117,117
1526388972.885304511	144	40	48	0	1	1	2	-84	38851	3	4	1596	1478	117,117
1526388972.896657275	144	40	48	0	1	1	2	-84	38852	3	4	1596	1478	117,117
1526388972.908420189	144	40	48	0	1	1	2	-83	38853	3	4	1596	1478	117,117
1526388972.920611976	144	40	48	0	1	1	2	-84	38855	3	4	1596	1478	117,117
1526388972.931988643	144	40	48	0	1	1	2	-84	38856	3	4	1596	1478	117,117
1526388972.943684416	144	40	48	0	1	1	2	-85	38857	3	4	1596	1478	117,117
1526388972.955462393	144	40	48	0	1	1	2	-85	38858	3	4	1596	1478	117,117
1526388972.968560450	144	40	48	0	1	1	2	-85	38859	3	4	1596	1478	117,117
1526388972.978927875	144	40	48	0	1	1	2	-85	38860	3	4	1596	1478	117,117
1526388972.990683114	144	40	48	0	1	1	2	-85	38861	3	4	1596	1478	117,117
1526388973.002483042	144	40	48	0	1	1	2	-85	38862	3	4	1596	1478	117,117
1526388973.014673292	144	40	48	0	1	1	2	-85	38863	3	4	1596	1478	117,117
1526388973.026006629	144	40	48	0	1	1	2	-85	38864	3	4	1596	1478	117,117
1526388973.037752601	144	40	48	0	1	1	2	-85	38865	3	4	1596	1478	117,117
1526388973.049550500	144	40	48	0	1	1	2	-85	38866	3	4	1596	1478	117,117
1526388973.061319194	144	40	48	0	1	1	2	-84	38867	3	4	1596	1478	117,117
1526388973.073424219	144	40	48	0	1	1	2	-85	38868	3	4	1596	1478	117,117
1526388973.084722547	144	40	48	0	1	1	2	-83	38869	3	4	1596	1478	117,117
1526388973.096550644	144	40	48	0	1	1	2	-84	38870	3	4	1596	1478	117,117
1526388973.108727171	144	40	48	0	1	1	2	-84	38871	3	4	1596	1478	117,117
1526388973.120095066	144	40	48	0	1	1	2	-84	38872	3	4	1596	1478	117,117
1526388973.131826957	144	40	48	0	1	1	2	-84	38873	3	4	1596	1478	117,117
1526388973.143533514	144	40	48	0	1	1	2	-84	38874	3	4	1596	1478	117,117
1526388973.155353343	144	40	48	0	1	1	2	-84	38875	3	4	1596	1478	117,117
1526388973.167104468	144	40	48	0	1	1	2	-84	38876	3	4	1596	1478	117,117
1526388973.178906679	144	40	48	0	1	1	2	-85	38877	3	4	1596	1478	117,117
1526388973.190642932	144	40	48	0	1	1	2	-85	38878	3	4	1596	1478	117,117
1526388973.202402431	144	40	48	0	1	1	2	-85	38879	3	4	1596	1478	117,117
1526388973.214074107	144	40	48	0	1	1	2	-85	38880	3	4	1596	1478	117,117
1526388973.225999029	144	40	48	0	1	1	2	-84	38881	3	4	1596	1478	117,117
1526388973.237682157	144	40	48	0	1	1	2	-84	38882	3	4	1596	1478	117,117
1526388973.249347385	144	40	48	0	1	1	2	-85	38883	3	4	1596	1478	117,117
1526388973.261548990	144	40	48	0	1	1	2	-84	38885	3	4	1596	1478	117,117
1526388973.273356472	144	40	48	0	1	1	2	-84	38886	3	4	1596	1478	117,117
1526388973.284658039	144	40	48	0	1	1	2	-85	38887	3	4	1596	1478	117,117
1526388973.296480358	144	40	48	0	1	1	2	-86	38888	3	4	1596	1478	117,117
1526388973.308252375	144	40	48	0	1	1	2	-86	38889	3	4	1596	1478	117,117
1526388973.320830937	144	40	48	0	1	1	2	-86	38892	3	4	1596	1478	117,117
1526388973.331639184	144	40	48	0	1	1	2	-85	38893	3	4	1596	1478	117,117
1526388973.332648029	144	40	48	0	1	1	2	-85	38895	3	4	1596	1478	117,117
1526388973.344894292	144	40	48	0	1	1	2	-85	38899	3	4	1596	1478	117,117
1526388973.355284426	144	40	48	0	1	1	2	-85	38900	3	4	1596	1478	117,117
1526388973.367036259	144	40	48	0	1	1	2	-84	38901	3	4	1596	1478	117,117
1526388973.378826486	144	40	48	0	1	1	2	-84	38902	3	4	1596	1478	117,117
1526388973.390500411	144	40	48	0	1	1	2	-84	38903	3	4	1596	1478	117,117
1526388973.402330282	144	40	48	0	1	1	2	-84	38904	3	4	1596	1478	117,117
1526388973.414091782	144	40	48	0	1	1	2	-84	38905	3	4	1596	1478	117,117
1526388973.426431426	144	40	48	0	1	1	2	-84	38906	3	4	1596	1478	117,117
1526388973.437570711	144	40	48	0	1	1	2	-84	38907	3	4	1596	1478	117,117
1526388973.449369329	144	40	48	0	1	1	2	-85	38908	3	4	1596	1478	117,117
1526388973.462925853	179	40	60	0	1	1	2	-86	38913	2	4	1596	1478	87,75,87,75
1526388973.474677694	191	40	48	0	1	1	2	-83	38914	4	1	1596	1478	81,81
1526388973.484622717	191	40	48	0	1	1	2	-82	38915	4	1	1596	1478	81,81
1526388973.496452259	191	40	48	0	1	1	2	-82	38916	4	1	1596	1478	81,81
1526388973.508149287	191	40	48	0	1	1	2	-81	38917	4	1	1596	1478	81,81
1526388973.519901940	191	40	48	0	1	1	2	-82	38918	4	1	1596	1478	81,81
1526388973.531652516	191	40	48	0	1	1	2	-82	38919	4	1	1596	1478	81,81
1526388973.543658189	191	40	48	0	1	1	2	-82	38920	4	1	1596	1478	81,81
1526388973.555159520	191	40	48	0	1	1	2	-82	38921	4	1	1596	1478	81,81
1526388973.566889301	153	40	48	0	1	1	2	-82	38922	5	1	1596	1478	108,108
1526388973.578657811	144	40	48	0	1	1	2	-85	38923	3	4	1596	1478	117,117
1526388973.590343599	144	40	48	0	1	1	2	-84	38924	3	4	1596	1478	117,117
1526388973.602168247	144	40	48	0	1	1	2	-84	38925	3	4	1596	1478	117,117
1526388973.613944851	144	40	48	0	1	1	2	-84	38926	3	4	1596	1478	117,117
1526388973.625701801	144	40	48	0	1	1	2	-85	38927	3	4	1596	1478	117,117
1526388973.637516169	144	40	48	0	1	1	2	-85	38928	3	4	1596	1478	117,117
1526388973.649659327	144	40	48	0	1	1	2	-84	38929	3	4	1596	1478	117,117
1526388973.662574957	144	40	48	0	1	1	2	-85	38932	3	4	1596	1478	117,117
1526388973.674752827	179	40	60	0	1	1	2	-85	38934	2	4	1596	1478	87,75,87,75
1526388973.695014701	191	40	48	0	1	1	2	-82	38936	4	1	1596	1478	81,81
1526388973.696380466	191	40	48	0	1	1	2	-82	38937	4	1	1596	1478	81,81
1526388973.708114871	191	40	48	0	1	1	2	-82	38938	4	1	1596	1478	81,81
1526388973.719882932	191	40	48	0	1	1	2	-83	38939	4	1	1596	1478	81,81
1526388973.731513740	191	40	48	0	1	1	2	-82	38940	4	1	1596	1478	81,81
1526388973.743199149	191	40	48	0	1	1	2	-83	38941	4	1	1596	1478	81,81
1526388973.755036113	191	40	48	0	1	1	2	-83	38942	4	1	1596	1478	81,81
1526388973.766839278	191	40	48	0	1	1	2	-82	38943	4	1	1596	1478	81,81
1526388973.778429484	153	40	48	0	1	1	2	-82	38944	5	1	1596	1478	108,108
1526388973.790329277	144	40	48	0	1	1	2	-84	38945	3	4	1596	1478	117,117
1526388973.802161794	144	40	48	0	1	1	2	-85	38946	3	4	1596	1478	117,117
1526388973.813927315	144	40	48	0	1	1	2	-85	38947	3	4	1596	1478	117,117
1526388973.825697319	144	40	48	0	1	1	2	-85	38948	3	4	1596	1478	117,117
1526388973.837376572	144	40	48	0	1	1	2	-85	38949	3	4	1596	1478	117,117
1526388973.849194493	144	40	48	0	1	1	2	-85	38950	3	4	1596	1478	117,117
1526388973.860988684	144	40	48	0	1	1	2	-85	38951	3	4	1596	1478	117,117
1526388973.872722501	144	40	48	0	1	1	2	-85	38952	3	4	1596	1478	117,117
1526388973.884869016	144	40	48	0	1	1	2	-85	38953	3	4	1596	1478	117,117
1526388973.896217185	144	40	48	0	1	1	2	-85	38954	3	4	1596	1478	117,117
1526388973.908712613	144	40	48	0	1	1	2	-85	38955	3	4	1596	1478	117,117
1526388973.919761202	144	40	48	0	1	1	2	-85	38956	3	4	1596	1478	117,117
1526388973.922334820	179	40	60	0	1	1	2	-86	38961	2	4	1596	1478	87,75,87,75
1526388973.933238535	191	40	48	0	1	1	2	-84	38962	4	1	1596	1478	81,81
1526388973.943324669	191	40	48	0	1	1	2	-83	38963	4	1	1596	1478	81,81
1526388973.955076241	191	40	48	0	1	1	2	-83	38964	4	1	1596	1478	81,81
1526388973.966855277	191	40	48	0	1	1	2	-83	38965	4	1	1596	1478	81,81
1526388973.978600397	191	40	48	0	1	1	2	-82	38966	4	1	1596	1478	81,81
1526388973.990301542	191	40	48	0	1	1	2	-82	38967	4	1	1596	1478	81,81
1526388974.002165642	191	40	48	0	1	1	2	-82	38968	4	1	1596	1478	81,81
1526388974.013890680	191	40	48	0	1	1	2	-82	38969	4	1	1596	1478	81,81
1526388974.026108330	179	40	60	0	1	1	2	-84	38971	2	4	1596	1478	87,75,87,75
1526388974.037398700	179	40	60	0	1	1	2	-84	38972	2	4	1596	1478	87,75,87,75
1526388974.049071608	179	40	60	0	1	1	2	-84	38973	2	4	1596	1478	87,75,87,75
1526388974.060930268	179	40	60	0	1	1	2	-84	38974	2	4	1596	1478	87,75,87,75
1526388974.072672006	179	40	60	0	1	1	2	-84	38975	2	4	1596	1478	87,75,87,75
1526388974.084599888	179	40	60	0	1	1	2	-84	38976	2	4	1596	1478	87,75,87,75
1526388974.096260125	179	40	60	0	1	1	2	-85	38977	2	4	1596	1478	87,75,87,75
1526388974.107983000	179	40	60	0	1	1	2	-85	38978	2	4	1596	1478	87,75,87,75
1526388974.119684842	144	40	48	0	1	1	2	-85	38979	3	4	1596	1478	117,117
1526388974.131451551	144	40	48	0	1	1	2	-85	38980	3	4	1596	1478	117,117
1526388974.143552059	144	40	48	0	1	1	2	-85	38982	3	4	1596	1478	117,117
1526388974.156204137	144	40	48	0	1	1	2	-84	38983	3	4	1596	1478	117,117
1526388974.166717743	144	40	48	0	1	1	2	-85	38984	3	4	1596	1478	117,117
1526388974.178886052	144	40	48	0	1	1	2	-85	38985	3	4	1596	1478	117,117
1526388974.191034534	144	40	48	0	1	1	2	-85	38988	3	4	1596	1478	117,117
1526388974.201985131	144	40	48	0	1	1	2	-85	38989	3	4	1596	1478	117,117
1526388974.213704668	144	40	48	0	1	1	2	-85	38990	3	4	1596	1478	117,117
1526388974.226381743	144	40	48	0	1	1	2	-85	38992	3	4	1596	1478	117,117
1526388974.237198899	144	40	48	0	1	1	2	-85	38993	3	4	1596	1478	117,117
1526388974.248923498	144	40	48	0	1	1	2	-85	38994	3	4	1596	1478	117,117
1526388974.260810615	144	40	48	0	1	1	2	-86	38995	3	4	1596	1478	117,117
1526388974.272430181	144	40	48	0	1	1	2	-85	38996	3	4	1596	1478	117,117
1526388974.284319696	144	40	48	0	1	1	2	-85	38997	3	4	1596	1478	117,117
1526388974.296075454	144	40	48	0	1	1	2	-85	38998	3	4	1596	1478	117,117
1526388974.307856821	144	40	48	0	1	1	2	-85	38999	3	4	1596	1478	117,117
1526388974.320839794	144	40	48	0	1	1	2	-85	39002	3	4	1596	1478	117,117
1526388974.331788403	144	40	48	0	1	1	2	-84	39004	3	4	1596	1478	117,117
1526388974.343521203	144	40	48	0	1	1	2	-85	39005	3	4	1596	1478	117,117
1526388974.354812172	144	40	48	0	1	1	2	-85	39006	3	4	1596	1478	117,117
1526388974.366638051	144	40	48	0	1	1	2	-85	39007	3	4	1596	1478	117,117
1526388974.378628995	144	40	48	0	1	1	2	-85	39008	3	4	1596	1478	117,117
1526388974.390193417	144	40	48	0	1	1	2	-85	39009	3	4	1596	1478	117,117
1526388974.402662502	144	40	48	0	1	1	2	-84	39011	3	4	1596	1478	117,117
1526388974.414010172	144	40	48	0	1	1	2	-85	39013	3	4	1596	1478	117,117
1526388974.426100450	144	40	48	0	1	1	2	-85	39015	3	4	1596	1478	117,117
1526388974.437189012	144	40	48	0	1	1	2	-84	39016	3	4	1596	1478	117,117
1526388974.448970332	144	40	48	0	1	1	2	-84	39017	3	4	1596	1478	117,117
1526388974.460715620	144	40	48	0	1	1	2	-85	39018	3	4	1596	1478	117,117
1526388974.472284663	144	40	48	0	1	1	2	-84	39019	3	4	1596	1478	117,117
1526388974.484155165	144	40	48	0	1	1	2	-84	39020	3	4	1596	1478	117,117
1526388974.495914081	144	40	48	0	1	1	2	-84	39021	3	4	1596	1478	117,117
1526388974.508080796	144	40	48	0	1	1	2	-84	39022	3	4	1596	1478	117,117
1526388974.519421107	144	40	48	0	1	1	2	-84	39023	3	4	1596	1478	117,117
1526388974.531210213	144	40	48	0	1	1	2	-84	39024	3	4	1596	1478	117,117
1526388974.542966542	144	40	48	0	1	1	2	-84	39025	3	4	1596	1478	117,117
1526388974.554715497	144	40	48	0	1	1	2	-84	39026	3	4	1596	1478	117,117
1526388974.566847037	144	40	48	0	1	1	2	-85	39028	3	4	1596	1478	117,117
1526388974.578241530	144	40	48	0	1	1	2	-85	39029	3	4	1596	1478	117,117
1526388974.590809283	144	40	48	0	1	1	2	-86	39032	3	4	1596	1478	117,117
1526388974.601759771	144	40	48	0	1	1	2	-85	39033	3	4	1596	1478	117,117
1526388974.615307478	179	40	60	0	1	1	2	-86	39038	2	4	1596	1478	87,75,87,75
1526388974.625369560	179	40	60	0	1	1	2	-85	39039	2	4	1596	1478	87,75,87,75
1526388974.637134841	179	40	60	0	1	1	2	-84	39040	2	4	1596	1478	87,75,87,75
1526388974.649145133	179	40	60	0	1	1	2	-85	39041	2	4	1596	1478	87,75,87,75
1526388974.660676196	179	40	60	0	1	1	2	-85	39042	2	4	1596	1478	87,75,87,75
1526388974.672425525	179	40	60	0	1	1	2	-85	39043	2	4	1596	1478	87,75,87,75
1526388974.684260232	179	40	60	0	1	1	2	-84	39044	2	4	1596	1478	87,75,87,75
1526388974.695934837	179	40	60	0	1	1	2	-84	39045	2	4	1596	1478	87,75,87,75
1526388974.708459828	144	40	48	0	1	1	2	-85	39046	3	4	1596	1478	117,117
1526388974.719487879	144	40	48	0	1	1	2	-84	39047	3	4	1596	1478	117,117
1526388974.731209995	144	40	48	0	1	1	2	-85	39048	3	4	1596	1478	117,117
1526388974.742871594	144	40	48	0	1	1	2	-85	39049	3	4	1596	1478	117,117
1526388974.754521519	144	40	48	0	1	1	2	-85	39050	3	4	1596	1478	117,117
1526388974.767043139	144	40	48	0	1	1	2	-84	39051	3	4	1596	1478	117,117
1526388974.778039315	144	40	48	0	1	1	2	-85	39052	3	4	1596	1478	117,117
1526388974.789970223	144	40	48	0	1	1	2	-85	39053	3	4	1596	1478	117,117
1526388974.801791061	144	40	48	0	1	1	2	-85	39054	3	4	1596	1478	117,117
1526388974.813912939	144	40	48	0	1	1	2	-84	39055	3	4	1596	1478	117,117
1526388974.825295281	144	40	48	0	1	1	2	-85	39056	3	4	1596	1478	117,117
1526388974.837055157	144	40	48	0	1	1	2	-84	39057	3	4	1596	1478	117,117
1526388974.849498394	144	40	48	0	1	1	2	-84	39058	3	4	1596	1478	117,117
1526388974.860489007	144	40	48	0	1	1	2	-85	39059	3	4	1596	1478	117,117
1526388974.874182176	179	40	60	0	1	1	2	-84	39061	2	4	1596	1478	87,75,87,75
1526388974.884108503	179	40	60	0	1	1	2	-86	39062	2	4	1596	1478	87,75,87,75
1526388974.896046272	179	40	60	0	1	1	2	-85	39063	2	4	1596	1478	87,75,87,75
1526388974.907645777	179	40	60	0	1	1	2	-85	39064	2	4	1596	1478	87,75,87,75
1526388974.919719812	179	40	60	0	1	1	2	-86	39065	2	4	1596	1478	87,75,87,75
1526388974.931155056	179	40	60	0	1	1	2	-85	39066	2	4	1596	1478	87,75,87,75
1526388974.942914675	179	40	60	0	1	1	2	-84	39067	2	4	1596	1478	87,75,87,75
1526388974.954674155	179	40	60	0	1	1	2	-84	39068	2	4	1596	1478	87,75,87,75
1526388974.966357767	144	40	48	0	1	1	2	-85	39069	3	4	1596	1478	117,117
1526388974.978177295	144	40	48	0	1	1	2	-85	39070	3	4	1596	1478	117,117
1526388974.989926146	144	40	48	0	1	1	2	-84	39071	3	4	1596	1478	117,117
1526388975.001669799	144	40	48	0	1	1	2	-84	39072	3	4	1596	1478	117,117
1526388975.013440544	144	40	48	0	1	1	2	-84	39073	3	4	1596	1478	117,117
1526388975.025717586	144	40	48	0	1	1	2	-84	39074	3	4	1596	1478	117,117
1526388975.036958378	144	40	48	0	1	1	2	-85	39075	3	4	1596	1478	117,117
1526388975.048723988	144	40	48	0	1	1	2	-85	39076	3	4	1596	1478	117,117
1526388975.060501323	144	40	48	0	1	1	2	-84	39077	3	4	1596	1478	117,117
1526388975.072279146	144	40	48	0	1	1	2	-85	39078	3	4	1596	1478	117,117
1526388975.083962011	144	40	48	0	1	1	2	-84	39079	3	4	1596	1478	117,117
1526388975.095894393	144	40	48	0	1	1	2	-84	39080	3	4	1596	1478	117,117
1526388975.107850020	144	40	48	0	1	1	2	-84	39082	3	4	1596	1478	117,117
1526388975.119207903	144	40	48	0	1	1	2	-84	39083	3	4	1596	1478	117,117
1526388975.131389252	144	40	48	0	1	1	2	-85	39085	3	4	1596	1478	117,117
1526388975.142708093	144	40	48	0	1	1	2	-85	39086	3	4	1596	1478	117,117
1526388975.154544235	144	40	48	0	1	1	2	-85	39087	3	4	1596	1478	117,117
1526388975.166287225	144	40	48	0	1	1	2	-85	39088	3	4	1596	1478	117,117
1526388975.178062863	144	40	48	0	1	1	2	-84	39089	3	4	1596	1478	117,117
1526388975.190239809	144	40	48	0	1	1	2	-85	39090	3	4	1596	1478	117,117
1526388975.201612131	144	40	48	0	1	1	2	-84	39091	3	4	1596	1478	117,117
1526388975.213362658	144	40	48	0	1	1	2	-84	39092	3	4	1596	1478	117,117
1526388975.225155235	144	40	48	0	1	1	2	-84	39093	3	4	1596	1478	117,117
1526388975.237295525	144	40	48	0	1	1	2	-84	39094	3	4	1596	1478	117,117
1526388975.248551312	144	40	48	0	1	1	2	-84	39095	3	4	1596	1478	117,117
1526388975.260324276	144	40	48	0	1	1	2	-84	39096	3	4	1596	1478	117,117
1526388975.271967914	144	40	48	0	1	1	2	-84	39097	3	4	1596	1478	117,117
1526388975.283921050	144	40	48	0	1	1	2	-85	39098	3	4	1596	1478	117,117
1526388975.295678217	144	40	48	0	1	1	2	-84	39099	3	4	1596	1478	117,117
1526388975.307448060	144	40	48	0	1	1	2	-85	39100	3	4	1596	1478	117,117
1526388975.319201293	144	40	48	0	1	1	2	-84	39101	3	4	1596	1478	117,117
1526388975.330987734	144	40	48	0	1	1	2	-84	39102	3	4	1596	1478	117,117
1526388975.342639123	144	40	48	0	1	1	2	-85	39103	3	4	1596	1478	117,117
1526388975.354786899	144	40	48	0	1	1	2	-84	39104	3	4	1596	1478	117,117
1526388975.366170243	144	40	48	0	1	1	2	-84	39105	3	4	1596	1478	117,117
1526388975.377926161	144	40	48	0	1	1	2	-84	39106	3	4	1596	1478	117,117
1526388975.389649001	144	40	48	0	1	1	2	-84	39107	3	4	1596	1478	117,117
1526388975.401562692	144	40	48	0	1	1	2	-84	39108	3	4	1596	1478	117,117
1526388975.413772547	144	40	48	0	1	1	2	-84	39109	3	4	1596	1478	117,117
1526388975.424971613	144	40	48	0	1	1	2	-84	39110	3	4	1596	1478	117,117
1526388975.436812953	144	40	48	0	1	1	2	-84	39111	3	4	1596	1478	117,117
1526388975.448569941	144	40	48	0	1	1	2	-84	39112	3	4	1596	1478	117,117
1526388975.460268948	144	40	48	0	1	1	2	-84	39113	3	4	1596	1478	117,117
1526388975.471980694	144	40	48	0	1	1	2	-84	39114	3	4	1596	1478	117,117
1526388975.483833376	144	40	48	0	1	1	2	-84	39115	3	4	1596	1478	117,117
1526388975.495522008	144	40	48	0	1	1	2	-85	39116	3	4	1596	1478	117,117
1526388975.507362218	144	40	48	0	1	1	2	-84	39117	3	4	1596	1478	117,117
1526388975.519528675	144	40	48	0	1	1	2	-84	39118	3	4	1596	1478	117,117
1526388975.530914242	144	40	48	0	1	1	2	-85	39119	3	4	1596	1478	117,117
1526388975.542645687	144	40	48	0	1	1	2	-85	39120	3	4	1596	1478	117,117
1526388975.554412036	144	40	48	0	1	1	2	-85	39121	3	4	1596	1478	117,117
1526388975.566160723	144	40	48	0	1	1	2	-85	39122	3	4	1596	1478	117,117
1526388975.577934801	144	40	48	0	1	1	2	-85	39123	3	4	1596	1478	117,117
1526388975.590894700	144	40	48	0	1	1	2	-86	39125	3	4	1596	1478	117,117
1526388975.601445015	144	40	48	0	1	1	2	-85	39126	3	4	1596	1478	117,117
1526388975.613215884	144	40	48	0	1	1	2	-85	39128	3	4	1596	1478	117,117
1526388975.624966477	144	40	48	0	1	1	2	-86	39129	3	4	1596	1478	117,117
1526388975.636744607	144	40	48	0	1	1	2	-85	39130	3	4	1596	1478	117,117
1526388975.648866704	144	40	48	0	1	1	2	-85	39131	3	4	1596	1478	117,117
1526388975.660252825	144	40	48	0	1	1	2	-85	39132	3	4	1596	1478	117,117
1526388975.672017619	144	40	48	0	1	1	2	-85	39133	3	4	1596	1478	117,117
1526388975.683754106	144	40	48	0	1	1	2	-85	39134	3	4	1596	1478	117,117
1526388975.695941928	144	40	48	0	1	1	2	-84	39135	3	4	1596	1478	117,117
1526388975.707298667	144	40	48	0	1	1	2	-85	39136	3	4	1596	1478	117,117
1526388975.719045435	144	40	48	0	1	1	2	-86	39137	3	4	1596	1478	117,117
1526388975.730725440	144	40	48	0	1	1	2	-84	39138	3	4	1596	1478	117,117
1526388975.742595408	144	40	48	0	1	1	2	-84	39139	3	4	1596	1478	117,117
1526388975.754701981	144	40	48	0	1	1	2	-84	39141	3	4	1596	1478	117,117
1526388975.766072333	144	40	48	0	1	1	2	-85	39142	3	4	1596	1478	117,117
1526388975.777759235	144	40	48	0	1	1	2	-85	39143	3	4	1596	1478	117,117
1526388975.789605931	144	40	48	0	1	1	2	-84	39144	3	4	1596	1478	117,117
1526388975.801354034	144	40	48	0	1	1	2	-85	39145	3	4	1596	1478	117,117
1526388975.813109022	144	40	48	0	1	1	2	-85	39146	3	4	1596	1478	117,117
1526388975.824868350	144	40	48	0	1	1	2	-85	39147	3	4	1596	1478	117,117
1526388975.836663682	144	40	48	0	1	1	2	-85	39148	3	4	1596	1478	117,117
1526388975.848307701	144	40	48	0	1	1	2	-85	39149	3	4	1596	1478	117,117
1526388975.860516069	144	40	48	0	1	1	2	-85	39150	3	4	1596	1478	117,117
1526388975.871922787	144	40	48	0	1	1	2	-86	39151	3	4	1596	1478	117,117
1526388975.883673058	144	40	48	0	1	1	2	-85	39152	3	4	1596	1478	117,117
1526388975.897094983	179	40	60	0	1	1	2	-86	39155	2	4	1596	1478	87,75,87,75
1526388975.907237400	179	40	60	0	1	1	2	-85	39156	2	4	1596	1478	87,75,87,75
1526388975.919008157	179	40	60	0	1	1	2	-86	39157	2	4	1596	1478	87,75,87,75
1526388975.930757434	179	40	60	0	1	1	2	-86	39158	2	4	1596	1478	87,75,87,75
1526388975.942547656	179	40	60	0	1	1	2	-84	39159	2	4	1596	1478	87,75,87,75
1526388975.954280215	179	40	60	0	1	1	2	-84	39160	2	4	1596	1478	87,75,87,75
1526388975.966040111	179	40	60	0	1	1	2	-85	39161	2	4	1596	1478	87,75,87,75
1526388975.977718837	179	40	60	0	1	1	2	-85	39162	2	4	1596	1478	87,75,87,75
1526388975.989460365	179	40	60	0	1	1	2	-84	39163	2	4	1596	1478	87,75,87,75
1526388976.001320859	179	40	60	0	1	1	2	-84	39164	2	4	1596	1478	87,75,87,75
1526388976.013087551	179	40	60	0	1	1	2	-85	39165	2	4	1596	1478	87,75,87,75
1526388976.024746444	144	40	48	0	1	1	2	-84	39166	3	4	1596	1478	117,117
1526388976.036491793	144	40	48	0	1	1	2	-84	39167	3	4	1596	1478	117,117
1526388976.048362937	144	40	48	0	1	1	2	-84	39168	3	4	1596	1478	117,117
1526388976.060075506	144	40	48	0	1	1	2	-84	39169	3	4	1596	1478	117,117
1526388976.071764582	144	40	48	0	1	1	2	-84	39170	3	4	1596	1478	117,117
1526388976.084004714	144	40	48	0	1	1	2	-84	39171	3	4	1596	1478	117,117
1526388976.095292093	144	40	48	0	1	1	2	-84	39172	3	4	1596	1478	117,117
1526388976.107131273	144	40	48	0	1	1	2	-84	39173	3	4	1596	1478	117,117
1526388976.119471159	144	40	48	0	1	1	2	-85	39174	3	4	1596	1478	117,117
1526388976.131047740	144	40	48	0	1	1	2	-84	39175	3	4	1596	1478	117,117
1526388976.142924777	144	40	48	0	1	1	2	-85	39176	3	4	1596	1478	117,117
1526388976.154163452	144	40	48	0	1	1	2	-85	39177	3	4	1596	1478	117,117
1526388976.166330235	144	40	48	0	1	1	2	-85	39179	3	4	1596	1478	117,117
1526388976.177647757	144	40	48	0	1	1	2	-85	39180	3	4	1596	1478	117,117
1526388976.189361182	144	40	48	0	1	1	2	-84	39181	3	4	1596	1478	117,117
1526388976.201084214	144	40	48	0	1	1	2	-85	39182	3	4	1596	1478	117,117
1526388976.213376642	144	40	48	0	1	1	2	-85	39183	3	4	1596	1478	117,117
1526388976.224721173	144	40	48	0	1	1	2	-85	39184	3	4	1596	1478	117,117
1526388976.236490885	144	40	48	0	1	1	2	-85	39185	3	4	1596	1478	117,117
1526388976.248576892	144	40	48	0	1	1	2	-84	39186	3	4	1596	1478	117,117
1526388976.259997376	144	40	48	0	1	1	2	-84	39187	3	4	1596	1478	117,117
1526388976.271766588	144	40	48	0	1	1	2	-84	39188	3	4	1596	1478	117,117
1526388976.283451113	144	40	48	0	1	1	2	-84	39189	3	4	1596	1478	117,117
1526388976.295286536	144	40	48	0	1	1	2	-84	39190	3	4	1596	1478	117,117
1526388976.306940563	144	40	48	0	1	1	2	-84	39191	3	4	1596	1478	117,117
1526388976.318790898	144	40	48	0	1	1	2	-85	39192	3	4	1596	1478	117,117
1526388976.330546060	144	40	48	0	1	1	2	-84	39193	3	4	1596	1478	117,117
1526388976.342249931	144	40	48	0	1	1	2	-85	39194	3	4	1596	1478	117,117
1526388976.354041436	144	40	48	0	1	1	2	-84	39195	3	4	1596	1478	117,117
1526388976.365770592	144	40	48	0	1	1	2	-85	39196	3	4	1596	1478	117,117
1526388976.377503733	144	40	48	0	1	1	2	-84	39197	3	4	1596	1478	117,117
