1526396986.285175770	96	40	48	0	2	0	2	-54	57610	5	1	1596	1478	216,216
1526396986.285208734	96	40	48	0	2	0	2	-54	57610	5	1	1596	1478	216,216
1526396986.285216849	96	40	48	0	2	0	2	-54	57610	5	1	1596	1478	216,216
1526396986.285223473	96	40	48	0	2	0	2	-54	57610	5	1	1596	1478	216,216
1526396986.285231571	96	40	48	0	2	0	2	-54	57610	5	1	1596	1478	216,216
1526396986.285237308	96	40	48	0	2	0	2	-54	57610	5	1	1596	1478	216,216
1526396986.285244600	96	40	48	0	2	0	2	-54	57610	5	1	1596	1478	216,216
1526396986.285250725	96	40	48	0	2	0	2	-54	57610	5	1	1596	1478	216,216
1526396986.285262328	96	40	48	0	2	0	2	-54	57610	5	1	1596	1478	216,216
1526396986.285268995	96	40	48	0	2	0	2	-54	57610	5	1	1596	1478	216,216
1526396986.291718866	96	40	48	0	2	0	2	-55	57611	5	1	1596	1478	216,216
1526396986.303549933	96	40	48	0	2	0	2	-56	57612	5	1	1596	1478	216,216
1526396986.315369069	96	40	48	0	2	0	2	-56	57613	5	1	1596	1478	216,216
1526396986.327106970	90	40	48	0	2	0	2	-55	57614	6	1	1596	1478	243,243
1526396986.338972857	90	40	48	0	2	0	2	-54	57615	6	1	1596	1478	243,243
1526396986.350755450	90	40	48	0	2	0	2	-55	57616	6	1	1596	1478	243,243
1526396986.362498194	90	40	48	0	2	0	2	-56	57617	6	1	1596	1478	243,243
1526396986.374258813	90	40	48	0	2	0	2	-56	57618	6	1	1596	1478	243,243
1526396986.385996131	80	40	48	1	2	0	2	-55	57619	7	1	1596	1478	300,300
1526396986.397695695	80	40	48	1	2	0	2	-55	57620	7	1	1596	1478	300,300
1526396986.409503655	80	40	48	1	2	0	2	-55	57621	7	1	1596	1478	300,300
1526396986.421293987	80	40	48	1	2	0	2	-55	57622	7	1	1596	1478	300,300
1526396986.433064603	80	40	48	1	2	0	2	-54	57623	7	1	1596	1478	300,300
1526396986.444792624	74	40	48	1	2	0	2	-54	57624	8	1	1596	1478	360,360
1526396986.456552108	74	40	48	1	2	0	2	-54	57625	8	1	1596	1478	360,360
1526396986.468727325	74	40	48	1	2	0	2	-55	57626	8	1	1596	1478	360,360
1526396986.480081633	74	40	48	1	2	0	2	-54	57627	8	1	1596	1478	360,360
1526396986.491848546	74	40	48	1	2	0	2	-54	57628	8	1	1596	1478	360,360
1526396986.503581349	70	40	48	1	2	0	2	-54	57629	9	1	1596	1478	400,400
1526396986.515345615	70	40	48	1	2	0	2	-54	57630	9	1	1596	1478	400,400
1526396986.527123201	70	40	48	1	2	0	2	-54	57631	9	1	1596	1478	400,400
1526396986.538884330	70	40	48	1	2	0	2	-54	57632	9	1	1596	1478	400,400
1526396986.550608181	70	40	48	1	2	0	2	-55	57633	9	1	1596	1478	400,400
1526396986.562391725	70	40	48	1	2	0	2	-55	57634	9	1	1596	1478	400,400
1526396986.574157673	70	40	48	1	2	0	2	-55	57635	9	1	1596	1478	400,400
1526396986.585910285	70	40	48	1	2	0	2	-56	57636	9	1	1596	1478	400,400
1526396986.597681749	70	40	48	1	2	0	2	-56	57637	9	1	1596	1478	400,400
1526396986.609449180	70	40	48	1	2	0	2	-56	57638	9	1	1596	1478	400,400
1526396986.621182273	70	40	48	1	2	0	2	-56	57639	9	1	1596	1478	400,400
1526396986.632959394	70	40	48	1	2	0	2	-55	57640	9	1	1596	1478	400,400
1526396986.644757617	70	40	48	1	2	0	2	-55	57641	9	1	1596	1478	400,400
1526396986.656457864	70	40	48	1	2	0	2	-55	57642	9	1	1596	1478	400,400
1526396986.668147572	70	40	48	1	2	0	2	-56	57643	9	1	1596	1478	400,400
1526396986.680009224	70	40	48	1	2	0	2	-57	57644	9	1	1596	1478	400,400
1526396986.691757645	70	40	48	1	2	0	2	-55	57645	9	1	1596	1478	400,400
1526396986.703516648	70	40	48	1	2	0	2	-54	57646	9	1	1596	1478	400,400
1526396986.715264915	70	40	48	1	2	0	2	-54	57647	9	1	1596	1478	400,400
1526396986.727050235	70	40	48	1	2	0	2	-54	57648	9	1	1596	1478	400,400
1526396986.739273056	70	40	48	1	2	0	2	-53	57649	9	1	1596	1478	400,400
1526396986.750564103	70	40	48	1	2	0	2	-53	57650	9	1	1596	1478	400,400
1526396986.762298582	70	40	48	1	2	0	2	-54	57651	9	1	1596	1478	400,400
1526396986.774001073	70	40	48	1	2	0	2	-53	57652	9	1	1596	1478	400,400
1526396986.785742068	70	40	48	1	2	0	2	-53	57653	9	1	1596	1478	400,400
1526396986.797606065	70	40	48	1	2	0	2	-54	57654	9	1	1596	1478	400,400
1526396986.809364465	70	40	48	1	2	0	2	-55	57655	9	1	1596	1478	400,400
1526396986.821110851	70	40	48	1	2	0	2	-55	57656	9	1	1596	1478	400,400
1526396986.832890688	70	40	48	1	2	0	2	-55	57657	9	1	1596	1478	400,400
1526396986.844874898	70	40	48	1	2	0	2	-54	57658	9	1	1596	1478	400,400
1526396986.856334470	70	40	48	1	2	0	2	-54	57659	9	1	1596	1478	400,400
1526396986.868157165	70	40	48	1	2	0	2	-54	57660	9	1	1596	1478	400,400
1526396986.879927129	70	40	48	1	2	0	2	-55	57661	9	1	1596	1478	400,400
1526396986.891686024	70	40	48	1	2	0	2	-57	57662	9	1	1596	1478	400,400
1526396986.903423096	70	40	48	1	2	0	2	-57	57663	9	1	1596	1478	400,400
1526396986.915191582	70	40	48	1	2	0	2	-57	57664	9	1	1596	1478	400,400
1526396986.926957830	70	40	48	1	2	0	2	-57	57665	9	1	1596	1478	400,400
1526396986.938623353	70	40	48	1	2	0	2	-56	57666	9	1	1596	1478	400,400
1526396986.950396785	70	40	48	1	2	0	2	-55	57667	9	1	1596	1478	400,400
1526396986.962217644	70	40	48	1	2	0	2	-55	57668	9	1	1596	1478	400,400
1526396986.973986152	70	40	48	1	2	0	2	-55	57669	9	1	1596	1478	400,400
1526396986.985746915	70	40	48	1	2	0	2	-55	57670	9	1	1596	1478	400,400
1526396986.997713796	70	40	48	1	2	0	2	-55	57671	9	1	1596	1478	400,400
1526396987.009314757	70	40	48	1	2	0	2	-56	57672	9	1	1596	1478	400,400
1526396987.021021029	70	40	48	1	2	0	2	-57	57673	9	1	1596	1478	400,400
1526396987.032689011	70	40	48	1	2	0	2	-57	57674	9	1	1596	1478	400,400
1526396987.044534357	70	40	48	1	2	0	2	-55	57675	9	1	1596	1478	400,400
1526396987.056328960	70	40	48	1	2	0	2	-54	57676	9	1	1596	1478	400,400
1526396987.068072433	70	40	48	1	2	0	2	-53	57677	9	1	1596	1478	400,400
1526396987.079821967	70	40	48	1	2	0	2	-54	57678	9	1	1596	1478	400,400
1526396987.091603301	70	40	48	1	2	0	2	-54	57679	9	1	1596	1478	400,400
1526396987.103131654	70	40	48	1	2	0	2	-55	57680	9	1	1596	1478	400,400
1526396987.114990760	70	40	48	1	2	0	2	-55	57681	9	1	1596	1478	400,400
1526396987.126749528	70	40	48	1	2	0	2	-55	57682	9	1	1596	1478	400,400
1526396987.138501551	70	40	48	1	2	0	2	-56	57683	9	1	1596	1478	400,400
1526396987.150199506	70	40	48	1	2	0	2	-55	57684	9	1	1596	1478	400,400
1526396987.161935504	70	40	48	1	2	0	2	-55	57685	9	1	1596	1478	400,400
1526396987.173695967	70	40	48	1	2	0	2	-55	57686	9	1	1596	1478	400,400
1526396987.185454442	70	40	48	1	2	0	2	-55	57687	9	1	1596	1478	400,400
1526396987.197208269	70	40	48	1	2	0	2	-55	57688	9	1	1596	1478	400,400
1526396987.208960904	70	40	48	1	2	0	2	-56	57689	9	1	1596	1478	400,400
1526396987.220733479	70	40	48	1	2	0	2	-56	57690	9	1	1596	1478	400,400
1526396987.232466693	70	40	48	1	2	0	2	-56	57691	9	1	1596	1478	400,400
1526396987.244233981	70	40	48	1	2	0	2	-56	57692	9	1	1596	1478	400,400
1526396987.256027455	70	40	48	1	2	0	2	-55	57693	9	1	1596	1478	400,400
1526396987.267765332	70	40	48	1	2	0	2	-55	57694	9	1	1596	1478	400,400
1526396987.279513810	70	40	48	1	2	0	2	-55	57695	9	1	1596	1478	400,400
1526396987.291380161	70	40	48	1	2	0	2	-55	57696	9	1	1596	1478	400,400
1526396987.303106819	70	40	48	1	2	0	2	-55	57697	9	1	1596	1478	400,400
1526396987.314837410	70	40	48	1	2	0	2	-56	57698	9	1	1596	1478	400,400
1526396987.326678342	70	40	48	1	2	0	2	-56	57699	9	1	1596	1478	400,400
1526396987.338452866	70	40	48	1	2	0	2	-56	57700	9	1	1596	1478	400,400
1526396987.350109947	70	40	48	1	2	0	2	-55	57701	9	1	1596	1478	400,400
1526396987.361980706	70	40	48	1	2	0	2	-55	57702	9	1	1596	1478	400,400
1526396987.373839842	70	40	48	1	2	0	2	-55	57703	9	1	1596	1478	400,400
1526396987.385612288	70	40	48	1	2	0	2	-55	57704	9	1	1596	1478	400,400
1526396987.397387354	70	40	48	1	2	0	2	-56	57705	9	1	1596	1478	400,400
1526396987.409125989	70	40	48	1	2	0	2	-57	57706	9	1	1596	1478	400,400
1526396987.420883887	70	40	48	1	2	0	2	-57	57707	9	1	1596	1478	400,400
1526396987.432535338	70	40	48	1	2	0	2	-57	57708	9	1	1596	1478	400,400
1526396987.444369594	70	40	48	1	2	0	2	-56	57709	9	1	1596	1478	400,400
1526396987.457481534	70	40	48	1	2	0	2	-55	57710	9	1	1596	1478	400,400
1526396987.467909778	70	40	48	1	2	0	2	-55	57711	9	1	1596	1478	400,400
1526396987.479722312	70	40	48	1	2	0	2	-54	57712	9	1	1596	1478	400,400
1526396987.491429734	70	40	48	1	2	0	2	-54	57713	9	1	1596	1478	400,400
1526396987.503089117	70	40	48	1	2	0	2	-55	57714	9	1	1596	1478	400,400
1526396987.514955690	70	40	48	1	2	0	2	-56	57715	9	1	1596	1478	400,400
1526396987.526728249	70	40	48	1	2	0	2	-56	57716	9	1	1596	1478	400,400
1526396987.538474244	70	40	48	1	2	0	2	-56	57717	9	1	1596	1478	400,400
1526396987.550237420	70	40	48	1	2	0	2	-56	57718	9	1	1596	1478	400,400
1526396987.562013292	70	40	48	1	2	0	2	-56	57719	9	1	1596	1478	400,400
1526396987.573776706	70	40	48	1	2	0	2	-56	57720	9	1	1596	1478	400,400
1526396987.585523111	70	40	48	1	2	0	2	-55	57721	9	1	1596	1478	400,400
1526396987.597266932	70	40	48	1	2	0	2	-55	57722	9	1	1596	1478	400,400
1526396987.608968135	70	40	48	1	2	0	2	-55	57723	9	1	1596	1478	400,400
1526396987.620797221	70	40	48	1	2	0	2	-55	57724	9	1	1596	1478	400,400
1526396987.632541900	70	40	48	1	2	0	2	-55	57725	9	1	1596	1478	400,400
1526396987.644292250	70	40	48	1	2	0	2	-55	57726	9	1	1596	1478	400,400
1526396987.656057063	70	40	48	1	2	0	2	-56	57727	9	1	1596	1478	400,400
1526396987.667870452	70	40	48	1	2	0	2	-56	57728	9	1	1596	1478	400,400
1526396987.679603470	70	40	48	1	2	0	2	-56	57729	9	1	1596	1478	400,400
1526396987.691360346	70	40	48	1	2	0	2	-56	57730	9	1	1596	1478	400,400
1526396987.691544987	70	40	48	1	2	0	2	-56	57731	9	1	1596	1478	400,400
1526396987.703124153	70	40	48	1	2	0	2	-56	57732	9	1	1596	1478	400,400
1526396987.714913230	70	40	48	1	2	0	2	-56	57733	9	1	1596	1478	400,400
1526396987.726645662	70	40	48	1	2	0	2	-55	57734	9	1	1596	1478	400,400
1526396987.738404047	70	40	48	1	2	0	2	-55	57735	9	1	1596	1478	400,400
1526396987.750146604	70	40	48	1	2	0	2	-55	57736	9	1	1596	1478	400,400
1526396987.761835309	70	40	48	1	2	0	2	-55	57737	9	1	1596	1478	400,400
1526396987.762031239	70	40	48	1	2	0	2	-55	57738	9	1	1596	1478	400,400
1526396987.773679453	70	40	48	1	2	0	2	-56	57739	9	1	1596	1478	400,400
1526396987.785438207	70	40	48	1	2	0	2	-56	57740	9	1	1596	1478	400,400
1526396987.797181215	70	40	48	1	2	0	2	-57	57741	9	1	1596	1478	400,400
1526396987.808951860	70	40	48	1	2	0	2	-57	57742	9	1	1596	1478	400,400
1526396987.820698244	70	40	48	1	2	0	2	-56	57743	9	1	1596	1478	400,400
1526396987.832456054	70	40	48	1	2	0	2	-55	57744	9	1	1596	1478	400,400
1526396987.844240506	70	40	48	1	2	0	2	-55	57745	9	1	1596	1478	400,400
1526396987.855987803	70	40	48	1	2	0	2	-55	57746	9	1	1596	1478	400,400
1526396987.867650489	70	40	48	1	2	0	2	-55	57747	9	1	1596	1478	400,400
1526396987.879521281	70	40	48	1	2	0	2	-55	57748	9	1	1596	1478	400,400
1526396987.891258369	70	40	48	1	2	0	2	-55	57749	9	1	1596	1478	400,400
1526396987.903022828	70	40	48	1	2	0	2	-54	57750	9	1	1596	1478	400,400
1526396987.914723438	70	40	48	1	2	0	2	-54	57751	9	1	1596	1478	400,400
1526396987.926550516	70	40	48	1	2	0	2	-55	57752	9	1	1596	1478	400,400
1526396987.938178390	70	40	48	1	2	0	2	-55	57753	9	1	1596	1478	400,400
1526396987.949926873	70	40	48	1	2	0	2	-55	57754	9	1	1596	1478	400,400
1526396987.961823251	70	40	48	1	2	0	2	-55	57755	9	1	1596	1478	400,400
1526396987.973547398	70	40	48	1	2	0	2	-55	57756	9	1	1596	1478	400,400
1526396987.985404770	70	40	48	1	2	0	2	-55	57757	9	1	1596	1478	400,400
1526396987.997194951	70	40	48	1	2	0	2	-54	57758	9	1	1596	1478	400,400
1526396988.008944637	70	40	48	1	2	0	2	-54	57759	9	1	1596	1478	400,400
1526396988.020672865	70	40	48	1	2	0	2	-54	57760	9	1	1596	1478	400,400
1526396988.032350931	70	40	48	1	2	0	2	-54	57761	9	1	1596	1478	400,400
1526396988.044084685	70	40	48	1	2	0	2	-54	57762	9	1	1596	1478	400,400
1526396988.055977458	70	40	48	1	2	0	2	-54	57763	9	1	1596	1478	400,400
1526396988.067643039	70	40	48	1	2	0	2	-54	57764	9	1	1596	1478	400,400
1526396988.079398694	70	40	48	1	2	0	2	-54	57765	9	1	1596	1478	400,400
1526396988.091200244	70	40	48	1	2	0	2	-54	57766	9	1	1596	1478	400,400
1526396988.102990981	70	40	48	1	2	0	2	-54	57767	9	1	1596	1478	400,400
1526396988.114746304	70	40	48	1	2	0	2	-53	57768	9	1	1596	1478	400,400
1526396988.126427865	70	40	48	1	2	0	2	-53	57769	9	1	1596	1478	400,400
1526396988.138608686	70	40	48	1	2	0	2	-53	57770	9	1	1596	1478	400,400
1526396988.150008426	70	40	48	1	2	0	2	-53	57771	9	1	1596	1478	400,400
1526396988.161816454	70	40	48	1	2	0	2	-54	57772	9	1	1596	1478	400,400
1526396988.173566163	70	40	48	1	2	0	2	-54	57773	9	1	1596	1478	400,400
1526396988.185320379	70	40	48	1	2	0	2	-54	57774	9	1	1596	1478	400,400
1526396988.196859267	70	40	48	1	2	0	2	-54	57775	9	1	1596	1478	400,400
1526396988.208591969	70	40	48	1	2	0	2	-55	57776	9	1	1596	1478	400,400
1526396988.220413607	70	40	48	1	2	0	2	-56	57777	9	1	1596	1478	400,400
1526396988.232265065	70	40	48	1	2	0	2	-56	57778	9	1	1596	1478	400,400
1526396988.243922587	70	40	48	1	2	0	2	-57	57779	9	1	1596	1478	400,400
1526396988.255812653	70	40	48	1	2	0	2	-56	57780	9	1	1596	1478	400,400
1526396988.267581483	70	40	48	1	2	0	2	-56	57781	9	1	1596	1478	400,400
1526396988.279359231	70	40	48	1	2	0	2	-54	57782	9	1	1596	1478	400,400
1526396988.291119814	70	40	48	1	2	0	2	-54	57783	9	1	1596	1478	400,400
1526396988.302869187	70	40	48	1	2	0	2	-54	57784	9	1	1596	1478	400,400
1526396988.314630465	70	40	48	1	2	0	2	-54	57785	9	1	1596	1478	400,400
1526396988.326310261	70	40	48	1	2	0	2	-55	57786	9	1	1596	1478	400,400
1526396988.338149621	70	40	48	1	2	0	2	-55	57787	9	1	1596	1478	400,400
1526396988.349925395	70	40	48	1	2	0	2	-55	57788	9	1	1596	1478	400,400
1526396988.361646306	70	40	48	1	2	0	2	-54	57789	9	1	1596	1478	400,400
1526396988.373435169	70	40	48	1	2	0	2	-54	57790	9	1	1596	1478	400,400
1526396988.385072672	70	40	48	1	2	0	2	-54	57791	9	1	1596	1478	400,400
1526396988.396856852	70	40	48	1	2	0	2	-54	57792	9	1	1596	1478	400,400
1526396988.408703330	70	40	48	1	2	0	2	-54	57793	9	1	1596	1478	400,400
1526396988.420467842	70	40	48	1	2	0	2	-54	57794	9	1	1596	1478	400,400
1526396988.432130745	70	40	48	1	2	0	2	-55	57795	9	1	1596	1478	400,400
1526396988.443980138	70	40	48	1	2	0	2	-56	57796	9	1	1596	1478	400,400
1526396988.455759791	70	40	48	1	2	0	2	-57	57797	9	1	1596	1478	400,400
1526396988.467495164	70	40	48	1	2	0	2	-57	57798	9	1	1596	1478	400,400
1526396988.480602197	70	40	48	1	2	0	2	-57	57799	9	1	1596	1478	400,400
1526396988.491019137	70	40	48	1	2	0	2	-56	57800	9	1	1596	1478	400,400
1526396988.502795873	70	40	48	1	2	0	2	-55	57801	9	1	1596	1478	400,400
1526396988.514550069	70	40	48	1	2	0	2	-54	57802	9	1	1596	1478	400,400
1526396988.526321482	70	40	48	1	2	0	2	-54	57803	9	1	1596	1478	400,400
1526396988.538498354	70	40	48	1	2	0	2	-54	57804	9	1	1596	1478	400,400
1526396988.549842301	70	40	48	1	2	0	2	-54	57805	9	1	1596	1478	400,400
1526396988.561583398	70	40	48	1	2	0	2	-55	57806	9	1	1596	1478	400,400
1526396988.573359625	70	40	48	1	2	0	2	-55	57807	9	1	1596	1478	400,400
1526396988.585152245	70	40	48	1	2	0	2	-55	57808	9	1	1596	1478	400,400
1526396988.596876144	70	40	48	1	2	0	2	-55	57809	9	1	1596	1478	400,400
1526396988.608659095	70	40	48	1	2	0	2	-54	57810	9	1	1596	1478	400,400
1526396988.620407658	70	40	48	1	2	0	2	-55	57811	9	1	1596	1478	400,400
1526396988.632161703	70	40	48	1	2	0	2	-55	57812	9	1	1596	1478	400,400
1526396988.643845369	70	40	48	1	2	0	2	-54	57813	9	1	1596	1478	400,400
1526396988.655662497	70	40	48	1	2	0	2	-53	57814	9	1	1596	1478	400,400
1526396988.667439486	70	40	48	1	2	0	2	-52	57815	9	1	1596	1478	400,400
1526396988.679195194	70	40	48	1	2	0	2	-52	57816	9	1	1596	1478	400,400
1526396988.690973939	70	40	48	1	2	0	2	-53	57817	9	1	1596	1478	400,400
1526396988.702728175	70	40	48	1	2	0	2	-53	57818	9	1	1596	1478	400,400
1526396988.714465289	70	40	48	1	2	0	2	-54	57819	9	1	1596	1478	400,400
1526396988.726238709	70	40	48	1	2	0	2	-55	57820	9	1	1596	1478	400,400
1526396988.738480390	70	40	48	1	2	0	2	-56	57821	9	1	1596	1478	400,400
1526396988.749754509	70	40	48	1	2	0	2	-57	57822	9	1	1596	1478	400,400
1526396988.761534803	70	40	48	1	2	0	2	-58	57823	9	1	1596	1478	400,400
1526396988.773271530	70	40	48	1	2	0	2	-57	57824	9	1	1596	1478	400,400
1526396988.785042499	70	40	48	1	2	0	2	-57	57825	9	1	1596	1478	400,400
1526396988.796820168	70	40	48	1	2	0	2	-56	57826	9	1	1596	1478	400,400
1526396988.808534954	70	40	48	1	2	0	2	-56	57827	9	1	1596	1478	400,400
1526396988.820293375	70	40	48	1	2	0	2	-55	57828	9	1	1596	1478	400,400
1526396988.832079880	70	40	48	1	2	0	2	-55	57829	9	1	1596	1478	400,400
1526396988.843832605	70	40	48	1	2	0	2	-54	57830	9	1	1596	1478	400,400
1526396988.855590421	70	40	48	1	2	0	2	-55	57831	9	1	1596	1478	400,400
1526396988.867371004	70	40	48	1	2	0	2	-55	57832	9	1	1596	1478	400,400
1526396988.879109290	70	40	48	1	2	0	2	-55	57833	9	1	1596	1478	400,400
1526396988.890752502	70	40	48	1	2	0	2	-56	57834	9	1	1596	1478	400,400
1526396988.902549102	70	40	48	1	2	0	2	-56	57835	9	1	1596	1478	400,400
1526396988.914299669	70	40	48	1	2	0	2	-55	57836	9	1	1596	1478	400,400
1526396988.926148205	70	40	48	1	2	0	2	-56	57837	9	1	1596	1478	400,400
1526396988.937834788	70	40	48	1	2	0	2	-56	57838	9	1	1596	1478	400,400
1526396988.949580540	70	40	48	1	2	0	2	-56	57839	9	1	1596	1478	400,400
1526396988.961412202	70	40	48	1	2	0	2	-57	57840	9	1	1596	1478	400,400
1526396988.973116037	70	40	48	1	2	0	2	-58	57841	9	1	1596	1478	400,400
1526396988.984959971	70	40	48	1	2	0	2	-58	57842	9	1	1596	1478	400,400
1526396988.996748245	70	40	48	1	2	0	2	-57	57843	9	1	1596	1478	400,400
1526396989.008485593	70	40	48	1	2	0	2	-57	57844	9	1	1596	1478	400,400
1526396989.020214928	70	40	48	1	2	0	2	-56	57845	9	1	1596	1478	400,400
1526396989.031919796	70	40	48	1	2	0	2	-56	57846	9	1	1596	1478	400,400
1526396989.043672355	70	40	48	1	2	0	2	-56	57847	9	1	1596	1478	400,400
1526396989.055445780	70	40	48	1	2	0	2	-56	57848	9	1	1596	1478	400,400
1526396989.067162950	70	40	48	1	2	0	2	-56	57849	9	1	1596	1478	400,400
1526396989.078921651	70	40	48	1	2	0	2	-55	57850	9	1	1596	1478	400,400
1526396989.090652987	70	40	48	1	2	0	2	-55	57851	9	1	1596	1478	400,400
1526396989.102343894	70	40	48	1	2	0	2	-56	57852	9	1	1596	1478	400,400
1526396989.114084085	70	40	48	1	2	0	2	-56	57853	9	1	1596	1478	400,400
1526396989.125932079	70	40	48	1	2	0	2	-56	57854	9	1	1596	1478	400,400
1526396989.137693323	70	40	48	1	2	0	2	-56	57855	9	1	1596	1478	400,400
1526396989.149464907	70	40	48	1	2	0	2	-57	57856	9	1	1596	1478	400,400
1526396989.161216571	70	40	48	1	2	0	2	-57	57857	9	1	1596	1478	400,400
1526396989.173011446	70	40	48	1	2	0	2	-58	57858	9	1	1596	1478	400,400
1526396989.184620491	70	40	48	1	2	0	2	-58	57859	9	1	1596	1478	400,400
1526396989.196537327	70	40	48	1	2	0	2	-57	57860	9	1	1596	1478	400,400
1526396989.208270719	70	40	48	1	2	0	2	-57	57861	9	1	1596	1478	400,400
1526396989.220123706	70	40	48	1	2	0	2	-57	57862	9	1	1596	1478	400,400
1526396989.231915704	70	40	48	1	2	0	2	-56	57863	9	1	1596	1478	400,400
1526396989.243677561	70	40	48	1	2	0	2	-56	57864	9	1	1596	1478	400,400
1526396989.255386920	70	40	48	1	2	0	2	-56	57865	9	1	1596	1478	400,400
1526396989.267181108	70	40	48	1	2	0	2	-56	57866	9	1	1596	1478	400,400
1526396989.278949258	70	40	48	1	2	0	2	-57	57867	9	1	1596	1478	400,400
1526396989.290704584	70	40	48	1	2	0	2	-57	57868	9	1	1596	1478	400,400
1526396989.302494780	70	40	48	1	2	0	2	-57	57869	9	1	1596	1478	400,400
1526396989.314227313	70	40	48	1	2	0	2	-56	57870	9	1	1596	1478	400,400
1526396989.325999616	70	40	48	1	2	0	2	-56	57871	9	1	1596	1478	400,400
1526396989.337735086	70	40	48	1	2	0	2	-54	57872	9	1	1596	1478	400,400
1526396989.349543066	70	40	48	1	2	0	2	-54	57873	9	1	1596	1478	400,400
1526396989.361269906	70	40	48	1	2	0	2	-54	57874	9	1	1596	1478	400,400
1526396989.373022333	70	40	48	1	2	0	2	-55	57875	9	1	1596	1478	400,400
1526396989.384799525	70	40	48	1	2	0	2	-57	57876	9	1	1596	1478	400,400
1526396989.396551737	70	40	48	1	2	0	2	-57	57877	9	1	1596	1478	400,400
1526396989.408263565	70	40	48	1	2	0	2	-58	57878	9	1	1596	1478	400,400
1526396989.419971708	70	40	48	1	2	0	2	-56	57879	9	1	1596	1478	400,400
1526396989.431737296	70	40	48	1	2	0	2	-55	57880	9	1	1596	1478	400,400
1526396989.443578421	70	40	48	1	2	0	2	-54	57881	9	1	1596	1478	400,400
1526396989.455729998	70	40	48	1	2	0	2	-54	57882	9	1	1596	1478	400,400
1526396989.467093332	70	40	48	1	2	0	2	-54	57883	9	1	1596	1478	400,400
1526396989.478861865	70	40	48	1	2	0	2	-55	57884	9	1	1596	1478	400,400
1526396989.490609582	70	40	48	1	2	0	2	-55	57885	9	1	1596	1478	400,400
1526396989.502394371	70	40	48	1	2	0	2	-56	57886	9	1	1596	1478	400,400
1526396989.514168071	70	40	48	1	2	0	2	-56	57887	9	1	1596	1478	400,400
1526396989.525907402	70	40	48	1	2	0	2	-56	57888	9	1	1596	1478	400,400
1526396989.537666696	70	40	48	1	2	0	2	-55	57889	9	1	1596	1478	400,400
1526396989.549435034	70	40	48	1	2	0	2	-56	57890	9	1	1596	1478	400,400
1526396989.561194264	70	40	48	1	2	0	2	-56	57891	9	1	1596	1478	400,400
1526396989.572957567	70	40	48	1	2	0	2	-56	57892	9	1	1596	1478	400,400
1526396989.584520377	70	40	48	1	2	0	2	-57	57893	9	1	1596	1478	400,400
1526396989.596470829	70	40	48	1	2	0	2	-56	57894	9	1	1596	1478	400,400
1526396989.608250437	70	40	48	1	2	0	2	-55	57895	9	1	1596	1478	400,400
1526396989.619991505	70	40	48	1	2	0	2	-54	57896	9	1	1596	1478	400,400
1526396989.631739675	70	40	48	1	2	0	2	-54	57897	9	1	1596	1478	400,400
1526396989.643503787	70	40	48	1	2	0	2	-54	57898	9	1	1596	1478	400,400
1526396989.655274407	70	40	48	1	2	0	2	-54	57899	9	1	1596	1478	400,400
1526396989.667023165	70	40	48	1	2	0	2	-55	57900	9	1	1596	1478	400,400
1526396989.678800642	70	40	48	1	2	0	2	-55	57901	9	1	1596	1478	400,400
1526396989.690554770	70	40	48	1	2	0	2	-56	57902	9	1	1596	1478	400,400
1526396989.702320305	70	40	48	1	2	0	2	-57	57903	9	1	1596	1478	400,400
1526396989.714089855	70	40	48	1	2	0	2	-57	57904	9	1	1596	1478	400,400
1526396989.725833911	70	40	48	1	2	0	2	-58	57905	9	1	1596	1478	400,400
1526396989.737602737	70	40	48	1	2	0	2	-58	57906	9	1	1596	1478	400,400
1526396989.749328540	70	40	48	1	2	0	2	-57	57907	9	1	1596	1478	400,400
1526396989.761117540	70	40	48	1	2	0	2	-57	57908	9	1	1596	1478	400,400
1526396989.772882719	70	40	48	1	2	0	2	-57	57909	9	1	1596	1478	400,400
1526396989.784605737	70	40	48	1	2	0	2	-56	57910	9	1	1596	1478	400,400
1526396989.796391386	70	40	48	1	2	0	2	-56	57911	9	1	1596	1478	400,400
1526396989.808185598	70	40	48	1	2	0	2	-56	57912	9	1	1596	1478	400,400
1526396989.819854636	70	40	48	1	2	0	2	-55	57913	9	1	1596	1478	400,400
1526396989.831576552	70	40	48	1	2	0	2	-55	57914	9	1	1596	1478	400,400
1526396989.843395827	70	40	48	1	2	0	2	-55	57915	9	1	1596	1478	400,400
1526396989.855189320	70	40	48	1	2	0	2	-55	57916	9	1	1596	1478	400,400
1526396989.866936235	70	40	48	1	2	0	2	-55	57917	9	1	1596	1478	400,400
1526396989.878701324	70	40	48	1	2	0	2	-55	57918	9	1	1596	1478	400,400
1526396989.890470754	70	40	48	1	2	0	2	-55	57919	9	1	1596	1478	400,400
1526396989.902224454	70	40	48	1	2	0	2	-55	57920	9	1	1596	1478	400,400
1526396989.913924841	70	40	48	1	2	0	2	-55	57921	9	1	1596	1478	400,400
1526396989.925631760	70	40	48	1	2	0	2	-55	57922	9	1	1596	1478	400,400
1526396989.937444882	70	40	48	1	2	0	2	-55	57923	9	1	1596	1478	400,400
1526396989.949167452	70	40	48	1	2	0	2	-55	57924	9	1	1596	1478	400,400
1526396989.961032876	70	40	48	1	2	0	2	-55	57925	9	1	1596	1478	400,400
1526396989.972788611	70	40	48	1	2	0	2	-56	57926	9	1	1596	1478	400,400
1526396989.984544235	70	40	48	1	2	0	2	-56	57927	9	1	1596	1478	400,400
1526396989.996294566	70	40	48	1	2	0	2	-56	57928	9	1	1596	1478	400,400
1526396990.008027779	70	40	48	1	2	0	2	-56	57929	9	1	1596	1478	400,400
1526396990.019757231	70	40	48	1	2	0	2	-56	57930	9	1	1596	1478	400,400
1526396990.031397403	70	40	48	1	2	0	2	-56	57931	9	1	1596	1478	400,400
1526396990.043164674	70	40	48	1	2	0	2	-56	57932	9	1	1596	1478	400,400
1526396990.054995170	70	40	48	1	2	0	2	-55	57933	9	1	1596	1478	400,400
1526396990.066761016	70	40	48	1	2	0	2	-55	57934	9	1	1596	1478	400,400
1526396990.078428393	70	40	48	1	2	0	2	-55	57935	9	1	1596	1478	400,400
1526396990.090117786	70	40	48	1	2	0	2	-55	57936	9	1	1596	1478	400,400
1526396990.101922373	70	40	48	1	2	0	2	-55	57937	9	1	1596	1478	400,400
1526396990.113686750	70	40	48	1	2	0	2	-55	57938	9	1	1596	1478	400,400
1526396990.125461945	70	40	48	1	2	0	2	-55	57939	9	1	1596	1478	400,400
1526396990.137202644	70	40	48	1	2	0	2	-55	57940	9	1	1596	1478	400,400
1526396990.149037780	70	40	48	1	2	0	2	-56	57941	9	1	1596	1478	400,400
1526396990.160733680	70	40	48	1	2	0	2	-56	57942	9	1	1596	1478	400,400
1526396990.172593768	70	40	48	1	2	0	2	-56	57943	9	1	1596	1478	400,400
1526396990.184255057	70	40	48	1	2	0	2	-55	57944	9	1	1596	1478	400,400
1526396990.196108938	70	40	48	1	2	0	2	-55	57945	9	1	1596	1478	400,400
1526396990.207858874	70	40	48	1	2	0	2	-56	57946	9	1	1596	1478	400,400
1526396990.221275292	70	40	48	1	2	0	2	-56	57947	9	1	1596	1478	400,400
1526396990.231509501	70	40	48	1	2	0	2	-56	57948	9	1	1596	1478	400,400
1526396990.243247750	70	40	48	1	2	0	2	-56	57949	9	1	1596	1478	400,400
1526396990.255028252	70	40	48	1	2	0	2	-55	57950	9	1	1596	1478	400,400
1526396990.266791765	70	40	48	1	2	0	2	-55	57951	9	1	1596	1478	400,400
1526396990.278568706	70	40	48	1	2	0	2	-55	57952	9	1	1596	1478	400,400
1526396990.290309045	70	40	48	1	2	0	2	-55	57953	9	1	1596	1478	400,400
1526396990.301948808	70	40	48	1	2	0	2	-54	57954	9	1	1596	1478	400,400
1526396990.313813714	70	40	48	1	2	0	2	-53	57955	9	1	1596	1478	400,400
1526396990.325619656	70	40	48	1	2	0	2	-53	57956	9	1	1596	1478	400,400
1526396990.337344308	70	40	48	1	2	0	2	-53	57957	9	1	1596	1478	400,400
1526396990.349115298	70	40	48	1	2	0	2	-53	57958	9	1	1596	1478	400,400
1526396990.360867710	70	40	48	1	2	0	2	-53	57959	9	1	1596	1478	400,400
1526396990.372632372	70	40	48	1	2	0	2	-53	57960	9	1	1596	1478	400,400
1526396990.384327052	70	40	48	1	2	0	2	-52	57961	9	1	1596	1478	400,400
1526396990.396145165	70	40	48	1	2	0	2	-52	57962	9	1	1596	1478	400,400
1526396990.407897095	70	40	48	1	2	0	2	-52	57963	9	1	1596	1478	400,400
1526396990.419680039	70	40	48	1	2	0	2	-52	57964	9	1	1596	1478	400,400
1526396990.431376656	70	40	48	1	2	0	2	-52	57965	9	1	1596	1478	400,400
1526396990.443086334	70	40	48	1	2	0	2	-53	57966	9	1	1596	1478	400,400
1526396990.454959775	70	40	48	1	2	0	2	-53	57967	9	1	1596	1478	400,400
1526396990.466699680	70	40	48	1	2	0	2	-53	57968	9	1	1596	1478	400,400
1526396990.479452072	70	40	48	1	2	0	2	-52	57969	9	1	1596	1478	400,400
1526396990.490217750	70	40	48	1	2	0	2	-52	57970	9	1	1596	1478	400,400
1526396990.501977507	70	40	48	1	2	0	2	-52	57971	9	1	1596	1478	400,400
1526396990.513740494	70	40	48	1	2	0	2	-53	57972	9	1	1596	1478	400,400
1526396990.525501714	70	40	48	1	2	0	2	-54	57973	9	1	1596	1478	400,400
1526396990.537283198	70	40	48	1	2	0	2	-54	57974	9	1	1596	1478	400,400
1526396990.549034572	70	40	48	1	2	0	2	-54	57975	9	1	1596	1478	400,400
1526396990.560799701	70	40	48	1	2	0	2	-54	57976	9	1	1596	1478	400,400
1526396990.572564293	70	40	48	1	2	0	2	-54	57977	9	1	1596	1478	400,400
1526396990.584315802	70	40	48	1	2	0	2	-54	57978	9	1	1596	1478	400,400
1526396990.596067907	70	40	48	1	2	0	2	-54	57979	9	1	1596	1478	400,400
1526396990.607770097	70	40	48	1	2	0	2	-54	57980	9	1	1596	1478	400,400
1526396990.619606292	70	40	48	1	2	0	2	-55	57981	9	1	1596	1478	400,400
1526396990.631782341	70	40	48	1	2	0	2	-55	57982	9	1	1596	1478	400,400
1526396990.643111560	70	40	48	1	2	0	2	-55	57983	9	1	1596	1478	400,400
1526396990.654880402	70	40	48	1	2	0	2	-55	57984	9	1	1596	1478	400,400
1526396990.666651720	70	40	48	1	2	0	2	-54	57985	9	1	1596	1478	400,400
1526396990.678392734	70	40	48	1	2	0	2	-54	57986	9	1	1596	1478	400,400
1526396990.690137664	70	40	48	1	2	0	2	-55	57987	9	1	1596	1478	400,400
1526396990.701920168	70	40	48	1	2	0	2	-55	57988	9	1	1596	1478	400,400
1526396990.713683077	70	40	48	1	2	0	2	-55	57989	9	1	1596	1478	400,400
1526396990.725427393	70	40	48	1	2	0	2	-55	57990	9	1	1596	1478	400,400
1526396990.737209871	70	40	48	1	2	0	2	-55	57991	9	1	1596	1478	400,400
1526396990.748950996	70	40	48	1	2	0	2	-56	57992	9	1	1596	1478	400,400
1526396990.760671071	70	40	48	1	2	0	2	-55	57993	9	1	1596	1478	400,400
1526396990.772478756	70	40	48	1	2	0	2	-55	57994	9	1	1596	1478	400,400
1526396990.784258081	70	40	48	1	2	0	2	-55	57995	9	1	1596	1478	400,400
1526396990.795982975	70	40	48	1	2	0	2	-55	57996	9	1	1596	1478	400,400
1526396990.807761960	70	40	48	1	2	0	2	-55	57997	9	1	1596	1478	400,400
1526396990.819497651	70	40	48	1	2	0	2	-54	57998	9	1	1596	1478	400,400
1526396990.831280606	70	40	48	1	2	0	2	-55	57999	9	1	1596	1478	400,400
1526396990.843049767	70	40	48	1	2	0	2	-54	58000	9	1	1596	1478	400,400
1526396990.854792547	70	40	48	1	2	0	2	-54	58001	9	1	1596	1478	400,400
1526396990.866558606	70	40	48	1	2	0	2	-54	58002	9	1	1596	1478	400,400
1526396990.878309285	70	40	48	1	2	0	2	-54	58003	9	1	1596	1478	400,400
1526396990.890084193	70	40	48	1	2	0	2	-54	58004	9	1	1596	1478	400,400
1526396990.901826138	70	40	48	1	2	0	2	-54	58005	9	1	1596	1478	400,400
1526396990.913506061	70	40	48	1	2	0	2	-55	58006	9	1	1596	1478	400,400
1526396990.925350042	70	40	48	1	2	0	2	-55	58007	9	1	1596	1478	400,400
1526396990.937746556	70	40	48	1	2	0	2	-55	58008	9	1	1596	1478	400,400
1526396990.948880542	70	40	48	1	2	0	2	-55	58009	9	1	1596	1478	400,400
1526396990.960611450	70	40	48	1	2	0	2	-55	58010	9	1	1596	1478	400,400
1526396990.972386104	70	40	48	1	2	0	2	-55	58011	9	1	1596	1478	400,400
1526396990.984097574	70	40	48	1	2	0	2	-55	58012	9	1	1596	1478	400,400
1526396990.995794155	70	40	48	1	2	0	2	-55	58013	9	1	1596	1478	400,400
1526396991.007513523	70	40	48	1	2	0	2	-54	58014	9	1	1596	1478	400,400
1526396991.019384738	70	40	48	1	2	0	2	-54	58015	9	1	1596	1478	400,400
1526396991.031068337	70	40	48	1	2	0	2	-54	58016	9	1	1596	1478	400,400
1526396991.042877991	70	40	48	1	2	0	2	-54	58017	9	1	1596	1478	400,400
1526396991.054601216	70	40	48	1	2	0	2	-54	58018	9	1	1596	1478	400,400
1526396991.066384880	70	40	48	1	2	0	2	-54	58019	9	1	1596	1478	400,400
1526396991.078158283	70	40	48	1	2	0	2	-54	58020	9	1	1596	1478	400,400
1526396991.090013803	70	40	48	1	2	0	2	-54	58021	9	1	1596	1478	400,400
1526396991.101761192	70	40	48	1	2	0	2	-54	58022	9	1	1596	1478	400,400
1526396991.113508321	70	40	48	1	2	0	2	-55	58023	9	1	1596	1478	400,400
1526396991.125265494	70	40	48	1	2	0	2	-55	58024	9	1	1596	1478	400,400
1526396991.137031012	70	40	48	1	2	0	2	-55	58025	9	1	1596	1478	400,400
1526396991.148810247	70	40	48	1	2	0	2	-55	58026	9	1	1596	1478	400,400
1526396991.160569054	70	40	48	1	2	0	2	-56	58027	9	1	1596	1478	400,400
1526396991.172315753	70	40	48	1	2	0	2	-56	58028	9	1	1596	1478	400,400
1526396991.183676350	70	40	48	1	2	0	2	-57	58030	9	1	1596	1478	400,400
1526396991.196095020	70	40	48	1	2	0	2	-57	58031	9	1	1596	1478	400,400
1526396991.207481968	70	40	48	1	2	0	2	-57	58032	9	1	1596	1478	400,400
1526396991.219332787	70	40	48	1	2	0	2	-57	58033	9	1	1596	1478	400,400
1526396991.231127701	70	40	48	1	2	0	2	-57	58034	9	1	1596	1478	400,400
1526396991.242866204	70	40	48	1	2	0	2	-57	58035	9	1	1596	1478	400,400
1526396991.254656763	70	40	48	1	2	0	2	-57	58036	9	1	1596	1478	400,400
1526396991.266423633	70	40	48	1	2	0	2	-57	58037	9	1	1596	1478	400,400
1526396991.278159934	70	40	48	1	2	0	2	-56	58038	9	1	1596	1478	400,400
1526396991.289845249	70	40	48	1	2	0	2	-56	58039	9	1	1596	1478	400,400
1526396991.301660421	70	40	48	1	2	0	2	-56	58040	9	1	1596	1478	400,400
1526396991.313438940	70	40	48	1	2	0	2	-56	58041	9	1	1596	1478	400,400
1526396991.325195018	70	40	48	1	2	0	2	-56	58042	9	1	1596	1478	400,400
1526396991.336949333	70	40	48	1	2	0	2	-56	58043	9	1	1596	1478	400,400
1526396991.348713721	70	40	48	1	2	0	2	-56	58044	9	1	1596	1478	400,400
1526396991.360475746	70	40	48	1	2	0	2	-56	58045	9	1	1596	1478	400,400
1526396991.372110948	70	40	48	1	2	0	2	-56	58046	9	1	1596	1478	400,400
1526396991.383991353	70	40	48	1	2	0	2	-56	58047	9	1	1596	1478	400,400
1526396991.395753309	70	40	48	1	2	0	2	-56	58048	9	1	1596	1478	400,400
1526396991.407518939	70	40	48	1	2	0	2	-56	58049	9	1	1596	1478	400,400
1526396991.419266162	70	40	48	1	2	0	2	-56	58050	9	1	1596	1478	400,400
1526396991.431033997	70	40	48	1	2	0	2	-56	58051	9	1	1596	1478	400,400
1526396991.442714381	70	40	48	1	2	0	2	-56	58052	9	1	1596	1478	400,400
1526396991.454501162	70	40	48	1	2	0	2	-57	58053	9	1	1596	1478	400,400
1526396991.466318125	70	40	48	1	2	0	2	-56	58054	9	1	1596	1478	400,400
1526396991.478083397	70	40	48	1	2	0	2	-56	58055	9	1	1596	1478	400,400
1526396991.489820800	70	40	48	1	2	0	2	-56	58056	9	1	1596	1478	400,400
1526396991.501597086	70	40	48	1	2	0	2	-55	58057	9	1	1596	1478	400,400
1526396991.513396136	70	40	48	1	2	0	2	-55	58058	9	1	1596	1478	400,400
1526396991.525106574	70	40	48	1	2	0	2	-56	58059	9	1	1596	1478	400,400
1526396991.536794659	70	40	48	1	2	0	2	-56	58060	9	1	1596	1478	400,400
1526396991.548554453	70	40	48	1	2	0	2	-56	58061	9	1	1596	1478	400,400
1526396991.560492242	70	40	48	1	2	0	2	-56	58062	9	1	1596	1478	400,400
1526396991.572152241	70	40	48	1	2	0	2	-56	58063	9	1	1596	1478	400,400
1526396991.583796806	70	40	48	1	2	0	2	-55	58064	9	1	1596	1478	400,400
1526396991.595482673	70	40	48	1	2	0	2	-55	58065	9	1	1596	1478	400,400
1526396991.607424718	70	40	48	1	2	0	2	-55	58066	9	1	1596	1478	400,400
1526396991.619200506	70	40	48	1	2	0	2	-55	58067	9	1	1596	1478	400,400
1526396991.630950456	70	40	48	1	2	0	2	-55	58068	9	1	1596	1478	400,400
1526396991.642703379	70	40	48	1	2	0	2	-55	58069	9	1	1596	1478	400,400
1526396991.655263191	70	40	48	1	2	0	2	-54	58070	9	1	1596	1478	400,400
1526396991.666154849	70	40	48	1	2	0	2	-54	58071	9	1	1596	1478	400,400
1526396991.677988083	70	40	48	1	2	0	2	-54	58072	9	1	1596	1478	400,400
1526396991.689776264	70	40	48	1	2	0	2	-54	58073	9	1	1596	1478	400,400
1526396991.701544628	70	40	48	1	2	0	2	-55	58074	9	1	1596	1478	400,400
1526396991.713267236	70	40	48	1	2	0	2	-55	58075	9	1	1596	1478	400,400
1526396991.725021595	70	40	48	1	2	0	2	-54	58076	9	1	1596	1478	400,400
1526396991.736786556	70	40	48	1	2	0	2	-55	58077	9	1	1596	1478	400,400
1526396991.748536770	70	40	48	1	2	0	2	-55	58078	9	1	1596	1478	400,400
1526396991.760346781	70	40	48	1	2	0	2	-54	58079	9	1	1596	1478	400,400
1526396991.772077733	70	40	48	1	2	0	2	-54	58080	9	1	1596	1478	400,400
1526396991.783855235	70	40	48	1	2	0	2	-54	58081	9	1	1596	1478	400,400
1526396991.795601736	70	40	48	1	2	0	2	-55	58082	9	1	1596	1478	400,400
1526396991.808678133	74	40	48	1	2	0	2	-56	58087	8	1	1596	1478	360,360
1526396991.819123517	74	40	48	1	2	0	2	-56	58088	8	1	1596	1478	360,360
1526396991.830864869	74	40	48	1	2	0	2	-57	58089	8	1	1596	1478	360,360
1526396991.842630812	74	40	48	1	2	0	2	-57	58090	8	1	1596	1478	360,360
1526396991.854397394	74	40	48	1	2	0	2	-56	58091	8	1	1596	1478	360,360
1526396991.866176016	74	40	48	1	2	0	2	-55	58092	8	1	1596	1478	360,360
1526396991.877924123	74	40	48	1	2	0	2	-54	58093	8	1	1596	1478	360,360
1526396991.889680867	74	40	48	1	2	0	2	-54	58094	8	1	1596	1478	360,360
1526396991.901409007	74	40	48	0	2	0	2	-53	58095	9	1	1596	1478	360,360
1526396991.913401590	74	40	48	1	2	0	2	-54	58096	8	1	1596	1478	360,360
1526396991.924964718	74	40	48	1	2	0	2	-54	58097	8	1	1596	1478	360,360
1526396991.936714212	74	40	48	1	2	0	2	-54	58098	8	1	1596	1478	360,360
1526396991.948483381	74	40	48	1	2	0	2	-55	58099	8	1	1596	1478	360,360
1526396991.960085747	74	40	48	0	2	0	2	-55	58100	9	1	1596	1478	360,360
1526396991.971854303	74	40	48	1	2	0	2	-55	58101	8	1	1596	1478	360,360
1526396991.983561819	74	40	48	1	2	0	2	-55	58102	8	1	1596	1478	360,360
1526396991.995420540	74	40	48	1	2	0	2	-55	58103	8	1	1596	1478	360,360
1526396992.007163136	74	40	48	1	2	0	2	-55	58104	8	1	1596	1478	360,360
1526396992.018836004	74	40	48	0	2	0	2	-55	58105	9	1	1596	1478	360,360
1526396992.030565949	74	40	48	1	2	0	2	-54	58106	8	1	1596	1478	360,360
1526396992.042334619	74	40	48	1	2	0	2	-54	58107	8	1	1596	1478	360,360
1526396992.054083990	74	40	48	1	2	0	2	-54	58108	8	1	1596	1478	360,360
1526396992.065961249	74	40	48	1	2	0	2	-54	58109	8	1	1596	1478	360,360
1526396992.077706906	74	40	48	0	2	0	2	-54	58110	9	1	1596	1478	360,360
1526396992.089494909	70	40	48	1	2	0	2	-54	58111	9	1	1596	1478	400,400
1526396992.101214091	70	40	48	1	2	0	2	-54	58112	9	1	1596	1478	400,400
1526396992.112985062	70	40	48	1	2	0	2	-54	58113	9	1	1596	1478	400,400
1526396992.124732669	70	40	48	1	2	0	2	-54	58114	9	1	1596	1478	400,400
1526396992.136494967	70	40	48	1	2	0	2	-54	58115	9	1	1596	1478	400,400
1526396992.148280076	70	40	48	1	2	0	2	-54	58116	9	1	1596	1478	400,400
1526396992.160005759	70	40	48	1	2	0	2	-54	58117	9	1	1596	1478	400,400
1526396992.171798778	70	40	48	1	2	0	2	-54	58118	9	1	1596	1478	400,400
1526396992.183550711	70	40	48	1	2	0	2	-55	58119	9	1	1596	1478	400,400
1526396992.195376389	70	40	48	1	2	0	2	-55	58120	9	1	1596	1478	400,400
1526396992.207176079	70	40	48	1	2	0	2	-55	58121	9	1	1596	1478	400,400
1526396992.218887835	70	40	48	1	2	0	2	-56	58122	9	1	1596	1478	400,400
1526396992.230678069	70	40	48	1	2	0	2	-56	58123	9	1	1596	1478	400,400
1526396992.242473570	70	40	48	1	2	0	2	-56	58124	9	1	1596	1478	400,400
1526396992.254233064	70	40	48	1	2	0	2	-56	58125	9	1	1596	1478	400,400
1526396992.265987516	70	40	48	1	2	0	2	-56	58126	9	1	1596	1478	400,400
1526396992.277763347	70	40	48	1	2	0	2	-56	58127	9	1	1596	1478	400,400
1526396992.289505115	70	40	48	1	2	0	2	-56	58128	9	1	1596	1478	400,400
1526396992.301148835	70	40	48	1	2	0	2	-56	58129	9	1	1596	1478	400,400
1526396992.313029702	70	40	48	1	2	0	2	-55	58130	9	1	1596	1478	400,400
1526396992.324781211	70	40	48	1	2	0	2	-55	58131	9	1	1596	1478	400,400
1526396992.336552526	70	40	48	1	2	0	2	-55	58132	9	1	1596	1478	400,400
1526396992.348223590	70	40	48	1	2	0	2	-54	58133	9	1	1596	1478	400,400
1526396992.360391390	70	40	48	1	2	0	2	-54	58134	9	1	1596	1478	400,400
1526396992.371864237	70	40	48	1	2	0	2	-54	58135	9	1	1596	1478	400,400
1526396992.383486250	70	40	48	1	2	0	2	-54	58136	9	1	1596	1478	400,400
1526396992.395346197	70	40	48	1	2	0	2	-54	58137	9	1	1596	1478	400,400
1526396992.407119418	70	40	48	1	2	0	2	-54	58138	9	1	1596	1478	400,400
1526396992.418802093	70	40	48	1	2	0	2	-54	58139	9	1	1596	1478	400,400
1526396992.430617940	70	40	48	1	2	0	2	-54	58140	9	1	1596	1478	400,400
1526396992.442380515	70	40	48	1	2	0	2	-53	58141	9	1	1596	1478	400,400
1526396992.454128903	70	40	48	1	2	0	2	-53	58142	9	1	1596	1478	400,400
1526396992.465906390	70	40	48	1	2	0	2	-53	58143	9	1	1596	1478	400,400
1526396992.477627023	70	40	48	1	2	0	2	-53	58144	9	1	1596	1478	400,400
1526396992.489439321	70	40	48	1	2	0	2	-54	58145	9	1	1596	1478	400,400
1526396992.500993191	70	40	48	1	2	0	2	-54	58146	9	1	1596	1478	400,400
1526396992.512936564	70	40	48	1	2	0	2	-54	58147	9	1	1596	1478	400,400
1526396992.524718998	70	40	48	1	2	0	2	-54	58148	9	1	1596	1478	400,400
1526396992.536366934	70	40	48	1	2	0	2	-54	58149	9	1	1596	1478	400,400
1526396992.548143256	70	40	48	1	2	0	2	-54	58150	9	1	1596	1478	400,400
1526396992.559982306	70	40	48	1	2	0	2	-54	58151	9	1	1596	1478	400,400
1526396992.571687475	70	40	48	1	2	0	2	-54	58152	9	1	1596	1478	400,400
1526396992.583544413	70	40	48	1	2	0	2	-54	58153	9	1	1596	1478	400,400
1526396992.595269922	70	40	48	1	2	0	2	-54	58154	9	1	1596	1478	400,400
1526396992.607014086	70	40	48	1	2	0	2	-54	58155	9	1	1596	1478	400,400
1526396992.618782474	70	40	48	1	2	0	2	-55	58156	9	1	1596	1478	400,400
1526396992.630553286	70	40	48	1	2	0	2	-54	58157	9	1	1596	1478	400,400
1526396992.642310371	70	40	48	1	2	0	2	-55	58158	9	1	1596	1478	400,400
1526396992.654050871	70	40	48	1	2	0	2	-55	58159	9	1	1596	1478	400,400
1526396992.665831583	70	40	48	1	2	0	2	-55	58160	9	1	1596	1478	400,400
1526396992.678596962	70	40	48	1	2	0	2	-55	58161	9	1	1596	1478	400,400
1526396992.689363792	70	40	48	1	2	0	2	-55	58162	9	1	1596	1478	400,400
1526396992.700977730	70	40	48	1	2	0	2	-55	58163	9	1	1596	1478	400,400
1526396992.712894567	70	40	48	1	2	0	2	-55	58164	9	1	1596	1478	400,400
1526396992.724569400	70	40	48	1	2	0	2	-55	58165	9	1	1596	1478	400,400
1526396992.736397371	70	40	48	1	2	0	2	-55	58166	9	1	1596	1478	400,400
1526396992.748154418	70	40	48	1	2	0	2	-55	58167	9	1	1596	1478	400,400
1526396992.759924963	70	40	48	1	2	0	2	-55	58168	9	1	1596	1478	400,400
1526396992.771701427	70	40	48	1	2	0	2	-55	58169	9	1	1596	1478	400,400
1526396992.783396422	70	40	48	1	2	0	2	-55	58170	9	1	1596	1478	400,400
1526396992.795138396	70	40	48	1	2	0	2	-55	58171	9	1	1596	1478	400,400
1526396992.806926588	70	40	48	1	2	0	2	-56	58172	9	1	1596	1478	400,400
1526396992.818709779	70	40	48	1	2	0	2	-55	58173	9	1	1596	1478	400,400
1526396992.830481452	70	40	48	1	2	0	2	-55	58174	9	1	1596	1478	400,400
1526396992.842225303	70	40	48	1	2	0	2	-55	58175	9	1	1596	1478	400,400
1526396992.853984200	70	40	48	1	2	0	2	-55	58176	9	1	1596	1478	400,400
1526396992.865749693	70	40	48	1	2	0	2	-55	58177	9	1	1596	1478	400,400
1526396992.877447925	70	40	48	1	2	0	2	-55	58178	9	1	1596	1478	400,400
1526396992.889279954	70	40	48	1	2	0	2	-55	58179	9	1	1596	1478	400,400
1526396992.901029341	70	40	48	1	2	0	2	-56	58180	9	1	1596	1478	400,400
1526396992.912793371	70	40	48	1	2	0	2	-55	58181	9	1	1596	1478	400,400
1526396992.924547381	70	40	48	1	2	0	2	-55	58182	9	1	1596	1478	400,400
1526396992.936939332	70	40	48	1	2	0	2	-55	58183	9	1	1596	1478	400,400
1526396992.947986424	70	40	48	1	2	0	2	-55	58184	9	1	1596	1478	400,400
1526396992.959699761	70	40	48	1	2	0	2	-55	58185	9	1	1596	1478	400,400
1526396992.971467317	70	40	48	1	2	0	2	-55	58186	9	1	1596	1478	400,400
1526396992.983205309	70	40	48	1	2	0	2	-55	58187	9	1	1596	1478	400,400
1526396992.994927321	70	40	48	1	2	0	2	-55	58188	9	1	1596	1478	400,400
1526396993.006707747	70	40	48	1	2	0	2	-55	58189	9	1	1596	1478	400,400
1526396993.018549384	70	40	48	1	2	0	2	-54	58190	9	1	1596	1478	400,400
1526396993.030208222	70	40	48	1	2	0	2	-54	58191	9	1	1596	1478	400,400
1526396993.041927675	70	40	48	1	2	0	2	-54	58192	9	1	1596	1478	400,400
1526396993.053834810	70	40	48	1	2	0	2	-54	58193	9	1	1596	1478	400,400
1526396993.065589667	70	40	48	1	2	0	2	-54	58194	9	1	1596	1478	400,400
1526396993.077724828	70	40	48	1	2	0	2	-53	58195	9	1	1596	1478	400,400
1526396993.089698961	70	40	48	1	2	0	2	-53	58196	9	1	1596	1478	400,400
1526396993.100976680	70	40	48	1	2	0	2	-53	58197	9	1	1596	1478	400,400
1526396993.112652557	70	40	48	1	2	0	2	-53	58198	9	1	1596	1478	400,400
1526396993.124503295	70	40	48	1	2	0	2	-53	58199	9	1	1596	1478	400,400
1526396993.136392266	70	40	48	1	2	0	2	-53	58200	9	1	1596	1478	400,400
1526396993.148039042	70	40	48	1	2	0	2	-53	58201	9	1	1596	1478	400,400
1526396993.159793705	70	40	48	1	2	0	2	-53	58202	9	1	1596	1478	400,400
1526396993.171557546	70	40	48	1	2	0	2	-54	58203	9	1	1596	1478	400,400
1526396993.183316768	70	40	48	1	2	0	2	-54	58204	9	1	1596	1478	400,400
1526396993.195494662	70	40	48	1	2	0	2	-54	58205	9	1	1596	1478	400,400
1526396993.206689922	70	40	48	1	2	0	2	-55	58206	9	1	1596	1478	400,400
1526396993.218494395	70	40	48	1	2	0	2	-55	58207	9	1	1596	1478	400,400
1526396993.230161508	70	40	48	1	2	0	2	-55	58208	9	1	1596	1478	400,400
1526396993.242047972	70	40	48	1	2	0	2	-55	58209	9	1	1596	1478	400,400
1526396993.253736926	70	40	48	1	2	0	2	-55	58210	9	1	1596	1478	400,400
1526396993.265491231	70	40	48	1	2	0	2	-55	58211	9	1	1596	1478	400,400
1526396993.277339010	70	40	48	1	2	0	2	-55	58212	9	1	1596	1478	400,400
1526396993.289108208	70	40	48	1	2	0	2	-55	58213	9	1	1596	1478	400,400
1526396993.300904871	70	40	48	1	2	0	2	-55	58214	9	1	1596	1478	400,400
1526396993.312628084	70	40	48	1	2	0	2	-55	58215	9	1	1596	1478	400,400
1526396993.324271724	70	40	48	1	2	0	2	-55	58216	9	1	1596	1478	400,400
1526396993.336149036	70	40	48	1	2	0	2	-55	58217	9	1	1596	1478	400,400
1526396993.347882767	70	40	48	1	2	0	2	-54	58218	9	1	1596	1478	400,400
1526396993.359706781	70	40	48	1	2	0	2	-54	58219	9	1	1596	1478	400,400
1526396993.371413688	70	40	48	1	2	0	2	-54	58220	9	1	1596	1478	400,400
1526396993.383189245	70	40	48	1	2	0	2	-54	58221	9	1	1596	1478	400,400
1526396993.394960714	70	40	48	1	2	0	2	-54	58222	9	1	1596	1478	400,400
1526396993.406648666	70	40	48	1	2	0	2	-54	58223	9	1	1596	1478	400,400
1526396993.418462184	70	40	48	1	2	0	2	-54	58224	9	1	1596	1478	400,400
1526396993.430105246	70	40	48	1	2	0	2	-53	58225	9	1	1596	1478	400,400
1526396993.442005288	70	40	48	1	2	0	2	-53	58226	9	1	1596	1478	400,400
1526396993.453766383	70	40	48	1	2	0	2	-53	58227	9	1	1596	1478	400,400
1526396993.465534229	70	40	48	1	2	0	2	-54	58228	9	1	1596	1478	400,400
1526396993.477246763	70	40	48	1	2	0	2	-53	58229	9	1	1596	1478	400,400
1526396993.489028699	70	40	48	1	2	0	2	-53	58230	9	1	1596	1478	400,400
1526396993.500678844	70	40	48	1	2	0	2	-53	58231	9	1	1596	1478	400,400
1526396993.512556994	70	40	48	1	2	0	2	-54	58232	9	1	1596	1478	400,400
1526396993.524307509	70	40	48	1	2	0	2	-54	58233	9	1	1596	1478	400,400
1526396993.535940940	70	40	48	1	2	0	2	-54	58234	9	1	1596	1478	400,400
1526396993.547750089	70	40	48	1	2	0	2	-54	58235	9	1	1596	1478	400,400
1526396993.559565003	70	40	48	1	2	0	2	-55	58236	9	1	1596	1478	400,400
1526396993.571350134	70	40	48	1	2	0	2	-55	58237	9	1	1596	1478	400,400
1526396993.583099710	70	40	48	1	2	0	2	-55	58238	9	1	1596	1478	400,400
1526396993.594863508	70	40	48	1	2	0	2	-55	58239	9	1	1596	1478	400,400
1526396993.606653485	70	40	48	1	2	0	2	-55	58240	9	1	1596	1478	400,400
1526396993.618388710	70	40	48	1	2	0	2	-55	58241	9	1	1596	1478	400,400
1526396993.630076081	70	40	48	1	2	0	2	-55	58242	9	1	1596	1478	400,400
1526396993.641901945	70	40	48	1	2	0	2	-54	58243	9	1	1596	1478	400,400
1526396993.653995607	70	40	48	1	2	0	2	-54	58244	9	1	1596	1478	400,400
1526396993.665438204	70	40	48	1	2	0	2	-55	58245	9	1	1596	1478	400,400
1526396993.677164774	70	40	48	1	2	0	2	-54	58246	9	1	1596	1478	400,400
1526396993.688950784	70	40	48	1	2	0	2	-55	58247	9	1	1596	1478	400,400
1526396993.700655070	70	40	48	1	2	0	2	-55	58248	9	1	1596	1478	400,400
1526396993.712418160	70	40	48	1	2	0	2	-54	58249	9	1	1596	1478	400,400
1526396993.724236545	70	40	48	1	2	0	2	-55	58250	9	1	1596	1478	400,400
1526396993.735984089	70	40	48	1	2	0	2	-55	58251	9	1	1596	1478	400,400
1526396993.747780527	70	40	48	1	2	0	2	-55	58252	9	1	1596	1478	400,400
1526396993.759507303	70	40	48	1	2	0	2	-55	58253	9	1	1596	1478	400,400
1526396993.771259183	70	40	48	1	2	0	2	-55	58254	9	1	1596	1478	400,400
1526396993.783036062	70	40	48	1	2	0	2	-55	58255	9	1	1596	1478	400,400
1526396993.794696978	70	40	48	1	2	0	2	-55	58256	9	1	1596	1478	400,400
1526396993.806572401	70	40	48	1	2	0	2	-55	58257	9	1	1596	1478	400,400
1526396993.818315560	70	40	48	1	2	0	2	-55	58258	9	1	1596	1478	400,400
1526396993.829993657	70	40	48	1	2	0	2	-55	58259	9	1	1596	1478	400,400
1526396993.841835449	70	40	48	1	2	0	2	-55	58260	9	1	1596	1478	400,400
1526396993.853549685	70	40	48	1	2	0	2	-56	58261	9	1	1596	1478	400,400
1526396993.865322653	70	40	48	1	2	0	2	-56	58262	9	1	1596	1478	400,400
1526396993.877120275	70	40	48	1	2	0	2	-56	58263	9	1	1596	1478	400,400
1526396993.888789553	70	40	48	1	2	0	2	-56	58264	9	1	1596	1478	400,400
1526396993.900564360	70	40	48	1	2	0	2	-56	58265	9	1	1596	1478	400,400
1526396993.912324999	70	40	48	1	2	0	2	-56	58266	9	1	1596	1478	400,400
1526396993.924029251	70	40	48	1	2	0	2	-56	58267	9	1	1596	1478	400,400
1526396993.935797635	70	40	48	1	2	0	2	-56	58268	9	1	1596	1478	400,400
1526396993.947541835	70	40	48	1	2	0	2	-56	58269	9	1	1596	1478	400,400
1526396993.959236844	70	40	48	1	2	0	2	-56	58270	9	1	1596	1478	400,400
1526396993.970964324	70	40	48	1	2	0	2	-56	58271	9	1	1596	1478	400,400
1526396993.982718812	70	40	48	1	2	0	2	-56	58272	9	1	1596	1478	400,400
1526396993.994568499	70	40	48	1	2	0	2	-56	58273	9	1	1596	1478	400,400
1526396994.006340518	70	40	48	1	2	0	2	-56	58274	9	1	1596	1478	400,400
1526396994.018125495	70	40	48	1	2	0	2	-56	58275	9	1	1596	1478	400,400
1526396994.029861345	70	40	48	1	2	0	2	-55	58276	9	1	1596	1478	400,400
1526396994.041773250	70	40	48	1	2	0	2	-55	58277	9	1	1596	1478	400,400
1526396994.053509241	70	40	48	1	2	0	2	-55	58278	9	1	1596	1478	400,400
1526396994.065243044	70	40	48	1	2	0	2	-55	58279	9	1	1596	1478	400,400
1526396994.077021091	70	40	48	1	2	0	2	-55	58280	9	1	1596	1478	400,400
1526396994.088727115	70	40	48	1	2	0	2	-55	58281	9	1	1596	1478	400,400
1526396994.100476972	70	40	48	1	2	0	2	-55	58282	9	1	1596	1478	400,400
1526396994.112336952	70	40	48	1	2	0	2	-55	58283	9	1	1596	1478	400,400
1526396994.124081747	70	40	48	1	2	0	2	-55	58284	9	1	1596	1478	400,400
1526396994.135820476	70	40	48	1	2	0	2	-55	58285	9	1	1596	1478	400,400
1526396994.147564632	70	40	48	1	2	0	2	-54	58286	9	1	1596	1478	400,400
1526396994.159276818	70	40	48	1	2	0	2	-54	58287	9	1	1596	1478	400,400
1526396994.171131252	70	40	48	1	2	0	2	-54	58288	9	1	1596	1478	400,400
1526396994.182867868	70	40	48	1	2	0	2	-54	58289	9	1	1596	1478	400,400
1526396994.194617950	70	40	48	1	2	0	2	-54	58290	9	1	1596	1478	400,400
1526396994.207428843	70	40	48	1	2	0	2	-54	58293	9	1	1596	1478	400,400
1526396994.218552941	70	40	48	1	2	0	2	-54	58294	9	1	1596	1478	400,400
1526396994.230168706	70	40	48	1	2	0	2	-54	58296	9	1	1596	1478	400,400
1526396994.241650708	70	40	48	1	2	0	2	-54	58297	9	1	1596	1478	400,400
1526396994.254143919	70	40	48	1	2	0	2	-54	58300	9	1	1596	1478	400,400
1526396994.265463575	70	40	48	1	2	0	2	-54	58301	9	1	1596	1478	400,400
1526396994.277267751	70	40	48	1	2	0	2	-54	58303	9	1	1596	1478	400,400
1526396994.288704977	70	40	48	1	2	0	2	-54	58304	9	1	1596	1478	400,400
1526396994.300478743	70	40	48	1	2	0	2	-55	58305	9	1	1596	1478	400,400
1526396994.312159761	70	40	48	1	2	0	2	-54	58306	9	1	1596	1478	400,400
1526396994.324023532	70	40	48	1	2	0	2	-55	58307	9	1	1596	1478	400,400
1526396994.335748841	70	40	48	1	2	0	2	-55	58308	9	1	1596	1478	400,400
1526396994.347498534	70	40	48	1	2	0	2	-55	58309	9	1	1596	1478	400,400
1526396994.359273739	70	40	48	1	2	0	2	-55	58310	9	1	1596	1478	400,400
1526396994.371337443	70	40	48	1	2	0	2	-55	58311	9	1	1596	1478	400,400
1526396994.382713903	70	40	48	1	2	0	2	-55	58312	9	1	1596	1478	400,400
1526396994.394859576	70	40	48	1	2	0	2	-55	58314	9	1	1596	1478	400,400
1526396994.406303093	70	40	48	1	2	0	2	-55	58315	9	1	1596	1478	400,400
1526396994.419224289	70	40	48	1	2	0	2	-55	58316	9	1	1596	1478	400,400
1526396994.429837742	70	40	48	1	2	0	2	-55	58317	9	1	1596	1478	400,400
1526396994.441578453	70	40	48	1	2	0	2	-55	58318	9	1	1596	1478	400,400
1526396994.453355789	70	40	48	1	2	0	2	-55	58319	9	1	1596	1478	400,400
1526396994.465035205	70	40	48	1	2	0	2	-55	58320	9	1	1596	1478	400,400
1526396994.476864875	70	40	48	1	2	0	2	-55	58321	9	1	1596	1478	400,400
1526396994.488643628	70	40	48	1	2	0	2	-55	58322	9	1	1596	1478	400,400
1526396994.500385778	70	40	48	1	2	0	2	-55	58323	9	1	1596	1478	400,400
1526396994.512156102	70	40	48	1	2	0	2	-55	58324	9	1	1596	1478	400,400
1526396994.523799472	70	40	48	1	2	0	2	-55	58325	9	1	1596	1478	400,400
1526396994.535505253	70	40	48	1	2	0	2	-55	58326	9	1	1596	1478	400,400
1526396994.547366635	70	40	48	1	2	0	2	-55	58327	9	1	1596	1478	400,400
1526396994.559128488	70	40	48	1	2	0	2	-55	58328	9	1	1596	1478	400,400
1526396994.570948093	70	40	48	1	2	0	2	-55	58329	9	1	1596	1478	400,400
1526396994.582700192	70	40	48	1	2	0	2	-55	58330	9	1	1596	1478	400,400
1526396994.594466761	70	40	48	1	2	0	2	-55	58331	9	1	1596	1478	400,400
1526396994.606230234	70	40	48	1	2	0	2	-55	58332	9	1	1596	1478	400,400
1526396994.617941601	70	40	48	1	2	0	2	-55	58333	9	1	1596	1478	400,400
1526396994.629800447	70	40	48	1	2	0	2	-56	58334	9	1	1596	1478	400,400
1526396994.641547306	70	40	48	1	2	0	2	-56	58335	9	1	1596	1478	400,400
1526396994.653289965	70	40	48	1	2	0	2	-56	58336	9	1	1596	1478	400,400
1526396994.665021436	70	40	48	1	2	0	2	-56	58337	9	1	1596	1478	400,400
1526396994.676785601	70	40	48	1	2	0	2	-56	58338	9	1	1596	1478	400,400
1526396994.688432070	70	40	48	1	2	0	2	-56	58339	9	1	1596	1478	400,400
1526396994.700311163	70	40	48	1	2	0	2	-57	58340	9	1	1596	1478	400,400
1526396994.712075184	70	40	48	1	2	0	2	-57	58341	9	1	1596	1478	400,400
1526396994.723832021	70	40	48	1	2	0	2	-57	58342	9	1	1596	1478	400,400
1526396994.735604240	70	40	48	1	2	0	2	-57	58343	9	1	1596	1478	400,400
1526396994.747361045	70	40	48	1	2	0	2	-57	58344	9	1	1596	1478	400,400
1526396994.759114753	70	40	48	1	2	0	2	-57	58345	9	1	1596	1478	400,400
1526396994.770862484	70	40	48	1	2	0	2	-58	58346	9	1	1596	1478	400,400
1526396994.782637626	70	40	48	1	2	0	2	-58	58347	9	1	1596	1478	400,400
1526396994.794392160	70	40	48	1	2	0	2	-58	58348	9	1	1596	1478	400,400
1526396994.806145821	70	40	48	1	2	0	2	-58	58349	9	1	1596	1478	400,400
1526396994.817917805	70	40	48	1	2	0	2	-58	58350	9	1	1596	1478	400,400
1526396994.830177735	70	40	48	1	2	0	2	-58	58351	9	1	1596	1478	400,400
1526396994.841344337	70	40	48	1	2	0	2	-58	58352	9	1	1596	1478	400,400
1526396994.853174927	70	40	48	1	2	0	2	-58	58353	9	1	1596	1478	400,400
1526396994.864947475	70	40	48	1	2	0	2	-58	58354	9	1	1596	1478	400,400
1526396994.876665943	70	40	48	1	2	0	2	-58	58355	9	1	1596	1478	400,400
1526396994.888388029	70	40	48	1	2	0	2	-58	58356	9	1	1596	1478	400,400
1526396994.900122795	70	40	48	1	2	0	2	-58	58357	9	1	1596	1478	400,400
1526396994.911863156	70	40	48	1	2	0	2	-58	58358	9	1	1596	1478	400,400
1526396994.923627018	70	40	48	1	2	0	2	-58	58359	9	1	1596	1478	400,400
1526396994.935324709	70	40	48	1	2	0	2	-58	58360	9	1	1596	1478	400,400
1526396994.947045603	70	40	48	1	2	0	2	-58	58361	9	1	1596	1478	400,400
1526396994.958822802	70	40	48	1	2	0	2	-58	58362	9	1	1596	1478	400,400
1526396994.970561664	70	40	48	1	2	0	2	-57	58363	9	1	1596	1478	400,400
1526396994.982321349	70	40	48	1	2	0	2	-57	58364	9	1	1596	1478	400,400
1526396994.994080378	70	40	48	1	2	0	2	-57	58365	9	1	1596	1478	400,400
1526396995.005844885	70	40	48	1	2	0	2	-57	58366	9	1	1596	1478	400,400
1526396995.017612152	70	40	48	1	2	0	2	-57	58367	9	1	1596	1478	400,400
1526396995.029344358	70	40	48	1	2	0	2	-57	58368	9	1	1596	1478	400,400
1526396995.041119659	70	40	48	1	2	0	2	-57	58369	9	1	1596	1478	400,400
1526396995.052977970	70	40	48	1	2	0	2	-57	58370	9	1	1596	1478	400,400
1526396995.064750371	70	40	48	1	2	0	2	-57	58371	9	1	1596	1478	400,400
1526396995.076485124	70	40	48	1	2	0	2	-57	58372	9	1	1596	1478	400,400
1526396995.088267084	70	40	48	1	2	0	2	-57	58373	9	1	1596	1478	400,400
1526396995.100024792	70	40	48	1	2	0	2	-57	58374	9	1	1596	1478	400,400
1526396995.112246170	70	40	48	1	2	0	2	-57	58375	9	1	1596	1478	400,400
1526396995.123538305	70	40	48	1	2	0	2	-57	58376	9	1	1596	1478	400,400
1526396995.135164970	70	40	48	1	2	0	2	-57	58377	9	1	1596	1478	400,400
1526396995.146968188	70	40	48	1	2	0	2	-57	58378	9	1	1596	1478	400,400
1526396995.158730008	70	40	48	1	2	0	2	-57	58379	9	1	1596	1478	400,400
1526396995.170593417	70	40	48	1	2	0	2	-57	58380	9	1	1596	1478	400,400
1526396995.182339996	70	40	48	1	2	0	2	-57	58381	9	1	1596	1478	400,400
1526396995.194196205	70	40	48	1	2	0	2	-57	58382	9	1	1596	1478	400,400
1526396995.205904145	70	40	48	1	2	0	2	-57	58383	9	1	1596	1478	400,400
1526396995.217743332	70	40	48	1	2	0	2	-57	58384	9	1	1596	1478	400,400
1526396995.229530340	70	40	48	1	2	0	2	-57	58385	9	1	1596	1478	400,400
1526396995.241292047	70	40	48	1	2	0	2	-57	58386	9	1	1596	1478	400,400
1526396995.253036632	70	40	48	1	2	0	2	-56	58387	9	1	1596	1478	400,400
1526396995.264675141	70	40	48	1	2	0	2	-56	58388	9	1	1596	1478	400,400
1526396995.276573301	70	40	48	1	2	0	2	-56	58389	9	1	1596	1478	400,400
1526396995.288330200	70	40	48	1	2	0	2	-56	58390	9	1	1596	1478	400,400
1526396995.300072467	70	40	48	1	2	0	2	-56	58391	9	1	1596	1478	400,400
1526396995.311826433	70	40	48	1	2	0	2	-56	58392	9	1	1596	1478	400,400
1526396995.323590220	70	40	48	1	2	0	2	-56	58393	9	1	1596	1478	400,400
1526396995.335353415	70	40	48	1	2	0	2	-56	58394	9	1	1596	1478	400,400
1526396995.347151662	70	40	48	1	2	0	2	-56	58395	9	1	1596	1478	400,400
1526396995.358873339	70	40	48	1	2	0	2	-55	58396	9	1	1596	1478	400,400
1526396995.370535581	70	40	48	1	2	0	2	-56	58397	9	1	1596	1478	400,400
1526396995.382398866	70	40	48	1	2	0	2	-55	58398	9	1	1596	1478	400,400
1526396995.394603865	70	40	48	1	2	0	2	-55	58399	9	1	1596	1478	400,400
1526396995.405900003	70	40	48	1	2	0	2	-55	58400	9	1	1596	1478	400,400
1526396995.417668325	70	40	48	1	2	0	2	-55	58401	9	1	1596	1478	400,400
1526396995.429357157	70	40	48	1	2	0	2	-55	58402	9	1	1596	1478	400,400
1526396995.441197044	70	40	48	1	2	0	2	-55	58403	9	1	1596	1478	400,400
1526396995.452977965	70	40	48	1	2	0	2	-55	58404	9	1	1596	1478	400,400
1526396995.464722622	70	40	48	1	2	0	2	-55	58405	9	1	1596	1478	400,400
1526396995.476471448	70	40	48	1	2	0	2	-55	58406	9	1	1596	1478	400,400
1526396995.488242292	70	40	48	1	2	0	2	-55	58407	9	1	1596	1478	400,400
1526396995.500000349	70	40	48	1	2	0	2	-55	58408	9	1	1596	1478	400,400
1526396995.511753340	70	40	48	1	2	0	2	-55	58409	9	1	1596	1478	400,400
1526396995.523431998	70	40	48	1	2	0	2	-54	58410	9	1	1596	1478	400,400
1526396995.535141499	70	40	48	1	2	0	2	-55	58411	9	1	1596	1478	400,400
1526396995.546977590	70	40	48	1	2	0	2	-54	58412	9	1	1596	1478	400,400
1526396995.558709190	70	40	48	1	2	0	2	-54	58413	9	1	1596	1478	400,400
1526396995.570425146	70	40	48	1	2	0	2	-54	58414	9	1	1596	1478	400,400
1526396995.582266672	70	40	48	1	2	0	2	-54	58415	9	1	1596	1478	400,400
1526396995.594073707	70	40	48	1	2	0	2	-54	58416	9	1	1596	1478	400,400
1526396995.605848569	70	40	48	1	2	0	2	-54	58417	9	1	1596	1478	400,400
1526396995.617604523	70	40	48	1	2	0	2	-54	58418	9	1	1596	1478	400,400
1526396995.629264300	70	40	48	1	2	0	2	-54	58419	9	1	1596	1478	400,400
1526396995.641010686	70	40	48	1	2	0	2	-54	58420	9	1	1596	1478	400,400
1526396995.652791411	70	40	48	1	2	0	2	-54	58421	9	1	1596	1478	400,400
1526396995.664625698	70	40	48	1	2	0	2	-54	58422	9	1	1596	1478	400,400
1526396995.676390482	70	40	48	1	2	0	2	-54	58423	9	1	1596	1478	400,400
1526396995.688157842	70	40	48	1	2	0	2	-54	58424	9	1	1596	1478	400,400
1526396995.699910283	70	40	48	1	2	0	2	-54	58425	9	1	1596	1478	400,400
1526396995.711732596	70	40	48	1	2	0	2	-53	58426	9	1	1596	1478	400,400
1526396995.723432049	70	40	48	1	2	0	2	-53	58427	9	1	1596	1478	400,400
1526396995.735135320	70	40	48	1	2	0	2	-53	58428	9	1	1596	1478	400,400
1526396995.746977186	70	40	48	1	2	0	2	-53	58429	9	1	1596	1478	400,400
1526396995.758720602	70	40	48	1	2	0	2	-53	58430	9	1	1596	1478	400,400
1526396995.770479858	70	40	48	1	2	0	2	-53	58431	9	1	1596	1478	400,400
1526396995.782232919	70	40	48	1	2	0	2	-53	58432	9	1	1596	1478	400,400
1526396995.793948605	70	40	48	1	2	0	2	-54	58433	9	1	1596	1478	400,400
1526396995.805746479	70	40	48	1	2	0	2	-53	58434	9	1	1596	1478	400,400
1526396995.817521658	70	40	48	1	2	0	2	-53	58435	9	1	1596	1478	400,400
1526396995.829297160	70	40	48	1	2	0	2	-53	58436	9	1	1596	1478	400,400
1526396995.841033626	70	40	48	1	2	0	2	-54	58437	9	1	1596	1478	400,400
1526396995.853124529	70	40	48	1	2	0	2	-53	58438	9	1	1596	1478	400,400
1526396995.864462692	70	40	48	1	2	0	2	-54	58439	9	1	1596	1478	400,400
1526396995.876192405	70	40	48	1	2	0	2	-54	58440	9	1	1596	1478	400,400
1526396995.887962494	70	40	48	1	2	0	2	-54	58441	9	1	1596	1478	400,400
1526396995.899712068	70	40	48	1	2	0	2	-54	58442	9	1	1596	1478	400,400
1526396995.911449969	70	40	48	1	2	0	2	-54	58443	9	1	1596	1478	400,400
1526396995.923247691	70	40	48	1	2	0	2	-54	58444	9	1	1596	1478	400,400
1526396995.934995205	70	40	48	1	2	0	2	-54	58445	9	1	1596	1478	400,400
1526396995.946778375	70	40	48	1	2	0	2	-54	58446	9	1	1596	1478	400,400
1526396995.958546059	70	40	48	1	2	0	2	-54	58447	9	1	1596	1478	400,400
1526396995.970286060	70	40	48	1	2	0	2	-54	58448	9	1	1596	1478	400,400
1526396995.982060127	70	40	48	1	2	0	2	-54	58449	9	1	1596	1478	400,400
1526396995.993811925	70	40	48	1	2	0	2	-54	58450	9	1	1596	1478	400,400
1526396996.005563040	70	40	48	1	2	0	2	-54	58451	9	1	1596	1478	400,400
1526396996.017387884	70	40	48	1	2	0	2	-54	58452	9	1	1596	1478	400,400
1526396996.029091028	70	40	48	1	2	0	2	-54	58453	9	1	1596	1478	400,400
1526396996.040866171	70	40	48	1	2	0	2	-54	58454	9	1	1596	1478	400,400
1526396996.052709260	70	40	48	1	2	0	2	-55	58455	9	1	1596	1478	400,400
1526396996.064413298	70	40	48	1	2	0	2	-55	58456	9	1	1596	1478	400,400
1526396996.076130340	70	40	48	1	2	0	2	-55	58457	9	1	1596	1478	400,400
1526396996.087989724	70	40	48	1	2	0	2	-55	58458	9	1	1596	1478	400,400
1526396996.099751838	70	40	48	1	2	0	2	-55	58459	9	1	1596	1478	400,400
1526396996.111687192	70	40	48	1	2	0	2	-55	58460	9	1	1596	1478	400,400
1526396996.123205910	70	40	48	1	2	0	2	-55	58461	9	1	1596	1478	400,400
1526396996.134913901	70	40	48	1	2	0	2	-55	58462	9	1	1596	1478	400,400
1526396996.146779978	70	40	48	1	2	0	2	-55	58463	9	1	1596	1478	400,400
1526396996.158550970	70	40	48	1	2	0	2	-55	58464	9	1	1596	1478	400,400
1526396996.170340276	70	40	48	1	2	0	2	-55	58465	9	1	1596	1478	400,400
1526396996.182076222	70	40	48	1	2	0	2	-55	58466	9	1	1596	1478	400,400
1526396996.193827810	70	40	48	1	2	0	2	-55	58467	9	1	1596	1478	400,400
