1532429322.830193727	158	40	48	0	2	0	2	-76	32478	5	0	1596	1478	104,104
1532429322.843090653	158	40	48	0	2	0	2	-75	32479	5	0	1596	1478	104,104
1532429322.854761853	158	40	48	0	2	0	2	-75	32480	5	0	1596	1478	104,104
1532429322.865614845	158	40	48	0	2	0	2	-75	32481	5	0	1596	1478	104,104
1532429322.878018344	158	40	48	0	2	0	2	-76	32483	5	0	1596	1478	104,104
1532429322.889211483	158	40	48	0	2	0	2	-76	32484	5	0	1596	1478	104,104
1532429322.901042121	158	40	48	0	2	0	2	-76	32485	5	0	1596	1478	104,104
1532429322.913165661	158	40	48	0	2	0	2	-76	32487	5	0	1596	1478	104,104
1532429322.924574813	158	40	48	0	2	0	2	-76	32488	5	0	1596	1478	104,104
1532429322.936339777	158	40	48	0	2	0	2	-76	32489	5	0	1596	1478	104,104
1532429322.948091321	158	40	48	0	2	0	2	-75	32490	5	0	1596	1478	104,104
1532429322.959762891	158	40	48	0	2	0	2	-76	32491	5	0	1596	1478	104,104
1532429322.971854307	158	40	48	0	2	0	2	-76	32492	5	0	1596	1478	104,104
1532429322.983312522	158	40	48	0	2	0	2	-75	32493	5	0	1596	1478	104,104
1532429322.995117933	158	40	48	0	2	0	2	-76	32494	5	0	1596	1478	104,104
1532429323.012418584	158	40	48	0	2	0	2	-76	32495	5	0	1596	1478	104,104
1532429323.022127584	158	40	48	0	2	0	2	-76	32497	5	0	1596	1478	104,104
1532429323.034574356	197	40	48	0	2	0	2	-76	32503	4	0	1596	1478	78,78
1532429323.042239010	197	40	48	0	2	0	2	-76	32504	4	0	1596	1478	78,78
1532429323.053902616	197	40	48	0	2	0	2	-76	32505	4	0	1596	1478	78,78
1532429323.065711448	197	40	48	0	2	0	2	-75	32506	4	0	1596	1478	78,78
1532429323.077485407	197	40	48	0	2	0	2	-75	32507	4	0	1596	1478	78,78
1532429323.089285232	197	40	48	0	2	0	2	-76	32508	4	0	1596	1478	78,78
1532429323.101011063	197	40	48	0	2	0	2	-76	32509	4	0	1596	1478	78,78
1532429323.112772598	197	40	48	0	2	0	2	-76	32510	4	0	1596	1478	78,78
1532429323.124501358	158	40	48	0	2	0	2	-76	32511	5	0	1596	1478	104,104
1532429323.136614945	158	40	48	0	2	0	2	-76	32513	5	0	1596	1478	104,104
1532429323.148861084	158	40	48	0	2	0	2	-76	32515	5	0	1596	1478	104,104
1532429323.159693313	158	40	48	0	2	0	2	-75	32516	5	0	1596	1478	104,104
1532429323.171410597	158	40	48	0	2	0	2	-75	32517	5	0	1596	1478	104,104
1532429323.187402047	197	40	48	0	2	0	2	-75	32522	4	0	1596	1478	78,78
1532429323.196043159	197	40	48	0	2	0	2	-75	32523	4	0	1596	1478	78,78
1532429323.207095717	197	40	48	0	2	0	2	-75	32524	4	0	1596	1478	78,78
1532429323.219636678	197	40	48	0	2	0	2	-75	32525	4	0	1596	1478	78,78
1532429323.230353060	197	40	48	0	2	0	2	-75	32526	4	0	1596	1478	78,78
1532429323.242142274	197	40	48	0	2	0	2	-75	32527	4	0	1596	1478	78,78
1532429323.253901916	197	40	48	0	2	0	2	-75	32528	4	0	1596	1478	78,78
1532429323.265663465	197	40	48	0	2	0	2	-75	32529	4	0	1596	1478	78,78
1532429323.277399331	197	40	48	0	2	0	2	-75	32530	4	0	1596	1478	78,78
1532429323.289211320	197	40	48	0	2	0	2	-75	32531	4	0	1596	1478	78,78
1532429323.300839435	197	40	48	0	2	0	2	-74	32532	4	0	1596	1478	78,78
1532429323.312611124	197	40	48	0	2	0	2	-75	32533	4	0	1596	1478	78,78
1532429323.324330602	197	40	48	0	2	0	2	-74	32534	4	0	1596	1478	78,78
1532429323.336087523	197	40	48	0	2	0	2	-74	32535	4	0	1596	1478	78,78
1532429323.348241575	197	40	48	0	2	0	2	-74	32536	4	0	1596	1478	78,78
1532429323.359611369	197	40	48	0	2	0	2	-74	32537	4	0	1596	1478	78,78
1532429323.371375681	197	40	48	0	2	0	2	-75	32538	4	0	1596	1478	78,78
1532429323.383950111	197	40	48	0	2	0	2	-75	32539	4	0	1596	1478	78,78
1532429323.395680474	197	40	48	0	2	0	2	-74	32540	4	0	1596	1478	78,78
1532429323.406635258	197	40	48	0	2	0	2	-75	32541	4	0	1596	1478	78,78
1532429323.418399884	197	40	48	0	2	0	2	-75	32542	4	0	1596	1478	78,78
1532429323.430153212	197	40	48	0	2	0	2	-74	32543	4	0	1596	1478	78,78
1532429323.442000942	197	40	48	0	2	0	2	-74	32544	4	0	1596	1478	78,78
1532429323.453710651	197	40	48	0	2	0	2	-74	32545	4	0	1596	1478	78,78
1532429323.465568278	197	40	48	0	2	0	2	-74	32546	4	0	1596	1478	78,78
1532429323.477342503	197	40	48	0	2	0	2	-75	32547	4	0	1596	1478	78,78
1532429323.489151125	197	40	48	0	2	0	2	-75	32548	4	0	1596	1478	78,78
1532429323.500790338	197	40	48	0	2	0	2	-75	32549	4	0	1596	1478	78,78
1532429323.512936321	197	40	48	0	2	0	2	-75	32550	4	0	1596	1478	78,78
1532429323.524621752	197	40	48	0	2	0	2	-75	32551	4	0	1596	1478	78,78
1532429323.537584702	197	40	48	0	2	0	2	-75	32552	4	0	1596	1478	78,78
1532429323.548413566	197	40	48	0	2	0	2	-75	32553	4	0	1596	1478	78,78
1532429323.559799929	197	40	48	0	2	0	2	-76	32554	4	0	1596	1478	78,78
1532429323.571340114	197	40	48	0	2	0	2	-76	32555	4	0	1596	1478	78,78
1532429323.583745182	197	40	48	0	2	0	2	-76	32557	4	0	1596	1478	78,78
1532429323.594949854	197	40	48	0	2	0	2	-76	32558	4	0	1596	1478	78,78
1532429323.606683147	197	40	48	0	2	0	2	-77	32559	4	0	1596	1478	78,78
1532429323.618447264	197	40	48	0	2	0	2	-77	32560	4	0	1596	1478	78,78
1532429323.630227639	197	40	48	0	2	0	2	-77	32561	4	0	1596	1478	78,78
1532429323.641993429	197	40	48	0	2	0	2	-76	32562	4	0	1596	1478	78,78
1532429323.653623928	197	40	48	0	2	0	2	-76	32563	4	0	1596	1478	78,78
1532429323.667384812	197	40	48	0	2	0	2	-76	32565	4	0	1596	1478	78,78
1532429323.677742014	197	40	48	0	2	0	2	-76	32567	4	0	1596	1478	78,78
1532429323.688950397	197	40	48	0	2	0	2	-76	32568	4	0	1596	1478	78,78
1532429323.700809312	197	40	48	0	2	0	2	-76	32569	4	0	1596	1478	78,78
1532429323.712526472	197	40	48	0	2	0	2	-76	32570	4	0	1596	1478	78,78
1532429323.724398774	197	40	48	0	2	0	2	-76	32571	4	0	1596	1478	78,78
1532429323.737217877	197	40	48	0	2	0	2	-76	32572	4	0	1596	1478	78,78
1532429323.737576828	197	40	48	0	2	0	2	-76	32573	4	0	1596	1478	78,78
1532429323.748544967	197	40	48	0	2	0	2	-76	32574	4	0	1596	1478	78,78
1532429323.759606291	197	40	48	0	2	0	2	-76	32575	4	0	1596	1478	78,78
1532429323.771345278	197	40	48	0	2	0	2	-76	32576	4	0	1596	1478	78,78
1532429323.783103876	197	40	48	0	2	0	2	-76	32577	4	0	1596	1478	78,78
1532429323.794870515	197	40	48	0	2	0	2	-76	32578	4	0	1596	1478	78,78
1532429323.806632038	197	40	48	0	2	0	2	-76	32579	4	0	1596	1478	78,78
1532429323.818303950	197	40	48	0	2	0	2	-76	32580	4	0	1596	1478	78,78
1532429323.830626080	197	40	48	0	2	0	2	-77	32581	4	0	1596	1478	78,78
1532429323.841886178	197	40	48	0	2	0	2	-76	32582	4	0	1596	1478	78,78
1532429323.853644044	197	40	48	0	2	0	2	-76	32583	4	0	1596	1478	78,78
1532429323.865429921	197	40	48	0	2	0	2	-76	32584	4	0	1596	1478	78,78
1532429323.877190153	197	40	48	0	2	0	2	-76	32585	4	0	1596	1478	78,78
1532429323.888959393	197	40	48	0	2	0	2	-76	32586	4	0	1596	1478	78,78
1532429323.900714985	197	40	48	0	2	0	2	-76	32587	4	0	1596	1478	78,78
1532429323.912460571	197	40	48	0	2	0	2	-76	32588	4	0	1596	1478	78,78
1532429323.924217098	197	40	48	0	2	0	2	-76	32589	4	0	1596	1478	78,78
1532429323.935978555	197	40	48	0	2	0	2	-77	32590	4	0	1596	1478	78,78
1532429323.947755924	197	40	48	0	2	0	2	-76	32591	4	0	1596	1478	78,78
1532429323.959502247	197	40	48	0	2	0	2	-77	32592	4	0	1596	1478	78,78
1532429323.971181232	197	40	48	0	2	0	2	-77	32593	4	0	1596	1478	78,78
1532429323.982984275	197	40	48	0	2	0	2	-76	32594	4	0	1596	1478	78,78
1532429323.995193359	197	40	48	0	2	0	2	-76	32595	4	0	1596	1478	78,78
1532429324.006571116	197	40	48	0	2	0	2	-76	32596	4	0	1596	1478	78,78
1532429324.018224507	197	40	48	0	2	0	2	-76	32597	4	0	1596	1478	78,78
1532429324.029964964	197	40	48	0	2	0	2	-76	32598	4	0	1596	1478	78,78
1532429324.041677217	197	40	48	0	2	0	2	-76	32599	4	0	1596	1478	78,78
1532429324.053489986	197	40	48	0	2	0	2	-76	32600	4	0	1596	1478	78,78
1532429324.065325328	197	40	48	0	2	0	2	-76	32601	4	0	1596	1478	78,78
1532429324.077093385	197	40	48	0	2	0	2	-76	32602	4	0	1596	1478	78,78
1532429324.088839992	197	40	48	0	2	0	2	-75	32603	4	0	1596	1478	78,78
1532429324.102306973	197	40	48	0	2	0	2	-76	32607	4	0	1596	1478	78,78
1532429324.112400656	197	40	48	0	2	0	2	-75	32608	4	0	1596	1478	78,78
1532429324.125570016	197	40	48	0	2	0	2	-75	32612	4	0	1596	1478	78,78
1532429324.136510831	197	40	48	0	2	0	2	-75	32614	4	0	1596	1478	78,78
1532429324.147644670	197	40	48	0	2	0	2	-75	32615	4	0	1596	1478	78,78
1532429324.159864773	197	40	48	0	2	0	2	-75	32616	4	0	1596	1478	78,78
1532429324.171184555	197	40	48	0	2	0	2	-75	32617	4	0	1596	1478	78,78
1532429324.184594203	197	40	48	0	2	0	2	-75	32620	4	0	1596	1478	78,78
1532429324.194590087	197	40	48	0	2	0	2	-75	32621	4	0	1596	1478	78,78
1532429324.206501503	197	40	48	0	2	0	2	-75	32622	4	0	1596	1478	78,78
1532429324.218444731	197	40	48	0	2	0	2	-75	32623	4	0	1596	1478	78,78
1532429324.229965375	197	40	48	0	2	0	2	-75	32624	4	0	1596	1478	78,78
1532429324.242703428	197	40	48	0	2	0	2	-75	32626	4	0	1596	1478	78,78
1532429324.253493936	197	40	48	0	2	0	2	-75	32627	4	0	1596	1478	78,78
1532429324.265166508	197	40	48	0	2	0	2	-76	32628	4	0	1596	1478	78,78
1532429324.276838185	197	40	48	0	2	0	2	-76	32629	4	0	1596	1478	78,78
1532429324.288563887	197	40	48	0	2	0	2	-76	32630	4	0	1596	1478	78,78
1532429324.300303422	197	40	48	0	2	0	2	-76	32631	4	0	1596	1478	78,78
1532429324.312199425	197	40	48	0	2	0	2	-76	32632	4	0	1596	1478	78,78
1532429324.324331236	197	40	48	0	2	0	2	-76	32633	4	0	1596	1478	78,78
1532429324.335662140	197	40	48	0	2	0	2	-76	32634	4	0	1596	1478	78,78
1532429324.347452820	197	40	48	0	2	0	2	-76	32635	4	0	1596	1478	78,78
1532429324.359135943	197	40	48	0	2	0	2	-76	32636	4	0	1596	1478	78,78
1532429324.370972005	197	40	48	0	2	0	2	-76	32637	4	0	1596	1478	78,78
1532429324.382718265	197	40	48	0	2	0	2	-77	32639	4	0	1596	1478	78,78
1532429324.396300088	197	40	48	0	2	0	2	-76	32643	4	0	1596	1478	78,78
1532429324.406495896	197	40	48	0	2	0	2	-77	32644	4	0	1596	1478	78,78
1532429324.418036475	197	40	48	0	2	0	2	-77	32645	4	0	1596	1478	78,78
1532429324.429768927	197	40	48	0	2	0	2	-77	32646	4	0	1596	1478	78,78
1532429324.441536883	197	40	48	0	2	0	2	-77	32647	4	0	1596	1478	78,78
1532429324.453282038	197	40	48	0	2	0	2	-77	32648	4	0	1596	1478	78,78
1532429324.465058374	197	40	48	0	2	0	2	-77	32649	4	0	1596	1478	78,78
1532429324.476822885	197	40	48	0	2	0	2	-77	32650	4	0	1596	1478	78,78
1532429324.488772755	197	40	48	0	2	0	2	-77	32651	4	0	1596	1478	78,78
1532429324.500324516	197	40	48	0	2	0	2	-77	32652	4	0	1596	1478	78,78
1532429324.512083868	197	40	48	0	2	0	2	-76	32653	4	0	1596	1478	78,78
1532429324.523888157	197	40	48	0	2	0	2	-76	32654	4	0	1596	1478	78,78
1532429324.535601593	197	40	48	0	2	0	2	-77	32655	4	0	1596	1478	78,78
1532429324.547362583	197	40	48	0	2	0	2	-77	32656	4	0	1596	1478	78,78
1532429324.559053673	197	40	48	0	2	0	2	-77	32657	4	0	1596	1478	78,78
1532429324.571300269	197	40	48	0	2	0	2	-77	32658	4	0	1596	1478	78,78
1532429324.582650307	197	40	48	0	2	0	2	-76	32659	4	0	1596	1478	78,78
1532429324.594402226	197	40	48	0	2	0	2	-77	32660	4	0	1596	1478	78,78
1532429324.606158740	197	40	48	0	2	0	2	-77	32661	4	0	1596	1478	78,78
1532429324.617963322	197	40	48	0	2	0	2	-77	32662	4	0	1596	1478	78,78
1532429324.629687399	197	40	48	0	2	0	2	-77	32663	4	0	1596	1478	78,78
1532429324.641407079	197	40	48	0	2	0	2	-77	32664	4	0	1596	1478	78,78
1532429324.653207584	197	40	48	0	2	0	2	-77	32665	4	0	1596	1478	78,78
1532429324.664929567	197	40	48	0	2	0	2	-77	32666	4	0	1596	1478	78,78
1532429324.676855421	197	40	48	0	2	0	2	-77	32667	4	0	1596	1478	78,78
1532429324.688626758	197	40	48	0	2	0	2	-77	32668	4	0	1596	1478	78,78
1532429324.700267708	197	40	48	0	2	0	2	-77	32669	4	0	1596	1478	78,78
1532429324.712068950	197	40	48	0	2	0	2	-76	32670	4	0	1596	1478	78,78
1532429324.723897147	197	40	48	0	2	0	2	-77	32671	4	0	1596	1478	78,78
1532429324.736100721	197	40	48	0	2	0	2	-77	32672	4	0	1596	1478	78,78
1532429324.747314218	197	40	48	0	2	0	2	-77	32673	4	0	1596	1478	78,78
1532429324.759079143	197	40	48	0	2	0	2	-77	32674	4	0	1596	1478	78,78
1532429324.770760947	197	40	48	0	2	0	2	-76	32675	4	0	1596	1478	78,78
1532429324.782577812	197	40	48	0	2	0	2	-76	32676	4	0	1596	1478	78,78
1532429324.794320552	197	40	48	0	2	0	2	-77	32677	4	0	1596	1478	78,78
1532429324.806092545	197	40	48	0	2	0	2	-77	32678	4	0	1596	1478	78,78
1532429324.817950351	197	40	48	0	2	0	2	-77	32679	4	0	1596	1478	78,78
1532429324.829770957	197	40	48	0	2	0	2	-77	32680	4	0	1596	1478	78,78
1532429324.841495347	197	40	48	0	2	0	2	-77	32681	4	0	1596	1478	78,78
1532429324.853269448	197	40	48	0	2	0	2	-77	32682	4	0	1596	1478	78,78
1532429324.865015564	197	40	48	0	2	0	2	-77	32683	4	0	1596	1478	78,78
1532429324.876750563	197	40	48	0	2	0	2	-76	32684	4	0	1596	1478	78,78
1532429324.888547705	197	40	48	0	2	0	2	-77	32685	4	0	1596	1478	78,78
1532429324.900750496	197	40	48	0	2	0	2	-77	32686	4	0	1596	1478	78,78
1532429324.912230215	197	40	48	0	2	0	2	-77	32687	4	0	1596	1478	78,78
1532429324.923858496	197	40	48	0	2	0	2	-77	32688	4	0	1596	1478	78,78
1532429324.935596999	197	40	48	0	2	0	2	-77	32689	4	0	1596	1478	78,78
1532429324.947323769	197	40	48	0	2	0	2	-77	32690	4	0	1596	1478	78,78
1532429324.959098849	197	40	48	0	2	0	2	-77	32691	4	0	1596	1478	78,78
1532429324.970776569	197	40	48	0	2	0	2	-77	32692	4	0	1596	1478	78,78
1532429324.982628846	197	40	48	0	2	0	2	-77	32693	4	0	1596	1478	78,78
1532429324.994380234	197	40	48	0	2	0	2	-76	32694	4	0	1596	1478	78,78
1532429325.012424301	209	40	48	1	1	1	2	-75	32697	7	0	1596	1478	72,2222,72,2222
1532429325.018803621	209	40	48	1	1	1	2	-75	32699	7	0	1596	1478	72,2222,72,2222
1532429325.029693014	209	40	48	1	1	1	2	-75	32700	7	0	1596	1478	72,2222,72,2222
1532429325.041410369	209	40	48	1	1	1	2	-75	32701	7	0	1596	1478	72,2222,72,2222
1532429325.053200160	209	40	48	1	1	1	2	-74	32702	7	0	1596	1478	72,2222,72,2222
1532429325.064968089	209	40	48	1	1	1	2	-74	32703	7	0	1596	1478	72,2222,72,2222
1532429325.076722241	209	40	48	1	1	1	2	-74	32704	7	0	1596	1478	72,2222,72,2222
1532429325.088509893	209	40	48	1	1	1	2	-74	32705	7	0	1596	1478	72,2222,72,2222
1532429325.101699592	209	40	48	1	1	1	2	-75	32706	7	0	1596	1478	72,2222,72,2222
1532429325.112014707	209	40	48	1	1	1	2	-75	32707	7	0	1596	1478	72,2222,72,2222
1532429325.123742654	209	40	48	1	1	1	2	-75	32708	7	0	1596	1478	72,2222,72,2222
1532429325.136014316	209	40	48	1	1	1	2	-76	32709	7	0	1596	1478	72,2222,72,2222
1532429325.148732577	209	40	48	1	1	1	2	-76	32711	7	0	1596	1478	72,2222,72,2222
1532429325.159558208	209	40	48	1	1	1	2	-76	32712	7	0	1596	1478	72,2222,72,2222
1532429325.171198528	209	40	48	1	1	1	2	-76	32713	7	0	1596	1478	72,2222,72,2222
1532429325.182864626	209	40	48	1	1	1	2	-76	32714	7	0	1596	1478	72,2222,72,2222
1532429325.194372568	209	40	48	1	1	1	2	-76	32715	7	0	1596	1478	72,2222,72,2222
1532429325.207021246	209	40	48	1	1	1	2	-77	32717	7	0	1596	1478	72,2222,72,2222
1532429325.220487253	209	40	48	1	1	1	2	-77	32719	7	0	1596	1478	72,2222,72,2222
1532429325.231119663	209	40	48	1	1	1	2	-77	32720	7	0	1596	1478	72,2222,72,2222
1532429325.242702315	209	40	48	1	1	1	2	-77	32721	7	0	1596	1478	72,2222,72,2222
1532429325.245700481	209	40	48	1	1	1	2	-77	32723	7	0	1596	1478	72,2222,72,2222
1532429325.256797843	209	40	48	1	1	1	2	-77	32725	7	0	1596	1478	72,2222,72,2222
1532429325.264728398	209	40	48	1	1	1	2	-77	32726	7	0	1596	1478	72,2222,72,2222
1532429325.276458545	209	40	48	1	1	1	2	-76	32727	7	0	1596	1478	72,2222,72,2222
1532429325.288845802	209	40	48	1	1	1	2	-76	32728	7	0	1596	1478	72,2222,72,2222
1532429325.302837913	209	40	48	1	1	1	2	-77	32731	7	0	1596	1478	72,2222,72,2222
1532429325.313292257	209	40	48	1	1	1	2	-77	32734	7	0	1596	1478	72,2222,72,2222
1532429325.323987160	209	40	48	1	1	1	2	-77	32735	7	0	1596	1478	72,2222,72,2222
1532429325.336159505	209	40	48	1	1	1	2	-77	32736	7	0	1596	1478	72,2222,72,2222
1532429325.347200812	209	40	48	1	1	1	2	-77	32737	7	0	1596	1478	72,2222,72,2222
1532429325.360073778	209	40	48	1	1	1	2	-77	32740	7	0	1596	1478	72,2222,72,2222
1532429325.375382507	249	40	48	0	1	1	2	-77	32745	6	0	1596	1478	58,5,58,5
1532429325.383208357	249	40	48	0	1	1	2	-77	32746	6	0	1596	1478	58,5,58,5
1532429325.396058707	249	40	48	0	1	1	2	-77	32748	6	0	1596	1478	58,5,58,5
1532429325.407035449	249	40	48	0	1	1	2	-77	32753	6	0	1596	1478	58,5,58,5
1532429325.418909455	249	40	48	0	1	1	2	-77	32754	6	0	1596	1478	58,5,58,5
1532429325.429806448	249	40	48	0	1	1	2	-77	32755	6	0	1596	1478	58,5,58,5
1532429325.441755129	249	40	48	0	1	1	2	-77	32756	6	0	1596	1478	58,5,58,5
1532429325.453078414	249	40	48	0	1	1	2	-77	32757	6	0	1596	1478	58,5,58,5
1532429325.464835648	249	40	48	0	1	1	2	-77	32758	6	0	1596	1478	58,5,58,5
1532429325.476590548	249	40	48	0	1	1	2	-77	32759	6	0	1596	1478	58,5,58,5
1532429325.488352716	249	40	48	0	1	1	2	-77	32760	6	0	1596	1478	58,5,58,5
1532429325.500090378	228	40	48	0	1	1	2	-77	32761	7	0	1596	1478	65,65
1532429325.511890413	249	40	48	0	1	1	2	-77	32762	6	0	1596	1478	58,5,58,5
1532429325.523632874	249	40	48	0	1	1	2	-77	32763	6	0	1596	1478	58,5,58,5
1532429325.535391114	249	40	48	0	1	1	2	-77	32764	6	0	1596	1478	58,5,58,5
1532429325.547189711	249	40	48	0	1	1	2	-76	32765	6	0	1596	1478	58,5,58,5
1532429325.558875508	228	40	48	0	1	1	2	-77	32766	7	0	1596	1478	65,65
1532429325.570691398	249	40	48	0	1	1	2	-76	32767	6	0	1596	1478	58,5,58,5
1532429325.582766469	249	40	48	0	1	1	2	-76	32768	6	0	1596	1478	58,5,58,5
1532429325.595046986	249	40	48	0	1	1	2	-76	32769	6	0	1596	1478	58,5,58,5
1532429325.608408831	249	40	48	0	1	1	2	-76	32770	6	0	1596	1478	58,5,58,5
1532429325.618495700	228	40	48	0	1	1	2	-76	32771	7	0	1596	1478	65,65
1532429325.619186688	249	40	48	0	1	1	2	-76	32772	6	0	1596	1478	58,5,58,5
1532429325.630961035	249	40	48	0	1	1	2	-76	32773	6	0	1596	1478	58,5,58,5
1532429325.641484718	249	40	48	0	1	1	2	-76	32774	6	0	1596	1478	58,5,58,5
1532429325.652900757	249	40	48	0	1	1	2	-76	32775	6	0	1596	1478	58,5,58,5
1532429325.664906630	249	40	48	0	1	1	2	-76	32776	6	0	1596	1478	58,5,58,5
1532429325.676576208	249	40	48	0	1	1	2	-76	32777	6	0	1596	1478	58,5,58,5
1532429325.688169918	249	40	48	0	1	1	2	-76	32778	6	0	1596	1478	58,5,58,5
1532429325.699960077	249	40	48	0	1	1	2	-77	32779	6	0	1596	1478	58,5,58,5
1532429325.711678168	249	40	48	0	1	1	2	-76	32780	6	0	1596	1478	58,5,58,5
1532429325.724128763	249	40	48	0	1	1	2	-76	32781	6	0	1596	1478	58,5,58,5
1532429325.735683585	249	40	48	0	1	1	2	-76	32783	6	0	1596	1478	58,5,58,5
1532429325.747311710	249	40	48	0	1	1	2	-76	32784	6	0	1596	1478	58,5,58,5
1532429325.760095253	249	40	48	0	1	1	2	-76	32785	6	0	1596	1478	58,5,58,5
1532429325.773515188	249	40	48	0	1	1	2	-76	32786	6	0	1596	1478	58,5,58,5
1532429325.782487341	249	40	48	0	1	1	2	-76	32787	6	0	1596	1478	58,5,58,5
1532429325.793956257	249	40	48	0	1	1	2	-76	32788	6	0	1596	1478	58,5,58,5
1532429325.805865868	249	40	48	0	1	1	2	-76	32789	6	0	1596	1478	58,5,58,5
1532429325.818066913	249	40	48	0	1	1	2	-76	32791	6	0	1596	1478	58,5,58,5
1532429325.829435327	249	40	48	0	1	1	2	-76	32792	6	0	1596	1478	58,5,58,5
1532429325.841133104	249	40	48	0	1	1	2	-76	32793	6	0	1596	1478	58,5,58,5
1532429325.852960500	249	40	48	0	1	1	2	-76	32794	6	0	1596	1478	58,5,58,5
1532429325.864648319	249	40	48	0	1	1	2	-76	32795	6	0	1596	1478	58,5,58,5
1532429325.876415172	249	40	48	0	1	1	2	-76	32796	6	0	1596	1478	58,5,58,5
1532429325.888201133	249	40	48	0	1	1	2	-76	32797	6	0	1596	1478	58,5,58,5
1532429325.899970914	249	40	48	0	1	1	2	-76	32798	6	0	1596	1478	58,5,58,5
1532429325.911726012	249	40	48	0	1	1	2	-77	32799	6	0	1596	1478	58,5,58,5
1532429325.923473911	249	40	48	0	1	1	2	-76	32800	6	0	1596	1478	58,5,58,5
1532429325.935253026	249	40	48	0	1	1	2	-76	32801	6	0	1596	1478	58,5,58,5
1532429325.947037410	249	40	48	0	1	1	2	-76	32802	6	0	1596	1478	58,5,58,5
1532429325.958773890	249	40	48	0	1	1	2	-76	32803	6	0	1596	1478	58,5,58,5
1532429325.970448525	249	40	48	0	1	1	2	-76	32804	6	0	1596	1478	58,5,58,5
1532429325.982186958	228	40	48	0	1	1	2	-77	32805	7	0	1596	1478	65,65
1532429325.994040799	249	40	48	0	1	1	2	-77	32806	6	0	1596	1478	58,5,58,5
1532429326.005782447	249	40	48	0	1	1	2	-77	32807	6	0	1596	1478	58,5,58,5
1532429326.017474136	249	40	48	0	1	1	2	-77	32808	6	0	1596	1478	58,5,58,5
1532429326.029329089	249	40	48	0	1	1	2	-76	32809	6	0	1596	1478	58,5,58,5
1532429326.040997347	228	40	48	0	1	1	2	-76	32810	7	0	1596	1478	65,65
1532429326.062883088	209	40	48	1	1	1	2	-76	32811	7	0	1596	1478	72,2222,72,2222
1532429326.064566268	209	40	48	1	1	1	2	-77	32812	7	0	1596	1478	72,2222,72,2222
1532429326.076324035	209	40	48	1	1	1	2	-76	32813	7	0	1596	1478	72,2222,72,2222
1532429326.089099662	209	40	48	1	1	1	2	-77	32816	7	0	1596	1478	72,2222,72,2222
1532429326.100314256	209	40	48	1	1	1	2	-76	32817	7	0	1596	1478	72,2222,72,2222
1532429326.112937947	209	40	48	1	1	1	2	-77	32820	7	0	1596	1478	72,2222,72,2222
1532429326.123887143	209	40	48	1	1	1	2	-77	32822	7	0	1596	1478	72,2222,72,2222
1532429326.135115680	209	40	48	1	1	1	2	-77	32823	7	0	1596	1478	72,2222,72,2222
1532429326.148873884	249	40	48	0	1	1	2	-77	32828	6	0	1596	1478	58,5,58,5
1532429326.158611902	249	40	48	0	1	1	2	-77	32833	6	0	1596	1478	58,5,58,5
1532429326.170452193	249	40	48	0	1	1	2	-77	32834	6	0	1596	1478	58,5,58,5
1532429326.182187076	249	40	48	0	1	1	2	-77	32835	6	0	1596	1478	58,5,58,5
1532429326.193907671	197	40	48	0	2	0	2	-79	32836	4	0	1596	1478	78,78
1532429326.205716147	249	40	48	0	1	1	2	-77	32837	6	0	1596	1478	58,5,58,5
1532429326.217401229	249	40	48	0	1	1	2	-77	32838	6	0	1596	1478	58,5,58,5
1532429326.229039723	249	40	48	0	1	1	2	-77	32840	6	0	1596	1478	58,5,58,5
1532429326.240815794	249	40	48	0	1	1	2	-77	32841	6	0	1596	1478	58,5,58,5
1532429326.252737095	249	40	48	0	1	1	2	-77	32842	6	0	1596	1478	58,5,58,5
1532429326.264494642	228	40	48	0	1	1	2	-77	32843	7	0	1596	1478	65,65
1532429326.276161850	249	40	48	0	1	1	2	-77	32844	6	0	1596	1478	58,5,58,5
1532429326.288029544	249	40	48	0	1	1	2	-77	32845	6	0	1596	1478	58,5,58,5
1532429326.299808525	249	40	48	0	1	1	2	-77	32846	6	0	1596	1478	58,5,58,5
1532429326.311564177	249	40	48	0	1	1	2	-77	32847	6	0	1596	1478	58,5,58,5
1532429326.324493337	249	40	48	0	1	1	2	-77	32849	6	0	1596	1478	58,5,58,5
1532429326.335073327	249	40	48	0	1	1	2	-77	32850	6	0	1596	1478	58,5,58,5
1532429326.346839956	249	40	48	0	1	1	2	-77	32851	6	0	1596	1478	58,5,58,5
1532429326.358624779	249	40	48	0	1	1	2	-77	32852	6	0	1596	1478	58,5,58,5
1532429326.359780732	249	40	48	0	1	1	2	-77	32853	6	0	1596	1478	58,5,58,5
1532429326.370357389	249	40	48	0	1	1	2	-77	32854	6	0	1596	1478	58,5,58,5
1532429326.382116291	249	40	48	0	1	1	2	-77	32855	6	0	1596	1478	58,5,58,5
1532429326.393883459	249	40	48	0	1	1	2	-77	32856	6	0	1596	1478	58,5,58,5
1532429326.405559396	197	40	48	0	2	0	2	-79	32857	4	0	1596	1478	78,78
1532429326.417327129	197	40	48	0	2	0	2	-79	32858	4	0	1596	1478	78,78
1532429326.429118336	197	40	48	0	2	0	2	-79	32859	4	0	1596	1478	78,78
1532429326.440859724	197	40	48	0	2	0	2	-80	32860	4	0	1596	1478	78,78
1532429326.452630063	197	40	48	0	2	0	2	-79	32861	4	0	1596	1478	78,78
1532429326.464829627	197	40	48	0	2	0	2	-79	32862	4	0	1596	1478	78,78
1532429326.476107689	197	40	48	0	2	0	2	-79	32863	4	0	1596	1478	78,78
1532429326.487914616	197	40	48	0	2	0	2	-79	32864	4	0	1596	1478	78,78
1532429326.499697546	197	40	48	0	2	0	2	-79	32865	4	0	1596	1478	78,78
1532429326.511386810	197	40	48	0	2	0	2	-79	32866	4	0	1596	1478	78,78
1532429326.523246683	197	40	48	0	2	0	2	-79	32867	4	0	1596	1478	78,78
1532429326.535001394	197	40	48	0	2	0	2	-79	32868	4	0	1596	1478	78,78
1532429326.546755350	197	40	48	0	2	0	2	-79	32869	4	0	1596	1478	78,78
1532429326.558529456	197	40	48	0	2	0	2	-79	32870	4	0	1596	1478	78,78
1532429326.570264131	197	40	48	0	2	0	2	-79	32871	4	0	1596	1478	78,78
1532429326.582020849	197	40	48	0	2	0	2	-79	32872	4	0	1596	1478	78,78
1532429326.593713350	197	40	48	0	2	0	2	-79	32873	4	0	1596	1478	78,78
1532429326.605481915	197	40	48	0	2	0	2	-79	32874	4	0	1596	1478	78,78
1532429326.617229016	197	40	48	0	2	0	2	-78	32875	4	0	1596	1478	78,78
1532429326.629427743	197	40	48	0	2	0	2	-79	32876	4	0	1596	1478	78,78
1532429326.640724348	197	40	48	0	2	0	2	-79	32877	4	0	1596	1478	78,78
1532429326.653631511	197	40	48	0	2	0	2	-79	32879	4	0	1596	1478	78,78
1532429326.664253596	197	40	48	0	2	0	2	-79	32880	4	0	1596	1478	78,78
1532429326.676107004	197	40	48	0	2	0	2	-79	32881	4	0	1596	1478	78,78
1532429326.688746963	197	40	48	0	2	0	2	-79	32883	4	0	1596	1478	78,78
1532429326.689191592	197	40	48	0	2	0	2	-79	32884	4	0	1596	1478	78,78
1532429326.699541071	197	40	48	0	2	0	2	-80	32885	4	0	1596	1478	78,78
1532429326.711239719	197	40	48	0	2	0	2	-79	32886	4	0	1596	1478	78,78
1532429326.722992750	197	40	48	0	2	0	2	-79	32887	4	0	1596	1478	78,78
1532429326.734986910	197	40	48	0	2	0	2	-79	32891	4	0	1596	1478	78,78
1532429326.746259412	197	40	48	0	2	0	2	-79	32897	4	0	1596	1478	78,78
1532429326.758274782	197	40	48	0	2	0	2	-79	32898	4	0	1596	1478	78,78
1532429326.770007620	197	40	48	0	2	0	2	-78	32899	4	0	1596	1478	78,78
1532429326.781651584	197	40	48	0	2	0	2	-78	32900	4	0	1596	1478	78,78
1532429326.794007538	197	40	48	0	2	0	2	-78	32901	4	0	1596	1478	78,78
1532429326.805351805	197	40	48	0	2	0	2	-79	32902	4	0	1596	1478	78,78
1532429326.817183570	197	40	48	0	2	0	2	-78	32903	4	0	1596	1478	78,78
1532429326.829005716	197	40	48	0	2	0	2	-78	32904	4	0	1596	1478	78,78
1532429326.840721715	197	40	48	0	2	0	2	-79	32905	4	0	1596	1478	78,78
1532429326.852759429	197	40	48	0	2	0	2	-79	32906	4	0	1596	1478	78,78
1532429326.864137942	197	40	48	0	2	0	2	-79	32907	4	0	1596	1478	78,78
1532429326.876018758	197	40	48	0	2	0	2	-79	32908	4	0	1596	1478	78,78
1532429326.887654365	197	40	48	0	2	0	2	-79	32909	4	0	1596	1478	78,78
1532429326.899489847	197	40	48	0	2	0	2	-79	32910	4	0	1596	1478	78,78
1532429326.911275635	197	40	48	0	2	0	2	-79	32911	4	0	1596	1478	78,78
1532429326.923020146	197	40	48	0	2	0	2	-79	32912	4	0	1596	1478	78,78
1532429326.934654165	197	40	48	0	2	0	2	-79	32913	4	0	1596	1478	78,78
1532429326.946538021	197	40	48	0	2	0	2	-79	32914	4	0	1596	1478	78,78
1532429326.958749849	197	40	48	0	2	0	2	-79	32915	4	0	1596	1478	78,78
1532429326.970742650	197	40	48	0	2	0	2	-79	32916	4	0	1596	1478	78,78
1532429326.981867250	197	40	48	0	2	0	2	-78	32917	4	0	1596	1478	78,78
1532429326.993605272	197	40	48	0	2	0	2	-78	32918	4	0	1596	1478	78,78
1532429327.005294327	197	40	48	0	2	0	2	-78	32919	4	0	1596	1478	78,78
1532429327.017011573	197	40	48	0	2	0	2	-79	32920	4	0	1596	1478	78,78
1532429327.028860443	197	40	48	0	2	0	2	-79	32921	4	0	1596	1478	78,78
1532429327.041271051	197	40	48	0	2	0	2	-79	32922	4	0	1596	1478	78,78
1532429327.052396329	197	40	48	0	2	0	2	-79	32923	4	0	1596	1478	78,78
1532429327.064131931	197	40	48	0	2	0	2	-79	32924	4	0	1596	1478	78,78
1532429327.075937927	197	40	48	0	2	0	2	-79	32925	4	0	1596	1478	78,78
1532429327.087509754	197	40	48	0	2	0	2	-79	32926	4	0	1596	1478	78,78
1532429327.099437268	197	40	48	0	2	0	2	-79	32927	4	0	1596	1478	78,78
1532429327.111196578	197	40	48	0	2	0	2	-79	32928	4	0	1596	1478	78,78
1532429327.123361424	197	40	48	0	2	0	2	-79	32929	4	0	1596	1478	78,78
1532429327.134714282	197	40	48	0	2	0	2	-79	32930	4	0	1596	1478	78,78
1532429327.146491185	197	40	48	0	2	0	2	-78	32931	4	0	1596	1478	78,78
1532429327.158154826	197	40	48	0	2	0	2	-78	32932	4	0	1596	1478	78,78
1532429327.169977255	197	40	48	0	2	0	2	-78	32933	4	0	1596	1478	78,78
1532429327.181765896	197	40	48	0	2	0	2	-78	32934	4	0	1596	1478	78,78
1532429327.193404219	197	40	48	0	2	0	2	-78	32935	4	0	1596	1478	78,78
1532429327.205167555	197	40	48	0	2	0	2	-79	32936	4	0	1596	1478	78,78
1532429327.216902839	197	40	48	0	2	0	2	-79	32937	4	0	1596	1478	78,78
1532429327.228588600	197	40	48	0	2	0	2	-79	32938	4	0	1596	1478	78,78
1532429327.240419004	197	40	48	0	2	0	2	-79	32939	4	0	1596	1478	78,78
1532429327.252084687	197	40	48	0	2	0	2	-80	32940	4	0	1596	1478	78,78
1532429327.263814956	197	40	48	0	2	0	2	-79	32941	4	0	1596	1478	78,78
1532429327.275568206	197	40	48	0	2	0	2	-79	32942	4	0	1596	1478	78,78
1532429327.287791785	197	40	48	0	2	0	2	-79	32943	4	0	1596	1478	78,78
1532429327.299217750	197	40	48	0	2	0	2	-79	32944	4	0	1596	1478	78,78
1532429327.310958652	197	40	48	0	2	0	2	-79	32945	4	0	1596	1478	78,78
1532429327.322721433	197	40	48	0	2	0	2	-79	32946	4	0	1596	1478	78,78
1532429327.334499634	197	40	48	0	2	0	2	-79	32947	4	0	1596	1478	78,78
1532429327.346240678	197	40	48	0	2	0	2	-79	32948	4	0	1596	1478	78,78
1532429327.358033540	197	40	48	0	2	0	2	-79	32949	4	0	1596	1478	78,78
1532429327.369689944	197	40	48	0	2	0	2	-79	32950	4	0	1596	1478	78,78
1532429327.381551766	197	40	48	0	2	0	2	-79	32951	4	0	1596	1478	78,78
1532429327.393272590	197	40	48	0	2	0	2	-79	32952	4	0	1596	1478	78,78
1532429327.405058709	197	40	48	0	2	0	2	-79	32953	4	0	1596	1478	78,78
1532429327.416804287	197	40	48	0	2	0	2	-78	32954	4	0	1596	1478	78,78
1532429327.428573656	197	40	48	0	2	0	2	-78	32955	4	0	1596	1478	78,78
1532429327.440336736	197	40	48	0	2	0	2	-78	32956	4	0	1596	1478	78,78
1532429327.452512057	197	40	48	0	2	0	2	-78	32957	4	0	1596	1478	78,78
1532429327.464216997	197	40	48	0	2	0	2	-78	32958	4	0	1596	1478	78,78
1532429327.475610937	197	40	48	0	2	0	2	-79	32959	4	0	1596	1478	78,78
1532429327.487500612	197	40	48	0	2	0	2	-78	32960	4	0	1596	1478	78,78
1532429327.499259441	197	40	48	0	2	0	2	-78	32961	4	0	1596	1478	78,78
1532429327.510944654	197	40	48	0	2	0	2	-78	32962	4	0	1596	1478	78,78
1532429327.522785795	197	40	48	0	2	0	2	-78	32963	4	0	1596	1478	78,78
1532429327.534529592	197	40	48	0	2	0	2	-78	32964	4	0	1596	1478	78,78
1532429327.546296861	197	40	48	0	2	0	2	-78	32965	4	0	1596	1478	78,78
1532429327.558080536	197	40	48	0	2	0	2	-79	32967	4	0	1596	1478	78,78
1532429327.569822869	197	40	48	0	2	0	2	-79	32968	4	0	1596	1478	78,78
1532429327.581493228	197	40	48	0	2	0	2	-79	32969	4	0	1596	1478	78,78
1532429327.593324469	197	40	48	0	2	0	2	-78	32970	4	0	1596	1478	78,78
1532429327.605103867	197	40	48	0	2	0	2	-79	32971	4	0	1596	1478	78,78
1532429327.617288552	197	40	48	0	2	0	2	-79	32972	4	0	1596	1478	78,78
1532429327.628545897	197	40	48	0	2	0	2	-79	32973	4	0	1596	1478	78,78
1532429327.640301071	197	40	48	0	2	0	2	-79	32974	4	0	1596	1478	78,78
1532429327.652166984	197	40	48	0	2	0	2	-79	32975	4	0	1596	1478	78,78
1532429327.663903506	197	40	48	0	2	0	2	-79	32976	4	0	1596	1478	78,78
1532429327.675592844	197	40	48	0	2	0	2	-79	32977	4	0	1596	1478	78,78
1532429327.687626827	197	40	48	0	2	0	2	-79	32978	4	0	1596	1478	78,78
1532429327.699243302	197	40	48	0	2	0	2	-79	32979	4	0	1596	1478	78,78
1532429327.710859892	197	40	48	0	2	0	2	-79	32980	4	0	1596	1478	78,78
1532429327.722705323	197	40	48	0	2	0	2	-80	32981	4	0	1596	1478	78,78
1532429327.734463803	197	40	48	0	2	0	2	-79	32982	4	0	1596	1478	78,78
1532429327.748142594	197	40	48	0	2	0	2	-79	32984	4	0	1596	1478	78,78
1532429327.759441538	197	40	48	0	2	0	2	-79	32986	4	0	1596	1478	78,78
1532429327.769802854	197	40	48	0	2	0	2	-79	32987	4	0	1596	1478	78,78
1532429327.782959582	197	40	48	0	2	0	2	-79	32988	4	0	1596	1478	78,78
1532429327.794274271	197	40	48	0	2	0	2	-79	32989	4	0	1596	1478	78,78
1532429327.805236104	197	40	48	0	2	0	2	-79	32990	4	0	1596	1478	78,78
1532429327.816797118	197	40	48	0	2	0	2	-80	32991	4	0	1596	1478	78,78
1532429327.828567832	197	40	48	0	2	0	2	-80	32992	4	0	1596	1478	78,78
1532429327.840302318	197	40	48	0	2	0	2	-80	32993	4	0	1596	1478	78,78
1532429327.852403359	197	40	48	0	2	0	2	-79	32994	4	0	1596	1478	78,78
1532429327.864178696	197	40	48	0	2	0	2	-80	32995	4	0	1596	1478	78,78
1532429327.875591345	197	40	48	0	2	0	2	-79	32996	4	0	1596	1478	78,78
1532429327.887361052	197	40	48	0	2	0	2	-80	32997	4	0	1596	1478	78,78
1532429327.899836375	197	40	48	0	2	0	2	-79	32998	4	0	1596	1478	78,78
1532429327.911624670	197	40	48	0	2	0	2	-79	33000	4	0	1596	1478	78,78
1532429327.922837410	197	40	48	0	2	0	2	-79	33001	4	0	1596	1478	78,78
1532429327.935603935	197	40	48	0	2	0	2	-79	33003	4	0	1596	1478	78,78
1532429327.946373727	197	40	48	0	2	0	2	-78	33004	4	0	1596	1478	78,78
1532429327.958522407	197	40	48	0	2	0	2	-78	33005	4	0	1596	1478	78,78
1532429327.969592524	197	40	48	0	2	0	2	-79	33006	4	0	1596	1478	78,78
1532429327.981803945	197	40	48	0	2	0	2	-78	33007	4	0	1596	1478	78,78
1532429327.994800464	197	40	48	0	2	0	2	-78	33008	4	0	1596	1478	78,78
1532429328.005112619	197	40	48	0	2	0	2	-78	33009	4	0	1596	1478	78,78
1532429328.016702868	197	40	48	0	2	0	2	-77	33010	4	0	1596	1478	78,78
1532429328.029506697	197	40	48	0	2	0	2	-77	33011	4	0	1596	1478	78,78
1532429328.041260573	197	40	48	0	2	0	2	-77	33012	4	0	1596	1478	78,78
1532429328.051995086	197	40	48	0	2	0	2	-77	33013	4	0	1596	1478	78,78
1532429328.063745594	197	40	48	0	2	0	2	-77	33014	4	0	1596	1478	78,78
1532429328.075496804	197	40	48	0	2	0	2	-77	33015	4	0	1596	1478	78,78
1532429328.087272136	197	40	48	0	2	0	2	-77	33016	4	0	1596	1478	78,78
1532429328.099538949	197	40	48	0	2	0	2	-77	33017	4	0	1596	1478	78,78
1532429328.110808660	197	40	48	0	2	0	2	-78	33018	4	0	1596	1478	78,78
1532429328.122488642	197	40	48	0	2	0	2	-77	33019	4	0	1596	1478	78,78
1532429328.134317408	197	40	48	0	2	0	2	-77	33020	4	0	1596	1478	78,78
1532429328.146101194	197	40	48	0	2	0	2	-77	33021	4	0	1596	1478	78,78
1532429328.157729732	197	40	48	0	2	0	2	-77	33022	4	0	1596	1478	78,78
1532429328.169829757	197	40	48	0	2	0	2	-77	33023	4	0	1596	1478	78,78
1532429328.181217870	197	40	48	0	2	0	2	-77	33024	4	0	1596	1478	78,78
1532429328.193335902	197	40	48	0	2	0	2	-77	33025	4	0	1596	1478	78,78
1532429328.204941249	197	40	48	0	2	0	2	-78	33026	4	0	1596	1478	78,78
1532429328.216497122	197	40	48	0	2	0	2	-78	33027	4	0	1596	1478	78,78
1532429328.228259090	197	40	48	0	2	0	2	-78	33028	4	0	1596	1478	78,78
1532429328.240068094	197	40	48	0	2	0	2	-78	33029	4	0	1596	1478	78,78
1532429328.252033603	197	40	48	0	2	0	2	-77	33030	4	0	1596	1478	78,78
1532429328.264074825	197	40	48	0	2	0	2	-77	33031	4	0	1596	1478	78,78
1532429328.275307962	197	40	48	0	2	0	2	-77	33032	4	0	1596	1478	78,78
1532429328.286978621	197	40	48	0	2	0	2	-77	33033	4	0	1596	1478	78,78
1532429328.298943486	197	40	48	0	2	0	2	-77	33034	4	0	1596	1478	78,78
1532429328.310716985	197	40	48	0	2	0	2	-77	33035	4	0	1596	1478	78,78
1532429328.322456384	197	40	48	0	2	0	2	-77	33036	4	0	1596	1478	78,78
1532429328.334225711	197	40	48	0	2	0	2	-77	33037	4	0	1596	1478	78,78
1532429328.345951518	197	40	48	0	2	0	2	-77	33038	4	0	1596	1478	78,78
1532429328.357739808	197	40	48	0	2	0	2	-78	33039	4	0	1596	1478	78,78
1532429328.369401085	197	40	48	0	2	0	2	-77	33040	4	0	1596	1478	78,78
1532429328.381167854	197	40	48	0	2	0	2	-77	33041	4	0	1596	1478	78,78
1532429328.392925619	197	40	48	0	2	0	2	-76	33042	4	0	1596	1478	78,78
1532429328.404775577	197	40	48	0	2	0	2	-76	33043	4	0	1596	1478	78,78
1532429328.416568610	197	40	48	0	2	0	2	-76	33044	4	0	1596	1478	78,78
1532429328.428268205	158	40	48	0	2	0	2	-75	33045	5	0	1596	1478	104,104
1532429328.441812712	197	40	48	0	2	0	2	-76	33050	4	0	1596	1478	78,78
1532429328.451843206	197	40	48	0	2	0	2	-76	33051	4	0	1596	1478	78,78
1532429328.463576766	197	40	48	0	2	0	2	-76	33052	4	0	1596	1478	78,78
1532429328.475335884	197	40	48	0	2	0	2	-76	33053	4	0	1596	1478	78,78
1532429328.487091126	197	40	48	0	2	0	2	-75	33054	4	0	1596	1478	78,78
1532429328.498882281	197	40	48	0	2	0	2	-76	33055	4	0	1596	1478	78,78
1532429328.510666164	197	40	48	0	2	0	2	-76	33056	4	0	1596	1478	78,78
1532429328.522356000	197	40	48	0	2	0	2	-76	33057	4	0	1596	1478	78,78
1532429328.534611450	197	40	48	0	2	0	2	-76	33058	4	0	1596	1478	78,78
1532429328.545911631	197	40	48	0	2	0	2	-76	33059	4	0	1596	1478	78,78
1532429328.557578801	197	40	48	0	2	0	2	-76	33060	4	0	1596	1478	78,78
1532429328.569345159	197	40	48	0	2	0	2	-75	33061	4	0	1596	1478	78,78
1532429328.581176658	197	40	48	0	2	0	2	-75	33062	4	0	1596	1478	78,78
1532429328.592959226	197	40	48	0	2	0	2	-76	33063	4	0	1596	1478	78,78
1532429328.604714173	197	40	48	0	2	0	2	-76	33064	4	0	1596	1478	78,78
1532429328.616489031	197	40	48	0	2	0	2	-76	33065	4	0	1596	1478	78,78
1532429328.628230046	197	40	48	0	2	0	2	-76	33066	4	0	1596	1478	78,78
1532429328.640002256	197	40	48	0	2	0	2	-76	33067	4	0	1596	1478	78,78
1532429328.651761131	197	40	48	0	2	0	2	-76	33068	4	0	1596	1478	78,78
1532429328.663521340	197	40	48	0	2	0	2	-76	33069	4	0	1596	1478	78,78
1532429328.675255073	197	40	48	0	2	0	2	-76	33070	4	0	1596	1478	78,78
1532429328.687023749	197	40	48	0	2	0	2	-76	33071	4	0	1596	1478	78,78
1532429328.699195780	197	40	48	0	2	0	2	-76	33072	4	0	1596	1478	78,78
1532429328.710455435	197	40	48	0	2	0	2	-77	33073	4	0	1596	1478	78,78
1532429328.722334460	197	40	48	0	2	0	2	-76	33074	4	0	1596	1478	78,78
1532429328.734068021	197	40	48	0	2	0	2	-76	33075	4	0	1596	1478	78,78
1532429328.745846864	197	40	48	0	2	0	2	-76	33076	4	0	1596	1478	78,78
1532429328.757577884	197	40	48	0	2	0	2	-76	33077	4	0	1596	1478	78,78
1532429328.769339483	197	40	48	0	2	0	2	-76	33078	4	0	1596	1478	78,78
1532429328.781103233	197	40	48	0	2	0	2	-76	33079	4	0	1596	1478	78,78
1532429328.792823660	197	40	48	0	2	0	2	-76	33080	4	0	1596	1478	78,78
1532429328.804557072	197	40	48	0	2	0	2	-76	33081	4	0	1596	1478	78,78
1532429328.816342477	197	40	48	0	2	0	2	-76	33082	4	0	1596	1478	78,78
1532429328.828059552	197	40	48	0	2	0	2	-76	33083	4	0	1596	1478	78,78
1532429328.839828982	197	40	48	0	2	0	2	-76	33084	4	0	1596	1478	78,78
1532429328.851678350	197	40	48	0	2	0	2	-76	33085	4	0	1596	1478	78,78
1532429328.864133225	197	40	48	0	2	0	2	-76	33086	4	0	1596	1478	78,78
1532429328.875111086	197	40	48	0	2	0	2	-76	33087	4	0	1596	1478	78,78
1532429328.886861298	197	40	48	0	2	0	2	-76	33088	4	0	1596	1478	78,78
1532429328.898589631	197	40	48	0	2	0	2	-76	33089	4	0	1596	1478	78,78
1532429328.910384586	197	40	48	0	2	0	2	-76	33090	4	0	1596	1478	78,78
1532429328.922243765	197	40	48	0	2	0	2	-75	33091	4	0	1596	1478	78,78
1532429328.933980385	197	40	48	0	2	0	2	-76	33092	4	0	1596	1478	78,78
1532429328.945754111	197	40	48	0	2	0	2	-76	33093	4	0	1596	1478	78,78
1532429328.957506539	197	40	48	0	2	0	2	-76	33094	4	0	1596	1478	78,78
1532429328.969183707	197	40	48	0	2	0	2	-76	33095	4	0	1596	1478	78,78
1532429328.980891591	197	40	48	0	2	0	2	-76	33096	4	0	1596	1478	78,78
1532429328.992776277	197	40	48	0	2	0	2	-76	33098	4	0	1596	1478	78,78
1532429329.004552128	197	40	48	0	2	0	2	-76	33099	4	0	1596	1478	78,78
1532429329.016323471	197	40	48	0	2	0	2	-76	33100	4	0	1596	1478	78,78
1532429329.028579831	197	40	48	0	2	0	2	-76	33101	4	0	1596	1478	78,78
1532429329.039847167	197	40	48	0	2	0	2	-76	33102	4	0	1596	1478	78,78
1532429329.051598795	197	40	48	0	2	0	2	-76	33103	4	0	1596	1478	78,78
1532429329.063252330	197	40	48	0	2	0	2	-76	33104	4	0	1596	1478	78,78
1532429329.075092503	197	40	48	0	2	0	2	-76	33105	4	0	1596	1478	78,78
1532429329.086873455	197	40	48	0	2	0	2	-76	33106	4	0	1596	1478	78,78
1532429329.098543681	197	40	48	0	2	0	2	-76	33107	4	0	1596	1478	78,78
1532429329.110395058	197	40	48	0	2	0	2	-76	33108	4	0	1596	1478	78,78
1532429329.122171089	197	40	48	0	2	0	2	-76	33109	4	0	1596	1478	78,78
1532429329.133806376	197	40	48	0	2	0	2	-76	33110	4	0	1596	1478	78,78
1532429329.145548521	197	40	48	0	2	0	2	-77	33111	4	0	1596	1478	78,78
1532429329.157309061	197	40	48	0	2	0	2	-77	33112	4	0	1596	1478	78,78
1532429329.169074449	197	40	48	0	2	0	2	-76	33113	4	0	1596	1478	78,78
1532429329.180823443	197	40	48	0	2	0	2	-77	33114	4	0	1596	1478	78,78
1532429329.193016976	197	40	48	0	2	0	2	-76	33115	4	0	1596	1478	78,78
1532429329.204341661	197	40	48	0	2	0	2	-77	33116	4	0	1596	1478	78,78
1532429329.216077929	197	40	48	0	2	0	2	-77	33117	4	0	1596	1478	78,78
1532429329.227903488	197	40	48	0	2	0	2	-77	33118	4	0	1596	1478	78,78
1532429329.239625912	197	40	48	0	2	0	2	-76	33119	4	0	1596	1478	78,78
1532429329.251526833	197	40	48	0	2	0	2	-77	33120	4	0	1596	1478	78,78
1532429329.263151804	197	40	48	0	2	0	2	-77	33121	4	0	1596	1478	78,78
1532429329.275412143	197	40	48	0	2	0	2	-77	33122	4	0	1596	1478	78,78
1532429329.286672050	197	40	48	0	2	0	2	-77	33123	4	0	1596	1478	78,78
1532429329.298334796	197	40	48	0	2	0	2	-76	33124	4	0	1596	1478	78,78
1532429329.310064128	197	40	48	0	2	0	2	-77	33125	4	0	1596	1478	78,78
1532429329.321951606	197	40	48	0	2	0	2	-77	33126	4	0	1596	1478	78,78
1532429329.333751443	197	40	48	0	2	0	2	-77	33127	4	0	1596	1478	78,78
1532429329.345449742	197	40	48	0	2	0	2	-76	33128	4	0	1596	1478	78,78
1532429329.357621564	197	40	48	0	2	0	2	-77	33129	4	0	1596	1478	78,78
1532429329.368918736	197	40	48	0	2	0	2	-77	33130	4	0	1596	1478	78,78
1532429329.380658018	197	40	48	0	2	0	2	-76	33131	4	0	1596	1478	78,78
1532429329.392409260	197	40	48	0	2	0	2	-77	33132	4	0	1596	1478	78,78
1532429329.404168684	197	40	48	0	2	0	2	-76	33133	4	0	1596	1478	78,78
1532429329.416021127	197	40	48	0	2	0	2	-76	33134	4	0	1596	1478	78,78
1532429329.428347915	197	40	48	0	2	0	2	-77	33135	4	0	1596	1478	78,78
1532429329.439564709	197	40	48	0	2	0	2	-77	33136	4	0	1596	1478	78,78
1532429329.451385910	197	40	48	0	2	0	2	-77	33137	4	0	1596	1478	78,78
1532429329.463099166	197	40	48	0	2	0	2	-77	33138	4	0	1596	1478	78,78
1532429329.474922324	197	40	48	0	2	0	2	-76	33139	4	0	1596	1478	78,78
1532429329.486630915	197	40	48	0	2	0	2	-77	33140	4	0	1596	1478	78,78
1532429329.498910448	197	40	48	0	2	0	2	-76	33141	4	0	1596	1478	78,78
1532429329.510213716	197	40	48	0	2	0	2	-77	33142	4	0	1596	1478	78,78
1532429329.522448393	197	40	48	0	2	0	2	-77	33143	4	0	1596	1478	78,78
1532429329.533703235	197	40	48	0	2	0	2	-77	33144	4	0	1596	1478	78,78
1532429329.545426922	197	40	48	0	2	0	2	-77	33145	4	0	1596	1478	78,78
1532429329.557191881	197	40	48	0	2	0	2	-77	33146	4	0	1596	1478	78,78
1532429329.569034534	197	40	48	0	2	0	2	-77	33147	4	0	1596	1478	78,78
1532429329.580772410	197	40	48	0	2	0	2	-77	33148	4	0	1596	1478	78,78
1532429329.592572827	197	40	48	0	2	0	2	-77	33149	4	0	1596	1478	78,78
1532429329.604235380	197	40	48	0	2	0	2	-76	33150	4	0	1596	1478	78,78
1532429329.616075224	197	40	48	0	2	0	2	-77	33151	4	0	1596	1478	78,78
1532429329.627745821	197	40	48	0	2	0	2	-76	33152	4	0	1596	1478	78,78
1532429329.639659444	197	40	48	0	2	0	2	-76	33153	4	0	1596	1478	78,78
1532429329.651387862	197	40	48	0	2	0	2	-77	33154	4	0	1596	1478	78,78
1532429329.663098272	197	40	48	0	2	0	2	-76	33155	4	0	1596	1478	78,78
1532429329.674854550	197	40	48	0	2	0	2	-77	33156	4	0	1596	1478	78,78
1532429329.687051902	197	40	48	0	2	0	2	-76	33157	4	0	1596	1478	78,78
1532429329.698394130	197	40	48	0	2	0	2	-76	33158	4	0	1596	1478	78,78
1532429329.710173429	197	40	48	0	2	0	2	-76	33159	4	0	1596	1478	78,78
1532429329.721906641	197	40	48	0	2	0	2	-76	33160	4	0	1596	1478	78,78
1532429329.733660445	197	40	48	0	2	0	2	-76	33161	4	0	1596	1478	78,78
1532429329.745440721	197	40	48	0	2	0	2	-76	33162	4	0	1596	1478	78,78
1532429329.757102637	197	40	48	0	2	0	2	-76	33163	4	0	1596	1478	78,78
1532429329.768947864	197	40	48	0	2	0	2	-76	33164	4	0	1596	1478	78,78
1532429329.780719762	197	40	48	0	2	0	2	-76	33165	4	0	1596	1478	78,78
1532429329.792494899	197	40	48	0	2	0	2	-76	33166	4	0	1596	1478	78,78
1532429329.804236536	197	40	48	0	2	0	2	-76	33167	4	0	1596	1478	78,78
1532429329.815896843	197	40	48	0	2	0	2	-76	33168	4	0	1596	1478	78,78
1532429329.827633528	197	40	48	0	2	0	2	-76	33169	4	0	1596	1478	78,78
1532429329.839555912	197	40	48	0	2	0	2	-76	33170	4	0	1596	1478	78,78
1532429329.851692743	197	40	48	0	2	0	2	-76	33171	4	0	1596	1478	78,78
1532429329.866901600	197	40	48	0	2	0	2	-76	33176	4	0	1596	1478	78,78
1532429329.874684960	197	40	48	0	2	0	2	-76	33177	4	0	1596	1478	78,78
1532429329.886456572	197	40	48	0	2	0	2	-76	33178	4	0	1596	1478	78,78
1532429329.898305840	197	40	48	0	2	0	2	-76	33179	4	0	1596	1478	78,78
1532429329.910082543	197	40	48	0	2	0	2	-76	33180	4	0	1596	1478	78,78
1532429329.921835029	197	40	48	0	2	0	2	-76	33181	4	0	1596	1478	78,78
1532429329.933737988	197	40	48	0	2	0	2	-76	33183	4	0	1596	1478	78,78
1532429329.945386598	197	40	48	0	2	0	2	-76	33187	4	0	1596	1478	78,78
1532429329.957126118	197	40	48	0	2	0	2	-76	33188	4	0	1596	1478	78,78
1532429329.968728997	197	40	48	0	2	0	2	-76	33189	4	0	1596	1478	78,78
1532429329.980633559	197	40	48	0	2	0	2	-76	33190	4	0	1596	1478	78,78
1532429329.992414984	197	40	48	0	2	0	2	-76	33191	4	0	1596	1478	78,78
1532429330.004164951	197	40	48	0	2	0	2	-76	33192	4	0	1596	1478	78,78
1532429330.016339050	197	40	48	0	2	0	2	-76	33193	4	0	1596	1478	78,78
1532429330.027677887	197	40	48	0	2	0	2	-76	33194	4	0	1596	1478	78,78
1532429330.039346896	197	40	48	0	2	0	2	-76	33195	4	0	1596	1478	78,78
1532429330.051205123	197	40	48	0	2	0	2	-76	33196	4	0	1596	1478	78,78
1532429330.062959686	197	40	48	0	2	0	2	-76	33197	4	0	1596	1478	78,78
1532429330.074630471	197	40	48	0	2	0	2	-76	33198	4	0	1596	1478	78,78
1532429330.086455397	197	40	48	0	2	0	2	-76	33199	4	0	1596	1478	78,78
1532429330.098222345	197	40	48	0	2	0	2	-76	33200	4	0	1596	1478	78,78
1532429330.109911349	197	40	48	0	2	0	2	-76	33201	4	0	1596	1478	78,78
1532429330.121669304	197	40	48	0	2	0	2	-76	33202	4	0	1596	1478	78,78
1532429330.133389443	197	40	48	0	2	0	2	-77	33203	4	0	1596	1478	78,78
1532429330.145223252	197	40	48	0	2	0	2	-76	33204	4	0	1596	1478	78,78
1532429330.156933703	197	40	48	0	2	0	2	-76	33205	4	0	1596	1478	78,78
1532429330.168668243	197	40	48	0	2	0	2	-76	33206	4	0	1596	1478	78,78
1532429330.180834707	197	40	48	0	2	0	2	-76	33207	4	0	1596	1478	78,78
1532429330.192184533	197	40	48	0	2	0	2	-76	33208	4	0	1596	1478	78,78
1532429330.203937337	197	40	48	0	2	0	2	-77	33209	4	0	1596	1478	78,78
1532429330.215653336	197	40	48	0	2	0	2	-76	33210	4	0	1596	1478	78,78
1532429330.227464999	197	40	48	0	2	0	2	-76	33211	4	0	1596	1478	78,78
1532429330.239232383	197	40	48	0	2	0	2	-76	33212	4	0	1596	1478	78,78
1532429330.251079121	197	40	48	0	2	0	2	-76	33213	4	0	1596	1478	78,78
1532429330.262871961	197	40	48	0	2	0	2	-76	33214	4	0	1596	1478	78,78
1532429330.274617481	197	40	48	0	2	0	2	-77	33215	4	0	1596	1478	78,78
1532429330.286385268	197	40	48	0	2	0	2	-76	33216	4	0	1596	1478	78,78
1532429330.298152119	197	40	48	0	2	0	2	-76	33217	4	0	1596	1478	78,78
1532429330.309929642	197	40	48	0	2	0	2	-76	33218	4	0	1596	1478	78,78
1532429330.321592551	197	40	48	0	2	0	2	-77	33219	4	0	1596	1478	78,78
1532429330.333355653	197	40	48	0	2	0	2	-77	33220	4	0	1596	1478	78,78
1532429330.345565240	197	40	48	0	2	0	2	-76	33221	4	0	1596	1478	78,78
1532429330.356880315	197	40	48	0	2	0	2	-76	33222	4	0	1596	1478	78,78
1532429330.368611040	197	40	48	0	2	0	2	-76	33223	4	0	1596	1478	78,78
1532429330.380363586	197	40	48	0	2	0	2	-76	33224	4	0	1596	1478	78,78
1532429330.392246475	197	40	48	0	2	0	2	-76	33225	4	0	1596	1478	78,78
1532429330.404011369	197	40	48	0	2	0	2	-76	33226	4	0	1596	1478	78,78
1532429330.415739494	197	40	48	0	2	0	2	-76	33227	4	0	1596	1478	78,78
1532429330.427496307	197	40	48	0	2	0	2	-76	33228	4	0	1596	1478	78,78
1532429330.439171424	197	40	48	0	2	0	2	-76	33229	4	0	1596	1478	78,78
1532429330.450947777	197	40	48	0	2	0	2	-76	33230	4	0	1596	1478	78,78
1532429330.462855630	197	40	48	0	2	0	2	-77	33232	4	0	1596	1478	78,78
1532429330.474458048	197	40	48	0	2	0	2	-76	33233	4	0	1596	1478	78,78
1532429330.486233638	197	40	48	0	2	0	2	-77	33234	4	0	1596	1478	78,78
1532429330.497977318	197	40	48	0	2	0	2	-77	33235	4	0	1596	1478	78,78
1532429330.510152541	197	40	48	0	2	0	2	-76	33236	4	0	1596	1478	78,78
1532429330.521506695	197	40	48	0	2	0	2	-77	33237	4	0	1596	1478	78,78
1532429330.533351768	197	40	48	0	2	0	2	-77	33238	4	0	1596	1478	78,78
1532429330.545107394	197	40	48	0	2	0	2	-77	33239	4	0	1596	1478	78,78
1532429330.556926534	197	40	48	0	2	0	2	-77	33240	4	0	1596	1478	78,78
1532429330.568544744	197	40	48	0	2	0	2	-77	33241	4	0	1596	1478	78,78
1532429330.580291351	197	40	48	0	2	0	2	-77	33242	4	0	1596	1478	78,78
1532429330.592156646	197	40	48	0	2	0	2	-77	33243	4	0	1596	1478	78,78
1532429330.603937220	197	40	48	0	2	0	2	-77	33244	4	0	1596	1478	78,78
1532429330.615630826	197	40	48	0	2	0	2	-77	33245	4	0	1596	1478	78,78
1532429330.627442471	197	40	48	0	2	0	2	-77	33246	4	0	1596	1478	78,78
1532429330.639198827	197	40	48	0	2	0	2	-77	33247	4	0	1596	1478	78,78
1532429330.650943215	197	40	48	0	2	0	2	-77	33248	4	0	1596	1478	78,78
1532429330.662653217	197	40	48	0	2	0	2	-77	33249	4	0	1596	1478	78,78
1532429330.674958417	197	40	48	0	2	0	2	-77	33250	4	0	1596	1478	78,78
1532429330.686207223	197	40	48	0	2	0	2	-77	33251	4	0	1596	1478	78,78
1532429330.698003020	197	40	48	0	2	0	2	-77	33252	4	0	1596	1478	78,78
1532429330.709772724	197	40	48	0	2	0	2	-77	33253	4	0	1596	1478	78,78
1532429330.721431325	197	40	48	0	2	0	2	-77	33254	4	0	1596	1478	78,78
1532429330.733260144	197	40	48	0	2	0	2	-77	33255	4	0	1596	1478	78,78
1532429330.745033421	197	40	48	0	2	0	2	-77	33256	4	0	1596	1478	78,78
1532429330.756780739	197	40	48	0	2	0	2	-77	33257	4	0	1596	1478	78,78
1532429330.768565662	197	40	48	0	2	0	2	-76	33258	4	0	1596	1478	78,78
1532429330.780323338	197	40	48	0	2	0	2	-77	33259	4	0	1596	1478	78,78
1532429330.791959550	197	40	48	0	2	0	2	-77	33260	4	0	1596	1478	78,78
1532429330.803826531	197	40	48	0	2	0	2	-77	33261	4	0	1596	1478	78,78
1532429330.815592156	197	40	48	0	2	0	2	-77	33262	4	0	1596	1478	78,78
1532429330.827370413	197	40	48	0	2	0	2	-77	33263	4	0	1596	1478	78,78
1532429330.839492853	197	40	48	0	2	0	2	-77	33264	4	0	1596	1478	78,78
1532429330.850781945	197	40	48	0	2	0	2	-77	33265	4	0	1596	1478	78,78
1532429330.862682323	197	40	48	0	2	0	2	-77	33266	4	0	1596	1478	78,78
1532429330.874305022	197	40	48	0	2	0	2	-77	33267	4	0	1596	1478	78,78
1532429330.886148952	197	40	48	0	2	0	2	-77	33268	4	0	1596	1478	78,78
1532429330.897908865	197	40	48	0	2	0	2	-76	33269	4	0	1596	1478	78,78
1532429330.909682808	197	40	48	0	2	0	2	-77	33270	4	0	1596	1478	78,78
1532429330.921443499	197	40	48	0	2	0	2	-77	33271	4	0	1596	1478	78,78
1532429330.933191286	197	40	48	0	2	0	2	-76	33272	4	0	1596	1478	78,78
1532429330.944966959	197	40	48	0	2	0	2	-76	33273	4	0	1596	1478	78,78
1532429330.956713883	197	40	48	0	2	0	2	-77	33274	4	0	1596	1478	78,78
1532429330.968384959	197	40	48	0	2	0	2	-77	33275	4	0	1596	1478	78,78
1532429330.980155779	197	40	48	0	2	0	2	-77	33276	4	0	1596	1478	78,78
1532429330.991983668	197	40	48	0	2	0	2	-77	33277	4	0	1596	1478	78,78
1532429331.004245114	197	40	48	0	2	0	2	-77	33278	4	0	1596	1478	78,78
1532429331.015406210	197	40	48	0	2	0	2	-77	33279	4	0	1596	1478	78,78
1532429331.027306635	197	40	48	0	2	0	2	-77	33280	4	0	1596	1478	78,78
1532429331.039038853	197	40	48	0	2	0	2	-77	33281	4	0	1596	1478	78,78
1532429331.050783045	197	40	48	0	2	0	2	-77	33282	4	0	1596	1478	78,78
1532429331.062553093	197	40	48	0	2	0	2	-77	33283	4	0	1596	1478	78,78
1532429331.074240922	197	40	48	0	2	0	2	-77	33284	4	0	1596	1478	78,78
1532429331.085977837	197	40	48	0	2	0	2	-77	33285	4	0	1596	1478	78,78
1532429331.097732737	197	40	48	0	2	0	2	-77	33286	4	0	1596	1478	78,78
1532429331.109489390	197	40	48	0	2	0	2	-77	33287	4	0	1596	1478	78,78
1532429331.121231150	197	40	48	0	2	0	2	-77	33288	4	0	1596	1478	78,78
1532429331.132912895	197	40	48	0	2	0	2	-76	33289	4	0	1596	1478	78,78
1532429331.144757206	197	40	48	0	2	0	2	-77	33290	4	0	1596	1478	78,78
1532429331.156542227	197	40	48	0	2	0	2	-77	33291	4	0	1596	1478	78,78
1532429331.169370070	197	40	48	0	2	0	2	-77	33292	4	0	1596	1478	78,78
1532429331.180049066	197	40	48	0	2	0	2	-77	33293	4	0	1596	1478	78,78
1532429331.191661144	197	40	48	0	2	0	2	-77	33294	4	0	1596	1478	78,78
1532429331.203541561	197	40	48	0	2	0	2	-77	33295	4	0	1596	1478	78,78
1532429331.215719645	197	40	48	0	2	0	2	-76	33297	4	0	1596	1478	78,78
1532429331.227061059	197	40	48	0	2	0	2	-77	33298	4	0	1596	1478	78,78
1532429331.238844614	197	40	48	0	2	0	2	-77	33299	4	0	1596	1478	78,78
1532429331.250595191	197	40	48	0	2	0	2	-77	33300	4	0	1596	1478	78,78
1532429331.262456436	197	40	48	0	2	0	2	-76	33301	4	0	1596	1478	78,78
1532429331.274284710	197	40	48	0	2	0	2	-77	33302	4	0	1596	1478	78,78
1532429331.285978467	197	40	48	0	2	0	2	-77	33303	4	0	1596	1478	78,78
1532429331.297754530	197	40	48	0	2	0	2	-77	33304	4	0	1596	1478	78,78
1532429331.309537914	197	40	48	0	2	0	2	-77	33305	4	0	1596	1478	78,78
1532429331.321274278	197	40	48	0	2	0	2	-77	33306	4	0	1596	1478	78,78
1532429331.333466003	197	40	48	0	2	0	2	-77	33307	4	0	1596	1478	78,78
1532429331.344793758	197	40	48	0	2	0	2	-77	33308	4	0	1596	1478	78,78
1532429331.345309058	197	40	48	0	2	0	2	-77	33309	4	0	1596	1478	78,78
1532429331.356444886	197	40	48	0	2	0	2	-77	33310	4	0	1596	1478	78,78
1532429331.368172072	197	40	48	0	2	0	2	-77	33311	4	0	1596	1478	78,78
1532429331.379999993	197	40	48	0	2	0	2	-77	33312	4	0	1596	1478	78,78
1532429331.391843129	197	40	48	0	2	0	2	-77	33313	4	0	1596	1478	78,78
1532429331.403554619	197	40	48	0	2	0	2	-77	33314	4	0	1596	1478	78,78
1532429331.415339775	197	40	48	0	2	0	2	-77	33315	4	0	1596	1478	78,78
1532429331.427104045	197	40	48	0	2	0	2	-77	33316	4	0	1596	1478	78,78
1532429331.438884050	197	40	48	0	2	0	2	-77	33317	4	0	1596	1478	78,78
1532429331.450658350	197	40	48	0	2	0	2	-77	33318	4	0	1596	1478	78,78
1532429331.462298629	197	40	48	0	2	0	2	-77	33319	4	0	1596	1478	78,78
1532429331.474094538	197	40	48	0	2	0	2	-77	33320	4	0	1596	1478	78,78
1532429331.485948869	197	40	48	0	2	0	2	-77	33321	4	0	1596	1478	78,78
1532429331.498184812	197	40	48	0	2	0	2	-77	33322	4	0	1596	1478	78,78
1532429331.509509351	197	40	48	0	2	0	2	-77	33323	4	0	1596	1478	78,78
1532429331.521234095	197	40	48	0	2	0	2	-77	33324	4	0	1596	1478	78,78
1532429331.533031801	197	40	48	0	2	0	2	-77	33325	4	0	1596	1478	78,78
1532429331.544694461	197	40	48	0	2	0	2	-77	33326	4	0	1596	1478	78,78
1532429331.556536533	197	40	48	0	2	0	2	-77	33327	4	0	1596	1478	78,78
1532429331.568274281	197	40	48	0	2	0	2	-77	33328	4	0	1596	1478	78,78
1532429331.580040377	197	40	48	0	2	0	2	-77	33329	4	0	1596	1478	78,78
1532429331.591799129	197	40	48	0	2	0	2	-77	33330	4	0	1596	1478	78,78
1532429331.603575289	197	40	48	0	2	0	2	-77	33331	4	0	1596	1478	78,78
1532429331.615336717	197	40	48	0	2	0	2	-77	33332	4	0	1596	1478	78,78
1532429331.627098819	197	40	48	0	2	0	2	-76	33333	4	0	1596	1478	78,78
1532429331.638858581	197	40	48	0	2	0	2	-77	33334	4	0	1596	1478	78,78
1532429331.650594836	197	40	48	0	2	0	2	-77	33335	4	0	1596	1478	78,78
1532429331.662795713	197	40	48	0	2	0	2	-77	33336	4	0	1596	1478	78,78
1532429331.674121992	197	40	48	0	2	0	2	-77	33337	4	0	1596	1478	78,78
1532429331.685867419	197	40	48	0	2	0	2	-77	33338	4	0	1596	1478	78,78
1532429331.697623898	197	40	48	0	2	0	2	-77	33339	4	0	1596	1478	78,78
1532429331.709282179	197	40	48	0	2	0	2	-77	33340	4	0	1596	1478	78,78
1532429331.721000050	197	40	48	0	2	0	2	-77	33341	4	0	1596	1478	78,78
1532429331.732854941	197	40	48	0	2	0	2	-77	33342	4	0	1596	1478	78,78
1532429331.745868052	197	40	48	0	2	0	2	-76	33343	4	0	1596	1478	78,78
1532429331.756874554	197	40	48	0	2	0	2	-77	33344	4	0	1596	1478	78,78
1532429331.768347221	197	40	48	0	2	0	2	-77	33345	4	0	1596	1478	78,78
1532429331.779910328	197	40	48	0	2	0	2	-77	33346	4	0	1596	1478	78,78
1532429331.793153003	197	40	48	0	2	0	2	-77	33347	4	0	1596	1478	78,78
1532429331.803422635	197	40	48	0	2	0	2	-77	33348	4	0	1596	1478	78,78
1532429331.818985362	197	40	48	0	2	0	2	-77	33349	4	0	1596	1478	78,78
1532429331.830428459	197	40	48	0	2	0	2	-77	33351	4	0	1596	1478	78,78
1532429331.838728350	197	40	48	0	2	0	2	-77	33352	4	0	1596	1478	78,78
1532429331.855963696	197	40	48	0	2	0	2	-76	33353	4	0	1596	1478	78,78
1532429331.862084842	197	40	48	0	2	0	2	-77	33354	4	0	1596	1478	78,78
1532429331.877559733	197	40	48	0	2	0	2	-76	33357	4	0	1596	1478	78,78
1532429331.886969750	197	40	48	0	2	0	2	-76	33359	4	0	1596	1478	78,78
1532429331.898349678	197	40	48	0	2	0	2	-77	33361	4	0	1596	1478	78,78
1532429331.910729122	197	40	48	0	2	0	2	-77	33362	4	0	1596	1478	78,78
1532429331.922878324	197	40	48	0	2	0	2	-77	33365	4	0	1596	1478	78,78
1532429331.935261414	197	40	48	0	2	0	2	-77	33367	4	0	1596	1478	78,78
1532429331.947270009	197	40	48	0	2	0	2	-77	33368	4	0	1596	1478	78,78
1532429331.957808227	197	40	48	0	2	0	2	-77	33369	4	0	1596	1478	78,78
1532429331.969247510	197	40	48	0	2	0	2	-77	33370	4	0	1596	1478	78,78
1532429331.980678614	197	40	48	0	2	0	2	-77	33371	4	0	1596	1478	78,78
1532429331.998770142	197	40	48	0	2	0	2	-78	33372	4	0	1596	1478	78,78
1532429332.004053065	197	40	48	0	2	0	2	-77	33374	4	0	1596	1478	78,78
1532429332.015113364	197	40	48	0	2	0	2	-78	33375	4	0	1596	1478	78,78
1532429332.027500100	197	40	48	0	2	0	2	-77	33376	4	0	1596	1478	78,78
1532429332.039155779	197	40	48	0	2	0	2	-77	33377	4	0	1596	1478	78,78
1532429332.053074710	197	40	48	0	2	0	2	-77	33379	4	0	1596	1478	78,78
1532429332.064644456	197	40	48	0	2	0	2	-77	33380	4	0	1596	1478	78,78
1532429332.075097229	197	40	48	0	2	0	2	-77	33382	4	0	1596	1478	78,78
1532429332.086193836	197	40	48	0	2	0	2	-78	33384	4	0	1596	1478	78,78
1532429332.100007386	197	40	48	0	2	0	2	-77	33386	4	0	1596	1478	78,78
1532429332.110885577	197	40	48	0	2	0	2	-78	33388	4	0	1596	1478	78,78
1532429332.123416966	197	40	48	0	2	0	2	-77	33390	4	0	1596	1478	78,78
1532429332.132569638	197	40	48	0	2	0	2	-77	33391	4	0	1596	1478	78,78
1532429332.146614330	197	40	48	0	2	0	2	-77	33393	4	0	1596	1478	78,78
1532429332.156407873	197	40	48	0	2	0	2	-77	33394	4	0	1596	1478	78,78
1532429332.168841912	197	40	48	0	2	0	2	-77	33396	4	0	1596	1478	78,78
1532429332.179746902	197	40	48	0	2	0	2	-77	33397	4	0	1596	1478	78,78
1532429332.191515826	197	40	48	0	2	0	2	-77	33398	4	0	1596	1478	78,78
1532429332.204120213	197	40	48	0	2	0	2	-77	33399	4	0	1596	1478	78,78
1532429332.221111497	197	40	48	0	2	0	2	-77	33405	4	0	1596	1478	78,78
1532429332.229301919	197	40	48	0	2	0	2	-77	33407	4	0	1596	1478	78,78
1532429332.240851188	197	40	48	0	2	0	2	-77	33410	4	0	1596	1478	78,78
1532429332.252249223	197	40	48	0	2	0	2	-77	33412	4	0	1596	1478	78,78
1532429332.265970505	197	40	48	0	2	0	2	-77	33415	4	0	1596	1478	78,78
1532429332.275370537	197	40	48	0	2	0	2	-77	33418	4	0	1596	1478	78,78
1532429332.286118063	197	40	48	0	2	0	2	-77	33419	4	0	1596	1478	78,78
1532429332.303084949	197	40	48	0	2	0	2	-77	33420	4	0	1596	1478	78,78
1532429332.311384955	197	40	48	0	2	0	2	-77	33422	4	0	1596	1478	78,78
1532429332.320846077	197	40	48	0	2	0	2	-77	33423	4	0	1596	1478	78,78
1532429332.333021689	197	40	48	0	2	0	2	-77	33424	4	0	1596	1478	78,78
1532429332.344592044	197	40	48	0	2	0	2	-77	33425	4	0	1596	1478	78,78
1532429332.356155505	197	40	48	0	2	0	2	-77	33426	4	0	1596	1478	78,78
1532429332.367864625	197	40	48	0	2	0	2	-77	33427	4	0	1596	1478	78,78
1532429332.380743905	197	40	48	0	2	0	2	-77	33428	4	0	1596	1478	78,78
1532429332.391402241	197	40	48	0	2	0	2	-77	33429	4	0	1596	1478	78,78
1532429332.403212540	197	40	48	0	2	0	2	-77	33430	4	0	1596	1478	78,78
1532429332.414957489	197	40	48	0	2	0	2	-77	33431	4	0	1596	1478	78,78
1532429332.426705143	197	40	48	0	2	0	2	-77	33432	4	0	1596	1478	78,78
1532429332.438373519	197	40	48	0	2	0	2	-77	33433	4	0	1596	1478	78,78
1532429332.450070705	197	40	48	0	2	0	2	-77	33434	4	0	1596	1478	78,78
1532429332.461826904	197	40	48	0	2	0	2	-77	33435	4	0	1596	1478	78,78
1532429332.473631917	197	40	48	0	2	0	2	-77	33436	4	0	1596	1478	78,78
1532429332.485404789	197	40	48	0	2	0	2	-77	33437	4	0	1596	1478	78,78
1532429332.497175727	197	40	48	0	2	0	2	-77	33438	4	0	1596	1478	78,78
1532429332.508990924	197	40	48	0	2	0	2	-77	33439	4	0	1596	1478	78,78
1532429332.520794266	197	40	48	0	2	0	2	-77	33440	4	0	1596	1478	78,78
1532429332.532557730	197	40	48	0	2	0	2	-77	33441	4	0	1596	1478	78,78
1532429332.544754729	197	40	48	0	2	0	2	-77	33442	4	0	1596	1478	78,78
1532429332.555985993	197	40	48	0	2	0	2	-77	33443	4	0	1596	1478	78,78
1532429332.567852910	197	40	48	0	2	0	2	-77	33444	4	0	1596	1478	78,78
1532429332.579605193	197	40	48	0	2	0	2	-77	33445	4	0	1596	1478	78,78
1532429332.591353048	197	40	48	0	2	0	2	-77	33446	4	0	1596	1478	78,78
1532429332.591736388	197	40	48	0	2	0	2	-77	33447	4	0	1596	1478	78,78
1532429332.603164214	197	40	48	0	2	0	2	-77	33448	4	0	1596	1478	78,78
1532429332.614893283	197	40	48	0	2	0	2	-77	33449	4	0	1596	1478	78,78
1532429332.626641564	197	40	48	0	2	0	2	-77	33450	4	0	1596	1478	78,78
1532429332.638402574	197	40	48	0	2	0	2	-77	33451	4	0	1596	1478	78,78
1532429332.650153968	197	40	48	0	2	0	2	-78	33452	4	0	1596	1478	78,78
1532429332.661917544	197	40	48	0	2	0	2	-77	33453	4	0	1596	1478	78,78
1532429332.673599345	197	40	48	0	2	0	2	-77	33454	4	0	1596	1478	78,78
1532429332.685440155	197	40	48	0	2	0	2	-77	33455	4	0	1596	1478	78,78
1532429332.697230139	197	40	48	0	2	0	2	-77	33456	4	0	1596	1478	78,78
1532429332.709475784	197	40	48	0	2	0	2	-77	33457	4	0	1596	1478	78,78
1532429332.720718057	197	40	48	0	2	0	2	-77	33458	4	0	1596	1478	78,78
1532429332.732472685	197	40	48	0	2	0	2	-77	33459	4	0	1596	1478	78,78
1532429332.744247742	197	40	48	0	2	0	2	-77	33460	4	0	1596	1478	78,78
1532429332.755997282	197	40	48	0	2	0	2	-77	33461	4	0	1596	1478	78,78
1532429332.767774042	197	40	48	0	2	0	2	-77	33462	4	0	1596	1478	78,78
1532429332.779506257	197	40	48	0	2	0	2	-76	33463	4	0	1596	1478	78,78
1532429332.791287057	197	40	48	0	2	0	2	-77	33464	4	0	1596	1478	78,78
1532429332.803034647	197	40	48	0	2	0	2	-77	33465	4	0	1596	1478	78,78
1532429332.814838676	197	40	48	0	2	0	2	-76	33466	4	0	1596	1478	78,78
1532429332.826448374	197	40	48	0	2	0	2	-77	33467	4	0	1596	1478	78,78
1532429332.838342571	197	40	48	0	2	0	2	-76	33468	4	0	1596	1478	78,78
1532429332.850085210	197	40	48	0	2	0	2	-77	33469	4	0	1596	1478	78,78
