1526403938.765339614	984	40	60	0	1	1	2	-89	106592	1	0	1596	1478	13,13
1526403938.765384058	984	40	60	0	1	1	2	-89	106592	1	0	1596	1478	13,13
1526403938.767052246	984	40	60	0	1	1	2	-89	106592	1	0	1596	1478	13,13
1526403938.767108851	984	40	60	0	1	1	2	-89	106592	1	0	1596	1478	13,13
1526403938.768342161	984	40	60	0	1	1	2	-88	106593	1	0	1596	1478	13,13
1526403938.770498256	984	40	60	0	1	1	2	-90	106595	1	0	1596	1478	13,13
1526403938.780738728	984	40	60	0	1	1	2	-89	106596	1	0	1596	1478	13,13
1526403938.792513782	984	40	60	0	1	1	2	-87	106597	1	0	1596	1478	13,13
1526403938.804346145	984	40	60	0	1	1	2	-88	106598	1	0	1596	1478	13,13
1526403938.815791052	669	40	60	0	1	1	2	-89	106599	2	0	1596	1478	19,5,19,5
1526403938.827466999	669	40	60	0	1	1	2	-88	106600	2	0	1596	1478	19,5,19,5
1526403938.842102227	669	40	60	0	1	1	2	-89	106604	2	0	1596	1478	19,5,19,5
1526403938.851085982	669	40	60	0	1	1	2	-88	106605	2	0	1596	1478	19,5,19,5
1526403938.862829896	669	40	60	0	1	1	2	-88	106606	2	0	1596	1478	19,5,19,5
1526403938.875386722	669	40	60	0	1	1	2	-89	106607	2	0	1596	1478	19,5,19,5
1526403938.886348936	669	40	60	0	1	1	2	-89	106608	2	0	1596	1478	19,5,19,5
1526403938.898027949	669	40	60	0	1	1	2	-90	106609	2	0	1596	1478	19,5,19,5
1526403938.909879081	669	40	60	0	1	1	2	-89	106610	2	0	1596	1478	19,5,19,5
1526403938.921812880	669	40	60	0	1	1	2	-89	106611	2	0	1596	1478	19,5,19,5
1526403938.934290636	669	40	60	0	1	1	2	-88	106613	2	0	1596	1478	19,5,19,5
1526403938.945158464	669	40	60	0	1	1	2	-90	106614	2	0	1596	1478	19,5,19,5
1526403938.956925457	669	40	60	0	1	1	2	-90	106615	2	0	1596	1478	19,5,19,5
1526403938.969616047	669	40	60	0	1	1	2	-88	106617	2	0	1596	1478	19,5,19,5
1526403938.980434692	669	40	60	0	1	1	2	-89	106618	2	0	1596	1478	19,5,19,5
1526403938.992222981	669	40	60	0	1	1	2	-89	106619	2	0	1596	1478	19,5,19,5
1526403939.003975127	669	40	60	0	1	1	2	-88	106620	2	0	1596	1478	19,5,19,5
1526403939.016555660	669	40	60	0	1	1	2	-91	106622	2	0	1596	1478	19,5,19,5
1526403939.028186078	669	40	60	0	1	1	2	-88	106623	2	0	1596	1478	19,5,19,5
1526403939.039266561	669	40	60	0	1	1	2	-89	106624	2	0	1596	1478	19,5,19,5
1526403939.052929589	669	40	60	0	1	1	2	-88	106625	2	0	1596	1478	19,5,19,5
1526403939.062753676	669	40	60	0	1	1	2	-89	106626	2	0	1596	1478	19,5,19,5
1526403939.075302527	669	40	60	0	1	1	2	-88	106627	2	0	1596	1478	19,5,19,5
1526403939.087221928	669	40	60	0	1	1	2	-90	106629	2	0	1596	1478	19,5,19,5
1526403939.098019981	669	40	60	0	1	1	2	-89	106630	2	0	1596	1478	19,5,19,5
1526403939.109799065	669	40	60	0	1	1	2	-87	106631	2	0	1596	1478	19,5,19,5
1526403939.123312008	669	40	60	0	1	1	2	-89	106633	2	0	1596	1478	19,5,19,5
1526403939.134093468	669	40	60	0	1	1	2	-88	106635	2	0	1596	1478	19,5,19,5
1526403939.145014945	669	40	60	0	1	1	2	-89	106636	2	0	1596	1478	19,5,19,5
1526403939.157079788	669	40	60	0	1	1	2	-88	106637	2	0	1596	1478	19,5,19,5
1526403939.168423976	669	40	60	0	1	1	2	-88	106638	2	0	1596	1478	19,5,19,5
1526403939.180270456	669	40	60	0	1	1	2	-89	106639	2	0	1596	1478	19,5,19,5
1526403939.192023988	669	40	60	0	1	1	2	-89	106640	2	0	1596	1478	19,5,19,5
1526403939.204691216	669	40	60	0	1	1	2	-90	106642	2	0	1596	1478	19,5,19,5
1526403939.205628509	669	40	60	0	1	1	2	-89	106643	2	0	1596	1478	19,5,19,5
1526403939.217491154	669	40	60	0	1	1	2	-89	106644	2	0	1596	1478	19,5,19,5
1526403939.227184720	669	40	60	0	1	1	2	-89	106645	2	0	1596	1478	19,5,19,5
1526403939.239827786	669	40	60	0	1	1	2	-88	106646	2	0	1596	1478	19,5,19,5
1526403939.250986565	669	40	60	0	1	1	2	-88	106647	2	0	1596	1478	19,5,19,5
1526403939.262562003	669	40	60	0	1	1	2	-89	106648	2	0	1596	1478	19,5,19,5
1526403939.274308921	669	40	60	0	1	1	2	-90	106649	2	0	1596	1478	19,5,19,5
1526403939.286832178	669	40	60	0	1	1	2	-90	106650	2	0	1596	1478	19,5,19,5
1526403939.298811712	669	40	60	0	1	1	2	-90	106652	2	0	1596	1478	19,5,19,5
1526403939.310497867	669	40	60	0	1	1	2	-89	106653	2	0	1596	1478	19,5,19,5
1526403939.322281959	669	40	60	0	1	1	2	-89	106655	2	0	1596	1478	19,5,19,5
1526403939.334217563	669	40	60	0	1	1	2	-88	106656	2	0	1596	1478	19,5,19,5
1526403939.345904276	669	40	60	0	1	1	2	-90	106658	2	0	1596	1478	19,5,19,5
1526403939.356768943	669	40	60	0	1	1	2	-88	106659	2	0	1596	1478	19,5,19,5
1526403939.369428753	669	40	60	0	1	1	2	-87	106661	2	0	1596	1478	19,5,19,5
1526403939.382981849	669	40	60	0	1	1	2	-89	106665	2	0	1596	1478	19,5,19,5
1526403939.394690041	669	40	60	0	1	1	2	-91	106666	2	0	1596	1478	19,5,19,5
1526403939.404709230	669	40	60	0	1	1	2	-88	106668	2	0	1596	1478	19,5,19,5
1526403939.416433665	669	40	60	0	1	1	2	-89	106669	2	0	1596	1478	19,5,19,5
1526403939.428198746	669	40	60	0	1	1	2	-89	106671	2	0	1596	1478	19,5,19,5
1526403939.439989589	669	40	60	0	1	1	2	-88	106672	2	0	1596	1478	19,5,19,5
1526403939.450838042	669	40	60	0	1	1	2	-89	106673	2	0	1596	1478	19,5,19,5
1526403939.466092442	669	40	60	0	1	1	2	-89	106676	2	0	1596	1478	19,5,19,5
1526403939.484703713	984	40	60	0	1	1	2	-89	106683	1	0	1596	1478	13,13
1526403939.486426281	984	40	60	0	1	1	2	-89	106684	1	0	1596	1478	13,13
1526403939.498193483	984	40	60	0	1	1	2	-90	106685	1	0	1596	1478	13,13
1526403939.514935715	984	40	60	0	1	1	2	-91	106690	1	0	1596	1478	13,13
1526403939.521737222	984	40	60	0	1	1	2	-89	106691	1	0	1596	1478	13,13
1526403939.533349683	984	40	60	0	1	1	2	-89	106692	1	0	1596	1478	13,13
1526403939.547765535	984	40	60	0	1	1	2	-89	106695	1	0	1596	1478	13,13
1526403939.556992429	984	40	60	0	1	1	2	-88	106696	1	0	1596	1478	13,13
1526403939.571252776	984	40	60	0	1	1	2	-87	106698	1	0	1596	1478	13,13
1526403939.580515717	984	40	60	0	1	1	2	-89	106699	1	0	1596	1478	13,13
1526403939.594841966	984	40	60	0	1	1	2	-89	106702	1	0	1596	1478	13,13
1526403939.604988129	984	40	60	0	1	1	2	-89	106704	1	0	1596	1478	13,13
1526403939.616820461	984	40	60	0	1	1	2	-90	106706	1	0	1596	1478	13,13
1526403939.627558133	984	40	60	0	1	1	2	-88	106707	1	0	1596	1478	13,13
1526403939.640465568	984	40	60	0	1	1	2	-89	106708	1	0	1596	1478	13,13
1526403939.652263784	984	40	60	0	1	1	2	-91	106709	1	0	1596	1478	13,13
1526403939.662830729	984	40	60	0	1	1	2	-90	106710	1	0	1596	1478	13,13
1526403939.675785432	984	40	60	0	1	1	2	-90	106712	1	0	1596	1478	13,13
1526403939.686339224	984	40	60	0	1	1	2	-90	106713	1	0	1596	1478	13,13
1526403939.698847535	984	40	60	0	1	1	2	-89	106714	1	0	1596	1478	13,13
1526403939.709810013	984	40	60	0	1	1	2	-90	106715	1	0	1596	1478	13,13
1526403939.721670062	984	40	60	0	1	1	2	-89	106716	1	0	1596	1478	13,13
1526403939.733284987	984	40	60	0	1	1	2	-90	106717	1	0	1596	1478	13,13
1526403939.745021968	984	40	60	0	1	1	2	-90	106718	1	0	1596	1478	13,13
1526403939.756913340	984	40	60	0	1	1	2	-89	106719	1	0	1596	1478	13,13
1526403939.769588000	984	40	60	0	1	1	2	-89	106720	1	0	1596	1478	13,13
1526403939.781625622	984	40	60	0	1	1	2	-90	106721	1	0	1596	1478	13,13
1526403939.793282720	984	40	60	0	1	1	2	-90	106723	1	0	1596	1478	13,13
1526403939.803955977	984	40	60	0	1	1	2	-89	106724	1	0	1596	1478	13,13
1526403939.815734317	984	40	60	0	1	1	2	-89	106725	1	0	1596	1478	13,13
1526403939.827479967	984	40	60	0	1	1	2	-88	106726	1	0	1596	1478	13,13
1526403939.840541999	984	40	60	0	1	1	2	-89	106727	1	0	1596	1478	13,13
1526403939.850996617	984	40	60	0	1	1	2	-89	106728	1	0	1596	1478	13,13
1526403939.862755602	984	40	60	0	1	1	2	-90	106729	1	0	1596	1478	13,13
1526403939.875779494	984	40	60	0	1	1	2	-89	106731	1	0	1596	1478	13,13
1526403939.886262864	984	40	60	0	1	1	2	-89	106732	1	0	1596	1478	13,13
1526403939.898026957	984	40	60	0	1	1	2	-89	106733	1	0	1596	1478	13,13
1526403939.909716040	984	40	60	0	1	1	2	-88	106734	1	0	1596	1478	13,13
1526403939.921566078	984	40	60	0	1	1	2	-89	106735	1	0	1596	1478	13,13
1526403939.933424754	984	40	60	0	1	1	2	-90	106736	1	0	1596	1478	13,13
1526403939.945032577	984	40	60	0	1	1	2	-90	106737	1	0	1596	1478	13,13
1526403939.956834572	984	40	60	0	1	1	2	-89	106738	1	0	1596	1478	13,13
1526403939.968616900	984	40	60	0	1	1	2	-90	106739	1	0	1596	1478	13,13
1526403939.980338500	984	40	60	0	1	1	2	-89	106740	1	0	1596	1478	13,13
1526403939.992124254	984	40	60	0	1	1	2	-89	106741	1	0	1596	1478	13,13
1526403940.003870170	984	40	60	0	1	1	2	-90	106742	1	0	1596	1478	13,13
1526403940.015858009	984	40	60	0	1	1	2	-89	106743	1	0	1596	1478	13,13
1526403940.027391304	984	40	60	0	1	1	2	-88	106744	1	0	1596	1478	13,13
1526403940.040577098	984	40	60	0	1	1	2	-88	106745	1	0	1596	1478	13,13
1526403940.050807755	984	40	60	0	1	1	2	-88	106746	1	0	1596	1478	13,13
1526403940.062683615	984	40	60	0	1	1	2	-90	106747	1	0	1596	1478	13,13
1526403940.075732302	984	40	60	0	1	1	2	-89	106748	1	0	1596	1478	13,13
1526403940.087445042	984	40	60	0	1	1	2	-88	106749	1	0	1596	1478	13,13
1526403940.098800135	984	40	60	0	1	1	2	-88	106750	1	0	1596	1478	13,13
1526403940.109625415	984	40	60	0	1	1	2	-89	106751	1	0	1596	1478	13,13
1526403940.121478510	984	40	60	0	1	1	2	-88	106752	1	0	1596	1478	13,13
1526403940.133217579	984	40	60	0	1	1	2	-90	106753	1	0	1596	1478	13,13
1526403940.145764710	984	40	60	0	1	1	2	-89	106754	1	0	1596	1478	13,13
1526403940.157951951	984	40	60	0	1	1	2	-89	106756	1	0	1596	1478	13,13
1526403940.168511796	984	40	60	0	1	1	2	-88	106757	1	0	1596	1478	13,13
1526403940.180215212	984	40	60	0	1	1	2	-88	106758	1	0	1596	1478	13,13
1526403940.191945974	984	40	60	0	1	1	2	-88	106759	1	0	1596	1478	13,13
1526403940.203684064	984	40	60	0	1	1	2	-89	106760	1	0	1596	1478	13,13
1526403940.216565161	984	40	60	0	1	1	2	-88	106762	1	0	1596	1478	13,13
1526403940.227189543	984	40	60	0	1	1	2	-88	106763	1	0	1596	1478	13,13
1526403940.238868248	984	40	60	0	1	1	2	-90	106764	1	0	1596	1478	13,13
1526403940.250596881	984	40	60	0	1	1	2	-88	106765	1	0	1596	1478	13,13
1526403940.262629335	984	40	60	0	1	1	2	-91	106766	1	0	1596	1478	13,13
1526403940.274444511	984	40	60	0	1	1	2	-87	106767	1	0	1596	1478	13,13
1526403940.285835646	984	40	60	0	1	1	2	-89	106768	1	0	1596	1478	13,13
1526403940.297750116	984	40	60	0	1	1	2	-90	106769	1	0	1596	1478	13,13
1526403940.309519499	984	40	60	0	1	1	2	-87	106770	1	0	1596	1478	13,13
1526403940.321343017	984	40	60	0	1	1	2	-89	106771	1	0	1596	1478	13,13
1526403940.333002444	984	40	60	0	1	1	2	-88	106772	1	0	1596	1478	13,13
1526403940.344461096	669	40	60	0	1	1	2	-89	106773	2	0	1596	1478	19,5,19,5
1526403940.356270406	669	40	60	0	1	1	2	-90	106774	2	0	1596	1478	19,5,19,5
1526403940.368975619	669	40	60	0	1	1	2	-90	106776	2	0	1596	1478	19,5,19,5
1526403940.379876981	669	40	60	0	1	1	2	-88	106777	2	0	1596	1478	19,5,19,5
1526403940.392460760	669	40	60	0	1	1	2	-90	106778	2	0	1596	1478	19,5,19,5
1526403940.405114606	669	40	60	0	1	1	2	-90	106780	2	0	1596	1478	19,5,19,5
1526403940.416050868	669	40	60	0	1	1	2	-88	106782	2	0	1596	1478	19,5,19,5
1526403940.426924257	669	40	60	0	1	1	2	-89	106783	2	0	1596	1478	19,5,19,5
1526403940.438677490	669	40	60	0	1	1	2	-88	106784	2	0	1596	1478	19,5,19,5
1526403940.450438331	669	40	60	0	1	1	2	-89	106785	2	0	1596	1478	19,5,19,5
1526403940.462200959	669	40	60	0	1	1	2	-91	106786	2	0	1596	1478	19,5,19,5
1526403940.475785888	669	40	60	0	1	1	2	-89	106788	2	0	1596	1478	19,5,19,5
1526403940.485720286	669	40	60	0	1	1	2	-89	106789	2	0	1596	1478	19,5,19,5
1526403940.499407471	669	40	60	0	1	1	2	-89	106792	2	0	1596	1478	19,5,19,5
1526403940.509257399	669	40	60	0	1	1	2	-89	106793	2	0	1596	1478	19,5,19,5
1526403940.525577349	669	40	60	0	1	1	2	-89	106798	2	0	1596	1478	19,5,19,5
1526403940.532653619	669	40	60	0	1	1	2	-90	106799	2	0	1596	1478	19,5,19,5
1526403940.544451653	669	40	60	0	1	1	2	-89	106800	2	0	1596	1478	19,5,19,5
1526403940.559050544	669	40	60	0	1	1	2	-88	106803	2	0	1596	1478	19,5,19,5
1526403940.568074345	669	40	60	0	1	1	2	-88	106804	2	0	1596	1478	19,5,19,5
1526403940.580014009	669	40	60	0	1	1	2	-89	106805	2	0	1596	1478	19,5,19,5
1526403940.591592247	669	40	60	0	1	1	2	-88	106806	2	0	1596	1478	19,5,19,5
1526403940.606089070	669	40	60	0	1	1	2	-89	106809	2	0	1596	1478	19,5,19,5
1526403940.615909883	669	40	60	0	1	1	2	-89	106810	2	0	1596	1478	19,5,19,5
1526403940.626880026	669	40	60	0	1	1	2	-90	106811	2	0	1596	1478	19,5,19,5
1526403940.638664773	669	40	60	0	1	1	2	-89	106812	2	0	1596	1478	19,5,19,5
1526403940.651375729	669	40	60	0	1	1	2	-90	106814	2	0	1596	1478	19,5,19,5
1526403940.663913924	669	40	60	0	1	1	2	-89	106816	2	0	1596	1478	19,5,19,5
1526403940.673840986	669	40	60	0	1	1	2	-89	106817	2	0	1596	1478	19,5,19,5
1526403940.685611652	669	40	60	0	1	1	2	-90	106818	2	0	1596	1478	19,5,19,5
1526403940.697454127	669	40	60	0	1	1	2	-90	106819	2	0	1596	1478	19,5,19,5
1526403940.711982342	669	40	60	0	1	1	2	-89	106823	2	0	1596	1478	19,5,19,5
1526403940.720964089	669	40	60	0	1	1	2	-88	106824	2	0	1596	1478	19,5,19,5
1526403940.733658675	669	40	60	0	1	1	2	-89	106826	2	0	1596	1478	19,5,19,5
1526403940.744501618	669	40	60	0	1	1	2	-89	106827	2	0	1596	1478	19,5,19,5
1526403940.757115730	669	40	60	0	1	1	2	-89	106829	2	0	1596	1478	19,5,19,5
1526403940.767757872	669	40	60	0	1	1	2	-89	106832	2	0	1596	1478	19,5,19,5
1526403940.782455807	669	40	60	0	1	1	2	-89	106833	2	0	1596	1478	19,5,19,5
1526403940.793371125	669	40	60	0	1	1	2	-91	106835	2	0	1596	1478	19,5,19,5
1526403940.805299638	669	40	60	0	1	1	2	-89	106837	2	0	1596	1478	19,5,19,5
1526403940.815065504	669	40	60	0	1	1	2	-90	106838	2	0	1596	1478	19,5,19,5
1526403940.826588988	669	40	60	0	1	1	2	-90	106839	2	0	1596	1478	19,5,19,5
1526403940.839580758	669	40	60	0	1	1	2	-89	106841	2	0	1596	1478	19,5,19,5
1526403940.851128787	669	40	60	0	1	1	2	-90	106842	2	0	1596	1478	19,5,19,5
1526403940.861917404	669	40	60	0	1	1	2	-90	106843	2	0	1596	1478	19,5,19,5
1526403940.874721136	669	40	60	0	1	1	2	-90	106845	2	0	1596	1478	19,5,19,5
1526403940.886412610	669	40	60	0	1	1	2	-89	106846	2	0	1596	1478	19,5,19,5
1526403940.897789181	669	40	60	0	1	1	2	-89	106847	2	0	1596	1478	19,5,19,5
1526403940.909078517	669	40	60	0	1	1	2	-88	106848	2	0	1596	1478	19,5,19,5
1526403940.920758493	669	40	60	0	1	1	2	-88	106849	2	0	1596	1478	19,5,19,5
1526403940.935220353	669	40	60	0	1	1	2	-89	106850	2	0	1596	1478	19,5,19,5
1526403940.944254330	669	40	60	0	1	1	2	-88	106851	2	0	1596	1478	19,5,19,5
1526403940.957088435	669	40	60	0	1	1	2	-90	106853	2	0	1596	1478	19,5,19,5
1526403940.967873655	669	40	60	0	1	1	2	-89	106854	2	0	1596	1478	19,5,19,5
1526403940.979632772	669	40	60	0	1	1	2	-90	106855	2	0	1596	1478	19,5,19,5
1526403940.991442274	669	40	60	0	1	1	2	-88	106856	2	0	1596	1478	19,5,19,5
1526403941.003283334	669	40	60	0	1	1	2	-88	106857	2	0	1596	1478	19,5,19,5
1526403941.015846212	669	40	60	0	1	1	2	-89	106859	2	0	1596	1478	19,5,19,5
1526403941.027630087	669	40	60	0	1	1	2	-91	106861	2	0	1596	1478	19,5,19,5
1526403941.038340129	669	40	60	0	1	1	2	-90	106862	2	0	1596	1478	19,5,19,5
1526403941.050275234	669	40	60	0	1	1	2	-89	106863	2	0	1596	1478	19,5,19,5
1526403941.061960278	669	40	60	0	1	1	2	-89	106864	2	0	1596	1478	19,5,19,5
1526403941.076313187	669	40	60	0	1	1	2	-88	106866	2	0	1596	1478	19,5,19,5
1526403941.089076397	669	40	60	0	1	1	2	-88	106869	2	0	1596	1478	19,5,19,5
1526403941.097037526	669	40	60	0	1	1	2	-89	106870	2	0	1596	1478	19,5,19,5
1526403941.111670141	669	40	60	0	1	1	2	-88	106872	2	0	1596	1478	19,5,19,5
1526403941.121587106	669	40	60	0	1	1	2	-89	106874	2	0	1596	1478	19,5,19,5
1526403941.134641081	669	40	60	0	1	1	2	-92	106877	2	0	1596	1478	19,5,19,5
1526403941.148414913	984	40	60	0	1	1	2	-89	106882	1	0	1596	1478	13,13
1526403941.156269590	984	40	60	0	1	1	2	-89	106883	1	0	1596	1478	13,13
1526403941.168004531	984	40	60	0	1	1	2	-90	106884	1	0	1596	1478	13,13
1526403941.179764350	984	40	60	0	1	1	2	-90	106885	1	0	1596	1478	13,13
1526403941.191511926	984	40	60	0	1	1	2	-87	106886	1	0	1596	1478	13,13
1526403941.203280165	984	40	60	0	1	1	2	-90	106887	1	0	1596	1478	13,13
1526403941.215012138	984	40	60	0	1	1	2	-89	106888	1	0	1596	1478	13,13
1526403941.226784318	984	40	60	0	1	1	2	-89	106889	1	0	1596	1478	13,13
1526403941.240799725	984	40	60	0	1	1	2	-88	106890	1	0	1596	1478	13,13
1526403941.250280776	984	40	60	0	1	1	2	-90	106891	1	0	1596	1478	13,13
1526403941.261936769	984	40	60	0	1	1	2	-89	106892	1	0	1596	1478	13,13
1526403941.273818335	984	40	60	0	1	1	2	-89	106893	1	0	1596	1478	13,13
1526403941.286699218	984	40	60	0	1	1	2	-89	106895	1	0	1596	1478	13,13
1526403941.297375671	984	40	60	0	1	1	2	-89	106896	1	0	1596	1478	13,13
1526403941.309080967	984	40	60	0	1	1	2	-89	106897	1	0	1596	1478	13,13
1526403941.320859771	984	40	60	0	1	1	2	-89	106898	1	0	1596	1478	13,13
1526403941.332533842	984	40	60	0	1	1	2	-90	106899	1	0	1596	1478	13,13
1526403941.344293453	984	40	60	0	1	1	2	-90	106900	1	0	1596	1478	13,13
1526403941.356045472	984	40	60	0	1	1	2	-88	106901	1	0	1596	1478	13,13
1526403941.367882988	984	40	60	0	1	1	2	-88	106902	1	0	1596	1478	13,13
1526403941.379580620	984	40	60	0	1	1	2	-88	106903	1	0	1596	1478	13,13
1526403941.391420402	984	40	60	0	1	1	2	-89	106904	1	0	1596	1478	13,13
1526403941.402864162	669	40	60	0	1	1	2	-89	106905	2	0	1596	1478	19,5,19,5
1526403941.414570121	669	40	60	0	1	1	2	-88	106906	2	0	1596	1478	19,5,19,5
1526403941.428234304	669	40	60	0	1	1	2	-88	106908	2	0	1596	1478	19,5,19,5
1526403941.438128858	669	40	60	0	1	1	2	-87	106909	2	0	1596	1478	19,5,19,5
1526403941.449905390	669	40	60	0	1	1	2	-90	106910	2	0	1596	1478	19,5,19,5
1526403941.465410155	669	40	60	0	1	1	2	-88	106912	2	0	1596	1478	19,5,19,5
1526403941.474871143	984	40	60	0	1	1	2	-89	106914	1	0	1596	1478	13,13
1526403941.485497460	984	40	60	0	1	1	2	-89	106915	1	0	1596	1478	13,13
1526403941.497268293	984	40	60	0	1	1	2	-89	106916	1	0	1596	1478	13,13
1526403941.509029663	984	40	60	0	1	1	2	-89	106917	1	0	1596	1478	13,13
1526403941.521900260	984	40	60	0	1	1	2	-88	106919	1	0	1596	1478	13,13
1526403941.532460382	984	40	60	0	1	1	2	-88	106920	1	0	1596	1478	13,13
1526403941.544306483	984	40	60	0	1	1	2	-88	106921	1	0	1596	1478	13,13
1526403941.556836872	984	40	60	0	1	1	2	-90	106922	1	0	1596	1478	13,13
1526403941.567828575	984	40	60	0	1	1	2	-89	106923	1	0	1596	1478	13,13
1526403941.579592062	984	40	60	0	1	1	2	-89	106924	1	0	1596	1478	13,13
1526403941.591458264	984	40	60	0	1	1	2	-90	106925	1	0	1596	1478	13,13
1526403941.605672421	984	40	60	0	1	1	2	-89	106928	1	0	1596	1478	13,13
1526403941.615532826	984	40	60	0	1	1	2	-89	106929	1	0	1596	1478	13,13
1526403941.626445490	669	40	60	0	1	1	2	-88	106930	2	0	1596	1478	19,5,19,5
1526403941.638194816	669	40	60	0	1	1	2	-87	106931	2	0	1596	1478	19,5,19,5
1526403941.649979846	669	40	60	0	1	1	2	-89	106932	2	0	1596	1478	19,5,19,5
1526403941.663633868	669	40	60	0	1	1	2	-88	106935	2	0	1596	1478	19,5,19,5
1526403941.674338912	669	40	60	0	1	1	2	-89	106937	2	0	1596	1478	19,5,19,5
1526403941.686921576	669	40	60	0	1	1	2	-90	106939	2	0	1596	1478	19,5,19,5
1526403941.696984146	669	40	60	0	1	1	2	-90	106940	2	0	1596	1478	19,5,19,5
1526403941.710366685	669	40	60	0	1	1	2	-90	106943	2	0	1596	1478	19,5,19,5
1526403941.720654811	669	40	60	0	1	1	2	-88	106944	2	0	1596	1478	19,5,19,5
1526403941.735122026	669	40	60	0	1	1	2	-88	106946	2	0	1596	1478	19,5,19,5
1526403941.748095163	984	40	60	0	1	1	2	-89	106950	1	0	1596	1478	13,13
1526403941.756134158	984	40	60	0	1	1	2	-89	106951	1	0	1596	1478	13,13
1526403941.767871595	984	40	60	0	1	1	2	-89	106952	1	0	1596	1478	13,13
1526403941.779523979	984	40	60	0	1	1	2	-89	106953	1	0	1596	1478	13,13
1526403941.791398949	984	40	60	0	1	1	2	-90	106954	1	0	1596	1478	13,13
1526403941.803168657	984	40	60	0	1	1	2	-90	106955	1	0	1596	1478	13,13
1526403941.814833178	984	40	60	0	1	1	2	-89	106956	1	0	1596	1478	13,13
1526403941.826650899	984	40	60	0	1	1	2	-90	106957	1	0	1596	1478	13,13
1526403941.838295859	984	40	60	0	1	1	2	-88	106958	1	0	1596	1478	13,13
1526403941.851005758	984	40	60	0	1	1	2	-89	106960	1	0	1596	1478	13,13
1526403941.861892509	984	40	60	0	1	1	2	-88	106961	1	0	1596	1478	13,13
1526403941.873721552	984	40	60	0	1	1	2	-89	106962	1	0	1596	1478	13,13
1526403941.885466811	984	40	60	0	1	1	2	-88	106963	1	0	1596	1478	13,13
1526403941.897128716	984	40	60	0	1	1	2	-89	106964	1	0	1596	1478	13,13
1526403941.911584728	984	40	60	0	1	1	2	-89	106965	1	0	1596	1478	13,13
1526403941.920738363	984	40	60	0	1	1	2	-89	106966	1	0	1596	1478	13,13
1526403941.932499723	984	40	60	0	1	1	2	-87	106967	1	0	1596	1478	13,13
1526403941.933796733	984	40	60	0	1	1	2	-90	106968	1	0	1596	1478	13,13
1526403941.945396359	984	40	60	0	1	1	2	-89	106970	1	0	1596	1478	13,13
1526403941.956045019	984	40	60	0	1	1	2	-89	106971	1	0	1596	1478	13,13
1526403941.968598113	984	40	60	0	1	1	2	-89	106972	1	0	1596	1478	13,13
1526403941.983057161	984	40	60	0	1	1	2	-89	106973	1	0	1596	1478	13,13
1526403941.991214383	984	40	60	0	1	1	2	-89	106974	1	0	1596	1478	13,13
1526403942.004370868	984	40	60	0	1	1	2	-89	106975	1	0	1596	1478	13,13
1526403942.014715106	984	40	60	0	1	1	2	-90	106976	1	0	1596	1478	13,13
1526403942.027762996	984	40	60	0	1	1	2	-89	106978	1	0	1596	1478	13,13
1526403942.038285122	984	40	60	0	1	1	2	-90	106979	1	0	1596	1478	13,13
1526403942.049983896	984	40	60	0	1	1	2	-90	106980	1	0	1596	1478	13,13
1526403942.062721433	984	40	60	0	1	1	2	-90	106981	1	0	1596	1478	13,13
1526403942.073546886	984	40	60	0	1	1	2	-89	106982	1	0	1596	1478	13,13
1526403942.085325979	984	40	60	0	1	1	2	-89	106983	1	0	1596	1478	13,13
1526403942.097064976	984	40	60	0	1	1	2	-88	106984	1	0	1596	1478	13,13
1526403942.108827180	984	40	60	0	1	1	2	-89	106985	1	0	1596	1478	13,13
1526403942.120604417	984	40	60	0	1	1	2	-90	106986	1	0	1596	1478	13,13
1526403942.132331780	984	40	60	0	1	1	2	-90	106987	1	0	1596	1478	13,13
1526403942.144068258	984	40	60	0	1	1	2	-90	106988	1	0	1596	1478	13,13
1526403942.155830711	984	40	60	0	1	1	2	-89	106989	1	0	1596	1478	13,13
1526403942.167603307	984	40	60	0	1	1	2	-89	106990	1	0	1596	1478	13,13
1526403942.179334808	984	40	60	0	1	1	2	-88	106991	1	0	1596	1478	13,13
1526403942.192244790	984	40	60	0	1	1	2	-89	106993	1	0	1596	1478	13,13
1526403942.202850056	984	40	60	0	1	1	2	-90	106994	1	0	1596	1478	13,13
1526403942.214615463	984	40	60	0	1	1	2	-89	106995	1	0	1596	1478	13,13
1526403942.230570775	984	40	60	0	1	1	2	-89	106997	1	0	1596	1478	13,13
1526403942.238257200	984	40	60	0	1	1	2	-87	106998	1	0	1596	1478	13,13
1526403942.249905831	984	40	60	0	1	1	2	-89	106999	1	0	1596	1478	13,13
1526403942.261662789	984	40	60	0	1	1	2	-89	107000	1	0	1596	1478	13,13
1526403942.273420386	984	40	60	0	1	1	2	-90	107001	1	0	1596	1478	13,13
1526403942.285177014	984	40	60	0	1	1	2	-88	107002	1	0	1596	1478	13,13
1526403942.298121468	984	40	60	0	1	1	2	-89	107004	1	0	1596	1478	13,13
1526403942.308588088	984	40	60	0	1	1	2	-89	107005	1	0	1596	1478	13,13
1526403942.320562314	984	40	60	0	1	1	2	-90	107006	1	0	1596	1478	13,13
1526403942.332230485	984	40	60	0	1	1	2	-90	107007	1	0	1596	1478	13,13
1526403942.344019994	984	40	60	0	1	1	2	-89	107008	1	0	1596	1478	13,13
1526403942.355846450	984	40	60	0	1	1	2	-89	107009	1	0	1596	1478	13,13
1526403942.367810538	984	40	60	0	1	1	2	-90	107010	1	0	1596	1478	13,13
1526403942.383869426	984	40	60	0	1	1	2	-90	107012	1	0	1596	1478	13,13
1526403942.392607627	984	40	60	0	1	1	2	-90	107013	1	0	1596	1478	13,13
1526403942.402904896	984	40	60	0	1	1	2	-89	107014	1	0	1596	1478	13,13
1526403942.414677079	984	40	60	0	1	1	2	-90	107015	1	0	1596	1478	13,13
1526403942.427317099	984	40	60	0	1	1	2	-88	107017	1	0	1596	1478	13,13
1526403942.438187901	984	40	60	0	1	1	2	-88	107019	1	0	1596	1478	13,13
1526403942.449951536	984	40	60	0	1	1	2	-90	107020	1	0	1596	1478	13,13
1526403942.464023864	984	40	60	0	1	1	2	-88	107022	1	0	1596	1478	13,13
1526403942.475924285	984	40	60	0	1	1	2	-89	107024	1	0	1596	1478	13,13
1526403942.485213491	984	40	60	0	1	1	2	-90	107025	1	0	1596	1478	13,13
1526403942.496980474	984	40	60	0	1	1	2	-89	107026	1	0	1596	1478	13,13
1526403942.509872166	984	40	60	0	1	1	2	-90	107028	1	0	1596	1478	13,13
1526403942.521650822	984	40	60	0	1	1	2	-91	107030	1	0	1596	1478	13,13
1526403942.532319947	984	40	60	0	1	1	2	-91	107031	1	0	1596	1478	13,13
1526403942.547697699	984	40	60	0	1	1	2	-88	107032	1	0	1596	1478	13,13
1526403942.555724703	984	40	60	0	1	1	2	-90	107033	1	0	1596	1478	13,13
1526403942.567532431	984	40	60	0	1	1	2	-89	107034	1	0	1596	1478	13,13
1526403942.579299261	984	40	60	0	1	1	2	-89	107035	1	0	1596	1478	13,13
1526403942.590755291	669	40	60	0	1	1	2	-88	107036	2	0	1596	1478	19,5,19,5
1526403942.604401155	669	40	60	0	1	1	2	-90	107038	2	0	1596	1478	19,5,19,5
1526403942.619590749	984	40	60	0	1	1	2	-88	107041	1	0	1596	1478	13,13
1526403942.626360964	984	40	60	0	1	1	2	-90	107042	1	0	1596	1478	13,13
1526403942.638928031	984	40	60	0	1	1	2	-90	107043	1	0	1596	1478	13,13
1526403942.652173917	984	40	60	0	1	1	2	-90	107045	1	0	1596	1478	13,13
1526403942.662747385	984	40	60	0	1	1	2	-89	107046	1	0	1596	1478	13,13
1526403942.673362025	984	40	60	0	1	1	2	-89	107047	1	0	1596	1478	13,13
1526403942.685058347	984	40	60	0	1	1	2	-91	107048	1	0	1596	1478	13,13
1526403942.696905717	984	40	60	0	1	1	2	-88	107049	1	0	1596	1478	13,13
1526403942.708370695	669	40	60	0	1	1	2	-91	107050	2	0	1596	1478	19,5,19,5
1526403942.722268570	669	40	60	0	1	1	2	-89	107052	2	0	1596	1478	19,5,19,5
1526403942.733115535	669	40	60	0	1	1	2	-90	107054	2	0	1596	1478	19,5,19,5
1526403942.745790692	669	40	60	0	1	1	2	-89	107056	2	0	1596	1478	19,5,19,5
1526403942.757643705	669	40	60	0	1	1	2	-89	107059	2	0	1596	1478	19,5,19,5
1526403942.773389259	984	40	60	0	1	1	2	-90	107061	1	0	1596	1478	13,13
1526403942.780705358	984	40	60	0	1	1	2	-90	107062	1	0	1596	1478	13,13
1526403942.791008826	984	40	60	0	1	1	2	-89	107063	1	0	1596	1478	13,13
1526403942.802671810	984	40	60	0	1	1	2	-91	107064	1	0	1596	1478	13,13
1526403942.816765478	984	40	60	0	1	1	2	-90	107066	1	0	1596	1478	13,13
1526403942.826257134	984	40	60	0	1	1	2	-90	107067	1	0	1596	1478	13,13
1526403942.841181976	984	40	60	0	1	1	2	-89	107069	1	0	1596	1478	13,13
1526403942.849676380	984	40	60	0	1	1	2	-89	107070	1	0	1596	1478	13,13
1526403942.862330310	984	40	60	0	1	1	2	-90	107071	1	0	1596	1478	13,13
1526403942.874562010	984	40	60	0	1	1	2	-88	107072	1	0	1596	1478	13,13
1526403942.885088203	984	40	60	0	1	1	2	-89	107073	1	0	1596	1478	13,13
1526403942.896827691	984	40	60	0	1	1	2	-91	107074	1	0	1596	1478	13,13
1526403942.908595191	984	40	60	0	1	1	2	-89	107075	1	0	1596	1478	13,13
1526403942.920291099	984	40	60	0	1	1	2	-89	107076	1	0	1596	1478	13,13
1526403942.933050032	984	40	60	0	1	1	2	-93	107078	1	0	1596	1478	13,13
1526403942.943784009	984	40	60	0	1	1	2	-89	107079	1	0	1596	1478	13,13
1526403942.955626026	984	40	60	0	1	1	2	-91	107080	1	0	1596	1478	13,13
1526403942.967409871	984	40	60	0	1	1	2	-89	107081	1	0	1596	1478	13,13
1526403942.979166519	984	40	60	0	1	1	2	-90	107082	1	0	1596	1478	13,13
1526403942.999971730	984	40	60	0	1	1	2	-88	107084	1	0	1596	1478	13,13
1526403943.002865752	984	40	60	0	1	1	2	-91	107085	1	0	1596	1478	13,13
1526403943.014344948	984	40	60	0	1	1	2	-89	107086	1	0	1596	1478	13,13
1526403943.026031368	984	40	60	0	1	1	2	-88	107087	1	0	1596	1478	13,13
1526403943.037891218	984	40	60	0	1	1	2	-88	107088	1	0	1596	1478	13,13
1526403943.049622910	984	40	60	0	1	1	2	-89	107089	1	0	1596	1478	13,13
1526403943.061376698	984	40	60	0	1	1	2	-88	107090	1	0	1596	1478	13,13
1526403943.073082483	984	40	60	0	1	1	2	-90	107091	1	0	1596	1478	13,13
1526403943.088353119	984	40	60	0	1	1	2	-91	107092	1	0	1596	1478	13,13
1526403943.096516791	984	40	60	0	1	1	2	-90	107093	1	0	1596	1478	13,13
1526403943.110942171	984	40	60	0	1	1	2	-90	107094	1	0	1596	1478	13,13
1526403943.120146844	984	40	60	0	1	1	2	-90	107095	1	0	1596	1478	13,13
1526403943.135807482	984	40	60	0	1	1	2	-89	107096	1	0	1596	1478	13,13
1526403943.143678295	984	40	60	0	1	1	2	-90	107097	1	0	1596	1478	13,13
1526403943.155637967	984	40	60	0	1	1	2	-89	107098	1	0	1596	1478	13,13
1526403943.168463668	984	40	60	0	1	1	2	-90	107099	1	0	1596	1478	13,13
1526403943.178931345	984	40	60	0	1	1	2	-89	107100	1	0	1596	1478	13,13
1526403943.190700508	984	40	60	0	1	1	2	-88	107101	1	0	1596	1478	13,13
1526403943.202454066	984	40	60	0	1	1	2	-89	107102	1	0	1596	1478	13,13
1526403943.214225382	984	40	60	0	1	1	2	-88	107103	1	0	1596	1478	13,13
1526403943.225978099	984	40	60	0	1	1	2	-90	107104	1	0	1596	1478	13,13
1526403943.237734843	984	40	60	0	1	1	2	-91	107105	1	0	1596	1478	13,13
1526403943.251598583	984	40	60	0	1	1	2	-89	107107	1	0	1596	1478	13,13
1526403943.261244558	984	40	60	0	1	1	2	-91	107108	1	0	1596	1478	13,13
1526403943.273014464	984	40	60	0	1	1	2	-91	107109	1	0	1596	1478	13,13
1526403943.275411534	984	40	60	0	1	1	2	-90	107111	1	0	1596	1478	13,13
1526403943.284765357	984	40	60	0	1	1	2	-91	107112	1	0	1596	1478	13,13
1526403943.297355342	984	40	60	0	1	1	2	-90	107113	1	0	1596	1478	13,13
1526403943.308177182	984	40	60	0	1	1	2	-88	107114	1	0	1596	1478	13,13
1526403943.319961858	984	40	60	0	1	1	2	-92	107115	1	0	1596	1478	13,13
1526403943.331709556	984	40	60	0	1	1	2	-89	107116	1	0	1596	1478	13,13
1526403943.344798785	984	40	60	0	1	1	2	-89	107118	1	0	1596	1478	13,13
1526403943.355720786	984	40	60	0	1	1	2	-90	107119	1	0	1596	1478	13,13
1526403943.367103494	984	40	60	0	1	1	2	-89	107120	1	0	1596	1478	13,13
1526403943.378854387	984	40	60	0	1	1	2	-89	107121	1	0	1596	1478	13,13
1526403943.390631270	984	40	60	0	1	1	2	-90	107122	1	0	1596	1478	13,13
1526403943.402295588	984	40	60	0	1	1	2	-89	107123	1	0	1596	1478	13,13
1526403943.413814367	669	40	60	0	1	1	2	-90	107124	2	0	1596	1478	19,5,19,5
1526403943.425588443	669	40	60	0	1	1	2	-88	107125	2	0	1596	1478	19,5,19,5
1526403943.437350365	669	40	60	0	1	1	2	-89	107126	2	0	1596	1478	19,5,19,5
1526403943.450245047	669	40	60	0	1	1	2	-89	107128	2	0	1596	1478	19,5,19,5
1526403943.462961951	669	40	60	0	1	1	2	-89	107130	2	0	1596	1478	19,5,19,5
1526403943.475451952	669	40	60	0	1	1	2	-88	107132	2	0	1596	1478	19,5,19,5
1526403943.485368371	669	40	60	0	1	1	2	-90	107134	2	0	1596	1478	19,5,19,5
1526403943.500307215	984	40	60	0	1	1	2	-90	107139	1	0	1596	1478	13,13
1526403943.510732401	984	40	60	0	1	1	2	-91	107140	1	0	1596	1478	13,13
1526403943.519994625	984	40	60	0	1	1	2	-89	107141	1	0	1596	1478	13,13
1526403943.531774555	984	40	60	0	1	1	2	-89	107142	1	0	1596	1478	13,13
1526403943.543504984	984	40	60	0	1	1	2	-88	107143	1	0	1596	1478	13,13
1526403943.559153470	984	40	60	0	1	1	2	-89	107146	1	0	1596	1478	13,13
1526403943.567085887	984	40	60	0	1	1	2	-89	107147	1	0	1596	1478	13,13
1526403943.578867363	984	40	60	0	1	1	2	-89	107148	1	0	1596	1478	13,13
1526403943.590677630	984	40	60	0	1	1	2	-89	107149	1	0	1596	1478	13,13
1526403943.602443066	984	40	60	0	1	1	2	-89	107150	1	0	1596	1478	13,13
1526403943.614182938	984	40	60	0	1	1	2	-90	107151	1	0	1596	1478	13,13
1526403943.625967313	984	40	60	0	1	1	2	-91	107152	1	0	1596	1478	13,13
1526403943.638648612	984	40	60	0	1	1	2	-90	107154	1	0	1596	1478	13,13
1526403943.649466392	984	40	60	0	1	1	2	-88	107155	1	0	1596	1478	13,13
1526403943.661243810	984	40	60	0	1	1	2	-89	107156	1	0	1596	1478	13,13
1526403943.672995327	984	40	60	0	1	1	2	-89	107157	1	0	1596	1478	13,13
1526403943.685843696	984	40	60	0	1	1	2	-89	107159	1	0	1596	1478	13,13
1526403943.696499761	984	40	60	0	1	1	2	-91	107160	1	0	1596	1478	13,13
1526403943.710250172	984	40	60	0	1	1	2	-90	107162	1	0	1596	1478	13,13
1526403943.720044833	984	40	60	0	1	1	2	-89	107163	1	0	1596	1478	13,13
1526403943.731938852	984	40	60	0	1	1	2	-89	107164	1	0	1596	1478	13,13
1526403943.743548316	984	40	60	0	1	1	2	-90	107165	1	0	1596	1478	13,13
1526403943.755326077	984	40	60	0	1	1	2	-90	107166	1	0	1596	1478	13,13
1526403943.767090516	984	40	60	0	1	1	2	-89	107167	1	0	1596	1478	13,13
1526403943.782625026	984	40	60	0	1	1	2	-89	107170	1	0	1596	1478	13,13
1526403943.790580328	984	40	60	0	1	1	2	-90	107171	1	0	1596	1478	13,13
1526403943.803372410	984	40	60	0	1	1	2	-89	107172	1	0	1596	1478	13,13
1526403943.816653392	984	40	60	0	1	1	2	-89	107174	1	0	1596	1478	13,13
1526403943.825801925	984	40	60	0	1	1	2	-90	107175	1	0	1596	1478	13,13
1526403943.837515888	984	40	60	0	1	1	2	-89	107176	1	0	1596	1478	13,13
1526403943.849368056	984	40	60	0	1	1	2	-90	107177	1	0	1596	1478	13,13
1526403943.861018567	984	40	60	0	1	1	2	-88	107178	1	0	1596	1478	13,13
1526403943.872905744	984	40	60	0	1	1	2	-89	107179	1	0	1596	1478	13,13
1526403943.887443666	984	40	60	0	1	1	2	-88	107180	1	0	1596	1478	13,13
1526403943.898677846	984	40	60	0	1	1	2	-90	107183	1	0	1596	1478	13,13
1526403943.908185537	984	40	60	0	1	1	2	-89	107184	1	0	1596	1478	13,13
1526403943.923647999	984	40	60	0	1	1	2	-90	107186	1	0	1596	1478	13,13
1526403943.934280451	984	40	60	0	1	1	2	-90	107187	1	0	1596	1478	13,13
1526403943.943663646	984	40	60	0	1	1	2	-90	107188	1	0	1596	1478	13,13
1526403943.955235508	984	40	60	0	1	1	2	-89	107189	1	0	1596	1478	13,13
1526403943.968141280	984	40	60	0	1	1	2	-90	107191	1	0	1596	1478	13,13
1526403943.980061083	984	40	60	0	1	1	2	-90	107192	1	0	1596	1478	13,13
1526403943.990447728	984	40	60	0	1	1	2	-89	107193	1	0	1596	1478	13,13
1526403944.002185240	984	40	60	0	1	1	2	-88	107194	1	0	1596	1478	13,13
1526403944.013931667	984	40	60	0	1	1	2	-89	107195	1	0	1596	1478	13,13
1526403944.027146860	984	40	60	0	1	1	2	-90	107196	1	0	1596	1478	13,13
1526403944.037529958	984	40	60	0	1	1	2	-91	107197	1	0	1596	1478	13,13
1526403944.050250266	984	40	60	0	1	1	2	-90	107199	1	0	1596	1478	13,13
1526403944.061011341	984	40	60	0	1	1	2	-89	107200	1	0	1596	1478	13,13
1526403944.072952510	984	40	60	0	1	1	2	-91	107201	1	0	1596	1478	13,13
1526403944.084491467	984	40	60	0	1	1	2	-87	107202	1	0	1596	1478	13,13
1526403944.096252123	984	40	60	0	1	1	2	-90	107203	1	0	1596	1478	13,13
1526403944.111299544	984	40	60	0	1	1	2	-89	107206	1	0	1596	1478	13,13
1526403944.119613684	984	40	60	0	1	1	2	-89	107207	1	0	1596	1478	13,13
1526403944.132920001	984	40	60	0	1	1	2	-89	107208	1	0	1596	1478	13,13
1526403944.143389996	984	40	60	0	1	1	2	-88	107209	1	0	1596	1478	13,13
1526403944.155144414	984	40	60	0	1	1	2	-88	107210	1	0	1596	1478	13,13
1526403944.168532185	984	40	60	0	1	1	2	-90	107212	1	0	1596	1478	13,13
1526403944.178686802	984	40	60	0	1	1	2	-88	107213	1	0	1596	1478	13,13
1526403944.190436249	984	40	60	0	1	1	2	-89	107214	1	0	1596	1478	13,13
1526403944.202197636	984	40	60	0	1	1	2	-89	107215	1	0	1596	1478	13,13
1526403944.214921619	984	40	60	0	1	1	2	-89	107217	1	0	1596	1478	13,13
1526403944.225726060	984	40	60	0	1	1	2	-88	107218	1	0	1596	1478	13,13
1526403944.237474348	984	40	60	0	1	1	2	-89	107219	1	0	1596	1478	13,13
1526403944.249347033	984	40	60	0	1	1	2	-91	107220	1	0	1596	1478	13,13
1526403944.260997511	984	40	60	0	1	1	2	-89	107221	1	0	1596	1478	13,13
1526403944.272926181	984	40	60	0	1	1	2	-89	107222	1	0	1596	1478	13,13
1526403944.284515885	984	40	60	0	1	1	2	-89	107223	1	0	1596	1478	13,13
1526403944.296259442	984	40	60	0	1	1	2	-89	107224	1	0	1596	1478	13,13
1526403944.309262980	984	40	60	0	1	1	2	-88	107225	1	0	1596	1478	13,13
1526403944.319782662	984	40	60	0	1	1	2	-90	107226	1	0	1596	1478	13,13
1526403944.331470219	984	40	60	0	1	1	2	-90	107227	1	0	1596	1478	13,13
1526403944.343143115	984	40	60	0	1	1	2	-89	107228	1	0	1596	1478	13,13
1526403944.354983278	984	40	60	0	1	1	2	-90	107229	1	0	1596	1478	13,13
1526403944.366840895	984	40	60	0	1	1	2	-90	107230	1	0	1596	1478	13,13
1526403944.379998703	984	40	60	0	1	1	2	-87	107232	1	0	1596	1478	13,13
1526403944.390472613	984	40	60	0	1	1	2	-89	107233	1	0	1596	1478	13,13
1526403944.402105301	984	40	60	0	1	1	2	-88	107234	1	0	1596	1478	13,13
1526403944.413873363	984	40	60	0	1	1	2	-89	107235	1	0	1596	1478	13,13
1526403944.425855457	984	40	60	0	1	1	2	-89	107236	1	0	1596	1478	13,13
1526403944.437320736	984	40	60	0	1	1	2	-88	107237	1	0	1596	1478	13,13
1526403944.450269906	984	40	60	0	1	1	2	-90	107238	1	0	1596	1478	13,13
1526403944.461037495	984	40	60	0	1	1	2	-89	107239	1	0	1596	1478	13,13
1526403944.472666248	984	40	60	0	1	1	2	-90	107240	1	0	1596	1478	13,13
1526403944.485811186	984	40	60	0	1	1	2	-89	107242	1	0	1596	1478	13,13
1526403944.496137567	984	40	60	0	1	1	2	-90	107243	1	0	1596	1478	13,13
1526403944.507861248	984	40	60	0	1	1	2	-89	107244	1	0	1596	1478	13,13
1526403944.521818594	984	40	60	0	1	1	2	-89	107245	1	0	1596	1478	13,13
1526403944.531346698	984	40	60	0	1	1	2	-91	107246	1	0	1596	1478	13,13
1526403944.545791200	984	40	60	0	1	1	2	-88	107249	1	0	1596	1478	13,13
1526403944.554975593	984	40	60	0	1	1	2	-90	107250	1	0	1596	1478	13,13
1526403944.566955268	984	40	60	0	1	1	2	-90	107251	1	0	1596	1478	13,13
1526403944.581005430	984	40	60	0	1	1	2	-90	107254	1	0	1596	1478	13,13
1526403944.590269822	984	40	60	0	1	1	2	-88	107255	1	0	1596	1478	13,13
1526403944.603167981	984	40	60	0	1	1	2	-90	107257	1	0	1596	1478	13,13
1526403944.615000270	984	40	60	0	1	1	2	-89	107259	1	0	1596	1478	13,13
1526403944.626742052	984	40	60	0	1	1	2	-90	107260	1	0	1596	1478	13,13
1526403944.637286914	984	40	60	0	1	1	2	-89	107261	1	0	1596	1478	13,13
1526403944.649989186	984	40	60	0	1	1	2	-91	107262	1	0	1596	1478	13,13
1526403944.662058937	984	40	60	0	1	1	2	-89	107263	1	0	1596	1478	13,13
1526403944.672581568	984	40	60	0	1	1	2	-90	107264	1	0	1596	1478	13,13
1526403944.684361261	984	40	60	0	1	1	2	-90	107265	1	0	1596	1478	13,13
1526403944.696098279	984	40	60	0	1	1	2	-87	107266	1	0	1596	1478	13,13
1526403944.707869010	984	40	60	0	1	1	2	-89	107267	1	0	1596	1478	13,13
1526403944.719592267	984	40	60	0	1	1	2	-89	107268	1	0	1596	1478	13,13
1526403944.731388871	984	40	60	0	1	1	2	-89	107269	1	0	1596	1478	13,13
1526403944.743091318	984	40	60	0	1	1	2	-90	107270	1	0	1596	1478	13,13
1526403944.754912223	984	40	60	0	1	1	2	-89	107271	1	0	1596	1478	13,13
1526403944.766678025	984	40	60	0	1	1	2	-90	107272	1	0	1596	1478	13,13
1526403944.779815965	984	40	60	0	1	1	2	-89	107275	1	0	1596	1478	13,13
1526403944.790193009	984	40	60	0	1	1	2	-89	107276	1	0	1596	1478	13,13
1526403944.805278000	984	40	60	0	1	1	2	-90	107278	1	0	1596	1478	13,13
1526403944.813602147	984	40	60	0	1	1	2	-89	107279	1	0	1596	1478	13,13
1526403944.826608579	984	40	60	0	1	1	2	-89	107281	1	0	1596	1478	13,13
1526403944.837225150	984	40	60	0	1	1	2	-90	107282	1	0	1596	1478	13,13
1526403944.848858769	984	40	60	0	1	1	2	-89	107283	1	0	1596	1478	13,13
1526403944.860764313	984	40	60	0	1	1	2	-89	107284	1	0	1596	1478	13,13
1526403944.872508806	984	40	60	0	1	1	2	-87	107285	1	0	1596	1478	13,13
1526403944.884271055	984	40	60	0	1	1	2	-88	107286	1	0	1596	1478	13,13
1526403944.897259903	984	40	60	0	1	1	2	-89	107287	1	0	1596	1478	13,13
1526403944.907789853	984	40	60	0	1	1	2	-89	107288	1	0	1596	1478	13,13
1526403944.919555786	984	40	60	0	1	1	2	-90	107289	1	0	1596	1478	13,13
1526403944.934437900	984	40	60	0	1	1	2	-90	107291	1	0	1596	1478	13,13
1526403944.945670738	984	40	60	0	1	1	2	-89	107292	1	0	1596	1478	13,13
1526403944.954511729	984	40	60	0	1	1	2	-89	107294	1	0	1596	1478	13,13
1526403944.966504769	984	40	60	0	1	1	2	-89	107295	1	0	1596	1478	13,13
1526403944.979286817	984	40	60	0	1	1	2	-88	107297	1	0	1596	1478	13,13
1526403944.990022106	984	40	60	0	1	1	2	-90	107298	1	0	1596	1478	13,13
1526403945.001925114	984	40	60	0	1	1	2	-90	107299	1	0	1596	1478	13,13
1526403945.014421514	984	40	60	0	1	1	2	-89	107300	1	0	1596	1478	13,13
1526403945.026678716	984	40	60	0	1	1	2	-89	107301	1	0	1596	1478	13,13
1526403945.037146508	984	40	60	0	1	1	2	-90	107302	1	0	1596	1478	13,13
1526403945.048848564	984	40	60	0	1	1	2	-89	107303	1	0	1596	1478	13,13
1526403945.060543643	984	40	60	0	1	1	2	-90	107304	1	0	1596	1478	13,13
1526403945.073486116	984	40	60	0	1	1	2	-88	107306	1	0	1596	1478	13,13
1526403945.084142176	984	40	60	0	1	1	2	-90	107307	1	0	1596	1478	13,13
1526403945.096568929	984	40	60	0	1	1	2	-89	107308	1	0	1596	1478	13,13
1526403945.107685224	984	40	60	0	1	1	2	-88	107309	1	0	1596	1478	13,13
1526403945.119482267	984	40	60	0	1	1	2	-92	107310	1	0	1596	1478	13,13
1526403945.131232470	984	40	60	0	1	1	2	-89	107311	1	0	1596	1478	13,13
1526403945.143762183	984	40	60	0	1	1	2	-90	107313	1	0	1596	1478	13,13
1526403945.154729392	984	40	60	0	1	1	2	-90	107314	1	0	1596	1478	13,13
1526403945.166451597	984	40	60	0	1	1	2	-89	107315	1	0	1596	1478	13,13
1526403945.167633527	984	40	60	0	1	1	2	-89	107316	1	0	1596	1478	13,13
1526403945.178271279	984	40	60	0	1	1	2	-91	107317	1	0	1596	1478	13,13
1526403945.190045792	984	40	60	0	1	1	2	-89	107318	1	0	1596	1478	13,13
1526403945.202965823	984	40	60	0	1	1	2	-91	107320	1	0	1596	1478	13,13
1526403945.213537726	984	40	60	0	1	1	2	-89	107321	1	0	1596	1478	13,13
1526403945.225295498	984	40	60	0	1	1	2	-88	107322	1	0	1596	1478	13,13
1526403945.237077569	984	40	60	0	1	1	2	-89	107323	1	0	1596	1478	13,13
1526403945.248832376	984	40	60	0	1	1	2	-90	107324	1	0	1596	1478	13,13
1526403945.263001975	984	40	60	0	1	1	2	-89	107326	1	0	1596	1478	13,13
1526403945.272348906	984	40	60	0	1	1	2	-90	107327	1	0	1596	1478	13,13
1526403945.284122916	984	40	60	0	1	1	2	-89	107328	1	0	1596	1478	13,13
1526403945.295858429	984	40	60	0	1	1	2	-90	107329	1	0	1596	1478	13,13
1526403945.308579364	984	40	60	0	1	1	2	-89	107331	1	0	1596	1478	13,13
1526403945.319387865	984	40	60	0	1	1	2	-90	107332	1	0	1596	1478	13,13
1526403945.320568819	984	40	60	0	1	1	2	-90	107333	1	0	1596	1478	13,13
1526403945.331181314	984	40	60	0	1	1	2	-89	107334	1	0	1596	1478	13,13
1526403945.346626075	984	40	60	0	1	1	2	-88	107335	1	0	1596	1478	13,13
1526403945.356531424	984	40	60	0	1	1	2	-89	107337	1	0	1596	1478	13,13
1526403945.366320968	984	40	60	0	1	1	2	-90	107338	1	0	1596	1478	13,13
1526403945.378353906	984	40	60	0	1	1	2	-89	107339	1	0	1596	1478	13,13
1526403945.389963872	984	40	60	0	1	1	2	-88	107340	1	0	1596	1478	13,13
1526403945.411267322	984	40	60	0	1	1	2	-89	107342	1	0	1596	1478	13,13
1526403945.414739724	984	40	60	0	1	1	2	-90	107343	1	0	1596	1478	13,13
1526403945.425231309	984	40	60	0	1	1	2	-89	107344	1	0	1596	1478	13,13
1526403945.438214552	984	40	60	0	1	1	2	-89	107345	1	0	1596	1478	13,13
1526403945.448671616	984	40	60	0	1	1	2	-90	107346	1	0	1596	1478	13,13
1526403945.460437249	984	40	60	0	1	1	2	-89	107347	1	0	1596	1478	13,13
1526403945.472271648	984	40	60	0	1	1	2	-90	107348	1	0	1596	1478	13,13
1526403945.484030480	984	40	60	0	1	1	2	-90	107349	1	0	1596	1478	13,13
1526403945.496817857	984	40	60	0	1	1	2	-89	107350	1	0	1596	1478	13,13
1526403945.511379746	984	40	60	0	1	1	2	-89	107353	1	0	1596	1478	13,13
1526403945.519295627	984	40	60	0	1	1	2	-89	107354	1	0	1596	1478	13,13
1526403945.534668288	984	40	60	0	1	1	2	-88	107358	1	0	1596	1478	13,13
1526403945.542965317	984	40	60	0	1	1	2	-91	107359	1	0	1596	1478	13,13
1526403945.557077770	984	40	60	0	1	1	2	-88	107361	1	0	1596	1478	13,13
1526403945.567540304	984	40	60	0	1	1	2	-89	107362	1	0	1596	1478	13,13
1526403945.578107637	984	40	60	0	1	1	2	-88	107363	1	0	1596	1478	13,13
1526403945.589849489	984	40	60	0	1	1	2	-90	107364	1	0	1596	1478	13,13
1526403945.602955445	984	40	60	0	1	1	2	-88	107365	1	0	1596	1478	13,13
1526403945.617057916	984	40	60	0	1	1	2	-88	107367	1	0	1596	1478	13,13
1526403945.625106370	984	40	60	0	1	1	2	-90	107368	1	0	1596	1478	13,13
1526403945.636972978	984	40	60	0	1	1	2	-90	107369	1	0	1596	1478	13,13
1526403945.650252339	984	40	60	0	1	1	2	-88	107371	1	0	1596	1478	13,13
1526403945.661834425	984	40	60	0	1	1	2	-88	107373	1	0	1596	1478	13,13
1526403945.672233482	984	40	60	0	1	1	2	-89	107374	1	0	1596	1478	13,13
1526403945.684006611	984	40	60	0	1	1	2	-89	107375	1	0	1596	1478	13,13
1526403945.695793175	984	40	60	0	1	1	2	-89	107376	1	0	1596	1478	13,13
1526403945.708626460	984	40	60	0	1	1	2	-90	107378	1	0	1596	1478	13,13
1526403945.719305620	984	40	60	0	1	1	2	-90	107379	1	0	1596	1478	13,13
1526403945.731051559	984	40	60	0	1	1	2	-90	107380	1	0	1596	1478	13,13
1526403945.742496192	669	40	60	0	1	1	2	-90	107381	2	0	1596	1478	19,5,19,5
1526403945.756996890	669	40	60	0	1	1	2	-89	107383	2	0	1596	1478	19,5,19,5
1526403945.768602736	669	40	60	0	1	1	2	-89	107385	2	0	1596	1478	19,5,19,5
1526403945.777770191	669	40	60	0	1	1	2	-90	107386	2	0	1596	1478	19,5,19,5
1526403945.791457996	669	40	60	0	1	1	2	-89	107387	2	0	1596	1478	19,5,19,5
1526403945.802908047	669	40	60	0	1	1	2	-90	107389	2	0	1596	1478	19,5,19,5
1526403945.814077488	669	40	60	0	1	1	2	-90	107391	2	0	1596	1478	19,5,19,5
1526403945.825540898	669	40	60	0	1	1	2	-90	107393	2	0	1596	1478	19,5,19,5
1526403945.836405183	669	40	60	0	1	1	2	-88	107394	2	0	1596	1478	19,5,19,5
1526403945.848428710	669	40	60	0	1	1	2	-88	107395	2	0	1596	1478	19,5,19,5
1526403945.859971364	669	40	60	0	1	1	2	-91	107396	2	0	1596	1478	19,5,19,5
1526403945.871658210	669	40	60	0	1	1	2	-90	107397	2	0	1596	1478	19,5,19,5
1526403945.886266381	669	40	60	0	1	1	2	-89	107400	2	0	1596	1478	19,5,19,5
1526403945.895160848	669	40	60	0	1	1	2	-88	107401	2	0	1596	1478	19,5,19,5
1526403945.908073240	669	40	60	0	1	1	2	-90	107403	2	0	1596	1478	19,5,19,5
1526403945.921578444	669	40	60	0	1	1	2	-90	107407	2	0	1596	1478	19,5,19,5
1526403945.930525063	669	40	60	0	1	1	2	-89	107408	2	0	1596	1478	19,5,19,5
1526403945.943100877	669	40	60	0	1	1	2	-90	107410	2	0	1596	1478	19,5,19,5
1526403945.954011601	669	40	60	0	1	1	2	-89	107411	2	0	1596	1478	19,5,19,5
1526403945.970476071	669	40	60	0	1	1	2	-90	107415	2	0	1596	1478	19,5,19,5
1526403945.978762716	669	40	60	0	1	1	2	-91	107417	2	0	1596	1478	19,5,19,5
1526403945.989392631	669	40	60	0	1	1	2	-89	107418	2	0	1596	1478	19,5,19,5
1526403946.001171823	669	40	60	0	1	1	2	-89	107419	2	0	1596	1478	19,5,19,5
1526403946.016981196	984	40	60	0	1	1	2	-90	107422	1	0	1596	1478	13,13
1526403946.024827792	984	40	60	0	1	1	2	-90	107423	1	0	1596	1478	13,13
1526403946.036643031	984	40	60	0	1	1	2	-90	107424	1	0	1596	1478	13,13
1526403946.049622476	984	40	60	0	1	1	2	-88	107426	1	0	1596	1478	13,13
1526403946.060441021	984	40	60	0	1	1	2	-90	107427	1	0	1596	1478	13,13
1526403946.072029231	984	40	60	0	1	1	2	-89	107428	1	0	1596	1478	13,13
1526403946.083808126	984	40	60	0	1	1	2	-88	107429	1	0	1596	1478	13,13
1526403946.096660876	984	40	60	0	1	1	2	-90	107431	1	0	1596	1478	13,13
1526403946.107308230	984	40	60	0	1	1	2	-89	107432	1	0	1596	1478	13,13
1526403946.119093853	984	40	60	0	1	1	2	-89	107433	1	0	1596	1478	13,13
1526403946.131797111	984	40	60	0	1	1	2	-89	107435	1	0	1596	1478	13,13
1526403946.142583598	984	40	60	0	1	1	2	-88	107436	1	0	1596	1478	13,13
1526403946.154352290	984	40	60	0	1	1	2	-90	107437	1	0	1596	1478	13,13
1526403946.166052852	984	40	60	0	1	1	2	-90	107438	1	0	1596	1478	13,13
1526403946.177891379	984	40	60	0	1	1	2	-89	107439	1	0	1596	1478	13,13
1526403946.189667678	984	40	60	0	1	1	2	-88	107440	1	0	1596	1478	13,13
1526403946.201399881	984	40	60	0	1	1	2	-89	107441	1	0	1596	1478	13,13
1526403946.213157203	984	40	60	0	1	1	2	-91	107442	1	0	1596	1478	13,13
1526403946.227299789	984	40	60	0	1	1	2	-90	107444	1	0	1596	1478	13,13
1526403946.236667232	984	40	60	0	1	1	2	-91	107445	1	0	1596	1478	13,13
1526403946.249200554	984	40	60	0	1	1	2	-90	107446	1	0	1596	1478	13,13
1526403946.250469867	984	40	60	0	1	1	2	-90	107447	1	0	1596	1478	13,13
1526403946.260189310	984	40	60	0	1	1	2	-89	107448	1	0	1596	1478	13,13
1526403946.271973119	984	40	60	0	1	1	2	-89	107449	1	0	1596	1478	13,13
1526403946.283705652	984	40	60	0	1	1	2	-88	107450	1	0	1596	1478	13,13
1526403946.297850945	984	40	60	0	1	1	2	-89	107451	1	0	1596	1478	13,13
1526403946.307331757	984	40	60	0	1	1	2	-90	107452	1	0	1596	1478	13,13
1526403946.318925159	984	40	60	0	1	1	2	-89	107453	1	0	1596	1478	13,13
1526403946.330760931	984	40	60	0	1	1	2	-88	107454	1	0	1596	1478	13,13
1526403946.342499919	984	40	60	0	1	1	2	-90	107455	1	0	1596	1478	13,13
1526403946.354632477	984	40	60	0	1	1	2	-89	107456	1	0	1596	1478	13,13
1526403946.367152552	984	40	60	0	1	1	2	-90	107458	1	0	1596	1478	13,13
1526403946.377788783	984	40	60	0	1	1	2	-90	107459	1	0	1596	1478	13,13
1526403946.389437419	984	40	60	0	1	1	2	-88	107460	1	0	1596	1478	13,13
1526403946.401254748	984	40	60	0	1	1	2	-90	107461	1	0	1596	1478	13,13
1526403946.413069219	984	40	60	0	1	1	2	-87	107462	1	0	1596	1478	13,13
1526403946.424728178	984	40	60	0	1	1	2	-89	107463	1	0	1596	1478	13,13
1526403946.436475976	984	40	60	0	1	1	2	-89	107464	1	0	1596	1478	13,13
1526403946.450568662	669	40	60	0	1	1	2	-88	107465	2	0	1596	1478	19,5,19,5
1526403946.460755617	669	40	60	0	1	1	2	-90	107467	2	0	1596	1478	19,5,19,5
1526403946.471504099	669	40	60	0	1	1	2	-89	107468	2	0	1596	1478	19,5,19,5
1526403946.484263903	669	40	60	0	1	1	2	-89	107469	2	0	1596	1478	19,5,19,5
1526403946.487433626	984	40	60	0	1	1	2	-89	107470	1	0	1596	1478	13,13
1526403946.496552697	984	40	60	0	1	1	2	-89	107471	1	0	1596	1478	13,13
1526403946.507151664	984	40	60	0	1	1	2	-89	107472	1	0	1596	1478	13,13
1526403946.518990525	984	40	60	0	1	1	2	-88	107473	1	0	1596	1478	13,13
1526403946.533077605	984	40	60	0	1	1	2	-90	107474	1	0	1596	1478	13,13
1526403946.542347926	984	40	60	0	1	1	2	-89	107475	1	0	1596	1478	13,13
1526403946.554110473	984	40	60	0	1	1	2	-89	107476	1	0	1596	1478	13,13
1526403946.567296999	984	40	60	0	1	1	2	-90	107478	1	0	1596	1478	13,13
1526403946.579872877	984	40	60	0	1	1	2	-91	107480	1	0	1596	1478	13,13
1526403946.590584091	984	40	60	0	1	1	2	-89	107482	1	0	1596	1478	13,13
1526403946.601182644	984	40	60	0	1	1	2	-89	107484	1	0	1596	1478	13,13
1526403946.623996022	984	40	60	0	1	1	2	-89	107492	1	0	1596	1478	13,13
1526403946.625582152	984	40	60	0	1	1	2	-91	107493	1	0	1596	1478	13,13
1526403946.636427740	984	40	60	0	1	1	2	-89	107494	1	0	1596	1478	13,13
1526403946.648253439	984	40	60	0	1	1	2	-88	107495	1	0	1596	1478	13,13
1526403946.660030287	984	40	60	0	1	1	2	-89	107496	1	0	1596	1478	13,13
1526403946.671806535	984	40	60	0	1	1	2	-89	107497	1	0	1596	1478	13,13
1526403946.683557897	984	40	60	0	1	1	2	-90	107498	1	0	1596	1478	13,13
1526403946.695320943	984	40	60	0	1	1	2	-90	107499	1	0	1596	1478	13,13
1526403946.707881626	984	40	60	0	1	1	2	-90	107500	1	0	1596	1478	13,13
1526403946.718976236	984	40	60	0	1	1	2	-90	107501	1	0	1596	1478	13,13
1526403946.730614072	984	40	60	0	1	1	2	-89	107502	1	0	1596	1478	13,13
1526403946.743989753	984	40	60	0	1	1	2	-89	107503	1	0	1596	1478	13,13
1526403946.755207728	984	40	60	0	1	1	2	-89	107504	1	0	1596	1478	13,13
1526403946.765857664	984	40	60	0	1	1	2	-89	107505	1	0	1596	1478	13,13
1526403946.777568764	984	40	60	0	1	1	2	-89	107506	1	0	1596	1478	13,13
1526403946.789381073	984	40	60	0	1	1	2	-89	107507	1	0	1596	1478	13,13
1526403946.805374229	984	40	60	0	1	1	2	-89	107511	1	0	1596	1478	13,13
1526403946.812913406	984	40	60	0	1	1	2	-88	107512	1	0	1596	1478	13,13
1526403946.824784734	984	40	60	0	1	1	2	-88	107513	1	0	1596	1478	13,13
1526403946.838046920	984	40	60	0	1	1	2	-89	107514	1	0	1596	1478	13,13
1526403946.848448011	984	40	60	0	1	1	2	-89	107515	1	0	1596	1478	13,13
1526403946.861081390	984	40	60	0	1	1	2	-90	107517	1	0	1596	1478	13,13
1526403946.874365909	984	40	60	0	1	1	2	-89	107519	1	0	1596	1478	13,13
1526403946.883489484	984	40	60	0	1	1	2	-90	107520	1	0	1596	1478	13,13
1526403946.896347583	984	40	60	0	1	1	2	-91	107521	1	0	1596	1478	13,13
1526403946.906873224	984	40	60	0	1	1	2	-88	107522	1	0	1596	1478	13,13
1526403946.919680630	984	40	60	0	1	1	2	-91	107523	1	0	1596	1478	13,13
1526403946.930309170	984	40	60	0	1	1	2	-89	107524	1	0	1596	1478	13,13
1526403946.944841820	984	40	60	0	1	1	2	-90	107526	1	0	1596	1478	13,13
1526403946.953949723	984	40	60	0	1	1	2	-90	107527	1	0	1596	1478	13,13
1526403946.965785331	984	40	60	0	1	1	2	-90	107528	1	0	1596	1478	13,13
1526403946.977545632	984	40	60	0	1	1	2	-90	107529	1	0	1596	1478	13,13
1526403946.994625749	984	40	60	0	1	1	2	-88	107533	1	0	1596	1478	13,13
1526403947.000852134	984	40	60	0	1	1	2	-89	107534	1	0	1596	1478	13,13
1526403947.012657528	984	40	60	0	1	1	2	-91	107535	1	0	1596	1478	13,13
1526403947.026831715	984	40	60	0	1	1	2	-89	107538	1	0	1596	1478	13,13
1526403947.036466250	984	40	60	0	1	1	2	-90	107539	1	0	1596	1478	13,13
1526403947.048133574	984	40	60	0	1	1	2	-90	107540	1	0	1596	1478	13,13
1526403947.069718807	984	40	60	0	1	1	2	-89	107544	1	0	1596	1478	13,13
1526403947.072223040	984	40	60	0	1	1	2	-89	107545	1	0	1596	1478	13,13
1526403947.083392181	984	40	60	0	1	1	2	-90	107546	1	0	1596	1478	13,13
1526403947.097979936	984	40	60	0	1	1	2	-90	107549	1	0	1596	1478	13,13
1526403947.106829816	984	40	60	0	1	1	2	-90	107550	1	0	1596	1478	13,13
1526403947.123015626	984	40	60	0	1	1	2	-90	107553	1	0	1596	1478	13,13
1526403947.130360593	984	40	60	0	1	1	2	-90	107554	1	0	1596	1478	13,13
1526403947.145774998	984	40	60	0	1	1	2	-89	107555	1	0	1596	1478	13,13
1526403947.157330182	984	40	60	0	1	1	2	-89	107558	1	0	1596	1478	13,13
1526403947.165648016	984	40	60	0	1	1	2	-89	107559	1	0	1596	1478	13,13
1526403947.177485707	984	40	60	0	1	1	2	-90	107560	1	0	1596	1478	13,13
1526403947.189220138	984	40	60	0	1	1	2	-88	107561	1	0	1596	1478	13,13
1526403947.201166133	984	40	60	0	1	1	2	-89	107562	1	0	1596	1478	13,13
1526403947.213842185	984	40	60	0	1	1	2	-89	107564	1	0	1596	1478	13,13
1526403947.228535043	984	40	60	0	1	1	2	-89	107565	1	0	1596	1478	13,13
1526403947.236288626	984	40	60	0	1	1	2	-88	107566	1	0	1596	1478	13,13
1526403947.248217495	984	40	60	0	1	1	2	-90	107567	1	0	1596	1478	13,13
1526403947.262348244	984	40	60	0	1	1	2	-89	107569	1	0	1596	1478	13,13
1526403947.271548129	984	40	60	0	1	1	2	-91	107570	1	0	1596	1478	13,13
1526403947.283323936	984	40	60	0	1	1	2	-89	107571	1	0	1596	1478	13,13
1526403947.295061538	984	40	60	0	1	1	2	-88	107572	1	0	1596	1478	13,13
1526403947.307788704	984	40	60	0	1	1	2	-89	107573	1	0	1596	1478	13,13
1526403947.318826459	984	40	60	0	1	1	2	-88	107574	1	0	1596	1478	13,13
1526403947.330349282	984	40	60	0	1	1	2	-90	107575	1	0	1596	1478	13,13
1526403947.342254780	984	40	60	0	1	1	2	-89	107576	1	0	1596	1478	13,13
1526403947.354812261	984	40	60	0	1	1	2	-89	107578	1	0	1596	1478	13,13
1526403947.365689880	984	40	60	0	1	1	2	-89	107579	1	0	1596	1478	13,13
1526403947.377450720	984	40	60	0	1	1	2	-89	107580	1	0	1596	1478	13,13
1526403947.389957383	984	40	60	0	1	1	2	-90	107581	1	0	1596	1478	13,13
1526403947.400931667	984	40	60	0	1	1	2	-89	107582	1	0	1596	1478	13,13
1526403947.412586253	984	40	60	0	1	1	2	-90	107583	1	0	1596	1478	13,13
1526403947.424328617	984	40	60	0	1	1	2	-89	107584	1	0	1596	1478	13,13
1526403947.436048110	984	40	60	0	1	1	2	-89	107585	1	0	1596	1478	13,13
1526403947.447955967	984	40	60	0	1	1	2	-89	107586	1	0	1596	1478	13,13
1526403947.459647254	984	40	60	0	1	1	2	-89	107587	1	0	1596	1478	13,13
1526403947.472603268	984	40	60	0	1	1	2	-90	107589	1	0	1596	1478	13,13
1526403947.483353620	984	40	60	0	1	1	2	-87	107590	1	0	1596	1478	13,13
1526403947.494983495	984	40	60	0	1	1	2	-89	107591	1	0	1596	1478	13,13
1526403947.510803395	984	40	60	0	1	1	2	-88	107595	1	0	1596	1478	13,13
1526403947.512371046	984	40	60	0	1	1	2	-89	107596	1	0	1596	1478	13,13
1526403947.518522736	984	40	60	0	1	1	2	-89	107597	1	0	1596	1478	13,13
1526403947.534148929	984	40	60	0	1	1	2	-89	107598	1	0	1596	1478	13,13
1526403947.541970606	984	40	60	0	1	1	2	-89	107599	1	0	1596	1478	13,13
1526403947.554221615	984	40	60	0	1	1	2	-89	107600	1	0	1596	1478	13,13
1526403947.567157331	984	40	60	0	1	1	2	-89	107601	1	0	1596	1478	13,13
1526403947.577325654	984	40	60	0	1	1	2	-89	107602	1	0	1596	1478	13,13
1526403947.589307209	984	40	60	0	1	1	2	-89	107603	1	0	1596	1478	13,13
1526403947.602203684	984	40	60	0	1	1	2	-89	107604	1	0	1596	1478	13,13
1526403947.612722734	984	40	60	0	1	1	2	-90	107605	1	0	1596	1478	13,13
1526403947.624358637	984	40	60	0	1	1	2	-91	107606	1	0	1596	1478	13,13
1526403947.636106053	984	40	60	0	1	1	2	-89	107607	1	0	1596	1478	13,13
1526403947.648659619	984	40	60	0	1	1	2	-88	107608	1	0	1596	1478	13,13
1526403947.659629586	984	40	60	0	1	1	2	-89	107609	1	0	1596	1478	13,13
1526403947.671297482	984	40	60	0	1	1	2	-89	107610	1	0	1596	1478	13,13
1526403947.683181100	984	40	60	0	1	1	2	-91	107611	1	0	1596	1478	13,13
1526403947.695853015	984	40	60	0	1	1	2	-89	107612	1	0	1596	1478	13,13
1526403947.706580830	984	40	60	0	1	1	2	-89	107613	1	0	1596	1478	13,13
1526403947.718404523	984	40	60	0	1	1	2	-90	107614	1	0	1596	1478	13,13
1526403947.730215306	984	40	60	0	1	1	2	-90	107615	1	0	1596	1478	13,13
1526403947.743126834	984	40	60	0	1	1	2	-88	107616	1	0	1596	1478	13,13
1526403947.753736689	984	40	60	0	1	1	2	-89	107617	1	0	1596	1478	13,13
1526403947.765468499	984	40	60	0	1	1	2	-88	107618	1	0	1596	1478	13,13
1526403947.777132912	984	40	60	0	1	1	2	-90	107621	1	0	1596	1478	13,13
1526403947.788979949	984	40	60	0	1	1	2	-89	107622	1	0	1596	1478	13,13
1526403947.800682108	984	40	60	0	1	1	2	-92	107623	1	0	1596	1478	13,13
1526403947.812621615	984	40	60	0	1	1	2	-91	107624	1	0	1596	1478	13,13
1526403947.824284657	984	40	60	0	1	1	2	-88	107625	1	0	1596	1478	13,13
1526403947.836145683	984	40	60	0	1	1	2	-89	107626	1	0	1596	1478	13,13
1526403947.847791554	984	40	60	0	1	1	2	-90	107627	1	0	1596	1478	13,13
1526403947.859275603	669	40	60	0	1	1	2	-88	107628	2	0	1596	1478	19,5,19,5
1526403947.873244070	669	40	60	0	1	1	2	-91	107631	2	0	1596	1478	19,5,19,5
1526403947.889108800	984	40	60	0	1	1	2	-90	107636	1	0	1596	1478	13,13
1526403947.895975703	984	40	60	0	1	1	2	-90	107637	1	0	1596	1478	13,13
1526403947.910000075	984	40	60	0	1	1	2	-90	107638	1	0	1596	1478	13,13
1526403947.919488092	984	40	60	0	1	1	2	-91	107639	1	0	1596	1478	13,13
1526403947.930016488	984	40	60	0	1	1	2	-90	107640	1	0	1596	1478	13,13
1526403947.941873124	984	40	60	0	1	1	2	-91	107641	1	0	1596	1478	13,13
1526403947.954806680	984	40	60	0	1	1	2	-90	107643	1	0	1596	1478	13,13
1526403947.966690289	984	40	60	0	1	1	2	-90	107645	1	0	1596	1478	13,13
1526403947.979166418	984	40	60	0	1	1	2	-90	107648	1	0	1596	1478	13,13
1526403947.988812786	984	40	60	0	1	1	2	-90	107649	1	0	1596	1478	13,13
1526403948.000643960	984	40	60	0	1	1	2	-92	107650	1	0	1596	1478	13,13
1526403948.012439915	984	40	60	0	1	1	2	-91	107651	1	0	1596	1478	13,13
1526403948.024200694	984	40	60	0	1	1	2	-89	107652	1	0	1596	1478	13,13
1526403948.035981988	984	40	60	0	1	1	2	-89	107653	1	0	1596	1478	13,13
1526403948.052585612	984	40	60	0	1	1	2	-92	107657	1	0	1596	1478	13,13
1526403948.059399049	984	40	60	0	1	1	2	-89	107658	1	0	1596	1478	13,13
1526403948.072538862	984	40	60	0	1	1	2	-90	107659	1	0	1596	1478	13,13
1526403948.082980636	984	40	60	0	1	1	2	-90	107660	1	0	1596	1478	13,13
1526403948.094732116	984	40	60	0	1	1	2	-89	107661	1	0	1596	1478	13,13
1526403948.107951375	984	40	60	0	1	1	2	-88	107662	1	0	1596	1478	13,13
1526403948.118254331	984	40	60	0	1	1	2	-90	107663	1	0	1596	1478	13,13
1526403948.131168799	984	40	60	0	1	1	2	-88	107665	1	0	1596	1478	13,13
1526403948.142659320	984	40	60	0	1	1	2	-89	107666	1	0	1596	1478	13,13
1526403948.153538579	984	40	60	0	1	1	2	-88	107667	1	0	1596	1478	13,13
1526403948.165434972	984	40	60	0	1	1	2	-89	107668	1	0	1596	1478	13,13
1526403948.177081773	984	40	60	0	1	1	2	-89	107669	1	0	1596	1478	13,13
1526403948.188833056	984	40	60	0	1	1	2	-89	107670	1	0	1596	1478	13,13
1526403948.200595774	984	40	60	0	1	1	2	-89	107671	1	0	1596	1478	13,13
1526403948.212357353	984	40	60	0	1	1	2	-90	107672	1	0	1596	1478	13,13
1526403948.225417550	984	40	60	0	1	1	2	-90	107673	1	0	1596	1478	13,13
1526403948.235877281	984	40	60	0	1	1	2	-90	107674	1	0	1596	1478	13,13
1526403948.247628550	984	40	60	0	1	1	2	-89	107675	1	0	1596	1478	13,13
1526403948.259391742	984	40	60	0	1	1	2	-89	107676	1	0	1596	1478	13,13
1526403948.271432718	984	40	60	0	1	1	2	-90	107677	1	0	1596	1478	13,13
1526403948.282915556	984	40	60	0	1	1	2	-88	107678	1	0	1596	1478	13,13
1526403948.294785773	984	40	60	0	1	1	2	-91	107679	1	0	1596	1478	13,13
1526403948.310441705	984	40	60	0	1	1	2	-92	107682	1	0	1596	1478	13,13
1526403948.318208824	984	40	60	0	1	1	2	-89	107683	1	0	1596	1478	13,13
1526403948.329863364	984	40	60	0	1	1	2	-89	107684	1	0	1596	1478	13,13
1526403948.341678299	984	40	60	0	1	1	2	-92	107685	1	0	1596	1478	13,13
1526403948.355965143	984	40	60	0	1	1	2	-88	107686	1	0	1596	1478	13,13
1526403948.367653830	984	40	60	0	1	1	2	-90	107688	1	0	1596	1478	13,13
1526403948.377210642	984	40	60	0	1	1	2	-90	107689	1	0	1596	1478	13,13
1526403948.390962208	984	40	60	0	1	1	2	-90	107692	1	0	1596	1478	13,13
1526403948.400501652	984	40	60	0	1	1	2	-90	107693	1	0	1596	1478	13,13
1526403948.412279268	984	40	60	0	1	1	2	-91	107694	1	0	1596	1478	13,13
1526403948.424027998	984	40	60	0	1	1	2	-90	107695	1	0	1596	1478	13,13
1526403948.435650967	984	40	60	0	1	1	2	-91	107696	1	0	1596	1478	13,13
1526403948.448459331	984	40	60	0	1	1	2	-90	107698	1	0	1596	1478	13,13
1526403948.460084468	984	40	60	0	1	1	2	-91	107699	1	0	1596	1478	13,13
1526403948.470983839	984	40	60	0	1	1	2	-90	107700	1	0	1596	1478	13,13
1526403948.482819625	984	40	60	0	1	1	2	-90	107701	1	0	1596	1478	13,13
1526403948.494610163	984	40	60	0	1	1	2	-90	107702	1	0	1596	1478	13,13
1526403948.507465733	984	40	60	0	1	1	2	-91	107704	1	0	1596	1478	13,13
1526403948.518112199	984	40	60	0	1	1	2	-91	107705	1	0	1596	1478	13,13
1526403948.529752055	984	40	60	0	1	1	2	-90	107706	1	0	1596	1478	13,13
1526403948.541645814	984	40	60	0	1	1	2	-90	107707	1	0	1596	1478	13,13
1526403948.554341373	984	40	60	0	1	1	2	-89	107708	1	0	1596	1478	13,13
1526403948.565154446	984	40	60	0	1	1	2	-90	107709	1	0	1596	1478	13,13
1526403948.580355138	984	40	60	0	1	1	2	-90	107710	1	0	1596	1478	13,13
1526403948.588881118	984	40	60	0	1	1	2	-90	107711	1	0	1596	1478	13,13
1526403948.601465272	984	40	60	0	1	1	2	-88	107713	1	0	1596	1478	13,13
1526403948.612435351	984	40	60	0	1	1	2	-89	107714	1	0	1596	1478	13,13
1526403948.623946480	984	40	60	0	1	1	2	-89	107715	1	0	1596	1478	13,13
1526403948.635701063	984	40	60	0	1	1	2	-91	107716	1	0	1596	1478	13,13
1526403948.647477489	984	40	60	0	1	1	2	-90	107717	1	0	1596	1478	13,13
1526403948.659233543	984	40	60	0	1	1	2	-88	107718	1	0	1596	1478	13,13
1526403948.672214399	984	40	60	0	1	1	2	-91	107719	1	0	1596	1478	13,13
1526403948.682728035	984	40	60	0	1	1	2	-90	107720	1	0	1596	1478	13,13
1526403948.694639772	984	40	60	0	1	1	2	-90	107721	1	0	1596	1478	13,13
1526403948.706270146	984	40	60	0	1	1	2	-88	107722	1	0	1596	1478	13,13
1526403948.717717480	669	40	60	0	1	1	2	-90	107723	2	0	1596	1478	19,5,19,5
1526403948.731368149	669	40	60	0	1	1	2	-90	107725	2	0	1596	1478	19,5,19,5
