1526404280.811506831	179	40	48	0	1	1	2	-77	111645	4	4	3130	1478,1478	175,5,175,5
1526404280.811540463	179	40	48	0	1	1	2	-77	111645	4	4	3130	1478,1478	175,5,175,5
1526404280.811553622	179	40	48	0	1	1	2	-77	111645	4	4	3130	1478,1478	175,5,175,5
1526404280.811663791	179	40	48	0	1	1	2	-77	111645	4	4	3130	1478,1478	175,5,175,5
1526404280.811683786	179	40	48	0	1	1	2	-77	111645	4	4	3130	1478,1478	175,5,175,5
1526404280.811691610	179	40	48	0	1	1	2	-77	111645	4	4	3130	1478,1478	175,5,175,5
1526404280.811700715	179	40	48	0	1	1	2	-77	111645	4	4	3130	1478,1478	175,5,175,5
1526404280.811708860	179	40	48	0	1	1	2	-77	111645	4	4	3130	1478,1478	175,5,175,5
1526404280.811716828	179	40	48	0	1	1	2	-77	111645	4	4	3130	1478,1478	175,5,175,5
1526404280.811724438	109	40	48	0	1	1	2	-77	111645	4	4	1596	1478	175,5,175,5
1526404280.816863395	109	40	48	0	1	1	2	-77	111646	4	4	1596	1478	175,5,175,5
1526404280.828614045	109	40	48	0	1	1	2	-77	111647	4	4	1596	1478	175,5,175,5
1526404280.840382337	109	40	48	0	1	1	2	-77	111648	4	4	1596	1478	175,5,175,5
1526404280.852227877	109	40	48	0	1	1	2	-77	111649	4	4	1596	1478	175,5,175,5
1526404280.864006540	109	40	48	0	1	1	2	-77	111650	4	4	1596	1478	175,5,175,5
1526404280.875759907	109	40	48	0	1	1	2	-77	111651	4	4	1596	1478	175,5,175,5
1526404280.887512270	109	40	48	0	1	1	2	-77	111652	4	4	1596	1478	175,5,175,5
1526404280.899636459	109	40	48	0	1	1	2	-77	111653	4	4	1596	1478	175,5,175,5
1526404280.911039897	109	40	48	0	1	1	2	-77	111654	4	4	1596	1478	175,5,175,5
1526404280.922800573	109	40	48	0	1	1	2	-77	111655	4	4	1596	1478	175,5,175,5
1526404280.934547428	109	40	48	0	1	1	2	-77	111656	4	4	1596	1478	175,5,175,5
1526404280.946722313	109	40	48	0	1	1	2	-77	111657	4	4	1596	1478	175,5,175,5
1526404280.958057957	109	40	48	0	1	1	2	-77	111658	4	4	1596	1478	175,5,175,5
1526404280.969847120	109	40	48	0	1	1	2	-77	111659	4	4	1596	1478	175,5,175,5
1526404280.981587504	109	40	48	0	1	1	2	-77	111660	4	4	1596	1478	175,5,175,5
1526404280.993357933	109	40	48	0	1	1	2	-77	111661	4	4	1596	1478	175,5,175,5
1526404281.004976074	109	40	48	0	1	1	2	-77	111662	4	4	1596	1478	175,5,175,5
1526404281.016944919	109	40	48	0	1	1	2	-77	111663	4	4	1596	1478	175,5,175,5
1526404281.028554486	109	40	48	0	1	1	2	-77	111664	4	4	1596	1478	175,5,175,5
1526404281.040397607	109	40	48	0	1	1	2	-77	111665	4	4	1596	1478	175,5,175,5
1526404281.052134829	109	40	48	0	1	1	2	-77	111666	4	4	1596	1478	175,5,175,5
1526404281.064306318	109	40	48	0	1	1	2	-77	111667	4	4	1596	1478	175,5,175,5
1526404281.075669277	109	40	48	0	1	1	2	-77	111668	4	4	1596	1478	175,5,175,5
1526404281.087467974	109	40	48	0	1	1	2	-77	111669	4	4	1596	1478	175,5,175,5
1526404281.099201749	109	40	48	0	1	1	2	-77	111670	4	4	1596	1478	175,5,175,5
1526404281.110960910	109	40	48	0	1	1	2	-77	111671	4	4	1596	1478	175,5,175,5
1526404281.122739913	109	40	48	0	1	1	2	-77	111672	4	4	1596	1478	175,5,175,5
1526404281.134461486	109	40	48	0	1	1	2	-77	111673	4	4	1596	1478	175,5,175,5
1526404281.146241897	109	40	48	0	1	1	2	-77	111674	4	4	1596	1478	175,5,175,5
1526404281.157981071	109	40	48	0	1	1	2	-77	111675	4	4	1596	1478	175,5,175,5
1526404281.169732407	109	40	48	0	1	1	2	-77	111676	4	4	1596	1478	175,5,175,5
1526404281.181518348	109	40	48	0	1	1	2	-77	111677	4	4	1596	1478	175,5,175,5
1526404281.193218685	109	40	48	0	1	1	2	-77	111678	4	4	1596	1478	175,5,175,5
1526404281.205043548	109	40	48	0	1	1	2	-78	111679	4	4	1596	1478	175,5,175,5
1526404281.216818249	109	40	48	0	1	1	2	-77	111680	4	4	1596	1478	175,5,175,5
1526404281.228860394	109	40	48	0	1	1	2	-77	111681	4	4	1596	1478	175,5,175,5
1526404281.240311866	109	40	48	0	1	1	2	-78	111682	4	4	1596	1478	175,5,175,5
1526404281.252077553	109	40	48	0	1	1	2	-77	111683	4	4	1596	1478	175,5,175,5
1526404281.263840510	109	40	48	0	1	1	2	-77	111684	4	4	1596	1478	175,5,175,5
1526404281.275592059	109	40	48	0	1	1	2	-77	111685	4	4	1596	1478	175,5,175,5
1526404281.287431497	109	40	48	0	1	1	2	-77	111686	4	4	1596	1478	175,5,175,5
1526404281.299034733	109	40	48	0	1	1	2	-77	111687	4	4	1596	1478	175,5,175,5
1526404281.310931153	109	40	48	0	1	1	2	-77	111688	4	4	1596	1478	175,5,175,5
1526404281.322627991	109	40	48	0	1	1	2	-77	111689	4	4	1596	1478	175,5,175,5
1526404281.334264079	109	40	48	0	1	1	2	-77	111690	4	4	1596	1478	175,5,175,5
1526404281.346145016	109	40	48	0	1	1	2	-77	111691	4	4	1596	1478	175,5,175,5
1526404281.358227949	109	40	48	0	1	1	2	-77	111692	4	4	1596	1478	175,5,175,5
1526404281.369664978	109	40	48	0	1	1	2	-77	111693	4	4	1596	1478	175,5,175,5
1526404281.381407712	109	40	48	0	1	1	2	-77	111694	4	4	1596	1478	175,5,175,5
1526404281.393190443	109	40	48	0	1	1	2	-77	111695	4	4	1596	1478	175,5,175,5
1526404281.405194979	109	40	48	0	1	1	2	-77	111696	4	4	1596	1478	175,5,175,5
1526404281.417061702	109	40	48	0	1	1	2	-77	111697	4	4	1596	1478	175,5,175,5
1526404281.428505969	109	40	48	0	1	1	2	-78	111698	4	4	1596	1478	175,5,175,5
1526404281.440275033	109	40	48	0	1	1	2	-77	111699	4	4	1596	1478	175,5,175,5
1526404281.451976962	109	40	48	0	1	1	2	-77	111700	4	4	1596	1478	175,5,175,5
1526404281.463791329	109	40	48	0	1	1	2	-77	111701	4	4	1596	1478	175,5,175,5
1526404281.475575019	109	40	48	0	1	1	2	-77	111702	4	4	1596	1478	175,5,175,5
1526404281.487324962	109	40	48	0	1	1	2	-77	111703	4	4	1596	1478	175,5,175,5
1526404281.499097239	109	40	48	0	1	1	2	-77	111704	4	4	1596	1478	175,5,175,5
1526404281.510769250	109	40	48	0	1	1	2	-78	111705	4	4	1596	1478	175,5,175,5
1526404281.522605859	109	40	48	0	1	1	2	-77	111706	4	4	1596	1478	175,5,175,5
1526404281.534281302	109	40	48	0	1	1	2	-77	111707	4	4	1596	1478	175,5,175,5
1526404281.546112609	109	40	48	0	1	1	2	-78	111708	4	4	1596	1478	175,5,175,5
1526404281.557878477	109	40	48	0	1	1	2	-77	111709	4	4	1596	1478	175,5,175,5
1526404281.569878967	109	40	48	0	1	1	2	-77	111710	4	4	1596	1478	175,5,175,5
1526404281.581299511	109	40	48	0	1	1	2	-77	111711	4	4	1596	1478	175,5,175,5
1526404281.593151288	109	40	48	0	1	1	2	-77	111712	4	4	1596	1478	175,5,175,5
1526404281.604945321	109	40	48	0	1	1	2	-78	111713	4	4	1596	1478	175,5,175,5
1526404281.616672828	109	40	48	0	1	1	2	-77	111714	4	4	1596	1478	175,5,175,5
1526404281.628443492	109	40	48	0	1	1	2	-77	111715	4	4	1596	1478	175,5,175,5
1526404281.639949333	109	40	48	0	1	1	2	-77	111716	4	4	1596	1478	175,5,175,5
1526404281.651886694	109	40	48	0	1	1	2	-77	111717	4	4	1596	1478	175,5,175,5
1526404281.663617409	109	40	48	0	1	1	2	-77	111718	4	4	1596	1478	175,5,175,5
1526404281.675251724	109	40	48	0	1	1	2	-77	111721	4	4	1596	1478	175,5,175,5
1526404281.687082752	109	40	48	0	1	1	2	-77	111722	4	4	1596	1478	175,5,175,5
1526404281.698944942	109	40	48	0	1	1	2	-77	111723	4	4	1596	1478	175,5,175,5
1526404281.710723624	109	40	48	0	1	1	2	-77	111724	4	4	1596	1478	175,5,175,5
1526404281.722500831	109	40	48	0	1	1	2	-77	111725	4	4	1596	1478	175,5,175,5
1526404281.734610009	109	40	48	0	1	1	2	-77	111726	4	4	1596	1478	175,5,175,5
1526404281.745993106	109	40	48	0	1	1	2	-77	111727	4	4	1596	1478	175,5,175,5
1526404281.757747052	109	40	48	0	1	1	2	-77	111728	4	4	1596	1478	175,5,175,5
1526404281.769504777	109	40	48	0	1	1	2	-77	111729	4	4	1596	1478	175,5,175,5
1526404281.781649640	109	40	48	0	1	1	2	-77	111730	4	4	1596	1478	175,5,175,5
1526404281.793036847	109	40	48	0	1	1	2	-77	111731	4	4	1596	1478	175,5,175,5
1526404281.804729651	109	40	48	0	1	1	2	-77	111732	4	4	1596	1478	175,5,175,5
1526404281.816455425	109	40	48	0	1	1	2	-77	111733	4	4	1596	1478	175,5,175,5
1526404281.828108564	109	40	48	0	1	1	2	-77	111734	4	4	1596	1478	175,5,175,5
1526404281.839942315	109	40	48	0	1	1	2	-77	111735	4	4	1596	1478	175,5,175,5
1526404281.851683253	109	40	48	0	1	1	2	-77	111736	4	4	1596	1478	175,5,175,5
1526404281.863580404	109	40	48	0	1	1	2	-77	111737	4	4	1596	1478	175,5,175,5
1526404281.875349433	109	40	48	0	1	1	2	-77	111738	4	4	1596	1478	175,5,175,5
1526404281.886978475	109	40	48	0	1	1	2	-77	111739	4	4	1596	1478	175,5,175,5
1526404281.899245337	109	40	48	0	1	1	2	-77	111740	4	4	1596	1478	175,5,175,5
1526404281.910542541	109	40	48	0	1	1	2	-77	111741	4	4	1596	1478	175,5,175,5
1526404281.922402272	109	40	48	0	1	1	2	-77	111742	4	4	1596	1478	175,5,175,5
1526404281.934184251	109	40	48	0	1	1	2	-77	111743	4	4	1596	1478	175,5,175,5
1526404281.945912791	109	40	48	0	1	1	2	-77	111744	4	4	1596	1478	175,5,175,5
1526404281.958813136	109	40	48	0	1	1	2	-77	111745	4	4	1596	1478	175,5,175,5
1526404281.969382538	109	40	48	0	1	1	2	-77	111746	4	4	1596	1478	175,5,175,5
1526404281.981201512	109	40	48	0	1	1	2	-77	111747	4	4	1596	1478	175,5,175,5
1526404281.992946239	109	40	48	0	1	1	2	-77	111748	4	4	1596	1478	175,5,175,5
1526404282.004696388	109	40	48	0	1	1	2	-78	111749	4	4	1596	1478	175,5,175,5
1526404282.016465130	109	40	48	0	1	1	2	-78	111750	4	4	1596	1478	175,5,175,5
1526404282.028451015	109	40	48	0	1	1	2	-78	111751	4	4	1596	1478	175,5,175,5
1526404282.039850401	109	40	48	0	1	1	2	-77	111752	4	4	1596	1478	175,5,175,5
1526404282.051665087	109	40	48	0	1	1	2	-77	111753	4	4	1596	1478	175,5,175,5
1526404282.063892360	109	40	48	0	1	1	2	-77	111754	4	4	1596	1478	175,5,175,5
1526404282.075274603	109	40	48	0	1	1	2	-77	111755	4	4	1596	1478	175,5,175,5
1526404282.087025733	109	40	48	0	1	1	2	-77	111756	4	4	1596	1478	175,5,175,5
1526404282.098786046	109	40	48	0	1	1	2	-77	111757	4	4	1596	1478	175,5,175,5
1526404282.110570463	109	40	48	0	1	1	2	-77	111758	4	4	1596	1478	175,5,175,5
1526404282.122235371	109	40	48	0	1	1	2	-77	111759	4	4	1596	1478	175,5,175,5
1526404282.134343338	109	40	48	0	1	1	2	-77	111760	4	4	1596	1478	175,5,175,5
1526404282.145828954	109	40	48	0	1	1	2	-77	111761	4	4	1596	1478	175,5,175,5
1526404282.157571557	109	40	48	0	1	1	2	-77	111762	4	4	1596	1478	175,5,175,5
1526404282.169345000	109	40	48	0	1	1	2	-77	111763	4	4	1596	1478	175,5,175,5
1526404282.181107580	109	40	48	0	1	1	2	-77	111764	4	4	1596	1478	175,5,175,5
1526404282.193139008	109	40	48	0	1	1	2	-77	111765	4	4	1596	1478	175,5,175,5
1526404282.204631646	109	40	48	0	1	1	2	-77	111766	4	4	1596	1478	175,5,175,5
1526404282.216368478	109	40	48	0	1	1	2	-77	111767	4	4	1596	1478	175,5,175,5
1526404282.228030324	109	40	48	0	1	1	2	-77	111768	4	4	1596	1478	175,5,175,5
1526404282.240327918	109	40	48	0	1	1	2	-77	111769	4	4	1596	1478	175,5,175,5
1526404282.251666141	109	40	48	0	1	1	2	-77	111770	4	4	1596	1478	175,5,175,5
1526404282.263453491	109	40	48	0	1	1	2	-77	111771	4	4	1596	1478	175,5,175,5
1526404282.275122991	109	40	48	0	1	1	2	-77	111772	4	4	1596	1478	175,5,175,5
1526404282.286967312	109	40	48	0	1	1	2	-77	111773	4	4	1596	1478	175,5,175,5
1526404282.298705503	109	40	48	0	1	1	2	-77	111774	4	4	1596	1478	175,5,175,5
1526404282.310478686	109	40	48	0	1	1	2	-77	111775	4	4	1596	1478	175,5,175,5
1526404282.322097208	109	40	48	0	1	1	2	-77	111776	4	4	1596	1478	175,5,175,5
1526404282.334008082	109	40	48	0	1	1	2	-77	111777	4	4	1596	1478	175,5,175,5
1526404282.345539363	109	40	48	0	1	1	2	-77	111778	4	4	1596	1478	175,5,175,5
1526404282.357359817	109	40	48	0	1	1	2	-77	111779	4	4	1596	1478	175,5,175,5
1526404282.369253001	109	40	48	0	1	1	2	-77	111780	4	4	1596	1478	175,5,175,5
1526404282.381038692	109	40	48	0	1	1	2	-77	111781	4	4	1596	1478	175,5,175,5
1526404282.392790255	109	40	48	0	1	1	2	-77	111782	4	4	1596	1478	175,5,175,5
1526404282.404924289	109	40	48	0	1	1	2	-77	111783	4	4	1596	1478	175,5,175,5
1526404282.416299063	109	40	48	0	1	1	2	-77	111784	4	4	1596	1478	175,5,175,5
1526404282.427991766	109	40	48	0	1	1	2	-77	111785	4	4	1596	1478	175,5,175,5
1526404282.439790537	109	40	48	0	1	1	2	-77	111786	4	4	1596	1478	175,5,175,5
1526404282.451583622	109	40	48	0	1	1	2	-77	111787	4	4	1596	1478	175,5,175,5
1526404282.463355794	109	40	48	0	1	1	2	-77	111788	4	4	1596	1478	175,5,175,5
1526404282.475105869	109	40	48	0	1	1	2	-77	111789	4	4	1596	1478	175,5,175,5
1526404282.486859270	109	40	48	0	1	1	2	-77	111790	4	4	1596	1478	175,5,175,5
1526404282.498547530	109	40	48	0	1	1	2	-77	111791	4	4	1596	1478	175,5,175,5
1526404282.510287970	109	40	48	0	1	1	2	-77	111792	4	4	1596	1478	175,5,175,5
1526404282.522083994	109	40	48	0	1	1	2	-77	111793	4	4	1596	1478	175,5,175,5
1526404282.533818821	109	40	48	0	1	1	2	-77	111794	4	4	1596	1478	175,5,175,5
1526404282.545688989	109	40	48	0	1	1	2	-77	111795	4	4	1596	1478	175,5,175,5
1526404282.557384504	109	40	48	0	1	1	2	-77	111796	4	4	1596	1478	175,5,175,5
1526404282.569463728	109	40	48	0	1	1	2	-77	111797	4	4	1596	1478	175,5,175,5
1526404282.580837446	109	40	48	0	1	1	2	-77	111798	4	4	1596	1478	175,5,175,5
1526404282.592575854	109	40	48	0	1	1	2	-77	111799	4	4	1596	1478	175,5,175,5
1526404282.604345295	109	40	48	0	1	1	2	-77	111800	4	4	1596	1478	175,5,175,5
1526404282.616478019	109	40	48	0	1	1	2	-77	111801	4	4	1596	1478	175,5,175,5
1526404282.627854320	109	40	48	0	1	1	2	-77	111802	4	4	1596	1478	175,5,175,5
1526404282.639509385	109	40	48	0	1	1	2	-77	111803	4	4	1596	1478	175,5,175,5
1526404282.651386385	109	40	48	0	1	1	2	-77	111804	4	4	1596	1478	175,5,175,5
1526404282.663166020	109	40	48	0	1	1	2	-77	111805	4	4	1596	1478	175,5,175,5
1526404282.674796439	109	40	48	0	1	1	2	-77	111806	4	4	1596	1478	175,5,175,5
1526404282.686657914	109	40	48	0	1	1	2	-77	111809	4	4	1596	1478	175,5,175,5
1526404282.698417953	109	40	48	0	1	1	2	-77	111810	4	4	1596	1478	175,5,175,5
1526404282.710178373	109	40	48	0	1	1	2	-77	111811	4	4	1596	1478	175,5,175,5
1526404282.721941456	109	40	48	0	1	1	2	-77	111812	4	4	1596	1478	175,5,175,5
1526404282.734084756	109	40	48	0	1	1	2	-77	111813	4	4	1596	1478	175,5,175,5
1526404282.745469228	109	40	48	0	1	1	2	-77	111814	4	4	1596	1478	175,5,175,5
1526404282.757211778	109	40	48	0	1	1	2	-77	111815	4	4	1596	1478	175,5,175,5
1526404282.768993128	109	40	48	0	1	1	2	-77	111816	4	4	1596	1478	175,5,175,5
1526404282.780726074	109	40	48	0	1	1	2	-77	111817	4	4	1596	1478	175,5,175,5
1526404282.792506776	109	40	48	0	1	1	2	-77	111818	4	4	1596	1478	175,5,175,5
1526404282.804576006	109	40	48	0	1	1	2	-77	111819	4	4	1596	1478	175,5,175,5
1526404282.816014862	109	40	48	0	1	1	2	-77	111820	4	4	1596	1478	175,5,175,5
1526404282.827698513	109	40	48	0	1	1	2	-77	111821	4	4	1596	1478	175,5,175,5
1526404282.839451203	109	40	48	0	1	1	2	-77	111822	4	4	1596	1478	175,5,175,5
1526404282.866015232	109	40	48	0	1	1	2	-77	111823	4	4	1596	1478	175,5,175,5
1526404282.866226565	109	40	48	0	1	1	2	-77	111824	4	4	1596	1478	175,5,175,5
1526404282.874819521	109	40	48	0	1	1	2	-77	111825	4	4	1596	1478	175,5,175,5
1526404282.886562874	109	40	48	0	1	1	2	-77	111826	4	4	1596	1478	175,5,175,5
1526404282.898725067	109	40	48	0	1	1	2	-77	111827	4	4	1596	1478	175,5,175,5
1526404282.910099654	109	40	48	0	1	1	2	-77	111828	4	4	1596	1478	175,5,175,5
1526404282.921865185	109	40	48	0	1	1	2	-77	111829	4	4	1596	1478	175,5,175,5
1526404282.933488854	109	40	48	0	1	1	2	-77	111830	4	4	1596	1478	175,5,175,5
1526404282.945384836	109	40	48	0	1	1	2	-77	111831	4	4	1596	1478	175,5,175,5
1526404282.957135398	109	40	48	0	1	1	2	-77	111832	4	4	1596	1478	175,5,175,5
1526404282.969015837	109	40	48	0	1	1	2	-77	111833	4	4	1596	1478	175,5,175,5
1526404282.980776605	109	40	48	0	1	1	2	-77	111834	4	4	1596	1478	175,5,175,5
1526404282.992563908	109	40	48	0	1	1	2	-77	111835	4	4	1596	1478	175,5,175,5
1526404283.004326972	109	40	48	0	1	1	2	-77	111836	4	4	1596	1478	175,5,175,5
1526404283.015973923	109	40	48	0	1	1	2	-77	111837	4	4	1596	1478	175,5,175,5
1526404283.028058148	109	40	48	0	1	1	2	-77	111838	4	4	1596	1478	175,5,175,5
1526404283.039495891	109	40	48	0	1	1	2	-77	111839	4	4	1596	1478	175,5,175,5
1526404283.051360406	109	40	48	0	1	1	2	-77	111840	4	4	1596	1478	175,5,175,5
1526404283.063113909	109	40	48	0	1	1	2	-77	111841	4	4	1596	1478	175,5,175,5
1526404283.075347803	109	40	48	0	1	1	2	-77	111842	4	4	1596	1478	175,5,175,5
1526404283.086544885	109	40	48	0	1	1	2	-77	111843	4	4	1596	1478	175,5,175,5
1526404283.098391782	109	40	48	0	1	1	2	-77	111844	4	4	1596	1478	175,5,175,5
1526404283.110158724	109	40	48	0	1	1	2	-77	111845	4	4	1596	1478	175,5,175,5
1526404283.121898588	109	40	48	0	1	1	2	-77	111846	4	4	1596	1478	175,5,175,5
1526404283.133663219	109	40	48	0	1	1	2	-77	111847	4	4	1596	1478	175,5,175,5
1526404283.145415814	109	40	48	0	1	1	2	-77	111848	4	4	1596	1478	175,5,175,5
1526404283.157899270	109	40	48	0	1	1	2	-77	111849	4	4	1596	1478	175,5,175,5
1526404283.168965247	109	40	48	0	1	1	2	-77	111850	4	4	1596	1478	175,5,175,5
1526404283.180719802	109	40	48	0	1	1	2	-77	111851	4	4	1596	1478	175,5,175,5
1526404283.192462797	109	40	48	0	1	1	2	-77	111852	4	4	1596	1478	175,5,175,5
1526404283.204229221	109	40	48	0	1	1	2	-77	111853	4	4	1596	1478	175,5,175,5
1526404283.215992439	109	40	48	0	1	1	2	-77	111854	4	4	1596	1478	175,5,175,5
1526404283.229066752	109	40	48	0	1	1	2	-78	111855	4	4	1596	1478	175,5,175,5
1526404283.239812486	109	40	48	0	1	1	2	-77	111856	4	4	1596	1478	175,5,175,5
1526404283.251273648	109	40	48	0	1	1	2	-77	111857	4	4	1596	1478	175,5,175,5
1526404283.263062502	109	40	48	0	1	1	2	-77	111858	4	4	1596	1478	175,5,175,5
1526404283.274779056	109	40	48	0	1	1	2	-77	111859	4	4	1596	1478	175,5,175,5
1526404283.286542773	109	40	48	0	1	1	2	-77	111860	4	4	1596	1478	175,5,175,5
1526404283.298308056	109	40	48	0	1	1	2	-77	111861	4	4	1596	1478	175,5,175,5
1526404283.310089957	109	40	48	0	1	1	2	-77	111862	4	4	1596	1478	175,5,175,5
1526404283.321821873	109	40	48	0	1	1	2	-77	111863	4	4	1596	1478	175,5,175,5
1526404283.333582702	109	40	48	0	1	1	2	-77	111864	4	4	1596	1478	175,5,175,5
1526404283.345263349	109	40	48	0	1	1	2	-77	111865	4	4	1596	1478	175,5,175,5
1526404283.356989281	109	40	48	0	1	1	2	-77	111866	4	4	1596	1478	175,5,175,5
1526404283.368921608	109	40	48	0	1	1	2	-77	111867	4	4	1596	1478	175,5,175,5
1526404283.380682895	109	40	48	0	1	1	2	-77	111868	4	4	1596	1478	175,5,175,5
1526404283.392306400	109	40	48	0	1	1	2	-77	111869	4	4	1596	1478	175,5,175,5
1526404283.404447486	109	40	48	0	1	1	2	-77	111870	4	4	1596	1478	175,5,175,5
1526404283.415910793	109	40	48	0	1	1	2	-77	111871	4	4	1596	1478	175,5,175,5
1526404283.427659719	109	40	48	0	1	1	2	-77	111872	4	4	1596	1478	175,5,175,5
1526404283.439341646	109	40	48	0	1	1	2	-77	111873	4	4	1596	1478	175,5,175,5
1526404283.451484841	109	40	48	0	1	1	2	-77	111874	4	4	1596	1478	175,5,175,5
1526404283.462993317	109	40	48	0	1	1	2	-77	111875	4	4	1596	1478	175,5,175,5
1526404283.474605949	109	40	48	0	1	1	2	-77	111876	4	4	1596	1478	175,5,175,5
1526404283.486390398	109	40	48	0	1	1	2	-77	111877	4	4	1596	1478	175,5,175,5
1526404283.498140252	109	40	48	0	1	1	2	-77	111878	4	4	1596	1478	175,5,175,5
1526404283.509879944	109	40	48	0	1	1	2	-78	111879	4	4	1596	1478	175,5,175,5
1526404283.521665884	109	40	48	0	1	1	2	-77	111880	4	4	1596	1478	175,5,175,5
1526404283.533361085	109	40	48	0	1	1	2	-77	111881	4	4	1596	1478	175,5,175,5
1526404283.545082158	109	40	48	0	1	1	2	-77	111882	4	4	1596	1478	175,5,175,5
1526404283.556814660	109	40	48	0	1	1	2	-78	111883	4	4	1596	1478	175,5,175,5
1526404283.568971285	109	40	48	0	1	1	2	-77	111884	4	4	1596	1478	175,5,175,5
1526404283.580323625	109	40	48	0	1	1	2	-77	111885	4	4	1596	1478	175,5,175,5
1526404283.592078109	109	40	48	0	1	1	2	-77	111886	4	4	1596	1478	175,5,175,5
1526404283.605081844	109	40	48	0	1	1	2	-77	111887	4	4	1596	1478	175,5,175,5
1526404283.615616381	109	40	48	0	1	1	2	-77	111888	4	4	1596	1478	175,5,175,5
1526404283.627341543	109	40	48	0	1	1	2	-77	111889	4	4	1596	1478	175,5,175,5
1526404283.639594559	109	40	48	0	1	1	2	-77	111890	4	4	1596	1478	175,5,175,5
1526404283.651056862	109	40	48	0	1	1	2	-77	111891	4	4	1596	1478	175,5,175,5
1526404283.662867933	109	40	48	0	1	1	2	-77	111892	4	4	1596	1478	175,5,175,5
1526404283.674651997	109	40	48	0	1	1	2	-77	111893	4	4	1596	1478	175,5,175,5
1526404283.686390476	109	40	48	0	1	1	2	-77	111894	4	4	1596	1478	175,5,175,5
1526404283.698441972	109	40	48	0	1	1	2	-77	111895	4	4	1596	1478	175,5,175,5
1526404283.709906488	109	40	48	0	1	1	2	-77	111896	4	4	1596	1478	175,5,175,5
1526404283.721668171	109	40	48	0	1	1	2	-77	111897	4	4	1596	1478	175,5,175,5
1526404283.733816150	109	40	48	0	1	1	2	-77	111898	4	4	1596	1478	175,5,175,5
1526404283.745177109	109	40	48	0	1	1	2	-77	111899	4	4	1596	1478	175,5,175,5
1526404283.756946251	109	40	48	0	1	1	2	-77	111900	4	4	1596	1478	175,5,175,5
1526404283.768671071	109	40	48	0	1	1	2	-77	111901	4	4	1596	1478	175,5,175,5
1526404283.780473409	109	40	48	0	1	1	2	-77	111902	4	4	1596	1478	175,5,175,5
1526404283.792140884	109	40	48	0	1	1	2	-77	111903	4	4	1596	1478	175,5,175,5
1526404283.803994162	109	40	48	0	1	1	2	-77	111904	4	4	1596	1478	175,5,175,5
1526404283.815752938	109	40	48	0	1	1	2	-77	111905	4	4	1596	1478	175,5,175,5
1526404283.827500962	109	40	48	0	1	1	2	-77	111906	4	4	1596	1478	175,5,175,5
1526404283.839274162	109	40	48	0	1	1	2	-77	111907	4	4	1596	1478	175,5,175,5
1526404283.851039151	109	40	48	0	1	1	2	-77	111908	4	4	1596	1478	175,5,175,5
1526404283.863145195	109	40	48	0	1	1	2	-77	111909	4	4	1596	1478	175,5,175,5
1526404283.874790652	109	40	48	0	1	1	2	-77	111910	4	4	1596	1478	175,5,175,5
1526404283.886242549	109	40	48	0	1	1	2	-77	111911	4	4	1596	1478	175,5,175,5
1526404283.898076495	109	40	48	0	1	1	2	-77	111912	4	4	1596	1478	175,5,175,5
1526404283.910209886	109	40	48	0	1	1	2	-77	111913	4	4	1596	1478	175,5,175,5
1526404283.921525888	109	40	48	0	1	1	2	-77	111914	4	4	1596	1478	175,5,175,5
1526404283.933269175	109	40	48	0	1	1	2	-77	111915	4	4	1596	1478	175,5,175,5
1526404283.945020179	109	40	48	0	1	1	2	-77	111916	4	4	1596	1478	175,5,175,5
1526404283.956833885	109	40	48	0	1	1	2	-77	111917	4	4	1596	1478	175,5,175,5
1526404283.968640085	109	40	48	0	1	1	2	-77	111918	4	4	1596	1478	175,5,175,5
1526404283.980427412	109	40	48	0	1	1	2	-77	111919	4	4	1596	1478	175,5,175,5
1526404283.992148629	109	40	48	0	1	1	2	-77	111920	4	4	1596	1478	175,5,175,5
1526404284.003916345	109	40	48	0	1	1	2	-77	111921	4	4	1596	1478	175,5,175,5
1526404284.015592657	109	40	48	0	1	1	2	-77	111922	4	4	1596	1478	175,5,175,5
1526404284.027427471	109	40	48	0	1	1	2	-78	111923	4	4	1596	1478	175,5,175,5
1526404284.039206903	109	40	48	0	1	1	2	-77	111924	4	4	1596	1478	175,5,175,5
1526404284.050952630	109	40	48	0	1	1	2	-77	111925	4	4	1596	1478	175,5,175,5
1526404284.062735193	109	40	48	0	1	1	2	-77	111926	4	4	1596	1478	175,5,175,5
1526404284.076037682	109	40	48	0	1	1	2	-77	111927	4	4	1596	1478	175,5,175,5
1526404284.086259191	109	40	48	0	1	1	2	-77	111928	4	4	1596	1478	175,5,175,5
1526404284.287943187	179	40	48	0	1	1	2	-77	111929	4	4	3130	1478,1478	175,5,175,5
1526404284.287995163	179	40	48	0	1	1	2	-77	111929	4	4	3130	1478,1478	175,5,175,5
1526404284.288007564	179	40	48	0	1	1	2	-77	111929	4	4	3130	1478,1478	175,5,175,5
1526404284.288019614	179	40	48	0	1	1	2	-77	111929	4	4	3130	1478,1478	175,5,175,5
1526404284.288032255	179	40	48	0	1	1	2	-77	111929	4	4	3130	1478,1478	175,5,175,5
1526404284.288043882	179	40	48	0	1	1	2	-77	111929	4	4	3130	1478,1478	175,5,175,5
1526404284.288058531	179	40	48	0	1	1	2	-77	111929	4	4	3130	1478,1478	175,5,175,5
1526404284.288120702	179	40	48	0	1	1	2	-77	111929	4	4	3130	1478,1478	175,5,175,5
1526404284.288139262	109	40	48	0	1	1	2	-77	111929	4	4	1596	1478	175,5,175,5
1526404284.492749913	179	40	48	0	1	1	2	-77	111930	4	4	3130	1478,1478	175,5,175,5
1526404284.492792772	179	40	48	0	1	1	2	-77	111930	4	4	3130	1478,1478	175,5,175,5
1526404284.492803000	179	40	48	0	1	1	2	-77	111930	4	4	3130	1478,1478	175,5,175,5
1526404284.492816712	179	40	48	0	1	1	2	-77	111930	4	4	3130	1478,1478	175,5,175,5
1526404284.492827480	179	40	48	0	1	1	2	-77	111930	4	4	3130	1478,1478	175,5,175,5
1526404284.492838059	179	40	48	0	1	1	2	-77	111930	4	4	3130	1478,1478	175,5,175,5
1526404284.492851954	179	40	48	0	1	1	2	-77	111930	4	4	3130	1478,1478	175,5,175,5
1526404284.492861855	179	40	48	0	1	1	2	-77	111930	4	4	3130	1478,1478	175,5,175,5
1526404284.492877167	109	40	48	0	1	1	2	-77	111930	4	4	1596	1478	175,5,175,5
1526404284.680912121	179	40	48	0	1	1	2	-77	111932	4	4	3130	1478,1478	175,5,175,5
1526404284.680948923	179	40	48	0	1	1	2	-77	111932	4	4	3130	1478,1478	175,5,175,5
1526404284.680961468	179	40	48	0	1	1	2	-77	111932	4	4	3130	1478,1478	175,5,175,5
1526404284.680974960	179	40	48	0	1	1	2	-77	111932	4	4	3130	1478,1478	175,5,175,5
1526404284.680987090	179	40	48	0	1	1	2	-77	111932	4	4	3130	1478,1478	175,5,175,5
1526404284.681000001	179	40	48	0	1	1	2	-77	111932	4	4	3130	1478,1478	175,5,175,5
1526404284.681112176	179	40	48	0	1	1	2	-77	111932	4	4	3130	1478,1478	175,5,175,5
1526404284.681149188	179	40	48	0	1	1	2	-77	111932	4	4	3130	1478,1478	175,5,175,5
1526404284.685745982	109	40	48	0	1	1	2	-77	111934	4	4	1596	1478	175,5,175,5
1526404284.697648503	109	40	48	0	1	1	2	-77	111935	4	4	1596	1478	175,5,175,5
1526404284.757280675	109	40	48	0	1	1	2	-77	111937	4	4	1596	1478	175,5,175,5
1526404284.758497600	179	40	48	0	1	1	2	-77	111938	4	4	3130	1478,1478	175,5,175,5
1526404284.758544959	179	40	48	0	1	1	2	-77	111938	4	4	3130	1478,1478	175,5,175,5
1526404284.768037754	109	40	48	0	1	1	2	-77	111939	4	4	1596	1478	175,5,175,5
1526404284.779940932	109	40	48	0	1	1	2	-77	111940	4	4	1596	1478	175,5,175,5
1526404285.107153723	179	40	48	0	1	1	2	-77	111941	4	4	3130	1478,1478	175,5,175,5
1526404285.107199611	179	40	48	0	1	1	2	-77	111941	4	4	3130	1478,1478	175,5,175,5
1526404285.107214199	179	40	48	0	1	1	2	-77	111941	4	4	3130	1478,1478	175,5,175,5
1526404285.107234213	179	40	48	0	1	1	2	-77	111941	4	4	3130	1478,1478	175,5,175,5
1526404285.107247170	179	40	48	0	1	1	2	-77	111941	4	4	3130	1478,1478	175,5,175,5
1526404285.107262953	179	40	48	0	1	1	2	-77	111941	4	4	3130	1478,1478	175,5,175,5
1526404285.107275124	179	40	48	0	1	1	2	-77	111941	4	4	3130	1478,1478	175,5,175,5
1526404285.107986430	179	40	48	0	1	1	2	-77	111941	4	4	3130	1478,1478	175,5,175,5
1526404285.108031506	179	40	48	0	1	1	2	-77	111941	4	4	3130	1478,1478	175,5,175,5
1526404285.108042987	179	40	48	0	1	1	2	-77	111941	4	4	3130	1478,1478	175,5,175,5
1526404285.108055659	179	40	48	0	1	1	2	-77	111941	4	4	3130	1478,1478	175,5,175,5
1526404285.108066793	179	40	48	0	1	1	2	-77	111941	4	4	3130	1478,1478	175,5,175,5
1526404285.108081517	179	40	48	0	1	1	2	-77	111941	4	4	3130	1478,1478	175,5,175,5
1526404285.108094537	109	40	48	0	1	1	2	-77	111941	4	4	1596	1478	175,5,175,5
1526404285.109222631	109	40	48	0	1	1	2	-77	111942	4	4	1596	1478	175,5,175,5
1526404285.311962084	179	40	48	0	1	1	2	-77	111943	4	4	3130	1478,1478	175,5,175,5
1526404285.312009068	179	40	48	0	1	1	2	-77	111943	4	4	3130	1478,1478	175,5,175,5
1526404285.312023667	179	40	48	0	1	1	2	-77	111943	4	4	3130	1478,1478	175,5,175,5
1526404285.312040157	179	40	48	0	1	1	2	-77	111943	4	4	3130	1478,1478	175,5,175,5
1526404285.312054521	179	40	48	0	1	1	2	-77	111943	4	4	3130	1478,1478	175,5,175,5
1526404285.312065587	179	40	48	0	1	1	2	-77	111943	4	4	3130	1478,1478	175,5,175,5
1526404285.312078212	179	40	48	0	1	1	2	-77	111943	4	4	3130	1478,1478	175,5,175,5
1526404285.312136663	179	40	48	0	1	1	2	-77	111943	4	4	3130	1478,1478	175,5,175,5
1526404285.312160205	109	40	48	0	1	1	2	-77	111943	4	4	1596	1478	175,5,175,5
1526404285.351091654	109	40	48	0	1	1	2	-78	111944	4	4	1596	1478	175,5,175,5
1526404285.351546055	179	40	48	0	1	1	2	-78	111945	4	4	3130	1478,1478	175,5,175,5
1526404285.356585849	109	40	48	0	1	1	2	-78	111946	4	4	1596	1478	175,5,175,5
1526404285.368075620	109	40	48	0	1	1	2	-77	111947	4	4	1596	1478	175,5,175,5
1526404285.516495317	179	40	48	0	1	1	2	-77	111948	4	4	3130	1478,1478	175,5,175,5
1526404285.516539401	179	40	48	0	1	1	2	-77	111948	4	4	3130	1478,1478	175,5,175,5
1526404285.516552321	179	40	48	0	1	1	2	-77	111948	4	4	3130	1478,1478	175,5,175,5
1526404285.516569419	179	40	48	0	1	1	2	-77	111948	4	4	3130	1478,1478	175,5,175,5
1526404285.516580159	179	40	48	0	1	1	2	-77	111948	4	4	3130	1478,1478	175,5,175,5
1526404285.516592676	179	40	48	0	1	1	2	-77	111948	4	4	3130	1478,1478	175,5,175,5
1526404285.520809043	109	40	48	0	1	1	2	-77	111949	4	4	1596	1478	175,5,175,5
1526404285.722560769	179	40	48	0	1	1	2	-77	111950	4	4	3130	1478,1478	175,5,175,5
1526404285.722609018	179	40	48	0	1	1	2	-77	111950	4	4	3130	1478,1478	175,5,175,5
1526404285.722628127	179	40	48	0	1	1	2	-77	111950	4	4	3130	1478,1478	175,5,175,5
1526404285.722642320	179	40	48	0	1	1	2	-77	111950	4	4	3130	1478,1478	175,5,175,5
1526404285.722654793	179	40	48	0	1	1	2	-77	111950	4	4	3130	1478,1478	175,5,175,5
1526404285.722666908	182	40	48	0	1	1	2	-77	111950	4	4	3182	1478,1478	175,5,175,5
1526404285.722724189	179	40	48	0	1	1	2	-77	111950	4	4	3130	1478,1478	175,5,175,5
1526404285.722749849	179	40	48	0	1	1	2	-77	111950	4	4	3130	1478,1478	175,5,175,5
1526404285.722893356	109	40	48	0	1	1	2	-76	111951	4	4	1596	1478	175,5,175,5
1526404285.926284492	179	40	48	0	1	1	2	-77	111952	4	4	3130	1478,1478	175,5,175,5
1526404285.926303985	179	40	48	0	1	1	2	-77	111952	4	4	3130	1478,1478	175,5,175,5
1526404285.926308140	179	40	48	0	1	1	2	-77	111952	4	4	3130	1478,1478	175,5,175,5
1526404285.926411503	179	40	48	0	1	1	2	-77	111952	4	4	3130	1478,1478	175,5,175,5
1526404285.926420367	179	40	48	0	1	1	2	-77	111952	4	4	3130	1478,1478	175,5,175,5
1526404285.926424172	179	40	48	0	1	1	2	-77	111952	4	4	3130	1478,1478	175,5,175,5
1526404285.926427487	179	40	48	0	1	1	2	-77	111952	4	4	3130	1478,1478	175,5,175,5
1526404285.926431646	179	40	48	0	1	1	2	-77	111952	4	4	3130	1478,1478	175,5,175,5
1526404285.926435338	109	40	48	0	1	1	2	-77	111952	4	4	1596	1478	175,5,175,5
1526404285.932436327	109	40	48	0	1	1	2	-77	111953	4	4	1596	1478	175,5,175,5
1526404286.131937158	179	40	48	0	1	1	2	-78	111954	4	4	3130	1478,1478	175,5,175,5
1526404286.131983053	179	40	48	0	1	1	2	-78	111954	4	4	3130	1478,1478	175,5,175,5
1526404286.131995652	179	40	48	0	1	1	2	-78	111954	4	4	3130	1478,1478	175,5,175,5
1526404286.132009186	179	40	48	0	1	1	2	-78	111954	4	4	3130	1478,1478	175,5,175,5
1526404286.132020728	179	40	48	0	1	1	2	-78	111954	4	4	3130	1478,1478	175,5,175,5
1526404286.132035174	179	40	48	0	1	1	2	-78	111954	4	4	3130	1478,1478	175,5,175,5
1526404286.132047425	179	40	48	0	1	1	2	-78	111954	4	4	3130	1478,1478	175,5,175,5
1526404286.132117915	179	40	48	0	1	1	2	-78	111954	4	4	3130	1478,1478	175,5,175,5
1526404286.132731049	109	40	48	0	1	1	2	-78	111955	4	4	1596	1478	175,5,175,5
1526404286.335967520	179	40	48	0	1	1	2	-79	111956	4	4	3130	1478,1478	175,5,175,5
1526404286.336016920	179	40	48	0	1	1	2	-79	111956	4	4	3130	1478,1478	175,5,175,5
1526404286.336028535	179	40	48	0	1	1	2	-79	111956	4	4	3130	1478,1478	175,5,175,5
1526404286.336041165	179	40	48	0	1	1	2	-79	111956	4	4	3130	1478,1478	175,5,175,5
1526404286.336056007	179	40	48	0	1	1	2	-79	111956	4	4	3130	1478,1478	175,5,175,5
1526404286.336067493	179	40	48	0	1	1	2	-79	111956	4	4	3130	1478,1478	175,5,175,5
1526404286.336085985	179	40	48	0	1	1	2	-79	111956	4	4	3130	1478,1478	175,5,175,5
1526404286.336097499	179	40	48	0	1	1	2	-79	111956	4	4	3130	1478,1478	175,5,175,5
1526404286.336159295	109	40	48	0	1	1	2	-79	111956	4	4	1596	1478	175,5,175,5
1526404286.540959092	179	40	48	0	1	1	2	-78	111957	4	4	3130	1478,1478	175,5,175,5
1526404286.541019690	179	40	48	0	1	1	2	-78	111957	4	4	3130	1478,1478	175,5,175,5
1526404286.541031222	179	40	48	0	1	1	2	-78	111957	4	4	3130	1478,1478	175,5,175,5
1526404286.541043097	179	40	48	0	1	1	2	-78	111957	4	4	3130	1478,1478	175,5,175,5
1526404286.541055820	179	40	48	0	1	1	2	-78	111957	4	4	3130	1478,1478	175,5,175,5
1526404286.541071744	179	40	48	0	1	1	2	-78	111957	4	4	3130	1478,1478	175,5,175,5
1526404286.541082815	179	40	48	0	1	1	2	-78	111957	4	4	3130	1478,1478	175,5,175,5
1526404286.541093986	179	40	48	0	1	1	2	-78	111957	4	4	3130	1478,1478	175,5,175,5
1526404286.541204601	109	40	48	0	1	1	2	-78	111957	4	4	1596	1478	175,5,175,5
1526404286.544399096	109	40	48	0	1	1	2	-78	111958	4	4	1596	1478	175,5,175,5
1526404286.745579431	179	40	48	0	1	1	2	-78	111959	4	4	3130	1478,1478	175,5,175,5
1526404286.745626177	179	40	48	0	1	1	2	-78	111959	4	4	3130	1478,1478	175,5,175,5
1526404286.745638559	179	40	48	0	1	1	2	-78	111959	4	4	3130	1478,1478	175,5,175,5
1526404286.745654322	179	40	48	0	1	1	2	-78	111959	4	4	3130	1478,1478	175,5,175,5
1526404286.745665405	179	40	48	0	1	1	2	-78	111959	4	4	3130	1478,1478	175,5,175,5
1526404286.745680131	179	40	48	0	1	1	2	-78	111959	4	4	3130	1478,1478	175,5,175,5
1526404286.745692887	179	40	48	0	1	1	2	-78	111959	4	4	3130	1478,1478	175,5,175,5
1526404286.745704480	179	40	48	0	1	1	2	-78	111959	4	4	3130	1478,1478	175,5,175,5
1526404286.745763072	109	40	48	0	1	1	2	-78	111959	4	4	1596	1478	175,5,175,5
1526404286.950380725	179	40	48	0	1	1	2	-78	111960	4	4	3130	1478,1478	175,5,175,5
1526404286.950398654	179	40	48	0	1	1	2	-78	111960	4	4	3130	1478,1478	175,5,175,5
1526404286.950421453	179	40	48	0	1	1	2	-78	111960	4	4	3130	1478,1478	175,5,175,5
1526404286.950425677	179	40	48	0	1	1	2	-78	111960	4	4	3130	1478,1478	175,5,175,5
1526404286.950447788	179	40	48	0	1	1	2	-78	111960	4	4	3130	1478,1478	175,5,175,5
1526404286.950453880	179	40	48	0	1	1	2	-78	111960	4	4	3130	1478,1478	175,5,175,5
1526404286.950458451	179	40	48	0	1	1	2	-78	111960	4	4	3130	1478,1478	175,5,175,5
1526404286.950462583	179	40	48	0	1	1	2	-78	111960	4	4	3130	1478,1478	175,5,175,5
1526404286.950469139	109	40	48	0	1	1	2	-78	111960	4	4	1596	1478	175,5,175,5
1526404286.955573068	109	40	48	0	1	1	2	-78	111961	4	4	1596	1478	175,5,175,5
1526404287.155932481	179	40	48	0	1	1	2	-77	111962	4	4	3130	1478,1478	175,5,175,5
1526404287.155979604	179	40	48	0	1	1	2	-77	111962	4	4	3130	1478,1478	175,5,175,5
1526404287.155991989	179	40	48	0	1	1	2	-77	111962	4	4	3130	1478,1478	175,5,175,5
1526404287.156006799	179	40	48	0	1	1	2	-77	111962	4	4	3130	1478,1478	175,5,175,5
1526404287.156017479	179	40	48	0	1	1	2	-77	111962	4	4	3130	1478,1478	175,5,175,5
1526404287.156029281	179	40	48	0	1	1	2	-77	111962	4	4	3130	1478,1478	175,5,175,5
1526404287.156046275	179	40	48	0	1	1	2	-77	111962	4	4	3130	1478,1478	175,5,175,5
1526404287.156104997	179	40	48	0	1	1	2	-77	111962	4	4	3130	1478,1478	175,5,175,5
1526404287.156580170	109	40	48	0	1	1	2	-77	111963	4	4	1596	1478	175,5,175,5
1526404287.359891251	179	40	48	0	1	1	2	-77	111964	4	4	3130	1478,1478	175,5,175,5
1526404287.359935865	179	40	48	0	1	1	2	-77	111964	4	4	3130	1478,1478	175,5,175,5
1526404287.359947704	179	40	48	0	1	1	2	-77	111964	4	4	3130	1478,1478	175,5,175,5
1526404287.359958530	179	40	48	0	1	1	2	-77	111964	4	4	3130	1478,1478	175,5,175,5
1526404287.360079456	179	40	48	0	1	1	2	-77	111964	4	4	3130	1478,1478	175,5,175,5
1526404287.360095098	179	40	48	0	1	1	2	-77	111964	4	4	3130	1478,1478	175,5,175,5
1526404287.360108355	179	40	48	0	1	1	2	-77	111964	4	4	3130	1478,1478	175,5,175,5
1526404287.360124081	179	40	48	0	1	1	2	-77	111964	4	4	3130	1478,1478	175,5,175,5
1526404287.360135613	109	40	48	0	1	1	2	-77	111964	4	4	1596	1478	175,5,175,5
1526404287.564748333	179	40	48	0	1	1	2	-77	111965	4	4	3130	1478,1478	175,5,175,5
1526404287.564770000	179	40	48	0	1	1	2	-77	111965	4	4	3130	1478,1478	175,5,175,5
1526404287.564774565	179	40	48	0	1	1	2	-77	111965	4	4	3130	1478,1478	175,5,175,5
1526404287.564778775	179	40	48	0	1	1	2	-77	111965	4	4	3130	1478,1478	175,5,175,5
1526404287.564783853	179	40	48	0	1	1	2	-77	111965	4	4	3130	1478,1478	175,5,175,5
1526404287.564788195	179	40	48	0	1	1	2	-77	111965	4	4	3130	1478,1478	175,5,175,5
1526404287.564795782	179	40	48	0	1	1	2	-77	111965	4	4	3130	1478,1478	175,5,175,5
1526404287.564869111	179	40	48	0	1	1	2	-77	111965	4	4	3130	1478,1478	175,5,175,5
1526404287.564880574	109	40	48	0	1	1	2	-77	111965	4	4	1596	1478	175,5,175,5
1526404287.567319837	109	40	48	0	1	1	2	-77	111966	4	4	1596	1478	175,5,175,5
1526404287.769572799	179	40	48	0	1	1	2	-77	111967	4	4	3130	1478,1478	175,5,175,5
1526404287.769618551	179	40	48	0	1	1	2	-77	111967	4	4	3130	1478,1478	175,5,175,5
1526404287.769632722	179	40	48	0	1	1	2	-77	111967	4	4	3130	1478,1478	175,5,175,5
1526404287.769643574	179	40	48	0	1	1	2	-77	111967	4	4	3130	1478,1478	175,5,175,5
1526404287.769659807	179	40	48	0	1	1	2	-77	111967	4	4	3130	1478,1478	175,5,175,5
1526404287.769672259	179	40	48	0	1	1	2	-77	111967	4	4	3130	1478,1478	175,5,175,5
1526404287.769686419	179	40	48	0	1	1	2	-77	111967	4	4	3130	1478,1478	175,5,175,5
1526404287.769751854	179	40	48	0	1	1	2	-77	111967	4	4	3130	1478,1478	175,5,175,5
1526404287.769771361	109	40	48	0	1	1	2	-77	111967	4	4	1596	1478	175,5,175,5
1526404287.974258500	179	40	48	0	1	1	2	-77	111968	4	4	3130	1478,1478	175,5,175,5
1526404287.974276981	179	40	48	0	1	1	2	-77	111968	4	4	3130	1478,1478	175,5,175,5
1526404287.974282512	179	40	48	0	1	1	2	-77	111968	4	4	3130	1478,1478	175,5,175,5
1526404287.974387866	179	40	48	0	1	1	2	-77	111968	4	4	3130	1478,1478	175,5,175,5
1526404287.974396601	179	40	48	0	1	1	2	-77	111968	4	4	3130	1478,1478	175,5,175,5
1526404287.974400376	179	40	48	0	1	1	2	-77	111968	4	4	3130	1478,1478	175,5,175,5
1526404287.974403949	179	40	48	0	1	1	2	-77	111968	4	4	3130	1478,1478	175,5,175,5
1526404287.974407236	179	40	48	0	1	1	2	-77	111968	4	4	3130	1478,1478	175,5,175,5
1526404287.974411873	109	40	48	0	1	1	2	-77	111968	4	4	1596	1478	175,5,175,5
1526404287.978526587	109	40	48	0	1	1	2	-77	111969	4	4	1596	1478	175,5,175,5
1526404287.990745743	109	40	48	0	1	1	2	-77	111970	4	4	1596	1478	175,5,175,5
1526404288.002520561	109	40	48	0	1	1	2	-77	111971	4	4	1596	1478	175,5,175,5
1526404288.013942792	109	40	48	0	1	1	2	-77	111972	4	4	1596	1478	175,5,175,5
1526404288.025773392	109	40	48	0	1	1	2	-77	111973	4	4	1596	1478	175,5,175,5
1526404288.037851632	109	40	48	0	1	1	2	-77	111974	4	4	1596	1478	175,5,175,5
1526404288.049216704	109	40	48	0	1	1	2	-77	111975	4	4	1596	1478	175,5,175,5
1526404288.061073133	109	40	48	0	1	1	2	-78	111976	4	4	1596	1478	175,5,175,5
1526404288.073272044	109	40	48	0	1	1	2	-78	111977	4	4	1596	1478	175,5,175,5
1526404288.084563202	109	40	48	0	1	1	2	-78	111978	4	4	1596	1478	175,5,175,5
1526404288.096379769	109	40	48	0	1	1	2	-77	111979	4	4	1596	1478	175,5,175,5
1526404288.108160798	109	40	48	0	1	1	2	-78	111980	4	4	1596	1478	175,5,175,5
1526404288.119924485	109	40	48	0	1	1	2	-78	111981	4	4	1596	1478	175,5,175,5
1526404288.131674792	109	40	48	0	1	1	2	-77	111982	4	4	1596	1478	175,5,175,5
1526404288.143429846	109	40	48	0	1	1	2	-77	111983	4	4	1596	1478	175,5,175,5
1526404288.155554692	109	40	48	0	1	1	2	-77	111984	4	4	1596	1478	175,5,175,5
1526404288.166956586	109	40	48	0	1	1	2	-77	111985	4	4	1596	1478	175,5,175,5
1526404288.178748823	109	40	48	0	1	1	2	-78	111986	4	4	1596	1478	175,5,175,5
1526404288.190485257	109	40	48	0	1	1	2	-77	111987	4	4	1596	1478	175,5,175,5
1526404288.202254373	109	40	48	0	1	1	2	-77	111988	4	4	1596	1478	175,5,175,5
1526404288.214001407	109	40	48	0	1	1	2	-77	111989	4	4	1596	1478	175,5,175,5
1526404288.225739820	109	40	48	0	1	1	2	-77	111990	4	4	1596	1478	175,5,175,5
1526404288.237509645	109	40	48	0	1	1	2	-77	111991	4	4	1596	1478	175,5,175,5
1526404288.249289379	109	40	48	0	1	1	2	-77	111992	4	4	1596	1478	175,5,175,5
1526404288.261041362	109	40	48	0	1	1	2	-78	111993	4	4	1596	1478	175,5,175,5
1526404288.272807404	109	40	48	0	1	1	2	-78	111994	4	4	1596	1478	175,5,175,5
1526404288.284580671	109	40	48	0	1	1	2	-77	111995	4	4	1596	1478	175,5,175,5
1526404288.296306489	109	40	48	0	1	1	2	-78	111996	4	4	1596	1478	175,5,175,5
1526404288.308063191	109	40	48	0	1	1	2	-78	111997	4	4	1596	1478	175,5,175,5
1526404288.320218066	109	40	48	0	1	1	2	-78	111998	4	4	1596	1478	175,5,175,5
1526404288.331587758	109	40	48	0	1	1	2	-78	111999	4	4	1596	1478	175,5,175,5
1526404288.343251698	109	40	48	0	1	1	2	-78	112000	4	4	1596	1478	175,5,175,5
1526404288.355029604	109	40	48	0	1	1	2	-77	112001	4	4	1596	1478	175,5,175,5
1526404288.366765439	109	40	48	0	1	1	2	-77	112002	4	4	1596	1478	175,5,175,5
1526404288.378556030	109	40	48	0	1	1	2	-78	112003	4	4	1596	1478	175,5,175,5
1526404288.390212581	109	40	48	0	1	1	2	-78	112004	4	4	1596	1478	175,5,175,5
1526404288.401949138	109	40	48	0	1	1	2	-78	112005	4	4	1596	1478	175,5,175,5
1526404288.413804121	109	40	48	0	1	1	2	-77	112006	4	4	1596	1478	175,5,175,5
1526404288.425562597	109	40	48	0	1	1	2	-77	112007	4	4	1596	1478	175,5,175,5
1526404288.437311819	109	40	48	0	1	1	2	-77	112008	4	4	1596	1478	175,5,175,5
1526404288.449489536	109	40	48	0	1	1	2	-77	112009	4	4	1596	1478	175,5,175,5
1526404288.460862449	109	40	48	0	1	1	2	-77	112010	4	4	1596	1478	175,5,175,5
1526404288.472600249	109	40	48	0	1	1	2	-77	112011	4	4	1596	1478	175,5,175,5
1526404288.484457959	109	40	48	0	1	1	2	-77	112012	4	4	1596	1478	175,5,175,5
1526404288.496564629	109	40	48	0	1	1	2	-77	112013	4	4	1596	1478	175,5,175,5
1526404288.507906999	109	40	48	0	1	1	2	-77	112014	4	4	1596	1478	175,5,175,5
1526404288.519715199	109	40	48	0	1	1	2	-77	112015	4	4	1596	1478	175,5,175,5
1526404288.531411023	109	40	48	0	1	1	2	-77	112016	4	4	1596	1478	175,5,175,5
1526404288.543133539	109	40	48	0	1	1	2	-77	112017	4	4	1596	1478	175,5,175,5
1526404288.554924943	109	40	48	0	1	1	2	-77	112018	4	4	1596	1478	175,5,175,5
1526404288.566700552	109	40	48	0	1	1	2	-77	112019	4	4	1596	1478	175,5,175,5
1526404288.578480474	109	40	48	0	1	1	2	-77	112020	4	4	1596	1478	175,5,175,5
1526404288.590328669	109	40	48	0	1	1	2	-77	112021	4	4	1596	1478	175,5,175,5
1526404288.602063022	109	40	48	0	1	1	2	-77	112022	4	4	1596	1478	175,5,175,5
1526404288.613762478	109	40	48	0	1	1	2	-77	112023	4	4	1596	1478	175,5,175,5
1526404288.625595663	109	40	48	0	1	1	2	-78	112024	4	4	1596	1478	175,5,175,5
1526404288.637347598	109	40	48	0	1	1	2	-77	112025	4	4	1596	1478	175,5,175,5
1526404288.649108852	109	40	48	0	1	1	2	-78	112026	4	4	1596	1478	175,5,175,5
1526404288.661246149	109	40	48	0	1	1	2	-77	112027	4	4	1596	1478	175,5,175,5
1526404288.672640300	109	40	48	0	1	1	2	-77	112028	4	4	1596	1478	175,5,175,5
1526404288.685046915	109	40	48	0	1	1	2	-77	112029	4	4	1596	1478	175,5,175,5
1526404288.696146404	109	40	48	0	1	1	2	-77	112030	4	4	1596	1478	175,5,175,5
1526404288.707918132	109	40	48	0	1	1	2	-77	112031	4	4	1596	1478	175,5,175,5
1526404288.719664503	109	40	48	0	1	1	2	-77	112032	4	4	1596	1478	175,5,175,5
1526404288.731425709	109	40	48	0	1	1	2	-78	112033	4	4	1596	1478	175,5,175,5
1526404288.743185452	109	40	48	0	1	1	2	-77	112034	4	4	1596	1478	175,5,175,5
1526404288.754944089	109	40	48	0	1	1	2	-77	112035	4	4	1596	1478	175,5,175,5
1526404288.766524003	109	40	48	0	1	1	2	-77	112036	4	4	1596	1478	175,5,175,5
1526404288.778473472	109	40	48	0	1	1	2	-77	112037	4	4	1596	1478	175,5,175,5
1526404288.790424786	109	40	48	0	1	1	2	-77	112038	4	4	1596	1478	175,5,175,5
1526404288.801984619	109	40	48	0	1	1	2	-77	112039	4	4	1596	1478	175,5,175,5
1526404288.813751336	109	40	48	0	1	1	2	-77	112040	4	4	1596	1478	175,5,175,5
1526404288.825893630	109	40	48	0	1	1	2	-77	112041	4	4	1596	1478	175,5,175,5
1526404288.837257867	109	40	48	0	1	1	2	-77	112042	4	4	1596	1478	175,5,175,5
1526404288.849039449	109	40	48	0	1	1	2	-77	112043	4	4	1596	1478	175,5,175,5
1526404288.860800361	109	40	48	0	1	1	2	-77	112044	4	4	1596	1478	175,5,175,5
1526404288.872977744	109	40	48	0	1	1	2	-77	112045	4	4	1596	1478	175,5,175,5
1526404288.884316198	109	40	48	0	1	1	2	-77	112046	4	4	1596	1478	175,5,175,5
1526404288.896086368	109	40	48	0	1	1	2	-77	112047	4	4	1596	1478	175,5,175,5
1526404288.907833901	109	40	48	0	1	1	2	-77	112048	4	4	1596	1478	175,5,175,5
1526404288.919539356	109	40	48	0	1	1	2	-77	112049	4	4	1596	1478	175,5,175,5
1526404288.931358626	109	40	48	0	1	1	2	-77	112050	4	4	1596	1478	175,5,175,5
1526404288.943113822	109	40	48	0	1	1	2	-77	112051	4	4	1596	1478	175,5,175,5
1526404288.954861896	109	40	48	0	1	1	2	-77	112052	4	4	1596	1478	175,5,175,5
1526404288.966625330	109	40	48	0	1	1	2	-77	112053	4	4	1596	1478	175,5,175,5
1526404288.978262410	109	40	48	0	1	1	2	-78	112054	4	4	1596	1478	175,5,175,5
1526404288.991424089	109	40	48	0	1	1	2	-77	112055	4	4	1596	1478	175,5,175,5
1526404289.001786311	109	40	48	0	1	1	2	-77	112056	4	4	1596	1478	175,5,175,5
1526404289.013556504	109	40	48	0	1	1	2	-77	112057	4	4	1596	1478	175,5,175,5
1526404289.025426731	109	40	48	0	1	1	2	-77	112058	4	4	1596	1478	175,5,175,5
1526404289.037000202	109	40	48	0	1	1	2	-77	112059	4	4	1596	1478	175,5,175,5
1526404289.048949083	109	40	48	0	1	1	2	-77	112060	4	4	1596	1478	175,5,175,5
1526404289.060707472	109	40	48	0	1	1	2	-77	112061	4	4	1596	1478	175,5,175,5
1526404289.072390862	109	40	48	0	1	1	2	-77	112062	4	4	1596	1478	175,5,175,5
1526404289.084234991	109	40	48	0	1	1	2	-77	112063	4	4	1596	1478	175,5,175,5
1526404289.106039406	109	40	48	0	1	1	2	-77	112064	4	4	1596	1478	175,5,175,5
1526404289.107766830	109	40	48	0	1	1	2	-77	112065	4	4	1596	1478	175,5,175,5
1526404289.119457114	109	40	48	0	1	1	2	-77	112066	4	4	1596	1478	175,5,175,5
1526404289.131263701	109	40	48	0	1	1	2	-77	112067	4	4	1596	1478	175,5,175,5
1526404289.143037659	109	40	48	0	1	1	2	-77	112068	4	4	1596	1478	175,5,175,5
1526404289.155163031	109	40	48	0	1	1	2	-77	112069	4	4	1596	1478	175,5,175,5
1526404289.166554344	109	40	48	0	1	1	2	-77	112070	4	4	1596	1478	175,5,175,5
1526404289.178300139	109	40	48	0	1	1	2	-77	112071	4	4	1596	1478	175,5,175,5
1526404289.190068581	109	40	48	0	1	1	2	-77	112072	4	4	1596	1478	175,5,175,5
1526404289.201851181	109	40	48	0	1	1	2	-77	112073	4	4	1596	1478	175,5,175,5
1526404289.213583188	109	40	48	0	1	1	2	-78	112074	4	4	1596	1478	175,5,175,5
1526404289.225289743	109	40	48	0	1	1	2	-77	112075	4	4	1596	1478	175,5,175,5
1526404289.237104163	109	40	48	0	1	1	2	-77	112076	4	4	1596	1478	175,5,175,5
1526404289.248881102	109	40	48	0	1	1	2	-77	112077	4	4	1596	1478	175,5,175,5
1526404289.260653542	109	40	48	0	1	1	2	-77	112078	4	4	1596	1478	175,5,175,5
1526404289.272367558	109	40	48	0	1	1	2	-77	112079	4	4	1596	1478	175,5,175,5
1526404289.284555967	109	40	48	0	1	1	2	-77	112080	4	4	1596	1478	175,5,175,5
1526404289.295918072	109	40	48	0	1	1	2	-77	112081	4	4	1596	1478	175,5,175,5
1526404289.307605521	109	40	48	0	1	1	2	-77	112082	4	4	1596	1478	175,5,175,5
1526404289.319329626	109	40	48	0	1	1	2	-77	112083	4	4	1596	1478	175,5,175,5
1526404289.331096175	109	40	48	0	1	1	2	-77	112084	4	4	1596	1478	175,5,175,5
1526404289.342852265	109	40	48	0	1	1	2	-77	112085	4	4	1596	1478	175,5,175,5
1526404289.354618866	109	40	48	0	1	1	2	-77	112086	4	4	1596	1478	175,5,175,5
1526404289.366286374	109	40	48	0	1	1	2	-77	112087	4	4	1596	1478	175,5,175,5
1526404289.378411576	109	40	48	0	1	1	2	-77	112088	4	4	1596	1478	175,5,175,5
1526404289.389763130	109	40	48	0	1	1	2	-77	112089	4	4	1596	1478	175,5,175,5
1526404289.401554542	109	40	48	0	1	1	2	-77	112090	4	4	1596	1478	175,5,175,5
1526404289.413286917	109	40	48	0	1	1	2	-77	112091	4	4	1596	1478	175,5,175,5
1526404289.425034780	109	40	48	0	1	1	2	-77	112092	4	4	1596	1478	175,5,175,5
1526404289.436796725	109	40	48	0	1	1	2	-77	112093	4	4	1596	1478	175,5,175,5
1526404289.448555712	109	40	48	0	1	1	2	-77	112094	4	4	1596	1478	175,5,175,5
1526404289.460313103	109	40	48	0	1	1	2	-77	112095	4	4	1596	1478	175,5,175,5
1526404289.472077531	109	40	48	0	1	1	2	-77	112096	4	4	1596	1478	175,5,175,5
1526404289.483830764	109	40	48	0	1	1	2	-77	112097	4	4	1596	1478	175,5,175,5
1526404289.495592887	109	40	48	0	1	1	2	-77	112098	4	4	1596	1478	175,5,175,5
1526404289.507443916	109	40	48	0	1	1	2	-77	112099	4	4	1596	1478	175,5,175,5
1526404289.519218222	109	40	48	0	1	1	2	-77	112100	4	4	1596	1478	175,5,175,5
1526404289.530983162	109	40	48	0	1	1	2	-77	112101	4	4	1596	1478	175,5,175,5
1526404289.543119872	109	40	48	0	1	1	2	-77	112102	4	4	1596	1478	175,5,175,5
1526404289.554614388	109	40	48	0	1	1	2	-77	112103	4	4	1596	1478	175,5,175,5
1526404289.566388560	109	40	48	0	1	1	2	-77	112104	4	4	1596	1478	175,5,175,5
1526404289.578144927	109	40	48	0	1	1	2	-77	112105	4	4	1596	1478	175,5,175,5
1526404289.589919641	109	40	48	0	1	1	2	-77	112106	4	4	1596	1478	175,5,175,5
1526404289.601669370	109	40	48	0	1	1	2	-77	112107	4	4	1596	1478	175,5,175,5
1526404289.613429128	109	40	48	0	1	1	2	-77	112108	4	4	1596	1478	175,5,175,5
1526404289.625212357	109	40	48	0	1	1	2	-77	112109	4	4	1596	1478	175,5,175,5
1526404289.636794500	109	40	48	0	1	1	2	-77	112110	4	4	1596	1478	175,5,175,5
1526404289.648636934	109	40	48	0	1	1	2	-77	112111	4	4	1596	1478	175,5,175,5
1526404289.660458275	109	40	48	0	1	1	2	-78	112112	4	4	1596	1478	175,5,175,5
1526404289.672225979	109	40	48	0	1	1	2	-77	112113	4	4	1596	1478	175,5,175,5
1526404289.684068957	109	40	48	0	1	1	2	-77	112114	4	4	1596	1478	175,5,175,5
1526404289.696143076	109	40	48	0	1	1	2	-77	112115	4	4	1596	1478	175,5,175,5
1526404289.707819238	109	40	48	0	1	1	2	-77	112116	4	4	1596	1478	175,5,175,5
1526404289.719283304	109	40	48	0	1	1	2	-77	112117	4	4	1596	1478	175,5,175,5
1526404289.731012148	109	40	48	0	1	1	2	-78	112118	4	4	1596	1478	175,5,175,5
1526404289.743181387	109	40	48	0	1	1	2	-78	112119	4	4	1596	1478	175,5,175,5
1526404289.754550865	109	40	48	0	1	1	2	-78	112120	4	4	1596	1478	175,5,175,5
1526404289.766321456	109	40	48	0	1	1	2	-77	112121	4	4	1596	1478	175,5,175,5
1526404289.778061157	109	40	48	0	1	1	2	-77	112122	4	4	1596	1478	175,5,175,5
1526404289.789739945	109	40	48	0	1	1	2	-78	112123	4	4	1596	1478	175,5,175,5
1526404289.801584266	109	40	48	0	1	1	2	-77	112124	4	4	1596	1478	175,5,175,5
1526404289.813957148	109	40	48	0	1	1	2	-77	112125	4	4	1596	1478	175,5,175,5
1526404289.825095477	109	40	48	0	1	1	2	-77	112126	4	4	1596	1478	175,5,175,5
1526404289.836884396	109	40	48	0	1	1	2	-77	112127	4	4	1596	1478	175,5,175,5
1526404289.848643528	109	40	48	0	1	1	2	-77	112128	4	4	1596	1478	175,5,175,5
1526404289.860396125	109	40	48	0	1	1	2	-77	112129	4	4	1596	1478	175,5,175,5
1526404289.872140395	109	40	48	0	1	1	2	-77	112130	4	4	1596	1478	175,5,175,5
1526404289.883920072	109	40	48	0	1	1	2	-77	112131	4	4	1596	1478	175,5,175,5
1526404289.895760583	109	40	48	0	1	1	2	-77	112132	4	4	1596	1478	175,5,175,5
1526404289.907804345	109	40	48	0	1	1	2	-77	112133	4	4	1596	1478	175,5,175,5
1526404289.919108778	109	40	48	0	1	1	2	-77	112134	4	4	1596	1478	175,5,175,5
1526404289.930945045	109	40	48	0	1	1	2	-77	112135	4	4	1596	1478	175,5,175,5
1526404289.942626232	109	40	48	0	1	1	2	-77	112136	4	4	1596	1478	175,5,175,5
1526404289.954465748	109	40	48	0	1	1	2	-77	112137	4	4	1596	1478	175,5,175,5
1526404289.966232137	109	40	48	0	1	1	2	-77	112138	4	4	1596	1478	175,5,175,5
1526404289.977925375	109	40	48	0	1	1	2	-77	112139	4	4	1596	1478	175,5,175,5
1526404289.989746282	109	40	48	0	1	1	2	-77	112140	4	4	1596	1478	175,5,175,5
1526404290.001426335	109	40	48	0	1	1	2	-77	112141	4	4	1596	1478	175,5,175,5
1526404290.013121004	109	40	48	0	1	1	2	-77	112142	4	4	1596	1478	175,5,175,5
1526404290.025045921	109	40	48	0	1	1	2	-77	112143	4	4	1596	1478	175,5,175,5
1526404290.036637821	109	40	48	0	1	1	2	-78	112144	4	4	1596	1478	175,5,175,5
1526404290.048534835	109	40	48	0	1	1	2	-77	112145	4	4	1596	1478	175,5,175,5
1526404290.060302270	109	40	48	0	1	1	2	-77	112146	4	4	1596	1478	175,5,175,5
1526404290.072461317	109	40	48	0	1	1	2	-77	112147	4	4	1596	1478	175,5,175,5
1526404290.083825403	109	40	48	0	1	1	2	-77	112148	4	4	1596	1478	175,5,175,5
1526404290.095589257	109	40	48	0	1	1	2	-77	112149	4	4	1596	1478	175,5,175,5
1526404290.107369391	109	40	48	0	1	1	2	-77	112150	4	4	1596	1478	175,5,175,5
1526404290.119530420	109	40	48	0	1	1	2	-78	112151	4	4	1596	1478	175,5,175,5
1526404290.130836853	109	40	48	0	1	1	2	-78	112152	4	4	1596	1478	175,5,175,5
1526404290.142633725	109	40	48	0	1	1	2	-78	112153	4	4	1596	1478	175,5,175,5
1526404290.154402214	109	40	48	0	1	1	2	-78	112154	4	4	1596	1478	175,5,175,5
1526404290.166141898	109	40	48	0	1	1	2	-78	112155	4	4	1596	1478	175,5,175,5
1526404290.177898495	109	40	48	0	1	1	2	-77	112156	4	4	1596	1478	175,5,175,5
1526404290.189661406	109	40	48	0	1	1	2	-77	112157	4	4	1596	1478	175,5,175,5
1526404290.201434412	109	40	48	0	1	1	2	-77	112158	4	4	1596	1478	175,5,175,5
1526404290.213131856	109	40	48	0	1	1	2	-77	112159	4	4	1596	1478	175,5,175,5
1526404290.224978977	109	40	48	0	1	1	2	-77	112160	4	4	1596	1478	175,5,175,5
1526404290.237076678	109	40	48	0	1	1	2	-77	112161	4	4	1596	1478	175,5,175,5
1526404290.248464274	109	40	48	0	1	1	2	-77	112162	4	4	1596	1478	175,5,175,5
1526404290.260216519	109	40	48	0	1	1	2	-77	112163	4	4	1596	1478	175,5,175,5
1526404290.271987525	109	40	48	0	1	1	2	-78	112164	4	4	1596	1478	175,5,175,5
1526404290.283604430	109	40	48	0	1	1	2	-78	112165	4	4	1596	1478	175,5,175,5
1526404290.295430632	109	40	48	0	1	1	2	-78	112166	4	4	1596	1478	175,5,175,5
1526404290.307199600	109	40	48	0	1	1	2	-77	112167	4	4	1596	1478	175,5,175,5
1526404290.318922889	109	40	48	0	1	1	2	-77	112168	4	4	1596	1478	175,5,175,5
1526404290.330643545	109	40	48	0	1	1	2	-77	112169	4	4	1596	1478	175,5,175,5
1526404290.342375488	109	40	48	0	1	1	2	-77	112170	4	4	1596	1478	175,5,175,5
1526404290.354089873	109	40	48	0	1	1	2	-77	112171	4	4	1596	1478	175,5,175,5
1526404290.365875438	109	40	48	0	1	1	2	-77	112172	4	4	1596	1478	175,5,175,5
1526404290.377796058	109	40	48	0	1	1	2	-78	112173	4	4	1596	1478	175,5,175,5
1526404290.389357039	109	40	48	0	1	1	2	-77	112174	4	4	1596	1478	175,5,175,5
1526404290.401497407	109	40	48	0	1	1	2	-77	112175	4	4	1596	1478	175,5,175,5
1526404290.412872143	109	40	48	0	1	1	2	-77	112176	4	4	1596	1478	175,5,175,5
1526404290.424648895	109	40	48	0	1	1	2	-77	112177	4	4	1596	1478	175,5,175,5
1526404290.436400407	109	40	48	0	1	1	2	-77	112178	4	4	1596	1478	175,5,175,5
1526404290.448151031	109	40	48	0	1	1	2	-77	112179	4	4	1596	1478	175,5,175,5
1526404290.459916511	109	40	48	0	1	1	2	-77	112180	4	4	1596	1478	175,5,175,5
1526404290.471755215	109	40	48	0	1	1	2	-77	112181	4	4	1596	1478	175,5,175,5
1526404290.483572183	109	40	48	0	1	1	2	-77	112182	4	4	1596	1478	175,5,175,5
1526404290.495288836	109	40	48	0	1	1	2	-77	112183	4	4	1596	1478	175,5,175,5
1526404290.507049324	109	40	48	0	1	1	2	-77	112184	4	4	1596	1478	175,5,175,5
1526404290.518686668	109	40	48	0	1	1	2	-77	112185	4	4	1596	1478	175,5,175,5
1526404290.531097039	109	40	48	0	1	1	2	-77	112186	4	4	1596	1478	175,5,175,5
1526404290.542339237	109	40	48	0	1	1	2	-77	112187	4	4	1596	1478	175,5,175,5
1526404290.554098752	109	40	48	0	1	1	2	-77	112188	4	4	1596	1478	175,5,175,5
1526404290.565838370	109	40	48	0	1	1	2	-77	112189	4	4	1596	1478	175,5,175,5
1526404290.577991124	109	40	48	0	1	1	2	-77	112190	4	4	1596	1478	175,5,175,5
1526404290.589381360	109	40	48	0	1	1	2	-78	112191	4	4	1596	1478	175,5,175,5
1526404290.601133139	109	40	48	0	1	1	2	-77	112192	4	4	1596	1478	175,5,175,5
1526404290.612911923	109	40	48	0	1	1	2	-77	112193	4	4	1596	1478	175,5,175,5
