1526394559.900192391	109	40	48	0	1	1	2	-79	35394	4	4	1596	1478	175,5,175,5
1526394559.900238079	109	40	48	0	1	1	2	-79	35394	4	4	1596	1478	175,5,175,5
1526394559.900248372	109	40	48	0	1	1	2	-79	35394	4	4	1596	1478	175,5,175,5
1526394559.900255997	109	40	48	0	1	1	2	-79	35394	4	4	1596	1478	175,5,175,5
1526394559.900264698	109	40	48	0	1	1	2	-79	35394	4	4	1596	1478	175,5,175,5
1526394559.900272241	109	40	48	0	1	1	2	-79	35394	4	4	1596	1478	175,5,175,5
1526394559.900280509	109	40	48	0	1	1	2	-79	35394	4	4	1596	1478	175,5,175,5
1526394559.900287706	109	40	48	0	1	1	2	-79	35394	4	4	1596	1478	175,5,175,5
1526394559.908893335	153	40	48	0	2	0	2	-80	35396	3	1	1596	1478	108,108
1526394559.914466767	153	40	48	0	2	0	2	-79	35397	3	1	1596	1478	108,108
1526394559.926347896	153	40	48	0	2	0	2	-79	35398	3	1	1596	1478	108,108
1526394559.938396110	153	40	48	0	2	0	2	-79	35400	3	1	1596	1478	108,108
1526394559.951133510	153	40	48	0	2	0	2	-79	35402	3	1	1596	1478	108,108
1526394559.963341772	153	40	48	0	1	1	2	-78	35404	5	1	1596	1478	108,108
1526394559.973421112	153	40	48	0	1	1	2	-78	35405	5	1	1596	1478	108,108
1526394559.985184351	153	40	48	0	1	1	2	-78	35406	5	1	1596	1478	108,108
1526394559.996926582	153	40	48	0	1	1	2	-78	35407	5	1	1596	1478	108,108
1526394560.008698470	144	40	48	0	1	1	2	-78	35408	3	4	1596	1478	117,117
1526394560.021848973	109	40	60	0	2	0	2	-79	35409	2	4	1596	1478	175,5,175,5
1526394560.032154300	109	40	60	0	2	0	2	-78	35410	2	4	1596	1478	175,5,175,5
1526394560.043906012	109	40	60	0	2	0	2	-78	35411	2	4	1596	1478	175,5,175,5
1526394560.055595596	109	40	60	0	2	0	2	-79	35412	2	4	1596	1478	175,5,175,5
1526394560.067467483	109	40	60	0	2	0	2	-78	35413	2	4	1596	1478	175,5,175,5
1526394560.079199276	109	40	60	0	2	0	2	-79	35414	2	4	1596	1478	175,5,175,5
1526394560.090960770	109	40	60	0	2	0	2	-78	35415	2	4	1596	1478	175,5,175,5
1526394560.102722592	109	40	60	0	2	0	2	-78	35416	2	4	1596	1478	175,5,175,5
1526394560.114842182	109	40	60	0	2	0	2	-78	35417	2	4	1596	1478	175,5,175,5
1526394560.126241356	109	40	60	0	2	0	2	-78	35418	2	4	1596	1478	175,5,175,5
1526394560.138001750	109	40	60	0	2	0	2	-78	35419	2	4	1596	1478	175,5,175,5
1526394560.149756198	109	40	60	0	2	0	2	-77	35420	2	4	1596	1478	175,5,175,5
1526394560.161506025	92	40	48	0	1	1	2	-77	35421	5	4	1596	1478	234,234
1526394560.173188542	92	40	48	0	1	1	2	-77	35422	5	4	1596	1478	234,234
1526394560.186394775	109	40	48	0	1	1	2	-77	35424	4	4	1596	1478	175,5,175,5
1526394560.196718744	109	40	48	0	1	1	2	-77	35425	4	4	1596	1478	175,5,175,5
1526394560.208462170	109	40	48	0	1	1	2	-77	35426	4	4	1596	1478	175,5,175,5
1526394560.220303834	109	40	48	0	1	1	2	-77	35427	4	4	1596	1478	175,5,175,5
1526394560.232076801	109	40	48	0	1	1	2	-76	35428	4	4	1596	1478	175,5,175,5
1526394560.243845832	109	40	48	0	1	1	2	-76	35429	4	4	1596	1478	175,5,175,5
1526394560.255595925	109	40	48	0	1	1	2	-75	35430	4	4	1596	1478	175,5,175,5
1526394560.267373407	109	40	48	0	1	1	2	-75	35431	4	4	1596	1478	175,5,175,5
1526394560.279101376	92	40	48	0	1	1	2	-75	35432	5	4	1596	1478	234,234
1526394560.292029082	92	40	48	0	1	1	2	-75	35436	5	4	1596	1478	234,234
1526394560.304253149	109	40	48	0	1	1	2	-76	35439	4	4	1596	1478	175,5,175,5
1526394560.314324950	109	40	48	0	1	1	2	-75	35440	4	4	1596	1478	175,5,175,5
1526394560.326066674	109	40	48	0	1	1	2	-75	35441	4	4	1596	1478	175,5,175,5
1526394560.337799472	109	40	48	0	1	1	2	-75	35442	4	4	1596	1478	175,5,175,5
1526394560.349559773	109	40	48	0	1	1	2	-75	35443	4	4	1596	1478	175,5,175,5
1526394560.361410374	109	40	48	0	1	1	2	-74	35444	4	4	1596	1478	175,5,175,5
1526394560.373211226	109	40	48	0	1	1	2	-74	35445	4	4	1596	1478	175,5,175,5
1526394560.384944500	109	40	48	0	1	1	2	-75	35446	4	4	1596	1478	175,5,175,5
1526394560.396706249	92	40	48	0	1	1	2	-75	35447	5	4	1596	1478	234,234
1526394560.408400152	92	40	48	0	1	1	2	-75	35448	5	4	1596	1478	234,234
1526394560.420204901	92	40	48	0	1	1	2	-74	35449	5	4	1596	1478	234,234
1526394560.431994379	92	40	48	0	1	1	2	-74	35450	5	4	1596	1478	234,234
1526394560.443770573	92	40	48	0	1	1	2	-74	35451	5	4	1596	1478	234,234
1526394560.455918429	92	40	48	0	1	1	2	-75	35453	5	4	1596	1478	234,234
1526394560.467204052	92	40	48	0	1	1	2	-75	35454	5	4	1596	1478	234,234
1526394560.478813180	92	40	48	0	1	1	2	-75	35455	5	4	1596	1478	234,234
1526394560.490708719	92	40	48	0	1	1	2	-74	35456	5	4	1596	1478	234,234
1526394560.502896269	92	40	48	0	1	1	2	-74	35457	5	4	1596	1478	234,234
1526394560.514314195	92	40	48	0	1	1	2	-75	35458	5	4	1596	1478	234,234
1526394560.526063022	92	40	48	0	1	1	2	-74	35459	5	4	1596	1478	234,234
1526394560.537735479	92	40	48	0	1	1	2	-74	35460	5	4	1596	1478	234,234
1526394560.549583384	92	40	48	0	1	1	2	-74	35461	5	4	1596	1478	234,234
1526394560.561349790	92	40	48	0	1	1	2	-74	35462	5	4	1596	1478	234,234
1526394560.573006648	92	40	48	0	1	1	2	-74	35463	5	4	1596	1478	234,234
1526394560.584891867	92	40	48	0	1	1	2	-74	35464	5	4	1596	1478	234,234
1526394560.597350318	92	40	48	0	1	1	2	-74	35465	5	4	1596	1478	234,234
1526394560.608370443	92	40	48	0	1	1	2	-73	35466	5	4	1596	1478	234,234
1526394560.620115795	86	40	48	0	1	1	2	-73	35467	6	4	1596	1478	263,25,263,25
1526394560.631822906	92	40	48	0	1	1	2	-73	35468	5	4	1596	1478	234,234
1526394560.643491597	92	40	48	0	1	1	2	-73	35469	5	4	1596	1478	234,234
1526394560.655364903	92	40	48	0	1	1	2	-73	35470	5	4	1596	1478	234,234
1526394560.667195161	92	40	48	0	1	1	2	-72	35471	5	4	1596	1478	234,234
1526394560.678951931	86	40	48	0	1	1	2	-72	35472	6	4	1596	1478	263,25,263,25
1526394560.690697315	92	40	48	0	1	1	2	-72	35473	5	4	1596	1478	234,234
1526394560.702469232	92	40	48	0	1	1	2	-72	35474	5	4	1596	1478	234,234
1526394560.714238515	92	40	48	0	1	1	2	-72	35475	5	4	1596	1478	234,234
1526394560.725975568	92	40	48	0	1	1	2	-72	35476	5	4	1596	1478	234,234
1526394560.737742349	86	40	48	0	1	1	2	-71	35477	6	4	1596	1478	263,25,263,25
1526394560.749505432	86	40	48	0	1	1	2	-71	35478	6	4	1596	1478	263,25,263,25
1526394560.761275910	86	40	48	0	1	1	2	-70	35479	6	4	1596	1478	263,25,263,25
1526394560.773008865	86	40	48	0	1	1	2	-70	35480	6	4	1596	1478	263,25,263,25
1526394560.784791077	86	40	48	0	1	1	2	-70	35481	6	4	1596	1478	263,25,263,25
1526394560.796489306	81	40	48	0	1	1	2	-70	35482	7	4	1596	1478	292,5,292,5
1526394560.808308044	86	40	48	0	1	1	2	-70	35483	6	4	1596	1478	263,25,263,25
1526394560.820063682	86	40	48	0	1	1	2	-69	35484	6	4	1596	1478	263,25,263,25
1526394560.831820173	86	40	48	0	1	1	2	-69	35485	6	4	1596	1478	263,25,263,25
1526394560.843578073	86	40	48	0	1	1	2	-69	35486	6	4	1596	1478	263,25,263,25
1526394560.855337647	81	40	48	0	1	1	2	-69	35487	7	4	1596	1478	292,5,292,5
1526394560.867117889	86	40	48	0	1	1	2	-69	35488	6	4	1596	1478	263,25,263,25
1526394560.878833873	86	40	48	0	1	1	2	-69	35489	6	4	1596	1478	263,25,263,25
1526394560.890646990	86	40	48	0	1	1	2	-69	35490	6	4	1596	1478	263,25,263,25
1526394560.902394514	86	40	48	0	1	1	2	-69	35491	6	4	1596	1478	263,25,263,25
1526394560.914127804	81	40	48	0	1	1	2	-69	35492	7	4	1596	1478	292,5,292,5
1526394560.925931904	86	40	48	0	1	1	2	-69	35493	6	4	1596	1478	263,25,263,25
1526394560.937651881	86	40	48	0	1	1	2	-69	35494	6	4	1596	1478	263,25,263,25
1526394560.949616813	86	40	48	0	1	1	2	-69	35495	6	4	1596	1478	263,25,263,25
1526394560.961186426	86	40	48	0	1	1	2	-69	35496	6	4	1596	1478	263,25,263,25
1526394560.972930112	81	40	48	0	1	1	2	-69	35497	7	4	1596	1478	292,5,292,5
1526394560.985124052	77	40	48	1	1	1	2	-69	35498	7	4	1596	1478	325,325
1526394560.996467640	77	40	48	1	1	1	2	-69	35499	7	4	1596	1478	325,325
1526394561.008181502	77	40	48	1	1	1	2	-69	35500	7	4	1596	1478	325,325
1526394561.020019920	77	40	48	1	1	1	2	-69	35501	7	4	1596	1478	325,325
1526394561.032122694	77	40	48	1	1	1	2	-69	35502	7	4	1596	1478	325,325
1526394561.043524801	77	40	48	1	1	1	2	-69	35503	7	4	1596	1478	325,325
1526394561.055283492	77	40	48	1	1	1	2	-69	35504	7	4	1596	1478	325,325
1526394561.067005014	77	40	48	1	1	1	2	-69	35505	7	4	1596	1478	325,325
1526394561.079060147	77	40	48	1	1	1	2	-69	35506	7	4	1596	1478	325,325
1526394561.090435898	77	40	48	1	1	1	2	-69	35507	7	4	1596	1478	325,325
1526394561.102183600	77	40	48	1	1	1	2	-70	35508	7	4	1596	1478	325,325
1526394561.114046272	77	40	48	1	1	1	2	-70	35509	7	4	1596	1478	325,325
1526394561.125795693	77	40	48	1	1	1	2	-70	35510	7	4	1596	1478	325,325
1526394561.137460325	77	40	48	1	1	1	2	-70	35511	7	4	1596	1478	325,325
1526394561.149200480	77	40	48	1	1	1	2	-70	35512	7	4	1596	1478	325,325
1526394561.161088586	77	40	48	1	1	1	2	-70	35513	7	4	1596	1478	325,325
1526394561.172832754	77	40	48	1	1	1	2	-70	35514	7	4	1596	1478	325,325
1526394561.184617833	77	40	48	1	1	1	2	-70	35515	7	4	1596	1478	325,325
1526394561.196780977	77	40	48	1	1	1	2	-70	35516	7	4	1596	1478	325,325
1526394561.208131370	77	40	48	1	1	1	2	-70	35517	7	4	1596	1478	325,325
1526394561.219886037	77	40	48	1	1	1	2	-70	35518	7	4	1596	1478	325,325
1526394561.231642018	77	40	48	1	1	1	2	-70	35519	7	4	1596	1478	325,325
1526394561.243414510	77	40	48	1	1	1	2	-70	35520	7	4	1596	1478	325,325
1526394561.255049798	77	40	48	1	1	1	2	-70	35521	7	4	1596	1478	325,325
1526394561.266920509	77	40	48	1	1	1	2	-70	35522	7	4	1596	1478	325,325
1526394561.278676053	77	40	48	1	1	1	2	-70	35523	7	4	1596	1478	325,325
1526394561.290978263	77	40	48	1	1	1	2	-70	35524	7	4	1596	1478	325,325
1526394561.302128717	77	40	48	1	1	1	2	-70	35525	7	4	1596	1478	325,325
1526394561.314242163	77	40	48	1	1	1	2	-69	35526	7	4	1596	1478	325,325
1526394561.325652866	77	40	48	1	1	1	2	-69	35527	7	4	1596	1478	325,325
1526394561.337366804	77	40	48	1	1	1	2	-70	35528	7	4	1596	1478	325,325
1526394561.349131471	77	40	48	1	1	1	2	-70	35529	7	4	1596	1478	325,325
1526394561.361237685	77	40	48	1	1	1	2	-70	35530	7	4	1596	1478	325,325
1526394561.372630350	77	40	48	1	1	1	2	-69	35531	7	4	1596	1478	325,325
1526394561.384393632	77	40	48	1	1	1	2	-69	35532	7	4	1596	1478	325,325
1526394561.396854692	77	40	48	1	1	1	2	-69	35533	7	4	1596	1478	325,325
1526394561.407922314	77	40	48	1	1	1	2	-70	35534	7	4	1596	1478	325,325
1526394561.419683009	77	40	48	1	1	1	2	-70	35535	7	4	1596	1478	325,325
1526394561.431467011	77	40	48	1	1	1	2	-70	35536	7	4	1596	1478	325,325
1526394561.443201930	77	40	48	1	1	1	2	-70	35537	7	4	1596	1478	325,325
1526394561.454957779	77	40	48	1	1	1	2	-70	35538	7	4	1596	1478	325,325
1526394561.466719138	77	40	48	1	1	1	2	-70	35539	7	4	1596	1478	325,325
1526394561.478479729	77	40	48	1	1	1	2	-70	35540	7	4	1596	1478	325,325
1526394561.490597322	77	40	48	1	1	1	2	-70	35542	7	4	1596	1478	325,325
1526394561.502024708	77	40	48	1	1	1	2	-70	35543	7	4	1596	1478	325,325
1526394561.513756387	77	40	48	1	1	1	2	-70	35544	7	4	1596	1478	325,325
1526394561.525516997	77	40	48	1	1	1	2	-70	35545	7	4	1596	1478	325,325
1526394561.537649063	77	40	48	1	1	1	2	-70	35546	7	4	1596	1478	325,325
1526394561.549066887	77	40	48	1	1	1	2	-70	35547	7	4	1596	1478	325,325
1526394561.560670734	77	40	48	1	1	1	2	-70	35548	7	4	1596	1478	325,325
1526394561.572568750	77	40	48	1	1	1	2	-70	35549	7	4	1596	1478	325,325
1526394561.584307391	77	40	48	1	1	1	2	-70	35550	7	4	1596	1478	325,325
1526394561.596002746	77	40	48	1	1	1	2	-70	35551	7	4	1596	1478	325,325
1526394561.607775180	77	40	48	1	1	1	2	-70	35552	7	4	1596	1478	325,325
1526394561.619517138	77	40	48	1	1	1	2	-70	35553	7	4	1596	1478	325,325
1526394561.631340100	77	40	48	1	1	1	2	-70	35554	7	4	1596	1478	325,325
1526394561.643147146	77	40	48	1	1	1	2	-70	35555	7	4	1596	1478	325,325
1526394561.655020981	77	40	48	1	1	1	2	-70	35556	7	4	1596	1478	325,325
1526394561.666748025	77	40	48	1	1	1	2	-70	35557	7	4	1596	1478	325,325
1526394561.678520075	77	40	48	1	1	1	2	-70	35558	7	4	1596	1478	325,325
1526394561.690303572	77	40	48	1	1	1	2	-70	35559	7	4	1596	1478	325,325
1526394561.702449924	77	40	48	1	1	1	2	-70	35560	7	4	1596	1478	325,325
1526394561.713818986	77	40	48	1	1	1	2	-70	35561	7	4	1596	1478	325,325
1526394561.725579249	77	40	48	1	1	1	2	-70	35562	7	4	1596	1478	325,325
1526394561.737337742	77	40	48	1	1	1	2	-70	35563	7	4	1596	1478	325,325
1526394561.749090933	77	40	48	1	1	1	2	-70	35564	7	4	1596	1478	325,325
1526394561.760859161	77	40	48	1	1	1	2	-70	35565	7	4	1596	1478	325,325
1526394561.772529308	77	40	48	1	1	1	2	-70	35566	7	4	1596	1478	325,325
1526394561.784364883	77	40	48	1	1	1	2	-70	35567	7	4	1596	1478	325,325
1526394561.796144415	77	40	48	1	1	1	2	-70	35568	7	4	1596	1478	325,325
1526394561.807915373	77	40	48	1	1	1	2	-70	35569	7	4	1596	1478	325,325
1526394561.819644528	77	40	48	1	1	1	2	-70	35570	7	4	1596	1478	325,325
1526394561.831404509	77	40	48	1	1	1	2	-70	35571	7	4	1596	1478	325,325
1526394561.843118025	77	40	48	1	1	1	2	-70	35572	7	4	1596	1478	325,325
1526394561.854867839	77	40	48	1	1	1	2	-70	35573	7	4	1596	1478	325,325
1526394561.867082262	77	40	48	1	1	1	2	-70	35574	7	4	1596	1478	325,325
1526394561.878439892	77	40	48	1	1	1	2	-70	35575	7	4	1596	1478	325,325
1526394561.890232495	77	40	48	1	1	1	2	-70	35576	7	4	1596	1478	325,325
1526394561.901990449	77	40	48	1	1	1	2	-70	35577	7	4	1596	1478	325,325
1526394561.914102108	77	40	48	1	1	1	2	-70	35578	7	4	1596	1478	325,325
1526394561.925479404	77	40	48	1	1	1	2	-70	35579	7	4	1596	1478	325,325
1526394561.937271014	77	40	48	1	1	1	2	-70	35580	7	4	1596	1478	325,325
1526394561.949022707	77	40	48	1	1	1	2	-70	35581	7	4	1596	1478	325,325
1526394561.960657275	77	40	48	1	1	1	2	-70	35582	7	4	1596	1478	325,325
1526394561.972521120	77	40	48	1	1	1	2	-70	35583	7	4	1596	1478	325,325
1526394561.984219803	77	40	48	1	1	1	2	-70	35584	7	4	1596	1478	325,325
1526394561.996139734	77	40	48	1	1	1	2	-70	35585	7	4	1596	1478	325,325
1526394562.008411109	77	40	48	1	1	1	2	-70	35586	7	4	1596	1478	325,325
1526394562.019581091	77	40	48	1	1	1	2	-70	35587	7	4	1596	1478	325,325
1526394562.031772674	77	40	48	1	1	1	2	-70	35588	7	4	1596	1478	325,325
1526394562.043110040	77	40	48	1	1	1	2	-70	35589	7	4	1596	1478	325,325
1526394562.054849383	77	40	48	1	1	1	2	-70	35590	7	4	1596	1478	325,325
1526394562.066602807	77	40	48	1	1	1	2	-70	35591	7	4	1596	1478	325,325
1526394562.078358781	77	40	48	1	1	1	2	-70	35592	7	4	1596	1478	325,325
1526394562.090127015	77	40	48	1	1	1	2	-70	35593	7	4	1596	1478	325,325
1526394562.101837809	77	40	48	1	1	1	2	-70	35594	7	4	1596	1478	325,325
1526394562.113522111	77	40	48	1	1	1	2	-70	35595	7	4	1596	1478	325,325
1526394562.125315012	77	40	48	1	1	1	2	-70	35596	7	4	1596	1478	325,325
1526394562.137080145	77	40	48	1	1	1	2	-70	35597	7	4	1596	1478	325,325
1526394562.148770073	77	40	48	1	1	1	2	-70	35598	7	4	1596	1478	325,325
1526394562.160675616	77	40	48	1	1	1	2	-70	35599	7	4	1596	1478	325,325
1526394562.172457874	77	40	48	1	1	1	2	-70	35600	7	4	1596	1478	325,325
1526394562.184103333	77	40	48	1	1	1	2	-70	35601	7	4	1596	1478	325,325
1526394562.196338024	77	40	48	1	1	1	2	-70	35602	7	4	1596	1478	325,325
1526394562.207735135	77	40	48	1	1	1	2	-70	35603	7	4	1596	1478	325,325
1526394562.219536432	77	40	48	1	1	1	2	-70	35604	7	4	1596	1478	325,325
1526394562.231182379	77	40	48	1	1	1	2	-70	35605	7	4	1596	1478	325,325
1526394562.243006437	77	40	48	1	1	1	2	-70	35606	7	4	1596	1478	325,325
1526394562.254751921	77	40	48	1	1	1	2	-70	35607	7	4	1596	1478	325,325
1526394562.266458104	77	40	48	1	1	1	2	-70	35608	7	4	1596	1478	325,325
1526394562.278201400	77	40	48	1	1	1	2	-70	35609	7	4	1596	1478	325,325
1526394562.289943287	77	40	48	1	1	1	2	-70	35610	7	4	1596	1478	325,325
1526394562.301655832	77	40	48	1	1	1	2	-70	35611	7	4	1596	1478	325,325
1526394562.313437430	77	40	48	1	1	1	2	-70	35612	7	4	1596	1478	325,325
1526394562.325612912	77	40	48	1	1	1	2	-70	35613	7	4	1596	1478	325,325
1526394562.336964931	77	40	48	1	1	1	2	-70	35614	7	4	1596	1478	325,325
1526394562.348725185	77	40	48	1	1	1	2	-70	35615	7	4	1596	1478	325,325
1526394562.360480060	77	40	48	1	1	1	2	-70	35616	7	4	1596	1478	325,325
1526394562.372580031	77	40	48	1	1	1	2	-69	35617	7	4	1596	1478	325,325
1526394562.383996214	77	40	48	1	1	1	2	-69	35618	7	4	1596	1478	325,325
1526394562.395764425	77	40	48	1	1	1	2	-70	35619	7	4	1596	1478	325,325
1526394562.407522732	77	40	48	1	1	1	2	-69	35620	7	4	1596	1478	325,325
1526394562.419308266	77	40	48	1	1	1	2	-69	35621	7	4	1596	1478	325,325
1526394562.431043400	77	40	48	1	1	1	2	-69	35622	7	4	1596	1478	325,325
1526394562.442762464	77	40	48	1	1	1	2	-70	35623	7	4	1596	1478	325,325
1526394562.454467844	77	40	48	1	1	1	2	-69	35624	7	4	1596	1478	325,325
1526394562.466320407	77	40	48	1	1	1	2	-69	35625	7	4	1596	1478	325,325
1526394562.478071151	77	40	48	1	1	1	2	-69	35626	7	4	1596	1478	325,325
1526394562.489857118	77	40	48	1	1	1	2	-69	35627	7	4	1596	1478	325,325
1526394562.501600457	77	40	48	1	1	1	2	-69	35628	7	4	1596	1478	325,325
1526394562.513354881	77	40	48	1	1	1	2	-69	35629	7	4	1596	1478	325,325
1526394562.525160551	77	40	48	1	1	1	2	-69	35630	7	4	1596	1478	325,325
1526394562.537240703	77	40	48	1	1	1	2	-69	35631	7	4	1596	1478	325,325
1526394562.548637011	77	40	48	1	1	1	2	-69	35632	7	4	1596	1478	325,325
1526394562.560394177	77	40	48	1	1	1	2	-69	35633	7	4	1596	1478	325,325
1526394562.572070299	77	40	48	1	1	1	2	-69	35634	7	4	1596	1478	325,325
1526394562.583921748	77	40	48	1	1	1	2	-69	35635	7	4	1596	1478	325,325
1526394562.595724976	77	40	48	1	1	1	2	-69	35636	7	4	1596	1478	325,325
1526394562.607438614	77	40	48	1	1	1	2	-70	35637	7	4	1596	1478	325,325
1526394562.619129536	77	40	48	1	1	1	2	-69	35638	7	4	1596	1478	325,325
1526394562.630857827	77	40	48	1	1	1	2	-69	35639	7	4	1596	1478	325,325
1526394562.642729322	77	40	48	1	1	1	2	-69	35640	7	4	1596	1478	325,325
1526394562.654436340	77	40	48	1	1	1	2	-69	35641	7	4	1596	1478	325,325
1526394562.666242228	77	40	48	1	1	1	2	-69	35642	7	4	1596	1478	325,325
1526394562.677992973	77	40	48	1	1	1	2	-69	35643	7	4	1596	1478	325,325
1526394562.689771766	77	40	48	1	1	1	2	-69	35644	7	4	1596	1478	325,325
1526394562.701878472	77	40	48	1	1	1	2	-70	35645	7	4	1596	1478	325,325
1526394562.713288410	77	40	48	1	1	1	2	-69	35646	7	4	1596	1478	325,325
1526394562.725070639	77	40	48	1	1	1	2	-69	35647	7	4	1596	1478	325,325
1526394562.736801946	77	40	48	1	1	1	2	-70	35648	7	4	1596	1478	325,325
1526394562.748953643	77	40	48	1	1	1	2	-70	35649	7	4	1596	1478	325,325
1526394562.760313854	77	40	48	1	1	1	2	-69	35650	7	4	1596	1478	325,325
1526394562.772080780	77	40	48	1	1	1	2	-70	35651	7	4	1596	1478	325,325
1526394562.784217417	77	40	48	1	1	1	2	-70	35653	7	4	1596	1478	325,325
1526394562.795596400	77	40	48	1	1	1	2	-70	35654	7	4	1596	1478	325,325
1526394562.807362507	77	40	48	1	1	1	2	-69	35655	7	4	1596	1478	325,325
1526394562.819127232	77	40	48	1	1	1	2	-70	35656	7	4	1596	1478	325,325
1526394562.831336677	77	40	48	1	1	1	2	-70	35657	7	4	1596	1478	325,325
1526394562.842633856	77	40	48	1	1	1	2	-69	35658	7	4	1596	1478	325,325
1526394562.854405709	77	40	48	1	1	1	2	-70	35659	7	4	1596	1478	325,325
1526394562.866548949	77	40	48	1	1	1	2	-70	35660	7	4	1596	1478	325,325
1526394562.877915580	77	40	48	1	1	1	2	-70	35661	7	4	1596	1478	325,325
1526394562.889679070	77	40	48	1	1	1	2	-70	35662	7	4	1596	1478	325,325
1526394562.901443382	77	40	48	1	1	1	2	-70	35663	7	4	1596	1478	325,325
1526394562.913199227	77	40	48	1	1	1	2	-70	35664	7	4	1596	1478	325,325
1526394562.924964183	77	40	48	1	1	1	2	-70	35665	7	4	1596	1478	325,325
1526394562.936748983	77	40	48	1	1	1	2	-70	35666	7	4	1596	1478	325,325
1526394562.948493017	77	40	48	1	1	1	2	-70	35667	7	4	1596	1478	325,325
1526394562.960233983	77	40	48	1	1	1	2	-70	35668	7	4	1596	1478	325,325
1526394562.972084039	77	40	48	1	1	1	2	-70	35669	7	4	1596	1478	325,325
1526394562.983895398	77	40	48	1	1	1	2	-70	35670	7	4	1596	1478	325,325
1526394562.995646138	77	40	48	1	1	1	2	-70	35671	7	4	1596	1478	325,325
1526394563.007415656	77	40	48	1	1	1	2	-70	35672	7	4	1596	1478	325,325
1526394563.019160746	77	40	48	1	1	1	2	-70	35673	7	4	1596	1478	325,325
1526394563.033145424	77	40	48	1	1	1	2	-69	35674	7	4	1596	1478	325,325
1526394563.042708535	77	40	48	1	1	1	2	-69	35675	7	4	1596	1478	325,325
1526394563.054850230	77	40	48	1	1	1	2	-69	35676	7	4	1596	1478	325,325
1526394563.066208676	77	40	48	1	1	1	2	-69	35677	7	4	1596	1478	325,325
1526394563.077961364	77	40	48	1	1	1	2	-70	35678	7	4	1596	1478	325,325
1526394563.089621455	77	40	48	1	1	1	2	-70	35679	7	4	1596	1478	325,325
1526394563.101393882	77	40	48	1	1	1	2	-70	35680	7	4	1596	1478	325,325
1526394563.113153234	77	40	48	1	1	1	2	-69	35681	7	4	1596	1478	325,325
1526394563.124987561	77	40	48	1	1	1	2	-69	35682	7	4	1596	1478	325,325
1526394563.136683259	77	40	48	1	1	1	2	-70	35683	7	4	1596	1478	325,325
1526394563.148427247	77	40	48	1	1	1	2	-69	35684	7	4	1596	1478	325,325
1526394563.160566638	77	40	48	1	1	1	2	-70	35686	7	4	1596	1478	325,325
1526394563.172076233	77	40	48	1	1	1	2	-70	35687	7	4	1596	1478	325,325
1526394563.183817769	77	40	48	1	1	1	2	-70	35688	7	4	1596	1478	325,325
1526394563.195593397	77	40	48	1	1	1	2	-69	35689	7	4	1596	1478	325,325
1526394563.207579495	77	40	48	1	1	1	2	-70	35690	7	4	1596	1478	325,325
1526394563.219090852	77	40	48	1	1	1	2	-70	35691	7	4	1596	1478	325,325
1526394563.230783204	77	40	48	1	1	1	2	-70	35692	7	4	1596	1478	325,325
1526394563.259783865	77	40	48	1	1	1	2	-70	35693	7	4	1596	1478	325,325
1526394563.259981331	77	40	48	1	1	1	2	-70	35694	7	4	1596	1478	325,325
1526394563.266036796	77	40	48	1	1	1	2	-69	35695	7	4	1596	1478	325,325
1526394563.277766396	77	40	48	1	1	1	2	-69	35696	7	4	1596	1478	325,325
1526394563.289523793	77	40	48	1	1	1	2	-69	35697	7	4	1596	1478	325,325
1526394563.301277059	77	40	48	1	1	1	2	-69	35698	7	4	1596	1478	325,325
1526394563.313048267	77	40	48	1	1	1	2	-69	35699	7	4	1596	1478	325,325
1526394563.324809092	77	40	48	1	1	1	2	-70	35700	7	4	1596	1478	325,325
1526394563.336860859	77	40	48	1	1	1	2	-69	35702	7	4	1596	1478	325,325
1526394563.348334160	77	40	48	1	1	1	2	-70	35703	7	4	1596	1478	325,325
1526394563.360086856	77	40	48	1	1	1	2	-69	35704	7	4	1596	1478	325,325
1526394563.372175451	77	40	48	1	1	1	2	-69	35705	7	4	1596	1478	325,325
1526394563.383588197	77	40	48	1	1	1	2	-70	35706	7	4	1596	1478	325,325
1526394563.395385093	77	40	48	1	1	1	2	-70	35707	7	4	1596	1478	325,325
1526394563.407137547	77	40	48	1	1	1	2	-70	35708	7	4	1596	1478	325,325
1526394563.418960603	77	40	48	1	1	1	2	-69	35709	7	4	1596	1478	325,325
1526394563.431163930	77	40	48	1	1	1	2	-70	35711	7	4	1596	1478	325,325
1526394563.442536432	77	40	48	1	1	1	2	-69	35712	7	4	1596	1478	325,325
1526394563.454248558	77	40	48	1	1	1	2	-69	35713	7	4	1596	1478	325,325
1526394563.466052168	77	40	48	1	1	1	2	-70	35714	7	4	1596	1478	325,325
1526394563.477833010	77	40	48	1	1	1	2	-70	35715	7	4	1596	1478	325,325
1526394563.489600154	77	40	48	1	1	1	2	-70	35716	7	4	1596	1478	325,325
1526394563.501331392	77	40	48	1	1	1	2	-70	35717	7	4	1596	1478	325,325
1526394563.512975473	77	40	48	1	1	1	2	-70	35718	7	4	1596	1478	325,325
1526394563.524751424	77	40	48	1	1	1	2	-70	35719	7	4	1596	1478	325,325
1526394563.536991473	77	40	48	1	1	1	2	-70	35720	7	4	1596	1478	325,325
1526394563.548390462	77	40	48	1	1	1	2	-70	35721	7	4	1596	1478	325,325
1526394563.560292096	77	40	48	1	1	1	2	-70	35722	7	4	1596	1478	325,325
1526394563.571940737	77	40	48	1	1	1	2	-70	35723	7	4	1596	1478	325,325
1526394563.584058921	77	40	48	1	1	1	2	-70	35724	7	4	1596	1478	325,325
1526394563.595477482	77	40	48	1	1	1	2	-70	35725	7	4	1596	1478	325,325
1526394563.607228286	77	40	48	1	1	1	2	-70	35726	7	4	1596	1478	325,325
1526394563.618988491	77	40	48	1	1	1	2	-70	35727	7	4	1596	1478	325,325
1526394563.630749564	77	40	48	1	1	1	2	-70	35728	7	4	1596	1478	325,325
1526394563.642287016	77	40	48	1	1	1	2	-70	35729	7	4	1596	1478	325,325
1526394563.654181234	77	40	48	1	1	1	2	-70	35730	7	4	1596	1478	325,325
1526394563.666025644	77	40	48	1	1	1	2	-70	35731	7	4	1596	1478	325,325
1526394563.677770458	77	40	48	1	1	1	2	-70	35732	7	4	1596	1478	325,325
1526394563.689531993	77	40	48	1	1	1	2	-70	35733	7	4	1596	1478	325,325
1526394563.701676081	77	40	48	1	1	1	2	-70	35734	7	4	1596	1478	325,325
1526394563.713072741	77	40	48	1	1	1	2	-70	35735	7	4	1596	1478	325,325
1526394563.724839642	77	40	48	1	1	1	2	-70	35736	7	4	1596	1478	325,325
1526394563.736501472	77	40	48	1	1	1	2	-70	35737	7	4	1596	1478	325,325
1526394563.750782428	77	40	48	1	1	1	2	-70	35738	7	4	1596	1478	325,325
1526394563.760106938	77	40	48	1	1	1	2	-70	35739	7	4	1596	1478	325,325
1526394563.772271731	77	40	48	1	1	1	2	-70	35740	7	4	1596	1478	325,325
1526394563.783481962	77	40	48	1	1	1	2	-70	35741	7	4	1596	1478	325,325
1526394563.795111733	77	40	48	1	1	1	2	-69	35742	7	4	1596	1478	325,325
1526394563.807027313	77	40	48	1	1	1	2	-69	35743	7	4	1596	1478	325,325
1526394563.818781180	77	40	48	1	1	1	2	-70	35744	7	4	1596	1478	325,325
1526394563.830559704	77	40	48	1	1	1	2	-70	35745	7	4	1596	1478	325,325
1526394563.842135524	77	40	48	1	1	1	2	-70	35746	7	4	1596	1478	325,325
1526394563.854889463	77	40	48	1	1	1	2	-70	35747	7	4	1596	1478	325,325
1526394563.866177378	77	40	48	1	1	1	2	-70	35748	7	4	1596	1478	325,325
1526394563.877554202	77	40	48	1	1	1	2	-70	35749	7	4	1596	1478	325,325
1526394563.889351659	77	40	48	1	1	1	2	-70	35750	7	4	1596	1478	325,325
1526394563.901173404	77	40	48	1	1	1	2	-70	35751	7	4	1596	1478	325,325
1526394563.912931803	77	40	48	1	1	1	2	-70	35752	7	4	1596	1478	325,325
1526394563.924674051	77	40	48	1	1	1	2	-70	35753	7	4	1596	1478	325,325
1526394563.936437023	77	40	48	1	1	1	2	-70	35754	7	4	1596	1478	325,325
1526394563.948222652	77	40	48	1	1	1	2	-70	35755	7	4	1596	1478	325,325
1526394563.959981109	77	40	48	1	1	1	2	-70	35756	7	4	1596	1478	325,325
1526394563.971767820	77	40	48	1	1	1	2	-70	35757	7	4	1596	1478	325,325
1526394563.983505825	77	40	48	1	1	1	2	-70	35758	7	4	1596	1478	325,325
1526394563.995547348	77	40	48	1	1	1	2	-70	35759	7	4	1596	1478	325,325
1526394564.007009981	77	40	48	1	1	1	2	-70	35760	7	4	1596	1478	325,325
1526394564.018692707	77	40	48	1	1	1	2	-70	35761	7	4	1596	1478	325,325
1526394564.030518193	77	40	48	1	1	1	2	-70	35762	7	4	1596	1478	325,325
1526394564.042529441	77	40	48	1	1	1	2	-70	35763	7	4	1596	1478	325,325
1526394564.054085881	77	40	48	1	1	1	2	-70	35764	7	4	1596	1478	325,325
1526394564.065749353	77	40	48	1	1	1	2	-70	35765	7	4	1596	1478	325,325
1526394564.077360524	77	40	48	1	1	1	2	-70	35766	7	4	1596	1478	325,325
1526394564.089226856	77	40	48	1	1	1	2	-70	35767	7	4	1596	1478	325,325
1526394564.100994162	77	40	48	1	1	1	2	-70	35768	7	4	1596	1478	325,325
1526394564.112744824	77	40	48	1	1	1	2	-69	35769	7	4	1596	1478	325,325
1526394564.124496187	77	40	48	1	1	1	2	-70	35770	7	4	1596	1478	325,325
1526394564.136381940	77	40	48	1	1	1	2	-70	35771	7	4	1596	1478	325,325
1526394564.148127054	77	40	48	1	1	1	2	-70	35772	7	4	1596	1478	325,325
1526394564.159713562	77	40	48	1	1	1	2	-70	35773	7	4	1596	1478	325,325
1526394564.171550927	77	40	48	1	1	1	2	-70	35774	7	4	1596	1478	325,325
1526394564.183395197	77	40	48	1	1	1	2	-70	35775	7	4	1596	1478	325,325
1526394564.195191053	77	40	48	1	1	1	2	-70	35776	7	4	1596	1478	325,325
1526394564.207310512	77	40	48	1	1	1	2	-70	35777	7	4	1596	1478	325,325
1526394564.218563274	77	40	48	1	1	1	2	-70	35778	7	4	1596	1478	325,325
1526394564.230149277	77	40	48	1	1	1	2	-70	35779	7	4	1596	1478	325,325
1526394564.241858310	77	40	48	1	1	1	2	-70	35780	7	4	1596	1478	325,325
1526394564.253815933	77	40	48	1	1	1	2	-70	35781	7	4	1596	1478	325,325
1526394564.265758035	77	40	48	1	1	1	2	-70	35782	7	4	1596	1478	325,325
1526394564.277486976	77	40	48	1	1	1	2	-70	35783	7	4	1596	1478	325,325
1526394564.289251647	77	40	48	1	1	1	2	-70	35784	7	4	1596	1478	325,325
1526394564.301018309	77	40	48	1	1	1	2	-70	35785	7	4	1596	1478	325,325
1526394564.312774181	77	40	48	1	1	1	2	-70	35786	7	4	1596	1478	325,325
1526394564.324527051	77	40	48	1	1	1	2	-70	35787	7	4	1596	1478	325,325
1526394564.336292993	77	40	48	1	1	1	2	-70	35788	7	4	1596	1478	325,325
1526394564.348052735	77	40	48	1	1	1	2	-70	35789	7	4	1596	1478	325,325
1526394564.359679561	77	40	48	1	1	1	2	-70	35790	7	4	1596	1478	325,325
1526394564.371947015	77	40	48	1	1	1	2	-70	35791	7	4	1596	1478	325,325
1526394564.383306243	77	40	48	1	1	1	2	-70	35792	7	4	1596	1478	325,325
1526394564.395099951	77	40	48	1	1	1	2	-70	35793	7	4	1596	1478	325,325
1526394564.406841528	77	40	48	1	1	1	2	-70	35794	7	4	1596	1478	325,325
1526394564.418976441	77	40	48	1	1	1	2	-69	35795	7	4	1596	1478	325,325
1526394564.430369349	77	40	48	1	1	1	2	-70	35796	7	4	1596	1478	325,325
1526394564.442146917	77	40	48	1	1	1	2	-70	35797	7	4	1596	1478	325,325
1526394564.453812098	77	40	48	1	1	1	2	-70	35798	7	4	1596	1478	325,325
1526394564.465935756	77	40	48	1	1	1	2	-70	35799	7	4	1596	1478	325,325
1526394564.477420088	77	40	48	1	1	1	2	-69	35800	7	4	1596	1478	325,325
1526394564.489179947	77	40	48	1	1	1	2	-69	35801	7	4	1596	1478	325,325
1526394564.500860543	77	40	48	1	1	1	2	-69	35802	7	4	1596	1478	325,325
1526394564.512689514	77	40	48	1	1	1	2	-70	35803	7	4	1596	1478	325,325
1526394564.524462786	77	40	48	1	1	1	2	-70	35804	7	4	1596	1478	325,325
1526394564.536552760	77	40	48	1	1	1	2	-70	35805	7	4	1596	1478	325,325
1526394564.547977147	77	40	48	1	1	1	2	-70	35806	7	4	1596	1478	325,325
1526394564.559538422	77	40	48	1	1	1	2	-70	35807	7	4	1596	1478	325,325
1526394564.571505698	77	40	48	1	1	1	2	-70	35808	7	4	1596	1478	325,325
1526394564.583253331	77	40	48	1	1	1	2	-70	35809	7	4	1596	1478	325,325
1526394564.595018052	77	40	48	1	1	1	2	-70	35810	7	4	1596	1478	325,325
1526394564.606713245	77	40	48	1	1	1	2	-69	35811	7	4	1596	1478	325,325
1526394564.618498863	77	40	48	1	1	1	2	-70	35812	7	4	1596	1478	325,325
1526394564.630312565	77	40	48	1	1	1	2	-70	35813	7	4	1596	1478	325,325
1526394564.642064078	77	40	48	1	1	1	2	-70	35814	7	4	1596	1478	325,325
1526394564.653827693	77	40	48	1	1	1	2	-70	35815	7	4	1596	1478	325,325
1526394564.665445719	77	40	48	1	1	1	2	-70	35816	7	4	1596	1478	325,325
1526394564.677552832	77	40	48	1	1	1	2	-70	35817	7	4	1596	1478	325,325
1526394564.689109233	77	40	48	1	1	1	2	-70	35818	7	4	1596	1478	325,325
1526394564.701223421	77	40	48	1	1	1	2	-70	35819	7	4	1596	1478	325,325
1526394564.712600426	77	40	48	1	1	1	2	-70	35820	7	4	1596	1478	325,325
1526394564.724372789	77	40	48	1	1	1	2	-70	35821	7	4	1596	1478	325,325
1526394564.736048647	77	40	48	1	1	1	2	-70	35822	7	4	1596	1478	325,325
1526394564.747800139	77	40	48	1	1	1	2	-70	35823	7	4	1596	1478	325,325
1526394564.759758008	77	40	48	1	1	1	2	-70	35824	7	4	1596	1478	325,325
1526394564.771397502	77	40	48	1	1	1	2	-70	35825	7	4	1596	1478	325,325
1526394564.783201307	77	40	48	1	1	1	2	-70	35826	7	4	1596	1478	325,325
1526394564.795754180	77	40	48	1	1	1	2	-70	35827	7	4	1596	1478	325,325
1526394564.806679570	77	40	48	1	1	1	2	-69	35828	7	4	1596	1478	325,325
1526394564.818821581	77	40	48	1	1	1	2	-69	35830	7	4	1596	1478	325,325
1526394564.830232219	77	40	48	1	1	1	2	-70	35831	7	4	1596	1478	325,325
1526394564.841964377	77	40	48	1	1	1	2	-70	35832	7	4	1596	1478	325,325
1526394564.853745622	77	40	48	1	1	1	2	-70	35833	7	4	1596	1478	325,325
1526394564.865760210	77	40	48	1	1	1	2	-70	35834	7	4	1596	1478	325,325
1526394564.877261159	77	40	48	1	1	1	2	-70	35835	7	4	1596	1478	325,325
1526394564.889008564	77	40	48	1	1	1	2	-70	35836	7	4	1596	1478	325,325
1526394564.900752729	77	40	48	1	1	1	2	-70	35837	7	4	1596	1478	325,325
1526394564.912538891	77	40	48	1	1	1	2	-70	35838	7	4	1596	1478	325,325
1526394564.924282847	77	40	48	1	1	1	2	-70	35839	7	4	1596	1478	325,325
1526394564.936062001	77	40	48	1	1	1	2	-70	35840	7	4	1596	1478	325,325
1526394564.947735787	77	40	48	1	1	1	2	-70	35841	7	4	1596	1478	325,325
1526394564.959558982	77	40	48	1	1	1	2	-70	35842	7	4	1596	1478	325,325
1526394564.971335402	77	40	48	1	1	1	2	-70	35843	7	4	1596	1478	325,325
1526394564.983063620	77	40	48	1	1	1	2	-70	35844	7	4	1596	1478	325,325
1526394564.994853900	77	40	48	1	1	1	2	-70	35845	7	4	1596	1478	325,325
1526394565.006620215	77	40	48	1	1	1	2	-70	35846	7	4	1596	1478	325,325
1526394565.018367408	77	40	48	1	1	1	2	-70	35847	7	4	1596	1478	325,325
1526394565.030408333	77	40	48	1	1	1	2	-70	35848	7	4	1596	1478	325,325
1526394565.041807741	77	40	48	1	1	1	2	-70	35849	7	4	1596	1478	325,325
1526394565.053557074	77	40	48	1	1	1	2	-70	35850	7	4	1596	1478	325,325
1526394565.065311957	77	40	48	1	1	1	2	-70	35851	7	4	1596	1478	325,325
1526394565.077444772	77	40	48	1	1	1	2	-69	35852	7	4	1596	1478	325,325
1526394565.088850694	77	40	48	1	1	1	2	-70	35853	7	4	1596	1478	325,325
1526394565.100583972	77	40	48	1	1	1	2	-69	35854	7	4	1596	1478	325,325
1526394565.112342017	77	40	48	1	1	1	2	-70	35855	7	4	1596	1478	325,325
1526394565.124103441	77	40	48	1	1	1	2	-70	35856	7	4	1596	1478	325,325
1526394565.135832255	77	40	48	1	1	1	2	-69	35857	7	4	1596	1478	325,325
1526394565.147633352	77	40	48	1	1	1	2	-70	35858	7	4	1596	1478	325,325
1526394565.159405408	77	40	48	1	1	1	2	-70	35859	7	4	1596	1478	325,325
1526394565.171086444	77	40	48	1	1	1	2	-69	35860	7	4	1596	1478	325,325
1526394565.183430779	77	40	48	1	1	1	2	-70	35861	7	4	1596	1478	325,325
1526394565.194949164	77	40	48	1	1	1	2	-70	35862	7	4	1596	1478	325,325
1526394565.206409881	77	40	48	1	1	1	2	-70	35863	7	4	1596	1478	325,325
1526394565.218112161	77	40	48	1	1	1	2	-70	35864	7	4	1596	1478	325,325
1526394565.229846001	77	40	48	1	1	1	2	-70	35865	7	4	1596	1478	325,325
1526394565.241965723	77	40	48	1	1	1	2	-69	35867	7	4	1596	1478	325,325
1526394565.253343206	77	40	48	1	1	1	2	-70	35868	7	4	1596	1478	325,325
1526394565.265194613	77	40	48	1	1	1	2	-70	35869	7	4	1596	1478	325,325
1526394565.276962324	77	40	48	1	1	1	2	-70	35870	7	4	1596	1478	325,325
1526394565.289089908	77	40	48	1	1	1	2	-70	35871	7	4	1596	1478	325,325
1526394565.300495582	77	40	48	1	1	1	2	-70	35872	7	4	1596	1478	325,325
1526394565.312235550	77	40	48	1	1	1	2	-70	35873	7	4	1596	1478	325,325
1526394565.323997028	77	40	48	1	1	1	2	-70	35874	7	4	1596	1478	325,325
1526394565.335753730	77	40	48	1	1	1	2	-70	35875	7	4	1596	1478	325,325
1526394565.347549038	77	40	48	1	1	1	2	-70	35876	7	4	1596	1478	325,325
1526394565.359550144	77	40	48	1	1	1	2	-70	35877	7	4	1596	1478	325,325
1526394565.371027990	77	40	48	1	1	1	2	-69	35878	7	4	1596	1478	325,325
1526394565.382801734	77	40	48	1	1	1	2	-70	35879	7	4	1596	1478	325,325
1526394565.394587839	77	40	48	1	1	1	2	-70	35880	7	4	1596	1478	325,325
1526394565.406319684	77	40	48	1	1	1	2	-70	35881	7	4	1596	1478	325,325
1526394565.418064816	77	40	48	1	1	1	2	-70	35882	7	4	1596	1478	325,325
1526394565.429751562	77	40	48	1	1	1	2	-70	35883	7	4	1596	1478	325,325
1526394565.441593144	77	40	48	1	1	1	2	-70	35884	7	4	1596	1478	325,325
1526394565.453359662	77	40	48	1	1	1	2	-69	35885	7	4	1596	1478	325,325
1526394565.465126429	77	40	48	1	1	1	2	-70	35886	7	4	1596	1478	325,325
1526394565.476866650	77	40	48	1	1	1	2	-70	35887	7	4	1596	1478	325,325
1526394565.489333033	77	40	48	1	1	1	2	-70	35888	7	4	1596	1478	325,325
1526394565.500419708	77	40	48	1	1	1	2	-70	35889	7	4	1596	1478	325,325
1526394565.512550445	77	40	48	1	1	1	2	-70	35890	7	4	1596	1478	325,325
1526394565.524296069	77	40	48	1	1	1	2	-70	35891	7	4	1596	1478	325,325
1526394565.535595484	77	40	48	1	1	1	2	-70	35892	7	4	1596	1478	325,325
1526394565.547367242	77	40	48	1	1	1	2	-70	35893	7	4	1596	1478	325,325
1526394565.559200728	77	40	48	1	1	1	2	-70	35894	7	4	1596	1478	325,325
1526394565.570905844	77	40	48	1	1	1	2	-70	35895	7	4	1596	1478	325,325
1526394565.582725096	77	40	48	1	1	1	2	-69	35896	7	4	1596	1478	325,325
1526394565.594543045	77	40	48	1	1	1	2	-70	35897	7	4	1596	1478	325,325
1526394565.606367491	77	40	48	1	1	1	2	-70	35898	7	4	1596	1478	325,325
1526394565.618124134	77	40	48	1	1	1	2	-70	35899	7	4	1596	1478	325,325
1526394565.629867434	77	40	48	1	1	1	2	-69	35900	7	4	1596	1478	325,325
1526394565.641663475	77	40	48	1	1	1	2	-70	35901	7	4	1596	1478	325,325
1526394565.653788730	77	40	48	1	1	1	2	-70	35903	7	4	1596	1478	325,325
1526394565.665175075	77	40	48	1	1	1	2	-70	35904	7	4	1596	1478	325,325
1526394565.676935980	77	40	48	1	1	1	2	-70	35905	7	4	1596	1478	325,325
1526394565.688561665	77	40	48	1	1	1	2	-70	35906	7	4	1596	1478	325,325
1526394565.700716802	77	40	48	1	1	1	2	-70	35907	7	4	1596	1478	325,325
1526394565.712138010	77	40	48	1	1	1	2	-70	35908	7	4	1596	1478	325,325
1526394565.723798182	77	40	48	1	1	1	2	-70	35909	7	4	1596	1478	325,325
1526394565.735645481	77	40	48	1	1	1	2	-70	35910	7	4	1596	1478	325,325
1526394565.747379936	77	40	48	1	1	1	2	-70	35911	7	4	1596	1478	325,325
1526394565.759130817	77	40	48	1	1	1	2	-70	35912	7	4	1596	1478	325,325
1526394565.771001464	77	40	48	1	1	1	2	-70	35913	7	4	1596	1478	325,325
1526394565.782763545	77	40	48	1	1	1	2	-70	35914	7	4	1596	1478	325,325
1526394565.794543532	77	40	48	1	1	1	2	-70	35915	7	4	1596	1478	325,325
1526394565.806294710	77	40	48	1	1	1	2	-70	35916	7	4	1596	1478	325,325
1526394565.818266027	77	40	48	1	1	1	2	-70	35917	7	4	1596	1478	325,325
1526394565.829712887	77	40	48	1	1	1	2	-70	35918	7	4	1596	1478	325,325
1526394565.841562368	77	40	48	1	1	1	2	-70	35919	7	4	1596	1478	325,325
1526394565.853318675	77	40	48	1	1	1	2	-70	35920	7	4	1596	1478	325,325
1526394565.865485767	77	40	48	1	1	1	2	-69	35921	7	4	1596	1478	325,325
1526394565.876840771	77	40	48	1	1	1	2	-69	35922	7	4	1596	1478	325,325
1526394565.888606928	77	40	48	1	1	1	2	-69	35923	7	4	1596	1478	325,325
1526394565.900400926	77	40	48	1	1	1	2	-69	35924	7	4	1596	1478	325,325
1526394565.912136688	77	40	48	1	1	1	2	-70	35925	7	4	1596	1478	325,325
1526394565.923876789	77	40	48	1	1	1	2	-70	35926	7	4	1596	1478	325,325
1526394565.935679157	77	40	48	1	1	1	2	-70	35927	7	4	1596	1478	325,325
1526394565.947324685	77	40	48	1	1	1	2	-70	35928	7	4	1596	1478	325,325
1526394565.958973211	77	40	48	1	1	1	2	-70	35929	7	4	1596	1478	325,325
1526394565.970927572	77	40	48	1	1	1	2	-70	35930	7	4	1596	1478	325,325
1526394565.982701420	77	40	48	1	1	1	2	-70	35931	7	4	1596	1478	325,325
1526394565.994450785	77	40	48	1	1	1	2	-70	35932	7	4	1596	1478	325,325
1526394566.006154292	77	40	48	1	1	1	2	-70	35933	7	4	1596	1478	325,325
1526394566.017876691	77	40	48	1	1	1	2	-69	35934	7	4	1596	1478	325,325
1526394566.030006523	77	40	48	1	1	1	2	-70	35935	7	4	1596	1478	325,325
1526394566.041409914	77	40	48	1	1	1	2	-70	35936	7	4	1596	1478	325,325
1526394566.053155659	77	40	48	1	1	1	2	-70	35937	7	4	1596	1478	325,325
1526394566.064915759	77	40	48	1	1	1	2	-69	35938	7	4	1596	1478	325,325
1526394566.077035597	77	40	48	1	1	1	2	-70	35939	7	4	1596	1478	325,325
1526394566.088429650	77	40	48	1	1	1	2	-70	35940	7	4	1596	1478	325,325
1526394566.100179139	77	40	48	1	1	1	2	-70	35941	7	4	1596	1478	325,325
1526394566.111997066	77	40	48	1	1	1	2	-70	35942	7	4	1596	1478	325,325
1526394566.123737630	77	40	48	1	1	1	2	-69	35943	7	4	1596	1478	325,325
1526394566.135464994	77	40	48	1	1	1	2	-70	35944	7	4	1596	1478	325,325
1526394566.147174847	77	40	48	1	1	1	2	-70	35945	7	4	1596	1478	325,325
1526394566.158897320	77	40	48	1	1	1	2	-70	35946	7	4	1596	1478	325,325
1526394566.170633522	77	40	48	1	1	1	2	-70	35947	7	4	1596	1478	325,325
1526394566.182391045	77	40	48	1	1	1	2	-70	35948	7	4	1596	1478	325,325
1526394566.194510132	77	40	48	1	1	1	2	-69	35949	7	4	1596	1478	325,325
1526394566.205921947	77	40	48	1	1	1	2	-70	35950	7	4	1596	1478	325,325
1526394566.217744164	77	40	48	1	1	1	2	-70	35951	7	4	1596	1478	325,325
1526394566.229697656	77	40	48	1	1	1	2	-70	35952	7	4	1596	1478	325,325
1526394566.241138139	77	40	48	1	1	1	2	-70	35953	7	4	1596	1478	325,325
1526394566.253029348	77	40	48	1	1	1	2	-70	35954	7	4	1596	1478	325,325
1526394566.264786235	77	40	48	1	1	1	2	-70	35955	7	4	1596	1478	325,325
1526394566.276555115	77	40	48	1	1	1	2	-70	35956	7	4	1596	1478	325,325
1526394566.288229114	77	40	48	1	1	1	2	-70	35957	7	4	1596	1478	325,325
1526394566.300081653	77	40	48	1	1	1	2	-70	35958	7	4	1596	1478	325,325
1526394566.311869704	77	40	48	1	1	1	2	-70	35959	7	4	1596	1478	325,325
1526394566.323601133	77	40	48	1	1	1	2	-70	35960	7	4	1596	1478	325,325
1526394566.335368723	77	40	48	1	1	1	2	-70	35961	7	4	1596	1478	325,325
1526394566.347121402	77	40	48	1	1	1	2	-70	35962	7	4	1596	1478	325,325
1526394566.359244010	77	40	48	1	1	1	2	-69	35963	7	4	1596	1478	325,325
1526394566.370630371	77	40	48	1	1	1	2	-70	35964	7	4	1596	1478	325,325
1526394566.382391289	77	40	48	1	1	1	2	-70	35965	7	4	1596	1478	325,325
1526394566.394163224	77	40	48	1	1	1	2	-69	35966	7	4	1596	1478	325,325
1526394566.405924449	77	40	48	1	1	1	2	-70	35967	7	4	1596	1478	325,325
1526394566.417697863	77	40	48	1	1	1	2	-70	35968	7	4	1596	1478	325,325
1526394566.429524615	77	40	48	1	1	1	2	-70	35969	7	4	1596	1478	325,325
1526394566.441321731	77	40	48	1	1	1	2	-69	35970	7	4	1596	1478	325,325
1526394566.453076898	77	40	48	1	1	1	2	-70	35971	7	4	1596	1478	325,325
1526394566.464860880	77	40	48	1	1	1	2	-69	35972	7	4	1596	1478	325,325
1526394566.476605723	77	40	48	1	1	1	2	-70	35973	7	4	1596	1478	325,325
1526394566.488695472	77	40	48	1	1	1	2	-70	35974	7	4	1596	1478	325,325
1526394566.500130240	77	40	48	1	1	1	2	-70	35975	7	4	1596	1478	325,325
1526394566.511890253	77	40	48	1	1	1	2	-70	35976	7	4	1596	1478	325,325
1526394566.523663352	77	40	48	1	1	1	2	-70	35977	7	4	1596	1478	325,325
1526394566.536567961	77	40	48	1	1	1	2	-70	35978	7	4	1596	1478	325,325
1526394566.547152405	77	40	48	1	1	1	2	-69	35979	7	4	1596	1478	325,325
1526394566.558859379	77	40	48	1	1	1	2	-70	35980	7	4	1596	1478	325,325
1526394566.570695228	77	40	48	1	1	1	2	-70	35981	7	4	1596	1478	325,325
1526394566.582433062	77	40	48	1	1	1	2	-69	35982	7	4	1596	1478	325,325
1526394566.594197885	77	40	48	1	1	1	2	-70	35983	7	4	1596	1478	325,325
1526394566.605965698	77	40	48	1	1	1	2	-69	35984	7	4	1596	1478	325,325
1526394566.617755799	77	40	48	1	1	1	2	-69	35985	7	4	1596	1478	325,325
1526394566.629489901	77	40	48	1	1	1	2	-69	35986	7	4	1596	1478	325,325
1526394566.641259244	77	40	48	1	1	1	2	-70	35987	7	4	1596	1478	325,325
1526394566.653030956	77	40	48	1	1	1	2	-70	35988	7	4	1596	1478	325,325
1526394566.664766662	77	40	48	1	1	1	2	-69	35989	7	4	1596	1478	325,325
1526394566.676525801	77	40	48	1	1	1	2	-70	35990	7	4	1596	1478	325,325
1526394566.688291864	77	40	48	1	1	1	2	-69	35991	7	4	1596	1478	325,325
1526394566.700344167	77	40	48	1	1	1	2	-70	35992	7	4	1596	1478	325,325
1526394566.711723981	77	40	48	1	1	1	2	-70	35993	7	4	1596	1478	325,325
1526394566.723485326	77	40	48	1	1	1	2	-70	35994	7	4	1596	1478	325,325
1526394566.735217842	77	40	48	1	1	1	2	-69	35995	7	4	1596	1478	325,325
1526394566.747082047	77	40	48	1	1	1	2	-70	35996	7	4	1596	1478	325,325
1526394566.758652081	77	40	48	1	1	1	2	-69	35997	7	4	1596	1478	325,325
1526394566.770594508	77	40	48	1	1	1	2	-69	35998	7	4	1596	1478	325,325
1526394566.782362503	77	40	48	1	1	1	2	-70	35999	7	4	1596	1478	325,325
1526394566.794132489	77	40	48	1	1	1	2	-70	36000	7	4	1596	1478	325,325
1526394566.805922797	77	40	48	1	1	1	2	-69	36001	7	4	1596	1478	325,325
1526394566.817659136	77	40	48	1	1	1	2	-70	36002	7	4	1596	1478	325,325
1526394566.829427827	77	40	48	1	1	1	2	-70	36003	7	4	1596	1478	325,325
1526394566.841177615	77	40	48	1	1	1	2	-70	36004	7	4	1596	1478	325,325
1526394566.852857115	77	40	48	1	1	1	2	-70	36005	7	4	1596	1478	325,325
1526394566.865048561	77	40	48	1	1	1	2	-69	36006	7	4	1596	1478	325,325
1526394566.876799146	77	40	48	1	1	1	2	-70	36008	7	4	1596	1478	325,325
1526394566.888214130	77	40	48	1	1	1	2	-69	36009	7	4	1596	1478	325,325
1526394566.899973184	77	40	48	1	1	1	2	-69	36010	7	4	1596	1478	325,325
1526394566.912156708	77	40	48	1	1	1	2	-70	36011	7	4	1596	1478	325,325
1526394566.923790059	77	40	48	1	1	1	2	-69	36012	7	4	1596	1478	325,325
1526394566.935247953	77	40	48	1	1	1	2	-69	36013	7	4	1596	1478	325,325
1526394566.946995087	77	40	48	1	1	1	2	-70	36014	7	4	1596	1478	325,325
1526394566.958760492	77	40	48	1	1	1	2	-70	36015	7	4	1596	1478	325,325
1526394566.970447604	77	40	48	1	1	1	2	-70	36016	7	4	1596	1478	325,325
1526394566.982182584	77	40	48	1	1	1	2	-70	36017	7	4	1596	1478	325,325
1526394566.993981315	77	40	48	1	1	1	2	-69	36018	7	4	1596	1478	325,325
1526394567.005694077	77	40	48	1	1	1	2	-69	36019	7	4	1596	1478	325,325
1526394567.017471597	77	40	48	1	1	1	2	-70	36020	7	4	1596	1478	325,325
1526394567.029617677	77	40	48	1	1	1	2	-70	36021	7	4	1596	1478	325,325
1526394567.040995136	77	40	48	1	1	1	2	-70	36022	7	4	1596	1478	325,325
1526394567.052744690	77	40	48	1	1	1	2	-69	36023	7	4	1596	1478	325,325
1526394567.064500704	77	40	48	1	1	1	2	-69	36024	7	4	1596	1478	325,325
1526394567.076284219	77	40	48	1	1	1	2	-70	36025	7	4	1596	1478	325,325
1526394567.088030647	77	40	48	1	1	1	2	-70	36026	7	4	1596	1478	325,325
1526394567.099794499	77	40	48	1	1	1	2	-70	36027	7	4	1596	1478	325,325
1526394567.111550154	77	40	48	1	1	1	2	-69	36028	7	4	1596	1478	325,325
1526394567.123223835	77	40	48	1	1	1	2	-70	36029	7	4	1596	1478	325,325
1526394567.135094953	77	40	48	1	1	1	2	-70	36030	7	4	1596	1478	325,325
1526394567.146805029	77	40	48	1	1	1	2	-70	36031	7	4	1596	1478	325,325
1526394567.158429080	77	40	48	1	1	1	2	-70	36032	7	4	1596	1478	325,325
1526394567.170336742	77	40	48	1	1	1	2	-69	36033	7	4	1596	1478	325,325
1526394567.182083401	77	40	48	1	1	1	2	-70	36034	7	4	1596	1478	325,325
1526394567.194189250	77	40	48	1	1	1	2	-70	36035	7	4	1596	1478	325,325
1526394567.205600595	77	40	48	1	1	1	2	-70	36036	7	4	1596	1478	325,325
1526394567.217277173	77	40	48	1	1	1	2	-70	36037	7	4	1596	1478	325,325
1526394567.229015487	77	40	48	1	1	1	2	-70	36038	7	4	1596	1478	325,325
1526394567.240817275	77	40	48	1	1	1	2	-70	36039	7	4	1596	1478	325,325
1526394567.253284198	77	40	48	1	1	1	2	-70	36040	7	4	1596	1478	325,325
1526394567.264301017	77	40	48	1	1	1	2	-70	36041	7	4	1596	1478	325,325
1526394567.276145437	77	40	48	1	1	1	2	-70	36042	7	4	1596	1478	325,325
1526394567.287917076	77	40	48	1	1	1	2	-70	36043	7	4	1596	1478	325,325
1526394567.299691067	77	40	48	1	1	1	2	-70	36044	7	4	1596	1478	325,325
1526394567.311404219	77	40	48	1	1	1	2	-70	36045	7	4	1596	1478	325,325
1526394567.323560940	77	40	48	1	1	1	2	-70	36046	7	4	1596	1478	325,325
1526394567.334983952	77	40	48	1	1	1	2	-70	36047	7	4	1596	1478	325,325
1526394567.346723455	77	40	48	1	1	1	2	-70	36048	7	4	1596	1478	325,325
1526394567.358493015	77	40	48	1	1	1	2	-70	36049	7	4	1596	1478	325,325
1526394567.370618107	77	40	48	1	1	1	2	-70	36050	7	4	1596	1478	325,325
1526394567.381983251	77	40	48	1	1	1	2	-70	36051	7	4	1596	1478	325,325
1526394567.393760595	77	40	48	1	1	1	2	-69	36052	7	4	1596	1478	325,325
1526394567.405535200	77	40	48	1	1	1	2	-70	36053	7	4	1596	1478	325,325
1526394567.417188544	77	40	48	1	1	1	2	-69	36054	7	4	1596	1478	325,325
1526394567.429041670	77	40	48	1	1	1	2	-69	36055	7	4	1596	1478	325,325
1526394567.440809064	77	40	48	1	1	1	2	-69	36056	7	4	1596	1478	325,325
1526394567.452573219	77	40	48	1	1	1	2	-69	36057	7	4	1596	1478	325,325
1526394567.464234623	77	40	48	1	1	1	2	-70	36058	7	4	1596	1478	325,325
1526394567.476087918	77	40	48	1	1	1	2	-70	36059	7	4	1596	1478	325,325
1526394567.487843633	77	40	48	1	1	1	2	-70	36060	7	4	1596	1478	325,325
1526394567.499674754	77	40	48	1	1	1	2	-70	36061	7	4	1596	1478	325,325
1526394567.511468282	77	40	48	1	1	1	2	-70	36062	7	4	1596	1478	325,325
1526394567.523235663	77	40	48	1	1	1	2	-69	36063	7	4	1596	1478	325,325
1526394567.535283623	77	40	48	1	1	1	2	-70	36064	7	4	1596	1478	325,325
1526394567.546766294	77	40	48	1	1	1	2	-70	36065	7	4	1596	1478	325,325
1526394567.558477644	77	40	48	1	1	1	2	-70	36066	7	4	1596	1478	325,325
1526394567.570290274	77	40	48	1	1	1	2	-70	36067	7	4	1596	1478	325,325
1526394567.582056509	77	40	48	1	1	1	2	-70	36068	7	4	1596	1478	325,325
1526394567.593740533	77	40	48	1	1	1	2	-70	36069	7	4	1596	1478	325,325
1526394567.605576095	77	40	48	1	1	1	2	-70	36070	7	4	1596	1478	325,325
1526394567.617337049	77	40	48	1	1	1	2	-70	36071	7	4	1596	1478	325,325
1526394567.629092437	77	40	48	1	1	1	2	-70	36072	7	4	1596	1478	325,325
1526394567.640860221	77	40	48	1	1	1	2	-70	36073	7	4	1596	1478	325,325
1526394567.652632666	77	40	48	1	1	1	2	-70	36074	7	4	1596	1478	325,325
1526394567.664335362	77	40	48	1	1	1	2	-70	36075	7	4	1596	1478	325,325
1526394567.676133442	77	40	48	1	1	1	2	-70	36076	7	4	1596	1478	325,325
1526394567.687906360	77	40	48	1	1	1	2	-70	36077	7	4	1596	1478	325,325
1526394567.700016540	77	40	48	1	1	1	2	-70	36078	7	4	1596	1478	325,325
1526394567.711405514	77	40	48	1	1	1	2	-70	36079	7	4	1596	1478	325,325
1526394567.723185157	77	40	48	1	1	1	2	-70	36080	7	4	1596	1478	325,325
1526394567.734847160	77	40	48	1	1	1	2	-70	36081	7	4	1596	1478	325,325
1526394567.746889751	77	40	48	1	1	1	2	-70	36082	7	4	1596	1478	325,325
1526394567.758368392	77	40	48	1	1	1	2	-70	36083	7	4	1596	1478	325,325
1526394567.770219972	77	40	48	1	1	1	2	-70	36084	7	4	1596	1478	325,325
1526394567.781995007	77	40	48	1	1	1	2	-70	36085	7	4	1596	1478	325,325
1526394567.793710450	77	40	48	1	1	1	2	-70	36086	7	4	1596	1478	325,325
1526394567.805509515	77	40	48	1	1	1	2	-69	36087	7	4	1596	1478	325,325
1526394567.817254823	77	40	48	1	1	1	2	-70	36088	7	4	1596	1478	325,325
1526394567.828920153	77	40	48	1	1	1	2	-70	36089	7	4	1596	1478	325,325
1526394567.840695489	77	40	48	1	1	1	2	-70	36090	7	4	1596	1478	325,325
1526394567.852460068	77	40	48	1	1	1	2	-70	36091	7	4	1596	1478	325,325
1526394567.864633942	77	40	48	1	1	1	2	-70	36092	7	4	1596	1478	325,325
1526394567.876053631	77	40	48	1	1	1	2	-69	36093	7	4	1596	1478	325,325
1526394567.887811229	77	40	48	1	1	1	2	-70	36094	7	4	1596	1478	325,325
1526394567.899511540	77	40	48	1	1	1	2	-69	36095	7	4	1596	1478	325,325
1526394567.911330477	77	40	48	1	1	1	2	-69	36096	7	4	1596	1478	325,325
1526394567.923113339	77	40	48	1	1	1	2	-69	36097	7	4	1596	1478	325,325
1526394567.934846542	77	40	48	1	1	1	2	-69	36098	7	4	1596	1478	325,325
1526394567.947436288	77	40	48	1	1	1	2	-69	36099	7	4	1596	1478	325,325
1526394567.958301542	77	40	48	1	1	1	2	-69	36100	7	4	1596	1478	325,325
1526394567.970334088	77	40	48	1	1	1	2	-69	36101	7	4	1596	1478	325,325
1526394567.981712324	77	40	48	1	1	1	2	-69	36102	7	4	1596	1478	325,325
1526394567.993472185	77	40	48	1	1	1	2	-69	36103	7	4	1596	1478	325,325
1526394568.005235379	77	40	48	1	1	1	2	-70	36104	7	4	1596	1478	325,325
1526394568.017069543	77	40	48	1	1	1	2	-69	36105	7	4	1596	1478	325,325
1526394568.029285764	77	40	48	1	1	1	2	-69	36106	7	4	1596	1478	325,325
1526394568.040480445	77	40	48	1	1	1	2	-69	36107	7	4	1596	1478	325,325
1526394568.052749816	77	40	48	1	1	1	2	-69	36109	7	4	1596	1478	325,325
1526394568.064211059	77	40	48	1	1	1	2	-69	36110	7	4	1596	1478	325,325
1526394568.075981881	77	40	48	1	1	1	2	-70	36111	7	4	1596	1478	325,325
1526394568.087649758	77	40	48	1	1	1	2	-69	36112	7	4	1596	1478	325,325
1526394568.099437392	77	40	48	1	1	1	2	-69	36113	7	4	1596	1478	325,325
1526394568.111145640	77	40	48	1	1	1	2	-70	36114	7	4	1596	1478	325,325
1526394568.122873280	77	40	48	1	1	1	2	-70	36115	7	4	1596	1478	325,325
1526394568.134643998	77	40	48	1	1	1	2	-70	36116	7	4	1596	1478	325,325
1526394568.146513947	77	40	48	1	1	1	2	-69	36117	7	4	1596	1478	325,325
1526394568.158603155	77	40	48	1	1	1	2	-70	36118	7	4	1596	1478	325,325
1526394568.170042171	77	40	48	1	1	1	2	-69	36119	7	4	1596	1478	325,325
1526394568.181796092	77	40	48	1	1	1	2	-70	36120	7	4	1596	1478	325,325
1526394568.193571323	77	40	48	1	1	1	2	-70	36121	7	4	1596	1478	325,325
1526394568.205704582	77	40	48	1	1	1	2	-70	36122	7	4	1596	1478	325,325
1526394568.217096594	77	40	48	1	1	1	2	-69	36123	7	4	1596	1478	325,325
1526394568.228763606	77	40	48	1	1	1	2	-69	36124	7	4	1596	1478	325,325
1526394568.240594159	77	40	48	1	1	1	2	-69	36125	7	4	1596	1478	325,325
1526394568.252310206	77	40	48	1	1	1	2	-69	36126	7	4	1596	1478	325,325
1526394568.264082692	77	40	48	1	1	1	2	-69	36127	7	4	1596	1478	325,325
1526394568.275828996	77	40	48	1	1	1	2	-69	36128	7	4	1596	1478	325,325
1526394568.287660774	77	40	48	1	1	1	2	-69	36129	7	4	1596	1478	325,325
1526394568.299413011	77	40	48	1	1	1	2	-69	36130	7	4	1596	1478	325,325
1526394568.311188298	77	40	48	1	1	1	2	-69	36131	7	4	1596	1478	325,325
1526394568.322943012	77	40	48	1	1	1	2	-69	36132	7	4	1596	1478	325,325
1526394568.334597340	77	40	48	1	1	1	2	-69	36133	7	4	1596	1478	325,325
1526394568.346390188	77	40	48	1	1	1	2	-69	36134	7	4	1596	1478	325,325
1526394568.358157170	77	40	48	1	1	1	2	-69	36135	7	4	1596	1478	325,325
1526394568.370255493	77	40	48	1	1	1	2	-69	36136	7	4	1596	1478	325,325
1526394568.381731689	77	40	48	1	1	1	2	-69	36137	7	4	1596	1478	325,325
1526394568.393487420	77	40	48	1	1	1	2	-69	36138	7	4	1596	1478	325,325
1526394568.405248423	77	40	48	1	1	1	2	-69	36139	7	4	1596	1478	325,325
1526394568.417011677	77	40	48	1	1	1	2	-69	36140	7	4	1596	1478	325,325
1526394568.428686042	77	40	48	1	1	1	2	-69	36141	7	4	1596	1478	325,325
1526394568.440553697	77	40	48	1	1	1	2	-69	36142	7	4	1596	1478	325,325
1526394568.452271661	77	40	48	1	1	1	2	-69	36143	7	4	1596	1478	325,325
1526394568.464064340	77	40	48	1	1	1	2	-69	36144	7	4	1596	1478	325,325
1526394568.475821815	77	40	48	1	1	1	2	-69	36145	7	4	1596	1478	325,325
1526394568.487551588	77	40	48	1	1	1	2	-69	36146	7	4	1596	1478	325,325
1526394568.499323123	77	40	48	1	1	1	2	-69	36147	7	4	1596	1478	325,325
1526394568.511097525	77	40	48	1	1	1	2	-69	36148	7	4	1596	1478	325,325
1526394568.522784584	77	40	48	1	1	1	2	-69	36149	7	4	1596	1478	325,325
1526394568.534923703	77	40	48	1	1	1	2	-70	36150	7	4	1596	1478	325,325
1526394568.546351131	77	40	48	1	1	1	2	-70	36151	7	4	1596	1478	325,325
1526394568.558128037	77	40	48	1	1	1	2	-70	36152	7	4	1596	1478	325,325
1526394568.569906618	77	40	48	1	1	1	2	-70	36153	7	4	1596	1478	325,325
1526394568.582069736	77	40	48	1	1	1	2	-70	36154	7	4	1596	1478	325,325
1526394568.593466926	77	40	48	1	1	1	2	-70	36155	7	4	1596	1478	325,325
1526394568.605228758	77	40	48	1	1	1	2	-70	36156	7	4	1596	1478	325,325
1526394568.616902627	77	40	48	1	1	1	2	-71	36157	7	4	1596	1478	325,325
1526394568.628655110	77	40	48	1	1	1	2	-71	36158	7	4	1596	1478	325,325
1526394568.641914172	86	40	48	0	1	1	2	-72	36161	6	4	1596	1478	263,25,263,25
1526394568.652265917	86	40	48	0	1	1	2	-72	36162	6	4	1596	1478	263,25,263,25
1526394568.663998839	86	40	48	0	1	1	2	-72	36163	6	4	1596	1478	263,25,263,25
1526394568.675853440	86	40	48	0	1	1	2	-73	36164	6	4	1596	1478	263,25,263,25
1526394568.687575067	86	40	48	0	1	1	2	-73	36165	6	4	1596	1478	263,25,263,25
1526394568.699304596	86	40	48	0	1	1	2	-73	36166	6	4	1596	1478	263,25,263,25
1526394568.711083943	86	40	48	0	1	1	2	-73	36167	6	4	1596	1478	263,25,263,25
1526394568.722835726	86	40	48	0	1	1	2	-73	36168	6	4	1596	1478	263,25,263,25
1526394568.735694506	86	40	48	0	1	1	2	-73	36171	6	4	1596	1478	263,25,263,25
1526394568.746759712	86	40	48	0	1	1	2	-74	36173	6	4	1596	1478	263,25,263,25
1526394568.758026756	86	40	48	0	1	1	2	-74	36174	6	4	1596	1478	263,25,263,25
1526394568.770831483	86	40	48	0	1	1	2	-74	36177	6	4	1596	1478	263,25,263,25
1526394568.782682851	92	40	48	0	1	1	2	-74	36181	5	4	1596	1478	234,234
1526394568.793772549	92	40	48	0	1	1	2	-74	36182	5	4	1596	1478	234,234
1526394568.804962087	92	40	48	0	1	1	2	-74	36183	5	4	1596	1478	234,234
1526394568.816744580	92	40	48	0	1	1	2	-74	36184	5	4	1596	1478	234,234
1526394568.828433014	92	40	48	0	1	1	2	-75	36185	5	4	1596	1478	234,234
1526394568.844312483	109	40	48	0	1	1	2	-75	36189	4	4	1596	1478	175,5,175,5
1526394568.852141321	109	40	48	0	1	1	2	-75	36190	4	4	1596	1478	175,5,175,5
1526394568.863849088	109	40	48	0	1	1	2	-75	36191	4	4	1596	1478	175,5,175,5
1526394568.875687336	109	40	48	0	1	1	2	-75	36192	4	4	1596	1478	175,5,175,5
1526394568.887346810	109	40	48	0	1	1	2	-75	36193	4	4	1596	1478	175,5,175,5
1526394568.899220343	109	40	48	0	1	1	2	-75	36194	4	4	1596	1478	175,5,175,5
1526394568.910954525	109	40	48	0	1	1	2	-75	36195	4	4	1596	1478	175,5,175,5
1526394568.922644910	109	40	48	0	1	1	2	-76	36196	4	4	1596	1478	175,5,175,5
1526394568.934762236	109	40	48	0	1	1	2	-75	36198	4	4	1596	1478	175,5,175,5
1526394568.946069592	109	40	48	0	1	1	2	-75	36199	4	4	1596	1478	175,5,175,5
1526394568.957914639	109	40	48	0	1	1	2	-75	36200	4	4	1596	1478	175,5,175,5
1526394568.969647789	109	40	48	0	1	1	2	-75	36201	4	4	1596	1478	175,5,175,5
1526394568.981450160	109	40	48	0	1	1	2	-75	36202	4	4	1596	1478	175,5,175,5
1526394568.994122982	109	40	48	0	1	1	2	-76	36204	4	4	1596	1478	175,5,175,5
1526394569.004931293	109	40	48	0	1	1	2	-76	36205	4	4	1596	1478	175,5,175,5
1526394569.016711944	109	40	48	0	1	1	2	-77	36206	4	4	1596	1478	175,5,175,5
1526394569.028450992	109	40	48	0	1	1	2	-77	36207	4	4	1596	1478	175,5,175,5
1526394569.040297442	109	40	48	0	1	1	2	-77	36208	4	4	1596	1478	175,5,175,5
1526394569.052073501	109	40	48	0	1	1	2	-77	36209	4	4	1596	1478	175,5,175,5
1526394569.063751487	109	40	48	0	1	1	2	-77	36210	4	4	1596	1478	175,5,175,5
1526394569.076082656	109	40	48	0	1	1	2	-77	36211	4	4	1596	1478	175,5,175,5
1526394569.087245875	109	40	48	0	1	1	2	-78	36212	4	4	1596	1478	175,5,175,5
1526394569.099391058	109	40	48	0	1	1	2	-78	36213	4	4	1596	1478	175,5,175,5
1526394569.110749858	109	40	48	0	1	1	2	-78	36214	4	4	1596	1478	175,5,175,5
1526394569.122517162	109	40	48	0	1	1	2	-78	36215	4	4	1596	1478	175,5,175,5
1526394569.134257987	109	40	48	0	1	1	2	-78	36216	4	4	1596	1478	175,5,175,5
1526394569.146013920	109	40	48	0	1	1	2	-78	36217	4	4	1596	1478	175,5,175,5
1526394569.157791945	109	40	48	0	1	1	2	-79	36218	4	4	1596	1478	175,5,175,5
1526394569.169547963	109	40	48	0	1	1	2	-79	36219	4	4	1596	1478	175,5,175,5
1526394569.181331625	109	40	48	0	1	1	2	-80	36220	4	4	1596	1478	175,5,175,5
1526394569.193077359	109	40	48	0	1	1	2	-80	36221	4	4	1596	1478	175,5,175,5
1526394569.204836398	109	40	48	0	1	1	2	-80	36222	4	4	1596	1478	175,5,175,5
1526394569.216576854	109	40	48	0	1	1	2	-80	36223	4	4	1596	1478	175,5,175,5
1526394569.228337171	109	40	48	0	1	1	2	-79	36224	4	4	1596	1478	175,5,175,5
1526394569.240303987	109	40	48	0	1	1	2	-79	36226	4	4	1596	1478	175,5,175,5
1526394569.251872187	109	40	48	0	1	1	2	-80	36227	4	4	1596	1478	175,5,175,5
1526394569.264030400	109	40	48	0	1	1	2	-79	36228	4	4	1596	1478	175,5,175,5
1526394569.275276750	109	40	48	0	1	1	2	-80	36229	4	4	1596	1478	175,5,175,5
1526394569.287089811	109	40	48	0	1	1	2	-80	36230	4	4	1596	1478	175,5,175,5
1526394569.298787412	109	40	48	0	1	1	2	-80	36231	4	4	1596	1478	175,5,175,5
1526394569.310678532	109	40	48	0	1	1	2	-80	36232	4	4	1596	1478	175,5,175,5
1526394569.322425888	109	40	48	0	1	1	2	-80	36233	4	4	1596	1478	175,5,175,5
1526394569.334480919	109	40	48	0	1	1	2	-80	36234	4	4	1596	1478	175,5,175,5
1526394569.346589842	109	40	48	0	1	1	2	-80	36237	4	4	1596	1478	175,5,175,5
1526394569.357643792	109	40	48	0	1	1	2	-80	36238	4	4	1596	1478	175,5,175,5
1526394569.369460911	109	40	48	0	1	1	2	-80	36239	4	4	1596	1478	175,5,175,5
1526394569.382342798	109	40	48	0	1	1	2	-80	36242	4	4	1596	1478	175,5,175,5
1526394569.392984891	109	40	48	0	1	1	2	-81	36243	4	4	1596	1478	175,5,175,5
1526394569.405150920	109	40	48	0	1	1	2	-80	36244	4	4	1596	1478	175,5,175,5
1526394569.416527044	109	40	48	0	1	1	2	-80	36245	4	4	1596	1478	175,5,175,5
1526394569.428267228	109	40	48	0	1	1	2	-80	36246	4	4	1596	1478	175,5,175,5
1526394569.440391654	109	40	48	0	1	1	2	-80	36248	4	4	1596	1478	175,5,175,5
1526394569.453004844	109	40	48	0	1	1	2	-80	36251	4	4	1596	1478	175,5,175,5
1526394569.464260762	109	40	48	0	1	1	2	-80	36253	4	4	1596	1478	175,5,175,5
1526394569.476129429	109	40	48	0	1	1	2	-80	36256	4	4	1596	1478	175,5,175,5
1526394569.499139466	109	40	48	0	1	1	2	-79	36257	4	4	1596	1478	175,5,175,5
1526394569.499323364	109	40	48	0	1	1	2	-79	36258	4	4	1596	1478	175,5,175,5
1526394569.510714266	109	40	48	0	1	1	2	-79	36259	4	4	1596	1478	175,5,175,5
1526394569.522460691	109	40	48	0	1	1	2	-79	36260	4	4	1596	1478	175,5,175,5
1526394569.534234707	109	40	48	0	1	1	2	-79	36261	4	4	1596	1478	175,5,175,5
1526394569.545980164	109	40	48	0	1	1	2	-79	36262	4	4	1596	1478	175,5,175,5
1526394569.557760329	109	40	48	0	1	1	2	-80	36263	4	4	1596	1478	175,5,175,5
1526394569.576002413	144	40	60	0	2	0	2	-79	36271	1	4	1596	1478	117,117
1526394569.581322368	144	40	60	0	2	0	2	-79	36272	1	4	1596	1478	117,117
1526394569.593077345	144	40	60	0	2	0	2	-78	36273	1	4	1596	1478	117,117
1526394569.604830928	144	40	60	0	2	0	2	-78	36274	1	4	1596	1478	117,117
1526394569.616585455	144	40	60	0	2	0	2	-78	36275	1	4	1596	1478	117,117
1526394569.628349305	144	40	60	0	2	0	2	-78	36276	1	4	1596	1478	117,117
1526394569.640128792	144	40	60	0	2	0	2	-77	36277	1	4	1596	1478	117,117
1526394569.651907475	144	40	60	0	2	0	2	-78	36278	1	4	1596	1478	117,117
1526394569.663602317	109	40	60	0	2	0	2	-78	36279	2	4	1596	1478	175,5,175,5
1526394569.675356671	109	40	60	0	2	0	2	-78	36280	2	4	1596	1478	175,5,175,5
1526394569.688034628	109	40	60	0	2	0	2	-77	36281	2	4	1596	1478	175,5,175,5
1526394569.698829448	109	40	60	0	2	0	2	-77	36282	2	4	1596	1478	175,5,175,5
1526394569.711030332	109	40	60	0	2	0	2	-77	36283	2	4	1596	1478	175,5,175,5
1526394569.722769981	109	40	60	0	2	0	2	-76	36284	2	4	1596	1478	175,5,175,5
1526394569.734169428	109	40	60	0	2	0	2	-76	36285	2	4	1596	1478	175,5,175,5
1526394569.745926306	109	40	60	0	2	0	2	-76	36286	2	4	1596	1478	175,5,175,5
1526394569.757668393	109	40	60	0	2	0	2	-77	36287	2	4	1596	1478	175,5,175,5
1526394569.769417709	92	40	48	0	1	1	2	-75	36288	5	4	1596	1478	234,234
1526394569.781903740	92	40	48	0	1	1	2	-75	36291	5	4	1596	1478	234,234
1526394569.792892731	92	40	48	0	1	1	2	-74	36292	5	4	1596	1478	234,234
1526394569.804608316	92	40	48	0	1	1	2	-74	36293	5	4	1596	1478	234,234
1526394569.816457906	92	40	48	0	1	1	2	-74	36294	5	4	1596	1478	234,234
1526394569.828478406	92	40	48	0	1	1	2	-73	36295	5	4	1596	1478	234,234
