1526393788.201403970	96	40	48	0	2	0	2	-64	21605	5	1	1596	1478	216,216
1526393788.210420108	96	40	48	0	2	0	2	-63	21606	5	1	1596	1478	216,216
1526393788.222096095	96	40	48	0	2	0	2	-63	21607	5	1	1596	1478	216,216
1526393788.233816555	96	40	48	0	2	0	2	-64	21608	5	1	1596	1478	216,216
1526393788.245900730	90	40	48	0	2	0	2	-65	21609	6	1	1596	1478	243,243
1526393788.257442109	90	40	48	0	2	0	2	-66	21610	6	1	1596	1478	243,243
1526393788.269285528	90	40	48	0	2	0	2	-67	21611	6	1	1596	1478	243,243
1526393788.281796773	90	40	48	0	2	0	2	-66	21613	6	1	1596	1478	243,243
1526393788.294292496	96	40	48	0	2	0	2	-65	21616	5	1	1596	1478	216,216
1526393788.304556625	96	40	48	0	2	0	2	-65	21617	5	1	1596	1478	216,216
1526393788.316355521	96	40	48	0	2	0	2	-65	21618	5	1	1596	1478	216,216
1526393788.328006389	96	40	48	0	2	0	2	-65	21619	5	1	1596	1478	216,216
1526393788.339843776	96	40	48	0	2	0	2	-65	21620	5	1	1596	1478	216,216
1526393788.351606512	96	40	48	0	2	0	2	-66	21621	5	1	1596	1478	216,216
1526393788.363368639	96	40	48	0	2	0	2	-66	21622	5	1	1596	1478	216,216
1526393788.375126096	96	40	48	0	2	0	2	-66	21623	5	1	1596	1478	216,216
1526393788.387274233	96	40	48	0	2	0	2	-67	21625	5	1	1596	1478	216,216
1526393788.398647731	96	40	48	0	2	0	2	-67	21626	5	1	1596	1478	216,216
1526393788.410430008	96	40	48	0	2	0	2	-67	21627	5	1	1596	1478	216,216
1526393788.422181669	96	40	48	0	2	0	2	-67	21628	5	1	1596	1478	216,216
1526393788.433941021	96	40	48	0	2	0	2	-67	21629	5	1	1596	1478	216,216
1526393788.445700914	96	40	48	0	2	0	2	-67	21630	5	1	1596	1478	216,216
1526393788.457445755	96	40	48	0	2	0	2	-66	21631	5	1	1596	1478	216,216
1526393788.469221691	96	40	48	0	2	0	2	-66	21632	5	1	1596	1478	216,216
1526393788.480855853	96	40	48	0	2	0	2	-66	21633	5	1	1596	1478	216,216
1526393788.492727521	96	40	48	0	2	0	2	-65	21634	5	1	1596	1478	216,216
1526393788.504421406	96	40	48	0	2	0	2	-66	21635	5	1	1596	1478	216,216
1526393788.516262356	96	40	48	0	2	0	2	-65	21636	5	1	1596	1478	216,216
1526393788.528011771	96	40	48	0	2	0	2	-65	21637	5	1	1596	1478	216,216
1526393788.540015675	96	40	48	0	2	0	2	-65	21638	5	1	1596	1478	216,216
1526393788.552643999	96	40	48	0	2	0	2	-65	21640	5	1	1596	1478	216,216
1526393788.563280425	96	40	48	0	2	0	2	-65	21641	5	1	1596	1478	216,216
1526393788.575092455	96	40	48	0	2	0	2	-65	21642	5	1	1596	1478	216,216
1526393788.586836984	96	40	48	0	2	0	2	-64	21643	5	1	1596	1478	216,216
1526393788.601756285	115	40	48	0	2	0	2	-64	21648	4	1	1596	1478	162,162
1526393788.610366250	115	40	48	0	2	0	2	-64	21649	4	1	1596	1478	162,162
1526393788.622106425	115	40	48	0	2	0	2	-65	21650	4	1	1596	1478	162,162
1526393788.633893001	115	40	48	0	2	0	2	-65	21651	4	1	1596	1478	162,162
1526393788.645618207	115	40	48	0	2	0	2	-65	21652	4	1	1596	1478	162,162
1526393788.657354111	115	40	48	0	2	0	2	-65	21653	4	1	1596	1478	162,162
1526393788.669532996	115	40	48	0	2	0	2	-65	21654	4	1	1596	1478	162,162
1526393788.680909554	115	40	48	0	2	0	2	-65	21655	4	1	1596	1478	162,162
1526393788.692685520	101	40	48	1	1	1	2	-66	21656	9	1	1596	1478	200,200
1526393788.704826723	101	40	48	1	1	1	2	-66	21658	9	1	1596	1478	200,200
1526393788.716180953	101	40	48	1	1	1	2	-66	21659	9	1	1596	1478	200,200
1526393788.727927708	101	40	48	1	1	1	2	-66	21660	9	1	1596	1478	200,200
1526393788.739688546	101	40	48	1	1	1	2	-66	21661	9	1	1596	1478	200,200
1526393788.751372014	96	40	48	0	2	0	2	-66	21662	5	1	1596	1478	216,216
1526393788.763131612	101	40	48	1	1	1	2	-66	21663	9	1	1596	1478	200,200
1526393788.774885158	101	40	48	1	1	1	2	-66	21664	9	1	1596	1478	200,200
1526393788.787044603	101	40	48	1	1	1	2	-66	21666	9	1	1596	1478	200,200
1526393788.798393866	101	40	48	1	1	1	2	-66	21667	9	1	1596	1478	200,200
1526393788.810090836	96	40	48	0	2	0	2	-66	21668	5	1	1596	1478	216,216
1526393788.821906612	101	40	48	1	1	1	2	-67	21669	9	1	1596	1478	200,200
1526393788.833668126	101	40	48	1	1	1	2	-66	21670	9	1	1596	1478	200,200
1526393788.845435489	101	40	48	1	1	1	2	-66	21671	9	1	1596	1478	200,200
1526393788.857602475	101	40	48	1	1	1	2	-66	21673	9	1	1596	1478	200,200
1526393788.869062225	96	40	48	0	2	0	2	-66	21674	5	1	1596	1478	216,216
1526393788.881145978	101	40	48	1	1	1	2	-67	21676	9	1	1596	1478	200,200
1526393788.892594333	101	40	48	1	1	1	2	-67	21677	9	1	1596	1478	200,200
1526393788.904333877	101	40	48	1	1	1	2	-67	21678	9	1	1596	1478	200,200
1526393788.916103651	101	40	48	1	1	1	2	-66	21679	9	1	1596	1478	200,200
1526393788.927786775	96	40	48	0	2	0	2	-66	21680	5	1	1596	1478	216,216
1526393788.939623478	101	40	48	1	1	1	2	-65	21681	9	1	1596	1478	200,200
1526393788.951409643	101	40	48	1	1	1	2	-65	21682	9	1	1596	1478	200,200
1526393788.963127015	101	40	48	1	1	1	2	-64	21683	9	1	1596	1478	200,200
1526393788.974905628	101	40	48	1	1	1	2	-64	21684	9	1	1596	1478	200,200
1526393788.986491013	96	40	48	0	2	0	2	-64	21685	5	1	1596	1478	216,216
1526393788.998353510	96	40	48	0	2	0	2	-63	21686	5	1	1596	1478	216,216
1526393789.010079512	96	40	48	0	2	0	2	-63	21687	5	1	1596	1478	216,216
1526393789.021871623	96	40	48	0	2	0	2	-63	21688	5	1	1596	1478	216,216
1526393789.033567492	96	40	48	0	2	0	2	-64	21689	5	1	1596	1478	216,216
1526393789.045839403	96	40	48	0	2	0	2	-64	21691	5	1	1596	1478	216,216
1526393789.057203086	96	40	48	0	2	0	2	-64	21692	5	1	1596	1478	216,216
1526393789.069285357	96	40	48	0	2	0	2	-65	21693	5	1	1596	1478	216,216
1526393789.080723091	96	40	48	0	2	0	2	-66	21694	5	1	1596	1478	216,216
1526393789.092524822	96	40	48	0	2	0	2	-66	21695	5	1	1596	1478	216,216
1526393789.104262358	96	40	48	0	2	0	2	-66	21696	5	1	1596	1478	216,216
1526393789.116011036	96	40	48	0	2	0	2	-66	21697	5	1	1596	1478	216,216
1526393789.127769570	96	40	48	0	2	0	2	-67	21698	5	1	1596	1478	216,216
1526393789.139464662	96	40	48	0	2	0	2	-68	21699	5	1	1596	1478	216,216
1526393789.151295630	96	40	48	0	2	0	2	-68	21700	5	1	1596	1478	216,216
1526393789.163044337	96	40	48	0	2	0	2	-68	21701	5	1	1596	1478	216,216
1526393789.174812868	96	40	48	0	2	0	2	-67	21702	5	1	1596	1478	216,216
1526393789.186579459	96	40	48	0	2	0	2	-67	21703	5	1	1596	1478	216,216
1526393789.198353974	96	40	48	0	2	0	2	-67	21704	5	1	1596	1478	216,216
1526393789.210100870	90	40	48	0	2	0	2	-67	21705	6	1	1596	1478	243,243
1526393789.221866349	96	40	48	0	2	0	2	-67	21706	5	1	1596	1478	216,216
1526393789.233608804	96	40	48	0	2	0	2	-66	21707	5	1	1596	1478	216,216
1526393789.245389069	96	40	48	0	2	0	2	-66	21708	5	1	1596	1478	216,216
1526393789.257158944	96	40	48	0	2	0	2	-66	21709	5	1	1596	1478	216,216
1526393789.269456145	90	40	48	0	2	0	2	-66	21710	6	1	1596	1478	243,243
1526393789.280564090	96	40	48	0	2	0	2	-66	21711	5	1	1596	1478	216,216
1526393789.292460121	96	40	48	0	2	0	2	-66	21712	5	1	1596	1478	216,216
1526393789.304223273	96	40	48	0	2	0	2	-67	21713	5	1	1596	1478	216,216
1526393789.315977362	96	40	48	0	2	0	2	-67	21714	5	1	1596	1478	216,216
1526393789.327737265	90	40	48	0	2	0	2	-68	21715	6	1	1596	1478	243,243
1526393789.339422536	90	40	48	0	2	0	2	-68	21716	6	1	1596	1478	243,243
1526393789.351254593	90	40	48	0	2	0	2	-69	21717	6	1	1596	1478	243,243
1526393789.363000162	90	40	48	0	2	0	2	-69	21718	6	1	1596	1478	243,243
1526393789.374759954	90	40	48	0	2	0	2	-69	21719	6	1	1596	1478	243,243
1526393789.386889924	90	40	48	0	2	0	2	-68	21720	6	1	1596	1478	243,243
1526393789.398187266	90	40	48	0	2	0	2	-69	21721	6	1	1596	1478	243,243
1526393789.409932310	90	40	48	0	2	0	2	-69	21722	6	1	1596	1478	243,243
1526393789.421699757	90	40	48	0	2	0	2	-69	21723	6	1	1596	1478	243,243
1526393789.433527283	90	40	48	0	2	0	2	-69	21724	6	1	1596	1478	243,243
1526393789.445294216	90	40	48	0	2	0	2	-68	21725	6	1	1596	1478	243,243
1526393789.457040970	90	40	48	0	2	0	2	-67	21726	6	1	1596	1478	243,243
1526393789.468807919	90	40	48	0	2	0	2	-67	21727	6	1	1596	1478	243,243
1526393789.480571166	90	40	48	0	2	0	2	-67	21728	6	1	1596	1478	243,243
1526393789.492268716	90	40	48	0	2	0	2	-67	21729	6	1	1596	1478	243,243
1526393789.504032767	90	40	48	0	2	0	2	-68	21730	6	1	1596	1478	243,243
1526393789.515761321	90	40	48	0	2	0	2	-67	21731	6	1	1596	1478	243,243
1526393789.527569170	90	40	48	0	2	0	2	-67	21732	6	1	1596	1478	243,243
1526393789.539235932	90	40	48	0	2	0	2	-67	21733	6	1	1596	1478	243,243
1526393789.551430044	90	40	48	0	2	0	2	-66	21735	6	1	1596	1478	243,243
1526393789.562881018	90	40	48	0	2	0	2	-66	21736	6	1	1596	1478	243,243
1526393789.574649496	90	40	48	0	2	0	2	-66	21737	6	1	1596	1478	243,243
1526393789.586418550	90	40	48	0	2	0	2	-66	21738	6	1	1596	1478	243,243
1526393789.598175961	90	40	48	0	2	0	2	-66	21739	6	1	1596	1478	243,243
1526393789.609964203	90	40	48	0	2	0	2	-66	21740	6	1	1596	1478	243,243
1526393789.621697399	90	40	48	0	2	0	2	-67	21741	6	1	1596	1478	243,243
1526393789.633332191	90	40	48	0	2	0	2	-68	21742	6	1	1596	1478	243,243
1526393789.645145168	90	40	48	0	2	0	2	-68	21743	6	1	1596	1478	243,243
1526393789.656893523	90	40	48	0	2	0	2	-67	21744	6	1	1596	1478	243,243
1526393789.668758059	90	40	48	0	2	0	2	-67	21745	6	1	1596	1478	243,243
1526393789.684643124	101	40	48	1	1	1	2	-65	21747	9	1	1596	1478	200,200
1526393789.692269140	101	40	48	1	1	1	2	-65	21748	9	1	1596	1478	200,200
1526393789.704031219	101	40	48	1	1	1	2	-65	21749	9	1	1596	1478	200,200
1526393789.716052420	101	40	48	1	1	1	2	-65	21751	9	1	1596	1478	200,200
1526393789.727461768	101	40	48	1	1	1	2	-67	21752	9	1	1596	1478	200,200
1526393789.739209873	101	40	48	1	1	1	2	-67	21753	9	1	1596	1478	200,200
1526393789.750959136	101	40	48	1	1	1	2	-66	21754	9	1	1596	1478	200,200
1526393789.762726061	101	40	48	1	1	1	2	-66	21755	9	1	1596	1478	200,200
1526393789.774481414	96	40	48	0	2	0	2	-67	21756	5	1	1596	1478	216,216
1526393789.786247344	101	40	48	1	1	1	2	-67	21757	9	1	1596	1478	200,200
1526393789.797940729	101	40	48	1	1	1	2	-67	21758	9	1	1596	1478	200,200
1526393789.809778572	101	40	48	1	1	1	2	-66	21759	9	1	1596	1478	200,200
1526393789.821529819	101	40	48	1	1	1	2	-67	21760	9	1	1596	1478	200,200
1526393789.833653833	101	40	48	1	1	1	2	-68	21762	9	1	1596	1478	200,200
1526393789.845423746	101	40	48	1	1	1	2	-69	21763	9	1	1596	1478	200,200
1526393789.857822632	101	40	48	1	1	1	2	-69	21766	9	1	1596	1478	200,200
1526393789.868555604	101	40	48	1	1	1	2	-68	21767	9	1	1596	1478	200,200
1526393789.880325374	96	40	48	0	2	0	2	-69	21768	5	1	1596	1478	216,216
1526393789.892082268	101	40	48	1	1	1	2	-67	21769	9	1	1596	1478	200,200
1526393789.903936487	101	40	48	1	1	1	2	-67	21770	9	1	1596	1478	200,200
1526393789.917214333	96	40	48	0	2	0	2	-68	21774	5	1	1596	1478	216,216
1526393789.927452350	96	40	48	0	2	0	2	-68	21775	5	1	1596	1478	216,216
1526393789.940853327	115	40	48	0	2	0	2	-68	21779	4	1	1596	1478	162,162
1526393789.950975621	115	40	48	0	2	0	2	-68	21780	4	1	1596	1478	162,162
1526393789.962674581	115	40	48	0	2	0	2	-68	21781	4	1	1596	1478	162,162
1526393789.974421618	115	40	48	0	2	0	2	-68	21782	4	1	1596	1478	162,162
1526393789.986713456	115	40	48	0	2	0	2	-68	21783	4	1	1596	1478	162,162
1526393789.998033797	115	40	48	0	2	0	2	-68	21784	4	1	1596	1478	162,162
1526393790.009707984	115	40	48	0	2	0	2	-69	21785	4	1	1596	1478	162,162
1526393790.021457712	115	40	48	0	2	0	2	-68	21786	4	1	1596	1478	162,162
1526393790.033050059	96	40	48	0	2	0	2	-67	21787	5	1	1596	1478	216,216
1526393790.044931692	96	40	48	0	2	0	2	-67	21788	5	1	1596	1478	216,216
1526393790.058317535	115	40	48	0	2	0	2	-67	21791	4	1	1596	1478	162,162
1526393790.068593823	115	40	48	0	2	0	2	-66	21792	4	1	1596	1478	162,162
1526393790.080359536	115	40	48	0	2	0	2	-66	21793	4	1	1596	1478	162,162
1526393790.092017726	115	40	48	0	2	0	2	-67	21794	4	1	1596	1478	162,162
1526393790.103880215	115	40	48	0	2	0	2	-67	21795	4	1	1596	1478	162,162
1526393790.116647302	115	40	48	0	2	0	2	-66	21796	4	1	1596	1478	162,162
1526393790.127415920	115	40	48	0	2	0	2	-66	21797	4	1	1596	1478	162,162
1526393790.139178931	115	40	48	0	2	0	2	-66	21798	4	1	1596	1478	162,162
1526393790.150892194	96	40	48	0	2	0	2	-67	21799	5	1	1596	1478	216,216
1526393790.162649820	96	40	48	0	2	0	2	-67	21800	5	1	1596	1478	216,216
1526393790.174413679	96	40	48	0	2	0	2	-67	21801	5	1	1596	1478	216,216
1526393790.186210210	96	40	48	0	2	0	2	-67	21802	5	1	1596	1478	216,216
1526393790.197941191	96	40	48	0	2	0	2	-67	21803	5	1	1596	1478	216,216
1526393790.210076247	96	40	48	0	2	0	2	-67	21804	5	1	1596	1478	216,216
1526393790.221474459	96	40	48	0	2	0	2	-66	21805	5	1	1596	1478	216,216
1526393790.233208229	96	40	48	0	2	0	2	-66	21806	5	1	1596	1478	216,216
1526393790.244975418	96	40	48	0	2	0	2	-66	21807	5	1	1596	1478	216,216
1526393790.256720077	96	40	48	0	2	0	2	-66	21808	5	1	1596	1478	216,216
1526393790.268494971	96	40	48	0	2	0	2	-65	21809	5	1	1596	1478	216,216
1526393790.280251766	96	40	48	0	2	0	2	-66	21810	5	1	1596	1478	216,216
1526393790.292019473	96	40	48	0	2	0	2	-67	21811	5	1	1596	1478	216,216
1526393790.303781101	96	40	48	0	2	0	2	-67	21812	5	1	1596	1478	216,216
1526393790.315525405	96	40	48	0	2	0	2	-66	21813	5	1	1596	1478	216,216
1526393790.327340267	96	40	48	0	2	0	2	-66	21814	5	1	1596	1478	216,216
1526393790.339082439	96	40	48	0	2	0	2	-66	21815	5	1	1596	1478	216,216
1526393790.352318170	115	40	48	0	2	0	2	-66	21817	4	1	1596	1478	162,162
1526393790.362600858	115	40	48	0	2	0	2	-66	21818	4	1	1596	1478	162,162
1526393790.374355292	115	40	48	0	2	0	2	-66	21819	4	1	1596	1478	162,162
1526393790.386115601	115	40	48	0	2	0	2	-66	21820	4	1	1596	1478	162,162
1526393790.397866195	115	40	48	0	2	0	2	-67	21821	4	1	1596	1478	162,162
1526393790.409619958	115	40	48	0	2	0	2	-67	21822	4	1	1596	1478	162,162
1526393790.421410704	115	40	48	0	2	0	2	-67	21823	4	1	1596	1478	162,162
1526393790.433179506	115	40	48	0	2	0	2	-67	21824	4	1	1596	1478	162,162
1526393790.444750256	96	40	48	0	2	0	2	-67	21825	5	1	1596	1478	216,216
1526393790.456649239	96	40	48	0	2	0	2	-67	21826	5	1	1596	1478	216,216
1526393790.468472724	96	40	48	0	2	0	2	-67	21827	5	1	1596	1478	216,216
1526393790.480147164	96	40	48	0	2	0	2	-67	21828	5	1	1596	1478	216,216
1526393790.491996634	96	40	48	0	2	0	2	-67	21829	5	1	1596	1478	216,216
1526393790.504057974	96	40	48	0	2	0	2	-67	21831	5	1	1596	1478	216,216
1526393790.515485676	96	40	48	0	2	0	2	-68	21832	5	1	1596	1478	216,216
1526393790.527190908	96	40	48	0	2	0	2	-67	21833	5	1	1596	1478	216,216
1526393790.538837978	96	40	48	0	2	0	2	-67	21834	5	1	1596	1478	216,216
1526393790.550791459	96	40	48	0	2	0	2	-67	21835	5	1	1596	1478	216,216
1526393790.562455813	96	40	48	0	2	0	2	-67	21836	5	1	1596	1478	216,216
1526393790.575732789	115	40	48	0	2	0	2	-67	21838	4	1	1596	1478	162,162
1526393790.586070859	115	40	48	0	2	0	2	-67	21839	4	1	1596	1478	162,162
1526393790.598126006	115	40	48	0	2	0	2	-66	21840	4	1	1596	1478	162,162
1526393790.609622769	115	40	48	0	2	0	2	-66	21841	4	1	1596	1478	162,162
1526393790.621306612	115	40	48	0	2	0	2	-66	21842	4	1	1596	1478	162,162
1526393790.633113543	115	40	48	0	2	0	2	-66	21843	4	1	1596	1478	162,162
1526393790.644885493	115	40	48	0	2	0	2	-66	21844	4	1	1596	1478	162,162
1526393790.656969993	115	40	48	0	2	0	2	-65	21845	4	1	1596	1478	162,162
1526393790.668255959	96	40	48	0	2	0	2	-65	21846	5	1	1596	1478	216,216
1526393790.679859293	96	40	48	0	2	0	2	-65	21847	5	1	1596	1478	216,216
1526393790.691614975	96	40	48	0	2	0	2	-65	21848	5	1	1596	1478	216,216
1526393790.703503476	96	40	48	0	2	0	2	-65	21849	5	1	1596	1478	216,216
1526393790.715236718	96	40	48	0	2	0	2	-65	21850	5	1	1596	1478	216,216
1526393790.726793696	90	40	48	0	2	0	2	-66	21851	6	1	1596	1478	243,243
1526393790.738818599	90	40	48	0	2	0	2	-66	21852	6	1	1596	1478	243,243
1526393790.750579187	90	40	48	0	2	0	2	-66	21853	6	1	1596	1478	243,243
1526393790.762409336	90	40	48	0	2	0	2	-67	21854	6	1	1596	1478	243,243
1526393790.774245414	90	40	48	0	2	0	2	-67	21855	6	1	1596	1478	243,243
1526393790.786412133	90	40	48	0	2	0	2	-66	21856	6	1	1596	1478	243,243
1526393790.799191311	96	40	48	0	2	0	2	-66	21859	5	1	1596	1478	216,216
1526393790.809418824	96	40	48	0	2	0	2	-67	21860	5	1	1596	1478	216,216
1526393790.821216130	96	40	48	0	2	0	2	-67	21861	5	1	1596	1478	216,216
1526393790.833135267	96	40	48	0	2	0	2	-66	21862	5	1	1596	1478	216,216
1526393790.844731173	96	40	48	0	2	0	2	-67	21863	5	1	1596	1478	216,216
1526393790.856435970	96	40	48	0	2	0	2	-67	21864	5	1	1596	1478	216,216
1526393790.868189750	96	40	48	0	2	0	2	-67	21865	5	1	1596	1478	216,216
1526393790.880014983	96	40	48	0	2	0	2	-67	21866	5	1	1596	1478	216,216
1526393790.891701815	96	40	48	0	2	0	2	-67	21867	5	1	1596	1478	216,216
1526393790.903543676	96	40	48	0	2	0	2	-67	21868	5	1	1596	1478	216,216
1526393790.915272073	96	40	48	0	2	0	2	-67	21869	5	1	1596	1478	216,216
1526393790.927009330	96	40	48	0	2	0	2	-68	21870	5	1	1596	1478	216,216
1526393790.939029082	96	40	48	0	2	0	2	-68	21871	5	1	1596	1478	216,216
1526393790.950539854	90	40	48	0	2	0	2	-67	21872	6	1	1596	1478	243,243
1526393790.962229930	96	40	48	0	2	0	2	-67	21873	5	1	1596	1478	216,216
1526393790.974009643	96	40	48	0	2	0	2	-67	21874	5	1	1596	1478	216,216
1526393790.985739139	96	40	48	0	2	0	2	-68	21875	5	1	1596	1478	216,216
1526393790.997573300	96	40	48	0	2	0	2	-68	21876	5	1	1596	1478	216,216
1526393791.010242968	96	40	48	0	2	0	2	-68	21878	5	1	1596	1478	216,216
1526393791.021140790	96	40	48	0	2	0	2	-69	21879	5	1	1596	1478	216,216
1526393791.032774202	96	40	48	0	2	0	2	-67	21880	5	1	1596	1478	216,216
1526393791.044529828	96	40	48	0	2	0	2	-67	21881	5	1	1596	1478	216,216
1526393791.056420030	96	40	48	0	2	0	2	-67	21882	5	1	1596	1478	216,216
1526393791.068154478	96	40	48	0	2	0	2	-66	21883	5	1	1596	1478	216,216
1526393791.079870866	96	40	48	0	2	0	2	-67	21884	5	1	1596	1478	216,216
1526393791.091670736	96	40	48	0	2	0	2	-68	21885	5	1	1596	1478	216,216
1526393791.103387612	96	40	48	0	2	0	2	-67	21886	5	1	1596	1478	216,216
1526393791.115132510	96	40	48	0	2	0	2	-67	21887	5	1	1596	1478	216,216
1526393791.126949564	96	40	48	0	2	0	2	-68	21888	5	1	1596	1478	216,216
1526393791.138602739	96	40	48	0	2	0	2	-67	21889	5	1	1596	1478	216,216
1526393791.150402965	96	40	48	0	2	0	2	-67	21890	5	1	1596	1478	216,216
1526393791.162248759	96	40	48	0	2	0	2	-67	21891	5	1	1596	1478	216,216
1526393791.174023232	90	40	48	0	2	0	2	-67	21892	6	1	1596	1478	243,243
1526393791.185710233	96	40	48	0	2	0	2	-68	21893	5	1	1596	1478	216,216
1526393791.197503157	96	40	48	0	2	0	2	-68	21894	5	1	1596	1478	216,216
1526393791.209296198	96	40	48	0	2	0	2	-67	21895	5	1	1596	1478	216,216
1526393791.221050943	96	40	48	0	2	0	2	-68	21896	5	1	1596	1478	216,216
1526393791.232756723	90	40	48	0	2	0	2	-68	21897	6	1	1596	1478	243,243
1526393791.244891108	96	40	48	0	2	0	2	-67	21898	5	1	1596	1478	216,216
1526393791.256340165	96	40	48	0	2	0	2	-67	21899	5	1	1596	1478	216,216
1526393791.268103475	96	40	48	0	2	0	2	-67	21900	5	1	1596	1478	216,216
1526393791.279865154	96	40	48	0	2	0	2	-67	21901	5	1	1596	1478	216,216
1526393791.291518500	90	40	48	0	2	0	2	-67	21902	6	1	1596	1478	243,243
1526393791.303225076	90	40	48	0	2	0	2	-67	21903	6	1	1596	1478	243,243
1526393791.315085130	90	40	48	0	2	0	2	-67	21904	6	1	1596	1478	243,243
1526393791.326821669	90	40	48	0	2	0	2	-67	21905	6	1	1596	1478	243,243
1526393791.338634635	90	40	48	0	2	0	2	-67	21906	6	1	1596	1478	243,243
1526393791.350441820	85	40	48	0	2	0	2	-67	21907	7	1	1596	1478	270,270
1526393791.363255012	90	40	48	0	2	0	2	-67	21911	6	1	1596	1478	243,243
1526393791.373920720	90	40	48	0	2	0	2	-66	21912	6	1	1596	1478	243,243
1526393791.385682065	90	40	48	0	2	0	2	-67	21913	6	1	1596	1478	243,243
1526393791.398975681	96	40	48	0	2	0	2	-67	21917	5	1	1596	1478	216,216
1526393791.409227041	96	40	48	0	2	0	2	-67	21918	5	1	1596	1478	216,216
1526393791.421297702	96	40	48	0	2	0	2	-67	21920	5	1	1596	1478	216,216
1526393791.432729917	96	40	48	0	2	0	2	-67	21921	5	1	1596	1478	216,216
1526393791.444438611	96	40	48	0	2	0	2	-66	21922	5	1	1596	1478	216,216
1526393791.456168995	96	40	48	0	2	0	2	-66	21923	5	1	1596	1478	216,216
1526393791.468012507	96	40	48	0	2	0	2	-67	21924	5	1	1596	1478	216,216
1526393791.479789290	96	40	48	0	2	0	2	-67	21925	5	1	1596	1478	216,216
1526393791.496209491	115	40	48	0	2	0	2	-67	21928	4	1	1596	1478	162,162
1526393791.503327961	115	40	48	0	2	0	2	-67	21929	4	1	1596	1478	162,162
1526393791.515067653	115	40	48	0	2	0	2	-67	21930	4	1	1596	1478	162,162
1526393791.526824138	115	40	48	0	2	0	2	-67	21931	4	1	1596	1478	162,162
1526393791.538465659	115	40	48	0	2	0	2	-67	21932	4	1	1596	1478	162,162
1526393791.572063987	115	40	48	0	2	0	2	-67	21933	4	1	1596	1478	162,162
1526393791.572291531	115	40	48	0	2	0	2	-67	21934	4	1	1596	1478	162,162
1526393791.573888002	115	40	48	0	2	0	2	-67	21935	4	1	1596	1478	162,162
1526393791.585628947	108	40	48	0	1	1	2	-67	21936	9	1	1596	1478	180,180
1526393791.597383241	115	40	48	0	2	0	2	-68	21937	4	1	1596	1478	162,162
1526393791.609149194	115	40	48	0	2	0	2	-67	21938	4	1	1596	1478	162,162
1526393791.620835900	115	40	48	0	2	0	2	-67	21939	4	1	1596	1478	162,162
1526393791.632470320	115	40	48	0	2	0	2	-67	21940	4	1	1596	1478	162,162
1526393791.644338217	115	40	48	0	2	0	2	-67	21941	4	1	1596	1478	162,162
1526393791.656111684	96	40	48	0	2	0	2	-66	21942	5	1	1596	1478	216,216
1526393791.667846649	96	40	48	0	2	0	2	-67	21943	5	1	1596	1478	216,216
1526393791.679612190	96	40	48	0	2	0	2	-66	21944	5	1	1596	1478	216,216
1526393791.691457886	96	40	48	0	2	0	2	-66	21945	5	1	1596	1478	216,216
1526393791.703219794	96	40	48	0	2	0	2	-67	21946	5	1	1596	1478	216,216
1526393791.714861760	90	40	48	0	2	0	2	-67	21947	6	1	1596	1478	243,243
1526393791.727488102	90	40	48	0	2	0	2	-67	21949	6	1	1596	1478	243,243
1526393791.738494518	90	40	48	0	2	0	2	-67	21950	6	1	1596	1478	243,243
1526393791.750257074	90	40	48	0	2	0	2	-67	21951	6	1	1596	1478	243,243
1526393791.762022981	90	40	48	0	2	0	2	-67	21952	6	1	1596	1478	243,243
1526393791.775561084	96	40	48	0	2	0	2	-67	21954	5	1	1596	1478	216,216
1526393791.785528107	96	40	48	0	2	0	2	-67	21955	5	1	1596	1478	216,216
1526393791.797354332	96	40	48	0	2	0	2	-67	21956	5	1	1596	1478	216,216
1526393791.809724902	96	40	48	0	2	0	2	-67	21959	5	1	1596	1478	216,216
1526393791.821600478	96	40	48	0	2	0	2	-67	21962	5	1	1596	1478	216,216
1526393791.832469787	96	40	48	0	2	0	2	-67	21963	5	1	1596	1478	216,216
1526393791.844342893	96	40	48	0	2	0	2	-67	21964	5	1	1596	1478	216,216
1526393791.856091439	96	40	48	0	2	0	2	-67	21965	5	1	1596	1478	216,216
1526393791.867853100	96	40	48	0	2	0	2	-67	21966	5	1	1596	1478	216,216
1526393791.879911060	96	40	48	0	2	0	2	-67	21968	5	1	1596	1478	216,216
1526393791.891375334	96	40	48	0	2	0	2	-67	21969	5	1	1596	1478	216,216
1526393791.903089473	96	40	48	0	2	0	2	-68	21970	5	1	1596	1478	216,216
1526393791.914811226	96	40	48	0	2	0	2	-67	21971	5	1	1596	1478	216,216
1526393791.926542146	96	40	48	0	2	0	2	-67	21972	5	1	1596	1478	216,216
1526393791.938705153	96	40	48	0	2	0	2	-67	21974	5	1	1596	1478	216,216
1526393791.950035520	96	40	48	0	2	0	2	-67	21975	5	1	1596	1478	216,216
1526393791.961833970	96	40	48	0	2	0	2	-68	21976	5	1	1596	1478	216,216
1526393791.973559006	96	40	48	0	2	0	2	-67	21977	5	1	1596	1478	216,216
1526393791.985310490	96	40	48	0	2	0	2	-67	21978	5	1	1596	1478	216,216
1526393791.997077965	96	40	48	0	2	0	2	-67	21979	5	1	1596	1478	216,216
1526393792.008834937	96	40	48	0	2	0	2	-67	21980	5	1	1596	1478	216,216
1526393792.020607709	96	40	48	0	2	0	2	-67	21981	5	1	1596	1478	216,216
1526393792.032287133	96	40	48	0	2	0	2	-67	21982	5	1	1596	1478	216,216
1526393792.044112215	96	40	48	0	2	0	2	-67	21983	5	1	1596	1478	216,216
1526393792.055796533	96	40	48	0	2	0	2	-68	21984	5	1	1596	1478	216,216
1526393792.067728425	96	40	48	0	2	0	2	-67	21985	5	1	1596	1478	216,216
1526393792.080747954	115	40	48	0	2	0	2	-67	21987	4	1	1596	1478	162,162
1526393792.091178000	115	40	48	0	2	0	2	-67	21988	4	1	1596	1478	162,162
1526393792.102937433	115	40	48	0	2	0	2	-68	21989	4	1	1596	1478	162,162
1526393792.114569517	115	40	48	0	2	0	2	-67	21990	4	1	1596	1478	162,162
1526393792.126454754	115	40	48	0	2	0	2	-67	21991	4	1	1596	1478	162,162
1526393792.138137874	115	40	48	0	2	0	2	-67	21992	4	1	1596	1478	162,162
1526393792.149895638	115	40	48	0	2	0	2	-67	21993	4	1	1596	1478	162,162
1526393792.161741441	115	40	48	0	2	0	2	-67	21994	4	1	1596	1478	162,162
1526393792.173508996	96	40	48	0	2	0	2	-67	21995	5	1	1596	1478	216,216
1526393792.185242509	96	40	48	0	2	0	2	-66	21996	5	1	1596	1478	216,216
1526393792.196964542	96	40	48	0	2	0	2	-66	21997	5	1	1596	1478	216,216
1526393792.210307800	115	40	48	0	2	0	2	-66	22000	4	1	1596	1478	162,162
1526393792.220542138	115	40	48	0	2	0	2	-66	22001	4	1	1596	1478	162,162
1526393792.232314194	115	40	48	0	2	0	2	-66	22002	4	1	1596	1478	162,162
1526393792.244095904	115	40	48	0	2	0	2	-66	22003	4	1	1596	1478	162,162
1526393792.255829971	115	40	48	0	2	0	2	-66	22004	4	1	1596	1478	162,162
1526393792.267708269	115	40	48	0	2	0	2	-66	22005	4	1	1596	1478	162,162
1526393792.279341527	115	40	48	0	2	0	2	-67	22006	4	1	1596	1478	162,162
1526393792.291103977	115	40	48	0	2	0	2	-67	22007	4	1	1596	1478	162,162
1526393792.302840584	96	40	48	0	2	0	2	-66	22008	5	1	1596	1478	216,216
1526393792.315565759	96	40	48	0	2	0	2	-66	22011	5	1	1596	1478	216,216
1526393792.326712644	96	40	48	0	2	0	2	-66	22013	5	1	1596	1478	216,216
1526393792.338507912	96	40	48	0	2	0	2	-66	22015	5	1	1596	1478	216,216
1526393792.349890164	96	40	48	0	2	0	2	-66	22016	5	1	1596	1478	216,216
1526393792.361996929	96	40	48	0	2	0	2	-66	22018	5	1	1596	1478	216,216
1526393792.373424049	96	40	48	0	2	0	2	-66	22019	5	1	1596	1478	216,216
1526393792.385169851	96	40	48	0	2	0	2	-66	22020	5	1	1596	1478	216,216
1526393792.396924320	96	40	48	0	2	0	2	-67	22021	5	1	1596	1478	216,216
1526393792.408698115	96	40	48	0	2	0	2	-66	22022	5	1	1596	1478	216,216
1526393792.420459996	96	40	48	0	2	0	2	-66	22023	5	1	1596	1478	216,216
1526393792.432201585	96	40	48	0	2	0	2	-66	22024	5	1	1596	1478	216,216
1526393792.444362672	96	40	48	0	2	0	2	-66	22025	5	1	1596	1478	216,216
1526393792.455721385	96	40	48	0	2	0	2	-66	22026	5	1	1596	1478	216,216
1526393792.467483680	96	40	48	0	2	0	2	-66	22027	5	1	1596	1478	216,216
1526393792.479269734	96	40	48	0	2	0	2	-65	22028	5	1	1596	1478	216,216
1526393792.490990878	96	40	48	0	2	0	2	-65	22029	5	1	1596	1478	216,216
1526393792.502761938	96	40	48	0	2	0	2	-65	22030	5	1	1596	1478	216,216
1526393792.514511815	96	40	48	0	2	0	2	-65	22031	5	1	1596	1478	216,216
1526393792.526269900	90	40	48	0	2	0	2	-65	22032	6	1	1596	1478	243,243
1526393792.538065958	96	40	48	0	2	0	2	-66	22033	5	1	1596	1478	216,216
1526393792.549805936	96	40	48	0	2	0	2	-66	22034	5	1	1596	1478	216,216
1526393792.561564329	96	40	48	0	2	0	2	-66	22035	5	1	1596	1478	216,216
1526393792.574079716	96	40	48	0	2	0	2	-66	22036	5	1	1596	1478	216,216
1526393792.585103088	90	40	48	0	2	0	2	-66	22037	6	1	1596	1478	243,243
1526393792.596935259	96	40	48	0	2	0	2	-66	22038	5	1	1596	1478	216,216
1526393792.608715559	96	40	48	0	2	0	2	-67	22039	5	1	1596	1478	216,216
1526393792.620478033	96	40	48	0	2	0	2	-66	22040	5	1	1596	1478	216,216
1526393792.632087445	96	40	48	0	2	0	2	-66	22041	5	1	1596	1478	216,216
1526393792.643892986	90	40	48	0	2	0	2	-67	22042	6	1	1596	1478	243,243
1526393792.655822076	90	40	48	0	2	0	2	-67	22043	6	1	1596	1478	243,243
1526393792.669345993	96	40	48	0	2	0	2	-67	22048	5	1	1596	1478	216,216
1526393792.679301253	96	40	48	0	2	0	2	-67	22049	5	1	1596	1478	216,216
1526393792.691047369	96	40	48	0	2	0	2	-67	22050	5	1	1596	1478	216,216
1526393792.702821887	96	40	48	0	2	0	2	-67	22051	5	1	1596	1478	216,216
1526393792.714564070	96	40	48	0	2	0	2	-66	22052	5	1	1596	1478	216,216
1526393792.726337371	96	40	48	0	2	0	2	-66	22053	5	1	1596	1478	216,216
1526393792.738070925	96	40	48	0	2	0	2	-66	22054	5	1	1596	1478	216,216
1526393792.751815709	96	40	48	0	2	0	2	-66	22057	5	1	1596	1478	216,216
1526393792.761590261	90	40	48	0	2	0	2	-66	22058	6	1	1596	1478	243,243
1526393792.773381707	96	40	48	0	2	0	2	-66	22059	5	1	1596	1478	216,216
1526393792.785090389	96	40	48	0	2	0	2	-66	22060	5	1	1596	1478	216,216
1526393792.796903611	96	40	48	0	2	0	2	-66	22061	5	1	1596	1478	216,216
1526393792.808656436	96	40	48	0	2	0	2	-66	22062	5	1	1596	1478	216,216
1526393792.820767482	96	40	48	0	2	0	2	-66	22063	5	1	1596	1478	216,216
1526393792.832050638	96	40	48	0	2	0	2	-65	22064	5	1	1596	1478	216,216
1526393792.843944582	96	40	48	0	2	0	2	-65	22065	5	1	1596	1478	216,216
1526393792.855699966	96	40	48	0	2	0	2	-66	22066	5	1	1596	1478	216,216
1526393792.867397588	96	40	48	0	2	0	2	-65	22067	5	1	1596	1478	216,216
1526393792.879121116	96	40	48	0	2	0	2	-66	22068	5	1	1596	1478	216,216
1526393792.890881628	96	40	48	0	2	0	2	-66	22069	5	1	1596	1478	216,216
1526393792.902615130	96	40	48	0	2	0	2	-66	22070	5	1	1596	1478	216,216
1526393792.914375314	96	40	48	0	2	0	2	-66	22071	5	1	1596	1478	216,216
1526393792.926130567	96	40	48	0	2	0	2	-66	22072	5	1	1596	1478	216,216
1526393792.937862874	96	40	48	0	2	0	2	-66	22073	5	1	1596	1478	216,216
1526393792.949654136	96	40	48	0	2	0	2	-67	22074	5	1	1596	1478	216,216
1526393792.961413955	96	40	48	0	2	0	2	-67	22075	5	1	1596	1478	216,216
1526393792.973137783	96	40	48	0	2	0	2	-67	22076	5	1	1596	1478	216,216
1526393792.984944114	90	40	48	0	2	0	2	-67	22077	6	1	1596	1478	243,243
1526393792.996684081	96	40	48	0	2	0	2	-67	22078	5	1	1596	1478	216,216
1526393793.008465103	96	40	48	0	2	0	2	-68	22079	5	1	1596	1478	216,216
1526393793.023286144	115	40	48	0	2	0	2	-67	22080	4	1	1596	1478	162,162
1526393793.031887079	115	40	48	0	2	0	2	-67	22081	4	1	1596	1478	162,162
1526393793.043738391	115	40	48	0	2	0	2	-67	22082	4	1	1596	1478	162,162
1526393793.055506378	115	40	48	0	2	0	2	-67	22083	4	1	1596	1478	162,162
1526393793.067259928	115	40	48	0	2	0	2	-66	22084	4	1	1596	1478	162,162
1526393793.078937711	115	40	48	0	2	0	2	-66	22085	4	1	1596	1478	162,162
1526393793.090652962	115	40	48	0	2	0	2	-66	22086	4	1	1596	1478	162,162
1526393793.102451344	115	40	48	0	2	0	2	-67	22087	4	1	1596	1478	162,162
1526393793.114664989	115	40	48	0	2	0	2	-67	22089	4	1	1596	1478	162,162
1526393793.126053114	115	40	48	0	2	0	2	-66	22090	4	1	1596	1478	162,162
1526393793.137686950	115	40	48	0	2	0	2	-66	22091	4	1	1596	1478	162,162
1526393793.149844667	115	40	48	0	2	0	2	-66	22092	4	1	1596	1478	162,162
1526393793.161331115	108	40	48	0	1	1	2	-66	22093	9	1	1596	1478	180,180
1526393793.173114537	115	40	48	0	2	0	2	-66	22094	4	1	1596	1478	162,162
1526393793.184860520	115	40	48	0	2	0	2	-65	22095	4	1	1596	1478	162,162
1526393793.196653452	115	40	48	0	2	0	2	-65	22096	4	1	1596	1478	162,162
1526393793.208404311	115	40	48	0	2	0	2	-66	22097	4	1	1596	1478	162,162
1526393793.220098331	115	40	48	0	2	0	2	-66	22098	4	1	1596	1478	162,162
1526393793.231645943	115	40	48	0	2	0	2	-66	22100	4	1	1596	1478	162,162
1526393793.243650856	115	40	48	0	2	0	2	-66	22101	4	1	1596	1478	162,162
1526393793.255426629	115	40	48	0	2	0	2	-67	22102	4	1	1596	1478	162,162
1526393793.267176088	115	40	48	0	2	0	2	-67	22103	4	1	1596	1478	162,162
1526393793.278920459	96	40	48	0	2	0	2	-67	22104	5	1	1596	1478	216,216
1526393793.292287190	115	40	48	0	2	0	2	-68	22105	4	1	1596	1478	162,162
1526393793.302546178	115	40	48	0	2	0	2	-67	22106	4	1	1596	1478	162,162
1526393793.314360518	115	40	48	0	2	0	2	-67	22107	4	1	1596	1478	162,162
1526393793.326089785	115	40	48	0	2	0	2	-66	22108	4	1	1596	1478	162,162
1526393793.337881710	115	40	48	0	2	0	2	-66	22109	4	1	1596	1478	162,162
1526393793.349623271	115	40	48	0	2	0	2	-68	22110	4	1	1596	1478	162,162
1526393793.361341815	115	40	48	0	2	0	2	-68	22111	4	1	1596	1478	162,162
1526393793.373148982	115	40	48	0	2	0	2	-67	22112	4	1	1596	1478	162,162
1526393793.385292931	115	40	48	0	2	0	2	-66	22114	4	1	1596	1478	162,162
1526393793.396697847	115	40	48	0	2	0	2	-66	22115	4	1	1596	1478	162,162
1526393793.408431569	115	40	48	0	2	0	2	-67	22116	4	1	1596	1478	162,162
1526393793.420091064	115	40	48	0	2	0	2	-66	22117	4	1	1596	1478	162,162
1526393793.431929312	108	40	48	0	1	1	2	-66	22118	9	1	1596	1478	180,180
1526393793.443632803	115	40	48	0	2	0	2	-66	22119	4	1	1596	1478	162,162
1526393793.455487605	115	40	48	0	2	0	2	-67	22120	4	1	1596	1478	162,162
1526393793.467926541	115	40	48	0	2	0	2	-66	22121	4	1	1596	1478	162,162
1526393793.478985424	115	40	48	0	2	0	2	-66	22122	4	1	1596	1478	162,162
1526393793.490670020	115	40	48	0	2	0	2	-66	22123	4	1	1596	1478	162,162
1526393793.502521502	101	40	48	1	1	1	2	-67	22124	9	1	1596	1478	200,200
1526393793.514270239	115	40	48	0	2	0	2	-65	22125	4	1	1596	1478	162,162
1526393793.526041363	115	40	48	0	2	0	2	-66	22126	4	1	1596	1478	162,162
1526393793.537797016	115	40	48	0	2	0	2	-65	22127	4	1	1596	1478	162,162
1526393793.549547828	115	40	48	0	2	0	2	-65	22128	4	1	1596	1478	162,162
1526393793.561316201	96	40	48	0	2	0	2	-65	22129	5	1	1596	1478	216,216
1526393793.573050484	96	40	48	0	2	0	2	-66	22130	5	1	1596	1478	216,216
1526393793.584849641	96	40	48	0	2	0	2	-66	22131	5	1	1596	1478	216,216
1526393793.596430186	96	40	48	0	2	0	2	-66	22132	5	1	1596	1478	216,216
1526393793.608174793	96	40	48	0	2	0	2	-66	22133	5	1	1596	1478	216,216
1526393793.620021740	90	40	48	0	2	0	2	-66	22134	6	1	1596	1478	243,243
1526393793.631772451	90	40	48	0	2	0	2	-66	22135	6	1	1596	1478	243,243
1526393793.643473047	90	40	48	0	2	0	2	-66	22136	6	1	1596	1478	243,243
1526393793.655382150	90	40	48	0	2	0	2	-65	22137	6	1	1596	1478	243,243
1526393793.667117886	90	40	48	0	2	0	2	-65	22138	6	1	1596	1478	243,243
1526393793.679291662	90	40	48	0	2	0	2	-66	22139	6	1	1596	1478	243,243
1526393793.690648392	90	40	48	0	2	0	2	-66	22140	6	1	1596	1478	243,243
1526393793.702444052	90	40	48	0	2	0	2	-66	22141	6	1	1596	1478	243,243
1526393793.714077530	90	40	48	0	2	0	2	-66	22142	6	1	1596	1478	243,243
1526393793.726223605	90	40	48	0	2	0	2	-66	22144	6	1	1596	1478	243,243
1526393793.737680703	90	40	48	0	2	0	2	-66	22145	6	1	1596	1478	243,243
1526393793.749293289	90	40	48	0	2	0	2	-66	22146	6	1	1596	1478	243,243
1526393793.761968851	90	40	48	0	2	0	2	-66	22148	6	1	1596	1478	243,243
1526393793.772963326	90	40	48	0	2	0	2	-66	22149	6	1	1596	1478	243,243
1526393793.784744472	90	40	48	0	2	0	2	-66	22150	6	1	1596	1478	243,243
1526393793.796361469	90	40	48	0	2	0	2	-65	22151	6	1	1596	1478	243,243
1526393793.809949928	96	40	48	0	2	0	2	-65	22153	5	1	1596	1478	216,216
1526393793.819992857	96	40	48	0	2	0	2	-66	22154	5	1	1596	1478	216,216
1526393793.831848510	96	40	48	0	2	0	2	-65	22155	5	1	1596	1478	216,216
1526393793.843535695	96	40	48	0	2	0	2	-65	22156	5	1	1596	1478	216,216
1526393793.855228116	96	40	48	0	2	0	2	-65	22157	5	1	1596	1478	216,216
1526393793.866907339	96	40	48	0	2	0	2	-65	22158	5	1	1596	1478	216,216
1526393793.878837090	96	40	48	0	2	0	2	-66	22159	5	1	1596	1478	216,216
1526393793.890569447	96	40	48	0	2	0	2	-66	22160	5	1	1596	1478	216,216
1526393793.902700673	96	40	48	0	2	0	2	-66	22162	5	1	1596	1478	216,216
1526393793.914114455	96	40	48	0	2	0	2	-66	22163	5	1	1596	1478	216,216
1526393793.925859452	96	40	48	0	2	0	2	-67	22164	5	1	1596	1478	216,216
1526393793.937671809	96	40	48	0	2	0	2	-67	22165	5	1	1596	1478	216,216
1526393793.949360341	96	40	48	0	2	0	2	-66	22166	5	1	1596	1478	216,216
1526393793.961129414	96	40	48	0	2	0	2	-66	22167	5	1	1596	1478	216,216
1526393793.972888820	96	40	48	0	2	0	2	-66	22168	5	1	1596	1478	216,216
1526393793.987587056	115	40	48	0	2	0	2	-66	22172	4	1	1596	1478	162,162
1526393793.996422411	115	40	48	0	2	0	2	-67	22173	4	1	1596	1478	162,162
1526393794.008519197	115	40	48	0	2	0	2	-66	22174	4	1	1596	1478	162,162
1526393794.019955939	115	40	48	0	2	0	2	-66	22175	4	1	1596	1478	162,162
1526393794.031618624	115	40	48	0	2	0	2	-66	22176	4	1	1596	1478	162,162
1526393794.043483333	115	40	48	0	2	0	2	-66	22177	4	1	1596	1478	162,162
1526393794.055225497	115	40	48	0	2	0	2	-66	22178	4	1	1596	1478	162,162
1526393794.066996833	115	40	48	0	2	0	2	-66	22179	4	1	1596	1478	162,162
1526393794.078782184	96	40	48	0	2	0	2	-66	22180	5	1	1596	1478	216,216
1526393794.090482426	96	40	48	0	2	0	2	-66	22181	5	1	1596	1478	216,216
1526393794.102183767	96	40	48	0	2	0	2	-66	22182	5	1	1596	1478	216,216
1526393794.113930220	96	40	48	0	2	0	2	-66	22183	5	1	1596	1478	216,216
1526393794.125683027	96	40	48	0	2	0	2	-65	22184	5	1	1596	1478	216,216
1526393794.137897006	96	40	48	0	2	0	2	-65	22185	5	1	1596	1478	216,216
1526393794.149291140	96	40	48	0	2	0	2	-66	22186	5	1	1596	1478	216,216
1526393794.161081901	96	40	48	0	2	0	2	-66	22187	5	1	1596	1478	216,216
1526393794.172800776	96	40	48	0	2	0	2	-66	22188	5	1	1596	1478	216,216
1526393794.184810100	96	40	48	0	2	0	2	-66	22189	5	1	1596	1478	216,216
1526393794.196245237	96	40	48	0	2	0	2	-66	22190	5	1	1596	1478	216,216
1526393794.208036930	96	40	48	0	2	0	2	-66	22191	5	1	1596	1478	216,216
1526393794.219873333	96	40	48	0	2	0	2	-66	22192	5	1	1596	1478	216,216
1526393794.231620438	96	40	48	0	2	0	2	-66	22193	5	1	1596	1478	216,216
1526393794.243309159	96	40	48	0	2	0	2	-66	22194	5	1	1596	1478	216,216
1526393794.255124881	96	40	48	0	2	0	2	-66	22195	5	1	1596	1478	216,216
1526393794.266880417	96	40	48	0	2	0	2	-66	22196	5	1	1596	1478	216,216
1526393794.278642280	96	40	48	0	2	0	2	-66	22197	5	1	1596	1478	216,216
1526393794.290409473	96	40	48	0	2	0	2	-66	22198	5	1	1596	1478	216,216
1526393794.302649989	96	40	48	0	2	0	2	-66	22200	5	1	1596	1478	216,216
1526393794.313948976	96	40	48	0	2	0	2	-65	22201	5	1	1596	1478	216,216
1526393794.326391483	96	40	48	0	2	0	2	-65	22203	5	1	1596	1478	216,216
1526393794.337458049	96	40	48	0	2	0	2	-66	22204	5	1	1596	1478	216,216
1526393794.349219160	96	40	48	0	2	0	2	-66	22205	5	1	1596	1478	216,216
1526393794.361353951	96	40	48	0	2	0	2	-65	22207	5	1	1596	1478	216,216
1526393794.374183357	115	40	48	0	2	0	2	-65	22211	4	1	1596	1478	162,162
1526393794.384542079	115	40	48	0	2	0	2	-65	22212	4	1	1596	1478	162,162
1526393794.396192536	115	40	48	0	2	0	2	-65	22213	4	1	1596	1478	162,162
1526393794.408037000	115	40	48	0	2	0	2	-66	22214	4	1	1596	1478	162,162
1526393794.419810892	115	40	48	0	2	0	2	-66	22215	4	1	1596	1478	162,162
1526393794.431570565	115	40	48	0	2	0	2	-66	22216	4	1	1596	1478	162,162
1526393794.443343869	115	40	48	0	2	0	2	-65	22217	4	1	1596	1478	162,162
1526393794.455091559	115	40	48	0	2	0	2	-65	22218	4	1	1596	1478	162,162
1526393794.466817836	96	40	48	0	2	0	2	-66	22219	5	1	1596	1478	216,216
1526393794.478567575	96	40	48	0	2	0	2	-66	22220	5	1	1596	1478	216,216
1526393794.490344965	96	40	48	0	2	0	2	-66	22221	5	1	1596	1478	216,216
1526393794.502092016	96	40	48	0	2	0	2	-65	22222	5	1	1596	1478	216,216
1526393794.513844069	96	40	48	0	2	0	2	-65	22223	5	1	1596	1478	216,216
1526393794.526463455	96	40	48	0	2	0	2	-65	22225	5	1	1596	1478	216,216
1526393794.538764306	115	40	48	0	2	0	2	-66	22229	4	1	1596	1478	162,162
1526393794.549078455	115	40	48	0	2	0	2	-66	22230	4	1	1596	1478	162,162
1526393794.560931669	115	40	48	0	2	0	2	-66	22231	4	1	1596	1478	162,162
1526393794.572694131	115	40	48	0	2	0	2	-66	22232	4	1	1596	1478	162,162
1526393794.584362021	115	40	48	0	2	0	2	-65	22233	4	1	1596	1478	162,162
1526393794.596123108	115	40	48	0	2	0	2	-65	22234	4	1	1596	1478	162,162
1526393794.607862059	115	40	48	0	2	0	2	-65	22235	4	1	1596	1478	162,162
1526393794.619607085	115	40	48	0	2	0	2	-65	22236	4	1	1596	1478	162,162
1526393794.631390081	101	40	48	1	1	1	2	-65	22237	9	1	1596	1478	200,200
1526393794.643143203	115	40	48	0	2	0	2	-66	22238	4	1	1596	1478	162,162
1526393794.654867959	115	40	48	0	2	0	2	-65	22239	4	1	1596	1478	162,162
1526393794.666743210	115	40	48	0	2	0	2	-66	22240	4	1	1596	1478	162,162
1526393794.678509601	115	40	48	0	2	0	2	-66	22241	4	1	1596	1478	162,162
1526393794.690680199	115	40	48	0	2	0	2	-66	22243	4	1	1596	1478	162,162
1526393794.701939842	115	40	48	0	2	0	2	-65	22244	4	1	1596	1478	162,162
1526393794.713778650	115	40	48	0	2	0	2	-66	22245	4	1	1596	1478	162,162
1526393794.725573375	115	40	48	0	2	0	2	-66	22246	4	1	1596	1478	162,162
1526393794.737307437	101	40	48	1	1	1	2	-66	22247	9	1	1596	1478	200,200
1526393794.749506463	115	40	48	0	2	0	2	-66	22248	4	1	1596	1478	162,162
1526393794.760756203	115	40	48	0	2	0	2	-66	22249	4	1	1596	1478	162,162
1526393794.772586180	115	40	48	0	2	0	2	-66	22250	4	1	1596	1478	162,162
1526393794.784364939	115	40	48	0	2	0	2	-66	22251	4	1	1596	1478	162,162
1526393794.796123849	115	40	48	0	2	0	2	-66	22252	4	1	1596	1478	162,162
1526393794.807788160	101	40	48	1	1	1	2	-66	22253	9	1	1596	1478	200,200
1526393794.819588521	115	40	48	0	2	0	2	-66	22254	4	1	1596	1478	162,162
1526393794.831369816	115	40	48	0	2	0	2	-66	22255	4	1	1596	1478	162,162
1526393794.843025137	115	40	48	0	2	0	2	-66	22256	4	1	1596	1478	162,162
1526393794.854782456	115	40	48	0	2	0	2	-66	22257	4	1	1596	1478	162,162
1526393794.866918421	115	40	48	0	2	0	2	-66	22259	4	1	1596	1478	162,162
1526393794.878300876	115	40	48	0	2	0	2	-66	22260	4	1	1596	1478	162,162
1526393794.890058541	115	40	48	0	2	0	2	-66	22261	4	1	1596	1478	162,162
1526393794.902018163	115	40	48	0	2	0	2	-66	22262	4	1	1596	1478	162,162
1526393794.913437614	101	40	48	1	1	1	2	-66	22263	9	1	1596	1478	200,200
1526393794.925314845	101	40	48	1	1	1	2	-65	22264	9	1	1596	1478	200,200
1526393794.937201661	101	40	48	1	1	1	2	-65	22265	9	1	1596	1478	200,200
1526393794.948971087	101	40	48	1	1	1	2	-65	22266	9	1	1596	1478	200,200
1526393794.961109423	101	40	48	1	1	1	2	-65	22268	9	1	1596	1478	200,200
1526393794.972935085	101	40	48	1	1	1	2	-65	22270	9	1	1596	1478	200,200
1526393794.984265142	101	40	48	1	1	1	2	-65	22271	9	1	1596	1478	200,200
1526393794.996007725	101	40	48	1	1	1	2	-65	22272	9	1	1596	1478	200,200
1526393795.007771824	101	40	48	1	1	1	2	-65	22273	9	1	1596	1478	200,200
1526393795.019541814	101	40	48	1	1	1	2	-66	22274	9	1	1596	1478	200,200
1526393795.031445189	101	40	48	1	1	1	2	-66	22275	9	1	1596	1478	200,200
1526393795.043047920	101	40	48	1	1	1	2	-66	22276	9	1	1596	1478	200,200
1526393795.055189204	101	40	48	1	1	1	2	-66	22277	9	1	1596	1478	200,200
1526393795.066561382	101	40	48	1	1	1	2	-65	22278	9	1	1596	1478	200,200
1526393795.078336016	101	40	48	1	1	1	2	-65	22279	9	1	1596	1478	200,200
1526393795.090103183	101	40	48	1	1	1	2	-65	22280	9	1	1596	1478	200,200
1526393795.101868932	101	40	48	1	1	1	2	-65	22281	9	1	1596	1478	200,200
1526393795.113631689	101	40	48	1	1	1	2	-66	22282	9	1	1596	1478	200,200
1526393795.125271228	101	40	48	1	1	1	2	-66	22283	9	1	1596	1478	200,200
1526393795.137443971	101	40	48	1	1	1	2	-66	22285	9	1	1596	1478	200,200
1526393795.148748196	101	40	48	1	1	1	2	-66	22286	9	1	1596	1478	200,200
1526393795.160536903	101	40	48	1	1	1	2	-65	22287	9	1	1596	1478	200,200
1526393795.172424293	101	40	48	1	1	1	2	-65	22288	9	1	1596	1478	200,200
1526393795.184198328	101	40	48	1	1	1	2	-66	22289	9	1	1596	1478	200,200
1526393795.195861740	101	40	48	1	1	1	2	-65	22290	9	1	1596	1478	200,200
1526393795.207695689	101	40	48	1	1	1	2	-65	22291	9	1	1596	1478	200,200
1526393795.219847099	101	40	48	1	1	1	2	-65	22293	9	1	1596	1478	200,200
1526393795.231237253	101	40	48	1	1	1	2	-66	22294	9	1	1596	1478	200,200
1526393795.242984801	101	40	48	1	1	1	2	-65	22295	9	1	1596	1478	200,200
1526393795.254739418	101	40	48	1	1	1	2	-65	22296	9	1	1596	1478	200,200
1526393795.266381016	101	40	48	1	1	1	2	-66	22297	9	1	1596	1478	200,200
1526393795.278272331	101	40	48	1	1	1	2	-66	22298	9	1	1596	1478	200,200
1526393795.290032330	101	40	48	1	1	1	2	-66	22299	9	1	1596	1478	200,200
1526393795.301801460	101	40	48	1	1	1	2	-66	22300	9	1	1596	1478	200,200
1526393795.313517777	96	40	48	0	2	0	2	-66	22301	5	1	1596	1478	216,216
1526393795.325303491	101	40	48	1	1	1	2	-66	22302	9	1	1596	1478	200,200
1526393795.337055249	101	40	48	1	1	1	2	-66	22303	9	1	1596	1478	200,200
1526393795.348846914	101	40	48	1	1	1	2	-66	22304	9	1	1596	1478	200,200
1526393795.360946893	101	40	48	1	1	1	2	-66	22306	9	1	1596	1478	200,200
1526393795.372234165	96	40	48	0	2	0	2	-66	22307	5	1	1596	1478	216,216
1526393795.384082432	101	40	48	1	1	1	2	-66	22308	9	1	1596	1478	200,200
1526393795.395878619	101	40	48	1	1	1	2	-66	22309	9	1	1596	1478	200,200
1526393795.407557068	101	40	48	1	1	1	2	-66	22310	9	1	1596	1478	200,200
1526393795.419315961	101	40	48	1	1	1	2	-66	22311	9	1	1596	1478	200,200
1526393795.431127927	96	40	48	0	2	0	2	-66	22312	5	1	1596	1478	216,216
1526393795.442880515	101	40	48	1	1	1	2	-66	22313	9	1	1596	1478	200,200
1526393795.454700399	101	40	48	1	1	1	2	-66	22314	9	1	1596	1478	200,200
1526393795.466455853	101	40	48	1	1	1	2	-66	22315	9	1	1596	1478	200,200
1526393795.478225073	101	40	48	1	1	1	2	-66	22316	9	1	1596	1478	200,200
1526393795.490628094	101	40	48	1	1	1	2	-66	22318	9	1	1596	1478	200,200
1526393795.501744423	101	40	48	1	1	1	2	-66	22319	9	1	1596	1478	200,200
1526393795.513512493	101	40	48	1	1	1	2	-66	22320	9	1	1596	1478	200,200
1526393795.525262058	101	40	48	1	1	1	2	-66	22321	9	1	1596	1478	200,200
1526393795.536812131	96	40	48	0	2	0	2	-66	22322	5	1	1596	1478	216,216
1526393795.550257934	101	40	48	1	1	1	2	-66	22327	9	1	1596	1478	200,200
1526393795.560465247	101	40	48	1	1	1	2	-66	22328	9	1	1596	1478	200,200
1526393795.572060005	101	40	48	1	1	1	2	-66	22329	9	1	1596	1478	200,200
1526393795.583829319	101	40	48	1	1	1	2	-66	22330	9	1	1596	1478	200,200
1526393795.595677574	101	40	48	1	1	1	2	-66	22331	9	1	1596	1478	200,200
1526393795.607363504	101	40	48	1	1	1	2	-66	22332	9	1	1596	1478	200,200
1526393795.619128550	101	40	48	1	1	1	2	-66	22333	9	1	1596	1478	200,200
1526393795.630976055	101	40	48	1	1	1	2	-66	22334	9	1	1596	1478	200,200
1526393795.643116804	101	40	48	1	1	1	2	-66	22336	9	1	1596	1478	200,200
1526393795.654557812	101	40	48	1	1	1	2	-65	22337	9	1	1596	1478	200,200
1526393795.666178071	101	40	48	1	1	1	2	-66	22338	9	1	1596	1478	200,200
1526393795.677846556	101	40	48	1	1	1	2	-66	22339	9	1	1596	1478	200,200
1526393795.689820558	101	40	48	1	1	1	2	-66	22340	9	1	1596	1478	200,200
1526393795.701909323	101	40	48	1	1	1	2	-66	22341	9	1	1596	1478	200,200
1526393795.713199356	101	40	48	1	1	1	2	-66	22342	9	1	1596	1478	200,200
1526393795.725469860	101	40	48	1	1	1	2	-66	22344	9	1	1596	1478	200,200
1526393795.736760742	101	40	48	1	1	1	2	-65	22345	9	1	1596	1478	200,200
1526393795.748546057	101	40	48	1	1	1	2	-65	22346	9	1	1596	1478	200,200
1526393795.760416198	101	40	48	1	1	1	2	-66	22347	9	1	1596	1478	200,200
1526393795.772186195	101	40	48	1	1	1	2	-65	22348	9	1	1596	1478	200,200
1526393795.784237364	101	40	48	1	1	1	2	-66	22350	9	1	1596	1478	200,200
1526393795.795501587	101	40	48	1	1	1	2	-65	22351	9	1	1596	1478	200,200
1526393795.807747281	101	40	48	1	1	1	2	-65	22353	9	1	1596	1478	200,200
1526393795.819114243	101	40	48	1	1	1	2	-66	22354	9	1	1596	1478	200,200
1526393795.830843731	101	40	48	1	1	1	2	-66	22355	9	1	1596	1478	200,200
1526393795.842603535	101	40	48	1	1	1	2	-65	22356	9	1	1596	1478	200,200
1526393795.854401184	101	40	48	1	1	1	2	-66	22357	9	1	1596	1478	200,200
1526393795.866119385	101	40	48	1	1	1	2	-65	22358	9	1	1596	1478	200,200
1526393795.877895400	101	40	48	1	1	1	2	-66	22359	9	1	1596	1478	200,200
1526393795.889652957	96	40	48	0	2	0	2	-66	22360	5	1	1596	1478	216,216
1526393795.901773447	101	40	48	1	1	1	2	-66	22362	9	1	1596	1478	200,200
1526393795.913147370	101	40	48	1	1	1	2	-66	22363	9	1	1596	1478	200,200
1526393795.925571717	101	40	48	1	1	1	2	-66	22364	9	1	1596	1478	200,200
1526393795.936689104	101	40	48	1	1	1	2	-65	22365	9	1	1596	1478	200,200
1526393795.948826690	101	40	48	1	1	1	2	-66	22367	9	1	1596	1478	200,200
1526393795.960240577	101	40	48	1	1	1	2	-66	22368	9	1	1596	1478	200,200
1526393795.971974205	101	40	48	1	1	1	2	-66	22369	9	1	1596	1478	200,200
1526393795.983714085	101	40	48	1	1	1	2	-66	22370	9	1	1596	1478	200,200
1526393795.995474541	96	40	48	0	2	0	2	-66	22371	5	1	1596	1478	216,216
1526393796.007257517	101	40	48	1	1	1	2	-66	22372	9	1	1596	1478	200,200
1526393796.019023916	101	40	48	1	1	1	2	-66	22373	9	1	1596	1478	200,200
1526393796.030694709	101	40	48	1	1	1	2	-65	22374	9	1	1596	1478	200,200
1526393796.042521141	101	40	48	1	1	1	2	-65	22375	9	1	1596	1478	200,200
1526393796.055812711	101	40	48	1	1	1	2	-65	22377	9	1	1596	1478	200,200
1526393796.066060358	101	40	48	1	1	1	2	-65	22378	9	1	1596	1478	200,200
1526393796.077802576	101	40	48	1	1	1	2	-66	22379	9	1	1596	1478	200,200
1526393796.089574041	101	40	48	1	1	1	2	-65	22380	9	1	1596	1478	200,200
1526393796.101724818	101	40	48	1	1	1	2	-66	22381	9	1	1596	1478	200,200
1526393796.113083435	101	40	48	1	1	1	2	-66	22382	9	1	1596	1478	200,200
1526393796.124944310	101	40	48	1	1	1	2	-66	22383	9	1	1596	1478	200,200
1526393796.136698125	101	40	48	1	1	1	2	-66	22384	9	1	1596	1478	200,200
1526393796.148472545	101	40	48	1	1	1	2	-66	22385	9	1	1596	1478	200,200
1526393796.160147943	101	40	48	1	1	1	2	-66	22386	9	1	1596	1478	200,200
1526393796.171869176	101	40	48	1	1	1	2	-66	22387	9	1	1596	1478	200,200
1526393796.184174333	101	40	48	1	1	1	2	-66	22389	9	1	1596	1478	200,200
1526393796.195558025	101	40	48	1	1	1	2	-66	22390	9	1	1596	1478	200,200
1526393796.207214763	101	40	48	1	1	1	2	-66	22391	9	1	1596	1478	200,200
1526393796.218967428	101	40	48	1	1	1	2	-66	22392	9	1	1596	1478	200,200
1526393796.230719481	101	40	48	1	1	1	2	-66	22393	9	1	1596	1478	200,200
1526393796.242441115	101	40	48	1	1	1	2	-66	22394	9	1	1596	1478	200,200
1526393796.254175853	101	40	48	1	1	1	2	-66	22395	9	1	1596	1478	200,200
1526393796.266513835	101	40	48	1	1	1	2	-66	22397	9	1	1596	1478	200,200
1526393796.277894808	101	40	48	1	1	1	2	-66	22398	9	1	1596	1478	200,200
1526393796.289616397	101	40	48	1	1	1	2	-66	22399	9	1	1596	1478	200,200
1526393796.301381838	101	40	48	1	1	1	2	-66	22400	9	1	1596	1478	200,200
1526393796.313139550	101	40	48	1	1	1	2	-66	22401	9	1	1596	1478	200,200
1526393796.324918657	101	40	48	1	1	1	2	-66	22402	9	1	1596	1478	200,200
1526393796.336678431	101	40	48	1	1	1	2	-66	22403	9	1	1596	1478	200,200
1526393796.348437480	101	40	48	1	1	1	2	-66	22404	9	1	1596	1478	200,200
1526393796.360600335	101	40	48	1	1	1	2	-66	22406	9	1	1596	1478	200,200
1526393796.371873085	101	40	48	1	1	1	2	-65	22407	9	1	1596	1478	200,200
1526393796.383733018	101	40	48	1	1	1	2	-66	22408	9	1	1596	1478	200,200
1526393796.395471108	101	40	48	1	1	1	2	-66	22409	9	1	1596	1478	200,200
1526393796.407220825	101	40	48	1	1	1	2	-65	22410	9	1	1596	1478	200,200
1526393796.418974766	101	40	48	1	1	1	2	-66	22411	9	1	1596	1478	200,200
1526393796.430732534	101	40	48	1	1	1	2	-66	22412	9	1	1596	1478	200,200
1526393796.442882763	101	40	48	1	1	1	2	-66	22413	9	1	1596	1478	200,200
1526393796.454260616	101	40	48	1	1	1	2	-66	22414	9	1	1596	1478	200,200
1526393796.466015191	101	40	48	1	1	1	2	-66	22415	9	1	1596	1478	200,200
1526393796.477783008	101	40	48	1	1	1	2	-66	22416	9	1	1596	1478	200,200
1526393796.489546194	101	40	48	1	1	1	2	-66	22417	9	1	1596	1478	200,200
1526393796.501291676	101	40	48	1	1	1	2	-66	22418	9	1	1596	1478	200,200
1526393796.513044580	101	40	48	1	1	1	2	-66	22419	9	1	1596	1478	200,200
1526393796.525181676	101	40	48	1	1	1	2	-66	22421	9	1	1596	1478	200,200
1526393796.536421104	101	40	48	1	1	1	2	-66	22422	9	1	1596	1478	200,200
1526393796.548252579	101	40	48	1	1	1	2	-66	22423	9	1	1596	1478	200,200
1526393796.560000063	101	40	48	1	1	1	2	-66	22424	9	1	1596	1478	200,200
1526393796.571802709	101	40	48	1	1	1	2	-66	22425	9	1	1596	1478	200,200
1526393796.583619241	101	40	48	1	1	1	2	-66	22426	9	1	1596	1478	200,200
1526393796.595377519	101	40	48	1	1	1	2	-66	22427	9	1	1596	1478	200,200
1526393796.607563049	101	40	48	1	1	1	2	-66	22429	9	1	1596	1478	200,200
1526393796.618888460	101	40	48	1	1	1	2	-66	22430	9	1	1596	1478	200,200
1526393796.630677829	101	40	48	1	1	1	2	-66	22431	9	1	1596	1478	200,200
1526393796.642818399	101	40	48	1	1	1	2	-66	22432	9	1	1596	1478	200,200
1526393796.654178287	101	40	48	1	1	1	2	-66	22433	9	1	1596	1478	200,200
1526393796.665814466	101	40	48	1	1	1	2	-66	22434	9	1	1596	1478	200,200
1526393796.677772230	101	40	48	1	1	1	2	-66	22435	9	1	1596	1478	200,200
1526393796.689406772	101	40	48	1	1	1	2	-66	22436	9	1	1596	1478	200,200
1526393796.701586411	101	40	48	1	1	1	2	-66	22437	9	1	1596	1478	200,200
1526393796.712967697	101	40	48	1	1	1	2	-66	22438	9	1	1596	1478	200,200
1526393796.724661830	101	40	48	1	1	1	2	-66	22439	9	1	1596	1478	200,200
1526393796.736365339	101	40	48	1	1	1	2	-66	22440	9	1	1596	1478	200,200
1526393796.748129300	101	40	48	1	1	1	2	-66	22441	9	1	1596	1478	200,200
1526393796.760393171	101	40	48	1	1	1	2	-66	22443	9	1	1596	1478	200,200
1526393796.771932124	101	40	48	1	1	1	2	-66	22444	9	1	1596	1478	200,200
1526393796.783821041	101	40	48	1	1	1	2	-66	22446	9	1	1596	1478	200,200
1526393796.795566987	101	40	48	1	1	1	2	-66	22448	9	1	1596	1478	200,200
1526393796.806906792	101	40	48	1	1	1	2	-66	22449	9	1	1596	1478	200,200
1526393796.818690665	101	40	48	1	1	1	2	-66	22450	9	1	1596	1478	200,200
1526393796.830814602	101	40	48	1	1	1	2	-66	22451	9	1	1596	1478	200,200
1526393796.842224486	101	40	48	1	1	1	2	-66	22452	9	1	1596	1478	200,200
1526393796.854356043	101	40	48	1	1	1	2	-66	22454	9	1	1596	1478	200,200
1526393796.866138541	101	40	48	1	1	1	2	-66	22455	9	1	1596	1478	200,200
1526393796.877507337	101	40	48	1	1	1	2	-66	22456	9	1	1596	1478	200,200
1526393796.889243125	101	40	48	1	1	1	2	-66	22457	9	1	1596	1478	200,200
1526393796.901008742	101	40	48	1	1	1	2	-66	22458	9	1	1596	1478	200,200
1526393796.912629536	101	40	48	1	1	1	2	-66	22459	9	1	1596	1478	200,200
1526393796.924517877	101	40	48	1	1	1	2	-66	22460	9	1	1596	1478	200,200
1526393796.936289227	101	40	48	1	1	1	2	-66	22461	9	1	1596	1478	200,200
1526393796.949553888	101	40	48	1	1	1	2	-66	22463	9	1	1596	1478	200,200
1526393796.959741082	101	40	48	1	1	1	2	-66	22464	9	1	1596	1478	200,200
1526393796.971579781	101	40	48	1	1	1	2	-66	22465	9	1	1596	1478	200,200
1526393796.983353978	101	40	48	1	1	1	2	-66	22466	9	1	1596	1478	200,200
1526393796.994956940	101	40	48	1	1	1	2	-66	22467	9	1	1596	1478	200,200
1526393797.006843403	101	40	48	1	1	1	2	-66	22468	9	1	1596	1478	200,200
1526393797.019005944	101	40	48	1	1	1	2	-66	22470	9	1	1596	1478	200,200
1526393797.030282339	101	40	48	1	1	1	2	-66	22471	9	1	1596	1478	200,200
1526393797.042497331	101	40	48	1	1	1	2	-66	22473	9	1	1596	1478	200,200
1526393797.053876133	101	40	48	1	1	1	2	-66	22474	9	1	1596	1478	200,200
1526393797.065994055	101	40	48	1	1	1	2	-66	22476	9	1	1596	1478	200,200
1526393797.077408684	101	40	48	1	1	1	2	-65	22477	9	1	1596	1478	200,200
1526393797.089204132	101	40	48	1	1	1	2	-66	22478	9	1	1596	1478	200,200
1526393797.100938173	101	40	48	1	1	1	2	-66	22479	9	1	1596	1478	200,200
1526393797.112705848	101	40	48	1	1	1	2	-66	22480	9	1	1596	1478	200,200
1526393797.124915020	101	40	48	1	1	1	2	-66	22482	9	1	1596	1478	200,200
1526393797.136606658	101	40	48	1	1	1	2	-66	22484	9	1	1596	1478	200,200
1526393797.148040530	101	40	48	1	1	1	2	-66	22485	9	1	1596	1478	200,200
1526393797.159856719	101	40	48	1	1	1	2	-65	22486	9	1	1596	1478	200,200
1526393797.171601452	101	40	48	1	1	1	2	-66	22487	9	1	1596	1478	200,200
1526393797.183502226	101	40	48	1	1	1	2	-65	22488	9	1	1596	1478	200,200
1526393797.194997678	101	40	48	1	1	1	2	-66	22489	9	1	1596	1478	200,200
1526393797.207224914	101	40	48	1	1	1	2	-66	22491	9	1	1596	1478	200,200
1526393797.218597529	101	40	48	1	1	1	2	-66	22492	9	1	1596	1478	200,200
1526393797.230316573	101	40	48	1	1	1	2	-66	22493	9	1	1596	1478	200,200
1526393797.242079776	101	40	48	1	1	1	2	-66	22494	9	1	1596	1478	200,200
1526393797.253833057	101	40	48	1	1	1	2	-66	22495	9	1	1596	1478	200,200
1526393797.265671772	101	40	48	1	1	1	2	-66	22496	9	1	1596	1478	200,200
1526393797.277401401	101	40	48	1	1	1	2	-66	22497	9	1	1596	1478	200,200
1526393797.289232226	96	40	48	0	2	0	2	-66	22498	5	1	1596	1478	216,216
1526393797.300974430	101	40	48	1	1	1	2	-66	22499	9	1	1596	1478	200,200
1526393797.312624318	101	40	48	1	1	1	2	-66	22500	9	1	1596	1478	200,200
1526393797.324524099	101	40	48	1	1	1	2	-66	22501	9	1	1596	1478	200,200
1526393797.336265645	101	40	48	1	1	1	2	-66	22502	9	1	1596	1478	200,200
1526393797.348037964	96	40	48	0	2	0	2	-65	22503	5	1	1596	1478	216,216
1526393797.359720519	101	40	48	1	1	1	2	-66	22504	9	1	1596	1478	200,200
1526393797.371533372	101	40	48	1	1	1	2	-66	22505	9	1	1596	1478	200,200
1526393797.383299868	101	40	48	1	1	1	2	-66	22506	9	1	1596	1478	200,200
1526393797.395085324	101	40	48	1	1	1	2	-66	22507	9	1	1596	1478	200,200
1526393797.406803623	96	40	48	0	2	0	2	-65	22508	5	1	1596	1478	216,216
1526393797.418499809	101	40	48	1	1	1	2	-66	22509	9	1	1596	1478	200,200
1526393797.430131010	101	40	48	1	1	1	2	-66	22510	9	1	1596	1478	200,200
1526393797.442431830	101	40	48	1	1	1	2	-66	22512	9	1	1596	1478	200,200
1526393797.453862986	101	40	48	1	1	1	2	-66	22513	9	1	1596	1478	200,200
1526393797.465620623	96	40	48	0	2	0	2	-65	22514	5	1	1596	1478	216,216
1526393797.477689493	96	40	48	0	2	0	2	-66	22516	5	1	1596	1478	216,216
1526393797.490604703	101	40	48	1	1	1	2	-65	22520	9	1	1596	1478	200,200
1526393797.500819157	101	40	48	1	1	1	2	-66	22521	9	1	1596	1478	200,200
1526393797.512556517	101	40	48	1	1	1	2	-66	22522	9	1	1596	1478	200,200
1526393797.524333576	101	40	48	1	1	1	2	-66	22523	9	1	1596	1478	200,200
1526393797.536078123	101	40	48	1	1	1	2	-66	22524	9	1	1596	1478	200,200
1526393797.547952344	101	40	48	1	1	1	2	-66	22525	9	1	1596	1478	200,200
1526393797.559966873	101	40	48	1	1	1	2	-66	22527	9	1	1596	1478	200,200
1526393797.571457149	101	40	48	1	1	1	2	-66	22528	9	1	1596	1478	200,200
1526393797.583206112	96	40	48	0	2	0	2	-66	22529	5	1	1596	1478	216,216
1526393797.595045459	101	40	48	1	1	1	2	-66	22530	9	1	1596	1478	200,200
1526393797.606722350	101	40	48	1	1	1	2	-66	22531	9	1	1596	1478	200,200
1526393797.618398639	101	40	48	1	1	1	2	-66	22532	9	1	1596	1478	200,200
1526393797.630259440	101	40	48	1	1	1	2	-66	22533	9	1	1596	1478	200,200
1526393797.642266986	101	40	48	1	1	1	2	-65	22535	9	1	1596	1478	200,200
1526393797.653768738	101	40	48	1	1	1	2	-66	22536	9	1	1596	1478	200,200
1526393797.666381080	101	40	48	1	1	1	2	-66	22537	9	1	1596	1478	200,200
1526393797.677297587	101	40	48	1	1	1	2	-65	22538	9	1	1596	1478	200,200
1526393797.689307915	101	40	48	1	1	1	2	-66	22539	9	1	1596	1478	200,200
1526393797.700642614	101	40	48	1	1	1	2	-65	22540	9	1	1596	1478	200,200
1526393797.712439372	101	40	48	1	1	1	2	-66	22541	9	1	1596	1478	200,200
1526393797.724338801	101	40	48	1	1	1	2	-66	22542	9	1	1596	1478	200,200
1526393797.735896230	101	40	48	1	1	1	2	-65	22543	9	1	1596	1478	200,200
1526393797.747629144	101	40	48	1	1	1	2	-66	22544	9	1	1596	1478	200,200
1526393797.759512061	101	40	48	1	1	1	2	-65	22545	9	1	1596	1478	200,200
1526393797.771664282	101	40	48	1	1	1	2	-66	22546	9	1	1596	1478	200,200
1526393797.782992241	101	40	48	1	1	1	2	-65	22547	9	1	1596	1478	200,200
1526393797.794628515	101	40	48	1	1	1	2	-66	22548	9	1	1596	1478	200,200
1526393797.812360511	101	40	48	1	1	1	2	-66	22549	9	1	1596	1478	200,200
1526393797.818336672	101	40	48	1	1	1	2	-66	22550	9	1	1596	1478	200,200
1526393797.830060021	101	40	48	1	1	1	2	-66	22551	9	1	1596	1478	200,200
1526393797.841810406	101	40	48	1	1	1	2	-66	22552	9	1	1596	1478	200,200
1526393797.853955480	101	40	48	1	1	1	2	-66	22554	9	1	1596	1478	200,200
1526393797.865239890	101	40	48	1	1	1	2	-66	22555	9	1	1596	1478	200,200
1526393797.877461209	101	40	48	1	1	1	2	-66	22557	9	1	1596	1478	200,200
1526393797.888862347	101	40	48	1	1	1	2	-66	22558	9	1	1596	1478	200,200
1526393797.901342594	101	40	48	1	1	1	2	-66	22559	9	1	1596	1478	200,200
1526393797.912369309	101	40	48	1	1	1	2	-65	22560	9	1	1596	1478	200,200
1526393797.924109514	101	40	48	1	1	1	2	-65	22561	9	1	1596	1478	200,200
1526393797.935888096	101	40	48	1	1	1	2	-66	22562	9	1	1596	1478	200,200
1526393797.948038026	101	40	48	1	1	1	2	-65	22563	9	1	1596	1478	200,200
1526393797.959415494	101	40	48	1	1	1	2	-65	22564	9	1	1596	1478	200,200
1526393797.971166505	101	40	48	1	1	1	2	-66	22565	9	1	1596	1478	200,200
1526393797.982923034	101	40	48	1	1	1	2	-65	22566	9	1	1596	1478	200,200
1526393797.995107230	101	40	48	1	1	1	2	-65	22568	9	1	1596	1478	200,200
1526393798.006469313	101	40	48	1	1	1	2	-65	22569	9	1	1596	1478	200,200
1526393798.018114787	101	40	48	1	1	1	2	-66	22570	9	1	1596	1478	200,200
1526393798.030878026	101	40	48	1	1	1	2	-65	22571	9	1	1596	1478	200,200
1526393798.041718713	101	40	48	1	1	1	2	-65	22572	9	1	1596	1478	200,200
1526393798.053484438	101	40	48	1	1	1	2	-66	22573	9	1	1596	1478	200,200
1526393798.065239525	101	40	48	1	1	1	2	-65	22574	9	1	1596	1478	200,200
1526393798.077014996	101	40	48	1	1	1	2	-65	22575	9	1	1596	1478	200,200
1526393798.088779710	101	40	48	1	1	1	2	-66	22576	9	1	1596	1478	200,200
1526393798.100745074	101	40	48	1	1	1	2	-66	22577	9	1	1596	1478	200,200
1526393798.112691124	101	40	48	1	1	1	2	-66	22578	9	1	1596	1478	200,200
1526393798.124027673	101	40	48	1	1	1	2	-65	22579	9	1	1596	1478	200,200
1526393798.135809732	101	40	48	1	1	1	2	-66	22580	9	1	1596	1478	200,200
1526393798.147580474	101	40	48	1	1	1	2	-65	22581	9	1	1596	1478	200,200
1526393798.159326497	101	40	48	1	1	1	2	-66	22582	9	1	1596	1478	200,200
1526393798.171003722	101	40	48	1	1	1	2	-66	22583	9	1	1596	1478	200,200
1526393798.182846551	101	40	48	1	1	1	2	-65	22584	9	1	1596	1478	200,200
1526393798.194985663	101	40	48	1	1	1	2	-66	22586	9	1	1596	1478	200,200
1526393798.206285800	101	40	48	1	1	1	2	-66	22587	9	1	1596	1478	200,200
1526393798.218165399	101	40	48	1	1	1	2	-65	22588	9	1	1596	1478	200,200
