1526396029.442565200	158	40	48	0	2	0	2	-23	45433	5	0	1596	1478	104,104
1526396029.442607238	158	40	48	0	2	0	2	-23	45433	5	0	1596	1478	104,104
1526396029.442616680	158	40	48	0	2	0	2	-23	45433	5	0	1596	1478	104,104
1526396029.442622765	158	40	48	0	2	0	2	-23	45433	5	0	1596	1478	104,104
1526396029.442629021	158	40	48	0	2	0	2	-23	45433	5	0	1596	1478	104,104
1526396029.442634531	158	40	48	0	2	0	2	-23	45433	5	0	1596	1478	104,104
1526396029.442647894	158	40	48	0	2	0	2	-23	45433	5	0	1596	1478	104,104
1526396029.442654764	158	40	48	0	2	0	2	-23	45433	5	0	1596	1478	104,104
1526396029.442661688	158	40	48	0	2	0	2	-23	45433	5	0	1596	1478	104,104
1526396029.442667704	158	40	48	0	2	0	2	-23	45433	5	0	1596	1478	104,104
1526396029.442674556	158	40	48	0	2	0	2	-23	45433	5	0	1596	1478	104,104
1526396029.442680510	158	40	48	0	2	0	2	-23	45433	5	0	1596	1478	104,104
1526396029.445006902	158	40	48	0	2	0	2	-23	45434	5	0	1596	1478	104,104
1526396029.456698848	158	40	48	0	2	0	2	-23	45435	5	0	1596	1478	104,104
1526396029.468554384	158	40	48	0	2	0	2	-23	45436	5	0	1596	1478	104,104
1526396029.480294402	144	40	48	0	2	0	2	-23	45437	6	0	1596	1478	117,117
1526396029.492181025	144	40	48	0	2	0	2	-23	45438	6	0	1596	1478	117,117
1526396029.503881233	144	40	48	0	2	0	2	-23	45439	6	0	1596	1478	117,117
1526396029.515724940	144	40	48	0	2	0	2	-23	45440	6	0	1596	1478	117,117
1526396029.527482252	144	40	48	0	2	0	2	-23	45441	6	0	1596	1478	117,117
1526396029.539588135	124	40	48	1	2	0	2	-23	45442	7	0	1596	1478	144,444,144,444
1526396029.550957873	124	40	48	1	2	0	2	-23	45443	7	0	1596	1478	144,444,144,444
1526396029.562731066	124	40	48	1	2	0	2	-23	45444	7	0	1596	1478	144,444,144,444
1526396029.574508815	124	40	48	1	2	0	2	-23	45445	7	0	1596	1478	144,444,144,444
1526396029.586243018	124	40	48	1	2	0	2	-23	45446	7	0	1596	1478	144,444,144,444
1526396029.598019848	110	40	48	1	2	0	2	-27	45447	8	0	1596	1478	173,333,173,333
1526396029.609758358	110	40	48	1	2	0	2	-27	45448	8	0	1596	1478	173,333,173,333
1526396029.621524560	110	40	48	1	2	0	2	-27	45449	8	0	1596	1478	173,333,173,333
1526396029.633283086	110	40	48	1	2	0	2	-26	45450	8	0	1596	1478	173,333,173,333
1526396029.645014646	110	40	48	1	2	0	2	-26	45451	8	0	1596	1478	173,333,173,333
1526396029.656699783	110	40	48	1	2	0	2	-27	45452	8	0	1596	1478	173,333,173,333
1526396029.668537445	110	40	48	1	2	0	2	-27	45453	8	0	1596	1478	173,333,173,333
1526396029.680325003	110	40	48	1	2	0	2	-27	45454	8	0	1596	1478	173,333,173,333
1526396029.692069627	110	40	48	1	2	0	2	-27	45455	8	0	1596	1478	173,333,173,333
1526396029.703846934	110	40	48	1	2	0	2	-27	45456	8	0	1596	1478	173,333,173,333
1526396029.715588276	110	40	48	1	2	0	2	-27	45457	8	0	1596	1478	173,333,173,333
1526396029.727388247	110	40	48	1	2	0	2	-27	45458	8	0	1596	1478	173,333,173,333
1526396029.739106362	110	40	48	1	2	0	2	-27	45459	8	0	1596	1478	173,333,173,333
1526396029.750865311	110	40	48	1	2	0	2	-27	45460	8	0	1596	1478	173,333,173,333
1526396029.762632348	110	40	48	1	2	0	2	-27	45461	8	0	1596	1478	173,333,173,333
1526396029.774395260	110	40	48	1	2	0	2	-27	45462	8	0	1596	1478	173,333,173,333
1526396029.786155039	110	40	48	1	2	0	2	-27	45463	8	0	1596	1478	173,333,173,333
1526396029.798086798	110	40	48	1	2	0	2	-27	45464	8	0	1596	1478	173,333,173,333
1526396029.809572156	110	40	48	1	2	0	2	-27	45465	8	0	1596	1478	173,333,173,333
1526396029.821313736	110	40	48	1	2	0	2	-27	45466	8	0	1596	1478	173,333,173,333
1526396029.832990331	110	40	48	1	2	0	2	-27	45467	8	0	1596	1478	173,333,173,333
1526396029.844937426	110	40	48	1	2	0	2	-27	45468	8	0	1596	1478	173,333,173,333
1526396029.856715224	110	40	48	1	2	0	2	-27	45469	8	0	1596	1478	173,333,173,333
1526396029.868458507	110	40	48	1	2	0	2	-27	45470	8	0	1596	1478	173,333,173,333
1526396029.880224090	110	40	48	1	2	0	2	-27	45471	8	0	1596	1478	173,333,173,333
1526396029.891992180	110	40	48	1	2	0	2	-26	45472	8	0	1596	1478	173,333,173,333
1526396029.903652582	110	40	48	1	2	0	2	-26	45473	8	0	1596	1478	173,333,173,333
1526396029.915533918	110	40	48	1	2	0	2	-26	45474	8	0	1596	1478	173,333,173,333
1526396029.927190286	110	40	48	1	2	0	2	-26	45475	8	0	1596	1478	173,333,173,333
1526396029.939023814	110	40	48	1	2	0	2	-26	45476	8	0	1596	1478	173,333,173,333
1526396029.950787070	110	40	48	1	2	0	2	-26	45477	8	0	1596	1478	173,333,173,333
1526396029.962489135	110	40	48	1	2	0	2	-27	45478	8	0	1596	1478	173,333,173,333
1526396029.974231059	110	40	48	1	2	0	2	-26	45479	8	0	1596	1478	173,333,173,333
1526396029.985886553	110	40	48	1	2	0	2	-27	45480	8	0	1596	1478	173,333,173,333
1526396029.997815395	110	40	48	1	2	0	2	-27	45481	8	0	1596	1478	173,333,173,333
1526396030.009587305	110	40	48	1	2	0	2	-27	45482	8	0	1596	1478	173,333,173,333
1526396030.021272840	110	40	48	1	2	0	2	-27	45483	8	0	1596	1478	173,333,173,333
1526396030.033019674	110	40	48	1	2	0	2	-26	45484	8	0	1596	1478	173,333,173,333
1526396030.044845554	110	40	48	1	2	0	2	-27	45485	8	0	1596	1478	173,333,173,333
1526396030.056637135	110	40	48	1	2	0	2	-27	45486	8	0	1596	1478	173,333,173,333
1526396030.068412267	110	40	48	1	2	0	2	-27	45487	8	0	1596	1478	173,333,173,333
1526396030.080158616	110	40	48	1	2	0	2	-26	45488	8	0	1596	1478	173,333,173,333
1526396030.091859203	110	40	48	1	2	0	2	-26	45489	8	0	1596	1478	173,333,173,333
1526396030.103682859	110	40	48	1	2	0	2	-26	45490	8	0	1596	1478	173,333,173,333
1526396030.115426255	110	40	48	1	2	0	2	-26	45491	8	0	1596	1478	173,333,173,333
1526396030.127184615	110	40	48	1	2	0	2	-27	45492	8	0	1596	1478	173,333,173,333
1526396030.138933929	110	40	48	1	2	0	2	-26	45493	8	0	1596	1478	173,333,173,333
1526396030.150632960	110	40	48	1	2	0	2	-26	45494	8	0	1596	1478	173,333,173,333
1526396030.162533218	110	40	48	1	2	0	2	-26	45495	8	0	1596	1478	173,333,173,333
1526396030.174254988	110	40	48	1	2	0	2	-26	45496	8	0	1596	1478	173,333,173,333
1526396030.186041972	110	40	48	1	2	0	2	-26	45497	8	0	1596	1478	173,333,173,333
1526396030.197796880	110	40	48	1	2	0	2	-27	45498	8	0	1596	1478	173,333,173,333
1526396030.209558248	110	40	48	1	2	0	2	-27	45499	8	0	1596	1478	173,333,173,333
1526396030.221315965	110	40	48	1	2	0	2	-26	45500	8	0	1596	1478	173,333,173,333
1526396030.233079606	110	40	48	1	2	0	2	-26	45501	8	0	1596	1478	173,333,173,333
1526396030.244837610	110	40	48	1	2	0	2	-27	45502	8	0	1596	1478	173,333,173,333
1526396030.256833602	110	40	48	1	2	0	2	-27	45503	8	0	1596	1478	173,333,173,333
1526396030.268356401	110	40	48	1	2	0	2	-27	45504	8	0	1596	1478	173,333,173,333
1526396030.280190138	110	40	48	1	2	0	2	-27	45505	8	0	1596	1478	173,333,173,333
1526396030.291874413	110	40	48	1	2	0	2	-27	45506	8	0	1596	1478	173,333,173,333
1526396030.303646038	110	40	48	1	2	0	2	-27	45507	8	0	1596	1478	173,333,173,333
1526396030.315404837	110	40	48	1	2	0	2	-27	45508	8	0	1596	1478	173,333,173,333
1526396030.327079510	110	40	48	1	2	0	2	-27	45509	8	0	1596	1478	173,333,173,333
1526396030.338835824	110	40	48	1	2	0	2	-27	45510	8	0	1596	1478	173,333,173,333
1526396030.350535055	110	40	48	1	2	0	2	-26	45511	8	0	1596	1478	173,333,173,333
1526396030.362543282	110	40	48	1	2	0	2	-26	45512	8	0	1596	1478	173,333,173,333
1526396030.374193729	110	40	48	1	2	0	2	-26	45513	8	0	1596	1478	173,333,173,333
1526396030.385809368	110	40	48	1	2	0	2	-26	45514	8	0	1596	1478	173,333,173,333
1526396030.397550948	110	40	48	1	2	0	2	-26	45515	8	0	1596	1478	173,333,173,333
1526396030.409400169	110	40	48	1	2	0	2	-27	45516	8	0	1596	1478	173,333,173,333
1526396030.421155146	110	40	48	1	2	0	2	-27	45517	8	0	1596	1478	173,333,173,333
1526396030.432881834	110	40	48	1	2	0	2	-27	45518	8	0	1596	1478	173,333,173,333
1526396030.444633391	110	40	48	1	2	0	2	-27	45519	8	0	1596	1478	173,333,173,333
1526396030.456457881	110	40	48	1	2	0	2	-26	45520	8	0	1596	1478	173,333,173,333
1526396030.468115383	110	40	48	1	2	0	2	-26	45521	8	0	1596	1478	173,333,173,333
1526396030.479983929	110	40	48	1	2	0	2	-27	45522	8	0	1596	1478	173,333,173,333
1526396030.491753177	110	40	48	1	2	0	2	-27	45523	8	0	1596	1478	173,333,173,333
1526396030.503427750	110	40	48	1	2	0	2	-26	45524	8	0	1596	1478	173,333,173,333
1526396030.515205963	110	40	48	1	2	0	2	-27	45525	8	0	1596	1478	173,333,173,333
1526396030.527026529	110	40	48	1	2	0	2	-27	45526	8	0	1596	1478	173,333,173,333
1526396030.538787418	110	40	48	1	2	0	2	-27	45527	8	0	1596	1478	173,333,173,333
1526396030.550562418	110	40	48	1	2	0	2	-27	45528	8	0	1596	1478	173,333,173,333
1526396030.562227419	110	40	48	1	2	0	2	-27	45529	8	0	1596	1478	173,333,173,333
1526396030.574062778	110	40	48	1	2	0	2	-27	45530	8	0	1596	1478	173,333,173,333
1526396030.585824783	110	40	48	1	2	0	2	-27	45531	8	0	1596	1478	173,333,173,333
1526396030.597732683	110	40	48	1	2	0	2	-27	45532	8	0	1596	1478	173,333,173,333
1526396030.609374200	110	40	48	1	2	0	2	-27	45533	8	0	1596	1478	173,333,173,333
1526396030.621020705	110	40	48	1	2	0	2	-26	45534	8	0	1596	1478	173,333,173,333
1526396030.632872235	110	40	48	1	2	0	2	-26	45535	8	0	1596	1478	173,333,173,333
1526396030.644614475	110	40	48	1	2	0	2	-26	45536	8	0	1596	1478	173,333,173,333
1526396030.656383513	110	40	48	1	2	0	2	-26	45537	8	0	1596	1478	173,333,173,333
1526396030.668030116	110	40	48	1	2	0	2	-26	45538	8	0	1596	1478	173,333,173,333
1526396030.679917213	110	40	48	1	2	0	2	-26	45539	8	0	1596	1478	173,333,173,333
1526396030.691596362	110	40	48	1	2	0	2	-26	45540	8	0	1596	1478	173,333,173,333
1526396030.703312057	110	40	48	1	2	0	2	-26	45541	8	0	1596	1478	173,333,173,333
1526396030.715182879	110	40	48	1	2	0	2	-26	45542	8	0	1596	1478	173,333,173,333
1526396030.726935608	110	40	48	1	2	0	2	-26	45543	8	0	1596	1478	173,333,173,333
1526396030.738711164	110	40	48	1	2	0	2	-26	45544	8	0	1596	1478	173,333,173,333
1526396030.750468845	110	40	48	1	2	0	2	-26	45545	8	0	1596	1478	173,333,173,333
1526396030.762230220	110	40	48	1	2	0	2	-26	45546	8	0	1596	1478	173,333,173,333
1526396030.774135278	110	40	48	1	2	0	2	-26	45547	8	0	1596	1478	173,333,173,333
1526396030.785748907	110	40	48	1	2	0	2	-26	45548	8	0	1596	1478	173,333,173,333
1526396030.797493321	110	40	48	1	2	0	2	-26	45549	8	0	1596	1478	173,333,173,333
1526396030.809282783	110	40	48	1	2	0	2	-26	45550	8	0	1596	1478	173,333,173,333
1526396030.820958869	110	40	48	1	2	0	2	-26	45551	8	0	1596	1478	173,333,173,333
1526396030.832696164	110	40	48	1	2	0	2	-26	45552	8	0	1596	1478	173,333,173,333
1526396030.844388499	110	40	48	1	2	0	2	-26	45553	8	0	1596	1478	173,333,173,333
1526396030.856298290	110	40	48	1	2	0	2	-26	45554	8	0	1596	1478	173,333,173,333
1526396030.868053618	110	40	48	1	2	0	2	-26	45555	8	0	1596	1478	173,333,173,333
1526396030.879808630	110	40	48	1	2	0	2	-27	45556	8	0	1596	1478	173,333,173,333
1526396030.891573887	110	40	48	1	2	0	2	-27	45557	8	0	1596	1478	173,333,173,333
1526396030.903331718	110	40	48	1	2	0	2	-27	45558	8	0	1596	1478	173,333,173,333
1526396030.915129315	110	40	48	1	2	0	2	-27	45559	8	0	1596	1478	173,333,173,333
1526396030.926875033	110	40	48	1	2	0	2	-27	45560	8	0	1596	1478	173,333,173,333
1526396030.938502459	110	40	48	1	2	0	2	-27	45561	8	0	1596	1478	173,333,173,333
1526396030.950276075	110	40	48	1	2	0	2	-27	45562	8	0	1596	1478	173,333,173,333
1526396030.962122110	110	40	48	1	2	0	2	-27	45563	8	0	1596	1478	173,333,173,333
1526396030.973840620	110	40	48	1	2	0	2	-27	45564	8	0	1596	1478	173,333,173,333
1526396030.985541497	110	40	48	1	2	0	2	-27	45565	8	0	1596	1478	173,333,173,333
1526396030.997418117	110	40	48	1	2	0	2	-27	45566	8	0	1596	1478	173,333,173,333
1526396031.009174843	110	40	48	1	2	0	2	-27	45567	8	0	1596	1478	173,333,173,333
1526396031.020961502	110	40	48	1	2	0	2	-27	45568	8	0	1596	1478	173,333,173,333
1526396031.032584510	110	40	48	1	2	0	2	-27	45569	8	0	1596	1478	173,333,173,333
1526396031.044470529	110	40	48	1	2	0	2	-27	45570	8	0	1596	1478	173,333,173,333
1526396031.056229138	110	40	48	1	2	0	2	-27	45571	8	0	1596	1478	173,333,173,333
1526396031.068000267	110	40	48	1	2	0	2	-27	45572	8	0	1596	1478	173,333,173,333
1526396031.079762317	110	40	48	1	2	0	2	-27	45573	8	0	1596	1478	173,333,173,333
1526396031.091371395	110	40	48	1	2	0	2	-27	45574	8	0	1596	1478	173,333,173,333
1526396031.103208380	110	40	48	1	2	0	2	-27	45575	8	0	1596	1478	173,333,173,333
1526396031.115026705	110	40	48	1	2	0	2	-27	45576	8	0	1596	1478	173,333,173,333
1526396031.126783570	110	40	48	1	2	0	2	-27	45577	8	0	1596	1478	173,333,173,333
1526396031.138542650	110	40	48	1	2	0	2	-27	45578	8	0	1596	1478	173,333,173,333
1526396031.150337473	110	40	48	1	2	0	2	-27	45579	8	0	1596	1478	173,333,173,333
1526396031.162083644	110	40	48	1	2	0	2	-27	45580	8	0	1596	1478	173,333,173,333
1526396031.173847638	110	40	48	1	2	0	2	-27	45581	8	0	1596	1478	173,333,173,333
1526396031.185594818	110	40	48	1	2	0	2	-27	45582	8	0	1596	1478	173,333,173,333
1526396031.197339760	110	40	48	1	2	0	2	-27	45583	8	0	1596	1478	173,333,173,333
1526396031.209051132	110	40	48	1	2	0	2	-27	45584	8	0	1596	1478	173,333,173,333
1526396031.220868375	110	40	48	1	2	0	2	-27	45585	8	0	1596	1478	173,333,173,333
1526396031.232621263	110	40	48	1	2	0	2	-27	45586	8	0	1596	1478	173,333,173,333
1526396031.244387778	110	40	48	1	2	0	2	-27	45587	8	0	1596	1478	173,333,173,333
1526396031.256163243	110	40	48	1	2	0	2	-27	45588	8	0	1596	1478	173,333,173,333
1526396031.267913052	110	40	48	1	2	0	2	-27	45589	8	0	1596	1478	173,333,173,333
1526396031.280431981	110	40	48	1	2	0	2	-27	45591	8	0	1596	1478	173,333,173,333
1526396031.291451100	110	40	48	1	2	0	2	-27	45592	8	0	1596	1478	173,333,173,333
1526396031.303172683	110	40	48	1	2	0	2	-27	45593	8	0	1596	1478	173,333,173,333
1526396031.314944992	110	40	48	1	2	0	2	-27	45594	8	0	1596	1478	173,333,173,333
1526396031.326702477	110	40	48	1	2	0	2	-27	45595	8	0	1596	1478	173,333,173,333
1526396031.338463894	110	40	48	1	2	0	2	-27	45596	8	0	1596	1478	173,333,173,333
1526396031.350105669	110	40	48	1	2	0	2	-27	45597	8	0	1596	1478	173,333,173,333
1526396031.361969092	110	40	48	1	2	0	2	-27	45598	8	0	1596	1478	173,333,173,333
1526396031.373762585	110	40	48	1	2	0	2	-27	45599	8	0	1596	1478	173,333,173,333
1526396031.385338325	110	40	48	1	2	0	2	-27	45600	8	0	1596	1478	173,333,173,333
1526396031.397271273	110	40	48	1	2	0	2	-27	45601	8	0	1596	1478	173,333,173,333
1526396031.409045812	110	40	48	1	2	0	2	-27	45602	8	0	1596	1478	173,333,173,333
1526396031.420807621	110	40	48	1	2	0	2	-27	45603	8	0	1596	1478	173,333,173,333
1526396031.432436198	110	40	48	1	2	0	2	-27	45604	8	0	1596	1478	173,333,173,333
1526396031.444215904	110	40	48	1	2	0	2	-27	45605	8	0	1596	1478	173,333,173,333
1526396031.455923473	110	40	48	1	2	0	2	-27	45606	8	0	1596	1478	173,333,173,333
1526396031.467841132	110	40	48	1	2	0	2	-27	45607	8	0	1596	1478	173,333,173,333
1526396031.479600694	110	40	48	1	2	0	2	-27	45608	8	0	1596	1478	173,333,173,333
1526396031.491365300	110	40	48	1	2	0	2	-27	45609	8	0	1596	1478	173,333,173,333
1526396031.503108842	110	40	48	1	2	0	2	-27	45610	8	0	1596	1478	173,333,173,333
1526396031.514869051	110	40	48	1	2	0	2	-27	45611	8	0	1596	1478	173,333,173,333
1526396031.526669302	110	40	48	1	2	0	2	-27	45612	8	0	1596	1478	173,333,173,333
1526396031.538397492	110	40	48	1	2	0	2	-27	45613	8	0	1596	1478	173,333,173,333
1526396031.550140856	110	40	48	1	2	0	2	-27	45614	8	0	1596	1478	173,333,173,333
1526396031.561898137	110	40	48	1	2	0	2	-27	45615	8	0	1596	1478	173,333,173,333
1526396031.573790933	110	40	48	1	2	0	2	-27	45616	8	0	1596	1478	173,333,173,333
1526396031.585427490	110	40	48	1	2	0	2	-27	45617	8	0	1596	1478	173,333,173,333
1526396031.597193527	110	40	48	1	2	0	2	-27	45618	8	0	1596	1478	173,333,173,333
1526396031.608985951	110	40	48	1	2	0	2	-27	45619	8	0	1596	1478	173,333,173,333
1526396031.620722116	110	40	48	1	2	0	2	-27	45620	8	0	1596	1478	173,333,173,333
1526396031.632465565	110	40	48	1	2	0	2	-27	45621	8	0	1596	1478	173,333,173,333
1526396031.644221131	110	40	48	1	2	0	2	-27	45622	8	0	1596	1478	173,333,173,333
1526396031.656008011	110	40	48	1	2	0	2	-27	45623	8	0	1596	1478	173,333,173,333
1526396031.667747439	110	40	48	1	2	0	2	-27	45624	8	0	1596	1478	173,333,173,333
1526396031.679536027	110	40	48	1	2	0	2	-27	45625	8	0	1596	1478	173,333,173,333
1526396031.691274369	110	40	48	1	2	0	2	-27	45626	8	0	1596	1478	173,333,173,333
1526396031.703023440	110	40	48	1	2	0	2	-27	45627	8	0	1596	1478	173,333,173,333
1526396031.714708549	110	40	48	1	2	0	2	-27	45628	8	0	1596	1478	173,333,173,333
1526396031.726447359	110	40	48	1	2	0	2	-27	45629	8	0	1596	1478	173,333,173,333
1526396031.738270265	110	40	48	1	2	0	2	-27	45630	8	0	1596	1478	173,333,173,333
1526396031.750068540	110	40	48	1	2	0	2	-27	45631	8	0	1596	1478	173,333,173,333
1526396031.761840433	110	40	48	1	2	0	2	-27	45632	8	0	1596	1478	173,333,173,333
1526396031.773583617	110	40	48	1	2	0	2	-27	45633	8	0	1596	1478	173,333,173,333
1526396031.785330337	110	40	48	1	2	0	2	-27	45634	8	0	1596	1478	173,333,173,333
1526396031.797097453	110	40	48	1	2	0	2	-27	45635	8	0	1596	1478	173,333,173,333
1526396031.808870009	110	40	48	1	2	0	2	-27	45636	8	0	1596	1478	173,333,173,333
1526396031.820515503	110	40	48	1	2	0	2	-27	45637	8	0	1596	1478	173,333,173,333
1526396031.832392126	110	40	48	1	2	0	2	-27	45638	8	0	1596	1478	173,333,173,333
1526396031.844150145	110	40	48	1	2	0	2	-27	45639	8	0	1596	1478	173,333,173,333
1526396031.855808430	110	40	48	1	2	0	2	-27	45640	8	0	1596	1478	173,333,173,333
1526396031.867608115	110	40	48	1	2	0	2	-27	45641	8	0	1596	1478	173,333,173,333
1526396031.879343532	110	40	48	1	2	0	2	-27	45642	8	0	1596	1478	173,333,173,333
1526396031.891185035	110	40	48	1	2	0	2	-27	45643	8	0	1596	1478	173,333,173,333
1526396031.902940911	110	40	48	1	2	0	2	-27	45644	8	0	1596	1478	173,333,173,333
1526396031.914604730	110	40	48	1	2	0	2	-27	45645	8	0	1596	1478	173,333,173,333
1526396031.926363852	110	40	48	1	2	0	2	-27	45646	8	0	1596	1478	173,333,173,333
1526396031.938136453	110	40	48	1	2	0	2	-27	45647	8	0	1596	1478	173,333,173,333
1526396031.949797138	110	40	48	1	2	0	2	-27	45648	8	0	1596	1478	173,333,173,333
1526396031.961738455	110	40	48	1	2	0	2	-27	45649	8	0	1596	1478	173,333,173,333
1526396031.973500555	110	40	48	1	2	0	2	-27	45650	8	0	1596	1478	173,333,173,333
1526396031.985266119	110	40	48	1	2	0	2	-27	45651	8	0	1596	1478	173,333,173,333
1526396031.997237974	110	40	48	1	2	0	2	-27	45652	8	0	1596	1478	173,333,173,333
1526396032.008773184	110	40	48	1	2	0	2	-27	45653	8	0	1596	1478	173,333,173,333
1526396032.020549041	110	40	48	1	2	0	2	-27	45654	8	0	1596	1478	173,333,173,333
1526396032.032177144	110	40	48	1	2	0	2	-27	45655	8	0	1596	1478	173,333,173,333
1526396032.044064503	110	40	48	1	2	0	2	-27	45656	8	0	1596	1478	173,333,173,333
1526396032.055780818	110	40	48	1	2	0	2	-27	45657	8	0	1596	1478	173,333,173,333
1526396032.067472146	110	40	48	1	2	0	2	-27	45658	8	0	1596	1478	173,333,173,333
1526396032.079266019	110	40	48	1	2	0	2	-27	45659	8	0	1596	1478	173,333,173,333
1526396032.091021532	110	40	48	1	2	0	2	-27	45660	8	0	1596	1478	173,333,173,333
1526396032.102861377	110	40	48	1	2	0	2	-27	45661	8	0	1596	1478	173,333,173,333
1526396032.114634932	110	40	48	1	2	0	2	-27	45662	8	0	1596	1478	173,333,173,333
1526396032.126374360	110	40	48	1	2	0	2	-27	45663	8	0	1596	1478	173,333,173,333
1526396032.138138524	110	40	48	1	2	0	2	-27	45664	8	0	1596	1478	173,333,173,333
1526396032.149909771	110	40	48	1	2	0	2	-27	45665	8	0	1596	1478	173,333,173,333
1526396032.161674151	110	40	48	1	2	0	2	-27	45666	8	0	1596	1478	173,333,173,333
1526396032.173445668	110	40	48	1	2	0	2	-27	45667	8	0	1596	1478	173,333,173,333
1526396032.185173843	110	40	48	1	2	0	2	-27	45668	8	0	1596	1478	173,333,173,333
1526396032.196939606	110	40	48	1	2	0	2	-27	45669	8	0	1596	1478	173,333,173,333
1526396032.208694707	110	40	48	1	2	0	2	-27	45670	8	0	1596	1478	173,333,173,333
1526396032.220465180	110	40	48	1	2	0	2	-27	45671	8	0	1596	1478	173,333,173,333
1526396032.232219640	110	40	48	1	2	0	2	-27	45672	8	0	1596	1478	173,333,173,333
1526396032.243865313	110	40	48	1	2	0	2	-27	45673	8	0	1596	1478	173,333,173,333
1526396032.255754222	110	40	48	1	2	0	2	-27	45674	8	0	1596	1478	173,333,173,333
1526396032.267521825	110	40	48	1	2	0	2	-27	45675	8	0	1596	1478	173,333,173,333
1526396032.279264475	110	40	48	1	2	0	2	-27	45676	8	0	1596	1478	173,333,173,333
1526396032.291036599	110	40	48	1	2	0	2	-27	45677	8	0	1596	1478	173,333,173,333
1526396032.302781318	110	40	48	1	2	0	2	-27	45678	8	0	1596	1478	173,333,173,333
1526396032.314542143	110	40	48	1	2	0	2	-27	45679	8	0	1596	1478	173,333,173,333
1526396032.326303681	110	40	48	1	2	0	2	-27	45680	8	0	1596	1478	173,333,173,333
1526396032.338059610	110	40	48	1	2	0	2	-27	45681	8	0	1596	1478	173,333,173,333
1526396032.349818973	110	40	48	1	2	0	2	-27	45682	8	0	1596	1478	173,333,173,333
1526396032.361594201	110	40	48	1	2	0	2	-27	45683	8	0	1596	1478	173,333,173,333
1526396032.373198144	110	40	48	1	2	0	2	-27	45684	8	0	1596	1478	173,333,173,333
1526396032.385095131	110	40	48	1	2	0	2	-27	45685	8	0	1596	1478	173,333,173,333
1526396032.396860784	110	40	48	1	2	0	2	-27	45686	8	0	1596	1478	173,333,173,333
1526396032.408635139	110	40	48	1	2	0	2	-27	45687	8	0	1596	1478	173,333,173,333
1526396032.420393379	110	40	48	1	2	0	2	-27	45688	8	0	1596	1478	173,333,173,333
1526396032.432048491	110	40	48	1	2	0	2	-27	45689	8	0	1596	1478	173,333,173,333
1526396032.443820683	110	40	48	1	2	0	2	-27	45690	8	0	1596	1478	173,333,173,333
1526396032.455479821	110	40	48	1	2	0	2	-27	45691	8	0	1596	1478	173,333,173,333
1526396032.467437506	110	40	48	1	2	0	2	-27	45692	8	0	1596	1478	173,333,173,333
1526396032.479176543	110	40	48	1	2	0	2	-27	45693	8	0	1596	1478	173,333,173,333
1526396032.490917486	110	40	48	1	2	0	2	-27	45694	8	0	1596	1478	173,333,173,333
1526396032.502708893	110	40	48	1	2	0	2	-27	45695	8	0	1596	1478	173,333,173,333
1526396032.514465552	110	40	48	1	2	0	2	-27	45696	8	0	1596	1478	173,333,173,333
1526396032.526233845	110	40	48	1	2	0	2	-27	45697	8	0	1596	1478	173,333,173,333
1526396032.537982270	110	40	48	1	2	0	2	-27	45698	8	0	1596	1478	173,333,173,333
1526396032.549757476	110	40	48	1	2	0	2	-27	45699	8	0	1596	1478	173,333,173,333
1526396032.561498233	110	40	48	1	2	0	2	-27	45700	8	0	1596	1478	173,333,173,333
1526396032.573244405	110	40	48	1	2	0	2	-27	45701	8	0	1596	1478	173,333,173,333
1526396032.585025567	110	40	48	1	2	0	2	-27	45702	8	0	1596	1478	173,333,173,333
1526396032.596794675	110	40	48	1	2	0	2	-27	45703	8	0	1596	1478	173,333,173,333
1526396032.608453405	110	40	48	1	2	0	2	-27	45704	8	0	1596	1478	173,333,173,333
1526396032.620299583	110	40	48	1	2	0	2	-27	45705	8	0	1596	1478	173,333,173,333
1526396032.632059792	110	40	48	1	2	0	2	-27	45706	8	0	1596	1478	173,333,173,333
1526396032.643801292	110	40	48	1	2	0	2	-27	45707	8	0	1596	1478	173,333,173,333
1526396032.655577543	110	40	48	1	2	0	2	-27	45708	8	0	1596	1478	173,333,173,333
1526396032.667363666	110	40	48	1	2	0	2	-27	45709	8	0	1596	1478	173,333,173,333
1526396032.679107917	110	40	48	1	2	0	2	-27	45710	8	0	1596	1478	173,333,173,333
1526396032.690867685	110	40	48	1	2	0	2	-27	45711	8	0	1596	1478	173,333,173,333
1526396032.702623708	110	40	48	1	2	0	2	-27	45712	8	0	1596	1478	173,333,173,333
1526396032.714438042	110	40	48	1	2	0	2	-27	45713	8	0	1596	1478	173,333,173,333
1526396032.726070345	110	40	48	1	2	0	2	-27	45714	8	0	1596	1478	173,333,173,333
1526396032.737896795	110	40	48	1	2	0	2	-27	45715	8	0	1596	1478	173,333,173,333
1526396032.749669792	110	40	48	1	2	0	2	-27	45716	8	0	1596	1478	173,333,173,333
1526396032.761338132	110	40	48	1	2	0	2	-27	45717	8	0	1596	1478	173,333,173,333
1526396032.773185680	110	40	48	1	2	0	2	-27	45718	8	0	1596	1478	173,333,173,333
1526396032.784930106	110	40	48	1	2	0	2	-27	45719	8	0	1596	1478	173,333,173,333
1526396032.796685908	110	40	48	1	2	0	2	-27	45720	8	0	1596	1478	173,333,173,333
1526396032.808479685	110	40	48	1	2	0	2	-27	45721	8	0	1596	1478	173,333,173,333
1526396032.820241917	110	40	48	1	2	0	2	-27	45722	8	0	1596	1478	173,333,173,333
1526396032.831994878	110	40	48	1	2	0	2	-27	45723	8	0	1596	1478	173,333,173,333
1526396032.843740196	110	40	48	1	2	0	2	-27	45724	8	0	1596	1478	173,333,173,333
1526396032.855506492	110	40	48	1	2	0	2	-27	45725	8	0	1596	1478	173,333,173,333
1526396032.867266439	110	40	48	1	2	0	2	-27	45726	8	0	1596	1478	173,333,173,333
1526396032.878867201	110	40	48	1	2	0	2	-27	45727	8	0	1596	1478	173,333,173,333
1526396032.890659561	110	40	48	1	2	0	2	-27	45728	8	0	1596	1478	173,333,173,333
1526396032.902430880	110	40	48	1	2	0	2	-27	45729	8	0	1596	1478	173,333,173,333
1526396032.914192679	110	40	48	1	2	0	2	-27	45730	8	0	1596	1478	173,333,173,333
1526396032.925813064	110	40	48	1	2	0	2	-27	45731	8	0	1596	1478	173,333,173,333
1526396032.937653533	110	40	48	1	2	0	2	-27	45732	8	0	1596	1478	173,333,173,333
1526396032.949513195	110	40	48	1	2	0	2	-27	45733	8	0	1596	1478	173,333,173,333
1526396032.961325528	110	40	48	1	2	0	2	-27	45734	8	0	1596	1478	173,333,173,333
1526396032.973105846	110	40	48	1	2	0	2	-27	45735	8	0	1596	1478	173,333,173,333
1526396032.984796129	110	40	48	1	2	0	2	-27	45736	8	0	1596	1478	173,333,173,333
1526396032.996618749	110	40	48	1	2	0	2	-27	45737	8	0	1596	1478	173,333,173,333
1526396033.008390357	110	40	48	1	2	0	2	-27	45738	8	0	1596	1478	173,333,173,333
1526396033.020128687	110	40	48	1	2	0	2	-27	45739	8	0	1596	1478	173,333,173,333
1526396033.031735537	110	40	48	1	2	0	2	-27	45740	8	0	1596	1478	173,333,173,333
1526396033.043674487	110	40	48	1	2	0	2	-27	45741	8	0	1596	1478	173,333,173,333
1526396033.055443371	110	40	48	1	2	0	2	-27	45742	8	0	1596	1478	173,333,173,333
1526396033.067168071	110	40	48	1	2	0	2	-27	45743	8	0	1596	1478	173,333,173,333
1526396033.078941907	110	40	48	1	2	0	2	-27	45744	8	0	1596	1478	173,333,173,333
1526396033.090699586	110	40	48	1	2	0	2	-27	45745	8	0	1596	1478	173,333,173,333
1526396033.102472890	110	40	48	1	2	0	2	-27	45746	8	0	1596	1478	173,333,173,333
1526396033.114232934	110	40	48	1	2	0	2	-27	45747	8	0	1596	1478	173,333,173,333
1526396033.126007255	110	40	48	1	2	0	2	-27	45748	8	0	1596	1478	173,333,173,333
1526396033.137735353	110	40	48	1	2	0	2	-27	45749	8	0	1596	1478	173,333,173,333
1526396033.149511613	110	40	48	1	2	0	2	-27	45750	8	0	1596	1478	173,333,173,333
1526396033.161270737	110	40	48	1	2	0	2	-27	45751	8	0	1596	1478	173,333,173,333
1526396033.173026281	110	40	48	1	2	0	2	-27	45752	8	0	1596	1478	173,333,173,333
1526396033.184706682	110	40	48	1	2	0	2	-27	45753	8	0	1596	1478	173,333,173,333
1526396033.196556746	110	40	48	1	2	0	2	-27	45754	8	0	1596	1478	173,333,173,333
1526396033.208319315	110	40	48	1	2	0	2	-27	45755	8	0	1596	1478	173,333,173,333
1526396033.220066137	110	40	48	1	2	0	2	-27	45756	8	0	1596	1478	173,333,173,333
1526396033.231826999	110	40	48	1	2	0	2	-27	45757	8	0	1596	1478	173,333,173,333
1526396033.243589728	110	40	48	1	2	0	2	-27	45758	8	0	1596	1478	173,333,173,333
1526396033.255351281	110	40	48	1	2	0	2	-27	45759	8	0	1596	1478	173,333,173,333
1526396033.267114487	110	40	48	1	2	0	2	-27	45760	8	0	1596	1478	173,333,173,333
1526396033.278872571	110	40	48	1	2	0	2	-27	45761	8	0	1596	1478	173,333,173,333
1526396033.290595502	110	40	48	1	2	0	2	-27	45762	8	0	1596	1478	173,333,173,333
1526396033.302380341	110	40	48	1	2	0	2	-27	45763	8	0	1596	1478	173,333,173,333
1526396033.314151807	110	40	48	1	2	0	2	-27	45764	8	0	1596	1478	173,333,173,333
1526396033.325905499	110	40	48	1	2	0	2	-27	45765	8	0	1596	1478	173,333,173,333
1526396033.337594785	110	40	48	1	2	0	2	-27	45766	8	0	1596	1478	173,333,173,333
1526396033.349430020	110	40	48	1	2	0	2	-27	45767	8	0	1596	1478	173,333,173,333
1526396033.361194731	110	40	48	1	2	0	2	-27	45768	8	0	1596	1478	173,333,173,333
1526396033.372939570	110	40	48	1	2	0	2	-27	45769	8	0	1596	1478	173,333,173,333
1526396033.384704085	110	40	48	1	2	0	2	-27	45770	8	0	1596	1478	173,333,173,333
1526396033.396331416	110	40	48	1	2	0	2	-27	45771	8	0	1596	1478	173,333,173,333
1526396033.408218307	110	40	48	1	2	0	2	-27	45772	8	0	1596	1478	173,333,173,333
1526396033.419965674	110	40	48	1	2	0	2	-27	45773	8	0	1596	1478	173,333,173,333
1526396033.431614878	110	40	48	1	2	0	2	-28	45774	8	0	1596	1478	173,333,173,333
1526396033.443386847	110	40	48	1	2	0	2	-28	45775	8	0	1596	1478	173,333,173,333
1526396033.455256904	110	40	48	1	2	0	2	-28	45776	8	0	1596	1478	173,333,173,333
1526396033.467016002	110	40	48	1	2	0	2	-28	45777	8	0	1596	1478	173,333,173,333
1526396033.479007363	110	40	48	1	2	0	2	-27	45778	8	0	1596	1478	173,333,173,333
1526396033.490672303	110	40	48	1	2	0	2	-27	45779	8	0	1596	1478	173,333,173,333
1526396033.502304737	110	40	48	1	2	0	2	-28	45780	8	0	1596	1478	173,333,173,333
1526396033.514047954	110	40	48	1	2	0	2	-28	45781	8	0	1596	1478	173,333,173,333
1526396033.525826345	110	40	48	1	2	0	2	-28	45782	8	0	1596	1478	173,333,173,333
1526396033.537609483	110	40	48	1	2	0	2	-27	45783	8	0	1596	1478	173,333,173,333
1526396033.549341478	110	40	48	1	2	0	2	-28	45784	8	0	1596	1478	173,333,173,333
1526396033.561113257	110	40	48	1	2	0	2	-28	45785	8	0	1596	1478	173,333,173,333
1526396033.572885445	110	40	48	1	2	0	2	-27	45786	8	0	1596	1478	173,333,173,333
1526396033.584641369	110	40	48	1	2	0	2	-27	45787	8	0	1596	1478	173,333,173,333
1526396033.596383730	110	40	48	1	2	0	2	-27	45788	8	0	1596	1478	173,333,173,333
1526396033.608149331	110	40	48	1	2	0	2	-27	45789	8	0	1596	1478	173,333,173,333
1526396033.619907269	110	40	48	1	2	0	2	-27	45790	8	0	1596	1478	173,333,173,333
1526396033.631690486	110	40	48	1	2	0	2	-27	45791	8	0	1596	1478	173,333,173,333
1526396033.643434394	110	40	48	1	2	0	2	-27	45792	8	0	1596	1478	173,333,173,333
1526396033.655175099	110	40	48	1	2	0	2	-27	45793	8	0	1596	1478	173,333,173,333
1526396033.666971818	110	40	48	1	2	0	2	-27	45794	8	0	1596	1478	173,333,173,333
1526396033.678714688	110	40	48	1	2	0	2	-27	45795	8	0	1596	1478	173,333,173,333
1526396033.690473610	110	40	48	1	2	0	2	-27	45796	8	0	1596	1478	173,333,173,333
1526396033.702234443	110	40	48	1	2	0	2	-27	45797	8	0	1596	1478	173,333,173,333
1526396033.713986310	110	40	48	1	2	0	2	-27	45798	8	0	1596	1478	173,333,173,333
1526396033.725746667	110	40	48	1	2	0	2	-27	45799	8	0	1596	1478	173,333,173,333
1526396033.737951356	110	40	48	1	2	0	2	-27	45800	8	0	1596	1478	173,333,173,333
1526396033.749270049	110	40	48	1	2	0	2	-27	45801	8	0	1596	1478	173,333,173,333
1526396033.761042098	110	40	48	1	2	0	2	-27	45802	8	0	1596	1478	173,333,173,333
1526396033.772783955	110	40	48	1	2	0	2	-27	45803	8	0	1596	1478	173,333,173,333
1526396033.784541211	110	40	48	1	2	0	2	-27	45804	8	0	1596	1478	173,333,173,333
1526396033.796255245	110	40	48	1	2	0	2	-27	45805	8	0	1596	1478	173,333,173,333
1526396033.808063757	110	40	48	1	2	0	2	-27	45806	8	0	1596	1478	173,333,173,333
1526396033.819826010	110	40	48	1	2	0	2	-27	45807	8	0	1596	1478	173,333,173,333
1526396033.831584444	110	40	48	1	2	0	2	-27	45808	8	0	1596	1478	173,333,173,333
1526396033.843350413	110	40	48	1	2	0	2	-27	45809	8	0	1596	1478	173,333,173,333
1526396033.855009072	110	40	48	1	2	0	2	-27	45810	8	0	1596	1478	173,333,173,333
1526396033.866791301	110	40	48	1	2	0	2	-27	45811	8	0	1596	1478	173,333,173,333
1526396033.878533037	110	40	48	1	2	0	2	-27	45812	8	0	1596	1478	173,333,173,333
1526396033.890303337	110	40	48	1	2	0	2	-27	45813	8	0	1596	1478	173,333,173,333
1526396033.901929014	110	40	48	1	2	0	2	-27	45814	8	0	1596	1478	173,333,173,333
1526396033.913756792	110	40	48	1	2	0	2	-27	45815	8	0	1596	1478	173,333,173,333
1526396033.925604306	110	40	48	1	2	0	2	-27	45816	8	0	1596	1478	173,333,173,333
1526396033.937413989	110	40	48	1	2	0	2	-27	45817	8	0	1596	1478	173,333,173,333
1526396033.949074228	110	40	48	1	2	0	2	-27	45818	8	0	1596	1478	173,333,173,333
1526396033.960927740	110	40	48	1	2	0	2	-27	45819	8	0	1596	1478	173,333,173,333
1526396033.972679951	110	40	48	1	2	0	2	-27	45820	8	0	1596	1478	173,333,173,333
1526396033.984477154	110	40	48	1	2	0	2	-27	45821	8	0	1596	1478	173,333,173,333
1526396033.996219180	110	40	48	1	2	0	2	-27	45822	8	0	1596	1478	173,333,173,333
1526396034.007969236	110	40	48	1	2	0	2	-27	45823	8	0	1596	1478	173,333,173,333
1526396034.019741102	110	40	48	1	2	0	2	-27	45824	8	0	1596	1478	173,333,173,333
1526396034.031384917	110	40	48	1	2	0	2	-27	45825	8	0	1596	1478	173,333,173,333
1526396034.043222164	110	40	48	1	2	0	2	-27	45826	8	0	1596	1478	173,333,173,333
1526396034.055037402	110	40	48	1	2	0	2	-27	45827	8	0	1596	1478	173,333,173,333
1526396034.066784715	110	40	48	1	2	0	2	-27	45828	8	0	1596	1478	173,333,173,333
1526396034.078551172	110	40	48	1	2	0	2	-27	45829	8	0	1596	1478	173,333,173,333
1526396034.090302988	110	40	48	1	2	0	2	-27	45830	8	0	1596	1478	173,333,173,333
1526396034.102003984	110	40	48	1	2	0	2	-27	45831	8	0	1596	1478	173,333,173,333
1526396034.113777314	110	40	48	1	2	0	2	-27	45832	8	0	1596	1478	173,333,173,333
1526396034.125523106	110	40	48	1	2	0	2	-27	45833	8	0	1596	1478	173,333,173,333
1526396034.137319338	110	40	48	1	2	0	2	-27	45834	8	0	1596	1478	173,333,173,333
1526396034.149108131	110	40	48	1	2	0	2	-27	45835	8	0	1596	1478	173,333,173,333
1526396034.160888485	110	40	48	1	2	0	2	-27	45836	8	0	1596	1478	173,333,173,333
1526396034.172632600	110	40	48	1	2	0	2	-27	45837	8	0	1596	1478	173,333,173,333
1526396034.184390930	110	40	48	1	2	0	2	-27	45838	8	0	1596	1478	173,333,173,333
1526396034.196163839	110	40	48	1	2	0	2	-27	45839	8	0	1596	1478	173,333,173,333
1526396034.207910115	110	40	48	1	2	0	2	-27	45840	8	0	1596	1478	173,333,173,333
1526396034.219693013	110	40	48	1	2	0	2	-27	45841	8	0	1596	1478	173,333,173,333
1526396034.231436769	110	40	48	1	2	0	2	-27	45842	8	0	1596	1478	173,333,173,333
1526396034.243193915	110	40	48	1	2	0	2	-27	45843	8	0	1596	1478	173,333,173,333
1526396034.254872010	110	40	48	1	2	0	2	-27	45844	8	0	1596	1478	173,333,173,333
1526396034.266702397	110	40	48	1	2	0	2	-27	45845	8	0	1596	1478	173,333,173,333
1526396034.278454905	110	40	48	1	2	0	2	-27	45846	8	0	1596	1478	173,333,173,333
1526396034.290228906	110	40	48	1	2	0	2	-27	45847	8	0	1596	1478	173,333,173,333
1526396034.301984971	110	40	48	1	2	0	2	-27	45848	8	0	1596	1478	173,333,173,333
1526396034.313745925	110	40	48	1	2	0	2	-27	45849	8	0	1596	1478	173,333,173,333
1526396034.325515988	110	40	48	1	2	0	2	-27	45850	8	0	1596	1478	173,333,173,333
1526396034.337260419	110	40	48	1	2	0	2	-27	45851	8	0	1596	1478	173,333,173,333
1526396034.349016498	110	40	48	1	2	0	2	-27	45852	8	0	1596	1478	173,333,173,333
1526396034.360782537	110	40	48	1	2	0	2	-27	45853	8	0	1596	1478	173,333,173,333
1526396034.372546210	110	40	48	1	2	0	2	-27	45854	8	0	1596	1478	173,333,173,333
1526396034.384308270	110	40	48	1	2	0	2	-27	45855	8	0	1596	1478	173,333,173,333
1526396034.396070955	110	40	48	1	2	0	2	-27	45856	8	0	1596	1478	173,333,173,333
1526396034.407848758	110	40	48	1	2	0	2	-27	45857	8	0	1596	1478	173,333,173,333
1526396034.419488467	110	40	48	1	2	0	2	-27	45858	8	0	1596	1478	173,333,173,333
1526396034.431219261	110	40	48	1	2	0	2	-27	45859	8	0	1596	1478	173,333,173,333
1526396034.443084863	110	40	48	1	2	0	2	-27	45860	8	0	1596	1478	173,333,173,333
1526396034.455180595	110	40	48	1	2	0	2	-27	45861	8	0	1596	1478	173,333,173,333
1526396034.466604421	110	40	48	1	2	0	2	-27	45862	8	0	1596	1478	173,333,173,333
1526396034.478373201	110	40	48	1	2	0	2	-27	45863	8	0	1596	1478	173,333,173,333
1526396034.490149610	110	40	48	1	2	0	2	-27	45864	8	0	1596	1478	173,333,173,333
1526396034.501898116	110	40	48	1	2	0	2	-27	45865	8	0	1596	1478	173,333,173,333
1526396034.513536619	110	40	48	1	2	0	2	-27	45867	8	0	1596	1478	173,333,173,333
1526396034.525471716	110	40	48	1	2	0	2	-27	45868	8	0	1596	1478	173,333,173,333
1526396034.537213107	110	40	48	1	2	0	2	-27	45869	8	0	1596	1478	173,333,173,333
1526396034.548960347	110	40	48	1	2	0	2	-27	45870	8	0	1596	1478	173,333,173,333
1526396034.560704181	110	40	48	1	2	0	2	-27	45871	8	0	1596	1478	173,333,173,333
1526396034.572456122	110	40	48	1	2	0	2	-27	45872	8	0	1596	1478	173,333,173,333
1526396034.584252462	110	40	48	1	2	0	2	-27	45873	8	0	1596	1478	173,333,173,333
1526396034.595970424	110	40	48	1	2	0	2	-27	45874	8	0	1596	1478	173,333,173,333
1526396034.607735261	110	40	48	1	2	0	2	-27	45875	8	0	1596	1478	173,333,173,333
1526396034.619508429	110	40	48	1	2	0	2	-27	45876	8	0	1596	1478	173,333,173,333
1526396034.631230184	110	40	48	1	2	0	2	-27	45877	8	0	1596	1478	173,333,173,333
1526396034.643015764	110	40	48	1	2	0	2	-27	45878	8	0	1596	1478	173,333,173,333
1526396034.654768679	110	40	48	1	2	0	2	-27	45879	8	0	1596	1478	173,333,173,333
1526396034.666546288	110	40	48	1	2	0	2	-27	45880	8	0	1596	1478	173,333,173,333
1526396034.678314862	110	40	48	1	2	0	2	-27	45881	8	0	1596	1478	173,333,173,333
1526396034.690076203	110	40	48	1	2	0	2	-27	45882	8	0	1596	1478	173,333,173,333
1526396034.701719128	110	40	48	1	2	0	2	-27	45883	8	0	1596	1478	173,333,173,333
1526396034.713416813	110	40	48	1	2	0	2	-27	45884	8	0	1596	1478	173,333,173,333
1526396034.725173842	110	40	48	1	2	0	2	-27	45885	8	0	1596	1478	173,333,173,333
1526396034.737031058	110	40	48	1	2	0	2	-27	45886	8	0	1596	1478	173,333,173,333
1526396034.748873392	110	40	48	1	2	0	2	-27	45887	8	0	1596	1478	173,333,173,333
1526396034.760644093	110	40	48	1	2	0	2	-27	45888	8	0	1596	1478	173,333,173,333
1526396034.772408085	110	40	48	1	2	0	2	-27	45889	8	0	1596	1478	173,333,173,333
1526396034.784146770	110	40	48	1	2	0	2	-27	45890	8	0	1596	1478	173,333,173,333
1526396034.795917083	110	40	48	1	2	0	2	-27	45891	8	0	1596	1478	173,333,173,333
1526396034.807692052	110	40	48	1	2	0	2	-27	45892	8	0	1596	1478	173,333,173,333
1526396034.819494830	110	40	48	1	2	0	2	-27	45893	8	0	1596	1478	173,333,173,333
1526396034.831037896	110	40	48	1	2	0	2	-27	45894	8	0	1596	1478	173,333,173,333
1526396034.842855518	110	40	48	1	2	0	2	-27	45895	8	0	1596	1478	173,333,173,333
1526396034.854609657	110	40	48	1	2	0	2	-27	45896	8	0	1596	1478	173,333,173,333
1526396034.866283482	110	40	48	1	2	0	2	-27	45897	8	0	1596	1478	173,333,173,333
1526396034.878112754	110	40	48	1	2	0	2	-27	45898	8	0	1596	1478	173,333,173,333
1526396034.889869834	110	40	48	1	2	0	2	-27	45899	8	0	1596	1478	173,333,173,333
1526396034.901635251	110	40	48	1	2	0	2	-27	45900	8	0	1596	1478	173,333,173,333
1526396034.913403446	110	40	48	1	2	0	2	-27	45901	8	0	1596	1478	173,333,173,333
1526396034.925142104	110	40	48	1	2	0	2	-27	45902	8	0	1596	1478	173,333,173,333
1526396034.936891609	110	40	48	1	2	0	2	-27	45903	8	0	1596	1478	173,333,173,333
1526396034.948715175	110	40	48	1	2	0	2	-27	45904	8	0	1596	1478	173,333,173,333
1526396034.960541000	110	40	48	1	2	0	2	-27	45905	8	0	1596	1478	173,333,173,333
1526396034.972299854	110	40	48	1	2	0	2	-27	45906	8	0	1596	1478	173,333,173,333
1526396034.984071075	110	40	48	1	2	0	2	-27	45907	8	0	1596	1478	173,333,173,333
1526396034.995811746	110	40	48	1	2	0	2	-27	45908	8	0	1596	1478	173,333,173,333
1526396035.007611545	110	40	48	1	2	0	2	-27	45909	8	0	1596	1478	173,333,173,333
1526396035.019351905	110	40	48	1	2	0	2	-27	45910	8	0	1596	1478	173,333,173,333
1526396035.031040534	110	40	48	1	2	0	2	-27	45911	8	0	1596	1478	173,333,173,333
1526396035.042879868	110	40	48	1	2	0	2	-27	45912	8	0	1596	1478	173,333,173,333
1526396035.054644369	110	40	48	1	2	0	2	-27	45913	8	0	1596	1478	173,333,173,333
1526396035.066398713	110	40	48	1	2	0	2	-27	45914	8	0	1596	1478	173,333,173,333
1526396035.078190841	110	40	48	1	2	0	2	-27	45915	8	0	1596	1478	173,333,173,333
1526396035.089911683	110	40	48	1	2	0	2	-27	45916	8	0	1596	1478	173,333,173,333
1526396035.101645891	110	40	48	1	2	0	2	-27	45917	8	0	1596	1478	173,333,173,333
1526396035.113434532	110	40	48	1	2	0	2	-27	45918	8	0	1596	1478	173,333,173,333
1526396035.125183109	110	40	48	1	2	0	2	-27	45919	8	0	1596	1478	173,333,173,333
1526396035.136944235	110	40	48	1	2	0	2	-27	45920	8	0	1596	1478	173,333,173,333
1526396035.148576858	110	40	48	1	2	0	2	-27	45921	8	0	1596	1478	173,333,173,333
1526396035.160446282	110	40	48	1	2	0	2	-27	45922	8	0	1596	1478	173,333,173,333
1526396035.172290956	110	40	48	1	2	0	2	-27	45923	8	0	1596	1478	173,333,173,333
1526396035.184053743	110	40	48	1	2	0	2	-27	45924	8	0	1596	1478	173,333,173,333
1526396035.195799690	110	40	48	1	2	0	2	-27	45925	8	0	1596	1478	173,333,173,333
1526396035.207561893	110	40	48	1	2	0	2	-27	45926	8	0	1596	1478	173,333,173,333
1526396035.219305153	110	40	48	1	2	0	2	-27	45927	8	0	1596	1478	173,333,173,333
1526396035.231086020	110	40	48	1	2	0	2	-27	45928	8	0	1596	1478	173,333,173,333
1526396035.242818860	110	40	48	1	2	0	2	-27	45929	8	0	1596	1478	173,333,173,333
1526396035.254593933	110	40	48	1	2	0	2	-27	45930	8	0	1596	1478	173,333,173,333
1526396035.266348929	110	40	48	1	2	0	2	-27	45931	8	0	1596	1478	173,333,173,333
1526396035.278126108	110	40	48	1	2	0	2	-27	45932	8	0	1596	1478	173,333,173,333
1526396035.289891993	110	40	48	1	2	0	2	-27	45933	8	0	1596	1478	173,333,173,333
1526396035.301652012	110	40	48	1	2	0	2	-27	45934	8	0	1596	1478	173,333,173,333
1526396035.313349560	110	40	48	1	2	0	2	-27	45935	8	0	1596	1478	173,333,173,333
1526396035.325081361	110	40	48	1	2	0	2	-27	45936	8	0	1596	1478	173,333,173,333
1526396035.336916211	110	40	48	1	2	0	2	-27	45937	8	0	1596	1478	173,333,173,333
1526396035.348690613	110	40	48	1	2	0	2	-27	45938	8	0	1596	1478	173,333,173,333
1526396035.360453524	110	40	48	1	2	0	2	-27	45939	8	0	1596	1478	173,333,173,333
1526396035.372120044	110	40	48	1	2	0	2	-27	45940	8	0	1596	1478	173,333,173,333
1526396035.383717853	110	40	48	1	2	0	2	-27	45941	8	0	1596	1478	173,333,173,333
1526396035.395597384	110	40	48	1	2	0	2	-27	45942	8	0	1596	1478	173,333,173,333
1526396035.407356074	110	40	48	1	2	0	2	-27	45943	8	0	1596	1478	173,333,173,333
1526396035.419169007	110	40	48	1	2	0	2	-27	45944	8	0	1596	1478	173,333,173,333
1526396035.430870901	110	40	48	1	2	0	2	-27	45945	8	0	1596	1478	173,333,173,333
1526396035.442630449	110	40	48	1	2	0	2	-27	45946	8	0	1596	1478	173,333,173,333
1526396035.454371988	110	40	48	1	2	0	2	-27	45947	8	0	1596	1478	173,333,173,333
1526396035.466147258	110	40	48	1	2	0	2	-27	45948	8	0	1596	1478	173,333,173,333
1526396035.477884624	110	40	48	1	2	0	2	-27	45949	8	0	1596	1478	173,333,173,333
1526396035.489729764	110	40	48	1	2	0	2	-27	45950	8	0	1596	1478	173,333,173,333
1526396035.501498584	110	40	48	1	2	0	2	-27	45951	8	0	1596	1478	173,333,173,333
1526396035.513287037	110	40	48	1	2	0	2	-27	45952	8	0	1596	1478	173,333,173,333
1526396035.525046864	110	40	48	1	2	0	2	-27	45953	8	0	1596	1478	173,333,173,333
1526396035.536728013	110	40	48	1	2	0	2	-27	45954	8	0	1596	1478	173,333,173,333
1526396035.548453309	110	40	48	1	2	0	2	-27	45955	8	0	1596	1478	173,333,173,333
1526396035.560226040	110	40	48	1	2	0	2	-27	45956	8	0	1596	1478	173,333,173,333
1526396035.572070511	110	40	48	1	2	0	2	-27	45957	8	0	1596	1478	173,333,173,333
1526396035.583764850	110	40	48	1	2	0	2	-27	45958	8	0	1596	1478	173,333,173,333
1526396035.595566369	110	40	48	1	2	0	2	-27	45959	8	0	1596	1478	173,333,173,333
1526396035.607353875	110	40	48	1	2	0	2	-27	45960	8	0	1596	1478	173,333,173,333
1526396035.619099969	110	40	48	1	2	0	2	-27	45961	8	0	1596	1478	173,333,173,333
1526396035.630792889	110	40	48	1	2	0	2	-27	45962	8	0	1596	1478	173,333,173,333
1526396035.642612321	110	40	48	1	2	0	2	-27	45963	8	0	1596	1478	173,333,173,333
1526396035.654391505	110	40	48	1	2	0	2	-27	45964	8	0	1596	1478	173,333,173,333
1526396035.666153144	110	40	48	1	2	0	2	-27	45965	8	0	1596	1478	173,333,173,333
1526396035.677903294	110	40	48	1	2	0	2	-27	45966	8	0	1596	1478	173,333,173,333
1526396035.689599968	110	40	48	1	2	0	2	-27	45967	8	0	1596	1478	173,333,173,333
1526396035.701429239	110	40	48	1	2	0	2	-27	45968	8	0	1596	1478	173,333,173,333
1526396035.713178256	110	40	48	1	2	0	2	-27	45969	8	0	1596	1478	173,333,173,333
1526396035.724895576	110	40	48	1	2	0	2	-27	45970	8	0	1596	1478	173,333,173,333
1526396035.736698701	110	40	48	1	2	0	2	-27	45971	8	0	1596	1478	173,333,173,333
1526396035.748375669	110	40	48	1	2	0	2	-27	45972	8	0	1596	1478	173,333,173,333
1526396035.760222903	110	40	48	1	2	0	2	-27	45973	8	0	1596	1478	173,333,173,333
1526396035.771990284	110	40	48	1	2	0	2	-27	45974	8	0	1596	1478	173,333,173,333
1526396035.783746805	110	40	48	1	2	0	2	-27	45975	8	0	1596	1478	173,333,173,333
1526396035.795516669	110	40	48	1	2	0	2	-27	45976	8	0	1596	1478	173,333,173,333
1526396035.807159757	110	40	48	1	2	0	2	-27	45977	8	0	1596	1478	173,333,173,333
1526396035.818922717	110	40	48	1	2	0	2	-27	45978	8	0	1596	1478	173,333,173,333
1526396035.830604843	110	40	48	1	2	0	2	-27	45979	8	0	1596	1478	173,333,173,333
1526396035.842370436	110	40	48	1	2	0	2	-27	45980	8	0	1596	1478	173,333,173,333
1526396035.854183183	110	40	48	1	2	0	2	-27	45981	8	0	1596	1478	173,333,173,333
1526396035.865952912	110	40	48	1	2	0	2	-27	45982	8	0	1596	1478	173,333,173,333
1526396035.877723028	110	40	48	1	2	0	2	-27	45983	8	0	1596	1478	173,333,173,333
1526396035.889491823	110	40	48	1	2	0	2	-27	45984	8	0	1596	1478	173,333,173,333
1526396035.901228869	110	40	48	1	2	0	2	-27	45985	8	0	1596	1478	173,333,173,333
1526396035.912938434	110	40	48	1	2	0	2	-27	45986	8	0	1596	1478	173,333,173,333
1526396035.924654209	110	40	48	1	2	0	2	-27	45987	8	0	1596	1478	173,333,173,333
1526396035.936548569	110	40	48	1	2	0	2	-27	45988	8	0	1596	1478	173,333,173,333
1526396035.948277187	110	40	48	1	2	0	2	-27	45989	8	0	1596	1478	173,333,173,333
1526396035.960034308	110	40	48	1	2	0	2	-27	45990	8	0	1596	1478	173,333,173,333
1526396035.971830396	110	40	48	1	2	0	2	-27	45991	8	0	1596	1478	173,333,173,333
1526396035.983660909	110	40	48	1	2	0	2	-27	45992	8	0	1596	1478	173,333,173,333
1526396035.995352887	110	40	48	1	2	0	2	-27	45993	8	0	1596	1478	173,333,173,333
1526396036.007199621	110	40	48	1	2	0	2	-27	45994	8	0	1596	1478	173,333,173,333
1526396036.018937165	110	40	48	1	2	0	2	-27	45995	8	0	1596	1478	173,333,173,333
1526396036.030553199	110	40	48	1	2	0	2	-27	45996	8	0	1596	1478	173,333,173,333
1526396036.042358983	110	40	48	1	2	0	2	-27	45997	8	0	1596	1478	173,333,173,333
1526396036.054111799	110	40	48	1	2	0	2	-27	45998	8	0	1596	1478	173,333,173,333
1526396036.065977597	110	40	48	1	2	0	2	-27	45999	8	0	1596	1478	173,333,173,333
1526396036.077724294	110	40	48	1	2	0	2	-27	46000	8	0	1596	1478	173,333,173,333
1526396036.089519243	110	40	48	1	2	0	2	-27	46001	8	0	1596	1478	173,333,173,333
1526396036.101287486	110	40	48	1	2	0	2	-27	46002	8	0	1596	1478	173,333,173,333
1526396036.113027543	110	40	48	1	2	0	2	-27	46003	8	0	1596	1478	173,333,173,333
1526396036.124797381	110	40	48	1	2	0	2	-28	46004	8	0	1596	1478	173,333,173,333
1526396036.136543508	110	40	48	1	2	0	2	-28	46005	8	0	1596	1478	173,333,173,333
1526396036.148226022	110	40	48	1	2	0	2	-27	46006	8	0	1596	1478	173,333,173,333
1526396036.160063537	110	40	48	1	2	0	2	-27	46007	8	0	1596	1478	173,333,173,333
1526396036.171819233	110	40	48	1	2	0	2	-27	46008	8	0	1596	1478	173,333,173,333
1526396036.183585563	110	40	48	1	2	0	2	-27	46009	8	0	1596	1478	173,333,173,333
1526396036.195691835	110	40	48	1	2	0	2	-27	46010	8	0	1596	1478	173,333,173,333
1526396036.207114634	110	40	48	1	2	0	2	-27	46011	8	0	1596	1478	173,333,173,333
1526396036.218890660	110	40	48	1	2	0	2	-27	46012	8	0	1596	1478	173,333,173,333
1526396036.230611013	110	40	48	1	2	0	2	-27	46013	8	0	1596	1478	173,333,173,333
1526396036.242395994	110	40	48	1	2	0	2	-27	46014	8	0	1596	1478	173,333,173,333
1526396036.254150539	110	40	48	1	2	0	2	-27	46015	8	0	1596	1478	173,333,173,333
1526396036.265916687	110	40	48	1	2	0	2	-26	46016	8	0	1596	1478	173,333,173,333
1526396036.277676616	110	40	48	1	2	0	2	-26	46017	8	0	1596	1478	173,333,173,333
1526396036.289430037	110	40	48	1	2	0	2	-26	46018	8	0	1596	1478	173,333,173,333
1526396036.301174067	110	40	48	1	2	0	2	-26	46019	8	0	1596	1478	173,333,173,333
1526396036.312942474	110	40	48	1	2	0	2	-26	46020	8	0	1596	1478	173,333,173,333
1526396036.324709520	110	40	48	1	2	0	2	-26	46021	8	0	1596	1478	173,333,173,333
1526396036.336467280	110	40	48	1	2	0	2	-26	46022	8	0	1596	1478	173,333,173,333
1526396036.348126089	110	40	48	1	2	0	2	-27	46023	8	0	1596	1478	173,333,173,333
1526396036.359974163	110	40	48	1	2	0	2	-27	46024	8	0	1596	1478	173,333,173,333
1526396036.371738783	110	40	48	1	2	0	2	-27	46025	8	0	1596	1478	173,333,173,333
1526396036.383503984	110	40	48	1	2	0	2	-27	46026	8	0	1596	1478	173,333,173,333
1526396036.395274759	110	40	48	1	2	0	2	-27	46027	8	0	1596	1478	173,333,173,333
1526396036.407024215	110	40	48	1	2	0	2	-27	46028	8	0	1596	1478	173,333,173,333
1526396036.418769754	110	40	48	1	2	0	2	-27	46029	8	0	1596	1478	173,333,173,333
1526396036.430542968	110	40	48	1	2	0	2	-27	46030	8	0	1596	1478	173,333,173,333
1526396036.442293066	110	40	48	1	2	0	2	-27	46031	8	0	1596	1478	173,333,173,333
1526396036.453922815	110	40	48	1	2	0	2	-27	46032	8	0	1596	1478	173,333,173,333
1526396036.465738676	110	40	48	1	2	0	2	-27	46033	8	0	1596	1478	173,333,173,333
1526396036.477574943	110	40	48	1	2	0	2	-27	46034	8	0	1596	1478	173,333,173,333
1526396036.489344148	110	40	48	1	2	0	2	-27	46035	8	0	1596	1478	173,333,173,333
1526396036.501018132	110	40	48	1	2	0	2	-27	46036	8	0	1596	1478	173,333,173,333
1526396036.512863893	110	40	48	1	2	0	2	-27	46037	8	0	1596	1478	173,333,173,333
1526396036.524512294	110	40	48	1	2	0	2	-27	46038	8	0	1596	1478	173,333,173,333
1526396036.536312765	110	40	48	1	2	0	2	-27	46039	8	0	1596	1478	173,333,173,333
1526396036.548077645	110	40	48	1	2	0	2	-27	46040	8	0	1596	1478	173,333,173,333
1526396036.559805178	110	40	48	1	2	0	2	-27	46041	8	0	1596	1478	173,333,173,333
1526396036.571731249	110	40	48	1	2	0	2	-27	46042	8	0	1596	1478	173,333,173,333
1526396036.583420877	110	40	48	1	2	0	2	-26	46043	8	0	1596	1478	173,333,173,333
1526396036.595173403	110	40	48	1	2	0	2	-26	46044	8	0	1596	1478	173,333,173,333
1526396036.606926374	110	40	48	1	2	0	2	-26	46045	8	0	1596	1478	173,333,173,333
1526396036.618698917	110	40	48	1	2	0	2	-26	46046	8	0	1596	1478	173,333,173,333
1526396036.630463508	110	40	48	1	2	0	2	-26	46047	8	0	1596	1478	173,333,173,333
1526396036.642226313	110	40	48	1	2	0	2	-26	46048	8	0	1596	1478	173,333,173,333
1526396036.653993297	110	40	48	1	2	0	2	-27	46049	8	0	1596	1478	173,333,173,333
1526396036.665659845	110	40	48	1	2	0	2	-27	46050	8	0	1596	1478	173,333,173,333
1526396036.677518913	110	40	48	1	2	0	2	-27	46051	8	0	1596	1478	173,333,173,333
1526396036.689265442	110	40	48	1	2	0	2	-27	46052	8	0	1596	1478	173,333,173,333
1526396036.701045384	110	40	48	1	2	0	2	-27	46053	8	0	1596	1478	173,333,173,333
1526396036.712781772	110	40	48	1	2	0	2	-27	46054	8	0	1596	1478	173,333,173,333
1526396036.724553950	110	40	48	1	2	0	2	-27	46055	8	0	1596	1478	173,333,173,333
1526396036.736310441	110	40	48	1	2	0	2	-27	46056	8	0	1596	1478	173,333,173,333
1526396036.748067447	110	40	48	1	2	0	2	-27	46057	8	0	1596	1478	173,333,173,333
1526396036.759806629	110	40	48	1	2	0	2	-27	46058	8	0	1596	1478	173,333,173,333
1526396036.771497151	110	40	48	1	2	0	2	-27	46059	8	0	1596	1478	173,333,173,333
1526396036.783256904	110	40	48	1	2	0	2	-27	46060	8	0	1596	1478	173,333,173,333
1526396036.795011253	110	40	48	1	2	0	2	-27	46061	8	0	1596	1478	173,333,173,333
1526396036.806772170	110	40	48	1	2	0	2	-27	46062	8	0	1596	1478	173,333,173,333
1526396036.818531979	110	40	48	1	2	0	2	-27	46063	8	0	1596	1478	173,333,173,333
1526396036.830280895	110	40	48	1	2	0	2	-27	46064	8	0	1596	1478	173,333,173,333
1526396036.842136221	110	40	48	1	2	0	2	-27	46065	8	0	1596	1478	173,333,173,333
1526396036.853908448	110	40	48	1	2	0	2	-27	46066	8	0	1596	1478	173,333,173,333
1526396036.865666033	110	40	48	1	2	0	2	-27	46067	8	0	1596	1478	173,333,173,333
1526396036.877435537	110	40	48	1	2	0	2	-27	46068	8	0	1596	1478	173,333,173,333
1526396036.889176387	110	40	48	1	2	0	2	-27	46069	8	0	1596	1478	173,333,173,333
1526396036.900949508	110	40	48	1	2	0	2	-27	46070	8	0	1596	1478	173,333,173,333
1526396036.912910113	110	40	48	1	2	0	2	-27	46071	8	0	1596	1478	173,333,173,333
1526396036.924466498	110	40	48	1	2	0	2	-27	46072	8	0	1596	1478	173,333,173,333
1526396036.936227079	110	40	48	1	2	0	2	-27	46073	8	0	1596	1478	173,333,173,333
1526396036.947980925	110	40	48	1	2	0	2	-27	46074	8	0	1596	1478	173,333,173,333
1526396036.959746529	110	40	48	1	2	0	2	-27	46075	8	0	1596	1478	173,333,173,333
1526396036.971489218	110	40	48	1	2	0	2	-27	46076	8	0	1596	1478	173,333,173,333
1526396036.983194804	110	40	48	1	2	0	2	-27	46077	8	0	1596	1478	173,333,173,333
1526396036.995032888	110	40	48	1	2	0	2	-27	46078	8	0	1596	1478	173,333,173,333
1526396037.006788164	110	40	48	1	2	0	2	-27	46079	8	0	1596	1478	173,333,173,333
1526396037.018539916	110	40	48	1	2	0	2	-27	46080	8	0	1596	1478	173,333,173,333
1526396037.030192516	110	40	48	1	2	0	2	-28	46081	8	0	1596	1478	173,333,173,333
1526396037.041939285	110	40	48	1	2	0	2	-28	46082	8	0	1596	1478	173,333,173,333
1526396037.053818007	110	40	48	1	2	0	2	-28	46083	8	0	1596	1478	173,333,173,333
1526396037.065560991	110	40	48	1	2	0	2	-28	46084	8	0	1596	1478	173,333,173,333
1526396037.077344577	110	40	48	1	2	0	2	-27	46085	8	0	1596	1478	173,333,173,333
1526396037.089127492	110	40	48	1	2	0	2	-27	46086	8	0	1596	1478	173,333,173,333
1526396037.100879765	110	40	48	1	2	0	2	-27	46087	8	0	1596	1478	173,333,173,333
1526396037.112570953	110	40	48	1	2	0	2	-27	46088	8	0	1596	1478	173,333,173,333
1526396037.124321457	110	40	48	1	2	0	2	-27	46089	8	0	1596	1478	173,333,173,333
1526396037.136069953	110	40	48	1	2	0	2	-27	46090	8	0	1596	1478	173,333,173,333
1526396037.147845446	110	40	48	1	2	0	2	-27	46091	8	0	1596	1478	173,333,173,333
1526396037.159688291	110	40	48	1	2	0	2	-27	46092	8	0	1596	1478	173,333,173,333
1526396037.171458595	110	40	48	1	2	0	2	-27	46093	8	0	1596	1478	173,333,173,333
1526396037.183182660	110	40	48	1	2	0	2	-27	46094	8	0	1596	1478	173,333,173,333
1526396037.194934441	110	40	48	1	2	0	2	-27	46095	8	0	1596	1478	173,333,173,333
1526396037.206709287	110	40	48	1	2	0	2	-27	46096	8	0	1596	1478	173,333,173,333
1526396037.218466161	110	40	48	1	2	0	2	-27	46097	8	0	1596	1478	173,333,173,333
1526396037.230234931	110	40	48	1	2	0	2	-26	46098	8	0	1596	1478	173,333,173,333
1526396037.241981294	110	40	48	1	2	0	2	-27	46099	8	0	1596	1478	173,333,173,333
1526396037.253747447	110	40	48	1	2	0	2	-27	46100	8	0	1596	1478	173,333,173,333
1526396037.265505218	110	40	48	1	2	0	2	-27	46101	8	0	1596	1478	173,333,173,333
1526396037.277254836	110	40	48	1	2	0	2	-27	46102	8	0	1596	1478	173,333,173,333
1526396037.288974462	110	40	48	1	2	0	2	-27	46103	8	0	1596	1478	173,333,173,333
1526396037.300797683	110	40	48	1	2	0	2	-27	46104	8	0	1596	1478	173,333,173,333
1526396037.312556728	110	40	48	1	2	0	2	-27	46105	8	0	1596	1478	173,333,173,333
1526396037.324320930	110	40	48	1	2	0	2	-27	46106	8	0	1596	1478	173,333,173,333
1526396037.336064289	110	40	48	1	2	0	2	-27	46107	8	0	1596	1478	173,333,173,333
1526396037.347841099	110	40	48	1	2	0	2	-27	46108	8	0	1596	1478	173,333,173,333
1526396037.359598061	110	40	48	1	2	0	2	-27	46109	8	0	1596	1478	173,333,173,333
1526396037.371335264	110	40	48	1	2	0	2	-27	46110	8	0	1596	1478	173,333,173,333
1526396037.383113060	110	40	48	1	2	0	2	-27	46111	8	0	1596	1478	173,333,173,333
1526396037.394860627	110	40	48	1	2	0	2	-27	46112	8	0	1596	1478	173,333,173,333
1526396037.406630234	110	40	48	1	2	0	2	-27	46113	8	0	1596	1478	173,333,173,333
1526396037.418380952	110	40	48	1	2	0	2	-27	46114	8	0	1596	1478	173,333,173,333
1526396037.430151295	110	40	48	1	2	0	2	-27	46115	8	0	1596	1478	173,333,173,333
1526396037.441843819	110	40	48	1	2	0	2	-27	46116	8	0	1596	1478	173,333,173,333
1526396037.453651155	110	40	48	1	2	0	2	-27	46117	8	0	1596	1478	173,333,173,333
1526396037.465435727	110	40	48	1	2	0	2	-27	46118	8	0	1596	1478	173,333,173,333
1526396037.477198754	110	40	48	1	2	0	2	-27	46119	8	0	1596	1478	173,333,173,333
1526396037.488848642	110	40	48	1	2	0	2	-27	46120	8	0	1596	1478	173,333,173,333
1526396037.500513178	110	40	48	1	2	0	2	-27	46121	8	0	1596	1478	173,333,173,333
1526396037.512448211	110	40	48	1	2	0	2	-27	46122	8	0	1596	1478	173,333,173,333
1526396037.524215711	110	40	48	1	2	0	2	-27	46123	8	0	1596	1478	173,333,173,333
1526396037.535903944	110	40	48	1	2	0	2	-27	46124	8	0	1596	1478	173,333,173,333
1526396037.547728258	110	40	48	1	2	0	2	-27	46125	8	0	1596	1478	173,333,173,333
1526396037.559495527	110	40	48	1	2	0	2	-27	46126	8	0	1596	1478	173,333,173,333
1526396037.571287790	110	40	48	1	2	0	2	-27	46127	8	0	1596	1478	173,333,173,333
1526396037.583006571	110	40	48	1	2	0	2	-26	46128	8	0	1596	1478	173,333,173,333
1526396037.594698552	110	40	48	1	2	0	2	-26	46129	8	0	1596	1478	173,333,173,333
1526396037.606532848	110	40	48	1	2	0	2	-26	46130	8	0	1596	1478	173,333,173,333
1526396037.618296121	110	40	48	1	2	0	2	-26	46131	8	0	1596	1478	173,333,173,333
1526396037.630079127	110	40	48	1	2	0	2	-26	46132	8	0	1596	1478	173,333,173,333
1526396037.641838176	110	40	48	1	2	0	2	-26	46133	8	0	1596	1478	173,333,173,333
1526396037.653580423	110	40	48	1	2	0	2	-27	46134	8	0	1596	1478	173,333,173,333
1526396037.665341739	110	40	48	1	2	0	2	-27	46135	8	0	1596	1478	173,333,173,333
1526396037.677094909	110	40	48	1	2	0	2	-27	46136	8	0	1596	1478	173,333,173,333
1526396037.688895806	110	40	48	1	2	0	2	-27	46137	8	0	1596	1478	173,333,173,333
1526396037.700625384	110	40	48	1	2	0	2	-26	46138	8	0	1596	1478	173,333,173,333
1526396037.712400898	110	40	48	1	2	0	2	-26	46139	8	0	1596	1478	173,333,173,333
1526396037.724037627	110	40	48	1	2	0	2	-27	46140	8	0	1596	1478	173,333,173,333
1526396037.735897378	110	40	48	1	2	0	2	-27	46141	8	0	1596	1478	173,333,173,333
1526396037.747501906	110	40	48	1	2	0	2	-27	46142	8	0	1596	1478	173,333,173,333
1526396037.759602851	110	40	48	1	2	0	2	-27	46143	8	0	1596	1478	173,333,173,333
1526396037.771089000	110	40	48	1	2	0	2	-27	46144	8	0	1596	1478	173,333,173,333
1526396037.782780588	110	40	48	1	2	0	2	-27	46145	8	0	1596	1478	173,333,173,333
1526396037.794591212	110	40	48	1	2	0	2	-26	46146	8	0	1596	1478	173,333,173,333
1526396037.806344172	110	40	48	1	2	0	2	-26	46147	8	0	1596	1478	173,333,173,333
1526396037.818044977	110	40	48	1	2	0	2	-26	46148	8	0	1596	1478	173,333,173,333
1526396037.829878013	110	40	48	1	2	0	2	-27	46149	8	0	1596	1478	173,333,173,333
1526396037.841558256	110	40	48	1	2	0	2	-27	46150	8	0	1596	1478	173,333,173,333
1526396037.853386861	110	40	48	1	2	0	2	-27	46151	8	0	1596	1478	173,333,173,333
1526396037.865155165	110	40	48	1	2	0	2	-27	46152	8	0	1596	1478	173,333,173,333
1526396037.876907072	110	40	48	1	2	0	2	-27	46153	8	0	1596	1478	173,333,173,333
1526396037.888670797	110	40	48	1	2	0	2	-27	46154	8	0	1596	1478	173,333,173,333
1526396037.900361557	110	40	48	1	2	0	2	-28	46155	8	0	1596	1478	173,333,173,333
1526396037.912197528	110	40	48	1	2	0	2	-28	46156	8	0	1596	1478	173,333,173,333
1526396037.923952501	110	40	48	1	2	0	2	-28	46157	8	0	1596	1478	173,333,173,333
1526396037.936515343	110	40	48	1	2	0	2	-28	46158	8	0	1596	1478	173,333,173,333
1526396037.947561150	110	40	48	1	2	0	2	-28	46159	8	0	1596	1478	173,333,173,333
1526396037.959349126	110	40	48	1	2	0	2	-27	46160	8	0	1596	1478	173,333,173,333
1526396037.971103641	110	40	48	1	2	0	2	-27	46161	8	0	1596	1478	173,333,173,333
1526396037.982858614	110	40	48	1	2	0	2	-26	46162	8	0	1596	1478	173,333,173,333
1526396037.994612877	110	40	48	1	2	0	2	-26	46163	8	0	1596	1478	173,333,173,333
1526396038.006321220	110	40	48	1	2	0	2	-26	46164	8	0	1596	1478	173,333,173,333
1526396038.018047412	110	40	48	1	2	0	2	-26	46165	8	0	1596	1478	173,333,173,333
1526396038.029813521	110	40	48	1	2	0	2	-27	46166	8	0	1596	1478	173,333,173,333
1526396038.041554525	110	40	48	1	2	0	2	-27	46167	8	0	1596	1478	173,333,173,333
1526396038.053341401	110	40	48	1	2	0	2	-27	46168	8	0	1596	1478	173,333,173,333
1526396038.065157282	110	40	48	1	2	0	2	-27	46169	8	0	1596	1478	173,333,173,333
1526396038.076931299	110	40	48	1	2	0	2	-27	46170	8	0	1596	1478	173,333,173,333
1526396038.088678653	110	40	48	1	2	0	2	-27	46171	8	0	1596	1478	173,333,173,333
1526396038.100472102	110	40	48	1	2	0	2	-27	46172	8	0	1596	1478	173,333,173,333
1526396038.112201137	110	40	48	1	2	0	2	-27	46173	8	0	1596	1478	173,333,173,333
1526396038.123978333	110	40	48	1	2	0	2	-27	46174	8	0	1596	1478	173,333,173,333
1526396038.135765621	110	40	48	1	2	0	2	-27	46175	8	0	1596	1478	173,333,173,333
1526396038.147504831	110	40	48	1	2	0	2	-27	46176	8	0	1596	1478	173,333,173,333
1526396038.159256695	110	40	48	1	2	0	2	-27	46177	8	0	1596	1478	173,333,173,333
1526396038.170963551	110	40	48	1	2	0	2	-27	46178	8	0	1596	1478	173,333,173,333
1526396038.182778744	110	40	48	1	2	0	2	-27	46179	8	0	1596	1478	173,333,173,333
1526396038.194522688	110	40	48	1	2	0	2	-27	46180	8	0	1596	1478	173,333,173,333
1526396038.206307559	110	40	48	1	2	0	2	-27	46181	8	0	1596	1478	173,333,173,333
1526396038.218087184	110	40	48	1	2	0	2	-26	46182	8	0	1596	1478	173,333,173,333
1526396038.229830817	110	40	48	1	2	0	2	-26	46183	8	0	1596	1478	173,333,173,333
1526396038.241597373	110	40	48	1	2	0	2	-26	46184	8	0	1596	1478	173,333,173,333
1526396038.253341363	110	40	48	1	2	0	2	-26	46185	8	0	1596	1478	173,333,173,333
1526396038.265091133	110	40	48	1	2	0	2	-26	46186	8	0	1596	1478	173,333,173,333
1526396038.276865274	110	40	48	1	2	0	2	-26	46187	8	0	1596	1478	173,333,173,333
1526396038.288615578	110	40	48	1	2	0	2	-27	46188	8	0	1596	1478	173,333,173,333
1526396038.300411421	110	40	48	1	2	0	2	-27	46189	8	0	1596	1478	173,333,173,333
1526396038.312151243	110	40	48	1	2	0	2	-27	46190	8	0	1596	1478	173,333,173,333
1526396038.323841667	110	40	48	1	2	0	2	-27	46191	8	0	1596	1478	173,333,173,333
1526396038.335681082	110	40	48	1	2	0	2	-28	46192	8	0	1596	1478	173,333,173,333
1526396038.347452286	110	40	48	1	2	0	2	-28	46193	8	0	1596	1478	173,333,173,333
1526396038.359185989	110	40	48	1	2	0	2	-28	46194	8	0	1596	1478	173,333,173,333
1526396038.370949452	110	40	48	1	2	0	2	-28	46195	8	0	1596	1478	173,333,173,333
1526396038.382732351	110	40	48	1	2	0	2	-28	46196	8	0	1596	1478	173,333,173,333
1526396038.394450470	110	40	48	1	2	0	2	-28	46197	8	0	1596	1478	173,333,173,333
1526396038.406234712	110	40	48	1	2	0	2	-28	46198	8	0	1596	1478	173,333,173,333
1526396038.417991488	110	40	48	1	2	0	2	-28	46199	8	0	1596	1478	173,333,173,333
1526396038.429681596	110	40	48	1	2	0	2	-28	46200	8	0	1596	1478	173,333,173,333
1526396038.441532494	110	40	48	1	2	0	2	-27	46201	8	0	1596	1478	173,333,173,333
1526396038.453260871	110	40	48	1	2	0	2	-27	46202	8	0	1596	1478	173,333,173,333
1526396038.465022394	110	40	48	1	2	0	2	-27	46203	8	0	1596	1478	173,333,173,333
1526396038.476805911	110	40	48	1	2	0	2	-27	46204	8	0	1596	1478	173,333,173,333
1526396038.488553646	110	40	48	1	2	0	2	-27	46205	8	0	1596	1478	173,333,173,333
1526396038.500295862	110	40	48	1	2	0	2	-27	46206	8	0	1596	1478	173,333,173,333
1526396038.511964702	110	40	48	1	2	0	2	-27	46207	8	0	1596	1478	173,333,173,333
1526396038.523678695	110	40	48	1	2	0	2	-27	46208	8	0	1596	1478	173,333,173,333
1526396038.535345241	110	40	48	1	2	0	2	-27	46209	8	0	1596	1478	173,333,173,333
1526396038.547346769	110	40	48	1	2	0	2	-27	46210	8	0	1596	1478	173,333,173,333
1526396038.559115329	110	40	48	1	2	0	2	-26	46211	8	0	1596	1478	173,333,173,333
1526396038.570861703	110	40	48	1	2	0	2	-26	46212	8	0	1596	1478	173,333,173,333
1526396038.582535462	110	40	48	1	2	0	2	-26	46213	8	0	1596	1478	173,333,173,333
1526396038.594401046	110	40	48	1	2	0	2	-26	46214	8	0	1596	1478	173,333,173,333
1526396038.606135849	110	40	48	1	2	0	2	-26	46215	8	0	1596	1478	173,333,173,333
1526396038.617903854	110	40	48	1	2	0	2	-27	46216	8	0	1596	1478	173,333,173,333
1526396038.629660723	110	40	48	1	2	0	2	-27	46217	8	0	1596	1478	173,333,173,333
1526396038.641337242	110	40	48	1	2	0	2	-26	46218	8	0	1596	1478	173,333,173,333
1526396038.653371242	110	40	48	1	2	0	2	-27	46219	8	0	1596	1478	173,333,173,333
1526396038.664932700	110	40	48	1	2	0	2	-27	46220	8	0	1596	1478	173,333,173,333
1526396038.676695927	110	40	48	1	2	0	2	-26	46221	8	0	1596	1478	173,333,173,333
1526396038.688464160	110	40	48	1	2	0	2	-26	46222	8	0	1596	1478	173,333,173,333
1526396038.700228445	110	40	48	1	2	0	2	-27	46223	8	0	1596	1478	173,333,173,333
1526396038.711984632	110	40	48	1	2	0	2	-27	46224	8	0	1596	1478	173,333,173,333
1526396038.723643817	110	40	48	1	2	0	2	-27	46225	8	0	1596	1478	173,333,173,333
1526396038.735429463	110	40	48	1	2	0	2	-27	46226	8	0	1596	1478	173,333,173,333
1526396038.747234533	110	40	48	1	2	0	2	-27	46227	8	0	1596	1478	173,333,173,333
1526396038.758855659	110	40	48	1	2	0	2	-27	46228	8	0	1596	1478	173,333,173,333
1526396038.770791718	110	40	48	1	2	0	2	-27	46229	8	0	1596	1478	173,333,173,333
1526396038.782529423	110	40	48	1	2	0	2	-27	46230	8	0	1596	1478	173,333,173,333
1526396038.794287867	110	40	48	1	2	0	2	-27	46231	8	0	1596	1478	173,333,173,333
1526396038.806057081	110	40	48	1	2	0	2	-27	46232	8	0	1596	1478	173,333,173,333
1526396038.817823866	110	40	48	1	2	0	2	-27	46233	8	0	1596	1478	173,333,173,333
1526396038.829579933	110	40	48	1	2	0	2	-27	46234	8	0	1596	1478	173,333,173,333
1526396038.841331103	110	40	48	1	2	0	2	-27	46235	8	0	1596	1478	173,333,173,333
1526396038.853108865	110	40	48	1	2	0	2	-27	46236	8	0	1596	1478	173,333,173,333
1526396038.864811524	110	40	48	1	2	0	2	-27	46237	8	0	1596	1478	173,333,173,333
1526396038.876625958	110	40	48	1	2	0	2	-27	46238	8	0	1596	1478	173,333,173,333
1526396038.888317764	110	40	48	1	2	0	2	-27	46239	8	0	1596	1478	173,333,173,333
1526396038.900141786	110	40	48	1	2	0	2	-27	46240	8	0	1596	1478	173,333,173,333
1526396038.911946179	110	40	48	1	2	0	2	-27	46241	8	0	1596	1478	173,333,173,333
1526396038.923607260	110	40	48	1	2	0	2	-27	46242	8	0	1596	1478	173,333,173,333
1526396038.935412291	110	40	48	1	2	0	2	-27	46243	8	0	1596	1478	173,333,173,333
1526396038.947200221	110	40	48	1	2	0	2	-27	46244	8	0	1596	1478	173,333,173,333
1526396038.958992618	110	40	48	1	2	0	2	-27	46245	8	0	1596	1478	173,333,173,333
1526396038.970705336	110	40	48	1	2	0	2	-27	46246	8	0	1596	1478	173,333,173,333
1526396038.982481032	110	40	48	1	2	0	2	-27	46247	8	0	1596	1478	173,333,173,333
1526396038.994223598	110	40	48	1	2	0	2	-27	46248	8	0	1596	1478	173,333,173,333
1526396039.005984632	110	40	48	1	2	0	2	-27	46249	8	0	1596	1478	173,333,173,333
1526396039.017748275	110	40	48	1	2	0	2	-27	46250	8	0	1596	1478	173,333,173,333
1526396039.029412087	110	40	48	1	2	0	2	-27	46251	8	0	1596	1478	173,333,173,333
1526396039.041076011	110	40	48	1	2	0	2	-27	46252	8	0	1596	1478	173,333,173,333
1526396039.053024902	110	40	48	1	2	0	2	-27	46253	8	0	1596	1478	173,333,173,333
1526396039.064758080	110	40	48	1	2	0	2	-27	46254	8	0	1596	1478	173,333,173,333
1526396039.076541225	110	40	48	1	2	0	2	-27	46255	8	0	1596	1478	173,333,173,333
1526396039.088273363	110	40	48	1	2	0	2	-27	46256	8	0	1596	1478	173,333,173,333
1526396039.100062174	110	40	48	1	2	0	2	-27	46257	8	0	1596	1478	173,333,173,333
1526396039.111819215	110	40	48	1	2	0	2	-27	46258	8	0	1596	1478	173,333,173,333
1526396039.123574857	110	40	48	1	2	0	2	-27	46259	8	0	1596	1478	173,333,173,333
1526396039.135257868	110	40	48	1	2	0	2	-27	46260	8	0	1596	1478	173,333,173,333
1526396039.147100613	110	40	48	1	2	0	2	-27	46261	8	0	1596	1478	173,333,173,333
1526396039.158859987	110	40	48	1	2	0	2	-27	46262	8	0	1596	1478	173,333,173,333
1526396039.170629923	110	40	48	1	2	0	2	-27	46263	8	0	1596	1478	173,333,173,333
1526396039.182374947	110	40	48	1	2	0	2	-27	46264	8	0	1596	1478	173,333,173,333
1526396039.194092358	110	40	48	1	2	0	2	-27	46265	8	0	1596	1478	173,333,173,333
1526396039.205909761	110	40	48	1	2	0	2	-27	46266	8	0	1596	1478	173,333,173,333
1526396039.217659273	110	40	48	1	2	0	2	-27	46267	8	0	1596	1478	173,333,173,333
1526396039.229432294	110	40	48	1	2	0	2	-27	46268	8	0	1596	1478	173,333,173,333
1526396039.241175019	110	40	48	1	2	0	2	-27	46269	8	0	1596	1478	173,333,173,333
1526396039.252930192	110	40	48	1	2	0	2	-27	46270	8	0	1596	1478	173,333,173,333
1526396039.264704256	110	40	48	1	2	0	2	-27	46271	8	0	1596	1478	173,333,173,333
1526396039.276466699	110	40	48	1	2	0	2	-27	46272	8	0	1596	1478	173,333,173,333
1526396039.288244026	110	40	48	1	2	0	2	-27	46273	8	0	1596	1478	173,333,173,333
1526396039.299984116	110	40	48	1	2	0	2	-27	46274	8	0	1596	1478	173,333,173,333
1526396039.311750976	110	40	48	1	2	0	2	-27	46275	8	0	1596	1478	173,333,173,333
1526396039.323529176	110	40	48	1	2	0	2	-27	46276	8	0	1596	1478	173,333,173,333
