1526396520.491377011	66	40	48	0	2	0	2	-31	51021	5	4	1596	1478	468,468
1526396520.491405866	66	40	48	0	2	0	2	-31	51021	5	4	1596	1478	468,468
1526396520.491413381	66	40	48	0	2	0	2	-31	51021	5	4	1596	1478	468,468
1526396520.491418604	66	40	48	0	2	0	2	-31	51021	5	4	1596	1478	468,468
1526396520.491424134	66	40	48	0	2	0	2	-31	51021	5	4	1596	1478	468,468
1526396520.491429014	66	40	48	0	2	0	2	-31	51021	5	4	1596	1478	468,468
1526396520.491434296	66	40	48	0	2	0	2	-31	51021	5	4	1596	1478	468,468
1526396520.491439627	66	40	48	0	2	0	2	-31	51021	5	4	1596	1478	468,468
1526396520.494951981	66	40	48	0	2	0	2	-31	51022	5	4	1596	1478	468,468
1526396520.506387749	66	40	48	0	2	0	2	-31	51023	5	4	1596	1478	468,468
1526396520.518284997	66	40	48	0	2	0	2	-31	51024	5	4	1596	1478	468,468
1526396520.530059648	63	40	48	0	2	0	2	-31	51025	6	4	1596	1478	526,5,526,5
1526396520.541832999	63	40	48	0	2	0	2	-32	51026	6	4	1596	1478	526,5,526,5
1526396520.553654893	63	40	48	0	2	0	2	-32	51027	6	4	1596	1478	526,5,526,5
1526396520.565928281	63	40	48	0	2	0	2	-32	51028	6	4	1596	1478	526,5,526,5
1526396520.577199802	63	40	48	0	2	0	2	-31	51029	6	4	1596	1478	526,5,526,5
1526396520.589755217	58	40	48	1	2	0	2	-31	51030	7	4	1596	1478	650,650
1526396520.600701077	58	40	48	1	2	0	2	-31	51031	7	4	1596	1478	650,650
1526396520.612480509	58	40	48	1	2	0	2	-32	51032	7	4	1596	1478	650,650
1526396520.624684685	58	40	48	1	2	0	2	-31	51033	7	4	1596	1478	650,650
1526396520.636004617	58	40	48	1	2	0	2	-31	51034	7	4	1596	1478	650,650
1526396520.647755473	55	40	48	1	2	0	2	-32	51035	8	4	1596	1478	780,780
1526396520.659500694	55	40	48	1	2	0	2	-32	51036	8	4	1596	1478	780,780
1526396520.671206222	55	40	48	1	2	0	2	-31	51037	8	4	1596	1478	780,780
1526396520.683020899	55	40	48	1	2	0	2	-32	51038	8	4	1596	1478	780,780
1526396520.695283495	55	40	48	1	2	0	2	-32	51039	8	4	1596	1478	780,780
1526396520.706539401	54	40	48	1	2	0	2	-32	51040	9	4	1596	1478	866,667,866,667
1526396520.718329477	54	40	48	1	2	0	2	-32	51041	9	4	1596	1478	866,667,866,667
1526396520.730060656	54	40	48	1	2	0	2	-32	51042	9	4	1596	1478	866,667,866,667
1526396520.741851493	54	40	48	1	2	0	2	-32	51043	9	4	1596	1478	866,667,866,667
1526396520.753581691	54	40	48	1	2	0	2	-31	51044	9	4	1596	1478	866,667,866,667
1526396520.765337569	54	40	48	1	2	0	2	-31	51045	9	4	1596	1478	866,667,866,667
1526396520.777004901	54	40	48	1	2	0	2	-32	51046	9	4	1596	1478	866,667,866,667
1526396520.789261956	54	40	48	1	2	0	2	-31	51047	9	4	1596	1478	866,667,866,667
1526396520.800574225	54	40	48	1	2	0	2	-31	51048	9	4	1596	1478	866,667,866,667
1526396520.812789197	54	40	48	1	2	0	2	-32	51049	9	4	1596	1478	866,667,866,667
1526396520.824163459	54	40	48	1	2	0	2	-32	51050	9	4	1596	1478	866,667,866,667
1526396520.835907672	54	40	48	1	2	0	2	-32	51051	9	4	1596	1478	866,667,866,667
1526396520.847656768	54	40	48	1	2	0	2	-31	51052	9	4	1596	1478	866,667,866,667
1526396520.859427872	54	40	48	1	2	0	2	-31	51053	9	4	1596	1478	866,667,866,667
1526396520.871197872	54	40	48	1	2	0	2	-31	51054	9	4	1596	1478	866,667,866,667
1526396520.883219584	54	40	48	1	2	0	2	-31	51055	9	4	1596	1478	866,667,866,667
1526396520.894716564	54	40	48	1	2	0	2	-32	51056	9	4	1596	1478	866,667,866,667
1526396520.906483746	54	40	48	1	2	0	2	-32	51057	9	4	1596	1478	866,667,866,667
1526396520.918243237	54	40	48	1	2	0	2	-31	51058	9	4	1596	1478	866,667,866,667
1526396520.929949952	54	40	48	1	2	0	2	-32	51059	9	4	1596	1478	866,667,866,667
1526396520.941746939	54	40	48	1	2	0	2	-31	51060	9	4	1596	1478	866,667,866,667
1526396520.953505018	54	40	48	1	2	0	2	-32	51061	9	4	1596	1478	866,667,866,667
1526396520.965259972	54	40	48	1	2	0	2	-32	51062	9	4	1596	1478	866,667,866,667
1526396520.977014425	54	40	48	1	2	0	2	-32	51063	9	4	1596	1478	866,667,866,667
1526396520.988769372	54	40	48	1	2	0	2	-32	51064	9	4	1596	1478	866,667,866,667
1526396521.000516471	54	40	48	1	2	0	2	-31	51065	9	4	1596	1478	866,667,866,667
1526396521.012322640	54	40	48	1	2	0	2	-32	51066	9	4	1596	1478	866,667,866,667
1526396521.024255286	54	40	48	1	2	0	2	-31	51067	9	4	1596	1478	866,667,866,667
1526396521.035787537	54	40	48	1	2	0	2	-32	51068	9	4	1596	1478	866,667,866,667
1526396521.047548654	54	40	48	1	2	0	2	-31	51069	9	4	1596	1478	866,667,866,667
1526396521.059246236	54	40	48	1	2	0	2	-32	51070	9	4	1596	1478	866,667,866,667
1526396521.071134808	54	40	48	1	2	0	2	-32	51071	9	4	1596	1478	866,667,866,667
1526396521.082789065	54	40	48	1	2	0	2	-31	51072	9	4	1596	1478	866,667,866,667
1526396521.094630974	54	40	48	1	2	0	2	-31	51073	9	4	1596	1478	866,667,866,667
1526396521.106380226	54	40	48	1	2	0	2	-32	51074	9	4	1596	1478	866,667,866,667
1526396521.118133891	54	40	48	1	2	0	2	-31	51075	9	4	1596	1478	866,667,866,667
1526396521.129855050	54	40	48	1	2	0	2	-32	51076	9	4	1596	1478	866,667,866,667
1526396521.141575843	54	40	48	1	2	0	2	-31	51077	9	4	1596	1478	866,667,866,667
1526396521.153339475	54	40	48	1	2	0	2	-31	51078	9	4	1596	1478	866,667,866,667
1526396521.165182676	54	40	48	1	2	0	2	-31	51079	9	4	1596	1478	866,667,866,667
1526396521.176951958	54	40	48	1	2	0	2	-32	51080	9	4	1596	1478	866,667,866,667
1526396521.188722731	54	40	48	1	2	0	2	-31	51081	9	4	1596	1478	866,667,866,667
1526396521.200426367	54	40	48	1	2	0	2	-32	51082	9	4	1596	1478	866,667,866,667
1526396521.212067274	54	40	48	1	2	0	2	-31	51083	9	4	1596	1478	866,667,866,667
1526396521.223777029	54	40	48	1	2	0	2	-31	51084	9	4	1596	1478	866,667,866,667
1526396521.235663607	54	40	48	1	2	0	2	-31	51085	9	4	1596	1478	866,667,866,667
1526396521.247425763	54	40	48	1	2	0	2	-31	51086	9	4	1596	1478	866,667,866,667
1526396521.259176979	54	40	48	1	2	0	2	-31	51087	9	4	1596	1478	866,667,866,667
1526396521.270889200	54	40	48	1	2	0	2	-32	51088	9	4	1596	1478	866,667,866,667
1526396521.282667425	54	40	48	1	2	0	2	-32	51089	9	4	1596	1478	866,667,866,667
1526396521.294409600	54	40	48	1	2	0	2	-31	51090	9	4	1596	1478	866,667,866,667
1526396521.306535417	54	40	48	1	2	0	2	-31	51091	9	4	1596	1478	866,667,866,667
1526396521.317933864	54	40	48	1	2	0	2	-31	51092	9	4	1596	1478	866,667,866,667
1526396521.329682772	54	40	48	1	2	0	2	-31	51093	9	4	1596	1478	866,667,866,667
1526396521.341491792	54	40	48	1	2	0	2	-31	51094	9	4	1596	1478	866,667,866,667
1526396521.353201267	54	40	48	1	2	0	2	-31	51095	9	4	1596	1478	866,667,866,667
1526396521.364986804	54	40	48	1	2	0	2	-31	51096	9	4	1596	1478	866,667,866,667
1526396521.376735271	54	40	48	1	2	0	2	-31	51097	9	4	1596	1478	866,667,866,667
1526396521.388500549	54	40	48	1	2	0	2	-32	51098	9	4	1596	1478	866,667,866,667
1526396521.400271956	54	40	48	1	2	0	2	-31	51099	9	4	1596	1478	866,667,866,667
1526396521.411998850	54	40	48	1	2	0	2	-31	51100	9	4	1596	1478	866,667,866,667
1526396521.423798656	54	40	48	1	2	0	2	-32	51101	9	4	1596	1478	866,667,866,667
1526396521.435729007	54	40	48	1	2	0	2	-31	51102	9	4	1596	1478	866,667,866,667
1526396521.447297403	54	40	48	1	2	0	2	-32	51103	9	4	1596	1478	866,667,866,667
1526396521.459142091	54	40	48	1	2	0	2	-32	51104	9	4	1596	1478	866,667,866,667
1526396521.470961026	54	40	48	1	2	0	2	-32	51105	9	4	1596	1478	866,667,866,667
1526396521.482699205	54	40	48	1	2	0	2	-31	51106	9	4	1596	1478	866,667,866,667
1526396521.494455295	54	40	48	1	2	0	2	-32	51107	9	4	1596	1478	866,667,866,667
1526396521.506232202	54	40	48	1	2	0	2	-32	51108	9	4	1596	1478	866,667,866,667
1526396521.517991814	54	40	48	1	2	0	2	-31	51109	9	4	1596	1478	866,667,866,667
1526396521.529645737	54	40	48	1	2	0	2	-32	51110	9	4	1596	1478	866,667,866,667
1526396521.541729129	54	40	48	1	2	0	2	-32	51111	9	4	1596	1478	866,667,866,667
1526396521.553268708	54	40	48	1	2	0	2	-32	51112	9	4	1596	1478	866,667,866,667
1526396521.564901738	54	40	48	1	2	0	2	-32	51113	9	4	1596	1478	866,667,866,667
1526396521.576698585	54	40	48	1	2	0	2	-31	51114	9	4	1596	1478	866,667,866,667
1526396521.588393798	54	40	48	1	2	0	2	-31	51115	9	4	1596	1478	866,667,866,667
1526396521.600213422	54	40	48	1	2	0	2	-31	51116	9	4	1596	1478	866,667,866,667
1526396521.611949428	54	40	48	1	2	0	2	-31	51117	9	4	1596	1478	866,667,866,667
1526396521.623806938	54	40	48	1	2	0	2	-31	51118	9	4	1596	1478	866,667,866,667
1526396521.635727893	54	40	48	1	2	0	2	-32	51119	9	4	1596	1478	866,667,866,667
1526396521.647542133	54	40	48	1	2	0	2	-31	51120	9	4	1596	1478	866,667,866,667
1526396521.659019957	54	40	48	1	2	0	2	-32	51121	9	4	1596	1478	866,667,866,667
1526396521.670886437	54	40	48	1	2	0	2	-31	51122	9	4	1596	1478	866,667,866,667
1526396521.682606165	54	40	48	1	2	0	2	-31	51123	9	4	1596	1478	866,667,866,667
1526396521.694393268	54	40	48	1	2	0	2	-31	51124	9	4	1596	1478	866,667,866,667
1526396521.706150940	54	40	48	1	2	0	2	-31	51125	9	4	1596	1478	866,667,866,667
1526396521.717909848	54	40	48	1	2	0	2	-31	51126	9	4	1596	1478	866,667,866,667
1526396521.729674037	54	40	48	1	2	0	2	-31	51127	9	4	1596	1478	866,667,866,667
1526396521.741472747	54	40	48	1	2	0	2	-32	51128	9	4	1596	1478	866,667,866,667
1526396521.753109723	54	40	48	1	2	0	2	-31	51129	9	4	1596	1478	866,667,866,667
1526396521.764949266	54	40	48	1	2	0	2	-32	51130	9	4	1596	1478	866,667,866,667
1526396521.776730570	54	40	48	1	2	0	2	-31	51131	9	4	1596	1478	866,667,866,667
1526396521.788460607	54	40	48	1	2	0	2	-32	51132	9	4	1596	1478	866,667,866,667
1526396521.800228019	54	40	48	1	2	0	2	-32	51133	9	4	1596	1478	866,667,866,667
1526396521.812012407	54	40	48	1	2	0	2	-32	51134	9	4	1596	1478	866,667,866,667
1526396521.823636437	54	40	48	1	2	0	2	-31	51135	9	4	1596	1478	866,667,866,667
1526396521.835503337	54	40	48	1	2	0	2	-32	51136	9	4	1596	1478	866,667,866,667
1526396521.847309998	54	40	48	1	2	0	2	-32	51137	9	4	1596	1478	866,667,866,667
1526396521.859021890	54	40	48	1	2	0	2	-32	51138	9	4	1596	1478	866,667,866,667
1526396521.870794528	54	40	48	1	2	0	2	-32	51139	9	4	1596	1478	866,667,866,667
1526396521.882562414	54	40	48	1	2	0	2	-32	51140	9	4	1596	1478	866,667,866,667
1526396521.894327828	54	40	48	1	2	0	2	-32	51141	9	4	1596	1478	866,667,866,667
1526396521.906036592	54	40	48	1	2	0	2	-32	51142	9	4	1596	1478	866,667,866,667
1526396521.917833718	54	40	48	1	2	0	2	-32	51143	9	4	1596	1478	866,667,866,667
1526396521.929595496	54	40	48	1	2	0	2	-32	51144	9	4	1596	1478	866,667,866,667
1526396521.941354433	54	40	48	1	2	0	2	-31	51145	9	4	1596	1478	866,667,866,667
1526396521.953141371	54	40	48	1	2	0	2	-32	51146	9	4	1596	1478	866,667,866,667
1526396521.964877888	54	40	48	1	2	0	2	-31	51147	9	4	1596	1478	866,667,866,667
1526396521.976636292	54	40	48	1	2	0	2	-31	51148	9	4	1596	1478	866,667,866,667
1526396521.988381385	54	40	48	1	2	0	2	-31	51149	9	4	1596	1478	866,667,866,667
1526396522.000182122	54	40	48	1	2	0	2	-31	51150	9	4	1596	1478	866,667,866,667
1526396522.011907280	54	40	48	1	2	0	2	-31	51151	9	4	1596	1478	866,667,866,667
1526396522.023816148	54	40	48	1	2	0	2	-31	51152	9	4	1596	1478	866,667,866,667
1526396522.035309852	54	40	48	1	2	0	2	-32	51153	9	4	1596	1478	866,667,866,667
1526396522.047774813	54	40	48	1	2	0	2	-32	51154	9	4	1596	1478	866,667,866,667
1526396522.058927756	54	40	48	1	2	0	2	-32	51155	9	4	1596	1478	866,667,866,667
1526396522.070674365	54	40	48	1	2	0	2	-32	51156	9	4	1596	1478	866,667,866,667
1526396522.082359987	54	40	48	1	2	0	2	-32	51157	9	4	1596	1478	866,667,866,667
1526396522.094131023	54	40	48	1	2	0	2	-32	51158	9	4	1596	1478	866,667,866,667
1526396522.105979897	54	40	48	1	2	0	2	-32	51159	9	4	1596	1478	866,667,866,667
1526396522.117742420	54	40	48	1	2	0	2	-32	51160	9	4	1596	1478	866,667,866,667
1526396522.129394657	54	40	48	1	2	0	2	-32	51161	9	4	1596	1478	866,667,866,667
1526396522.141165308	54	40	48	1	2	0	2	-32	51162	9	4	1596	1478	866,667,866,667
1526396522.153040057	54	40	48	1	2	0	2	-31	51163	9	4	1596	1478	866,667,866,667
1526396522.164731985	54	40	48	1	2	0	2	-31	51164	9	4	1596	1478	866,667,866,667
1526396522.176464000	54	40	48	1	2	0	2	-32	51165	9	4	1596	1478	866,667,866,667
1526396522.188273362	54	40	48	1	2	0	2	-31	51166	9	4	1596	1478	866,667,866,667
1526396522.199966164	54	40	48	1	2	0	2	-32	51167	9	4	1596	1478	866,667,866,667
1526396522.211751130	54	40	48	1	2	0	2	-31	51168	9	4	1596	1478	866,667,866,667
1526396522.223480566	54	40	48	1	2	0	2	-31	51169	9	4	1596	1478	866,667,866,667
1526396522.235246235	54	40	48	1	2	0	2	-32	51170	9	4	1596	1478	866,667,866,667
1526396522.247006070	54	40	48	1	2	0	2	-32	51171	9	4	1596	1478	866,667,866,667
1526396522.258796350	54	40	48	1	2	0	2	-31	51172	9	4	1596	1478	866,667,866,667
1526396522.270525627	54	40	48	1	2	0	2	-32	51173	9	4	1596	1478	866,667,866,667
1526396522.282274565	54	40	48	1	2	0	2	-32	51174	9	4	1596	1478	866,667,866,667
1526396522.294060797	54	40	48	1	2	0	2	-32	51175	9	4	1596	1478	866,667,866,667
1526396522.305905026	54	40	48	1	2	0	2	-32	51176	9	4	1596	1478	866,667,866,667
1526396522.318052764	54	40	48	1	2	0	2	-32	51177	9	4	1596	1478	866,667,866,667
1526396522.329429356	54	40	48	1	2	0	2	-32	51178	9	4	1596	1478	866,667,866,667
1526396522.341181647	54	40	48	1	2	0	2	-32	51179	9	4	1596	1478	866,667,866,667
1526396522.352949910	54	40	48	1	2	0	2	-32	51180	9	4	1596	1478	866,667,866,667
1526396522.365226280	54	40	48	1	2	0	2	-32	51181	9	4	1596	1478	866,667,866,667
1526396522.376480176	54	40	48	1	2	0	2	-32	51182	9	4	1596	1478	866,667,866,667
1526396522.388332925	54	40	48	1	2	0	2	-32	51183	9	4	1596	1478	866,667,866,667
1526396522.400011590	54	40	48	1	2	0	2	-31	51184	9	4	1596	1478	866,667,866,667
1526396522.411754472	54	40	48	1	2	0	2	-32	51185	9	4	1596	1478	866,667,866,667
1526396522.423520756	54	40	48	1	2	0	2	-31	51186	9	4	1596	1478	866,667,866,667
1526396522.435255143	54	40	48	1	2	0	2	-31	51187	9	4	1596	1478	866,667,866,667
1526396522.447027015	54	40	48	1	2	0	2	-32	51188	9	4	1596	1478	866,667,866,667
1526396522.458707507	54	40	48	1	2	0	2	-32	51189	9	4	1596	1478	866,667,866,667
1526396522.470563834	54	40	48	1	2	0	2	-31	51190	9	4	1596	1478	866,667,866,667
1526396522.482328037	54	40	48	1	2	0	2	-31	51191	9	4	1596	1478	866,667,866,667
1526396522.494068221	54	40	48	1	2	0	2	-31	51192	9	4	1596	1478	866,667,866,667
1526396522.505842102	54	40	48	1	2	0	2	-31	51193	9	4	1596	1478	866,667,866,667
1526396522.517572255	54	40	48	1	2	0	2	-31	51194	9	4	1596	1478	866,667,866,667
1526396522.529268180	54	40	48	1	2	0	2	-31	51195	9	4	1596	1478	866,667,866,667
1526396522.541116363	54	40	48	1	2	0	2	-31	51196	9	4	1596	1478	866,667,866,667
1526396522.552881585	54	40	48	1	2	0	2	-32	51197	9	4	1596	1478	866,667,866,667
1526396522.564644077	54	40	48	1	2	0	2	-32	51198	9	4	1596	1478	866,667,866,667
1526396522.576319214	54	40	48	1	2	0	2	-32	51199	9	4	1596	1478	866,667,866,667
1526396522.588017681	54	40	48	1	2	0	2	-32	51200	9	4	1596	1478	866,667,866,667
1526396522.599924571	54	40	48	1	2	0	2	-32	51201	9	4	1596	1478	866,667,866,667
1526396522.611684513	54	40	48	1	2	0	2	-32	51202	9	4	1596	1478	866,667,866,667
1526396522.623419479	54	40	48	1	2	0	2	-31	51203	9	4	1596	1478	866,667,866,667
1526396522.636306850	54	40	48	1	2	0	2	-31	51204	9	4	1596	1478	866,667,866,667
1526396522.646836685	54	40	48	1	2	0	2	-32	51205	9	4	1596	1478	866,667,866,667
1526396522.658685290	54	40	48	1	2	0	2	-32	51206	9	4	1596	1478	866,667,866,667
1526396522.670484495	54	40	48	1	2	0	2	-32	51207	9	4	1596	1478	866,667,866,667
1526396522.682237441	54	40	48	1	2	0	2	-32	51208	9	4	1596	1478	866,667,866,667
1526396522.693988663	54	40	48	1	2	0	2	-32	51209	9	4	1596	1478	866,667,866,667
1526396522.705748117	54	40	48	1	2	0	2	-31	51210	9	4	1596	1478	866,667,866,667
1526396522.717515473	54	40	48	1	2	0	2	-32	51211	9	4	1596	1478	866,667,866,667
1526396522.729272475	54	40	48	1	2	0	2	-32	51212	9	4	1596	1478	866,667,866,667
1526396522.741019026	54	40	48	1	2	0	2	-31	51213	9	4	1596	1478	866,667,866,667
1526396522.752770250	54	40	48	1	2	0	2	-31	51214	9	4	1596	1478	866,667,866,667
1526396522.764563617	54	40	48	1	2	0	2	-31	51215	9	4	1596	1478	866,667,866,667
1526396522.776208773	54	40	48	1	2	0	2	-32	51216	9	4	1596	1478	866,667,866,667
1526396522.788091515	54	40	48	1	2	0	2	-32	51217	9	4	1596	1478	866,667,866,667
1526396522.799823888	54	40	48	1	2	0	2	-32	51218	9	4	1596	1478	866,667,866,667
1526396522.811603341	54	40	48	1	2	0	2	-32	51219	9	4	1596	1478	866,667,866,667
1526396522.823383593	54	40	48	1	2	0	2	-32	51220	9	4	1596	1478	866,667,866,667
1526396522.835041937	54	40	48	1	2	0	2	-32	51221	9	4	1596	1478	866,667,866,667
1526396522.846793814	54	40	48	1	2	0	2	-31	51222	9	4	1596	1478	866,667,866,667
1526396522.858503667	54	40	48	1	2	0	2	-31	51223	9	4	1596	1478	866,667,866,667
1526396522.870434802	54	40	48	1	2	0	2	-32	51224	9	4	1596	1478	866,667,866,667
1526396522.882056350	54	40	48	1	2	0	2	-31	51225	9	4	1596	1478	866,667,866,667
1526396522.893817414	54	40	48	1	2	0	2	-32	51226	9	4	1596	1478	866,667,866,667
1526396522.905599733	54	40	48	1	2	0	2	-31	51227	9	4	1596	1478	866,667,866,667
1526396522.917436662	54	40	48	1	2	0	2	-32	51228	9	4	1596	1478	866,667,866,667
1526396522.929204077	54	40	48	1	2	0	2	-32	51229	9	4	1596	1478	866,667,866,667
1526396522.940947368	54	40	48	1	2	0	2	-31	51230	9	4	1596	1478	866,667,866,667
1526396522.953048816	54	40	48	1	2	0	2	-31	51231	9	4	1596	1478	866,667,866,667
1526396522.964455641	54	40	48	1	2	0	2	-31	51232	9	4	1596	1478	866,667,866,667
1526396522.976162527	54	40	48	1	2	0	2	-31	51233	9	4	1596	1478	866,667,866,667
1526396522.988015593	54	40	48	1	2	0	2	-31	51234	9	4	1596	1478	866,667,866,667
1526396522.999750141	54	40	48	1	2	0	2	-31	51235	9	4	1596	1478	866,667,866,667
1526396523.011519308	54	40	48	1	2	0	2	-32	51236	9	4	1596	1478	866,667,866,667
1526396523.023288229	54	40	48	1	2	0	2	-32	51237	9	4	1596	1478	866,667,866,667
1526396523.034935449	54	40	48	1	2	0	2	-31	51238	9	4	1596	1478	866,667,866,667
1526396523.047365701	54	40	48	1	2	0	2	-31	51239	9	4	1596	1478	866,667,866,667
1526396523.058547969	54	40	48	1	2	0	2	-31	51240	9	4	1596	1478	866,667,866,667
1526396523.070326369	54	40	48	1	2	0	2	-31	51241	9	4	1596	1478	866,667,866,667
1526396523.082083026	54	40	48	1	2	0	2	-31	51242	9	4	1596	1478	866,667,866,667
1526396523.093747850	54	40	48	1	2	0	2	-31	51243	9	4	1596	1478	866,667,866,667
1526396523.105460655	54	40	48	1	2	0	2	-31	51244	9	4	1596	1478	866,667,866,667
1526396523.117281890	54	40	48	1	2	0	2	-31	51245	9	4	1596	1478	866,667,866,667
1526396523.128921882	54	40	48	1	2	0	2	-31	51246	9	4	1596	1478	866,667,866,667
1526396523.140723644	54	40	48	1	2	0	2	-31	51247	9	4	1596	1478	866,667,866,667
1526396523.152419525	54	40	48	1	2	0	2	-31	51248	9	4	1596	1478	866,667,866,667
1526396523.164167488	54	40	48	1	2	0	2	-31	51249	9	4	1596	1478	866,667,866,667
1526396523.175953813	54	40	48	1	2	0	2	-31	51250	9	4	1596	1478	866,667,866,667
1526396523.187773347	54	40	48	1	2	0	2	-31	51251	9	4	1596	1478	866,667,866,667
1526396523.199542401	54	40	48	1	2	0	2	-31	51252	9	4	1596	1478	866,667,866,667
1526396523.211306686	54	40	48	1	2	0	2	-31	51253	9	4	1596	1478	866,667,866,667
1526396523.223057024	54	40	48	1	2	0	2	-31	51254	9	4	1596	1478	866,667,866,667
1526396523.234824526	54	40	48	1	2	0	2	-31	51255	9	4	1596	1478	866,667,866,667
1526396523.246579936	54	40	48	1	2	0	2	-31	51256	9	4	1596	1478	866,667,866,667
1526396523.258345934	54	40	48	1	2	0	2	-31	51257	9	4	1596	1478	866,667,866,667
1526396523.270044526	54	40	48	1	2	0	2	-31	51258	9	4	1596	1478	866,667,866,667
1526396523.282361331	54	40	48	1	2	0	2	-31	51259	9	4	1596	1478	866,667,866,667
1526396523.293624001	54	40	48	1	2	0	2	-31	51260	9	4	1596	1478	866,667,866,667
1526396523.305372926	54	40	48	1	2	0	2	-31	51261	9	4	1596	1478	866,667,866,667
1526396523.317106633	54	40	48	1	2	0	2	-31	51262	9	4	1596	1478	866,667,866,667
1526396523.328876854	54	40	48	1	2	0	2	-32	51263	9	4	1596	1478	866,667,866,667
1526396523.340630426	54	40	48	1	2	0	2	-31	51264	9	4	1596	1478	866,667,866,667
1526396523.352407105	54	40	48	1	2	0	2	-32	51265	9	4	1596	1478	866,667,866,667
1526396523.364505991	54	40	48	1	2	0	2	-32	51266	9	4	1596	1478	866,667,866,667
1526396523.376022843	54	40	48	1	2	0	2	-32	51267	9	4	1596	1478	866,667,866,667
1526396523.387823339	54	40	48	1	2	0	2	-31	51268	9	4	1596	1478	866,667,866,667
1526396523.399573065	54	40	48	1	2	0	2	-32	51269	9	4	1596	1478	866,667,866,667
1526396523.411264383	54	40	48	1	2	0	2	-32	51270	9	4	1596	1478	866,667,866,667
1526396523.423111717	54	40	48	1	2	0	2	-31	51271	9	4	1596	1478	866,667,866,667
1526396523.434873150	54	40	48	1	2	0	2	-31	51272	9	4	1596	1478	866,667,866,667
1526396523.446565775	54	40	48	1	2	0	2	-31	51273	9	4	1596	1478	866,667,866,667
1526396523.458463831	54	40	48	1	2	0	2	-32	51274	9	4	1596	1478	866,667,866,667
1526396523.470222366	54	40	48	1	2	0	2	-32	51275	9	4	1596	1478	866,667,866,667
1526396523.481966357	54	40	48	1	2	0	2	-32	51276	9	4	1596	1478	866,667,866,667
1526396523.494078797	54	40	48	1	2	0	2	-32	51277	9	4	1596	1478	866,667,866,667
1526396523.505490157	54	40	48	1	2	0	2	-32	51278	9	4	1596	1478	866,667,866,667
1526396523.517244554	54	40	48	1	2	0	2	-32	51279	9	4	1596	1478	866,667,866,667
1526396523.528916965	54	40	48	1	2	0	2	-32	51280	9	4	1596	1478	866,667,866,667
1526396523.540747570	54	40	48	1	2	0	2	-31	51281	9	4	1596	1478	866,667,866,667
1526396523.552531145	54	40	48	1	2	0	2	-31	51282	9	4	1596	1478	866,667,866,667
1526396523.566011956	54	40	48	1	2	0	2	-31	51283	9	4	1596	1478	866,667,866,667
1526396523.576039724	54	40	48	1	2	0	2	-31	51284	9	4	1596	1478	866,667,866,667
1526396523.587839938	54	40	48	1	2	0	2	-31	51285	9	4	1596	1478	866,667,866,667
1526396523.599561988	54	40	48	1	2	0	2	-32	51286	9	4	1596	1478	866,667,866,667
1526396523.611192320	54	40	48	1	2	0	2	-32	51287	9	4	1596	1478	866,667,866,667
1526396523.623085830	54	40	48	1	2	0	2	-32	51288	9	4	1596	1478	866,667,866,667
1526396523.634728123	54	40	48	1	2	0	2	-31	51289	9	4	1596	1478	866,667,866,667
1526396523.646527478	54	40	48	1	2	0	2	-31	51290	9	4	1596	1478	866,667,866,667
1526396523.658868960	54	40	48	1	2	0	2	-32	51291	9	4	1596	1478	866,667,866,667
1526396523.670089706	54	40	48	1	2	0	2	-32	51292	9	4	1596	1478	866,667,866,667
1526396523.681799206	54	40	48	1	2	0	2	-31	51293	9	4	1596	1478	866,667,866,667
1526396523.693535536	54	40	48	1	2	0	2	-32	51294	9	4	1596	1478	866,667,866,667
1526396523.705282163	54	40	48	1	2	0	2	-32	51295	9	4	1596	1478	866,667,866,667
1526396523.717067205	54	40	48	1	2	0	2	-32	51296	9	4	1596	1478	866,667,866,667
1526396523.728849991	54	40	48	1	2	0	2	-31	51297	9	4	1596	1478	866,667,866,667
1526396523.740665012	54	40	48	1	2	0	2	-32	51298	9	4	1596	1478	866,667,866,667
1526396523.752380071	54	40	48	1	2	0	2	-32	51299	9	4	1596	1478	866,667,866,667
1526396523.764427270	54	40	48	1	2	0	2	-32	51300	9	4	1596	1478	866,667,866,667
1526396523.775919078	54	40	48	1	2	0	2	-32	51301	9	4	1596	1478	866,667,866,667
1526396523.787600199	54	40	48	1	2	0	2	-32	51302	9	4	1596	1478	866,667,866,667
1526396523.799419329	54	40	48	1	2	0	2	-32	51303	9	4	1596	1478	866,667,866,667
1526396523.811194710	54	40	48	1	2	0	2	-32	51304	9	4	1596	1478	866,667,866,667
1526396523.822942424	54	40	48	1	2	0	2	-32	51305	9	4	1596	1478	866,667,866,667
1526396523.834714261	54	40	48	1	2	0	2	-31	51306	9	4	1596	1478	866,667,866,667
1526396523.846447546	54	40	48	1	2	0	2	-32	51307	9	4	1596	1478	866,667,866,667
1526396523.858171920	54	40	48	1	2	0	2	-32	51308	9	4	1596	1478	866,667,866,667
1526396523.869970537	54	40	48	1	2	0	2	-31	51309	9	4	1596	1478	866,667,866,667
1526396523.881756750	54	40	48	1	2	0	2	-31	51310	9	4	1596	1478	866,667,866,667
1526396523.893561961	54	40	48	1	2	0	2	-32	51311	9	4	1596	1478	866,667,866,667
1526396523.905271289	54	40	48	1	2	0	2	-32	51312	9	4	1596	1478	866,667,866,667
1526396523.917001927	54	40	48	1	2	0	2	-32	51313	9	4	1596	1478	866,667,866,667
1526396523.928775732	54	40	48	1	2	0	2	-32	51314	9	4	1596	1478	866,667,866,667
1526396523.940552636	54	40	48	1	2	0	2	-32	51315	9	4	1596	1478	866,667,866,667
1526396523.952313130	54	40	48	1	2	0	2	-32	51316	9	4	1596	1478	866,667,866,667
1526396523.964090993	54	40	48	1	2	0	2	-32	51317	9	4	1596	1478	866,667,866,667
1526396523.975740721	54	40	48	1	2	0	2	-32	51318	9	4	1596	1478	866,667,866,667
1526396523.987593011	54	40	48	1	2	0	2	-32	51319	9	4	1596	1478	866,667,866,667
1526396523.999380064	54	40	48	1	2	0	2	-32	51320	9	4	1596	1478	866,667,866,667
1526396524.011116743	54	40	48	1	2	0	2	-32	51321	9	4	1596	1478	866,667,866,667
1526396524.022853753	54	40	48	1	2	0	2	-32	51322	9	4	1596	1478	866,667,866,667
1526396524.034568070	54	40	48	1	2	0	2	-32	51323	9	4	1596	1478	866,667,866,667
1526396524.046397935	54	40	48	1	2	0	2	-32	51324	9	4	1596	1478	866,667,866,667
1526396524.058154369	54	40	48	1	2	0	2	-32	51325	9	4	1596	1478	866,667,866,667
1526396524.069932821	54	40	48	1	2	0	2	-32	51326	9	4	1596	1478	866,667,866,667
1526396524.081691518	54	40	48	1	2	0	2	-32	51327	9	4	1596	1478	866,667,866,667
1526396524.093345514	54	40	48	1	2	0	2	-32	51328	9	4	1596	1478	866,667,866,667
1526396524.105207065	54	40	48	1	2	0	2	-32	51329	9	4	1596	1478	866,667,866,667
1526396524.116845357	54	40	48	1	2	0	2	-32	51330	9	4	1596	1478	866,667,866,667
1526396524.128419576	54	40	48	1	2	0	2	-32	51331	9	4	1596	1478	866,667,866,667
1526396524.140142857	54	40	48	1	2	0	2	-32	51332	9	4	1596	1478	866,667,866,667
1526396524.152164080	54	40	48	1	2	0	2	-31	51333	9	4	1596	1478	866,667,866,667
1526396524.163984240	54	40	48	1	2	0	2	-32	51334	9	4	1596	1478	866,667,866,667
1526396524.175753591	54	40	48	1	2	0	2	-32	51335	9	4	1596	1478	866,667,866,667
1526396524.187496285	54	40	48	1	2	0	2	-32	51336	9	4	1596	1478	866,667,866,667
1526396524.199301097	54	40	48	1	2	0	2	-32	51337	9	4	1596	1478	866,667,866,667
1526396524.211009248	54	40	48	1	2	0	2	-31	51338	9	4	1596	1478	866,667,866,667
1526396524.222793470	54	40	48	1	2	0	2	-32	51339	9	4	1596	1478	866,667,866,667
1526396524.234556918	54	40	48	1	2	0	2	-32	51340	9	4	1596	1478	866,667,866,667
1526396524.246236939	54	40	48	1	2	0	2	-32	51341	9	4	1596	1478	866,667,866,667
1526396524.258097643	54	40	48	1	2	0	2	-32	51342	9	4	1596	1478	866,667,866,667
1526396524.269820486	54	40	48	1	2	0	2	-31	51343	9	4	1596	1478	866,667,866,667
1526396524.281579107	54	40	48	1	2	0	2	-32	51344	9	4	1596	1478	866,667,866,667
1526396524.293351015	54	40	48	1	2	0	2	-32	51345	9	4	1596	1478	866,667,866,667
1526396524.305114414	54	40	48	1	2	0	2	-32	51346	9	4	1596	1478	866,667,866,667
1526396524.316871905	54	40	48	1	2	0	2	-31	51347	9	4	1596	1478	866,667,866,667
1526396524.328610289	54	40	48	1	2	0	2	-32	51348	9	4	1596	1478	866,667,866,667
1526396524.340405160	54	40	48	1	2	0	2	-32	51349	9	4	1596	1478	866,667,866,667
1526396524.352157968	54	40	48	1	2	0	2	-31	51350	9	4	1596	1478	866,667,866,667
1526396524.363918386	54	40	48	1	2	0	2	-32	51351	9	4	1596	1478	866,667,866,667
1526396524.375695263	54	40	48	1	2	0	2	-32	51352	9	4	1596	1478	866,667,866,667
1526396524.387418780	54	40	48	1	2	0	2	-32	51353	9	4	1596	1478	866,667,866,667
1526396524.399120593	54	40	48	1	2	0	2	-31	51354	9	4	1596	1478	866,667,866,667
1526396524.410976322	54	40	48	1	2	0	2	-32	51355	9	4	1596	1478	866,667,866,667
1526396524.422718335	54	40	48	1	2	0	2	-32	51356	9	4	1596	1478	866,667,866,667
1526396524.434471007	54	40	48	1	2	0	2	-32	51357	9	4	1596	1478	866,667,866,667
1526396524.446243006	54	40	48	1	2	0	2	-32	51358	9	4	1596	1478	866,667,866,667
1526396524.457979018	54	40	48	1	2	0	2	-32	51359	9	4	1596	1478	866,667,866,667
1526396524.469757948	54	40	48	1	2	0	2	-32	51360	9	4	1596	1478	866,667,866,667
1526396524.481658089	54	40	48	1	2	0	2	-32	51361	9	4	1596	1478	866,667,866,667
1526396524.493284935	54	40	48	1	2	0	2	-32	51362	9	4	1596	1478	866,667,866,667
1526396524.505032203	54	40	48	1	2	0	2	-32	51363	9	4	1596	1478	866,667,866,667
1526396524.516793692	54	40	48	1	2	0	2	-32	51364	9	4	1596	1478	866,667,866,667
1526396524.528466239	54	40	48	1	2	0	2	-32	51365	9	4	1596	1478	866,667,866,667
1526396524.540187972	54	40	48	1	2	0	2	-32	51366	9	4	1596	1478	866,667,866,667
1526396524.552050827	54	40	48	1	2	0	2	-32	51367	9	4	1596	1478	866,667,866,667
1526396524.563842700	54	40	48	1	2	0	2	-32	51368	9	4	1596	1478	866,667,866,667
1526396524.575667546	54	40	48	1	2	0	2	-32	51369	9	4	1596	1478	866,667,866,667
1526396524.587386827	54	40	48	1	2	0	2	-32	51370	9	4	1596	1478	866,667,866,667
1526396524.599482413	54	40	48	1	2	0	2	-32	51371	9	4	1596	1478	866,667,866,667
1526396524.610816912	54	40	48	1	2	0	2	-32	51372	9	4	1596	1478	866,667,866,667
1526396524.622656922	54	40	48	1	2	0	2	-32	51373	9	4	1596	1478	866,667,866,667
1526396524.634292643	54	40	48	1	2	0	2	-32	51374	9	4	1596	1478	866,667,866,667
1526396524.646101766	54	40	48	1	2	0	2	-32	51375	9	4	1596	1478	866,667,866,667
1526396524.657919791	54	40	48	1	2	0	2	-32	51376	9	4	1596	1478	866,667,866,667
1526396524.669700695	54	40	48	1	2	0	2	-32	51377	9	4	1596	1478	866,667,866,667
1526396524.681379199	54	40	48	1	2	0	2	-32	51378	9	4	1596	1478	866,667,866,667
1526396524.693166903	54	40	48	1	2	0	2	-31	51379	9	4	1596	1478	866,667,866,667
1526396524.704955467	54	40	48	1	2	0	2	-32	51380	9	4	1596	1478	866,667,866,667
1526396524.716710250	54	40	48	1	2	0	2	-32	51381	9	4	1596	1478	866,667,866,667
1526396524.728385417	54	40	48	1	2	0	2	-32	51382	9	4	1596	1478	866,667,866,667
1526396524.740130335	54	40	48	1	2	0	2	-31	51383	9	4	1596	1478	866,667,866,667
1526396524.751991526	54	40	48	1	2	0	2	-32	51384	9	4	1596	1478	866,667,866,667
1526396524.763737696	54	40	48	1	2	0	2	-32	51385	9	4	1596	1478	866,667,866,667
1526396524.775518649	54	40	48	1	2	0	2	-32	51386	9	4	1596	1478	866,667,866,667
1526396524.787293262	54	40	48	1	2	0	2	-32	51387	9	4	1596	1478	866,667,866,667
1526396524.799032172	54	40	48	1	2	0	2	-32	51388	9	4	1596	1478	866,667,866,667
1526396524.810666527	54	40	48	1	2	0	2	-32	51389	9	4	1596	1478	866,667,866,667
1526396524.822571488	54	40	48	1	2	0	2	-32	51390	9	4	1596	1478	866,667,866,667
1526396524.834317837	54	40	48	1	2	0	2	-32	51391	9	4	1596	1478	866,667,866,667
1526396524.846056031	54	40	48	1	2	0	2	-32	51392	9	4	1596	1478	866,667,866,667
1526396524.857691904	54	40	48	1	2	0	2	-32	51393	9	4	1596	1478	866,667,866,667
1526396524.869599781	54	40	48	1	2	0	2	-31	51394	9	4	1596	1478	866,667,866,667
1526396524.881343454	54	40	48	1	2	0	2	-32	51395	9	4	1596	1478	866,667,866,667
1526396524.893111201	54	40	48	1	2	0	2	-32	51396	9	4	1596	1478	866,667,866,667
1526396524.904793701	54	40	48	1	2	0	2	-32	51397	9	4	1596	1478	866,667,866,667
1526396524.917040431	54	40	48	1	2	0	2	-32	51398	9	4	1596	1478	866,667,866,667
1526396524.928398049	54	40	48	1	2	0	2	-32	51399	9	4	1596	1478	866,667,866,667
1526396524.940148866	54	40	48	1	2	0	2	-32	51400	9	4	1596	1478	866,667,866,667
1526396524.951907778	54	40	48	1	2	0	2	-32	51401	9	4	1596	1478	866,667,866,667
1526396524.963668200	54	40	48	1	2	0	2	-32	51402	9	4	1596	1478	866,667,866,667
1526396524.975437747	54	40	48	1	2	0	2	-32	51403	9	4	1596	1478	866,667,866,667
1526396524.987213492	54	40	48	1	2	0	2	-32	51404	9	4	1596	1478	866,667,866,667
1526396524.998942898	54	40	48	1	2	0	2	-32	51405	9	4	1596	1478	866,667,866,667
1526396525.010702716	54	40	48	1	2	0	2	-32	51406	9	4	1596	1478	866,667,866,667
1526396525.022512255	54	40	48	1	2	0	2	-32	51407	9	4	1596	1478	866,667,866,667
1526396525.034164282	54	40	48	1	2	0	2	-32	51408	9	4	1596	1478	866,667,866,667
1526396525.046016095	54	40	48	1	2	0	2	-32	51409	9	4	1596	1478	866,667,866,667
1526396525.057741920	54	40	48	1	2	0	2	-32	51410	9	4	1596	1478	866,667,866,667
1526396525.069516680	54	40	48	1	2	0	2	-32	51411	9	4	1596	1478	866,667,866,667
1526396525.081198840	54	40	48	1	2	0	2	-32	51412	9	4	1596	1478	866,667,866,667
1526396525.092934873	54	40	48	1	2	0	2	-32	51413	9	4	1596	1478	866,667,866,667
1526396525.104584270	54	40	48	1	2	0	2	-32	51414	9	4	1596	1478	866,667,866,667
1526396525.116352809	54	40	48	1	2	0	2	-31	51415	9	4	1596	1478	866,667,866,667
1526396525.128110594	54	40	48	1	2	0	2	-32	51416	9	4	1596	1478	866,667,866,667
1526396525.139940101	54	40	48	1	2	0	2	-32	51417	9	4	1596	1478	866,667,866,667
1526396525.151610065	54	40	48	1	2	0	2	-31	51418	9	4	1596	1478	866,667,866,667
1526396525.163361937	54	40	48	1	2	0	2	-31	51419	9	4	1596	1478	866,667,866,667
1526396525.175208795	54	40	48	1	2	0	2	-32	51420	9	4	1596	1478	866,667,866,667
1526396525.186976153	54	40	48	1	2	0	2	-32	51421	9	4	1596	1478	866,667,866,667
1526396525.198737586	54	40	48	1	2	0	2	-32	51422	9	4	1596	1478	866,667,866,667
1526396525.210472781	54	40	48	1	2	0	2	-32	51423	9	4	1596	1478	866,667,866,667
1526396525.222298749	54	40	48	1	2	0	2	-32	51424	9	4	1596	1478	866,667,866,667
1526396525.233931692	54	40	48	1	2	0	2	-32	51425	9	4	1596	1478	866,667,866,667
1526396525.245681098	54	40	48	1	2	0	2	-32	51426	9	4	1596	1478	866,667,866,667
1526396525.257469340	54	40	48	1	2	0	2	-32	51427	9	4	1596	1478	866,667,866,667
1526396525.269284439	54	40	48	1	2	0	2	-32	51428	9	4	1596	1478	866,667,866,667
1526396525.281062494	54	40	48	1	2	0	2	-32	51429	9	4	1596	1478	866,667,866,667
1526396525.292821166	54	40	48	1	2	0	2	-32	51430	9	4	1596	1478	866,667,866,667
1526396525.304563576	54	40	48	1	2	0	2	-32	51431	9	4	1596	1478	866,667,866,667
1526396525.316348268	54	40	48	1	2	0	2	-32	51432	9	4	1596	1478	866,667,866,667
1526396525.328111325	54	40	48	1	2	0	2	-32	51433	9	4	1596	1478	866,667,866,667
1526396525.339850028	54	40	48	1	2	0	2	-32	51434	9	4	1596	1478	866,667,866,667
1526396525.351631710	54	40	48	1	2	0	2	-32	51435	9	4	1596	1478	866,667,866,667
1526396525.363458499	54	40	48	1	2	0	2	-32	51436	9	4	1596	1478	866,667,866,667
1526396525.375260661	54	40	48	1	2	0	2	-32	51437	9	4	1596	1478	866,667,866,667
1526396525.387024062	54	40	48	1	2	0	2	-32	51438	9	4	1596	1478	866,667,866,667
1526396525.398776022	54	40	48	1	2	0	2	-32	51439	9	4	1596	1478	866,667,866,667
1526396525.410541403	54	40	48	1	2	0	2	-32	51440	9	4	1596	1478	866,667,866,667
1526396525.422307996	54	40	48	1	2	0	2	-32	51441	9	4	1596	1478	866,667,866,667
1526396525.434089720	54	40	48	1	2	0	2	-32	51442	9	4	1596	1478	866,667,866,667
1526396525.445823944	54	40	48	1	2	0	2	-32	51443	9	4	1596	1478	866,667,866,667
1526396525.457582630	54	40	48	1	2	0	2	-32	51444	9	4	1596	1478	866,667,866,667
1526396525.469345900	54	40	48	1	2	0	2	-32	51445	9	4	1596	1478	866,667,866,667
1526396525.481081284	54	40	48	1	2	0	2	-32	51446	9	4	1596	1478	866,667,866,667
1526396525.492863084	54	40	48	1	2	0	2	-32	51447	9	4	1596	1478	866,667,866,667
1526396525.505002184	54	40	48	1	2	0	2	-32	51448	9	4	1596	1478	866,667,866,667
1526396525.516452108	54	40	48	1	2	0	2	-32	51450	9	4	1596	1478	866,667,866,667
1526396525.529525152	54	40	48	1	2	0	2	-32	51451	9	4	1596	1478	866,667,866,667
1526396525.539945833	54	40	48	1	2	0	2	-32	51452	9	4	1596	1478	866,667,866,667
1526396525.551673117	54	40	48	1	2	0	2	-32	51453	9	4	1596	1478	866,667,866,667
1526396525.563433547	54	40	48	1	2	0	2	-32	51454	9	4	1596	1478	866,667,866,667
1526396525.575365166	54	40	48	1	2	0	2	-32	51455	9	4	1596	1478	866,667,866,667
1526396525.586963173	54	40	48	1	2	0	2	-32	51456	9	4	1596	1478	866,667,866,667
1526396525.598711488	54	40	48	1	2	0	2	-32	51457	9	4	1596	1478	866,667,866,667
1526396525.610458128	54	40	48	1	2	0	2	-32	51458	9	4	1596	1478	866,667,866,667
1526396525.622228632	54	40	48	1	2	0	2	-32	51459	9	4	1596	1478	866,667,866,667
1526396525.634021789	54	40	48	1	2	0	2	-32	51460	9	4	1596	1478	866,667,866,667
1526396525.645773362	54	40	48	1	2	0	2	-32	51461	9	4	1596	1478	866,667,866,667
1526396525.657439278	54	40	48	1	2	0	2	-32	51462	9	4	1596	1478	866,667,866,667
1526396525.669144577	54	40	48	1	2	0	2	-32	51463	9	4	1596	1478	866,667,866,667
1526396525.680945534	54	40	48	1	2	0	2	-32	51464	9	4	1596	1478	866,667,866,667
1526396525.692784304	54	40	48	1	2	0	2	-32	51465	9	4	1596	1478	866,667,866,667
1526396525.704568593	54	40	48	1	2	0	2	-32	51466	9	4	1596	1478	866,667,866,667
1526396525.716287386	54	40	48	1	2	0	2	-32	51467	9	4	1596	1478	866,667,866,667
1526396525.727984671	54	40	48	1	2	0	2	-32	51468	9	4	1596	1478	866,667,866,667
1526396525.739625304	54	40	48	1	2	0	2	-32	51469	9	4	1596	1478	866,667,866,667
1526396525.751485294	54	40	48	1	2	0	2	-32	51470	9	4	1596	1478	866,667,866,667
1526396525.751697037	54	40	48	1	2	0	2	-32	51471	9	4	1596	1478	866,667,866,667
1526396525.763345610	54	40	48	1	2	0	2	-32	51472	9	4	1596	1478	866,667,866,667
1526396525.775113532	54	40	48	1	2	0	2	-32	51473	9	4	1596	1478	866,667,866,667
1526396525.786876732	54	40	48	1	2	0	2	-32	51474	9	4	1596	1478	866,667,866,667
1526396525.798630395	54	40	48	1	2	0	2	-32	51475	9	4	1596	1478	866,667,866,667
1526396525.810324837	54	40	48	1	2	0	2	-32	51476	9	4	1596	1478	866,667,866,667
1526396525.822151292	54	40	48	1	2	0	2	-32	51477	9	4	1596	1478	866,667,866,667
1526396525.833900061	54	40	48	1	2	0	2	-32	51478	9	4	1596	1478	866,667,866,667
1526396525.845687375	54	40	48	1	2	0	2	-32	51479	9	4	1596	1478	866,667,866,667
1526396525.857442076	54	40	48	1	2	0	2	-32	51480	9	4	1596	1478	866,667,866,667
1526396525.869178047	54	40	48	1	2	0	2	-32	51481	9	4	1596	1478	866,667,866,667
1526396525.880932723	54	40	48	1	2	0	2	-32	51482	9	4	1596	1478	866,667,866,667
1526396525.892704832	54	40	48	1	2	0	2	-32	51483	9	4	1596	1478	866,667,866,667
1526396525.904329390	54	40	48	1	2	0	2	-32	51484	9	4	1596	1478	866,667,866,667
1526396525.916227856	54	40	48	1	2	0	2	-32	51485	9	4	1596	1478	866,667,866,667
1526396525.927974046	54	40	48	1	2	0	2	-32	51486	9	4	1596	1478	866,667,866,667
1526396525.940177049	54	40	48	1	2	0	2	-32	51487	9	4	1596	1478	866,667,866,667
1526396525.951503660	54	40	48	1	2	0	2	-32	51488	9	4	1596	1478	866,667,866,667
1526396525.963259624	54	40	48	1	2	0	2	-32	51489	9	4	1596	1478	866,667,866,667
1526396525.975035362	54	40	48	1	2	0	2	-32	51490	9	4	1596	1478	866,667,866,667
1526396525.986780869	54	40	48	1	2	0	2	-32	51491	9	4	1596	1478	866,667,866,667
1526396525.998535105	54	40	48	1	2	0	2	-32	51492	9	4	1596	1478	866,667,866,667
1526396526.010319397	54	40	48	1	2	0	2	-32	51493	9	4	1596	1478	866,667,866,667
1526396526.022059052	54	40	48	1	2	0	2	-32	51494	9	4	1596	1478	866,667,866,667
1526396526.033746620	54	40	48	1	2	0	2	-32	51495	9	4	1596	1478	866,667,866,667
1526396526.045602964	54	40	48	1	2	0	2	-32	51496	9	4	1596	1478	866,667,866,667
1526396526.057211148	54	40	48	1	2	0	2	-32	51497	9	4	1596	1478	866,667,866,667
1526396526.069006917	54	40	48	1	2	0	2	-32	51498	9	4	1596	1478	866,667,866,667
1526396526.080646908	54	40	48	1	2	0	2	-32	51499	9	4	1596	1478	866,667,866,667
1526396526.092412462	54	40	48	1	2	0	2	-32	51500	9	4	1596	1478	866,667,866,667
1526396526.104172721	54	40	48	1	2	0	2	-32	51501	9	4	1596	1478	866,667,866,667
1526396526.115937526	54	40	48	1	2	0	2	-32	51502	9	4	1596	1478	866,667,866,667
1526396526.127682018	54	40	48	1	2	0	2	-32	51503	9	4	1596	1478	866,667,866,667
1526396526.139432276	54	40	48	1	2	0	2	-32	51504	9	4	1596	1478	866,667,866,667
1526396526.151224627	54	40	48	1	2	0	2	-32	51505	9	4	1596	1478	866,667,866,667
1526396526.162953690	54	40	48	1	2	0	2	-32	51506	9	4	1596	1478	866,667,866,667
1526396526.174696719	54	40	48	1	2	0	2	-32	51507	9	4	1596	1478	866,667,866,667
1526396526.186574178	54	40	48	1	2	0	2	-32	51508	9	4	1596	1478	866,667,866,667
1526396526.198313589	54	40	48	1	2	0	2	-32	51509	9	4	1596	1478	866,667,866,667
1526396526.210084742	54	40	48	1	2	0	2	-32	51510	9	4	1596	1478	866,667,866,667
1526396526.222249423	54	40	48	1	2	0	2	-32	51511	9	4	1596	1478	866,667,866,667
1526396526.233524739	54	40	48	1	2	0	2	-32	51512	9	4	1596	1478	866,667,866,667
1526396526.245279503	54	40	48	1	2	0	2	-32	51513	9	4	1596	1478	866,667,866,667
1526396526.257034430	54	40	48	1	2	0	2	-32	51514	9	4	1596	1478	866,667,866,667
1526396526.268886965	54	40	48	1	2	0	2	-32	51515	9	4	1596	1478	866,667,866,667
1526396526.280673351	54	40	48	1	2	0	2	-32	51516	9	4	1596	1478	866,667,866,667
1526396526.292416345	54	40	48	1	2	0	2	-32	51517	9	4	1596	1478	866,667,866,667
1526396526.304186826	54	40	48	1	2	0	2	-32	51518	9	4	1596	1478	866,667,866,667
1526396526.315942972	54	40	48	1	2	0	2	-32	51519	9	4	1596	1478	866,667,866,667
1526396526.327697497	54	40	48	1	2	0	2	-32	51520	9	4	1596	1478	866,667,866,667
1526396526.339449912	54	40	48	1	2	0	2	-32	51521	9	4	1596	1478	866,667,866,667
1526396526.351243050	54	40	48	1	2	0	2	-32	51522	9	4	1596	1478	866,667,866,667
1526396526.362964123	54	40	48	1	2	0	2	-32	51523	9	4	1596	1478	866,667,866,667
1526396526.374733822	54	40	48	1	2	0	2	-32	51524	9	4	1596	1478	866,667,866,667
1526396526.386493930	54	40	48	1	2	0	2	-32	51525	9	4	1596	1478	866,667,866,667
1526396526.398267796	54	40	48	1	2	0	2	-32	51526	9	4	1596	1478	866,667,866,667
1526396526.410000656	54	40	48	1	2	0	2	-32	51527	9	4	1596	1478	866,667,866,667
1526396526.421768819	54	40	48	1	2	0	2	-32	51528	9	4	1596	1478	866,667,866,667
1526396526.433646448	54	40	48	1	2	0	2	-32	51529	9	4	1596	1478	866,667,866,667
1526396526.445417945	54	40	48	1	2	0	2	-32	51530	9	4	1596	1478	866,667,866,667
1526396526.457204553	54	40	48	1	2	0	2	-32	51531	9	4	1596	1478	866,667,866,667
1526396526.468933842	54	40	48	1	2	0	2	-32	51532	9	4	1596	1478	866,667,866,667
1526396526.480608785	54	40	48	1	2	0	2	-32	51533	9	4	1596	1478	866,667,866,667
1526396526.492474985	54	40	48	1	2	0	2	-32	51534	9	4	1596	1478	866,667,866,667
1526396526.504153059	54	40	48	1	2	0	2	-32	51535	9	4	1596	1478	866,667,866,667
1526396526.515929551	54	40	48	1	2	0	2	-32	51536	9	4	1596	1478	866,667,866,667
1526396526.527659043	54	40	48	1	2	0	2	-32	51537	9	4	1596	1478	866,667,866,667
1526396526.539500662	54	40	48	1	2	0	2	-32	51538	9	4	1596	1478	866,667,866,667
1526396526.551186272	54	40	48	1	2	0	2	-32	51539	9	4	1596	1478	866,667,866,667
1526396526.563389662	54	40	48	1	2	0	2	-32	51540	9	4	1596	1478	866,667,866,667
1526396526.574791540	54	40	48	1	2	0	2	-32	51541	9	4	1596	1478	866,667,866,667
1526396526.586536810	54	40	48	1	2	0	2	-32	51542	9	4	1596	1478	866,667,866,667
1526396526.598302245	54	40	48	1	2	0	2	-32	51543	9	4	1596	1478	866,667,866,667
1526396526.610079602	54	40	48	1	2	0	2	-32	51544	9	4	1596	1478	866,667,866,667
1526396526.621845057	54	40	48	1	2	0	2	-32	51545	9	4	1596	1478	866,667,866,667
1526396526.633594600	54	40	48	1	2	0	2	-32	51546	9	4	1596	1478	866,667,866,667
1526396526.645354801	54	40	48	1	2	0	2	-32	51547	9	4	1596	1478	866,667,866,667
1526396526.657287189	54	40	48	1	2	0	2	-32	51548	9	4	1596	1478	866,667,866,667
1526396526.668819464	54	40	48	1	2	0	2	-32	51549	9	4	1596	1478	866,667,866,667
1526396526.680540854	54	40	48	1	2	0	2	-32	51550	9	4	1596	1478	866,667,866,667
1526396526.692295610	54	40	48	1	2	0	2	-32	51551	9	4	1596	1478	866,667,866,667
1526396526.704052375	54	40	48	1	2	0	2	-32	51552	9	4	1596	1478	866,667,866,667
1526396526.715767173	54	40	48	1	2	0	2	-32	51553	9	4	1596	1478	866,667,866,667
1526396526.727677663	54	40	48	1	2	0	2	-32	51554	9	4	1596	1478	866,667,866,667
1526396526.739322513	54	40	48	1	2	0	2	-32	51555	9	4	1596	1478	866,667,866,667
1526396526.751079473	54	40	48	1	2	0	2	-32	51556	9	4	1596	1478	866,667,866,667
1526396526.762968528	54	40	48	1	2	0	2	-32	51557	9	4	1596	1478	866,667,866,667
1526396526.774945084	54	40	48	1	2	0	2	-32	51558	9	4	1596	1478	866,667,866,667
1526396526.786473001	54	40	48	1	2	0	2	-32	51559	9	4	1596	1478	866,667,866,667
1526396526.798251464	54	40	48	1	2	0	2	-32	51560	9	4	1596	1478	866,667,866,667
1526396526.809974314	54	40	48	1	2	0	2	-32	51561	9	4	1596	1478	866,667,866,667
1526396526.821732171	54	40	48	1	2	0	2	-32	51562	9	4	1596	1478	866,667,866,667
1526396526.833538784	54	40	48	1	2	0	2	-32	51563	9	4	1596	1478	866,667,866,667
1526396526.845717217	54	40	48	1	2	0	2	-32	51564	9	4	1596	1478	866,667,866,667
1526396526.857018170	54	40	48	1	2	0	2	-32	51565	9	4	1596	1478	866,667,866,667
1526396526.868735120	54	40	48	1	2	0	2	-32	51566	9	4	1596	1478	866,667,866,667
1526396526.880428954	54	40	48	1	2	0	2	-32	51567	9	4	1596	1478	866,667,866,667
1526396526.892306854	54	40	48	1	2	0	2	-32	51568	9	4	1596	1478	866,667,866,667
1526396526.904071712	54	40	48	1	2	0	2	-32	51569	9	4	1596	1478	866,667,866,667
1526396526.915834642	54	40	48	1	2	0	2	-32	51570	9	4	1596	1478	866,667,866,667
1526396526.927488842	54	40	48	1	2	0	2	-32	51571	9	4	1596	1478	866,667,866,667
1526396526.939252849	54	40	48	1	2	0	2	-32	51572	9	4	1596	1478	866,667,866,667
1526396526.951099890	54	40	48	1	2	0	2	-32	51573	9	4	1596	1478	866,667,866,667
1526396526.962875740	54	40	48	1	2	0	2	-32	51574	9	4	1596	1478	866,667,866,667
1526396526.974627397	54	40	48	1	2	0	2	-32	51575	9	4	1596	1478	866,667,866,667
1526396526.986387045	54	40	48	1	2	0	2	-32	51576	9	4	1596	1478	866,667,866,667
1526396526.998143447	54	40	48	1	2	0	2	-32	51577	9	4	1596	1478	866,667,866,667
1526396527.009850809	54	40	48	1	2	0	2	-32	51578	9	4	1596	1478	866,667,866,667
1526396527.021571728	54	40	48	1	2	0	2	-32	51579	9	4	1596	1478	866,667,866,667
1526396527.033279171	54	40	48	1	2	0	2	-32	51580	9	4	1596	1478	866,667,866,667
1526396527.044988116	54	40	48	1	2	0	2	-32	51581	9	4	1596	1478	866,667,866,667
1526396527.056850895	54	40	48	1	2	0	2	-32	51582	9	4	1596	1478	866,667,866,667
1526396527.068707512	54	40	48	1	2	0	2	-32	51583	9	4	1596	1478	866,667,866,667
1526396527.080507601	54	40	48	1	2	0	2	-32	51584	9	4	1596	1478	866,667,866,667
1526396527.092216938	54	40	48	1	2	0	2	-32	51585	9	4	1596	1478	866,667,866,667
1526396527.103992203	54	40	48	1	2	0	2	-32	51586	9	4	1596	1478	866,667,866,667
1526396527.115782376	54	40	48	1	2	0	2	-32	51587	9	4	1596	1478	866,667,866,667
1526396527.127508571	54	40	48	1	2	0	2	-32	51588	9	4	1596	1478	866,667,866,667
1526396527.139266924	54	40	48	1	2	0	2	-32	51589	9	4	1596	1478	866,667,866,667
1526396527.151003073	54	40	48	1	2	0	2	-32	51590	9	4	1596	1478	866,667,866,667
1526396527.162789127	54	40	48	1	2	0	2	-32	51591	9	4	1596	1478	866,667,866,667
1526396527.174569570	54	40	48	1	2	0	2	-32	51592	9	4	1596	1478	866,667,866,667
1526396527.186315486	54	40	48	1	2	0	2	-32	51593	9	4	1596	1478	866,667,866,667
1526396527.198001726	54	40	48	1	2	0	2	-32	51594	9	4	1596	1478	866,667,866,667
1526396527.209835264	54	40	48	1	2	0	2	-32	51595	9	4	1596	1478	866,667,866,667
1526396527.221599544	54	40	48	1	2	0	2	-32	51596	9	4	1596	1478	866,667,866,667
1526396527.233236880	54	40	48	1	2	0	2	-32	51597	9	4	1596	1478	866,667,866,667
1526396527.245820479	54	40	48	1	2	0	2	-32	51598	9	4	1596	1478	866,667,866,667
1526396527.256892688	54	40	48	1	2	0	2	-32	51599	9	4	1596	1478	866,667,866,667
1526396527.268623583	54	40	48	1	2	0	2	-32	51600	9	4	1596	1478	866,667,866,667
1526396527.280422723	54	40	48	1	2	0	2	-32	51601	9	4	1596	1478	866,667,866,667
1526396527.292153780	54	40	48	1	2	0	2	-32	51602	9	4	1596	1478	866,667,866,667
1526396527.303932016	54	40	48	1	2	0	2	-32	51603	9	4	1596	1478	866,667,866,667
1526396527.315673215	54	40	48	1	2	0	2	-32	51604	9	4	1596	1478	866,667,866,667
1526396527.327422479	54	40	48	1	2	0	2	-32	51605	9	4	1596	1478	866,667,866,667
1526396527.339196292	54	40	48	1	2	0	2	-32	51606	9	4	1596	1478	866,667,866,667
1526396527.350930615	54	40	48	1	2	0	2	-32	51607	9	4	1596	1478	866,667,866,667
1526396527.362714071	54	40	48	1	2	0	2	-32	51608	9	4	1596	1478	866,667,866,667
1526396527.374494258	54	40	48	1	2	0	2	-32	51609	9	4	1596	1478	866,667,866,667
1526396527.386231092	54	40	48	1	2	0	2	-32	51610	9	4	1596	1478	866,667,866,667
1526396527.397946729	54	40	48	1	2	0	2	-32	51611	9	4	1596	1478	866,667,866,667
1526396527.409730400	54	40	48	1	2	0	2	-32	51612	9	4	1596	1478	866,667,866,667
1526396527.421511686	54	40	48	1	2	0	2	-32	51613	9	4	1596	1478	866,667,866,667
1526396527.433282925	54	40	48	1	2	0	2	-32	51614	9	4	1596	1478	866,667,866,667
1526396527.445038812	54	40	48	1	2	0	2	-32	51615	9	4	1596	1478	866,667,866,667
1526396527.456785021	54	40	48	1	2	0	2	-32	51616	9	4	1596	1478	866,667,866,667
1526396527.468544798	54	40	48	1	2	0	2	-32	51617	9	4	1596	1478	866,667,866,667
1526396527.480258714	54	40	48	1	2	0	2	-32	51618	9	4	1596	1478	866,667,866,667
1526396527.492078720	54	40	48	1	2	0	2	-32	51619	9	4	1596	1478	866,667,866,667
1526396527.503831860	54	40	48	1	2	0	2	-32	51620	9	4	1596	1478	866,667,866,667
1526396527.515588091	54	40	48	1	2	0	2	-32	51621	9	4	1596	1478	866,667,866,667
1526396527.527344402	54	40	48	1	2	0	2	-32	51622	9	4	1596	1478	866,667,866,667
1526396527.539152514	54	40	48	1	2	0	2	-32	51623	9	4	1596	1478	866,667,866,667
1526396527.550823850	54	40	48	1	2	0	2	-32	51624	9	4	1596	1478	866,667,866,667
1526396527.562609286	54	40	48	1	2	0	2	-32	51625	9	4	1596	1478	866,667,866,667
1526396527.574395411	54	40	48	1	2	0	2	-32	51626	9	4	1596	1478	866,667,866,667
1526396527.586165980	54	40	48	1	2	0	2	-32	51627	9	4	1596	1478	866,667,866,667
1526396527.597908223	54	40	48	1	2	0	2	-32	51628	9	4	1596	1478	866,667,866,667
1526396527.609666603	54	40	48	1	2	0	2	-32	51629	9	4	1596	1478	866,667,866,667
1526396527.621441727	54	40	48	1	2	0	2	-32	51630	9	4	1596	1478	866,667,866,667
1526396527.633086195	54	40	48	1	2	0	2	-32	51631	9	4	1596	1478	866,667,866,667
1526396527.644959297	54	40	48	1	2	0	2	-32	51632	9	4	1596	1478	866,667,866,667
1526396527.656514287	54	40	48	1	2	0	2	-32	51633	9	4	1596	1478	866,667,866,667
1526396527.668478695	54	40	48	1	2	0	2	-32	51634	9	4	1596	1478	866,667,866,667
1526396527.680192361	54	40	48	1	2	0	2	-32	51635	9	4	1596	1478	866,667,866,667
1526396527.691992764	54	40	48	1	2	0	2	-32	51636	9	4	1596	1478	866,667,866,667
1526396527.703593327	54	40	48	1	2	0	2	-32	51637	9	4	1596	1478	866,667,866,667
1526396527.715347066	54	40	48	1	2	0	2	-32	51638	9	4	1596	1478	866,667,866,667
1526396527.727199329	54	40	48	1	2	0	2	-32	51639	9	4	1596	1478	866,667,866,667
1526396527.739033395	54	40	48	1	2	0	2	-32	51640	9	4	1596	1478	866,667,866,667
1526396527.750796774	54	40	48	1	2	0	2	-32	51641	9	4	1596	1478	866,667,866,667
1526396527.762548220	54	40	48	1	2	0	2	-32	51642	9	4	1596	1478	866,667,866,667
1526396527.774313158	54	40	48	1	2	0	2	-32	51643	9	4	1596	1478	866,667,866,667
1526396527.786086129	54	40	48	1	2	0	2	-32	51644	9	4	1596	1478	866,667,866,667
1526396527.797832061	54	40	48	1	2	0	2	-32	51645	9	4	1596	1478	866,667,866,667
1526396527.809578935	54	40	48	1	2	0	2	-32	51646	9	4	1596	1478	866,667,866,667
1526396527.821376273	54	40	48	1	2	0	2	-32	51647	9	4	1596	1478	866,667,866,667
1526396527.833106345	54	40	48	1	2	0	2	-32	51648	9	4	1596	1478	866,667,866,667
1526396527.844865437	54	40	48	1	2	0	2	-32	51649	9	4	1596	1478	866,667,866,667
1526396527.856624030	54	40	48	1	2	0	2	-32	51650	9	4	1596	1478	866,667,866,667
1526396527.868386386	54	40	48	1	2	0	2	-32	51651	9	4	1596	1478	866,667,866,667
1526396527.880153640	54	40	48	1	2	0	2	-32	51652	9	4	1596	1478	866,667,866,667
1526396527.891938282	54	40	48	1	2	0	2	-32	51653	9	4	1596	1478	866,667,866,667
1526396527.903672552	54	40	48	1	2	0	2	-32	51654	9	4	1596	1478	866,667,866,667
1526396527.915417783	54	40	48	1	2	0	2	-32	51655	9	4	1596	1478	866,667,866,667
1526396527.927175473	54	40	48	1	2	0	2	-32	51656	9	4	1596	1478	866,667,866,667
1526396527.938944187	54	40	48	1	2	0	2	-32	51657	9	4	1596	1478	866,667,866,667
1526396527.950710353	54	40	48	1	2	0	2	-32	51658	9	4	1596	1478	866,667,866,667
1526396527.962814432	54	40	48	1	2	0	2	-32	51659	9	4	1596	1478	866,667,866,667
1526396527.974594054	54	40	48	1	2	0	2	-32	51660	9	4	1596	1478	866,667,866,667
1526396527.985874209	54	40	48	1	2	0	2	-32	51661	9	4	1596	1478	866,667,866,667
1526396527.997774421	54	40	48	1	2	0	2	-32	51662	9	4	1596	1478	866,667,866,667
1526396528.009372241	54	40	48	1	2	0	2	-32	51663	9	4	1596	1478	866,667,866,667
1526396528.021079188	54	40	48	1	2	0	2	-32	51664	9	4	1596	1478	866,667,866,667
1526396528.033290131	54	40	48	1	2	0	2	-32	51665	9	4	1596	1478	866,667,866,667
1526396528.044686031	54	40	48	1	2	0	2	-32	51666	9	4	1596	1478	866,667,866,667
1526396528.056469969	54	40	48	1	2	0	2	-32	51667	9	4	1596	1478	866,667,866,667
1526396528.068583251	54	40	48	1	2	0	2	-32	51668	9	4	1596	1478	866,667,866,667
1526396528.079967761	54	40	48	1	2	0	2	-32	51669	9	4	1596	1478	866,667,866,667
1526396528.091754079	54	40	48	1	2	0	2	-32	51670	9	4	1596	1478	866,667,866,667
1526396528.103486274	54	40	48	1	2	0	2	-32	51671	9	4	1596	1478	866,667,866,667
1526396528.115272375	54	40	48	1	2	0	2	-32	51672	9	4	1596	1478	866,667,866,667
1526396528.126994243	54	40	48	1	2	0	2	-32	51673	9	4	1596	1478	866,667,866,667
1526396528.138772922	54	40	48	1	2	0	2	-32	51674	9	4	1596	1478	866,667,866,667
1526396528.150521572	54	40	48	1	2	0	2	-32	51675	9	4	1596	1478	866,667,866,667
1526396528.162286032	54	40	48	1	2	0	2	-32	51676	9	4	1596	1478	866,667,866,667
1526396528.174052078	54	40	48	1	2	0	2	-32	51677	9	4	1596	1478	866,667,866,667
1526396528.185809536	54	40	48	1	2	0	2	-32	51678	9	4	1596	1478	866,667,866,667
1526396528.197702727	54	40	48	1	2	0	2	-32	51679	9	4	1596	1478	866,667,866,667
1526396528.209432624	54	40	48	1	2	0	2	-32	51680	9	4	1596	1478	866,667,866,667
1526396528.221105777	54	40	48	1	2	0	2	-32	51681	9	4	1596	1478	866,667,866,667
1526396528.232819459	54	40	48	1	2	0	2	-32	51682	9	4	1596	1478	866,667,866,667
1526396528.244706244	54	40	48	1	2	0	2	-32	51683	9	4	1596	1478	866,667,866,667
1526396528.256411046	54	40	48	1	2	0	2	-32	51684	9	4	1596	1478	866,667,866,667
1526396528.268222293	54	40	48	1	2	0	2	-32	51685	9	4	1596	1478	866,667,866,667
1526396528.279988239	54	40	48	1	2	0	2	-32	51686	9	4	1596	1478	866,667,866,667
1526396528.291735266	54	40	48	1	2	0	2	-32	51687	9	4	1596	1478	866,667,866,667
1526396528.303836456	54	40	48	1	2	0	2	-32	51688	9	4	1596	1478	866,667,866,667
1526396528.315208259	54	40	48	1	2	0	2	-32	51689	9	4	1596	1478	866,667,866,667
1526396528.327026098	54	40	48	1	2	0	2	-32	51690	9	4	1596	1478	866,667,866,667
1526396528.338786484	54	40	48	1	2	0	2	-32	51691	9	4	1596	1478	866,667,866,667
1526396528.350536444	54	40	48	1	2	0	2	-32	51692	9	4	1596	1478	866,667,866,667
1526396528.362304797	54	40	48	1	2	0	2	-32	51693	9	4	1596	1478	866,667,866,667
1526396528.374062696	54	40	48	1	2	0	2	-32	51694	9	4	1596	1478	866,667,866,667
1526396528.385793018	54	40	48	1	2	0	2	-32	51695	9	4	1596	1478	866,667,866,667
1526396528.397541980	54	40	48	1	2	0	2	-32	51696	9	4	1596	1478	866,667,866,667
1526396528.409361097	54	40	48	1	2	0	2	-32	51697	9	4	1596	1478	866,667,866,667
1526396528.421025823	54	40	48	1	2	0	2	-32	51698	9	4	1596	1478	866,667,866,667
1526396528.432862438	54	40	48	1	2	0	2	-32	51699	9	4	1596	1478	866,667,866,667
1526396528.444734314	54	40	48	1	2	0	2	-32	51700	9	4	1596	1478	866,667,866,667
1526396528.456428422	54	40	48	1	2	0	2	-32	51701	9	4	1596	1478	866,667,866,667
1526396528.468203845	54	40	48	1	2	0	2	-32	51702	9	4	1596	1478	866,667,866,667
1526396528.479977026	54	40	48	1	2	0	2	-31	51703	9	4	1596	1478	866,667,866,667
1526396528.491722529	54	40	48	1	2	0	2	-32	51704	9	4	1596	1478	866,667,866,667
1526396528.503478291	54	40	48	1	2	0	2	-32	51705	9	4	1596	1478	866,667,866,667
1526396528.515229054	54	40	48	1	2	0	2	-32	51706	9	4	1596	1478	866,667,866,667
1526396528.526994142	54	40	48	1	2	0	2	-32	51707	9	4	1596	1478	866,667,866,667
1526396528.538681212	54	40	48	1	2	0	2	-32	51708	9	4	1596	1478	866,667,866,667
1526396528.550518768	54	40	48	1	2	0	2	-32	51709	9	4	1596	1478	866,667,866,667
1526396528.562475738	54	40	48	1	2	0	2	-32	51710	9	4	1596	1478	866,667,866,667
1526396528.574036797	54	40	48	1	2	0	2	-32	51711	9	4	1596	1478	866,667,866,667
1526396528.585788489	54	40	48	1	2	0	2	-31	51712	9	4	1596	1478	866,667,866,667
1526396528.597548467	54	40	48	1	2	0	2	-32	51713	9	4	1596	1478	866,667,866,667
1526396528.609230846	54	40	48	1	2	0	2	-32	51714	9	4	1596	1478	866,667,866,667
1526396528.621086993	54	40	48	1	2	0	2	-32	51715	9	4	1596	1478	866,667,866,667
1526396528.632850136	54	40	48	1	2	0	2	-32	51716	9	4	1596	1478	866,667,866,667
1526396528.644607535	54	40	48	1	2	0	2	-31	51717	9	4	1596	1478	866,667,866,667
1526396528.656363170	54	40	48	1	2	0	2	-31	51718	9	4	1596	1478	866,667,866,667
1526396528.667993467	54	40	48	1	2	0	2	-31	51719	9	4	1596	1478	866,667,866,667
1526396528.679917863	54	40	48	1	2	0	2	-31	51720	9	4	1596	1478	866,667,866,667
1526396528.691484771	54	40	48	1	2	0	2	-31	51721	9	4	1596	1478	866,667,866,667
1526396528.703337544	54	40	48	1	2	0	2	-32	51722	9	4	1596	1478	866,667,866,667
1526396528.714951848	54	40	48	1	2	0	2	-32	51723	9	4	1596	1478	866,667,866,667
1526396528.726742972	54	40	48	1	2	0	2	-32	51724	9	4	1596	1478	866,667,866,667
1526396528.738493333	54	40	48	1	2	0	2	-32	51725	9	4	1596	1478	866,667,866,667
1526396528.750294169	54	40	48	1	2	0	2	-32	51726	9	4	1596	1478	866,667,866,667
1526396528.762131103	54	40	48	1	2	0	2	-32	51727	9	4	1596	1478	866,667,866,667
1526396528.773905078	54	40	48	1	2	0	2	-32	51728	9	4	1596	1478	866,667,866,667
1526396528.785680817	54	40	48	1	2	0	2	-32	51729	9	4	1596	1478	866,667,866,667
1526396528.797439551	54	40	48	1	2	0	2	-32	51730	9	4	1596	1478	866,667,866,667
1526396528.809156341	54	40	48	1	2	0	2	-32	51731	9	4	1596	1478	866,667,866,667
1526396528.820872257	54	40	48	1	2	0	2	-32	51732	9	4	1596	1478	866,667,866,667
1526396528.832693092	54	40	48	1	2	0	2	-32	51733	9	4	1596	1478	866,667,866,667
1526396528.844374174	54	40	48	1	2	0	2	-32	51734	9	4	1596	1478	866,667,866,667
1526396528.856239317	54	40	48	1	2	0	2	-32	51735	9	4	1596	1478	866,667,866,667
1526396528.867983021	54	40	48	1	2	0	2	-32	51736	9	4	1596	1478	866,667,866,667
1526396528.879791417	54	40	48	1	2	0	2	-31	51737	9	4	1596	1478	866,667,866,667
1526396528.891498860	54	40	48	1	2	0	2	-32	51738	9	4	1596	1478	866,667,866,667
1526396528.903278552	54	40	48	1	2	0	2	-31	51739	9	4	1596	1478	866,667,866,667
1526396528.915004027	54	40	48	1	2	0	2	-32	51740	9	4	1596	1478	866,667,866,667
1526396528.926718745	54	40	48	1	2	0	2	-32	51741	9	4	1596	1478	866,667,866,667
1526396528.938557739	54	40	48	1	2	0	2	-32	51742	9	4	1596	1478	866,667,866,667
1526396528.950302869	54	40	48	1	2	0	2	-32	51743	9	4	1596	1478	866,667,866,667
1526396528.962070625	54	40	48	1	2	0	2	-32	51744	9	4	1596	1478	866,667,866,667
1526396528.973745158	54	40	48	1	2	0	2	-32	51745	9	4	1596	1478	866,667,866,667
1526396528.985496005	54	40	48	1	2	0	2	-32	51746	9	4	1596	1478	866,667,866,667
1526396528.997135044	54	40	48	1	2	0	2	-32	51747	9	4	1596	1478	866,667,866,667
1526396529.008998282	54	40	48	1	2	0	2	-32	51748	9	4	1596	1478	866,667,866,667
1526396529.020622172	54	40	48	1	2	0	2	-32	51749	9	4	1596	1478	866,667,866,667
1526396529.032383099	54	40	48	1	2	0	2	-31	51750	9	4	1596	1478	866,667,866,667
1526396529.044285300	54	40	48	1	2	0	2	-31	51751	9	4	1596	1478	866,667,866,667
1526396529.056011878	54	40	48	1	2	0	2	-31	51752	9	4	1596	1478	866,667,866,667
1526396529.067769341	54	40	48	1	2	0	2	-31	51753	9	4	1596	1478	866,667,866,667
1526396529.079534261	54	40	48	1	2	0	2	-31	51754	9	4	1596	1478	866,667,866,667
1526396529.091291056	54	40	48	1	2	0	2	-31	51755	9	4	1596	1478	866,667,866,667
1526396529.103038880	54	40	48	1	2	0	2	-31	51756	9	4	1596	1478	866,667,866,667
1526396529.114870817	54	40	48	1	2	0	2	-31	51757	9	4	1596	1478	866,667,866,667
1526396529.126577801	54	40	48	1	2	0	2	-32	51758	9	4	1596	1478	866,667,866,667
1526396529.138263666	54	40	48	1	2	0	2	-31	51759	9	4	1596	1478	866,667,866,667
1526396529.150096981	54	40	48	1	2	0	2	-31	51760	9	4	1596	1478	866,667,866,667
1526396529.161850156	54	40	48	1	2	0	2	-32	51761	9	4	1596	1478	866,667,866,667
1526396529.173568387	54	40	48	1	2	0	2	-31	51762	9	4	1596	1478	866,667,866,667
1526396529.185386007	54	40	48	1	2	0	2	-31	51763	9	4	1596	1478	866,667,866,667
1526396529.197127795	54	40	48	1	2	0	2	-31	51764	9	4	1596	1478	866,667,866,667
1526396529.208898278	54	40	48	1	2	0	2	-31	51765	9	4	1596	1478	866,667,866,667
1526396529.220676161	54	40	48	1	2	0	2	-31	51766	9	4	1596	1478	866,667,866,667
1526396529.232407356	54	40	48	1	2	0	2	-31	51767	9	4	1596	1478	866,667,866,667
1526396529.244051195	54	40	48	1	2	0	2	-31	51768	9	4	1596	1478	866,667,866,667
1526396529.255920953	54	40	48	1	2	0	2	-31	51769	9	4	1596	1478	866,667,866,667
1526396529.267695134	54	40	48	1	2	0	2	-32	51770	9	4	1596	1478	866,667,866,667
1526396529.279445658	54	40	48	1	2	0	2	-31	51771	9	4	1596	1478	866,667,866,667
1526396529.291202746	54	40	48	1	2	0	2	-32	51772	9	4	1596	1478	866,667,866,667
1526396529.302974839	54	40	48	1	2	0	2	-31	51773	9	4	1596	1478	866,667,866,667
1526396529.314653102	54	40	48	1	2	0	2	-31	51774	9	4	1596	1478	866,667,866,667
1526396529.326527054	54	40	48	1	2	0	2	-32	51775	9	4	1596	1478	866,667,866,667
1526396529.338167011	54	40	48	1	2	0	2	-31	51776	9	4	1596	1478	866,667,866,667
1526396529.349913486	54	40	48	1	2	0	2	-31	51777	9	4	1596	1478	866,667,866,667
1526396529.362057258	54	40	48	1	2	0	2	-32	51778	9	4	1596	1478	866,667,866,667
1526396529.373659889	54	40	48	1	2	0	2	-32	51779	9	4	1596	1478	866,667,866,667
1526396529.385424558	54	40	48	1	2	0	2	-31	51780	9	4	1596	1478	866,667,866,667
1526396529.397190153	54	40	48	1	2	0	2	-32	51781	9	4	1596	1478	866,667,866,667
1526396529.408936877	54	40	48	1	2	0	2	-32	51782	9	4	1596	1478	866,667,866,667
1526396529.420904724	54	40	48	1	2	0	2	-31	51783	9	4	1596	1478	866,667,866,667
1526396529.432466794	54	40	48	1	2	0	2	-32	51784	9	4	1596	1478	866,667,866,667
1526396529.444222785	54	40	48	1	2	0	2	-32	51785	9	4	1596	1478	866,667,866,667
1526396529.455988636	54	40	48	1	2	0	2	-32	51786	9	4	1596	1478	866,667,866,667
1526396529.467747120	54	40	48	1	2	0	2	-31	51787	9	4	1596	1478	866,667,866,667
1526396529.479495883	54	40	48	1	2	0	2	-31	51788	9	4	1596	1478	866,667,866,667
1526396529.491258074	54	40	48	1	2	0	2	-31	51789	9	4	1596	1478	866,667,866,667
1526396529.502964095	54	40	48	1	2	0	2	-31	51790	9	4	1596	1478	866,667,866,667
1526396529.514682523	54	40	48	1	2	0	2	-31	51791	9	4	1596	1478	866,667,866,667
1526396529.526556187	54	40	48	1	2	0	2	-31	51792	9	4	1596	1478	866,667,866,667
1526396529.538307064	54	40	48	1	2	0	2	-31	51793	9	4	1596	1478	866,667,866,667
1526396529.550068598	54	40	48	1	2	0	2	-31	51794	9	4	1596	1478	866,667,866,667
1526396529.561828483	54	40	48	1	2	0	2	-31	51795	9	4	1596	1478	866,667,866,667
1526396529.573793904	54	40	48	1	2	0	2	-31	51796	9	4	1596	1478	866,667,866,667
1526396529.585367302	54	40	48	1	2	0	2	-31	51797	9	4	1596	1478	866,667,866,667
1526396529.597095152	54	40	48	1	2	0	2	-31	51798	9	4	1596	1478	866,667,866,667
1526396529.608869026	54	40	48	1	2	0	2	-31	51799	9	4	1596	1478	866,667,866,667
1526396529.620621571	54	40	48	1	2	0	2	-31	51800	9	4	1596	1478	866,667,866,667
1526396529.632413535	54	40	48	1	2	0	2	-31	51801	9	4	1596	1478	866,667,866,667
1526396529.644160472	54	40	48	1	2	0	2	-31	51802	9	4	1596	1478	866,667,866,667
1526396529.655915462	54	40	48	1	2	0	2	-31	51803	9	4	1596	1478	866,667,866,667
1526396529.667547595	54	40	48	1	2	0	2	-32	51804	9	4	1596	1478	866,667,866,667
1526396529.679417791	54	40	48	1	2	0	2	-31	51805	9	4	1596	1478	866,667,866,667
1526396529.691188276	54	40	48	1	2	0	2	-32	51806	9	4	1596	1478	866,667,866,667
1526396529.703468928	54	40	48	1	2	0	2	-32	51807	9	4	1596	1478	866,667,866,667
1526396529.714708586	54	40	48	1	2	0	2	-32	51808	9	4	1596	1478	866,667,866,667
1526396529.726457819	54	40	48	1	2	0	2	-32	51809	9	4	1596	1478	866,667,866,667
1526396529.738110795	54	40	48	1	2	0	2	-32	51810	9	4	1596	1478	866,667,866,667
1526396529.749918840	54	40	48	1	2	0	2	-32	51811	9	4	1596	1478	866,667,866,667
1526396529.761631357	54	40	48	1	2	0	2	-32	51812	9	4	1596	1478	866,667,866,667
1526396529.773708507	54	40	48	1	2	0	2	-31	51813	9	4	1596	1478	866,667,866,667
1526396529.785257366	54	40	48	1	2	0	2	-31	51814	9	4	1596	1478	866,667,866,667
1526396529.797018314	54	40	48	1	2	0	2	-31	51815	9	4	1596	1478	866,667,866,667
1526396529.808629052	54	40	48	1	2	0	2	-31	51816	9	4	1596	1478	866,667,866,667
1526396529.820462103	54	40	48	1	2	0	2	-31	51817	9	4	1596	1478	866,667,866,667
1526396529.832947562	54	40	48	1	2	0	2	-31	51818	9	4	1596	1478	866,667,866,667
1526396529.843979767	54	40	48	1	2	0	2	-31	51819	9	4	1596	1478	866,667,866,667
1526396529.855725566	54	40	48	1	2	0	2	-31	51820	9	4	1596	1478	866,667,866,667
1526396529.867495574	54	40	48	1	2	0	2	-31	51821	9	4	1596	1478	866,667,866,667
1526396529.879367969	54	40	48	1	2	0	2	-31	51822	9	4	1596	1478	866,667,866,667
1526396529.891098519	54	40	48	1	2	0	2	-31	51823	9	4	1596	1478	866,667,866,667
1526396529.902866917	54	40	48	1	2	0	2	-31	51824	9	4	1596	1478	866,667,866,667
1526396529.914615146	54	40	48	1	2	0	2	-31	51825	9	4	1596	1478	866,667,866,667
1526396529.926392187	54	40	48	1	2	0	2	-31	51826	9	4	1596	1478	866,667,866,667
1526396529.938175306	54	40	48	1	2	0	2	-32	51827	9	4	1596	1478	866,667,866,667
1526396529.949829153	54	40	48	1	2	0	2	-31	51828	9	4	1596	1478	866,667,866,667
1526396529.961481635	54	40	48	1	2	0	2	-31	51829	9	4	1596	1478	866,667,866,667
1526396529.973217224	54	40	48	1	2	0	2	-31	51830	9	4	1596	1478	866,667,866,667
1526396529.984968605	54	40	48	1	2	0	2	-31	51831	9	4	1596	1478	866,667,866,667
1526396529.996716944	54	40	48	1	2	0	2	-31	51832	9	4	1596	1478	866,667,866,667
1526396530.008483851	54	40	48	1	2	0	2	-31	51833	9	4	1596	1478	866,667,866,667
1526396530.020253808	54	40	48	1	2	0	2	-31	51834	9	4	1596	1478	866,667,866,667
1526396530.032043343	54	40	48	1	2	0	2	-31	51835	9	4	1596	1478	866,667,866,667
1526396530.043986979	54	40	48	1	2	0	2	-31	51836	9	4	1596	1478	866,667,866,667
1526396530.055786918	54	40	48	1	2	0	2	-32	51837	9	4	1596	1478	866,667,866,667
1526396530.067524785	54	40	48	1	2	0	2	-31	51838	9	4	1596	1478	866,667,866,667
1526396530.079269380	54	40	48	1	2	0	2	-32	51839	9	4	1596	1478	866,667,866,667
1526396530.091020572	54	40	48	1	2	0	2	-31	51840	9	4	1596	1478	866,667,866,667
1526396530.102812922	54	40	48	1	2	0	2	-31	51841	9	4	1596	1478	866,667,866,667
1526396530.114557829	54	40	48	1	2	0	2	-31	51842	9	4	1596	1478	866,667,866,667
1526396530.126221156	54	40	48	1	2	0	2	-31	51843	9	4	1596	1478	866,667,866,667
1526396530.138081735	54	40	48	1	2	0	2	-31	51844	9	4	1596	1478	866,667,866,667
1526396530.149829200	54	40	48	1	2	0	2	-31	51845	9	4	1596	1478	866,667,866,667
1526396530.161581963	54	40	48	1	2	0	2	-31	51846	9	4	1596	1478	866,667,866,667
1526396530.173359786	54	40	48	1	2	0	2	-32	51847	9	4	1596	1478	866,667,866,667
1526396530.185042764	54	40	48	1	2	0	2	-32	51848	9	4	1596	1478	866,667,866,667
1526396530.196868468	54	40	48	1	2	0	2	-31	51849	9	4	1596	1478	866,667,866,667
1526396530.208649684	54	40	48	1	2	0	2	-32	51850	9	4	1596	1478	866,667,866,667
1526396530.220394723	54	40	48	1	2	0	2	-31	51851	9	4	1596	1478	866,667,866,667
1526396530.232151622	54	40	48	1	2	0	2	-32	51852	9	4	1596	1478	866,667,866,667
1526396530.243941433	54	40	48	1	2	0	2	-31	51853	9	4	1596	1478	866,667,866,667
1526396530.255673635	54	40	48	1	2	0	2	-31	51854	9	4	1596	1478	866,667,866,667
1526396530.267322156	54	40	48	1	2	0	2	-32	51855	9	4	1596	1478	866,667,866,667
1526396530.279110792	54	40	48	1	2	0	2	-32	51856	9	4	1596	1478	866,667,866,667
1526396530.290852520	54	40	48	1	2	0	2	-32	51857	9	4	1596	1478	866,667,866,667
1526396530.302713872	54	40	48	1	2	0	2	-32	51858	9	4	1596	1478	866,667,866,667
1526396530.314394926	54	40	48	1	2	0	2	-32	51859	9	4	1596	1478	866,667,866,667
1526396530.326229073	54	40	48	1	2	0	2	-32	51860	9	4	1596	1478	866,667,866,667
1526396530.337810136	54	40	48	1	2	0	2	-32	51861	9	4	1596	1478	866,667,866,667
1526396530.349678382	54	40	48	1	2	0	2	-32	51862	9	4	1596	1478	866,667,866,667
1526396530.361508901	54	40	48	1	2	0	2	-32	51863	9	4	1596	1478	866,667,866,667
1526396530.373265492	54	40	48	1	2	0	2	-32	51864	9	4	1596	1478	866,667,866,667
1526396530.385043176	54	40	48	1	2	0	2	-32	51865	9	4	1596	1478	866,667,866,667
1526396530.396811942	54	40	48	1	2	0	2	-31	51866	9	4	1596	1478	866,667,866,667
1526396530.408544146	54	40	48	1	2	0	2	-31	51867	9	4	1596	1478	866,667,866,667
1526396530.420641366	54	40	48	1	2	0	2	-31	51868	9	4	1596	1478	866,667,866,667
