1526406088.816612954	158	40	48	0	2	0	2	-55	136096	5	0	1596	1478	104,104
1526406088.816662605	158	40	48	0	2	0	2	-55	136096	5	0	1596	1478	104,104
1526406088.816673927	158	40	48	0	2	0	2	-55	136096	5	0	1596	1478	104,104
1526406088.816682579	158	40	48	0	2	0	2	-55	136096	5	0	1596	1478	104,104
1526406088.816696099	158	40	48	0	2	0	2	-55	136096	5	0	1596	1478	104,104
1526406088.816704641	158	40	48	0	2	0	2	-55	136096	5	0	1596	1478	104,104
1526406088.826964283	158	40	48	0	2	0	2	-55	136097	5	0	1596	1478	104,104
1526406088.838716905	158	40	48	0	2	0	2	-55	136098	5	0	1596	1478	104,104
1526406088.850347744	158	40	48	0	2	0	2	-55	136099	5	0	1596	1478	104,104
1526406088.862104654	144	40	48	0	2	0	2	-55	136100	6	0	1596	1478	117,117
1526406088.874027662	144	40	48	0	2	0	2	-55	136101	6	0	1596	1478	117,117
1526406088.885687317	144	40	48	0	2	0	2	-55	136102	6	0	1596	1478	117,117
1526406088.897525977	144	40	48	0	2	0	2	-55	136103	6	0	1596	1478	117,117
1526406088.909270163	144	40	48	0	2	0	2	-54	136104	6	0	1596	1478	117,117
1526406088.921010689	124	40	48	1	2	0	2	-54	136105	7	0	1596	1478	144,444,144,444
1526406088.932781137	124	40	48	1	2	0	2	-54	136106	7	0	1596	1478	144,444,144,444
1526406088.944536233	124	40	48	1	2	0	2	-54	136107	7	0	1596	1478	144,444,144,444
1526406088.956297475	124	40	48	1	2	0	2	-54	136108	7	0	1596	1478	144,444,144,444
1526406088.968071629	124	40	48	1	2	0	2	-55	136109	7	0	1596	1478	144,444,144,444
1526406088.979786351	110	40	48	1	2	0	2	-55	136110	8	0	1596	1478	173,333,173,333
1526406088.991557704	110	40	48	1	2	0	2	-56	136111	8	0	1596	1478	173,333,173,333
1526406089.003323341	110	40	48	1	2	0	2	-57	136112	8	0	1596	1478	173,333,173,333
1526406089.015006408	110	40	48	1	2	0	2	-58	136113	8	0	1596	1478	173,333,173,333
1526406089.026760382	110	40	48	1	2	0	2	-60	136114	8	0	1596	1478	173,333,173,333
1526406089.038587092	110	40	48	1	2	0	2	-61	136115	8	0	1596	1478	173,333,173,333
1526406089.050383593	110	40	48	1	2	0	2	-59	136116	8	0	1596	1478	173,333,173,333
1526406089.062049862	110	40	48	1	2	0	2	-58	136117	8	0	1596	1478	173,333,173,333
1526406089.073756597	110	40	48	1	2	0	2	-57	136118	8	0	1596	1478	173,333,173,333
1526406089.085643755	110	40	48	1	2	0	2	-56	136119	8	0	1596	1478	173,333,173,333
1526406089.097419563	110	40	48	1	2	0	2	-54	136120	8	0	1596	1478	173,333,173,333
1526406089.109173477	110	40	48	1	2	0	2	-53	136121	8	0	1596	1478	173,333,173,333
1526406089.120910950	110	40	48	1	2	0	2	-53	136122	8	0	1596	1478	173,333,173,333
1526406089.132607016	110	40	48	1	2	0	2	-53	136123	8	0	1596	1478	173,333,173,333
1526406089.144427282	110	40	48	1	2	0	2	-53	136124	8	0	1596	1478	173,333,173,333
1526406089.156192685	110	40	48	1	2	0	2	-53	136125	8	0	1596	1478	173,333,173,333
1526406089.167953148	110	40	48	1	2	0	2	-54	136126	8	0	1596	1478	173,333,173,333
1526406089.179721618	110	40	48	1	2	0	2	-54	136127	8	0	1596	1478	173,333,173,333
1526406089.191491261	110	40	48	1	2	0	2	-54	136128	8	0	1596	1478	173,333,173,333
1526406089.203244539	110	40	48	1	2	0	2	-56	136129	8	0	1596	1478	173,333,173,333
1526406089.214994050	110	40	48	1	2	0	2	-57	136130	8	0	1596	1478	173,333,173,333
1526406089.226731971	110	40	48	1	2	0	2	-57	136131	8	0	1596	1478	173,333,173,333
1526406089.238518167	110	40	48	1	2	0	2	-58	136132	8	0	1596	1478	173,333,173,333
1526406089.250214921	110	40	48	1	2	0	2	-59	136133	8	0	1596	1478	173,333,173,333
1526406089.262032533	110	40	48	1	2	0	2	-59	136134	8	0	1596	1478	173,333,173,333
1526406089.273797235	110	40	48	1	2	0	2	-59	136135	8	0	1596	1478	173,333,173,333
1526406089.285488684	110	40	48	1	2	0	2	-58	136136	8	0	1596	1478	173,333,173,333
1526406089.297320196	110	40	48	1	2	0	2	-58	136137	8	0	1596	1478	173,333,173,333
1526406089.309100797	110	40	48	1	2	0	2	-57	136138	8	0	1596	1478	173,333,173,333
1526406089.320844592	110	40	48	1	2	0	2	-57	136139	8	0	1596	1478	173,333,173,333
1526406089.332597229	110	40	48	1	2	0	2	-56	136140	8	0	1596	1478	173,333,173,333
1526406089.344376665	110	40	48	1	2	0	2	-56	136141	8	0	1596	1478	173,333,173,333
1526406089.356045553	110	40	48	1	2	0	2	-56	136142	8	0	1596	1478	173,333,173,333
1526406089.367820876	110	40	48	1	2	0	2	-55	136143	8	0	1596	1478	173,333,173,333
1526406089.379573126	110	40	48	1	2	0	2	-55	136144	8	0	1596	1478	173,333,173,333
1526406089.391406010	110	40	48	1	2	0	2	-55	136145	8	0	1596	1478	173,333,173,333
1526406089.403113247	110	40	48	1	2	0	2	-54	136146	8	0	1596	1478	173,333,173,333
1526406089.414822551	110	40	48	1	2	0	2	-54	136147	8	0	1596	1478	173,333,173,333
1526406089.426691491	110	40	48	1	2	0	2	-54	136148	8	0	1596	1478	173,333,173,333
1526406089.438253141	110	40	48	1	2	0	2	-54	136149	8	0	1596	1478	173,333,173,333
1526406089.450086929	110	40	48	1	2	0	2	-54	136150	8	0	1596	1478	173,333,173,333
1526406089.461857551	110	40	48	1	2	0	2	-54	136151	8	0	1596	1478	173,333,173,333
1526406089.473588663	110	40	48	1	2	0	2	-54	136152	8	0	1596	1478	173,333,173,333
1526406089.485349246	110	40	48	1	2	0	2	-54	136153	8	0	1596	1478	173,333,173,333
1526406089.497122351	110	40	48	1	2	0	2	-54	136154	8	0	1596	1478	173,333,173,333
1526406089.508861502	110	40	48	1	2	0	2	-55	136155	8	0	1596	1478	173,333,173,333
1526406089.520546689	110	40	48	1	2	0	2	-55	136156	8	0	1596	1478	173,333,173,333
1526406089.532331155	110	40	48	1	2	0	2	-55	136157	8	0	1596	1478	173,333,173,333
1526406089.544108099	110	40	48	1	2	0	2	-55	136158	8	0	1596	1478	173,333,173,333
1526406089.555873969	110	40	48	1	2	0	2	-55	136159	8	0	1596	1478	173,333,173,333
1526406089.567783261	110	40	48	1	2	0	2	-55	136160	8	0	1596	1478	173,333,173,333
1526406089.579549259	110	40	48	1	2	0	2	-55	136161	8	0	1596	1478	173,333,173,333
1526406089.591314055	110	40	48	1	2	0	2	-55	136162	8	0	1596	1478	173,333,173,333
1526406089.603083244	110	40	48	1	2	0	2	-55	136163	8	0	1596	1478	173,333,173,333
1526406089.614838536	110	40	48	1	2	0	2	-56	136164	8	0	1596	1478	173,333,173,333
1526406089.626611208	110	40	48	1	2	0	2	-56	136165	8	0	1596	1478	173,333,173,333
1526406089.638346435	110	40	48	1	2	0	2	-56	136166	8	0	1596	1478	173,333,173,333
1526406089.650117895	110	40	48	1	2	0	2	-56	136167	8	0	1596	1478	173,333,173,333
1526406089.661781050	110	40	48	1	2	0	2	-56	136168	8	0	1596	1478	173,333,173,333
1526406089.673651525	110	40	48	1	2	0	2	-56	136169	8	0	1596	1478	173,333,173,333
1526406089.685407988	110	40	48	1	2	0	2	-56	136170	8	0	1596	1478	173,333,173,333
1526406089.697206638	110	40	48	1	2	0	2	-56	136171	8	0	1596	1478	173,333,173,333
1526406089.708946346	110	40	48	1	2	0	2	-56	136172	8	0	1596	1478	173,333,173,333
1526406089.720662525	110	40	48	1	2	0	2	-55	136173	8	0	1596	1478	173,333,173,333
1526406089.732468770	110	40	48	1	2	0	2	-56	136174	8	0	1596	1478	173,333,173,333
1526406089.744192139	110	40	48	1	2	0	2	-55	136175	8	0	1596	1478	173,333,173,333
1526406089.755954825	110	40	48	1	2	0	2	-55	136176	8	0	1596	1478	173,333,173,333
1526406089.767656798	110	40	48	1	2	0	2	-56	136177	8	0	1596	1478	173,333,173,333
1526406089.779396237	110	40	48	1	2	0	2	-56	136178	8	0	1596	1478	173,333,173,333
1526406089.791136382	110	40	48	1	2	0	2	-55	136179	8	0	1596	1478	173,333,173,333
1526406089.802878073	110	40	48	1	2	0	2	-55	136180	8	0	1596	1478	173,333,173,333
1526406089.814634278	110	40	48	1	2	0	2	-55	136181	8	0	1596	1478	173,333,173,333
1526406089.826375849	110	40	48	1	2	0	2	-55	136182	8	0	1596	1478	173,333,173,333
1526406089.838269415	110	40	48	1	2	0	2	-55	136183	8	0	1596	1478	173,333,173,333
1526406089.850023733	110	40	48	1	2	0	2	-54	136184	8	0	1596	1478	173,333,173,333
1526406089.861794164	110	40	48	1	2	0	2	-55	136185	8	0	1596	1478	173,333,173,333
1526406089.873557450	110	40	48	1	2	0	2	-55	136186	8	0	1596	1478	173,333,173,333
1526406089.885324624	110	40	48	1	2	0	2	-55	136187	8	0	1596	1478	173,333,173,333
1526406089.897076122	110	40	48	1	2	0	2	-54	136188	8	0	1596	1478	173,333,173,333
1526406089.908835827	110	40	48	1	2	0	2	-54	136189	8	0	1596	1478	173,333,173,333
1526406089.920605754	110	40	48	1	2	0	2	-55	136190	8	0	1596	1478	173,333,173,333
1526406089.932367373	110	40	48	1	2	0	2	-54	136191	8	0	1596	1478	173,333,173,333
1526406089.944119487	110	40	48	1	2	0	2	-54	136192	8	0	1596	1478	173,333,173,333
1526406089.955751182	110	40	48	1	2	0	2	-54	136193	8	0	1596	1478	173,333,173,333
1526406089.967564868	110	40	48	1	2	0	2	-54	136194	8	0	1596	1478	173,333,173,333
1526406089.979820545	110	40	48	1	2	0	2	-53	136195	8	0	1596	1478	173,333,173,333
1526406089.991052298	110	40	48	1	2	0	2	-53	136196	8	0	1596	1478	173,333,173,333
1526406090.002830649	110	40	48	1	2	0	2	-53	136197	8	0	1596	1478	173,333,173,333
1526406090.014596594	110	40	48	1	2	0	2	-53	136198	8	0	1596	1478	173,333,173,333
1526406090.026291699	110	40	48	1	2	0	2	-53	136199	8	0	1596	1478	173,333,173,333
1526406090.037980963	110	40	48	1	2	0	2	-53	136200	8	0	1596	1478	173,333,173,333
1526406090.049877359	110	40	48	1	2	0	2	-53	136201	8	0	1596	1478	173,333,173,333
1526406090.061711941	110	40	48	1	2	0	2	-53	136202	8	0	1596	1478	173,333,173,333
1526406090.073475819	110	40	48	1	2	0	2	-53	136203	8	0	1596	1478	173,333,173,333
1526406090.085234134	110	40	48	1	2	0	2	-53	136204	8	0	1596	1478	173,333,173,333
1526406090.097001660	110	40	48	1	2	0	2	-54	136205	8	0	1596	1478	173,333,173,333
1526406090.108687774	110	40	48	1	2	0	2	-53	136206	8	0	1596	1478	173,333,173,333
1526406090.120517403	110	40	48	1	2	0	2	-54	136207	8	0	1596	1478	173,333,173,333
1526406090.132295585	110	40	48	1	2	0	2	-53	136208	8	0	1596	1478	173,333,173,333
1526406090.143918294	110	40	48	1	2	0	2	-53	136209	8	0	1596	1478	173,333,173,333
1526406090.155805795	110	40	48	1	2	0	2	-53	136210	8	0	1596	1478	173,333,173,333
1526406090.167558776	110	40	48	1	2	0	2	-53	136211	8	0	1596	1478	173,333,173,333
1526406090.179361134	110	40	48	1	2	0	2	-53	136212	8	0	1596	1478	173,333,173,333
1526406090.191090272	110	40	48	1	2	0	2	-53	136213	8	0	1596	1478	173,333,173,333
1526406090.202830234	110	40	48	1	2	0	2	-53	136214	8	0	1596	1478	173,333,173,333
1526406090.214600610	110	40	48	1	2	0	2	-53	136215	8	0	1596	1478	173,333,173,333
1526406090.226367686	110	40	48	1	2	0	2	-54	136216	8	0	1596	1478	173,333,173,333
1526406090.238128521	110	40	48	1	2	0	2	-54	136217	8	0	1596	1478	173,333,173,333
1526406090.249883877	110	40	48	1	2	0	2	-54	136218	8	0	1596	1478	173,333,173,333
1526406090.261579139	110	40	48	1	2	0	2	-55	136219	8	0	1596	1478	173,333,173,333
1526406090.273396094	110	40	48	1	2	0	2	-55	136220	8	0	1596	1478	173,333,173,333
1526406090.285184951	110	40	48	1	2	0	2	-56	136221	8	0	1596	1478	173,333,173,333
1526406090.296912677	110	40	48	1	2	0	2	-56	136222	8	0	1596	1478	173,333,173,333
1526406090.308694392	110	40	48	1	2	0	2	-56	136223	8	0	1596	1478	173,333,173,333
1526406090.320442117	110	40	48	1	2	0	2	-57	136224	8	0	1596	1478	173,333,173,333
1526406090.332192483	110	40	48	1	2	0	2	-58	136225	8	0	1596	1478	173,333,173,333
1526406090.343969098	110	40	48	1	2	0	2	-59	136226	8	0	1596	1478	173,333,173,333
1526406090.355722575	110	40	48	1	2	0	2	-60	136227	8	0	1596	1478	173,333,173,333
1526406090.367478402	110	40	48	1	2	0	2	-60	136228	8	0	1596	1478	173,333,173,333
1526406090.379244098	110	40	48	1	2	0	2	-61	136229	8	0	1596	1478	173,333,173,333
1526406090.390993006	110	40	48	1	2	0	2	-61	136230	8	0	1596	1478	173,333,173,333
1526406090.402765535	110	40	48	1	2	0	2	-62	136231	8	0	1596	1478	173,333,173,333
1526406090.414477291	110	40	48	1	2	0	2	-61	136232	8	0	1596	1478	173,333,173,333
1526406090.427420890	110	40	48	1	2	0	2	-60	136235	8	0	1596	1478	173,333,173,333
1526406090.439165072	110	40	48	1	2	0	2	-60	136239	8	0	1596	1478	173,333,173,333
1526406090.450308334	110	40	48	1	2	0	2	-59	136240	8	0	1596	1478	173,333,173,333
1526406090.461565023	110	40	48	1	2	0	2	-58	136241	8	0	1596	1478	173,333,173,333
1526406090.473318891	110	40	48	1	2	0	2	-57	136242	8	0	1596	1478	173,333,173,333
1526406090.485090485	110	40	48	1	2	0	2	-57	136243	8	0	1596	1478	173,333,173,333
1526406090.496758602	110	40	48	1	2	0	2	-56	136244	8	0	1596	1478	173,333,173,333
1526406090.508601110	110	40	48	1	2	0	2	-56	136245	8	0	1596	1478	173,333,173,333
1526406090.520376309	110	40	48	1	2	0	2	-56	136246	8	0	1596	1478	173,333,173,333
1526406090.532019799	110	40	48	1	2	0	2	-55	136247	8	0	1596	1478	173,333,173,333
1526406090.543741271	110	40	48	1	2	0	2	-54	136248	8	0	1596	1478	173,333,173,333
1526406090.555500621	110	40	48	1	2	0	2	-54	136249	8	0	1596	1478	173,333,173,333
1526406090.567240142	110	40	48	1	2	0	2	-54	136250	8	0	1596	1478	173,333,173,333
1526406090.579159967	110	40	48	1	2	0	2	-53	136251	8	0	1596	1478	173,333,173,333
1526406090.590850343	110	40	48	1	2	0	2	-53	136252	8	0	1596	1478	173,333,173,333
1526406090.602664939	110	40	48	1	2	0	2	-53	136253	8	0	1596	1478	173,333,173,333
1526406090.614450885	110	40	48	1	2	0	2	-53	136254	8	0	1596	1478	173,333,173,333
1526406090.626201371	110	40	48	1	2	0	2	-53	136255	8	0	1596	1478	173,333,173,333
1526406090.637810858	110	40	48	1	2	0	2	-53	136256	8	0	1596	1478	173,333,173,333
1526406090.649579164	110	40	48	1	2	0	2	-53	136257	8	0	1596	1478	173,333,173,333
1526406090.661489927	110	40	48	1	2	0	2	-54	136258	8	0	1596	1478	173,333,173,333
1526406090.673235044	110	40	48	1	2	0	2	-54	136259	8	0	1596	1478	173,333,173,333
1526406090.685000043	110	40	48	1	2	0	2	-55	136260	8	0	1596	1478	173,333,173,333
1526406090.696753956	110	40	48	1	2	0	2	-55	136261	8	0	1596	1478	173,333,173,333
1526406090.708542496	110	40	48	1	2	0	2	-56	136262	8	0	1596	1478	173,333,173,333
1526406090.720270826	110	40	48	1	2	0	2	-57	136263	8	0	1596	1478	173,333,173,333
1526406090.732045175	110	40	48	1	2	0	2	-57	136264	8	0	1596	1478	173,333,173,333
1526406090.743725798	110	40	48	1	2	0	2	-58	136265	8	0	1596	1478	173,333,173,333
1526406090.755469775	110	40	48	1	2	0	2	-58	136266	8	0	1596	1478	173,333,173,333
1526406090.767205702	110	40	48	1	2	0	2	-59	136267	8	0	1596	1478	173,333,173,333
1526406090.778947970	110	40	48	1	2	0	2	-59	136268	8	0	1596	1478	173,333,173,333
1526406090.790720585	110	40	48	1	2	0	2	-59	136269	8	0	1596	1478	173,333,173,333
1526406090.802461409	110	40	48	1	2	0	2	-59	136270	8	0	1596	1478	173,333,173,333
1526406090.814223652	110	40	48	1	2	0	2	-58	136271	8	0	1596	1478	173,333,173,333
1526406090.825999342	110	40	48	1	2	0	2	-58	136272	8	0	1596	1478	173,333,173,333
1526406090.837703077	110	40	48	1	2	0	2	-57	136273	8	0	1596	1478	173,333,173,333
1526406090.849519893	110	40	48	1	2	0	2	-57	136274	8	0	1596	1478	173,333,173,333
1526406090.861260446	110	40	48	1	2	0	2	-57	136275	8	0	1596	1478	173,333,173,333
1526406090.873011949	110	40	48	1	2	0	2	-57	136276	8	0	1596	1478	173,333,173,333
1526406090.884789662	110	40	48	1	2	0	2	-56	136277	8	0	1596	1478	173,333,173,333
1526406090.896557156	110	40	48	1	2	0	2	-56	136278	8	0	1596	1478	173,333,173,333
1526406090.908305435	110	40	48	1	2	0	2	-56	136279	8	0	1596	1478	173,333,173,333
1526406090.920077365	110	40	48	1	2	0	2	-55	136280	8	0	1596	1478	173,333,173,333
1526406090.931829527	110	40	48	1	2	0	2	-55	136281	8	0	1596	1478	173,333,173,333
1526406090.943580297	110	40	48	1	2	0	2	-55	136282	8	0	1596	1478	173,333,173,333
1526406090.955347011	110	40	48	1	2	0	2	-55	136283	8	0	1596	1478	173,333,173,333
1526406090.967096966	110	40	48	1	2	0	2	-54	136284	8	0	1596	1478	173,333,173,333
1526406090.978894876	110	40	48	1	2	0	2	-54	136285	8	0	1596	1478	173,333,173,333
1526406090.990761437	110	40	48	1	2	0	2	-54	136286	8	0	1596	1478	173,333,173,333
1526406091.002522858	110	40	48	1	2	0	2	-54	136287	8	0	1596	1478	173,333,173,333
1526406091.014266846	110	40	48	1	2	0	2	-54	136288	8	0	1596	1478	173,333,173,333
1526406091.025829279	110	40	48	1	2	0	2	-54	136289	8	0	1596	1478	173,333,173,333
1526406091.037811469	110	40	48	1	2	0	2	-54	136290	8	0	1596	1478	173,333,173,333
1526406091.049567132	110	40	48	1	2	0	2	-55	136291	8	0	1596	1478	173,333,173,333
1526406091.061223821	110	40	48	1	2	0	2	-55	136292	8	0	1596	1478	173,333,173,333
1526406091.072930634	110	40	48	1	2	0	2	-54	136293	8	0	1596	1478	173,333,173,333
1526406091.084837849	110	40	48	1	2	0	2	-55	136294	8	0	1596	1478	173,333,173,333
1526406091.096598015	110	40	48	1	2	0	2	-55	136295	8	0	1596	1478	173,333,173,333
1526406091.108255966	110	40	48	1	2	0	2	-55	136296	8	0	1596	1478	173,333,173,333
1526406091.120093449	110	40	48	1	2	0	2	-55	136297	8	0	1596	1478	173,333,173,333
1526406091.131735159	110	40	48	1	2	0	2	-55	136298	8	0	1596	1478	173,333,173,333
1526406091.143493682	110	40	48	1	2	0	2	-55	136299	8	0	1596	1478	173,333,173,333
1526406091.155268446	110	40	48	1	2	0	2	-56	136300	8	0	1596	1478	173,333,173,333
1526406091.167593850	110	40	48	1	2	0	2	-56	136301	8	0	1596	1478	173,333,173,333
1526406091.178838688	110	40	48	1	2	0	2	-56	136302	8	0	1596	1478	173,333,173,333
1526406091.190658359	110	40	48	1	2	0	2	-56	136303	8	0	1596	1478	173,333,173,333
1526406091.202706288	110	40	48	1	2	0	2	-56	136304	8	0	1596	1478	173,333,173,333
1526406091.214200488	110	40	48	1	2	0	2	-56	136305	8	0	1596	1478	173,333,173,333
1526406091.225984058	110	40	48	1	2	0	2	-56	136306	8	0	1596	1478	173,333,173,333
1526406091.237707316	110	40	48	1	2	0	2	-57	136307	8	0	1596	1478	173,333,173,333
1526406091.249471997	110	40	48	1	2	0	2	-56	136308	8	0	1596	1478	173,333,173,333
1526406091.261173009	110	40	48	1	2	0	2	-56	136309	8	0	1596	1478	173,333,173,333
1526406091.272989781	110	40	48	1	2	0	2	-56	136310	8	0	1596	1478	173,333,173,333
1526406091.284787146	110	40	48	1	2	0	2	-56	136311	8	0	1596	1478	173,333,173,333
1526406091.296419524	110	40	48	1	2	0	2	-56	136312	8	0	1596	1478	173,333,173,333
1526406091.308198006	110	40	48	1	2	0	2	-56	136313	8	0	1596	1478	173,333,173,333
1526406091.320012415	110	40	48	1	2	0	2	-56	136314	8	0	1596	1478	173,333,173,333
1526406091.331807441	110	40	48	1	2	0	2	-56	136315	8	0	1596	1478	173,333,173,333
1526406091.343500712	110	40	48	1	2	0	2	-56	136316	8	0	1596	1478	173,333,173,333
1526406091.355231317	110	40	48	1	2	0	2	-56	136317	8	0	1596	1478	173,333,173,333
1526406091.367115309	110	40	48	1	2	0	2	-56	136318	8	0	1596	1478	173,333,173,333
1526406091.378839911	110	40	48	1	2	0	2	-57	136319	8	0	1596	1478	173,333,173,333
1526406091.390606036	110	40	48	1	2	0	2	-57	136320	8	0	1596	1478	173,333,173,333
1526406091.402352262	110	40	48	1	2	0	2	-58	136321	8	0	1596	1478	173,333,173,333
1526406091.414111888	110	40	48	1	2	0	2	-59	136322	8	0	1596	1478	173,333,173,333
1526406091.425826099	110	40	48	1	2	0	2	-59	136323	8	0	1596	1478	173,333,173,333
1526406091.437624393	110	40	48	1	2	0	2	-59	136324	8	0	1596	1478	173,333,173,333
1526406091.449390746	110	40	48	1	2	0	2	-60	136325	8	0	1596	1478	173,333,173,333
1526406091.461076698	110	40	48	1	2	0	2	-59	136326	8	0	1596	1478	173,333,173,333
1526406091.472947067	110	40	48	1	2	0	2	-59	136327	8	0	1596	1478	173,333,173,333
1526406091.484665648	110	40	48	1	2	0	2	-59	136328	8	0	1596	1478	173,333,173,333
1526406091.496446429	110	40	48	1	2	0	2	-59	136329	8	0	1596	1478	173,333,173,333
1526406091.508202899	110	40	48	1	2	0	2	-59	136330	8	0	1596	1478	173,333,173,333
1526406091.519961065	110	40	48	1	2	0	2	-57	136331	8	0	1596	1478	173,333,173,333
1526406091.531622304	110	40	48	1	2	0	2	-57	136332	8	0	1596	1478	173,333,173,333
1526406091.543489162	110	40	48	1	2	0	2	-56	136333	8	0	1596	1478	173,333,173,333
1526406091.555245955	110	40	48	1	2	0	2	-55	136334	8	0	1596	1478	173,333,173,333
1526406091.566887632	110	40	48	1	2	0	2	-54	136335	8	0	1596	1478	173,333,173,333
1526406091.578592658	110	40	48	1	2	0	2	-54	136336	8	0	1596	1478	173,333,173,333
1526406091.590428051	110	40	48	1	2	0	2	-53	136337	8	0	1596	1478	173,333,173,333
1526406091.602336747	110	40	48	1	2	0	2	-53	136338	8	0	1596	1478	173,333,173,333
1526406091.614020520	110	40	48	1	2	0	2	-53	136339	8	0	1596	1478	173,333,173,333
1526406091.625836063	110	40	48	1	2	0	2	-53	136340	8	0	1596	1478	173,333,173,333
1526406091.637465889	110	40	48	1	2	0	2	-53	136341	8	0	1596	1478	173,333,173,333
1526406091.649392083	110	40	48	1	2	0	2	-53	136342	8	0	1596	1478	173,333,173,333
1526406091.661152172	110	40	48	1	2	0	2	-54	136343	8	0	1596	1478	173,333,173,333
1526406091.672864944	110	40	48	1	2	0	2	-54	136344	8	0	1596	1478	173,333,173,333
1526406091.684661349	110	40	48	1	2	0	2	-54	136345	8	0	1596	1478	173,333,173,333
1526406091.696411020	110	40	48	1	2	0	2	-55	136346	8	0	1596	1478	173,333,173,333
1526406091.708170225	110	40	48	1	2	0	2	-55	136347	8	0	1596	1478	173,333,173,333
1526406091.719853040	110	40	48	1	2	0	2	-55	136348	8	0	1596	1478	173,333,173,333
1526406091.731606743	110	40	48	1	2	0	2	-55	136349	8	0	1596	1478	173,333,173,333
1526406091.743205661	110	40	48	1	2	0	2	-55	136350	8	0	1596	1478	173,333,173,333
1526406091.755089582	110	40	48	1	2	0	2	-55	136351	8	0	1596	1478	173,333,173,333
1526406091.766870261	110	40	48	1	2	0	2	-55	136352	8	0	1596	1478	173,333,173,333
1526406091.778717354	110	40	48	1	2	0	2	-54	136353	8	0	1596	1478	173,333,173,333
1526406091.790478456	110	40	48	1	2	0	2	-54	136354	8	0	1596	1478	173,333,173,333
1526406091.802238568	110	40	48	1	2	0	2	-53	136355	8	0	1596	1478	173,333,173,333
1526406091.813768855	110	40	48	1	2	0	2	-53	136356	8	0	1596	1478	173,333,173,333
1526406091.825633599	110	40	48	1	2	0	2	-53	136357	8	0	1596	1478	173,333,173,333
1526406091.837414415	110	40	48	1	2	0	2	-53	136358	8	0	1596	1478	173,333,173,333
1526406091.849083337	110	40	48	1	2	0	2	-54	136359	8	0	1596	1478	173,333,173,333
1526406091.860905378	110	40	48	1	2	0	2	-54	136360	8	0	1596	1478	173,333,173,333
1526406091.872762419	110	40	48	1	2	0	2	-54	136361	8	0	1596	1478	173,333,173,333
1526406091.884534845	110	40	48	1	2	0	2	-54	136362	8	0	1596	1478	173,333,173,333
1526406091.896306520	110	40	48	1	2	0	2	-54	136363	8	0	1596	1478	173,333,173,333
1526406091.908068028	110	40	48	1	2	0	2	-55	136364	8	0	1596	1478	173,333,173,333
1526406091.919790037	110	40	48	1	2	0	2	-55	136365	8	0	1596	1478	173,333,173,333
1526406091.931479159	110	40	48	1	2	0	2	-55	136366	8	0	1596	1478	173,333,173,333
1526406091.943176808	110	40	48	1	2	0	2	-54	136367	8	0	1596	1478	173,333,173,333
1526406091.954978279	110	40	48	1	2	0	2	-54	136368	8	0	1596	1478	173,333,173,333
1526406091.966738226	110	40	48	1	2	0	2	-54	136369	8	0	1596	1478	173,333,173,333
1526406091.978497346	110	40	48	1	2	0	2	-54	136370	8	0	1596	1478	173,333,173,333
1526406091.990127772	110	40	48	1	2	0	2	-55	136371	8	0	1596	1478	173,333,173,333
1526406092.002012266	110	40	48	1	2	0	2	-56	136372	8	0	1596	1478	173,333,173,333
1526406092.013781109	110	40	48	1	2	0	2	-57	136373	8	0	1596	1478	173,333,173,333
1526406092.025531063	110	40	48	1	2	0	2	-58	136374	8	0	1596	1478	173,333,173,333
1526406092.037374684	110	40	48	1	2	0	2	-58	136375	8	0	1596	1478	173,333,173,333
1526406092.049153615	110	40	48	1	2	0	2	-59	136376	8	0	1596	1478	173,333,173,333
1526406092.060937952	110	40	48	1	2	0	2	-59	136377	8	0	1596	1478	173,333,173,333
1526406092.072689143	110	40	48	1	2	0	2	-59	136378	8	0	1596	1478	173,333,173,333
1526406092.084317322	110	40	48	1	2	0	2	-58	136379	8	0	1596	1478	173,333,173,333
1526406092.096057369	110	40	48	1	2	0	2	-58	136380	8	0	1596	1478	173,333,173,333
1526406092.107948324	110	40	48	1	2	0	2	-59	136381	8	0	1596	1478	173,333,173,333
1526406092.119706197	110	40	48	1	2	0	2	-59	136382	8	0	1596	1478	173,333,173,333
1526406092.131399573	110	40	48	1	2	0	2	-59	136383	8	0	1596	1478	173,333,173,333
1526406092.143094934	110	40	48	1	2	0	2	-60	136384	8	0	1596	1478	173,333,173,333
1526406092.154982868	110	40	48	1	2	0	2	-60	136385	8	0	1596	1478	173,333,173,333
1526406092.166743958	110	40	48	1	2	0	2	-60	136386	8	0	1596	1478	173,333,173,333
1526406092.178516443	110	40	48	1	2	0	2	-60	136387	8	0	1596	1478	173,333,173,333
1526406092.190282802	110	40	48	1	2	0	2	-59	136388	8	0	1596	1478	173,333,173,333
1526406092.202087832	110	40	48	1	2	0	2	-58	136389	8	0	1596	1478	173,333,173,333
1526406092.213811015	110	40	48	1	2	0	2	-59	136390	8	0	1596	1478	173,333,173,333
1526406092.225541440	110	40	48	1	2	0	2	-58	136391	8	0	1596	1478	173,333,173,333
1526406092.237330383	110	40	48	1	2	0	2	-58	136392	8	0	1596	1478	173,333,173,333
1526406092.249089807	110	40	48	1	2	0	2	-59	136393	8	0	1596	1478	173,333,173,333
1526406092.260825476	110	40	48	1	2	0	2	-60	136394	8	0	1596	1478	173,333,173,333
1526406092.272600115	110	40	48	1	2	0	2	-60	136395	8	0	1596	1478	173,333,173,333
1526406092.284372747	110	40	48	1	2	0	2	-60	136396	8	0	1596	1478	173,333,173,333
1526406092.296056774	110	40	48	1	2	0	2	-61	136397	8	0	1596	1478	173,333,173,333
1526406092.307883297	110	40	48	1	2	0	2	-60	136398	8	0	1596	1478	173,333,173,333
1526406092.319651655	110	40	48	1	2	0	2	-60	136399	8	0	1596	1478	173,333,173,333
1526406092.331408670	110	40	48	1	2	0	2	-60	136400	8	0	1596	1478	173,333,173,333
1526406092.343152581	110	40	48	1	2	0	2	-61	136401	8	0	1596	1478	173,333,173,333
1526406092.354919150	110	40	48	1	2	0	2	-61	136402	8	0	1596	1478	173,333,173,333
1526406092.366611759	110	40	48	1	2	0	2	-61	136403	8	0	1596	1478	173,333,173,333
1526406092.378419256	110	40	48	1	2	0	2	-60	136404	8	0	1596	1478	173,333,173,333
1526406092.390204998	110	40	48	1	2	0	2	-60	136405	8	0	1596	1478	173,333,173,333
1526406092.401982459	110	40	48	1	2	0	2	-60	136406	8	0	1596	1478	173,333,173,333
1526406092.413717318	110	40	48	1	2	0	2	-59	136407	8	0	1596	1478	173,333,173,333
1526406092.425505080	110	40	48	1	2	0	2	-59	136408	8	0	1596	1478	173,333,173,333
1526406092.437264606	110	40	48	1	2	0	2	-59	136409	8	0	1596	1478	173,333,173,333
1526406092.448950459	110	40	48	1	2	0	2	-59	136410	8	0	1596	1478	173,333,173,333
1526406092.460757439	110	40	48	1	2	0	2	-59	136411	8	0	1596	1478	173,333,173,333
1526406092.472448635	110	40	48	1	2	0	2	-58	136412	8	0	1596	1478	173,333,173,333
1526406092.484199379	110	40	48	1	2	0	2	-58	136413	8	0	1596	1478	173,333,173,333
1526406092.496045504	110	40	48	1	2	0	2	-58	136414	8	0	1596	1478	173,333,173,333
1526406092.507807405	110	40	48	1	2	0	2	-59	136415	8	0	1596	1478	173,333,173,333
1526406092.519566827	110	40	48	1	2	0	2	-59	136416	8	0	1596	1478	173,333,173,333
1526406092.531219421	110	40	48	1	2	0	2	-59	136417	8	0	1596	1478	173,333,173,333
1526406092.543133199	110	40	48	1	2	0	2	-58	136418	8	0	1596	1478	173,333,173,333
1526406092.554831906	110	40	48	1	2	0	2	-57	136419	8	0	1596	1478	173,333,173,333
1526406092.566608004	110	40	48	1	2	0	2	-57	136420	8	0	1596	1478	173,333,173,333
1526406092.578363393	110	40	48	1	2	0	2	-57	136421	8	0	1596	1478	173,333,173,333
1526406092.590048377	110	40	48	1	2	0	2	-56	136422	8	0	1596	1478	173,333,173,333
1526406092.601730821	110	40	48	1	2	0	2	-56	136423	8	0	1596	1478	173,333,173,333
1526406092.613551284	110	40	48	1	2	0	2	-56	136424	8	0	1596	1478	173,333,173,333
1526406092.625267725	110	40	48	1	2	0	2	-55	136425	8	0	1596	1478	173,333,173,333
1526406092.637071146	110	40	48	1	2	0	2	-54	136426	8	0	1596	1478	173,333,173,333
1526406092.648812971	110	40	48	1	2	0	2	-53	136427	8	0	1596	1478	173,333,173,333
1526406092.660672755	110	40	48	1	2	0	2	-52	136428	8	0	1596	1478	173,333,173,333
1526406092.672414107	110	40	48	1	2	0	2	-51	136429	8	0	1596	1478	173,333,173,333
1526406092.684107706	110	40	48	1	2	0	2	-52	136430	8	0	1596	1478	173,333,173,333
1526406092.695865804	110	40	48	1	2	0	2	-53	136431	8	0	1596	1478	173,333,173,333
1526406092.707606250	110	40	48	1	2	0	2	-54	136432	8	0	1596	1478	173,333,173,333
1526406092.719364376	110	40	48	1	2	0	2	-54	136433	8	0	1596	1478	173,333,173,333
1526406092.731103902	110	40	48	1	2	0	2	-55	136434	8	0	1596	1478	173,333,173,333
1526406092.742869197	110	40	48	1	2	0	2	-55	136435	8	0	1596	1478	173,333,173,333
1526406092.754632776	110	40	48	1	2	0	2	-54	136436	8	0	1596	1478	173,333,173,333
1526406092.766379747	110	40	48	1	2	0	2	-54	136437	8	0	1596	1478	173,333,173,333
1526406092.778144121	110	40	48	1	2	0	2	-54	136438	8	0	1596	1478	173,333,173,333
1526406092.789906484	110	40	48	1	2	0	2	-54	136439	8	0	1596	1478	173,333,173,333
1526406092.801673328	110	40	48	1	2	0	2	-54	136440	8	0	1596	1478	173,333,173,333
1526406092.813296779	110	40	48	1	2	0	2	-55	136441	8	0	1596	1478	173,333,173,333
1526406092.825189130	110	40	48	1	2	0	2	-55	136442	8	0	1596	1478	173,333,173,333
1526406092.836932365	110	40	48	1	2	0	2	-55	136443	8	0	1596	1478	173,333,173,333
1526406092.848696512	110	40	48	1	2	0	2	-55	136444	8	0	1596	1478	173,333,173,333
1526406092.860479297	110	40	48	1	2	0	2	-55	136445	8	0	1596	1478	173,333,173,333
1526406092.872236578	110	40	48	1	2	0	2	-54	136446	8	0	1596	1478	173,333,173,333
1526406092.883986388	110	40	48	1	2	0	2	-53	136447	8	0	1596	1478	173,333,173,333
1526406092.895743047	110	40	48	1	2	0	2	-54	136448	8	0	1596	1478	173,333,173,333
1526406092.907865774	110	40	48	1	2	0	2	-54	136449	8	0	1596	1478	173,333,173,333
1526406092.919171117	110	40	48	1	2	0	2	-54	136450	8	0	1596	1478	173,333,173,333
1526406092.930933159	110	40	48	1	2	0	2	-54	136451	8	0	1596	1478	173,333,173,333
1526406092.942653320	110	40	48	1	2	0	2	-54	136452	8	0	1596	1478	173,333,173,333
1526406092.954543675	110	40	48	1	2	0	2	-53	136453	8	0	1596	1478	173,333,173,333
1526406092.966325085	110	40	48	1	2	0	2	-53	136454	8	0	1596	1478	173,333,173,333
1526406092.978174942	110	40	48	1	2	0	2	-53	136455	8	0	1596	1478	173,333,173,333
1526406092.989948199	110	40	48	1	2	0	2	-54	136456	8	0	1596	1478	173,333,173,333
1526406093.001743798	110	40	48	1	2	0	2	-54	136457	8	0	1596	1478	173,333,173,333
1526406093.013500826	110	40	48	1	2	0	2	-54	136458	8	0	1596	1478	173,333,173,333
1526406093.025256583	110	40	48	1	2	0	2	-54	136459	8	0	1596	1478	173,333,173,333
1526406093.036979092	110	40	48	1	2	0	2	-54	136460	8	0	1596	1478	173,333,173,333
1526406093.048751264	110	40	48	1	2	0	2	-55	136461	8	0	1596	1478	173,333,173,333
1526406093.060514390	110	40	48	1	2	0	2	-54	136462	8	0	1596	1478	173,333,173,333
1526406093.072271633	110	40	48	1	2	0	2	-54	136463	8	0	1596	1478	173,333,173,333
1526406093.084066142	110	40	48	1	2	0	2	-54	136464	8	0	1596	1478	173,333,173,333
1526406093.095797220	110	40	48	1	2	0	2	-54	136465	8	0	1596	1478	173,333,173,333
1526406093.107490409	110	40	48	1	2	0	2	-53	136466	8	0	1596	1478	173,333,173,333
1526406093.119223640	110	40	48	1	2	0	2	-53	136467	8	0	1596	1478	173,333,173,333
1526406093.130936563	110	40	48	1	2	0	2	-54	136468	8	0	1596	1478	173,333,173,333
1526406093.142766797	110	40	48	1	2	0	2	-53	136469	8	0	1596	1478	173,333,173,333
1526406093.154591315	110	40	48	1	2	0	2	-54	136470	8	0	1596	1478	173,333,173,333
1526406093.166335066	110	40	48	1	2	0	2	-54	136471	8	0	1596	1478	173,333,173,333
1526406093.178131618	110	40	48	1	2	0	2	-54	136472	8	0	1596	1478	173,333,173,333
1526406093.189890763	110	40	48	1	2	0	2	-55	136473	8	0	1596	1478	173,333,173,333
1526406093.201660651	110	40	48	1	2	0	2	-55	136474	8	0	1596	1478	173,333,173,333
1526406093.213393545	110	40	48	1	2	0	2	-54	136475	8	0	1596	1478	173,333,173,333
1526406093.225151357	110	40	48	1	2	0	2	-55	136476	8	0	1596	1478	173,333,173,333
1526406093.236923241	110	40	48	1	2	0	2	-54	136477	8	0	1596	1478	173,333,173,333
1526406093.248673886	110	40	48	1	2	0	2	-54	136478	8	0	1596	1478	173,333,173,333
1526406093.260364762	110	40	48	1	2	0	2	-54	136479	8	0	1596	1478	173,333,173,333
1526406093.272142499	110	40	48	1	2	0	2	-53	136480	8	0	1596	1478	173,333,173,333
1526406093.283960829	110	40	48	1	2	0	2	-53	136481	8	0	1596	1478	173,333,173,333
1526406093.295729001	110	40	48	1	2	0	2	-53	136482	8	0	1596	1478	173,333,173,333
1526406093.307484829	110	40	48	1	2	0	2	-53	136483	8	0	1596	1478	173,333,173,333
1526406093.319246929	110	40	48	1	2	0	2	-53	136484	8	0	1596	1478	173,333,173,333
1526406093.331000107	110	40	48	1	2	0	2	-53	136485	8	0	1596	1478	173,333,173,333
1526406093.342758737	110	40	48	1	2	0	2	-53	136486	8	0	1596	1478	173,333,173,333
1526406093.354510688	110	40	48	1	2	0	2	-54	136487	8	0	1596	1478	173,333,173,333
1526406093.366272565	110	40	48	1	2	0	2	-53	136488	8	0	1596	1478	173,333,173,333
1526406093.378042829	110	40	48	1	2	0	2	-54	136489	8	0	1596	1478	173,333,173,333
1526406093.389797895	110	40	48	1	2	0	2	-54	136490	8	0	1596	1478	173,333,173,333
1526406093.401573405	110	40	48	1	2	0	2	-54	136491	8	0	1596	1478	173,333,173,333
1526406093.413349895	110	40	48	1	2	0	2	-54	136492	8	0	1596	1478	173,333,173,333
1526406093.425034513	110	40	48	1	2	0	2	-54	136493	8	0	1596	1478	173,333,173,333
1526406093.436833359	110	40	48	1	2	0	2	-54	136494	8	0	1596	1478	173,333,173,333
1526406093.448600588	110	40	48	1	2	0	2	-54	136495	8	0	1596	1478	173,333,173,333
1526406093.460368179	110	40	48	1	2	0	2	-54	136496	8	0	1596	1478	173,333,173,333
1526406093.472124093	110	40	48	1	2	0	2	-53	136497	8	0	1596	1478	173,333,173,333
1526406093.483890249	110	40	48	1	2	0	2	-54	136498	8	0	1596	1478	173,333,173,333
1526406093.495648016	110	40	48	1	2	0	2	-54	136499	8	0	1596	1478	173,333,173,333
1526406093.507405725	110	40	48	1	2	0	2	-54	136500	8	0	1596	1478	173,333,173,333
1526406093.519092909	110	40	48	1	2	0	2	-54	136501	8	0	1596	1478	173,333,173,333
1526406093.530691866	110	40	48	1	2	0	2	-54	136502	8	0	1596	1478	173,333,173,333
1526406093.542596804	110	40	48	1	2	0	2	-54	136503	8	0	1596	1478	173,333,173,333
1526406093.554395658	110	40	48	1	2	0	2	-54	136504	8	0	1596	1478	173,333,173,333
1526406093.566151058	110	40	48	1	2	0	2	-53	136505	8	0	1596	1478	173,333,173,333
1526406093.577908520	110	40	48	1	2	0	2	-54	136506	8	0	1596	1478	173,333,173,333
1526406093.589710698	110	40	48	1	2	0	2	-54	136507	8	0	1596	1478	173,333,173,333
1526406093.601494090	110	40	48	1	2	0	2	-54	136508	8	0	1596	1478	173,333,173,333
1526406093.613127016	110	40	48	1	2	0	2	-55	136509	8	0	1596	1478	173,333,173,333
1526406093.625046395	110	40	48	1	2	0	2	-55	136510	8	0	1596	1478	173,333,173,333
1526406093.636620639	110	40	48	1	2	0	2	-55	136511	8	0	1596	1478	173,333,173,333
1526406093.648410821	110	40	48	1	2	0	2	-56	136512	8	0	1596	1478	173,333,173,333
1526406093.660187515	110	40	48	1	2	0	2	-56	136513	8	0	1596	1478	173,333,173,333
1526406093.672008284	110	40	48	1	2	0	2	-56	136514	8	0	1596	1478	173,333,173,333
1526406093.683785776	110	40	48	1	2	0	2	-56	136515	8	0	1596	1478	173,333,173,333
1526406093.695529011	110	40	48	1	2	0	2	-56	136516	8	0	1596	1478	173,333,173,333
1526406093.707307812	110	40	48	1	2	0	2	-56	136517	8	0	1596	1478	173,333,173,333
1526406093.719092819	110	40	48	1	2	0	2	-55	136518	8	0	1596	1478	173,333,173,333
1526406093.730761897	110	40	48	1	2	0	2	-55	136519	8	0	1596	1478	173,333,173,333
1526406093.742604808	110	40	48	1	2	0	2	-54	136520	8	0	1596	1478	173,333,173,333
1526406093.754362005	110	40	48	1	2	0	2	-54	136521	8	0	1596	1478	173,333,173,333
1526406093.766112256	110	40	48	1	2	0	2	-54	136522	8	0	1596	1478	173,333,173,333
1526406093.777874432	110	40	48	1	2	0	2	-54	136523	8	0	1596	1478	173,333,173,333
1526406093.789660518	110	40	48	1	2	0	2	-54	136525	8	0	1596	1478	173,333,173,333
1526406093.801429403	110	40	48	1	2	0	2	-54	136526	8	0	1596	1478	173,333,173,333
1526406093.813059853	110	40	48	1	2	0	2	-54	136527	8	0	1596	1478	173,333,173,333
1526406093.824801931	110	40	48	1	2	0	2	-53	136528	8	0	1596	1478	173,333,173,333
1526406093.836683380	110	40	48	1	2	0	2	-54	136529	8	0	1596	1478	173,333,173,333
1526406093.848440719	110	40	48	1	2	0	2	-53	136530	8	0	1596	1478	173,333,173,333
1526406093.860203622	110	40	48	1	2	0	2	-53	136531	8	0	1596	1478	173,333,173,333
1526406093.871948678	110	40	48	1	2	0	2	-53	136532	8	0	1596	1478	173,333,173,333
1526406093.883523798	110	40	48	1	2	0	2	-53	136533	8	0	1596	1478	173,333,173,333
1526406093.895381788	110	40	48	1	2	0	2	-53	136534	8	0	1596	1478	173,333,173,333
1526406093.907123266	110	40	48	1	2	0	2	-53	136535	8	0	1596	1478	173,333,173,333
1526406093.918818668	110	40	48	1	2	0	2	-52	136536	8	0	1596	1478	173,333,173,333
1526406093.930585507	110	40	48	1	2	0	2	-53	136537	8	0	1596	1478	173,333,173,333
1526406093.942403562	110	40	48	1	2	0	2	-53	136538	8	0	1596	1478	173,333,173,333
1526406093.954169016	110	40	48	1	2	0	2	-53	136539	8	0	1596	1478	173,333,173,333
1526406093.965929334	110	40	48	1	2	0	2	-53	136540	8	0	1596	1478	173,333,173,333
1526406093.977689497	110	40	48	1	2	0	2	-53	136541	8	0	1596	1478	173,333,173,333
1526406093.989341296	110	40	48	1	2	0	2	-53	136542	8	0	1596	1478	173,333,173,333
1526406094.001208822	110	40	48	1	2	0	2	-53	136543	8	0	1596	1478	173,333,173,333
1526406094.012928136	110	40	48	1	2	0	2	-53	136544	8	0	1596	1478	173,333,173,333
1526406094.024725551	110	40	48	1	2	0	2	-53	136545	8	0	1596	1478	173,333,173,333
1526406094.036510673	110	40	48	1	2	0	2	-53	136546	8	0	1596	1478	173,333,173,333
1526406094.048355210	110	40	48	1	2	0	2	-52	136547	8	0	1596	1478	173,333,173,333
1526406094.060123649	110	40	48	1	2	0	2	-53	136548	8	0	1596	1478	173,333,173,333
1526406094.071873376	110	40	48	1	2	0	2	-53	136549	8	0	1596	1478	173,333,173,333
1526406094.083649351	110	40	48	1	2	0	2	-53	136550	8	0	1596	1478	173,333,173,333
1526406094.095335474	110	40	48	1	2	0	2	-53	136551	8	0	1596	1478	173,333,173,333
1526406094.107092344	110	40	48	1	2	0	2	-54	136552	8	0	1596	1478	173,333,173,333
1526406094.118919151	110	40	48	1	2	0	2	-53	136553	8	0	1596	1478	173,333,173,333
1526406094.130532817	110	40	48	1	2	0	2	-53	136554	8	0	1596	1478	173,333,173,333
1526406094.142120862	110	40	48	1	2	0	2	-53	136555	8	0	1596	1478	173,333,173,333
1526406094.154187618	110	40	48	1	2	0	2	-53	136556	8	0	1596	1478	173,333,173,333
1526406094.165868793	110	40	48	1	2	0	2	-54	136557	8	0	1596	1478	173,333,173,333
1526406094.177647589	110	40	48	1	2	0	2	-54	136558	8	0	1596	1478	173,333,173,333
1526406094.189479692	110	40	48	1	2	0	2	-54	136559	8	0	1596	1478	173,333,173,333
1526406094.201161944	110	40	48	1	2	0	2	-55	136560	8	0	1596	1478	173,333,173,333
1526406094.212983627	110	40	48	1	2	0	2	-55	136561	8	0	1596	1478	173,333,173,333
1526406094.225489840	110	40	48	1	2	0	2	-55	136564	8	0	1596	1478	173,333,173,333
1526406094.236511361	110	40	48	1	2	0	2	-56	136565	8	0	1596	1478	173,333,173,333
1526406094.248260595	110	40	48	1	2	0	2	-55	136566	8	0	1596	1478	173,333,173,333
1526406094.260026565	110	40	48	1	2	0	2	-55	136567	8	0	1596	1478	173,333,173,333
1526406094.271789214	110	40	48	1	2	0	2	-54	136568	8	0	1596	1478	173,333,173,333
1526406094.283569248	110	40	48	1	2	0	2	-54	136569	8	0	1596	1478	173,333,173,333
1526406094.295316105	110	40	48	1	2	0	2	-54	136570	8	0	1596	1478	173,333,173,333
1526406094.307092402	110	40	48	1	2	0	2	-53	136571	8	0	1596	1478	173,333,173,333
1526406094.318848443	110	40	48	1	2	0	2	-53	136572	8	0	1596	1478	173,333,173,333
1526406094.330588219	110	40	48	1	2	0	2	-53	136573	8	0	1596	1478	173,333,173,333
1526406094.342352652	110	40	48	1	2	0	2	-53	136574	8	0	1596	1478	173,333,173,333
1526406094.354114064	110	40	48	1	2	0	2	-52	136575	8	0	1596	1478	173,333,173,333
1526406094.365880521	110	40	48	1	2	0	2	-52	136576	8	0	1596	1478	173,333,173,333
1526406094.377650815	110	40	48	1	2	0	2	-52	136577	8	0	1596	1478	173,333,173,333
1526406094.389397747	110	40	48	1	2	0	2	-52	136578	8	0	1596	1478	173,333,173,333
1526406094.401071117	110	40	48	1	2	0	2	-53	136579	8	0	1596	1478	173,333,173,333
1526406094.412753533	110	40	48	1	2	0	2	-53	136580	8	0	1596	1478	173,333,173,333
1526406094.424678259	110	40	48	1	2	0	2	-54	136581	8	0	1596	1478	173,333,173,333
1526406094.436360338	110	40	48	1	2	0	2	-54	136582	8	0	1596	1478	173,333,173,333
1526406094.448179181	110	40	48	1	2	0	2	-55	136583	8	0	1596	1478	173,333,173,333
1526406094.459967135	110	40	48	1	2	0	2	-55	136584	8	0	1596	1478	173,333,173,333
1526406094.471703297	110	40	48	1	2	0	2	-54	136585	8	0	1596	1478	173,333,173,333
1526406094.483474117	110	40	48	1	2	0	2	-55	136586	8	0	1596	1478	173,333,173,333
1526406094.495231158	110	40	48	1	2	0	2	-54	136587	8	0	1596	1478	173,333,173,333
1526406094.507007980	110	40	48	1	2	0	2	-55	136588	8	0	1596	1478	173,333,173,333
1526406094.518762075	110	40	48	1	2	0	2	-55	136589	8	0	1596	1478	173,333,173,333
1526406094.530454530	110	40	48	1	2	0	2	-55	136590	8	0	1596	1478	173,333,173,333
1526406094.542150474	110	40	48	1	2	0	2	-55	136591	8	0	1596	1478	173,333,173,333
1526406094.554044252	110	40	48	1	2	0	2	-55	136592	8	0	1596	1478	173,333,173,333
1526406094.565730675	110	40	48	1	2	0	2	-54	136593	8	0	1596	1478	173,333,173,333
1526406094.577466968	110	40	48	1	2	0	2	-55	136594	8	0	1596	1478	173,333,173,333
1526406094.589170798	110	40	48	1	2	0	2	-55	136595	8	0	1596	1478	173,333,173,333
1526406094.601043942	110	40	48	1	2	0	2	-54	136596	8	0	1596	1478	173,333,173,333
1526406094.612755984	110	40	48	1	2	0	2	-54	136597	8	0	1596	1478	173,333,173,333
1526406094.624601875	110	40	48	1	2	0	2	-54	136598	8	0	1596	1478	173,333,173,333
1526406094.636122221	110	40	48	1	2	0	2	-55	136599	8	0	1596	1478	173,333,173,333
1526406094.647787884	110	40	48	1	2	0	2	-55	136600	8	0	1596	1478	173,333,173,333
1526406094.659651414	110	40	48	1	2	0	2	-54	136601	8	0	1596	1478	173,333,173,333
1526406094.671573808	110	40	48	1	2	0	2	-54	136602	8	0	1596	1478	173,333,173,333
1526406094.683377583	110	40	48	1	2	0	2	-54	136603	8	0	1596	1478	173,333,173,333
1526406094.695164610	110	40	48	1	2	0	2	-54	136604	8	0	1596	1478	173,333,173,333
1526406094.706905491	110	40	48	1	2	0	2	-55	136605	8	0	1596	1478	173,333,173,333
1526406094.718658101	110	40	48	1	2	0	2	-55	136606	8	0	1596	1478	173,333,173,333
1526406094.730311639	110	40	48	1	2	0	2	-54	136607	8	0	1596	1478	173,333,173,333
1526406094.742067795	110	40	48	1	2	0	2	-54	136608	8	0	1596	1478	173,333,173,333
1526406094.753840486	110	40	48	1	2	0	2	-54	136609	8	0	1596	1478	173,333,173,333
1526406094.765657446	110	40	48	1	2	0	2	-54	136610	8	0	1596	1478	173,333,173,333
1526406094.777390409	110	40	48	1	2	0	2	-54	136611	8	0	1596	1478	173,333,173,333
1526406094.789144925	110	40	48	1	2	0	2	-54	136612	8	0	1596	1478	173,333,173,333
1526406094.801017044	110	40	48	1	2	0	2	-54	136613	8	0	1596	1478	173,333,173,333
1526406094.812764347	110	40	48	1	2	0	2	-54	136614	8	0	1596	1478	173,333,173,333
1526406094.824531951	110	40	48	1	2	0	2	-54	136615	8	0	1596	1478	173,333,173,333
1526406094.836286905	110	40	48	1	2	0	2	-54	136616	8	0	1596	1478	173,333,173,333
1526406094.848048105	110	40	48	1	2	0	2	-55	136617	8	0	1596	1478	173,333,173,333
1526406094.860065367	110	40	48	1	2	0	2	-54	136618	8	0	1596	1478	173,333,173,333
1526406094.871473153	110	40	48	1	2	0	2	-54	136619	8	0	1596	1478	173,333,173,333
1526406094.883222223	110	40	48	1	2	0	2	-54	136620	8	0	1596	1478	173,333,173,333
1526406094.894971357	110	40	48	1	2	0	2	-54	136621	8	0	1596	1478	173,333,173,333
1526406094.906730164	110	40	48	1	2	0	2	-54	136622	8	0	1596	1478	173,333,173,333
1526406094.918492747	110	40	48	1	2	0	2	-54	136623	8	0	1596	1478	173,333,173,333
1526406094.930249380	110	40	48	1	2	0	2	-55	136624	8	0	1596	1478	173,333,173,333
1526406094.941996184	110	40	48	1	2	0	2	-55	136625	8	0	1596	1478	173,333,173,333
1526406094.953777238	110	40	48	1	2	0	2	-55	136626	8	0	1596	1478	173,333,173,333
1526406094.965539554	110	40	48	1	2	0	2	-55	136627	8	0	1596	1478	173,333,173,333
1526406094.977288405	110	40	48	1	2	0	2	-55	136628	8	0	1596	1478	173,333,173,333
1526406094.989048905	110	40	48	1	2	0	2	-56	136629	8	0	1596	1478	173,333,173,333
1526406095.000898496	110	40	48	1	2	0	2	-56	136630	8	0	1596	1478	173,333,173,333
1526406095.012674108	110	40	48	1	2	0	2	-56	136631	8	0	1596	1478	173,333,173,333
1526406095.024330702	110	40	48	1	2	0	2	-56	136632	8	0	1596	1478	173,333,173,333
1526406095.036185393	110	40	48	1	2	0	2	-56	136633	8	0	1596	1478	173,333,173,333
1526406095.047949472	110	40	48	1	2	0	2	-56	136634	8	0	1596	1478	173,333,173,333
1526406095.059734199	110	40	48	1	2	0	2	-56	136635	8	0	1596	1478	173,333,173,333
1526406095.071482698	110	40	48	1	2	0	2	-56	136636	8	0	1596	1478	173,333,173,333
1526406095.083236200	110	40	48	1	2	0	2	-56	136637	8	0	1596	1478	173,333,173,333
1526406095.094982446	110	40	48	1	2	0	2	-56	136638	8	0	1596	1478	173,333,173,333
1526406095.106770650	110	40	48	1	2	0	2	-56	136639	8	0	1596	1478	173,333,173,333
1526406095.118518679	110	40	48	1	2	0	2	-56	136640	8	0	1596	1478	173,333,173,333
1526406095.130276452	110	40	48	1	2	0	2	-57	136641	8	0	1596	1478	173,333,173,333
1526406095.142037620	110	40	48	1	2	0	2	-56	136642	8	0	1596	1478	173,333,173,333
1526406095.153679753	110	40	48	1	2	0	2	-56	136643	8	0	1596	1478	173,333,173,333
1526406095.165423487	110	40	48	1	2	0	2	-55	136644	8	0	1596	1478	173,333,173,333
1526406095.177237824	110	40	48	1	2	0	2	-56	136645	8	0	1596	1478	173,333,173,333
1526406095.189018452	110	40	48	1	2	0	2	-56	136646	8	0	1596	1478	173,333,173,333
1526406095.200839727	110	40	48	1	2	0	2	-56	136647	8	0	1596	1478	173,333,173,333
1526406095.212600455	110	40	48	1	2	0	2	-55	136648	8	0	1596	1478	173,333,173,333
1526406095.224371638	110	40	48	1	2	0	2	-55	136649	8	0	1596	1478	173,333,173,333
1526406095.235992351	110	40	48	1	2	0	2	-54	136650	8	0	1596	1478	173,333,173,333
1526406095.247865738	110	40	48	1	2	0	2	-54	136651	8	0	1596	1478	173,333,173,333
1526406095.259635871	110	40	48	1	2	0	2	-54	136652	8	0	1596	1478	173,333,173,333
1526406095.271400312	110	40	48	1	2	0	2	-54	136653	8	0	1596	1478	173,333,173,333
1526406095.283179381	110	40	48	1	2	0	2	-54	136654	8	0	1596	1478	173,333,173,333
1526406095.294919641	110	40	48	1	2	0	2	-54	136655	8	0	1596	1478	173,333,173,333
1526406095.306574075	110	40	48	1	2	0	2	-54	136656	8	0	1596	1478	173,333,173,333
1526406095.318328915	110	40	48	1	2	0	2	-54	136657	8	0	1596	1478	173,333,173,333
1526406095.330184443	110	40	48	1	2	0	2	-54	136658	8	0	1596	1478	173,333,173,333
1526406095.341961598	110	40	48	1	2	0	2	-54	136659	8	0	1596	1478	173,333,173,333
1526406095.353913790	110	40	48	1	2	0	2	-54	136660	8	0	1596	1478	173,333,173,333
1526406095.365827249	110	40	48	1	2	0	2	-54	136661	8	0	1596	1478	173,333,173,333
1526406095.377272477	110	40	48	1	2	0	2	-55	136662	8	0	1596	1478	173,333,173,333
1526406095.388988373	110	40	48	1	2	0	2	-55	136663	8	0	1596	1478	173,333,173,333
1526406095.400697159	110	40	48	1	2	0	2	-55	136664	8	0	1596	1478	173,333,173,333
1526406095.412524710	110	40	48	1	2	0	2	-55	136665	8	0	1596	1478	173,333,173,333
1526406095.424281408	110	40	48	1	2	0	2	-55	136666	8	0	1596	1478	173,333,173,333
1526406095.436057633	110	40	48	1	2	0	2	-55	136667	8	0	1596	1478	173,333,173,333
1526406095.447796033	110	40	48	1	2	0	2	-55	136668	8	0	1596	1478	173,333,173,333
1526406095.459571150	110	40	48	1	2	0	2	-55	136669	8	0	1596	1478	173,333,173,333
1526406095.471324008	110	40	48	1	2	0	2	-55	136670	8	0	1596	1478	173,333,173,333
1526406095.483010374	110	40	48	1	2	0	2	-55	136671	8	0	1596	1478	173,333,173,333
1526406095.494838166	110	40	48	1	2	0	2	-55	136672	8	0	1596	1478	173,333,173,333
1526406095.506601645	110	40	48	1	2	0	2	-56	136673	8	0	1596	1478	173,333,173,333
1526406095.518366949	110	40	48	1	2	0	2	-55	136674	8	0	1596	1478	173,333,173,333
1526406095.530032089	110	40	48	1	2	0	2	-55	136675	8	0	1596	1478	173,333,173,333
1526406095.541856091	110	40	48	1	2	0	2	-55	136676	8	0	1596	1478	173,333,173,333
1526406095.553565012	110	40	48	1	2	0	2	-55	136677	8	0	1596	1478	173,333,173,333
1526406095.565412301	110	40	48	1	2	0	2	-55	136678	8	0	1596	1478	173,333,173,333
1526406095.577093456	110	40	48	1	2	0	2	-55	136679	8	0	1596	1478	173,333,173,333
1526406095.588925433	110	40	48	1	2	0	2	-55	136680	8	0	1596	1478	173,333,173,333
1526406095.600635665	110	40	48	1	2	0	2	-55	136681	8	0	1596	1478	173,333,173,333
1526406095.612373395	110	40	48	1	2	0	2	-55	136682	8	0	1596	1478	173,333,173,333
1526406095.624105945	110	40	48	1	2	0	2	-54	136683	8	0	1596	1478	173,333,173,333
1526406095.635820664	110	40	48	1	2	0	2	-54	136684	8	0	1596	1478	173,333,173,333
1526406095.647595711	110	40	48	1	2	0	2	-54	136685	8	0	1596	1478	173,333,173,333
1526406095.659251774	110	40	48	1	2	0	2	-54	136686	8	0	1596	1478	173,333,173,333
1526406095.671019910	110	40	48	1	2	0	2	-54	136687	8	0	1596	1478	173,333,173,333
1526406095.682762726	110	40	48	1	2	0	2	-54	136688	8	0	1596	1478	173,333,173,333
1526406095.694611110	110	40	48	1	2	0	2	-54	136689	8	0	1596	1478	173,333,173,333
1526406095.706380522	110	40	48	1	2	0	2	-54	136690	8	0	1596	1478	173,333,173,333
1526406095.718141779	110	40	48	1	2	0	2	-55	136691	8	0	1596	1478	173,333,173,333
1526406095.729816618	110	40	48	1	2	0	2	-56	136692	8	0	1596	1478	173,333,173,333
1526406095.741571975	110	40	48	1	2	0	2	-55	136693	8	0	1596	1478	173,333,173,333
1526406095.753313531	110	40	48	1	2	0	2	-55	136694	8	0	1596	1478	173,333,173,333
1526406095.765175189	110	40	48	1	2	0	2	-56	136695	8	0	1596	1478	173,333,173,333
1526406095.776938746	110	40	48	1	2	0	2	-56	136696	8	0	1596	1478	173,333,173,333
1526406095.788710983	110	40	48	1	2	0	2	-57	136697	8	0	1596	1478	173,333,173,333
1526406095.800473390	110	40	48	1	2	0	2	-57	136698	8	0	1596	1478	173,333,173,333
1526406095.812227564	110	40	48	1	2	0	2	-59	136699	8	0	1596	1478	173,333,173,333
1526406095.824961123	110	40	48	1	2	0	2	-59	136702	8	0	1596	1478	173,333,173,333
1526406095.835728490	110	40	48	1	2	0	2	-59	136703	8	0	1596	1478	173,333,173,333
1526406095.847465964	110	40	48	1	2	0	2	-60	136704	8	0	1596	1478	173,333,173,333
1526406095.862066004	124	40	48	1	2	0	2	-60	136705	7	0	1596	1478	144,444,144,444
1526406095.871058345	124	40	48	1	2	0	2	-60	136706	7	0	1596	1478	144,444,144,444
1526406095.882825200	124	40	48	1	2	0	2	-60	136707	7	0	1596	1478	144,444,144,444
1526406095.895671603	124	40	48	1	2	0	2	-60	136709	7	0	1596	1478	144,444,144,444
1526406095.906232362	124	40	48	1	2	0	2	-59	136710	7	0	1596	1478	144,444,144,444
1526406095.918112010	124	40	48	1	2	0	2	-59	136711	7	0	1596	1478	144,444,144,444
1526406095.929861896	124	40	48	1	2	0	2	-58	136712	7	0	1596	1478	144,444,144,444
1526406095.941634632	124	40	48	1	2	0	2	-58	136713	7	0	1596	1478	144,444,144,444
1526406095.953377587	118	40	48	0	2	0	2	-58	136714	8	0	1596	1478	156,156
1526406095.965151154	124	40	48	1	2	0	2	-58	136715	7	0	1596	1478	144,444,144,444
1526406095.976903965	124	40	48	1	2	0	2	-58	136716	7	0	1596	1478	144,444,144,444
1526406095.988656649	124	40	48	1	2	0	2	-57	136717	7	0	1596	1478	144,444,144,444
1526406096.000357438	124	40	48	1	2	0	2	-57	136718	7	0	1596	1478	144,444,144,444
1526406096.012170933	118	40	48	0	2	0	2	-57	136719	8	0	1596	1478	156,156
1526406096.023955886	118	40	48	0	2	0	2	-57	136720	8	0	1596	1478	156,156
1526406096.035712324	118	40	48	0	2	0	2	-57	136721	8	0	1596	1478	156,156
1526406096.047450862	118	40	48	0	2	0	2	-56	136722	8	0	1596	1478	156,156
1526406096.062665990	110	40	48	1	2	0	2	-56	136723	8	0	1596	1478	173,333,173,333
1526406096.070878729	110	40	48	1	2	0	2	-56	136724	8	0	1596	1478	173,333,173,333
1526406096.082781086	110	40	48	1	2	0	2	-56	136725	8	0	1596	1478	173,333,173,333
1526406096.094424282	110	40	48	1	2	0	2	-55	136726	8	0	1596	1478	173,333,173,333
1526406096.106250940	110	40	48	1	2	0	2	-55	136727	8	0	1596	1478	173,333,173,333
1526406096.118005116	110	40	48	1	2	0	2	-55	136728	8	0	1596	1478	173,333,173,333
1526406096.129766743	110	40	48	1	2	0	2	-55	136729	8	0	1596	1478	173,333,173,333
1526406096.141540088	110	40	48	1	2	0	2	-55	136730	8	0	1596	1478	173,333,173,333
1526406096.153193630	110	40	48	1	2	0	2	-55	136731	8	0	1596	1478	173,333,173,333
1526406096.165027608	110	40	48	1	2	0	2	-55	136732	8	0	1596	1478	173,333,173,333
1526406096.176842393	110	40	48	1	2	0	2	-56	136733	8	0	1596	1478	173,333,173,333
1526406096.188676175	110	40	48	1	2	0	2	-56	136734	8	0	1596	1478	173,333,173,333
1526406096.200420826	110	40	48	1	2	0	2	-56	136735	8	0	1596	1478	173,333,173,333
1526406096.212195209	110	40	48	1	2	0	2	-56	136736	8	0	1596	1478	173,333,173,333
1526406096.223705353	110	40	48	1	2	0	2	-57	136737	8	0	1596	1478	173,333,173,333
1526406096.235579208	110	40	48	1	2	0	2	-57	136738	8	0	1596	1478	173,333,173,333
1526406096.247478739	110	40	48	1	2	0	2	-57	136739	8	0	1596	1478	173,333,173,333
1526406096.259231468	110	40	48	1	2	0	2	-57	136740	8	0	1596	1478	173,333,173,333
1526406096.270977374	110	40	48	1	2	0	2	-57	136741	8	0	1596	1478	173,333,173,333
1526406096.282759597	110	40	48	1	2	0	2	-57	136742	8	0	1596	1478	173,333,173,333
1526406096.294919728	110	40	48	1	2	0	2	-58	136744	8	0	1596	1478	173,333,173,333
1526406096.306207872	110	40	48	1	2	0	2	-59	136745	8	0	1596	1478	173,333,173,333
1526406096.318064105	110	40	48	1	2	0	2	-59	136746	8	0	1596	1478	173,333,173,333
1526406096.329795684	110	40	48	1	2	0	2	-58	136747	8	0	1596	1478	173,333,173,333
1526406096.341565898	110	40	48	1	2	0	2	-59	136748	8	0	1596	1478	173,333,173,333
1526406096.353602452	110	40	48	1	2	0	2	-59	136749	8	0	1596	1478	173,333,173,333
1526406096.365115781	110	40	48	1	2	0	2	-59	136750	8	0	1596	1478	173,333,173,333
1526406096.376714130	110	40	48	1	2	0	2	-59	136751	8	0	1596	1478	173,333,173,333
1526406096.390062033	110	40	48	1	2	0	2	-59	136753	8	0	1596	1478	173,333,173,333
1526406096.400387802	110	40	48	1	2	0	2	-60	136754	8	0	1596	1478	173,333,173,333
1526406096.412113978	110	40	48	1	2	0	2	-60	136755	8	0	1596	1478	173,333,173,333
1526406096.424611049	110	40	48	1	2	0	2	-58	136757	8	0	1596	1478	173,333,173,333
1526406096.435651483	110	40	48	1	2	0	2	-58	136758	8	0	1596	1478	173,333,173,333
1526406096.447768700	110	40	48	1	2	0	2	-58	136759	8	0	1596	1478	173,333,173,333
1526406096.459381609	110	40	48	1	2	0	2	-58	136761	8	0	1596	1478	173,333,173,333
1526406096.470907441	110	40	48	1	2	0	2	-58	136762	8	0	1596	1478	173,333,173,333
1526406096.482690533	110	40	48	1	2	0	2	-58	136763	8	0	1596	1478	173,333,173,333
1526406096.494444859	110	40	48	1	2	0	2	-57	136764	8	0	1596	1478	173,333,173,333
1526406096.506193358	110	40	48	1	2	0	2	-56	136765	8	0	1596	1478	173,333,173,333
1526406096.517966224	110	40	48	1	2	0	2	-57	136766	8	0	1596	1478	173,333,173,333
1526406096.529475942	110	40	48	1	2	0	2	-57	136767	8	0	1596	1478	173,333,173,333
1526406096.541463799	110	40	48	1	2	0	2	-56	136768	8	0	1596	1478	173,333,173,333
1526406096.553230664	110	40	48	1	2	0	2	-56	136769	8	0	1596	1478	173,333,173,333
1526406096.564935081	110	40	48	1	2	0	2	-56	136770	8	0	1596	1478	173,333,173,333
1526406096.576614996	110	40	48	1	2	0	2	-56	136771	8	0	1596	1478	173,333,173,333
1526406096.588538925	110	40	48	1	2	0	2	-56	136772	8	0	1596	1478	173,333,173,333
1526406096.600335337	110	40	48	1	2	0	2	-56	136773	8	0	1596	1478	173,333,173,333
1526406096.612092709	110	40	48	1	2	0	2	-56	136774	8	0	1596	1478	173,333,173,333
1526406096.623849143	110	40	48	1	2	0	2	-56	136775	8	0	1596	1478	173,333,173,333
1526406096.635489918	110	40	48	1	2	0	2	-57	136776	8	0	1596	1478	173,333,173,333
1526406096.647402380	110	40	48	1	2	0	2	-57	136777	8	0	1596	1478	173,333,173,333
1526406096.659174485	110	40	48	1	2	0	2	-58	136778	8	0	1596	1478	173,333,173,333
1526406096.670897888	110	40	48	1	2	0	2	-58	136779	8	0	1596	1478	173,333,173,333
1526406096.682520651	110	40	48	1	2	0	2	-58	136780	8	0	1596	1478	173,333,173,333
1526406096.694638874	110	40	48	1	2	0	2	-59	136782	8	0	1596	1478	173,333,173,333
1526406096.706031429	110	40	48	1	2	0	2	-59	136783	8	0	1596	1478	173,333,173,333
1526406096.717941891	110	40	48	1	2	0	2	-59	136784	8	0	1596	1478	173,333,173,333
1526406096.730657678	110	40	48	1	2	0	2	-59	136785	8	0	1596	1478	173,333,173,333
1526406096.741316447	110	40	48	1	2	0	2	-59	136786	8	0	1596	1478	173,333,173,333
1526406096.753475636	110	40	48	1	2	0	2	-59	136787	8	0	1596	1478	173,333,173,333
1526406096.764975903	110	40	48	1	2	0	2	-59	136788	8	0	1596	1478	173,333,173,333
1526406096.777165385	110	40	48	1	2	0	2	-59	136789	8	0	1596	1478	173,333,173,333
1526406096.788859479	110	40	48	1	2	0	2	-59	136790	8	0	1596	1478	173,333,173,333
1526406096.800167209	110	40	48	1	2	0	2	-60	136791	8	0	1596	1478	173,333,173,333
1526406096.811919222	110	40	48	1	2	0	2	-60	136792	8	0	1596	1478	173,333,173,333
1526406096.824991799	124	40	48	1	2	0	2	-60	136796	7	0	1596	1478	144,444,144,444
1526406096.835185989	124	40	48	1	2	0	2	-60	136797	7	0	1596	1478	144,444,144,444
1526406096.847008489	124	40	48	1	2	0	2	-60	136798	7	0	1596	1478	144,444,144,444
1526406096.859012845	124	40	48	1	2	0	2	-60	136799	7	0	1596	1478	144,444,144,444
1526406096.870649216	124	40	48	1	2	0	2	-60	136800	7	0	1596	1478	144,444,144,444
1526406096.882428416	124	40	48	1	2	0	2	-60	136801	7	0	1596	1478	144,444,144,444
1526406096.894282106	124	40	48	1	2	0	2	-60	136802	7	0	1596	1478	144,444,144,444
1526406096.905979992	124	40	48	1	2	0	2	-59	136803	7	0	1596	1478	144,444,144,444
1526406096.917810917	118	40	48	0	2	0	2	-59	136804	8	0	1596	1478	156,156
1526406096.929598314	124	40	48	1	2	0	2	-59	136805	7	0	1596	1478	144,444,144,444
1526406096.941284150	124	40	48	1	2	0	2	-59	136806	7	0	1596	1478	144,444,144,444
1526406096.953429901	124	40	48	1	2	0	2	-59	136808	7	0	1596	1478	144,444,144,444
1526406096.964840938	124	40	48	1	2	0	2	-59	136809	7	0	1596	1478	144,444,144,444
1526406096.976624317	118	40	48	0	2	0	2	-59	136810	8	0	1596	1478	156,156
1526406096.988295030	118	40	48	0	2	0	2	-59	136811	8	0	1596	1478	156,156
1526406097.000151579	118	40	48	0	2	0	2	-59	136812	8	0	1596	1478	156,156
1526406097.011873928	118	40	48	0	2	0	2	-58	136813	8	0	1596	1478	156,156
1526406097.024361625	110	40	48	1	2	0	2	-59	136816	8	0	1596	1478	173,333,173,333
1526406097.035313259	110	40	48	1	2	0	2	-59	136817	8	0	1596	1478	173,333,173,333
1526406097.047146897	110	40	48	1	2	0	2	-59	136818	8	0	1596	1478	173,333,173,333
1526406097.058804450	110	40	48	1	2	0	2	-60	136819	8	0	1596	1478	173,333,173,333
1526406097.070574790	110	40	48	1	2	0	2	-59	136820	8	0	1596	1478	173,333,173,333
1526406097.082438906	110	40	48	1	2	0	2	-59	136821	8	0	1596	1478	173,333,173,333
1526406097.094206290	110	40	48	1	2	0	2	-58	136822	8	0	1596	1478	173,333,173,333
1526406097.106431724	110	40	48	1	2	0	2	-59	136823	8	0	1596	1478	173,333,173,333
1526406097.117708498	110	40	48	1	2	0	2	-59	136824	8	0	1596	1478	173,333,173,333
1526406097.129494524	110	40	48	1	2	0	2	-59	136825	8	0	1596	1478	173,333,173,333
1526406097.141175894	110	40	48	1	2	0	2	-59	136826	8	0	1596	1478	173,333,173,333
1526406097.153004928	110	40	48	1	2	0	2	-59	136827	8	0	1596	1478	173,333,173,333
1526406097.164754699	110	40	48	1	2	0	2	-59	136828	8	0	1596	1478	173,333,173,333
1526406097.176777073	110	40	48	1	2	0	2	-58	136830	8	0	1596	1478	173,333,173,333
1526406097.188282507	110	40	48	1	2	0	2	-59	136831	8	0	1596	1478	173,333,173,333
1526406097.200356502	110	40	48	1	2	0	2	-58	136833	8	0	1596	1478	173,333,173,333
1526406097.213151601	124	40	48	1	2	0	2	-59	136836	7	0	1596	1478	144,444,144,444
1526406097.223602354	124	40	48	1	2	0	2	-59	136837	7	0	1596	1478	144,444,144,444
1526406097.235247182	124	40	48	1	2	0	2	-58	136838	7	0	1596	1478	144,444,144,444
1526406097.247117159	124	40	48	1	2	0	2	-58	136839	7	0	1596	1478	144,444,144,444
1526406097.258834133	124	40	48	1	2	0	2	-58	136840	7	0	1596	1478	144,444,144,444
1526406097.270606996	124	40	48	1	2	0	2	-59	136841	7	0	1596	1478	144,444,144,444
1526406097.282374976	124	40	48	1	2	0	2	-59	136842	7	0	1596	1478	144,444,144,444
1526406097.294063545	124	40	48	1	2	0	2	-59	136843	7	0	1596	1478	144,444,144,444
1526406097.306344818	124	40	48	1	2	0	2	-59	136844	7	0	1596	1478	144,444,144,444
1526406097.319161912	144	40	48	0	2	0	2	-59	136846	6	0	1596	1478	117,117
1526406097.330295346	144	40	48	0	2	0	2	-58	136847	6	0	1596	1478	117,117
1526406097.341091236	144	40	48	0	2	0	2	-58	136848	6	0	1596	1478	117,117
1526406097.352946478	144	40	48	0	2	0	2	-56	136849	6	0	1596	1478	117,117
1526406097.364509227	144	40	48	0	2	0	2	-56	136850	6	0	1596	1478	117,117
1526406097.376470677	144	40	48	0	2	0	2	-55	136851	6	0	1596	1478	117,117
1526406097.388235048	144	40	48	0	2	0	2	-55	136852	6	0	1596	1478	117,117
1526406097.400000357	144	40	48	0	2	0	2	-55	136853	6	0	1596	1478	117,117
1526406097.411749806	144	40	48	0	2	0	2	-55	136854	6	0	1596	1478	117,117
1526406097.423545251	144	40	48	0	2	0	2	-54	136855	6	0	1596	1478	117,117
1526406097.435267262	144	40	48	0	2	0	2	-54	136856	6	0	1596	1478	117,117
1526406097.446966082	144	40	48	0	2	0	2	-55	136857	6	0	1596	1478	117,117
1526406097.458809633	144	40	48	0	2	0	2	-55	136858	6	0	1596	1478	117,117
1526406097.470543033	134	40	48	0	2	0	2	-55	136859	7	0	1596	1478	130,130
1526406097.482172073	144	40	48	0	2	0	2	-56	136860	6	0	1596	1478	117,117
1526406097.494071103	144	40	48	0	2	0	2	-56	136861	6	0	1596	1478	117,117
1526406097.505824344	144	40	48	0	2	0	2	-55	136862	6	0	1596	1478	117,117
1526406097.517461849	144	40	48	0	2	0	2	-54	136863	6	0	1596	1478	117,117
1526406097.529180102	134	40	48	0	2	0	2	-53	136864	7	0	1596	1478	130,130
1526406097.541019301	144	40	48	0	2	0	2	-53	136865	6	0	1596	1478	117,117
1526406097.552770433	144	40	48	0	2	0	2	-53	136866	6	0	1596	1478	117,117
1526406097.564519134	144	40	48	0	2	0	2	-54	136867	6	0	1596	1478	117,117
1526406097.576275085	144	40	48	0	2	0	2	-54	136868	6	0	1596	1478	117,117
1526406097.588123095	134	40	48	0	2	0	2	-54	136869	7	0	1596	1478	130,130
1526406097.599919914	144	40	48	0	2	0	2	-55	136870	6	0	1596	1478	117,117
1526406097.611662152	144	40	48	0	2	0	2	-56	136871	6	0	1596	1478	117,117
1526406097.623365959	144	40	48	0	2	0	2	-56	136872	6	0	1596	1478	117,117
1526406097.635058325	144	40	48	0	2	0	2	-57	136873	6	0	1596	1478	117,117
1526406097.646759222	134	40	48	0	2	0	2	-58	136874	7	0	1596	1478	130,130
1526406097.658582488	124	40	48	1	2	0	2	-58	136875	7	0	1596	1478	144,444,144,444
1526406097.670347749	124	40	48	1	2	0	2	-60	136876	7	0	1596	1478	144,444,144,444
1526406097.682109503	124	40	48	1	2	0	2	-59	136877	7	0	1596	1478	144,444,144,444
1526406097.693871334	124	40	48	1	2	0	2	-58	136878	7	0	1596	1478	144,444,144,444
1526406097.706379820	124	40	48	1	2	0	2	-57	136881	7	0	1596	1478	144,444,144,444
1526406097.717409348	124	40	48	1	2	0	2	-56	136882	7	0	1596	1478	144,444,144,444
1526406097.729046941	124	40	48	1	2	0	2	-55	136883	7	0	1596	1478	144,444,144,444
1526406097.740846406	124	40	48	1	2	0	2	-54	136884	7	0	1596	1478	144,444,144,444
1526406097.752761269	124	40	48	1	2	0	2	-54	136885	7	0	1596	1478	144,444,144,444
1526406097.764528574	124	40	48	1	2	0	2	-53	136886	7	0	1596	1478	144,444,144,444
1526406097.776120375	124	40	48	1	2	0	2	-53	136887	7	0	1596	1478	144,444,144,444
1526406097.787954878	124	40	48	1	2	0	2	-53	136888	7	0	1596	1478	144,444,144,444
1526406097.799714828	124	40	48	1	2	0	2	-52	136889	7	0	1596	1478	144,444,144,444
1526406097.811396964	124	40	48	1	2	0	2	-52	136890	7	0	1596	1478	144,444,144,444
1526406097.823568549	124	40	48	1	2	0	2	-52	136891	7	0	1596	1478	144,444,144,444
1526406097.834989310	124	40	48	1	2	0	2	-51	136892	7	0	1596	1478	144,444,144,444
1526406097.846762791	124	40	48	1	2	0	2	-51	136893	7	0	1596	1478	144,444,144,444
1526406097.858505834	124	40	48	1	2	0	2	-51	136894	7	0	1596	1478	144,444,144,444
1526406097.870264345	118	40	48	0	2	0	2	-52	136895	8	0	1596	1478	156,156
1526406097.881956303	124	40	48	1	2	0	2	-52	136896	7	0	1596	1478	144,444,144,444
1526406097.893756124	124	40	48	1	2	0	2	-51	136897	7	0	1596	1478	144,444,144,444
1526406097.905375650	124	40	48	1	2	0	2	-51	136898	7	0	1596	1478	144,444,144,444
1526406097.917188595	124	40	48	1	2	0	2	-52	136899	7	0	1596	1478	144,444,144,444
1526406097.929015000	118	40	48	0	2	0	2	-52	136900	8	0	1596	1478	156,156
1526406097.940793433	118	40	48	0	2	0	2	-52	136901	8	0	1596	1478	156,156
1526406097.952571867	118	40	48	0	2	0	2	-53	136902	8	0	1596	1478	156,156
1526406097.964349636	118	40	48	0	2	0	2	-53	136903	8	0	1596	1478	156,156
1526406097.976098159	110	40	48	1	2	0	2	-53	136904	8	0	1596	1478	173,333,173,333
1526406097.987863911	110	40	48	1	2	0	2	-54	136905	8	0	1596	1478	173,333,173,333
1526406097.999524407	110	40	48	1	2	0	2	-53	136906	8	0	1596	1478	173,333,173,333
1526406098.011366318	110	40	48	1	2	0	2	-53	136907	8	0	1596	1478	173,333,173,333
1526406098.023234752	110	40	48	1	2	0	2	-53	136908	8	0	1596	1478	173,333,173,333
1526406098.034904930	110	40	48	1	2	0	2	-53	136909	8	0	1596	1478	173,333,173,333
1526406098.046749986	110	40	48	1	2	0	2	-53	136910	8	0	1596	1478	173,333,173,333
1526406098.058522611	110	40	48	1	2	0	2	-53	136911	8	0	1596	1478	173,333,173,333
1526406098.070261822	110	40	48	1	2	0	2	-53	136912	8	0	1596	1478	173,333,173,333
1526406098.081970482	110	40	48	1	2	0	2	-53	136913	8	0	1596	1478	173,333,173,333
1526406098.093792337	110	40	48	1	2	0	2	-53	136914	8	0	1596	1478	173,333,173,333
1526406098.105913110	110	40	48	1	2	0	2	-53	136915	8	0	1596	1478	173,333,173,333
1526406098.117750102	110	40	48	1	2	0	2	-54	136916	8	0	1596	1478	173,333,173,333
1526406098.130436578	110	40	48	1	2	0	2	-54	136919	8	0	1596	1478	173,333,173,333
1526406098.140887238	110	40	48	1	2	0	2	-54	136920	8	0	1596	1478	173,333,173,333
1526406098.152601668	110	40	48	1	2	0	2	-55	136921	8	0	1596	1478	173,333,173,333
1526406098.164293562	110	40	48	1	2	0	2	-56	136922	8	0	1596	1478	173,333,173,333
1526406098.176127130	110	40	48	1	2	0	2	-56	136923	8	0	1596	1478	173,333,173,333
1526406098.187863857	110	40	48	1	2	0	2	-57	136924	8	0	1596	1478	173,333,173,333
1526406098.199576476	110	40	48	1	2	0	2	-57	136925	8	0	1596	1478	173,333,173,333
1526406098.211401648	110	40	48	1	2	0	2	-57	136926	8	0	1596	1478	173,333,173,333
1526406098.223038835	110	40	48	1	2	0	2	-58	136927	8	0	1596	1478	173,333,173,333
1526406098.234787613	110	40	48	1	2	0	2	-58	136928	8	0	1596	1478	173,333,173,333
1526406098.246472025	110	40	48	1	2	0	2	-58	136929	8	0	1596	1478	173,333,173,333
1526406098.258291889	110	40	48	1	2	0	2	-58	136930	8	0	1596	1478	173,333,173,333
1526406098.270103116	110	40	48	1	2	0	2	-58	136931	8	0	1596	1478	173,333,173,333
1526406098.281969407	110	40	48	1	2	0	2	-57	136932	8	0	1596	1478	173,333,173,333
1526406098.293718344	110	40	48	1	2	0	2	-57	136933	8	0	1596	1478	173,333,173,333
1526406098.305355416	110	40	48	1	2	0	2	-57	136934	8	0	1596	1478	173,333,173,333
1526406098.317221946	110	40	48	1	2	0	2	-57	136935	8	0	1596	1478	173,333,173,333
1526406098.329007211	110	40	48	1	2	0	2	-57	136936	8	0	1596	1478	173,333,173,333
1526406098.340754272	110	40	48	1	2	0	2	-57	136937	8	0	1596	1478	173,333,173,333
1526406098.352536070	110	40	48	1	2	0	2	-57	136938	8	0	1596	1478	173,333,173,333
1526406098.364291763	110	40	48	1	2	0	2	-56	136939	8	0	1596	1478	173,333,173,333
1526406098.375984017	110	40	48	1	2	0	2	-56	136940	8	0	1596	1478	173,333,173,333
1526406098.387804818	110	40	48	1	2	0	2	-56	136941	8	0	1596	1478	173,333,173,333
1526406098.399561290	110	40	48	1	2	0	2	-56	136942	8	0	1596	1478	173,333,173,333
1526406098.411316343	110	40	48	1	2	0	2	-57	136943	8	0	1596	1478	173,333,173,333
1526406098.423065037	110	40	48	1	2	0	2	-57	136944	8	0	1596	1478	173,333,173,333
1526406098.434762208	110	40	48	1	2	0	2	-57	136945	8	0	1596	1478	173,333,173,333
1526406098.446591912	110	40	48	1	2	0	2	-58	136946	8	0	1596	1478	173,333,173,333
1526406098.458346457	110	40	48	1	2	0	2	-58	136947	8	0	1596	1478	173,333,173,333
1526406098.470130125	110	40	48	1	2	0	2	-58	136948	8	0	1596	1478	173,333,173,333
1526406098.481896265	110	40	48	1	2	0	2	-57	136949	8	0	1596	1478	173,333,173,333
1526406098.493640176	110	40	48	1	2	0	2	-56	136950	8	0	1596	1478	173,333,173,333
1526406098.505285401	110	40	48	1	2	0	2	-54	136951	8	0	1596	1478	173,333,173,333
1526406098.517162451	110	40	48	1	2	0	2	-53	136952	8	0	1596	1478	173,333,173,333
1526406098.528696884	110	40	48	1	2	0	2	-53	136953	8	0	1596	1478	173,333,173,333
1526406098.540576138	110	40	48	1	2	0	2	-53	136954	8	0	1596	1478	173,333,173,333
1526406098.552345463	110	40	48	1	2	0	2	-53	136955	8	0	1596	1478	173,333,173,333
1526406098.564082442	110	40	48	1	2	0	2	-53	136956	8	0	1596	1478	173,333,173,333
1526406098.575818860	110	40	48	1	2	0	2	-54	136957	8	0	1596	1478	173,333,173,333
1526406098.587574411	110	40	48	1	2	0	2	-55	136958	8	0	1596	1478	173,333,173,333
1526406098.599350462	110	40	48	1	2	0	2	-56	136959	8	0	1596	1478	173,333,173,333
1526406098.611104879	110	40	48	1	2	0	2	-58	136960	8	0	1596	1478	173,333,173,333
1526406098.622963040	110	40	48	1	2	0	2	-60	136961	8	0	1596	1478	173,333,173,333
1526406098.634750988	110	40	48	1	2	0	2	-62	136962	8	0	1596	1478	173,333,173,333
1526406098.646459777	110	40	48	1	2	0	2	-60	136963	8	0	1596	1478	173,333,173,333
1526406098.658267183	110	40	48	1	2	0	2	-57	136964	8	0	1596	1478	173,333,173,333
1526406098.670038007	110	40	48	1	2	0	2	-56	136965	8	0	1596	1478	173,333,173,333
1526406098.681791321	110	40	48	1	2	0	2	-54	136966	8	0	1596	1478	173,333,173,333
1526406098.693571520	110	40	48	1	2	0	2	-53	136967	8	0	1596	1478	173,333,173,333
1526406098.705321099	110	40	48	1	2	0	2	-53	136968	8	0	1596	1478	173,333,173,333
1526406098.717092098	110	40	48	1	2	0	2	-53	136969	8	0	1596	1478	173,333,173,333
1526406098.728770231	110	40	48	1	2	0	2	-53	136970	8	0	1596	1478	173,333,173,333
1526406098.740469029	110	40	48	1	2	0	2	-54	136971	8	0	1596	1478	173,333,173,333
1526406098.752266911	110	40	48	1	2	0	2	-55	136972	8	0	1596	1478	173,333,173,333
1526406098.764106730	110	40	48	1	2	0	2	-56	136973	8	0	1596	1478	173,333,173,333
1526406098.775868458	110	40	48	1	2	0	2	-56	136974	8	0	1596	1478	173,333,173,333
