1526406226.212692460	96	40	48	0	2	0	2	-48	138915	5	1	1596	1478	216,216
1526406226.222980212	96	40	48	0	2	0	2	-48	138916	5	1	1596	1478	216,216
1526406226.235081143	96	40	48	0	2	0	2	-48	138917	5	1	1596	1478	216,216
1526406226.246681642	96	40	48	0	2	0	2	-48	138918	5	1	1596	1478	216,216
1526406226.258438183	90	40	48	0	2	0	2	-48	138919	6	1	1596	1478	243,243
1526406226.270167746	90	40	48	0	2	0	2	-48	138920	6	1	1596	1478	243,243
1526406226.281952841	90	40	48	0	2	0	2	-48	138921	6	1	1596	1478	243,243
1526406226.293707245	90	40	48	0	2	0	2	-47	138922	6	1	1596	1478	243,243
1526406226.305317971	90	40	48	0	2	0	2	-47	138923	6	1	1596	1478	243,243
1526406226.317239085	80	40	48	1	2	0	2	-47	138924	7	1	1596	1478	300,300
1526406226.329043971	80	40	48	1	2	0	2	-47	138925	7	1	1596	1478	300,300
1526406226.340758990	80	40	48	1	2	0	2	-48	138926	7	1	1596	1478	300,300
1526406226.352505174	80	40	48	1	2	0	2	-48	138927	7	1	1596	1478	300,300
1526406226.364249127	80	40	48	1	2	0	2	-48	138928	7	1	1596	1478	300,300
1526406226.376076594	74	40	48	1	2	0	2	-48	138929	8	1	1596	1478	360,360
1526406226.387904233	74	40	48	1	2	0	2	-48	138930	8	1	1596	1478	360,360
1526406226.400067214	74	40	48	1	2	0	2	-48	138931	8	1	1596	1478	360,360
1526406226.411378569	74	40	48	1	2	0	2	-48	138932	8	1	1596	1478	360,360
1526406226.423154520	74	40	48	1	2	0	2	-48	138933	8	1	1596	1478	360,360
1526406226.435132944	74	40	48	1	2	0	2	-48	138935	8	1	1596	1478	360,360
1526406226.446651734	74	40	48	1	2	0	2	-48	138936	8	1	1596	1478	360,360
1526406226.458426015	74	40	48	1	2	0	2	-48	138937	8	1	1596	1478	360,360
1526406226.471667574	80	40	48	1	2	0	2	-48	138940	7	1	1596	1478	300,300
1526406226.481926385	80	40	48	1	2	0	2	-48	138941	7	1	1596	1478	300,300
1526406226.493699526	80	40	48	1	2	0	2	-48	138942	7	1	1596	1478	300,300
1526406226.505370465	80	40	48	1	2	0	2	-48	138943	7	1	1596	1478	300,300
1526406226.517144429	80	40	48	1	2	0	2	-48	138944	7	1	1596	1478	300,300
1526406226.528820246	80	40	48	1	2	0	2	-48	138945	7	1	1596	1478	300,300
1526406226.541091280	80	40	48	1	2	0	2	-48	138946	7	1	1596	1478	300,300
1526406226.552426667	80	40	48	1	2	0	2	-48	138947	7	1	1596	1478	300,300
1526406226.564256485	80	40	48	1	2	0	2	-48	138948	7	1	1596	1478	300,300
1526406226.576034668	80	40	48	1	2	0	2	-48	138949	7	1	1596	1478	300,300
1526406226.587662413	80	40	48	1	2	0	2	-48	138950	7	1	1596	1478	300,300
1526406226.599460527	77	40	48	0	2	0	2	-48	138951	8	1	1596	1478	324,324
1526406226.611340259	80	40	48	1	2	0	2	-48	138952	7	1	1596	1478	300,300
1526406226.623088749	80	40	48	1	2	0	2	-47	138953	7	1	1596	1478	300,300
1526406226.634816922	80	40	48	1	2	0	2	-48	138954	7	1	1596	1478	300,300
1526406226.646573891	80	40	48	1	2	0	2	-47	138955	7	1	1596	1478	300,300
1526406226.658351981	77	40	48	0	2	0	2	-47	138956	8	1	1596	1478	324,324
1526406226.670027826	77	40	48	0	2	0	2	-47	138957	8	1	1596	1478	324,324
1526406226.681862232	77	40	48	0	2	0	2	-48	138958	8	1	1596	1478	324,324
1526406226.693550360	77	40	48	0	2	0	2	-47	138959	8	1	1596	1478	324,324
1526406226.705298729	74	40	48	1	2	0	2	-48	138960	8	1	1596	1478	360,360
1526406226.717154673	74	40	48	0	2	0	2	-48	138961	9	1	1596	1478	360,360
1526406226.728909196	74	40	48	1	2	0	2	-48	138962	8	1	1596	1478	360,360
1526406226.740594436	74	40	48	1	2	0	2	-48	138963	8	1	1596	1478	360,360
1526406226.752430025	74	40	48	1	2	0	2	-48	138964	8	1	1596	1478	360,360
1526406226.764493196	74	40	48	1	2	0	2	-48	138965	8	1	1596	1478	360,360
1526406226.775942238	74	40	48	0	2	0	2	-48	138966	9	1	1596	1478	360,360
1526406226.787644094	74	40	48	1	2	0	2	-48	138967	8	1	1596	1478	360,360
1526406226.799463593	74	40	48	1	2	0	2	-48	138968	8	1	1596	1478	360,360
1526406226.812102550	74	40	48	1	2	0	2	-48	138969	8	1	1596	1478	360,360
1526406226.822887956	74	40	48	1	2	0	2	-48	138970	8	1	1596	1478	360,360
1526406226.834740291	74	40	48	0	2	0	2	-48	138971	9	1	1596	1478	360,360
1526406226.846504630	74	40	48	1	2	0	2	-48	138972	8	1	1596	1478	360,360
1526406226.858313381	74	40	48	1	2	0	2	-48	138973	8	1	1596	1478	360,360
1526406226.870033467	74	40	48	1	2	0	2	-48	138974	8	1	1596	1478	360,360
1526406226.881780683	74	40	48	1	2	0	2	-48	138975	8	1	1596	1478	360,360
1526406226.893514845	74	40	48	0	2	0	2	-48	138976	9	1	1596	1478	360,360
1526406226.905226362	70	40	48	1	2	0	2	-48	138977	9	1	1596	1478	400,400
1526406226.916846783	70	40	48	1	2	0	2	-48	138978	9	1	1596	1478	400,400
1526406226.928696451	70	40	48	1	2	0	2	-48	138979	9	1	1596	1478	400,400
1526406226.940453896	70	40	48	1	2	0	2	-48	138980	9	1	1596	1478	400,400
1526406226.952209870	70	40	48	1	2	0	2	-48	138981	9	1	1596	1478	400,400
1526406226.964051192	70	40	48	1	2	0	2	-48	138982	9	1	1596	1478	400,400
1526406226.975833821	70	40	48	1	2	0	2	-48	138983	9	1	1596	1478	400,400
1526406226.987605051	70	40	48	1	2	0	2	-48	138984	9	1	1596	1478	400,400
1526406226.999364041	70	40	48	1	2	0	2	-48	138985	9	1	1596	1478	400,400
1526406227.011042613	70	40	48	1	2	0	2	-48	138986	9	1	1596	1478	400,400
1526406227.022779712	70	40	48	1	2	0	2	-48	138987	9	1	1596	1478	400,400
1526406227.034501898	70	40	48	1	2	0	2	-48	138988	9	1	1596	1478	400,400
1526406227.046444606	70	40	48	1	2	0	2	-48	138989	9	1	1596	1478	400,400
1526406227.058182989	70	40	48	1	2	0	2	-48	138990	9	1	1596	1478	400,400
1526406227.069857253	70	40	48	1	2	0	2	-48	138991	9	1	1596	1478	400,400
1526406227.081559801	70	40	48	1	2	0	2	-48	138992	9	1	1596	1478	400,400
1526406227.093394782	70	40	48	1	2	0	2	-48	138993	9	1	1596	1478	400,400
1526406227.105115850	70	40	48	1	2	0	2	-48	138994	9	1	1596	1478	400,400
1526406227.116948192	70	40	48	1	2	0	2	-48	138995	9	1	1596	1478	400,400
1526406227.128665230	70	40	48	1	2	0	2	-48	138996	9	1	1596	1478	400,400
1526406227.140504847	70	40	48	1	2	0	2	-48	138997	9	1	1596	1478	400,400
1526406227.152157154	70	40	48	1	2	0	2	-48	138998	9	1	1596	1478	400,400
1526406227.163925509	70	40	48	1	2	0	2	-48	138999	9	1	1596	1478	400,400
1526406227.175680928	70	40	48	1	2	0	2	-48	139000	9	1	1596	1478	400,400
1526406227.187423653	70	40	48	1	2	0	2	-48	139001	9	1	1596	1478	400,400
1526406227.199141163	70	40	48	1	2	0	2	-47	139002	9	1	1596	1478	400,400
1526406227.210937385	70	40	48	1	2	0	2	-47	139003	9	1	1596	1478	400,400
1526406227.222660889	70	40	48	1	2	0	2	-47	139004	9	1	1596	1478	400,400
1526406227.234468811	70	40	48	1	2	0	2	-48	139005	9	1	1596	1478	400,400
1526406227.246235464	70	40	48	1	2	0	2	-48	139006	9	1	1596	1478	400,400
1526406227.257987845	70	40	48	1	2	0	2	-48	139007	9	1	1596	1478	400,400
1526406227.269754881	70	40	48	1	2	0	2	-48	139008	9	1	1596	1478	400,400
1526406227.281520636	70	40	48	1	2	0	2	-48	139009	9	1	1596	1478	400,400
1526406227.293264997	70	40	48	1	2	0	2	-48	139010	9	1	1596	1478	400,400
1526406227.304949749	70	40	48	1	2	0	2	-48	139011	9	1	1596	1478	400,400
1526406227.316792489	70	40	48	1	2	0	2	-48	139012	9	1	1596	1478	400,400
1526406227.328571318	70	40	48	1	2	0	2	-48	139013	9	1	1596	1478	400,400
1526406227.340728445	70	40	48	1	2	0	2	-48	139014	9	1	1596	1478	400,400
1526406227.352068547	70	40	48	1	2	0	2	-48	139015	9	1	1596	1478	400,400
1526406227.363916883	70	40	48	1	2	0	2	-48	139016	9	1	1596	1478	400,400
1526406227.375697708	70	40	48	1	2	0	2	-48	139017	9	1	1596	1478	400,400
1526406227.387464188	70	40	48	1	2	0	2	-48	139018	9	1	1596	1478	400,400
1526406227.399213639	70	40	48	1	2	0	2	-48	139019	9	1	1596	1478	400,400
1526406227.410930355	70	40	48	1	2	0	2	-48	139020	9	1	1596	1478	400,400
1526406227.422585059	70	40	48	1	2	0	2	-48	139021	9	1	1596	1478	400,400
1526406227.434468574	70	40	48	1	2	0	2	-48	139022	9	1	1596	1478	400,400
1526406227.446254350	70	40	48	1	2	0	2	-48	139023	9	1	1596	1478	400,400
1526406227.458007727	70	40	48	1	2	0	2	-48	139024	9	1	1596	1478	400,400
1526406227.469756460	70	40	48	1	2	0	2	-48	139025	9	1	1596	1478	400,400
1526406227.481722330	70	40	48	1	2	0	2	-48	139026	9	1	1596	1478	400,400
1526406227.493291437	70	40	48	1	2	0	2	-47	139027	9	1	1596	1478	400,400
1526406227.505037802	70	40	48	1	2	0	2	-48	139028	9	1	1596	1478	400,400
1526406227.516801608	70	40	48	1	2	0	2	-48	139029	9	1	1596	1478	400,400
1526406227.528511037	70	40	48	1	2	0	2	-48	139030	9	1	1596	1478	400,400
1526406227.540219556	70	40	48	1	2	0	2	-48	139031	9	1	1596	1478	400,400
1526406227.552004156	70	40	48	1	2	0	2	-48	139032	9	1	1596	1478	400,400
1526406227.563758166	70	40	48	1	2	0	2	-48	139033	9	1	1596	1478	400,400
1526406227.575590953	70	40	48	1	2	0	2	-48	139034	9	1	1596	1478	400,400
1526406227.587264308	70	40	48	1	2	0	2	-48	139035	9	1	1596	1478	400,400
1526406227.599122835	70	40	48	1	2	0	2	-47	139036	9	1	1596	1478	400,400
1526406227.610897757	70	40	48	1	2	0	2	-47	139037	9	1	1596	1478	400,400
1526406227.622519805	70	40	48	1	2	0	2	-48	139038	9	1	1596	1478	400,400
1526406227.634446629	70	40	48	1	2	0	2	-48	139039	9	1	1596	1478	400,400
1526406227.646114391	70	40	48	1	2	0	2	-48	139040	9	1	1596	1478	400,400
1526406227.657972577	70	40	48	1	2	0	2	-48	139041	9	1	1596	1478	400,400
1526406227.669618021	70	40	48	1	2	0	2	-48	139042	9	1	1596	1478	400,400
1526406227.681449052	70	40	48	1	2	0	2	-47	139043	9	1	1596	1478	400,400
1526406227.693209314	70	40	48	1	2	0	2	-48	139044	9	1	1596	1478	400,400
1526406227.704973996	70	40	48	1	2	0	2	-48	139045	9	1	1596	1478	400,400
1526406227.716654340	70	40	48	1	2	0	2	-48	139046	9	1	1596	1478	400,400
1526406227.728478785	70	40	48	1	2	0	2	-48	139047	9	1	1596	1478	400,400
1526406227.740290145	70	40	48	1	2	0	2	-48	139048	9	1	1596	1478	400,400
1526406227.752003707	70	40	48	1	2	0	2	-48	139049	9	1	1596	1478	400,400
1526406227.764093737	70	40	48	1	2	0	2	-48	139051	9	1	1596	1478	400,400
1526406227.776152757	70	40	48	1	2	0	2	-48	139054	9	1	1596	1478	400,400
1526406227.789134948	74	40	48	1	2	0	2	-48	139056	8	1	1596	1478	360,360
1526406227.798969524	74	40	48	1	2	0	2	-48	139057	8	1	1596	1478	360,360
1526406227.812280403	80	40	48	1	2	0	2	-48	139060	7	1	1596	1478	300,300
1526406227.822609391	80	40	48	1	2	0	2	-48	139061	7	1	1596	1478	300,300
1526406227.834362448	80	40	48	1	2	0	2	-48	139062	7	1	1596	1478	300,300
1526406227.846115943	80	40	48	1	2	0	2	-48	139063	7	1	1596	1478	300,300
1526406227.857861514	80	40	48	1	2	0	2	-48	139064	7	1	1596	1478	300,300
1526406227.869633303	80	40	48	1	2	0	2	-48	139065	7	1	1596	1478	300,300
1526406227.881383452	80	40	48	1	2	0	2	-48	139066	7	1	1596	1478	300,300
1526406227.893006157	80	40	48	1	2	0	2	-47	139067	7	1	1596	1478	300,300
1526406227.904720126	77	40	48	0	2	0	2	-47	139068	8	1	1596	1478	324,324
1526406227.916447464	80	40	48	1	2	0	2	-47	139069	7	1	1596	1478	300,300
1526406227.928368548	80	40	48	1	2	0	2	-47	139070	7	1	1596	1478	300,300
1526406227.940226529	80	40	48	1	2	0	2	-47	139071	7	1	1596	1478	300,300
1526406227.951912078	80	40	48	1	2	0	2	-48	139072	7	1	1596	1478	300,300
1526406227.963695745	77	40	48	0	2	0	2	-48	139073	8	1	1596	1478	324,324
1526406227.975458089	77	40	48	0	2	0	2	-48	139074	8	1	1596	1478	324,324
1526406227.987116748	77	40	48	0	2	0	2	-48	139075	8	1	1596	1478	324,324
1526406227.998963882	77	40	48	0	2	0	2	-48	139076	8	1	1596	1478	324,324
1526406228.010754523	74	40	48	1	2	0	2	-48	139077	8	1	1596	1478	360,360
1526406228.022431778	74	40	48	0	2	0	2	-48	139078	9	1	1596	1478	360,360
1526406228.034106915	74	40	48	1	2	0	2	-48	139079	8	1	1596	1478	360,360
1526406228.046174364	74	40	48	1	2	0	2	-48	139081	8	1	1596	1478	360,360
1526406228.059037454	80	40	48	1	2	0	2	-48	139085	7	1	1596	1478	300,300
1526406228.069540988	80	40	48	1	2	0	2	-48	139086	7	1	1596	1478	300,300
1526406228.081289196	80	40	48	1	2	0	2	-48	139087	7	1	1596	1478	300,300
1526406228.093068333	80	40	48	1	2	0	2	-48	139088	7	1	1596	1478	300,300
1526406228.104754378	80	40	48	1	2	0	2	-48	139089	7	1	1596	1478	300,300
1526406228.116590086	80	40	48	1	2	0	2	-48	139090	7	1	1596	1478	300,300
1526406228.128177821	80	40	48	1	2	0	2	-48	139091	7	1	1596	1478	300,300
1526406228.140799957	80	40	48	1	2	0	2	-48	139092	7	1	1596	1478	300,300
1526406228.151874657	77	40	48	0	2	0	2	-48	139093	8	1	1596	1478	324,324
1526406228.163610129	80	40	48	1	2	0	2	-48	139094	7	1	1596	1478	300,300
1526406228.175221226	80	40	48	1	2	0	2	-48	139095	7	1	1596	1478	300,300
1526406228.187140529	80	40	48	1	2	0	2	-48	139096	7	1	1596	1478	300,300
1526406228.198932311	80	40	48	1	2	0	2	-48	139097	7	1	1596	1478	300,300
1526406228.210681831	77	40	48	0	2	0	2	-48	139098	8	1	1596	1478	324,324
1526406228.222420955	80	40	48	1	2	0	2	-48	139099	7	1	1596	1478	300,300
1526406228.234163700	80	40	48	1	2	0	2	-48	139100	7	1	1596	1478	300,300
1526406228.245982497	80	40	48	1	2	0	2	-48	139101	7	1	1596	1478	300,300
1526406228.257701652	80	40	48	1	2	0	2	-48	139102	7	1	1596	1478	300,300
1526406228.269465054	77	40	48	0	2	0	2	-48	139103	8	1	1596	1478	324,324
1526406228.281224784	77	40	48	0	2	0	2	-48	139104	8	1	1596	1478	324,324
1526406228.292993176	77	40	48	0	2	0	2	-48	139105	8	1	1596	1478	324,324
1526406228.304736645	77	40	48	0	2	0	2	-48	139106	8	1	1596	1478	324,324
1526406228.316501001	74	40	48	1	2	0	2	-48	139107	8	1	1596	1478	360,360
1526406228.328078293	74	40	48	0	2	0	2	-48	139108	9	1	1596	1478	360,360
1526406228.340006293	74	40	48	1	2	0	2	-48	139109	8	1	1596	1478	360,360
1526406228.351812564	74	40	48	1	2	0	2	-48	139110	8	1	1596	1478	360,360
1526406228.363526967	74	40	48	1	2	0	2	-48	139111	8	1	1596	1478	360,360
1526406228.375317697	74	40	48	1	2	0	2	-48	139112	8	1	1596	1478	360,360
1526406228.386941350	74	40	48	0	2	0	2	-48	139113	9	1	1596	1478	360,360
1526406228.398823516	74	40	48	1	2	0	2	-48	139114	8	1	1596	1478	360,360
1526406228.410512977	74	40	48	1	2	0	2	-48	139115	8	1	1596	1478	360,360
1526406228.422240470	74	40	48	1	2	0	2	-48	139116	8	1	1596	1478	360,360
1526406228.433999739	74	40	48	1	2	0	2	-48	139117	8	1	1596	1478	360,360
1526406228.445745871	74	40	48	0	2	0	2	-48	139118	9	1	1596	1478	360,360
1526406228.457542222	74	40	48	1	2	0	2	-48	139119	8	1	1596	1478	360,360
1526406228.469272761	74	40	48	1	2	0	2	-48	139120	8	1	1596	1478	360,360
1526406228.480928772	74	40	48	1	2	0	2	-48	139121	8	1	1596	1478	360,360
1526406228.492776947	74	40	48	1	2	0	2	-48	139122	8	1	1596	1478	360,360
1526406228.505295805	74	40	48	0	2	0	2	-48	139123	9	1	1596	1478	360,360
1526406228.516299761	74	40	48	1	2	0	2	-48	139124	8	1	1596	1478	360,360
1526406228.528065273	74	40	48	1	2	0	2	-48	139125	8	1	1596	1478	360,360
1526406228.539812831	74	40	48	1	2	0	2	-48	139126	8	1	1596	1478	360,360
1526406228.552830648	80	40	48	1	2	0	2	-48	139131	7	1	1596	1478	300,300
1526406228.563253797	80	40	48	1	2	0	2	-48	139132	7	1	1596	1478	300,300
1526406228.575009764	80	40	48	1	2	0	2	-48	139133	7	1	1596	1478	300,300
1526406228.586877743	80	40	48	1	2	0	2	-48	139134	7	1	1596	1478	300,300
1526406228.598637455	80	40	48	1	2	0	2	-48	139135	7	1	1596	1478	300,300
1526406228.610378352	80	40	48	1	2	0	2	-48	139136	7	1	1596	1478	300,300
1526406228.622352229	80	40	48	1	2	0	2	-48	139137	7	1	1596	1478	300,300
1526406228.633919412	80	40	48	1	2	0	2	-48	139138	7	1	1596	1478	300,300
1526406228.645679036	77	40	48	0	2	0	2	-48	139139	8	1	1596	1478	324,324
1526406228.657474788	80	40	48	1	2	0	2	-48	139140	7	1	1596	1478	300,300
1526406228.669295312	80	40	48	1	2	0	2	-48	139141	7	1	1596	1478	300,300
1526406228.681069467	80	40	48	1	2	0	2	-48	139142	7	1	1596	1478	300,300
1526406228.692800853	80	40	48	1	2	0	2	-48	139143	7	1	1596	1478	300,300
1526406228.704412870	77	40	48	0	2	0	2	-48	139144	8	1	1596	1478	324,324
1526406228.716329159	77	40	48	0	2	0	2	-48	139145	8	1	1596	1478	324,324
1526406228.728088992	77	40	48	0	2	0	2	-48	139146	8	1	1596	1478	324,324
1526406228.739858789	77	40	48	0	2	0	2	-48	139147	8	1	1596	1478	324,324
1526406228.751618188	74	40	48	1	2	0	2	-48	139148	8	1	1596	1478	360,360
1526406228.763409528	74	40	48	0	2	0	2	-48	139149	9	1	1596	1478	360,360
1526406228.775026927	74	40	48	1	2	0	2	-48	139150	8	1	1596	1478	360,360
1526406228.786892155	74	40	48	1	2	0	2	-48	139151	8	1	1596	1478	360,360
1526406228.798675291	74	40	48	1	2	0	2	-48	139152	8	1	1596	1478	360,360
1526406228.810415906	74	40	48	1	2	0	2	-48	139153	8	1	1596	1478	360,360
1526406228.822166943	74	40	48	0	2	0	2	-48	139154	9	1	1596	1478	360,360
1526406228.833928000	74	40	48	1	2	0	2	-48	139155	8	1	1596	1478	360,360
1526406228.845704049	74	40	48	1	2	0	2	-48	139156	8	1	1596	1478	360,360
1526406228.857301441	74	40	48	1	2	0	2	-48	139157	8	1	1596	1478	360,360
1526406228.869125370	74	40	48	1	2	0	2	-48	139158	8	1	1596	1478	360,360
1526406228.880865064	74	40	48	0	2	0	2	-48	139159	9	1	1596	1478	360,360
1526406228.892618419	74	40	48	1	2	0	2	-48	139160	8	1	1596	1478	360,360
1526406228.904365074	74	40	48	1	2	0	2	-48	139161	8	1	1596	1478	360,360
1526406228.916123944	74	40	48	1	2	0	2	-48	139162	8	1	1596	1478	360,360
1526406228.927863141	74	40	48	1	2	0	2	-48	139163	8	1	1596	1478	360,360
1526406228.939646804	74	40	48	0	2	0	2	-48	139164	9	1	1596	1478	360,360
1526406228.951421333	70	40	48	1	2	0	2	-48	139165	9	1	1596	1478	400,400
1526406228.963184951	70	40	48	1	2	0	2	-48	139166	9	1	1596	1478	400,400
1526406228.974923928	70	40	48	1	2	0	2	-48	139167	9	1	1596	1478	400,400
1526406228.986668989	70	40	48	1	2	0	2	-48	139168	9	1	1596	1478	400,400
1526406228.998432374	70	40	48	1	2	0	2	-48	139169	9	1	1596	1478	400,400
1526406229.010235921	70	40	48	1	2	0	2	-48	139170	9	1	1596	1478	400,400
1526406229.022266763	70	40	48	1	2	0	2	-48	139171	9	1	1596	1478	400,400
1526406229.033806017	70	40	48	1	2	0	2	-48	139172	9	1	1596	1478	400,400
1526406229.045507370	70	40	48	1	2	0	2	-48	139173	9	1	1596	1478	400,400
1526406229.057226468	70	40	48	1	2	0	2	-48	139174	9	1	1596	1478	400,400
1526406229.068981257	70	40	48	1	2	0	2	-48	139175	9	1	1596	1478	400,400
1526406229.080775822	70	40	48	1	2	0	2	-48	139176	9	1	1596	1478	400,400
1526406229.092635518	70	40	48	1	2	0	2	-48	139177	9	1	1596	1478	400,400
1526406229.104298227	70	40	48	1	2	0	2	-48	139178	9	1	1596	1478	400,400
1526406229.115995154	70	40	48	1	2	0	2	-48	139179	9	1	1596	1478	400,400
1526406229.127859346	70	40	48	1	2	0	2	-48	139180	9	1	1596	1478	400,400
1526406229.139476805	70	40	48	1	2	0	2	-48	139181	9	1	1596	1478	400,400
1526406229.151267434	70	40	48	1	2	0	2	-48	139182	9	1	1596	1478	400,400
1526406229.163106286	70	40	48	1	2	0	2	-48	139183	9	1	1596	1478	400,400
1526406229.175207059	70	40	48	1	2	0	2	-48	139185	9	1	1596	1478	400,400
1526406229.186648675	70	40	48	1	2	0	2	-48	139186	9	1	1596	1478	400,400
1526406229.199764891	74	40	48	1	2	0	2	-48	139189	8	1	1596	1478	360,360
1526406229.210784335	74	40	48	1	2	0	2	-48	139192	8	1	1596	1478	360,360
1526406229.223372580	80	40	48	1	2	0	2	-48	139195	7	1	1596	1478	300,300
1526406229.233766660	80	40	48	1	2	0	2	-48	139196	7	1	1596	1478	300,300
1526406229.245561848	80	40	48	1	2	0	2	-48	139197	7	1	1596	1478	300,300
1526406229.257303331	80	40	48	1	2	0	2	-48	139198	7	1	1596	1478	300,300
1526406229.269084212	80	40	48	1	2	0	2	-48	139199	7	1	1596	1478	300,300
1526406229.280843117	80	40	48	1	2	0	2	-48	139200	7	1	1596	1478	300,300
1526406229.292591560	80	40	48	1	2	0	2	-48	139201	7	1	1596	1478	300,300
1526406229.304355187	80	40	48	1	2	0	2	-48	139202	7	1	1596	1478	300,300
1526406229.316114149	77	40	48	0	2	0	2	-48	139203	8	1	1596	1478	324,324
1526406229.327832962	80	40	48	1	2	0	2	-48	139204	7	1	1596	1478	300,300
1526406229.339599979	80	40	48	1	2	0	2	-48	139205	7	1	1596	1478	300,300
1526406229.351430025	80	40	48	1	2	0	2	-48	139206	7	1	1596	1478	300,300
1526406229.363208046	80	40	48	1	2	0	2	-48	139207	7	1	1596	1478	300,300
1526406229.374956139	77	40	48	0	2	0	2	-48	139208	8	1	1596	1478	324,324
1526406229.386733803	77	40	48	0	2	0	2	-49	139209	8	1	1596	1478	324,324
1526406229.398494206	77	40	48	0	2	0	2	-49	139210	8	1	1596	1478	324,324
1526406229.410255651	77	40	48	0	2	0	2	-49	139211	8	1	1596	1478	324,324
1526406229.422325351	74	40	48	1	2	0	2	-49	139212	8	1	1596	1478	360,360
1526406229.433676654	74	40	48	0	2	0	2	-49	139213	9	1	1596	1478	360,360
1526406229.445524963	74	40	48	1	2	0	2	-49	139214	8	1	1596	1478	360,360
1526406229.457285300	74	40	48	1	2	0	2	-49	139215	8	1	1596	1478	360,360
1526406229.469043354	74	40	48	1	2	0	2	-48	139216	8	1	1596	1478	360,360
1526406229.480709378	74	40	48	1	2	0	2	-48	139217	8	1	1596	1478	360,360
1526406229.492486953	74	40	48	0	2	0	2	-48	139218	9	1	1596	1478	360,360
1526406229.504055433	74	40	48	1	2	0	2	-48	139219	8	1	1596	1478	360,360
1526406229.516007648	74	40	48	1	2	0	2	-48	139220	8	1	1596	1478	360,360
1526406229.527735678	74	40	48	1	2	0	2	-48	139221	8	1	1596	1478	360,360
1526406229.539589660	74	40	48	1	2	0	2	-48	139222	8	1	1596	1478	360,360
1526406229.551112345	74	40	48	0	2	0	2	-48	139223	9	1	1596	1478	360,360
1526406229.562783882	74	40	48	1	2	0	2	-47	139224	8	1	1596	1478	360,360
1526406229.574856982	74	40	48	1	2	0	2	-47	139225	8	1	1596	1478	360,360
1526406229.586437349	74	40	48	1	2	0	2	-47	139226	8	1	1596	1478	360,360
1526406229.598293466	74	40	48	1	2	0	2	-47	139227	8	1	1596	1478	360,360
1526406229.610043235	74	40	48	0	2	0	2	-48	139228	9	1	1596	1478	360,360
1526406229.621791124	70	40	48	1	2	0	2	-47	139229	9	1	1596	1478	400,400
1526406229.633483074	70	40	48	1	2	0	2	-47	139230	9	1	1596	1478	400,400
1526406229.645227827	70	40	48	1	2	0	2	-47	139231	9	1	1596	1478	400,400
1526406229.657060540	70	40	48	1	2	0	2	-47	139232	9	1	1596	1478	400,400
1526406229.668897306	70	40	48	1	2	0	2	-48	139233	9	1	1596	1478	400,400
1526406229.680673156	70	40	48	1	2	0	2	-48	139234	9	1	1596	1478	400,400
1526406229.692426787	70	40	48	1	2	0	2	-48	139235	9	1	1596	1478	400,400
1526406229.704177441	70	40	48	1	2	0	2	-48	139236	9	1	1596	1478	400,400
1526406229.715946245	70	40	48	1	2	0	2	-48	139237	9	1	1596	1478	400,400
1526406229.727705281	70	40	48	1	2	0	2	-48	139238	9	1	1596	1478	400,400
1526406229.739456106	70	40	48	1	2	0	2	-48	139239	9	1	1596	1478	400,400
1526406229.751200169	70	40	48	1	2	0	2	-48	139240	9	1	1596	1478	400,400
1526406229.762872097	70	40	48	1	2	0	2	-48	139241	9	1	1596	1478	400,400
1526406229.774728869	70	40	48	1	2	0	2	-48	139242	9	1	1596	1478	400,400
1526406229.786528383	70	40	48	1	2	0	2	-48	139243	9	1	1596	1478	400,400
1526406229.798192083	70	40	48	1	2	0	2	-48	139244	9	1	1596	1478	400,400
1526406229.809879424	70	40	48	1	2	0	2	-48	139245	9	1	1596	1478	400,400
1526406229.821650306	70	40	48	1	2	0	2	-48	139246	9	1	1596	1478	400,400
1526406229.833404124	70	40	48	1	2	0	2	-48	139247	9	1	1596	1478	400,400
1526406229.845166549	70	40	48	1	2	0	2	-48	139248	9	1	1596	1478	400,400
1526406229.856929119	70	40	48	1	2	0	2	-48	139249	9	1	1596	1478	400,400
1526406229.868667932	70	40	48	1	2	0	2	-48	139250	9	1	1596	1478	400,400
1526406229.880451485	70	40	48	1	2	0	2	-48	139251	9	1	1596	1478	400,400
1526406229.892210485	70	40	48	1	2	0	2	-48	139252	9	1	1596	1478	400,400
1526406229.903831297	70	40	48	1	2	0	2	-48	139253	9	1	1596	1478	400,400
1526406229.915711780	70	40	48	1	2	0	2	-48	139254	9	1	1596	1478	400,400
1526406229.927453841	70	40	48	1	2	0	2	-48	139255	9	1	1596	1478	400,400
1526406229.939376526	70	40	48	1	2	0	2	-48	139256	9	1	1596	1478	400,400
1526406229.951124897	70	40	48	1	2	0	2	-48	139257	9	1	1596	1478	400,400
1526406229.962871657	70	40	48	1	2	0	2	-48	139258	9	1	1596	1478	400,400
1526406229.974653743	70	40	48	1	2	0	2	-48	139259	9	1	1596	1478	400,400
1526406229.986428019	70	40	48	1	2	0	2	-48	139260	9	1	1596	1478	400,400
1526406229.998154874	70	40	48	1	2	0	2	-48	139261	9	1	1596	1478	400,400
1526406230.009927144	70	40	48	1	2	0	2	-48	139262	9	1	1596	1478	400,400
1526406230.021696007	70	40	48	1	2	0	2	-47	139263	9	1	1596	1478	400,400
1526406230.033374631	70	40	48	1	2	0	2	-47	139264	9	1	1596	1478	400,400
1526406230.045223444	70	40	48	1	2	0	2	-47	139265	9	1	1596	1478	400,400
1526406230.056971789	70	40	48	1	2	0	2	-47	139266	9	1	1596	1478	400,400
1526406230.068657472	70	40	48	1	2	0	2	-47	139267	9	1	1596	1478	400,400
1526406230.080378753	70	40	48	1	2	0	2	-47	139268	9	1	1596	1478	400,400
1526406230.092187789	70	40	48	1	2	0	2	-47	139269	9	1	1596	1478	400,400
1526406230.103902386	70	40	48	1	2	0	2	-47	139270	9	1	1596	1478	400,400
1526406230.115784303	70	40	48	1	2	0	2	-47	139271	9	1	1596	1478	400,400
1526406230.127531089	70	40	48	1	2	0	2	-47	139272	9	1	1596	1478	400,400
1526406230.139078417	70	40	48	1	2	0	2	-47	139273	9	1	1596	1478	400,400
1526406230.150922849	70	40	48	1	2	0	2	-47	139274	9	1	1596	1478	400,400
1526406230.162734819	70	40	48	1	2	0	2	-47	139275	9	1	1596	1478	400,400
1526406230.174513663	70	40	48	1	2	0	2	-48	139276	9	1	1596	1478	400,400
1526406230.186299472	70	40	48	1	2	0	2	-48	139277	9	1	1596	1478	400,400
1526406230.197947992	70	40	48	1	2	0	2	-47	139278	9	1	1596	1478	400,400
1526406230.209852110	70	40	48	1	2	0	2	-48	139279	9	1	1596	1478	400,400
1526406230.221595500	70	40	48	1	2	0	2	-48	139280	9	1	1596	1478	400,400
1526406230.233368044	70	40	48	1	2	0	2	-48	139281	9	1	1596	1478	400,400
1526406230.245146001	70	40	48	1	2	0	2	-48	139282	9	1	1596	1478	400,400
1526406230.256868530	70	40	48	1	2	0	2	-48	139283	9	1	1596	1478	400,400
1526406230.268629974	70	40	48	1	2	0	2	-48	139284	9	1	1596	1478	400,400
1526406230.280346067	70	40	48	1	2	0	2	-48	139285	9	1	1596	1478	400,400
1526406230.292213376	70	40	48	1	2	0	2	-48	139286	9	1	1596	1478	400,400
1526406230.303941785	70	40	48	1	2	0	2	-48	139287	9	1	1596	1478	400,400
1526406230.315687976	70	40	48	1	2	0	2	-48	139288	9	1	1596	1478	400,400
1526406230.327406828	70	40	48	1	2	0	2	-48	139289	9	1	1596	1478	400,400
1526406230.339229613	70	40	48	1	2	0	2	-48	139290	9	1	1596	1478	400,400
1526406230.350897508	70	40	48	1	2	0	2	-48	139291	9	1	1596	1478	400,400
1526406230.362743359	70	40	48	1	2	0	2	-48	139292	9	1	1596	1478	400,400
1526406230.374480689	70	40	48	1	2	0	2	-47	139293	9	1	1596	1478	400,400
1526406230.386244877	70	40	48	1	2	0	2	-48	139294	9	1	1596	1478	400,400
1526406230.399429925	74	40	48	1	2	0	2	-48	139296	8	1	1596	1478	360,360
1526406230.411117437	80	40	48	1	2	0	2	-48	139298	7	1	1596	1478	300,300
1526406230.421449755	80	40	48	1	2	0	2	-48	139299	7	1	1596	1478	300,300
1526406230.433480997	80	40	48	1	2	0	2	-48	139300	7	1	1596	1478	300,300
1526406230.445059848	80	40	48	1	2	0	2	-48	139301	7	1	1596	1478	300,300
1526406230.456822824	80	40	48	1	2	0	2	-48	139302	7	1	1596	1478	300,300
1526406230.468610556	80	40	48	1	2	0	2	-48	139303	7	1	1596	1478	300,300
1526406230.480341274	80	40	48	1	2	0	2	-48	139304	7	1	1596	1478	300,300
1526406230.492103745	80	40	48	1	2	0	2	-48	139305	7	1	1596	1478	300,300
1526406230.503882937	77	40	48	0	2	0	2	-48	139306	8	1	1596	1478	324,324
1526406230.515556039	80	40	48	1	2	0	2	-48	139307	7	1	1596	1478	300,300
1526406230.527366458	80	40	48	1	2	0	2	-48	139308	7	1	1596	1478	300,300
1526406230.539139601	80	40	48	1	2	0	2	-48	139309	7	1	1596	1478	300,300
1526406230.550790495	80	40	48	1	2	0	2	-48	139310	7	1	1596	1478	300,300
1526406230.562643175	77	40	48	0	2	0	2	-48	139311	8	1	1596	1478	324,324
1526406230.574266601	77	40	48	0	2	0	2	-48	139312	8	1	1596	1478	324,324
1526406230.586180859	77	40	48	0	2	0	2	-48	139313	8	1	1596	1478	324,324
1526406230.598845220	77	40	48	0	2	0	2	-48	139314	8	1	1596	1478	324,324
1526406230.609592077	74	40	48	1	2	0	2	-48	139315	8	1	1596	1478	360,360
1526406230.621461919	74	40	48	0	2	0	2	-48	139316	9	1	1596	1478	360,360
1526406230.633096273	74	40	48	1	2	0	2	-48	139317	8	1	1596	1478	360,360
1526406230.644974681	74	40	48	1	2	0	2	-48	139318	8	1	1596	1478	360,360
1526406230.656735604	74	40	48	1	2	0	2	-48	139319	8	1	1596	1478	360,360
1526406230.668494148	74	40	48	1	2	0	2	-48	139320	8	1	1596	1478	360,360
1526406230.680248361	74	40	48	0	2	0	2	-48	139321	9	1	1596	1478	360,360
1526406230.692037708	74	40	48	1	2	0	2	-48	139322	8	1	1596	1478	360,360
1526406230.703581288	74	40	48	1	2	0	2	-48	139323	8	1	1596	1478	360,360
1526406230.715525847	74	40	48	1	2	0	2	-48	139324	8	1	1596	1478	360,360
1526406230.727333633	74	40	48	1	2	0	2	-48	139325	8	1	1596	1478	360,360
1526406230.739054145	74	40	48	0	2	0	2	-48	139326	9	1	1596	1478	360,360
1526406230.750760202	74	40	48	1	2	0	2	-48	139327	8	1	1596	1478	360,360
1526406230.762573414	74	40	48	1	2	0	2	-48	139328	8	1	1596	1478	360,360
1526406230.774328371	74	40	48	1	2	0	2	-48	139329	8	1	1596	1478	360,360
1526406230.786102541	74	40	48	1	2	0	2	-48	139330	8	1	1596	1478	360,360
1526406230.797858772	74	40	48	0	2	0	2	-48	139331	9	1	1596	1478	360,360
1526406230.809580688	70	40	48	1	2	0	2	-48	139332	9	1	1596	1478	400,400
1526406230.821285421	70	40	48	1	2	0	2	-48	139333	9	1	1596	1478	400,400
1526406230.833048611	70	40	48	1	2	0	2	-48	139334	9	1	1596	1478	400,400
1526406230.844774211	70	40	48	1	2	0	2	-48	139335	9	1	1596	1478	400,400
1526406230.856524545	70	40	48	1	2	0	2	-48	139336	9	1	1596	1478	400,400
1526406230.868267870	70	40	48	1	2	0	2	-48	139337	9	1	1596	1478	400,400
1526406230.880044187	70	40	48	1	2	0	2	-48	139338	9	1	1596	1478	400,400
1526406230.891800607	70	40	48	1	2	0	2	-48	139339	9	1	1596	1478	400,400
1526406230.903558093	70	40	48	1	2	0	2	-48	139340	9	1	1596	1478	400,400
1526406230.915339828	70	40	48	1	2	0	2	-48	139341	9	1	1596	1478	400,400
1526406230.927106026	70	40	48	1	2	0	2	-48	139342	9	1	1596	1478	400,400
1526406230.938837497	70	40	48	1	2	0	2	-48	139343	9	1	1596	1478	400,400
1526406230.950599907	70	40	48	1	2	0	2	-48	139344	9	1	1596	1478	400,400
1526406230.962943325	70	40	48	1	2	0	2	-48	139345	9	1	1596	1478	400,400
1526406230.974119025	70	40	48	1	2	0	2	-48	139346	9	1	1596	1478	400,400
1526406230.986175117	70	40	48	1	2	0	2	-48	139348	9	1	1596	1478	400,400
1526406230.997633678	70	40	48	1	2	0	2	-48	139349	9	1	1596	1478	400,400
1526406231.009430988	70	40	48	1	2	0	2	-48	139350	9	1	1596	1478	400,400
1526406231.021152678	70	40	48	1	2	0	2	-48	139351	9	1	1596	1478	400,400
1526406231.032893146	70	40	48	1	2	0	2	-48	139352	9	1	1596	1478	400,400
1526406231.044695120	70	40	48	1	2	0	2	-48	139353	9	1	1596	1478	400,400
1526406231.056435921	70	40	48	1	2	0	2	-48	139354	9	1	1596	1478	400,400
1526406231.068234711	70	40	48	1	2	0	2	-48	139355	9	1	1596	1478	400,400
1526406231.079987263	70	40	48	1	2	0	2	-48	139356	9	1	1596	1478	400,400
1526406231.091758011	70	40	48	1	2	0	2	-48	139357	9	1	1596	1478	400,400
1526406231.103501421	70	40	48	1	2	0	2	-48	139358	9	1	1596	1478	400,400
1526406231.115294146	70	40	48	1	2	0	2	-48	139359	9	1	1596	1478	400,400
1526406231.126990629	70	40	48	1	2	0	2	-48	139360	9	1	1596	1478	400,400
1526406231.138908316	70	40	48	1	2	0	2	-48	139361	9	1	1596	1478	400,400
1526406231.150655160	70	40	48	1	2	0	2	-48	139362	9	1	1596	1478	400,400
1526406231.162397669	70	40	48	1	2	0	2	-48	139363	9	1	1596	1478	400,400
1526406231.174106722	70	40	48	1	2	0	2	-48	139364	9	1	1596	1478	400,400
1526406231.185930980	70	40	48	1	2	0	2	-48	139365	9	1	1596	1478	400,400
1526406231.197697099	70	40	48	1	2	0	2	-48	139366	9	1	1596	1478	400,400
1526406231.209467219	70	40	48	1	2	0	2	-48	139367	9	1	1596	1478	400,400
1526406231.221247040	70	40	48	1	2	0	2	-48	139368	9	1	1596	1478	400,400
1526406231.232976949	70	40	48	1	2	0	2	-48	139369	9	1	1596	1478	400,400
1526406231.244745863	70	40	48	1	2	0	2	-48	139370	9	1	1596	1478	400,400
1526406231.256474395	70	40	48	1	2	0	2	-48	139371	9	1	1596	1478	400,400
1526406231.268269952	70	40	48	1	2	0	2	-48	139372	9	1	1596	1478	400,400
1526406231.279959469	70	40	48	1	2	0	2	-48	139373	9	1	1596	1478	400,400
1526406231.291773208	70	40	48	1	2	0	2	-48	139374	9	1	1596	1478	400,400
1526406231.303546870	70	40	48	1	2	0	2	-48	139375	9	1	1596	1478	400,400
1526406231.316722572	74	40	48	1	2	0	2	-48	139378	8	1	1596	1478	360,360
1526406231.328453117	80	40	48	1	2	0	2	-48	139382	7	1	1596	1478	300,300
1526406231.338812092	80	40	48	1	2	0	2	-48	139383	7	1	1596	1478	300,300
1526406231.350600891	80	40	48	1	2	0	2	-48	139384	7	1	1596	1478	300,300
1526406231.362341849	80	40	48	1	2	0	2	-48	139385	7	1	1596	1478	300,300
1526406231.374131619	80	40	48	1	2	0	2	-48	139386	7	1	1596	1478	300,300
1526406231.385861985	80	40	48	1	2	0	2	-48	139387	7	1	1596	1478	300,300
1526406231.397617275	80	40	48	1	2	0	2	-48	139388	7	1	1596	1478	300,300
1526406231.409386376	80	40	48	1	2	0	2	-48	139389	7	1	1596	1478	300,300
1526406231.421170217	77	40	48	0	2	0	2	-48	139390	8	1	1596	1478	324,324
1526406231.432892861	80	40	48	1	2	0	2	-48	139391	7	1	1596	1478	300,300
1526406231.444649727	80	40	48	1	2	0	2	-48	139392	7	1	1596	1478	300,300
1526406231.456420403	80	40	48	1	2	0	2	-48	139393	7	1	1596	1478	300,300
1526406231.468190703	80	40	48	1	2	0	2	-48	139394	7	1	1596	1478	300,300
1526406231.479945207	77	40	48	0	2	0	2	-48	139395	8	1	1596	1478	324,324
1526406231.491687961	77	40	48	0	2	0	2	-48	139396	8	1	1596	1478	324,324
1526406231.503268376	77	40	48	0	2	0	2	-48	139397	8	1	1596	1478	324,324
1526406231.515197511	77	40	48	0	2	0	2	-48	139398	8	1	1596	1478	324,324
1526406231.527305593	74	40	48	1	2	0	2	-48	139400	8	1	1596	1478	360,360
1526406231.539293403	74	40	48	1	2	0	2	-48	139402	8	1	1596	1478	360,360
1526406231.550485695	74	40	48	1	2	0	2	-48	139403	8	1	1596	1478	360,360
1526406231.562590237	74	40	48	1	2	0	2	-48	139405	8	1	1596	1478	360,360
1526406231.575455380	80	40	48	1	2	0	2	-48	139409	7	1	1596	1478	300,300
1526406231.585681924	80	40	48	1	2	0	2	-48	139410	7	1	1596	1478	300,300
1526406231.597557946	80	40	48	1	2	0	2	-48	139411	7	1	1596	1478	300,300
1526406231.609309555	80	40	48	1	2	0	2	-48	139412	7	1	1596	1478	300,300
1526406231.620914656	80	40	48	1	2	0	2	-48	139413	7	1	1596	1478	300,300
1526406231.632655983	80	40	48	1	2	0	2	-48	139414	7	1	1596	1478	300,300
1526406231.644582621	80	40	48	1	2	0	2	-48	139415	7	1	1596	1478	300,300
1526406231.656294507	80	40	48	1	2	0	2	-48	139416	7	1	1596	1478	300,300
1526406231.668102981	80	40	48	1	2	0	2	-48	139417	7	1	1596	1478	300,300
1526406231.680118370	80	40	48	1	2	0	2	-48	139418	7	1	1596	1478	300,300
1526406231.691617816	80	40	48	1	2	0	2	-48	139419	7	1	1596	1478	300,300
1526406231.703383789	77	40	48	0	2	0	2	-48	139420	8	1	1596	1478	324,324
1526406231.715153048	80	40	48	1	2	0	2	-48	139421	7	1	1596	1478	300,300
1526406231.726864686	80	40	48	1	2	0	2	-48	139422	7	1	1596	1478	300,300
1526406231.738655810	80	40	48	1	2	0	2	-48	139423	7	1	1596	1478	300,300
1526406231.750444007	80	40	48	1	2	0	2	-48	139424	7	1	1596	1478	300,300
1526406231.762186662	77	40	48	0	2	0	2	-48	139425	8	1	1596	1478	324,324
1526406231.773873039	80	40	48	1	2	0	2	-48	139426	7	1	1596	1478	300,300
1526406231.785611331	80	40	48	1	2	0	2	-48	139427	7	1	1596	1478	300,300
1526406231.797349541	80	40	48	1	2	0	2	-48	139428	7	1	1596	1478	300,300
1526406231.809094407	80	40	48	1	2	0	2	-48	139429	7	1	1596	1478	300,300
1526406231.820845018	77	40	48	0	2	0	2	-48	139430	8	1	1596	1478	324,324
1526406231.843548279	77	40	48	0	2	0	2	-48	139431	8	1	1596	1478	324,324
1526406231.844372971	77	40	48	0	2	0	2	-48	139432	8	1	1596	1478	324,324
1526406231.856134636	74	40	48	1	2	0	2	-48	139433	8	1	1596	1478	360,360
1526406231.867905469	74	40	48	1	2	0	2	-48	139434	8	1	1596	1478	360,360
1526406231.880205002	74	40	48	1	2	0	2	-48	139436	8	1	1596	1478	360,360
1526406231.891392030	74	40	48	1	2	0	2	-48	139437	8	1	1596	1478	360,360
1526406231.903162815	74	40	48	1	2	0	2	-48	139438	8	1	1596	1478	360,360
1526406231.914906115	74	40	48	1	2	0	2	-48	139439	8	1	1596	1478	360,360
1526406231.926686290	74	40	48	1	2	0	2	-48	139440	8	1	1596	1478	360,360
1526406231.938467686	74	40	48	1	2	0	2	-48	139441	8	1	1596	1478	360,360
1526406231.950212155	74	40	48	1	2	0	2	-48	139442	8	1	1596	1478	360,360
1526406231.961958916	74	40	48	1	2	0	2	-48	139443	8	1	1596	1478	360,360
1526406231.973716282	74	40	48	1	2	0	2	-48	139444	8	1	1596	1478	360,360
1526406231.985354432	74	40	48	1	2	0	2	-47	139445	8	1	1596	1478	360,360
1526406231.997245684	74	40	48	1	2	0	2	-47	139446	8	1	1596	1478	360,360
1526406232.009003053	74	40	48	1	2	0	2	-48	139447	8	1	1596	1478	360,360
1526406232.020676056	74	40	48	1	2	0	2	-47	139448	8	1	1596	1478	360,360
1526406232.036283803	74	40	48	1	2	0	2	-47	139449	8	1	1596	1478	360,360
1526406232.044317808	74	40	48	0	2	0	2	-48	139450	9	1	1596	1478	360,360
1526406232.056174939	74	40	48	1	2	0	2	-47	139451	8	1	1596	1478	360,360
1526406232.067956150	74	40	48	1	2	0	2	-47	139452	8	1	1596	1478	360,360
1526406232.079612855	74	40	48	1	2	0	2	-47	139453	8	1	1596	1478	360,360
1526406232.091411413	74	40	48	1	2	0	2	-47	139454	8	1	1596	1478	360,360
1526406232.103169207	74	40	48	0	2	0	2	-47	139455	9	1	1596	1478	360,360
1526406232.114882489	74	40	48	1	2	0	2	-47	139456	8	1	1596	1478	360,360
1526406232.126716141	74	40	48	1	2	0	2	-48	139457	8	1	1596	1478	360,360
1526406232.138433579	74	40	48	1	2	0	2	-48	139458	8	1	1596	1478	360,360
1526406232.150119591	74	40	48	1	2	0	2	-48	139459	8	1	1596	1478	360,360
1526406232.162003421	74	40	48	0	2	0	2	-48	139460	9	1	1596	1478	360,360
1526406232.173780326	74	40	48	1	2	0	2	-48	139461	8	1	1596	1478	360,360
1526406232.185541831	74	40	48	1	2	0	2	-48	139462	8	1	1596	1478	360,360
1526406232.197281140	74	40	48	1	2	0	2	-48	139463	8	1	1596	1478	360,360
1526406232.209229702	74	40	48	1	2	0	2	-48	139464	8	1	1596	1478	360,360
1526406232.220744263	74	40	48	0	2	0	2	-48	139465	9	1	1596	1478	360,360
1526406232.232421363	70	40	48	1	2	0	2	-48	139466	9	1	1596	1478	400,400
1526406232.244270165	70	40	48	1	2	0	2	-48	139467	9	1	1596	1478	400,400
1526406232.256018138	70	40	48	1	2	0	2	-48	139468	9	1	1596	1478	400,400
1526406232.267894146	70	40	48	1	2	0	2	-48	139469	9	1	1596	1478	400,400
1526406232.279611527	70	40	48	1	2	0	2	-48	139470	9	1	1596	1478	400,400
1526406232.291389102	70	40	48	1	2	0	2	-48	139471	9	1	1596	1478	400,400
1526406232.303003438	70	40	48	1	2	0	2	-48	139472	9	1	1596	1478	400,400
1526406232.314885247	70	40	48	1	2	0	2	-48	139473	9	1	1596	1478	400,400
1526406232.326666922	70	40	48	1	2	0	2	-48	139474	9	1	1596	1478	400,400
1526406232.339160397	70	40	48	1	2	0	2	-48	139475	9	1	1596	1478	400,400
1526406232.350190467	70	40	48	1	2	0	2	-48	139476	9	1	1596	1478	400,400
1526406232.361936613	70	40	48	1	2	0	2	-48	139477	9	1	1596	1478	400,400
1526406232.373702903	70	40	48	1	2	0	2	-48	139478	9	1	1596	1478	400,400
1526406232.385649854	70	40	48	1	2	0	2	-48	139479	9	1	1596	1478	400,400
1526406232.397249788	70	40	48	1	2	0	2	-48	139480	9	1	1596	1478	400,400
1526406232.408978134	70	40	48	1	2	0	2	-48	139481	9	1	1596	1478	400,400
1526406232.420649922	70	40	48	1	2	0	2	-48	139482	9	1	1596	1478	400,400
1526406232.432483168	70	40	48	1	2	0	2	-48	139483	9	1	1596	1478	400,400
1526406232.444284410	70	40	48	1	2	0	2	-48	139484	9	1	1596	1478	400,400
1526406232.455892416	70	40	48	1	2	0	2	-48	139485	9	1	1596	1478	400,400
1526406232.467774713	70	40	48	1	2	0	2	-48	139486	9	1	1596	1478	400,400
1526406232.479530343	70	40	48	1	2	0	2	-48	139487	9	1	1596	1478	400,400
1526406232.491286788	70	40	48	1	2	0	2	-48	139488	9	1	1596	1478	400,400
1526406232.503049471	70	40	48	1	2	0	2	-48	139489	9	1	1596	1478	400,400
1526406232.514821562	70	40	48	1	2	0	2	-48	139490	9	1	1596	1478	400,400
1526406232.526553773	70	40	48	1	2	0	2	-48	139491	9	1	1596	1478	400,400
1526406232.538262212	70	40	48	1	2	0	2	-48	139492	9	1	1596	1478	400,400
1526406232.550137789	70	40	48	1	2	0	2	-48	139493	9	1	1596	1478	400,400
1526406232.561839955	70	40	48	1	2	0	2	-48	139494	9	1	1596	1478	400,400
1526406232.573599138	70	40	48	1	2	0	2	-48	139495	9	1	1596	1478	400,400
1526406232.585358829	70	40	48	1	2	0	2	-48	139496	9	1	1596	1478	400,400
1526406232.597393488	70	40	48	1	2	0	2	-48	139498	9	1	1596	1478	400,400
1526406232.610442631	74	40	48	1	2	0	2	-48	139502	8	1	1596	1478	360,360
1526406232.621024117	74	40	48	1	2	0	2	-48	139503	8	1	1596	1478	360,360
1526406232.633482615	74	40	48	1	2	0	2	-48	139507	8	1	1596	1478	360,360
1526406232.644390575	74	40	48	1	2	0	2	-48	139508	8	1	1596	1478	360,360
1526406232.657110588	80	40	48	1	2	0	2	-48	139512	7	1	1596	1478	300,300
1526406232.667690541	80	40	48	1	2	0	2	-48	139513	7	1	1596	1478	300,300
1526406232.679460434	80	40	48	1	2	0	2	-48	139514	7	1	1596	1478	300,300
1526406232.691211755	80	40	48	1	2	0	2	-48	139515	7	1	1596	1478	300,300
1526406232.703773099	80	40	48	1	2	0	2	-48	139516	7	1	1596	1478	300,300
1526406232.714743771	80	40	48	1	2	0	2	-48	139517	7	1	1596	1478	300,300
1526406232.726501035	80	40	48	1	2	0	2	-48	139518	7	1	1596	1478	300,300
1526406232.738144270	80	40	48	1	2	0	2	-48	139519	7	1	1596	1478	300,300
1526406232.749972341	77	40	48	0	2	0	2	-48	139520	8	1	1596	1478	324,324
1526406232.761658600	80	40	48	1	2	0	2	-48	139521	7	1	1596	1478	300,300
1526406232.773441159	80	40	48	1	2	0	2	-48	139522	7	1	1596	1478	300,300
1526406232.785068401	80	40	48	1	2	0	2	-48	139523	7	1	1596	1478	300,300
1526406232.796814665	80	40	48	1	2	0	2	-48	139524	7	1	1596	1478	300,300
1526406232.808695771	77	40	48	0	2	0	2	-48	139525	8	1	1596	1478	324,324
1526406232.820449673	77	40	48	0	2	0	2	-48	139526	8	1	1596	1478	324,324
1526406232.832242196	77	40	48	0	2	0	2	-48	139527	8	1	1596	1478	324,324
1526406232.844022172	77	40	48	0	2	0	2	-48	139528	8	1	1596	1478	324,324
1526406232.855906208	74	40	48	1	2	0	2	-48	139529	8	1	1596	1478	360,360
1526406232.867625283	74	40	48	0	2	0	2	-48	139530	9	1	1596	1478	360,360
1526406232.879369522	74	40	48	1	2	0	2	-48	139531	8	1	1596	1478	360,360
1526406232.891148297	74	40	48	1	2	0	2	-48	139532	8	1	1596	1478	360,360
1526406232.902829838	74	40	48	1	2	0	2	-48	139533	8	1	1596	1478	360,360
1526406232.914670291	74	40	48	1	2	0	2	-48	139534	8	1	1596	1478	360,360
1526406232.926769953	74	40	48	1	2	0	2	-48	139536	8	1	1596	1478	360,360
1526406232.938159210	74	40	48	1	2	0	2	-48	139537	8	1	1596	1478	360,360
1526406232.949924413	74	40	48	1	2	0	2	-48	139538	8	1	1596	1478	360,360
1526406232.961733120	74	40	48	1	2	0	2	-48	139539	8	1	1596	1478	360,360
1526406232.973475408	74	40	48	1	2	0	2	-48	139540	8	1	1596	1478	360,360
1526406232.985094987	74	40	48	1	2	0	2	-48	139541	8	1	1596	1478	360,360
1526406232.996978771	74	40	48	1	2	0	2	-48	139542	8	1	1596	1478	360,360
1526406233.008659256	74	40	48	1	2	0	2	-48	139543	8	1	1596	1478	360,360
1526406233.020726049	74	40	48	1	2	0	2	-48	139544	8	1	1596	1478	360,360
1526406233.032105140	74	40	48	1	2	0	2	-48	139545	8	1	1596	1478	360,360
1526406233.044021432	74	40	48	1	2	0	2	-48	139546	8	1	1596	1478	360,360
1526406233.055794411	74	40	48	1	2	0	2	-48	139547	8	1	1596	1478	360,360
1526406233.067480129	74	40	48	1	2	0	2	-48	139548	8	1	1596	1478	360,360
1526406233.079307025	74	40	48	1	2	0	2	-48	139549	8	1	1596	1478	360,360
1526406233.091045714	74	40	48	0	2	0	2	-48	139550	9	1	1596	1478	360,360
1526406233.102824307	74	40	48	1	2	0	2	-48	139551	8	1	1596	1478	360,360
1526406233.114583688	74	40	48	1	2	0	2	-48	139552	8	1	1596	1478	360,360
1526406233.126348138	74	40	48	1	2	0	2	-48	139553	8	1	1596	1478	360,360
1526406233.138040528	74	40	48	1	2	0	2	-48	139554	8	1	1596	1478	360,360
1526406233.149852215	74	40	48	0	2	0	2	-48	139555	9	1	1596	1478	360,360
1526406233.161550217	74	40	48	1	2	0	2	-48	139556	8	1	1596	1478	360,360
1526406233.173331895	74	40	48	1	2	0	2	-48	139557	8	1	1596	1478	360,360
1526406233.185069919	74	40	48	1	2	0	2	-48	139558	8	1	1596	1478	360,360
1526406233.196899701	74	40	48	1	2	0	2	-48	139559	8	1	1596	1478	360,360
1526406233.208645276	74	40	48	0	2	0	2	-48	139560	9	1	1596	1478	360,360
1526406233.221059743	70	40	48	1	2	0	2	-48	139562	9	1	1596	1478	400,400
1526406233.233706181	74	40	48	1	2	0	2	-48	139565	8	1	1596	1478	360,360
1526406233.243851663	74	40	48	1	2	0	2	-48	139566	8	1	1596	1478	360,360
1526406233.255577231	74	40	48	1	2	0	2	-48	139567	8	1	1596	1478	360,360
1526406233.267480056	74	40	48	1	2	0	2	-48	139568	8	1	1596	1478	360,360
1526406233.279210598	74	40	48	1	2	0	2	-48	139569	8	1	1596	1478	360,360
1526406233.290906769	74	40	48	1	2	0	2	-48	139570	8	1	1596	1478	360,360
1526406233.302771671	74	40	48	1	2	0	2	-48	139571	8	1	1596	1478	360,360
1526406233.303226412	74	40	48	1	2	0	2	-48	139572	8	1	1596	1478	360,360
1526406233.314507308	74	40	48	1	2	0	2	-48	139573	8	1	1596	1478	360,360
1526406233.326233623	74	40	48	0	2	0	2	-48	139574	9	1	1596	1478	360,360
1526406233.338071014	74	40	48	1	2	0	2	-48	139575	8	1	1596	1478	360,360
1526406233.349823054	74	40	48	1	2	0	2	-48	139576	8	1	1596	1478	360,360
1526406233.361368872	74	40	48	1	2	0	2	-48	139577	8	1	1596	1478	360,360
1526406233.373321947	74	40	48	1	2	0	2	-48	139578	8	1	1596	1478	360,360
1526406233.385076026	74	40	48	0	2	0	2	-48	139579	9	1	1596	1478	360,360
1526406233.396818452	74	40	48	1	2	0	2	-48	139580	8	1	1596	1478	360,360
1526406233.408577619	74	40	48	1	2	0	2	-48	139581	8	1	1596	1478	360,360
1526406233.420709085	74	40	48	1	2	0	2	-48	139582	8	1	1596	1478	360,360
1526406233.432115206	74	40	48	1	2	0	2	-48	139583	8	1	1596	1478	360,360
1526406233.443845090	74	40	48	0	2	0	2	-48	139584	9	1	1596	1478	360,360
1526406233.455632465	74	40	48	1	2	0	2	-48	139585	8	1	1596	1478	360,360
1526406233.467370465	74	40	48	1	2	0	2	-48	139586	8	1	1596	1478	360,360
1526406233.479117005	74	40	48	1	2	0	2	-48	139587	8	1	1596	1478	360,360
1526406233.490900291	74	40	48	1	2	0	2	-48	139588	8	1	1596	1478	360,360
1526406233.502663361	74	40	48	0	2	0	2	-48	139589	9	1	1596	1478	360,360
1526406233.514355002	74	40	48	1	2	0	2	-48	139590	8	1	1596	1478	360,360
1526406233.526121411	74	40	48	1	2	0	2	-48	139591	8	1	1596	1478	360,360
1526406233.539364887	80	40	48	1	2	0	2	-48	139595	7	1	1596	1478	300,300
1526406233.549639978	80	40	48	1	2	0	2	-48	139596	7	1	1596	1478	300,300
1526406233.561462511	80	40	48	1	2	0	2	-48	139597	7	1	1596	1478	300,300
1526406233.573287337	80	40	48	1	2	0	2	-48	139598	7	1	1596	1478	300,300
1526406233.584855401	80	40	48	1	2	0	2	-48	139599	7	1	1596	1478	300,300
1526406233.596729610	80	40	48	1	2	0	2	-48	139600	7	1	1596	1478	300,300
1526406233.608668245	80	40	48	1	2	0	2	-48	139601	7	1	1596	1478	300,300
1526406233.620283220	80	40	48	1	2	0	2	-48	139602	7	1	1596	1478	300,300
1526406233.632019553	77	40	48	0	2	0	2	-48	139603	8	1	1596	1478	324,324
1526406233.643788720	80	40	48	1	2	0	2	-48	139604	7	1	1596	1478	300,300
1526406233.655545836	80	40	48	1	2	0	2	-48	139605	7	1	1596	1478	300,300
1526406233.667100965	80	40	48	1	2	0	2	-48	139606	7	1	1596	1478	300,300
1526406233.678985443	80	40	48	1	2	0	2	-48	139607	7	1	1596	1478	300,300
1526406233.690726608	77	40	48	0	2	0	2	-48	139608	8	1	1596	1478	324,324
1526406233.702579268	77	40	48	0	2	0	2	-48	139609	8	1	1596	1478	324,324
1526406233.714345592	77	40	48	0	2	0	2	-48	139610	8	1	1596	1478	324,324
1526406233.726063327	77	40	48	0	2	0	2	-48	139611	8	1	1596	1478	324,324
1526406233.737667940	74	40	48	1	2	0	2	-48	139612	8	1	1596	1478	360,360
1526406233.749409711	74	40	48	0	2	0	2	-48	139613	9	1	1596	1478	360,360
1526406233.761154624	74	40	48	1	2	0	2	-48	139614	8	1	1596	1478	360,360
1526406233.773216635	74	40	48	1	2	0	2	-48	139615	8	1	1596	1478	360,360
1526406233.784754807	74	40	48	1	2	0	2	-48	139616	8	1	1596	1478	360,360
1526406233.796527205	74	40	48	1	2	0	2	-48	139617	8	1	1596	1478	360,360
1526406233.808286810	74	40	48	0	2	0	2	-48	139618	9	1	1596	1478	360,360
1526406233.820034066	74	40	48	1	2	0	2	-48	139619	8	1	1596	1478	360,360
1526406233.831896795	74	40	48	1	2	0	2	-48	139620	8	1	1596	1478	360,360
1526406233.843676764	74	40	48	1	2	0	2	-48	139621	8	1	1596	1478	360,360
1526406233.855596450	74	40	48	1	2	0	2	-48	139622	8	1	1596	1478	360,360
1526406233.867217329	74	40	48	0	2	0	2	-48	139623	9	1	1596	1478	360,360
1526406233.879012514	74	40	48	1	2	0	2	-48	139624	8	1	1596	1478	360,360
1526406233.890739440	74	40	48	1	2	0	2	-48	139625	8	1	1596	1478	360,360
1526406233.902506598	74	40	48	1	2	0	2	-48	139626	8	1	1596	1478	360,360
1526406233.914260252	74	40	48	1	2	0	2	-48	139627	8	1	1596	1478	360,360
1526406233.926051629	74	40	48	0	2	0	2	-48	139628	9	1	1596	1478	360,360
1526406233.937759511	70	40	48	1	2	0	2	-48	139629	9	1	1596	1478	400,400
1526406233.949551402	70	40	48	1	2	0	2	-48	139630	9	1	1596	1478	400,400
1526406233.961300889	70	40	48	1	2	0	2	-48	139631	9	1	1596	1478	400,400
1526406233.973047169	70	40	48	1	2	0	2	-48	139632	9	1	1596	1478	400,400
1526406233.984743110	70	40	48	1	2	0	2	-48	139633	9	1	1596	1478	400,400
1526406233.996482407	70	40	48	1	2	0	2	-48	139634	9	1	1596	1478	400,400
1526406234.008243034	70	40	48	1	2	0	2	-48	139635	9	1	1596	1478	400,400
1526406234.020013503	70	40	48	1	2	0	2	-48	139636	9	1	1596	1478	400,400
1526406234.031720768	70	40	48	1	2	0	2	-48	139637	9	1	1596	1478	400,400
1526406234.043597760	70	40	48	1	2	0	2	-48	139638	9	1	1596	1478	400,400
1526406234.055390746	70	40	48	1	2	0	2	-48	139639	9	1	1596	1478	400,400
1526406234.068965233	70	40	48	1	2	0	2	-48	139640	9	1	1596	1478	400,400
1526406234.078784434	70	40	48	1	2	0	2	-49	139641	9	1	1596	1478	400,400
1526406234.090699347	70	40	48	1	2	0	2	-48	139642	9	1	1596	1478	400,400
1526406234.102525028	70	40	48	1	2	0	2	-48	139643	9	1	1596	1478	400,400
1526406234.114183543	70	40	48	1	2	0	2	-48	139644	9	1	1596	1478	400,400
1526406234.125929726	70	40	48	1	2	0	2	-48	139645	9	1	1596	1478	400,400
1526406234.137863844	70	40	48	1	2	0	2	-48	139646	9	1	1596	1478	400,400
1526406234.149459437	70	40	48	1	2	0	2	-48	139647	9	1	1596	1478	400,400
1526406234.161102087	70	40	48	1	2	0	2	-48	139648	9	1	1596	1478	400,400
1526406234.172969969	70	40	48	1	2	0	2	-48	139649	9	1	1596	1478	400,400
1526406234.184623462	70	40	48	1	2	0	2	-48	139650	9	1	1596	1478	400,400
1526406234.196486465	70	40	48	1	2	0	2	-48	139651	9	1	1596	1478	400,400
1526406234.208251742	70	40	48	1	2	0	2	-48	139652	9	1	1596	1478	400,400
1526406234.220019039	70	40	48	1	2	0	2	-48	139653	9	1	1596	1478	400,400
1526406234.231681302	70	40	48	1	2	0	2	-48	139654	9	1	1596	1478	400,400
1526406234.243446276	70	40	48	1	2	0	2	-48	139655	9	1	1596	1478	400,400
1526406234.255295536	70	40	48	1	2	0	2	-48	139656	9	1	1596	1478	400,400
1526406234.266970096	70	40	48	1	2	0	2	-48	139657	9	1	1596	1478	400,400
1526406234.278818081	70	40	48	1	2	0	2	-48	139658	9	1	1596	1478	400,400
1526406234.290610622	70	40	48	1	2	0	2	-48	139659	9	1	1596	1478	400,400
1526406234.302324308	70	40	48	1	2	0	2	-48	139660	9	1	1596	1478	400,400
1526406234.314087365	70	40	48	1	2	0	2	-48	139661	9	1	1596	1478	400,400
1526406234.325771035	70	40	48	1	2	0	2	-48	139662	9	1	1596	1478	400,400
1526406234.337650110	70	40	48	1	2	0	2	-48	139663	9	1	1596	1478	400,400
1526406234.349371697	70	40	48	1	2	0	2	-48	139664	9	1	1596	1478	400,400
1526406234.361191266	70	40	48	1	2	0	2	-48	139665	9	1	1596	1478	400,400
1526406234.372941310	70	40	48	1	2	0	2	-48	139666	9	1	1596	1478	400,400
1526406234.384695780	70	40	48	1	2	0	2	-48	139667	9	1	1596	1478	400,400
1526406234.397117039	70	40	48	1	2	0	2	-48	139670	9	1	1596	1478	400,400
1526406234.409018692	70	40	48	1	2	0	2	-48	139673	9	1	1596	1478	400,400
1526406234.419911983	70	40	48	1	2	0	2	-48	139674	9	1	1596	1478	400,400
1526406234.431951518	70	40	48	1	2	0	2	-48	139675	9	1	1596	1478	400,400
1526406234.443510221	70	40	48	1	2	0	2	-48	139676	9	1	1596	1478	400,400
1526406234.455184533	70	40	48	1	2	0	2	-48	139677	9	1	1596	1478	400,400
1526406234.467341539	70	40	48	1	2	0	2	-48	139679	9	1	1596	1478	400,400
1526406234.478798361	70	40	48	1	2	0	2	-48	139680	9	1	1596	1478	400,400
1526406234.490536312	70	40	48	1	2	0	2	-48	139681	9	1	1596	1478	400,400
1526406234.502302103	70	40	48	1	2	0	2	-48	139682	9	1	1596	1478	400,400
1526406234.514084807	70	40	48	1	2	0	2	-48	139683	9	1	1596	1478	400,400
1526406234.525833459	70	40	48	1	2	0	2	-48	139684	9	1	1596	1478	400,400
1526406234.537487105	70	40	48	1	2	0	2	-48	139685	9	1	1596	1478	400,400
1526406234.549477179	70	40	48	1	2	0	2	-48	139686	9	1	1596	1478	400,400
1526406234.561075208	70	40	48	1	2	0	2	-48	139687	9	1	1596	1478	400,400
1526406234.572753483	70	40	48	1	2	0	2	-48	139688	9	1	1596	1478	400,400
1526406234.584448499	70	40	48	1	2	0	2	-48	139689	9	1	1596	1478	400,400
1526406234.596249589	70	40	48	1	2	0	2	-48	139690	9	1	1596	1478	400,400
1526406234.607972486	70	40	48	1	2	0	2	-48	139691	9	1	1596	1478	400,400
1526406234.619727699	70	40	48	1	2	0	2	-48	139692	9	1	1596	1478	400,400
1526406234.631532938	70	40	48	1	2	0	2	-48	139693	9	1	1596	1478	400,400
1526406234.643460501	70	40	48	1	2	0	2	-47	139694	9	1	1596	1478	400,400
1526406234.655145613	70	40	48	1	2	0	2	-47	139695	9	1	1596	1478	400,400
1526406234.666815584	70	40	48	1	2	0	2	-48	139696	9	1	1596	1478	400,400
1526406234.678648500	70	40	48	1	2	0	2	-47	139697	9	1	1596	1478	400,400
1526406234.690370829	70	40	48	1	2	0	2	-48	139698	9	1	1596	1478	400,400
1526406234.702311947	70	40	48	1	2	0	2	-48	139699	9	1	1596	1478	400,400
1526406234.713811998	70	40	48	1	2	0	2	-48	139700	9	1	1596	1478	400,400
1526406234.725680652	70	40	48	1	2	0	2	-48	139701	9	1	1596	1478	400,400
1526406234.737373212	70	40	48	1	2	0	2	-48	139702	9	1	1596	1478	400,400
1526406234.749104080	70	40	48	1	2	0	2	-48	139703	9	1	1596	1478	400,400
1526406234.760879392	70	40	48	1	2	0	2	-48	139704	9	1	1596	1478	400,400
1526406234.772729321	70	40	48	1	2	0	2	-48	139705	9	1	1596	1478	400,400
1526406234.784406641	70	40	48	1	2	0	2	-48	139706	9	1	1596	1478	400,400
1526406234.796714748	70	40	48	1	2	0	2	-48	139707	9	1	1596	1478	400,400
1526406234.807970093	70	40	48	1	2	0	2	-48	139708	9	1	1596	1478	400,400
1526406234.820145469	70	40	48	1	2	0	2	-48	139710	9	1	1596	1478	400,400
1526406234.831746812	70	40	48	1	2	0	2	-48	139712	9	1	1596	1478	400,400
1526406234.843303125	70	40	48	1	2	0	2	-48	139713	9	1	1596	1478	400,400
1526406234.856095009	70	40	48	1	2	0	2	-48	139717	9	1	1596	1478	400,400
1526406234.867408289	70	40	48	1	2	0	2	-48	139720	9	1	1596	1478	400,400
1526406234.880058469	74	40	48	1	2	0	2	-48	139724	8	1	1596	1478	360,360
1526406234.890332688	74	40	48	1	2	0	2	-48	139725	8	1	1596	1478	360,360
1526406234.902123028	74	40	48	1	2	0	2	-48	139726	8	1	1596	1478	360,360
1526406234.913863509	74	40	48	1	2	0	2	-48	139727	8	1	1596	1478	360,360
1526406234.925608232	74	40	48	1	2	0	2	-48	139728	8	1	1596	1478	360,360
1526406234.937238307	74	40	48	1	2	0	2	-48	139729	8	1	1596	1478	360,360
1526406234.948989489	74	40	48	1	2	0	2	-48	139730	8	1	1596	1478	360,360
1526406234.960803652	74	40	48	1	2	0	2	-48	139731	8	1	1596	1478	360,360
1526406234.972559103	74	40	48	0	2	0	2	-48	139732	9	1	1596	1478	360,360
1526406234.984318035	74	40	48	1	2	0	2	-48	139733	8	1	1596	1478	360,360
1526406234.996067693	74	40	48	1	2	0	2	-48	139734	8	1	1596	1478	360,360
1526406235.007843715	74	40	48	1	2	0	2	-48	139735	8	1	1596	1478	360,360
1526406235.019803167	74	40	48	1	2	0	2	-48	139736	8	1	1596	1478	360,360
1526406235.031326142	74	40	48	0	2	0	2	-48	139737	9	1	1596	1478	360,360
1526406235.043225862	74	40	48	1	2	0	2	-48	139738	8	1	1596	1478	360,360
1526406235.054979722	74	40	48	1	2	0	2	-48	139739	8	1	1596	1478	360,360
1526406235.066747201	74	40	48	1	2	0	2	-48	139740	8	1	1596	1478	360,360
1526406235.078487603	74	40	48	1	2	0	2	-48	139741	8	1	1596	1478	360,360
1526406235.090258224	74	40	48	0	2	0	2	-48	139742	9	1	1596	1478	360,360
1526406235.102227394	74	40	48	1	2	0	2	-48	139743	8	1	1596	1478	360,360
1526406235.113821966	74	40	48	1	2	0	2	-48	139744	8	1	1596	1478	360,360
1526406235.125548496	74	40	48	1	2	0	2	-48	139745	8	1	1596	1478	360,360
1526406235.137318290	74	40	48	1	2	0	2	-48	139746	8	1	1596	1478	360,360
1526406235.149040087	74	40	48	0	2	0	2	-48	139747	9	1	1596	1478	360,360
1526406235.161405369	70	40	48	1	2	0	2	-48	139748	9	1	1596	1478	400,400
1526406235.172563599	70	40	48	1	2	0	2	-48	139749	9	1	1596	1478	400,400
1526406235.184337074	70	40	48	1	2	0	2	-48	139750	9	1	1596	1478	400,400
1526406235.196106752	70	40	48	1	2	0	2	-48	139751	9	1	1596	1478	400,400
1526406235.207756696	70	40	48	1	2	0	2	-48	139752	9	1	1596	1478	400,400
1526406235.219615123	70	40	48	1	2	0	2	-48	139753	9	1	1596	1478	400,400
1526406235.231246134	70	40	48	1	2	0	2	-48	139754	9	1	1596	1478	400,400
1526406235.243116921	70	40	48	1	2	0	2	-48	139755	9	1	1596	1478	400,400
1526406235.254882051	70	40	48	1	2	0	2	-48	139756	9	1	1596	1478	400,400
1526406235.266667662	70	40	48	1	2	0	2	-48	139757	9	1	1596	1478	400,400
1526406235.278424723	70	40	48	1	2	0	2	-48	139758	9	1	1596	1478	400,400
1526406235.290159581	70	40	48	1	2	0	2	-48	139759	9	1	1596	1478	400,400
1526406235.301957113	70	40	48	1	2	0	2	-48	139760	9	1	1596	1478	400,400
1526406235.313717165	70	40	48	1	2	0	2	-48	139761	9	1	1596	1478	400,400
1526406235.325476836	70	40	48	1	2	0	2	-48	139762	9	1	1596	1478	400,400
1526406235.337227778	70	40	48	1	2	0	2	-48	139763	9	1	1596	1478	400,400
1526406235.349346559	70	40	48	1	2	0	2	-48	139764	9	1	1596	1478	400,400
1526406235.360663091	70	40	48	1	2	0	2	-48	139765	9	1	1596	1478	400,400
1526406235.372492853	70	40	48	1	2	0	2	-48	139766	9	1	1596	1478	400,400
1526406235.384256261	70	40	48	1	2	0	2	-48	139767	9	1	1596	1478	400,400
1526406235.396019018	70	40	48	1	2	0	2	-48	139768	9	1	1596	1478	400,400
1526406235.407759834	70	40	48	1	2	0	2	-48	139769	9	1	1596	1478	400,400
1526406235.419566446	70	40	48	1	2	0	2	-48	139770	9	1	1596	1478	400,400
1526406235.431301322	70	40	48	1	2	0	2	-48	139771	9	1	1596	1478	400,400
1526406235.443044536	70	40	48	1	2	0	2	-48	139772	9	1	1596	1478	400,400
1526406235.454809179	70	40	48	1	2	0	2	-48	139773	9	1	1596	1478	400,400
1526406235.466575240	70	40	48	1	2	0	2	-48	139774	9	1	1596	1478	400,400
1526406235.478333182	70	40	48	1	2	0	2	-48	139775	9	1	1596	1478	400,400
1526406235.490110124	70	40	48	1	2	0	2	-48	139776	9	1	1596	1478	400,400
1526406235.501865431	70	40	48	1	2	0	2	-48	139777	9	1	1596	1478	400,400
1526406235.514291531	70	40	48	1	2	0	2	-48	139778	9	1	1596	1478	400,400
1526406235.525363627	70	40	48	1	2	0	2	-48	139779	9	1	1596	1478	400,400
1526406235.537143795	70	40	48	1	2	0	2	-48	139780	9	1	1596	1478	400,400
1526406235.548886898	70	40	48	1	2	0	2	-48	139781	9	1	1596	1478	400,400
1526406235.560487534	70	40	48	1	2	0	2	-48	139782	9	1	1596	1478	400,400
1526406235.572415547	70	40	48	1	2	0	2	-48	139783	9	1	1596	1478	400,400
1526406235.583984935	70	40	48	1	2	0	2	-48	139784	9	1	1596	1478	400,400
1526406235.595929963	70	40	48	1	2	0	2	-48	139785	9	1	1596	1478	400,400
1526406235.607712072	70	40	48	1	2	0	2	-48	139786	9	1	1596	1478	400,400
1526406235.619469165	70	40	48	1	2	0	2	-48	139787	9	1	1596	1478	400,400
1526406235.631222764	70	40	48	1	2	0	2	-48	139788	9	1	1596	1478	400,400
1526406235.642969848	70	40	48	1	2	0	2	-48	139789	9	1	1596	1478	400,400
1526406235.654728477	70	40	48	1	2	0	2	-48	139790	9	1	1596	1478	400,400
1526406235.666275405	70	40	48	1	2	0	2	-48	139791	9	1	1596	1478	400,400
1526406235.678118995	70	40	48	1	2	0	2	-48	139792	9	1	1596	1478	400,400
1526406235.689876189	70	40	48	1	2	0	2	-48	139793	9	1	1596	1478	400,400
1526406235.701760462	70	40	48	1	2	0	2	-48	139794	9	1	1596	1478	400,400
1526406235.713534539	70	40	48	1	2	0	2	-48	139795	9	1	1596	1478	400,400
1526406235.725207647	70	40	48	1	2	0	2	-48	139796	9	1	1596	1478	400,400
1526406235.736988196	70	40	48	1	2	0	2	-48	139797	9	1	1596	1478	400,400
1526406235.748824185	70	40	48	1	2	0	2	-48	139798	9	1	1596	1478	400,400
1526406235.760436386	70	40	48	1	2	0	2	-48	139799	9	1	1596	1478	400,400
1526406235.772324200	70	40	48	1	2	0	2	-48	139800	9	1	1596	1478	400,400
1526406235.784092878	70	40	48	1	2	0	2	-48	139801	9	1	1596	1478	400,400
1526406235.795864036	70	40	48	1	2	0	2	-48	139802	9	1	1596	1478	400,400
1526406235.807621036	70	40	48	1	2	0	2	-48	139803	9	1	1596	1478	400,400
1526406235.819383066	70	40	48	1	2	0	2	-48	139804	9	1	1596	1478	400,400
1526406235.831148004	70	40	48	1	2	0	2	-48	139805	9	1	1596	1478	400,400
1526406235.842969600	70	40	48	1	2	0	2	-48	139806	9	1	1596	1478	400,400
1526406235.854663093	70	40	48	1	2	0	2	-48	139807	9	1	1596	1478	400,400
1526406235.866292957	70	40	48	1	2	0	2	-48	139808	9	1	1596	1478	400,400
1526406235.878481663	70	40	48	1	2	0	2	-48	139809	9	1	1596	1478	400,400
1526406235.889926772	70	40	48	1	2	0	2	-48	139810	9	1	1596	1478	400,400
1526406235.902214469	70	40	48	1	2	0	2	-48	139811	9	1	1596	1478	400,400
1526406235.913363597	70	40	48	1	2	0	2	-48	139812	9	1	1596	1478	400,400
1526406235.927535148	70	40	48	1	2	0	2	-48	139813	9	1	1596	1478	400,400
1526406235.936806804	70	40	48	1	2	0	2	-48	139814	9	1	1596	1478	400,400
1526406235.948557204	70	40	48	1	2	0	2	-48	139815	9	1	1596	1478	400,400
1526406235.960400634	70	40	48	1	2	0	2	-48	139816	9	1	1596	1478	400,400
1526406235.972153168	70	40	48	1	2	0	2	-48	139817	9	1	1596	1478	400,400
1526406235.983914077	70	40	48	1	2	0	2	-48	139818	9	1	1596	1478	400,400
1526406235.995662490	70	40	48	1	2	0	2	-48	139819	9	1	1596	1478	400,400
1526406236.007435839	70	40	48	1	2	0	2	-48	139820	9	1	1596	1478	400,400
1526406236.019184836	70	40	48	1	2	0	2	-48	139821	9	1	1596	1478	400,400
1526406236.030961628	70	40	48	1	2	0	2	-48	139822	9	1	1596	1478	400,400
1526406236.042805058	70	40	48	1	2	0	2	-48	139823	9	1	1596	1478	400,400
1526406236.054574186	70	40	48	1	2	0	2	-48	139824	9	1	1596	1478	400,400
1526406236.066345962	70	40	48	1	2	0	2	-48	139825	9	1	1596	1478	400,400
1526406236.078111773	70	40	48	1	2	0	2	-48	139826	9	1	1596	1478	400,400
1526406236.089867281	70	40	48	1	2	0	2	-48	139827	9	1	1596	1478	400,400
1526406236.101544491	70	40	48	1	2	0	2	-48	139828	9	1	1596	1478	400,400
1526406236.113348814	70	40	48	1	2	0	2	-48	139829	9	1	1596	1478	400,400
1526406236.125057637	70	40	48	1	2	0	2	-48	139830	9	1	1596	1478	400,400
1526406236.136834563	70	40	48	1	2	0	2	-48	139831	9	1	1596	1478	400,400
1526406236.148563652	70	40	48	1	2	0	2	-48	139832	9	1	1596	1478	400,400
1526406236.160302043	70	40	48	1	2	0	2	-48	139833	9	1	1596	1478	400,400
1526406236.172131596	70	40	48	1	2	0	2	-48	139834	9	1	1596	1478	400,400
1526406236.183956560	70	40	48	1	2	0	2	-48	139835	9	1	1596	1478	400,400
1526406236.195679826	70	40	48	1	2	0	2	-48	139836	9	1	1596	1478	400,400
1526406236.207443946	70	40	48	1	2	0	2	-48	139837	9	1	1596	1478	400,400
1526406236.219205292	70	40	48	1	2	0	2	-48	139838	9	1	1596	1478	400,400
1526406236.230883113	70	40	48	1	2	0	2	-48	139839	9	1	1596	1478	400,400
