1526394079.278492422	158	40	48	0	2	0	2	-60	27267	5	0	1596	1478	104,104
1526394079.278535400	158	40	48	0	2	0	2	-60	27267	5	0	1596	1478	104,104
1526394079.278544490	158	40	48	0	2	0	2	-60	27267	5	0	1596	1478	104,104
1526394079.278550522	158	40	48	0	2	0	2	-60	27267	5	0	1596	1478	104,104
1526394079.280360435	158	40	48	0	2	0	2	-61	27268	5	0	1596	1478	104,104
1526394079.292040624	158	40	48	0	2	0	2	-60	27269	5	0	1596	1478	104,104
1526394079.303833610	158	40	48	0	2	0	2	-60	27270	5	0	1596	1478	104,104
1526394079.315547064	144	40	48	0	2	0	2	-60	27271	6	0	1596	1478	117,117
1526394079.327346277	144	40	48	0	2	0	2	-60	27272	6	0	1596	1478	117,117
1526394079.339222616	144	40	48	0	2	0	2	-60	27273	6	0	1596	1478	117,117
1526394079.351034243	144	40	48	0	2	0	2	-61	27274	6	0	1596	1478	117,117
1526394079.362814266	144	40	48	0	2	0	2	-61	27275	6	0	1596	1478	117,117
1526394079.374555418	124	40	48	1	2	0	2	-60	27276	7	0	1596	1478	144,444,144,444
1526394079.386310160	124	40	48	1	2	0	2	-60	27277	7	0	1596	1478	144,444,144,444
1526394079.398537764	124	40	48	1	2	0	2	-60	27278	7	0	1596	1478	144,444,144,444
1526394079.409834698	124	40	48	1	2	0	2	-60	27279	7	0	1596	1478	144,444,144,444
1526394079.421516116	124	40	48	1	2	0	2	-61	27280	7	0	1596	1478	144,444,144,444
1526394079.433710040	124	40	48	1	2	0	2	-61	27281	7	0	1596	1478	144,444,144,444
1526394079.445108405	124	40	48	1	2	0	2	-61	27282	7	0	1596	1478	144,444,144,444
1526394079.456823345	124	40	48	1	2	0	2	-60	27283	7	0	1596	1478	144,444,144,444
1526394079.468648317	124	40	48	1	2	0	2	-60	27284	7	0	1596	1478	144,444,144,444
1526394079.480410822	124	40	48	1	2	0	2	-61	27285	7	0	1596	1478	144,444,144,444
1526394079.492097569	124	40	48	1	2	0	2	-60	27286	7	0	1596	1478	144,444,144,444
1526394079.503839403	124	40	48	1	2	0	2	-60	27287	7	0	1596	1478	144,444,144,444
1526394079.515678269	124	40	48	1	2	0	2	-61	27288	7	0	1596	1478	144,444,144,444
1526394079.527423334	124	40	48	1	2	0	2	-61	27289	7	0	1596	1478	144,444,144,444
1526394079.539192426	124	40	48	1	2	0	2	-60	27290	7	0	1596	1478	144,444,144,444
1526394079.550964069	124	40	48	1	2	0	2	-60	27291	7	0	1596	1478	144,444,144,444
1526394079.562719618	124	40	48	1	2	0	2	-60	27292	7	0	1596	1478	144,444,144,444
1526394079.574479570	124	40	48	1	2	0	2	-60	27293	7	0	1596	1478	144,444,144,444
1526394079.586242271	124	40	48	1	2	0	2	-60	27294	7	0	1596	1478	144,444,144,444
1526394079.597978075	110	40	48	1	2	0	2	-63	27295	8	0	1596	1478	173,333,173,333
1526394079.611107258	124	40	48	1	2	0	2	-60	27297	7	0	1596	1478	144,444,144,444
1526394079.621431926	124	40	48	1	2	0	2	-60	27298	7	0	1596	1478	144,444,144,444
1526394079.633199435	124	40	48	1	2	0	2	-60	27299	7	0	1596	1478	144,444,144,444
1526394079.645031036	124	40	48	1	2	0	2	-60	27300	7	0	1596	1478	144,444,144,444
1526394079.656693147	124	40	48	1	2	0	2	-60	27301	7	0	1596	1478	144,444,144,444
1526394079.668461400	124	40	48	1	2	0	2	-61	27302	7	0	1596	1478	144,444,144,444
1526394079.680309218	124	40	48	1	2	0	2	-60	27303	7	0	1596	1478	144,444,144,444
1526394079.692084420	124	40	48	1	2	0	2	-60	27304	7	0	1596	1478	144,444,144,444
1526394079.704237273	124	40	48	1	2	0	2	-60	27305	7	0	1596	1478	144,444,144,444
1526394079.715608234	124	40	48	1	2	0	2	-60	27306	7	0	1596	1478	144,444,144,444
1526394079.727288865	124	40	48	1	2	0	2	-60	27307	7	0	1596	1478	144,444,144,444
1526394079.739037888	124	40	48	1	2	0	2	-60	27308	7	0	1596	1478	144,444,144,444
1526394079.750790556	124	40	48	1	2	0	2	-61	27309	7	0	1596	1478	144,444,144,444
1526394079.762593456	124	40	48	1	2	0	2	-60	27310	7	0	1596	1478	144,444,144,444
1526394079.774391365	124	40	48	1	2	0	2	-60	27311	7	0	1596	1478	144,444,144,444
1526394079.786341156	124	40	48	1	2	0	2	-60	27312	7	0	1596	1478	144,444,144,444
1526394079.797919773	124	40	48	1	2	0	2	-60	27313	7	0	1596	1478	144,444,144,444
1526394079.809672311	124	40	48	1	2	0	2	-60	27314	7	0	1596	1478	144,444,144,444
1526394079.821392064	124	40	48	1	2	0	2	-60	27315	7	0	1596	1478	144,444,144,444
1526394079.833059877	124	40	48	1	2	0	2	-60	27316	7	0	1596	1478	144,444,144,444
1526394079.844818684	124	40	48	1	2	0	2	-60	27317	7	0	1596	1478	144,444,144,444
1526394079.856679819	124	40	48	1	2	0	2	-60	27318	7	0	1596	1478	144,444,144,444
1526394079.868818419	124	40	48	1	2	0	2	-60	27319	7	0	1596	1478	144,444,144,444
1526394079.880254755	124	40	48	1	2	0	2	-60	27320	7	0	1596	1478	144,444,144,444
1526394079.891993756	124	40	48	1	2	0	2	-60	27321	7	0	1596	1478	144,444,144,444
1526394079.903783073	124	40	48	1	2	0	2	-61	27322	7	0	1596	1478	144,444,144,444
1526394079.915526607	124	40	48	1	2	0	2	-60	27323	7	0	1596	1478	144,444,144,444
1526394079.927283601	124	40	48	1	2	0	2	-60	27324	7	0	1596	1478	144,444,144,444
1526394079.939035231	124	40	48	1	2	0	2	-60	27325	7	0	1596	1478	144,444,144,444
1526394079.950679928	124	40	48	1	2	0	2	-60	27326	7	0	1596	1478	144,444,144,444
1526394079.962557435	124	40	48	1	2	0	2	-60	27327	7	0	1596	1478	144,444,144,444
1526394079.974319718	124	40	48	1	2	0	2	-60	27328	7	0	1596	1478	144,444,144,444
1526394079.986093257	124	40	48	1	2	0	2	-60	27329	7	0	1596	1478	144,444,144,444
1526394079.997844965	124	40	48	1	2	0	2	-61	27330	7	0	1596	1478	144,444,144,444
1526394080.009601214	124	40	48	1	2	0	2	-61	27331	7	0	1596	1478	144,444,144,444
1526394080.021366235	124	40	48	1	2	0	2	-60	27332	7	0	1596	1478	144,444,144,444
1526394080.033821677	124	40	48	1	2	0	2	-61	27334	7	0	1596	1478	144,444,144,444
1526394080.044877011	124	40	48	1	2	0	2	-61	27335	7	0	1596	1478	144,444,144,444
1526394080.056620775	124	40	48	1	2	0	2	-61	27336	7	0	1596	1478	144,444,144,444
1526394080.068386874	124	40	48	1	2	0	2	-60	27337	7	0	1596	1478	144,444,144,444
1526394080.080171705	124	40	48	1	2	0	2	-61	27338	7	0	1596	1478	144,444,144,444
1526394080.091918540	124	40	48	1	2	0	2	-61	27339	7	0	1596	1478	144,444,144,444
1526394080.103661363	124	40	48	1	2	0	2	-60	27340	7	0	1596	1478	144,444,144,444
1526394080.115438052	124	40	48	1	2	0	2	-61	27341	7	0	1596	1478	144,444,144,444
1526394080.127201222	124	40	48	1	2	0	2	-61	27342	7	0	1596	1478	144,444,144,444
1526394080.138958604	124	40	48	1	2	0	2	-61	27343	7	0	1596	1478	144,444,144,444
1526394080.150706633	124	40	48	1	2	0	2	-60	27344	7	0	1596	1478	144,444,144,444
1526394080.162394788	124	40	48	1	2	0	2	-61	27345	7	0	1596	1478	144,444,144,444
1526394080.174155202	124	40	48	1	2	0	2	-61	27346	7	0	1596	1478	144,444,144,444
1526394080.186012927	124	40	48	1	2	0	2	-61	27347	7	0	1596	1478	144,444,144,444
1526394080.198040779	124	40	48	1	2	0	2	-61	27348	7	0	1596	1478	144,444,144,444
1526394080.209519974	124	40	48	1	2	0	2	-61	27349	7	0	1596	1478	144,444,144,444
1526394080.221218197	124	40	48	1	2	0	2	-61	27350	7	0	1596	1478	144,444,144,444
1526394080.232958739	124	40	48	1	2	0	2	-61	27351	7	0	1596	1478	144,444,144,444
1526394080.244714160	124	40	48	1	2	0	2	-61	27352	7	0	1596	1478	144,444,144,444
1526394080.256533815	124	40	48	1	2	0	2	-61	27353	7	0	1596	1478	144,444,144,444
1526394080.268316874	124	40	48	1	2	0	2	-61	27354	7	0	1596	1478	144,444,144,444
1526394080.280053035	124	40	48	1	2	0	2	-61	27355	7	0	1596	1478	144,444,144,444
1526394080.291845046	124	40	48	1	2	0	2	-61	27356	7	0	1596	1478	144,444,144,444
1526394080.303591836	124	40	48	1	2	0	2	-61	27357	7	0	1596	1478	144,444,144,444
1526394080.315358398	124	40	48	1	2	0	2	-61	27358	7	0	1596	1478	144,444,144,444
1526394080.327031316	124	40	48	1	2	0	2	-60	27359	7	0	1596	1478	144,444,144,444
1526394080.338882923	124	40	48	1	2	0	2	-61	27360	7	0	1596	1478	144,444,144,444
1526394080.350626417	124	40	48	1	2	0	2	-61	27361	7	0	1596	1478	144,444,144,444
1526394080.362798084	124	40	48	1	2	0	2	-61	27363	7	0	1596	1478	144,444,144,444
1526394080.374092705	124	40	48	1	2	0	2	-61	27364	7	0	1596	1478	144,444,144,444
1526394080.385920922	124	40	48	1	2	0	2	-61	27365	7	0	1596	1478	144,444,144,444
1526394080.397688549	124	40	48	1	2	0	2	-61	27366	7	0	1596	1478	144,444,144,444
1526394080.409428520	124	40	48	1	2	0	2	-61	27367	7	0	1596	1478	144,444,144,444
1526394080.421200906	124	40	48	1	2	0	2	-60	27368	7	0	1596	1478	144,444,144,444
1526394080.432898282	124	40	48	1	2	0	2	-60	27369	7	0	1596	1478	144,444,144,444
1526394080.444656989	124	40	48	1	2	0	2	-60	27370	7	0	1596	1478	144,444,144,444
1526394080.456478067	124	40	48	1	2	0	2	-61	27371	7	0	1596	1478	144,444,144,444
1526394080.468182291	124	40	48	1	2	0	2	-60	27372	7	0	1596	1478	144,444,144,444
1526394080.479924688	124	40	48	1	2	0	2	-61	27373	7	0	1596	1478	144,444,144,444
1526394080.491800339	124	40	48	1	2	0	2	-60	27374	7	0	1596	1478	144,444,144,444
1526394080.503557625	124	40	48	1	2	0	2	-61	27375	7	0	1596	1478	144,444,144,444
1526394080.515132287	124	40	48	1	2	0	2	-61	27376	7	0	1596	1478	144,444,144,444
1526394080.527415622	124	40	48	1	2	0	2	-60	27377	7	0	1596	1478	144,444,144,444
1526394080.538791254	124	40	48	1	2	0	2	-60	27378	7	0	1596	1478	144,444,144,444
1526394080.550553085	124	40	48	1	2	0	2	-60	27379	7	0	1596	1478	144,444,144,444
1526394080.562309512	124	40	48	1	2	0	2	-60	27380	7	0	1596	1478	144,444,144,444
1526394080.574115606	124	40	48	1	2	0	2	-60	27381	7	0	1596	1478	144,444,144,444
1526394080.585827261	124	40	48	1	2	0	2	-60	27382	7	0	1596	1478	144,444,144,444
1526394080.597506725	124	40	48	1	2	0	2	-60	27383	7	0	1596	1478	144,444,144,444
1526394080.609275098	124	40	48	1	2	0	2	-61	27384	7	0	1596	1478	144,444,144,444
1526394080.621026858	124	40	48	1	2	0	2	-60	27385	7	0	1596	1478	144,444,144,444
1526394080.632776876	124	40	48	1	2	0	2	-60	27386	7	0	1596	1478	144,444,144,444
1526394080.644528319	124	40	48	1	2	0	2	-60	27387	7	0	1596	1478	144,444,144,444
1526394080.656297643	124	40	48	1	2	0	2	-60	27388	7	0	1596	1478	144,444,144,444
1526394080.668048814	124	40	48	1	2	0	2	-60	27389	7	0	1596	1478	144,444,144,444
1526394080.679768235	124	40	48	1	2	0	2	-60	27390	7	0	1596	1478	144,444,144,444
1526394080.691993926	124	40	48	1	2	0	2	-60	27391	7	0	1596	1478	144,444,144,444
1526394080.703430834	124	40	48	1	2	0	2	-60	27392	7	0	1596	1478	144,444,144,444
1526394080.715216660	124	40	48	1	2	0	2	-61	27393	7	0	1596	1478	144,444,144,444
1526394080.726961216	124	40	48	1	2	0	2	-60	27394	7	0	1596	1478	144,444,144,444
1526394080.738599519	124	40	48	1	2	0	2	-60	27395	7	0	1596	1478	144,444,144,444
1526394080.750368689	124	40	48	1	2	0	2	-61	27396	7	0	1596	1478	144,444,144,444
1526394080.762279163	124	40	48	1	2	0	2	-60	27397	7	0	1596	1478	144,444,144,444
1526394080.773918006	124	40	48	1	2	0	2	-61	27398	7	0	1596	1478	144,444,144,444
1526394080.785817095	124	40	48	1	2	0	2	-61	27399	7	0	1596	1478	144,444,144,444
1526394080.797540067	124	40	48	1	2	0	2	-60	27400	7	0	1596	1478	144,444,144,444
1526394080.809091137	124	40	48	1	2	0	2	-61	27401	7	0	1596	1478	144,444,144,444
1526394080.820840691	124	40	48	1	2	0	2	-60	27402	7	0	1596	1478	144,444,144,444
1526394080.832750534	124	40	48	1	2	0	2	-60	27403	7	0	1596	1478	144,444,144,444
1526394080.844554209	124	40	48	1	2	0	2	-61	27404	7	0	1596	1478	144,444,144,444
1526394080.856694537	124	40	48	1	2	0	2	-60	27405	7	0	1596	1478	144,444,144,444
1526394080.867983632	124	40	48	1	2	0	2	-61	27406	7	0	1596	1478	144,444,144,444
1526394080.879838862	124	40	48	1	2	0	2	-60	27407	7	0	1596	1478	144,444,144,444
1526394080.891592325	124	40	48	1	2	0	2	-60	27408	7	0	1596	1478	144,444,144,444
1526394080.903296688	124	40	48	1	2	0	2	-60	27409	7	0	1596	1478	144,444,144,444
1526394080.914983940	124	40	48	1	2	0	2	-61	27410	7	0	1596	1478	144,444,144,444
1526394080.926806263	124	40	48	1	2	0	2	-61	27411	7	0	1596	1478	144,444,144,444
1526394080.939461609	124	40	48	1	2	0	2	-60	27414	7	0	1596	1478	144,444,144,444
1526394080.950401923	124	40	48	1	2	0	2	-61	27415	7	0	1596	1478	144,444,144,444
1526394080.962212494	124	40	48	1	2	0	2	-60	27416	7	0	1596	1478	144,444,144,444
1526394080.973851465	124	40	48	1	2	0	2	-60	27417	7	0	1596	1478	144,444,144,444
1526394080.985687670	124	40	48	1	2	0	2	-60	27418	7	0	1596	1478	144,444,144,444
1526394080.997457788	124	40	48	1	2	0	2	-61	27419	7	0	1596	1478	144,444,144,444
1526394081.009188642	124	40	48	1	2	0	2	-60	27420	7	0	1596	1478	144,444,144,444
1526394081.021355800	124	40	48	1	2	0	2	-61	27421	7	0	1596	1478	144,444,144,444
1526394081.032654339	124	40	48	1	2	0	2	-60	27422	7	0	1596	1478	144,444,144,444
1526394081.044491849	124	40	48	1	2	0	2	-61	27423	7	0	1596	1478	144,444,144,444
1526394081.056262628	124	40	48	1	2	0	2	-60	27424	7	0	1596	1478	144,444,144,444
1526394081.068015561	124	40	48	1	2	0	2	-60	27425	7	0	1596	1478	144,444,144,444
1526394081.079783958	124	40	48	1	2	0	2	-61	27426	7	0	1596	1478	144,444,144,444
1526394081.091529012	124	40	48	1	2	0	2	-61	27427	7	0	1596	1478	144,444,144,444
1526394081.103747220	124	40	48	1	2	0	2	-60	27428	7	0	1596	1478	144,444,144,444
1526394081.115047176	124	40	48	1	2	0	2	-61	27429	7	0	1596	1478	144,444,144,444
1526394081.126795044	124	40	48	1	2	0	2	-60	27430	7	0	1596	1478	144,444,144,444
1526394081.138547714	124	40	48	1	2	0	2	-60	27431	7	0	1596	1478	144,444,144,444
1526394081.150315387	124	40	48	1	2	0	2	-60	27432	7	0	1596	1478	144,444,144,444
1526394081.162061921	124	40	48	1	2	0	2	-61	27433	7	0	1596	1478	144,444,144,444
1526394081.173842374	124	40	48	1	2	0	2	-60	27434	7	0	1596	1478	144,444,144,444
1526394081.185900148	124	40	48	1	2	0	2	-60	27435	7	0	1596	1478	144,444,144,444
1526394081.197231978	124	40	48	1	2	0	2	-60	27436	7	0	1596	1478	144,444,144,444
1526394081.209048125	124	40	48	1	2	0	2	-60	27437	7	0	1596	1478	144,444,144,444
1526394081.220883274	124	40	48	1	2	0	2	-60	27438	7	0	1596	1478	144,444,144,444
1526394081.232830020	124	40	48	1	2	0	2	-60	27439	7	0	1596	1478	144,444,144,444
1526394081.244331193	124	40	48	1	2	0	2	-61	27440	7	0	1596	1478	144,444,144,444
1526394081.256155188	124	40	48	1	2	0	2	-60	27441	7	0	1596	1478	144,444,144,444
1526394081.267923479	124	40	48	1	2	0	2	-60	27442	7	0	1596	1478	144,444,144,444
1526394081.279676873	124	40	48	1	2	0	2	-61	27443	7	0	1596	1478	144,444,144,444
1526394081.291445524	124	40	48	1	2	0	2	-61	27444	7	0	1596	1478	144,444,144,444
1526394081.303194255	124	40	48	1	2	0	2	-60	27445	7	0	1596	1478	144,444,144,444
1526394081.314951253	124	40	48	1	2	0	2	-60	27446	7	0	1596	1478	144,444,144,444
1526394081.326724804	124	40	48	1	2	0	2	-60	27447	7	0	1596	1478	144,444,144,444
1526394081.338482360	124	40	48	1	2	0	2	-61	27448	7	0	1596	1478	144,444,144,444
1526394081.350611957	124	40	48	1	2	0	2	-60	27449	7	0	1596	1478	144,444,144,444
1526394081.361930165	124	40	48	1	2	0	2	-61	27450	7	0	1596	1478	144,444,144,444
1526394081.373754845	124	40	48	1	2	0	2	-60	27451	7	0	1596	1478	144,444,144,444
1526394081.385508415	124	40	48	1	2	0	2	-60	27452	7	0	1596	1478	144,444,144,444
1526394081.397283939	124	40	48	1	2	0	2	-61	27453	7	0	1596	1478	144,444,144,444
1526394081.409028905	124	40	48	1	2	0	2	-61	27454	7	0	1596	1478	144,444,144,444
1526394081.420807175	124	40	48	1	2	0	2	-61	27455	7	0	1596	1478	144,444,144,444
1526394081.432550253	124	40	48	1	2	0	2	-61	27456	7	0	1596	1478	144,444,144,444
1526394081.444319356	124	40	48	1	2	0	2	-61	27457	7	0	1596	1478	144,444,144,444
1526394081.456088603	124	40	48	1	2	0	2	-60	27458	7	0	1596	1478	144,444,144,444
1526394081.467827624	124	40	48	1	2	0	2	-61	27459	7	0	1596	1478	144,444,144,444
1526394081.479617747	124	40	48	1	2	0	2	-61	27460	7	0	1596	1478	144,444,144,444
1526394081.491368606	124	40	48	1	2	0	2	-61	27461	7	0	1596	1478	144,444,144,444
1526394081.503112827	124	40	48	1	2	0	2	-61	27462	7	0	1596	1478	144,444,144,444
1526394081.515182282	124	40	48	1	2	0	2	-61	27463	7	0	1596	1478	144,444,144,444
1526394081.526963665	124	40	48	1	2	0	2	-61	27464	7	0	1596	1478	144,444,144,444
1526394081.539640441	124	40	48	1	2	0	2	-62	27465	7	0	1596	1478	144,444,144,444
1526394081.550184544	124	40	48	1	2	0	2	-61	27466	7	0	1596	1478	144,444,144,444
1526394081.561883864	124	40	48	1	2	0	2	-61	27467	7	0	1596	1478	144,444,144,444
1526394081.573583792	124	40	48	1	2	0	2	-61	27468	7	0	1596	1478	144,444,144,444
1526394081.585340870	124	40	48	1	2	0	2	-61	27469	7	0	1596	1478	144,444,144,444
1526394081.597106455	124	40	48	1	2	0	2	-61	27470	7	0	1596	1478	144,444,144,444
1526394081.608872396	124	40	48	1	2	0	2	-61	27471	7	0	1596	1478	144,444,144,444
1526394081.620637698	124	40	48	1	2	0	2	-61	27472	7	0	1596	1478	144,444,144,444
1526394081.634316631	124	40	48	1	2	0	2	-61	27473	7	0	1596	1478	144,444,144,444
1526394081.644214973	124	40	48	1	2	0	2	-61	27474	7	0	1596	1478	144,444,144,444
1526394081.656014442	124	40	48	1	2	0	2	-60	27475	7	0	1596	1478	144,444,144,444
1526394081.667698710	124	40	48	1	2	0	2	-61	27476	7	0	1596	1478	144,444,144,444
1526394081.679929236	124	40	48	1	2	0	2	-61	27477	7	0	1596	1478	144,444,144,444
1526394081.691306125	124	40	48	1	2	0	2	-61	27478	7	0	1596	1478	144,444,144,444
1526394081.702959895	124	40	48	1	2	0	2	-60	27479	7	0	1596	1478	144,444,144,444
1526394081.715234173	124	40	48	1	2	0	2	-61	27481	7	0	1596	1478	144,444,144,444
1526394081.726550989	124	40	48	1	2	0	2	-61	27482	7	0	1596	1478	144,444,144,444
1526394081.738198203	124	40	48	1	2	0	2	-61	27483	7	0	1596	1478	144,444,144,444
1526394081.749981488	124	40	48	1	2	0	2	-61	27484	7	0	1596	1478	144,444,144,444
1526394081.761722221	124	40	48	1	2	0	2	-60	27485	7	0	1596	1478	144,444,144,444
1526394081.773429047	124	40	48	1	2	0	2	-60	27486	7	0	1596	1478	144,444,144,444
1526394081.785171631	124	40	48	1	2	0	2	-60	27487	7	0	1596	1478	144,444,144,444
1526394081.797068218	124	40	48	1	2	0	2	-60	27488	7	0	1596	1478	144,444,144,444
1526394081.808862223	124	40	48	1	2	0	2	-60	27489	7	0	1596	1478	144,444,144,444
1526394081.820626725	124	40	48	1	2	0	2	-60	27490	7	0	1596	1478	144,444,144,444
1526394081.832408382	124	40	48	1	2	0	2	-60	27491	7	0	1596	1478	144,444,144,444
1526394081.844569046	124	40	48	1	2	0	2	-61	27492	7	0	1596	1478	144,444,144,444
1526394081.855941210	124	40	48	1	2	0	2	-60	27493	7	0	1596	1478	144,444,144,444
1526394081.867695486	124	40	48	1	2	0	2	-60	27494	7	0	1596	1478	144,444,144,444
1526394081.879432815	124	40	48	1	2	0	2	-60	27495	7	0	1596	1478	144,444,144,444
1526394081.891137638	124	40	48	1	2	0	2	-60	27496	7	0	1596	1478	144,444,144,444
1526394081.902954546	124	40	48	1	2	0	2	-60	27497	7	0	1596	1478	144,444,144,444
1526394081.914712954	124	40	48	1	2	0	2	-60	27498	7	0	1596	1478	144,444,144,444
1526394081.926475124	124	40	48	1	2	0	2	-61	27499	7	0	1596	1478	144,444,144,444
1526394081.938224210	124	40	48	1	2	0	2	-60	27500	7	0	1596	1478	144,444,144,444
1526394081.949900176	124	40	48	1	2	0	2	-60	27501	7	0	1596	1478	144,444,144,444
1526394081.961780358	124	40	48	1	2	0	2	-60	27502	7	0	1596	1478	144,444,144,444
1526394081.973516004	124	40	48	1	2	0	2	-61	27503	7	0	1596	1478	144,444,144,444
1526394081.985277617	124	40	48	1	2	0	2	-61	27504	7	0	1596	1478	144,444,144,444
1526394081.997028859	124	40	48	1	2	0	2	-61	27505	7	0	1596	1478	144,444,144,444
1526394082.009227090	124	40	48	1	2	0	2	-60	27507	7	0	1596	1478	144,444,144,444
1526394082.020562039	124	40	48	1	2	0	2	-61	27508	7	0	1596	1478	144,444,144,444
1526394082.032246810	124	40	48	1	2	0	2	-61	27509	7	0	1596	1478	144,444,144,444
1526394082.044076863	124	40	48	1	2	0	2	-61	27510	7	0	1596	1478	144,444,144,444
1526394082.055869166	124	40	48	1	2	0	2	-60	27511	7	0	1596	1478	144,444,144,444
1526394082.067585104	124	40	48	1	2	0	2	-60	27512	7	0	1596	1478	144,444,144,444
1526394082.079361172	124	40	48	1	2	0	2	-61	27513	7	0	1596	1478	144,444,144,444
1526394082.091112156	124	40	48	1	2	0	2	-61	27514	7	0	1596	1478	144,444,144,444
1526394082.103206108	124	40	48	1	2	0	2	-60	27516	7	0	1596	1478	144,444,144,444
1526394082.114534794	124	40	48	1	2	0	2	-61	27517	7	0	1596	1478	144,444,144,444
1526394082.126391349	124	40	48	1	2	0	2	-61	27518	7	0	1596	1478	144,444,144,444
1526394082.138166391	124	40	48	1	2	0	2	-61	27519	7	0	1596	1478	144,444,144,444
1526394082.149915502	124	40	48	1	2	0	2	-61	27520	7	0	1596	1478	144,444,144,444
1526394082.161682234	124	40	48	1	2	0	2	-60	27521	7	0	1596	1478	144,444,144,444
1526394082.173755943	124	40	48	1	2	0	2	-61	27522	7	0	1596	1478	144,444,144,444
1526394082.185185666	124	40	48	1	2	0	2	-61	27523	7	0	1596	1478	144,444,144,444
1526394082.196943329	124	40	48	1	2	0	2	-61	27524	7	0	1596	1478	144,444,144,444
1526394082.208622784	124	40	48	1	2	0	2	-61	27525	7	0	1596	1478	144,444,144,444
1526394082.220362111	124	40	48	1	2	0	2	-61	27526	7	0	1596	1478	144,444,144,444
1526394082.232140822	124	40	48	1	2	0	2	-61	27527	7	0	1596	1478	144,444,144,444
1526394082.244018979	124	40	48	1	2	0	2	-61	27528	7	0	1596	1478	144,444,144,444
1526394082.255795798	124	40	48	1	2	0	2	-61	27529	7	0	1596	1478	144,444,144,444
1526394082.267528827	124	40	48	1	2	0	2	-61	27530	7	0	1596	1478	144,444,144,444
1526394082.279288378	124	40	48	1	2	0	2	-61	27531	7	0	1596	1478	144,444,144,444
1526394082.291042743	124	40	48	1	2	0	2	-61	27532	7	0	1596	1478	144,444,144,444
1526394082.302723785	124	40	48	1	2	0	2	-60	27533	7	0	1596	1478	144,444,144,444
1526394082.314576161	124	40	48	1	2	0	2	-61	27534	7	0	1596	1478	144,444,144,444
1526394082.326323476	124	40	48	1	2	0	2	-60	27535	7	0	1596	1478	144,444,144,444
1526394082.338466872	124	40	48	1	2	0	2	-61	27537	7	0	1596	1478	144,444,144,444
1526394082.349842018	124	40	48	1	2	0	2	-61	27538	7	0	1596	1478	144,444,144,444
1526394082.361587522	124	40	48	1	2	0	2	-61	27539	7	0	1596	1478	144,444,144,444
1526394082.373361882	124	40	48	1	2	0	2	-60	27540	7	0	1596	1478	144,444,144,444
1526394082.385122685	124	40	48	1	2	0	2	-61	27541	7	0	1596	1478	144,444,144,444
1526394082.396872628	124	40	48	1	2	0	2	-61	27542	7	0	1596	1478	144,444,144,444
1526394082.408637562	124	40	48	1	2	0	2	-60	27543	7	0	1596	1478	144,444,144,444
1526394082.420404938	124	40	48	1	2	0	2	-60	27544	7	0	1596	1478	144,444,144,444
1526394082.432166685	124	40	48	1	2	0	2	-61	27545	7	0	1596	1478	144,444,144,444
1526394082.443933477	124	40	48	1	2	0	2	-60	27546	7	0	1596	1478	144,444,144,444
1526394082.455693793	124	40	48	1	2	0	2	-61	27547	7	0	1596	1478	144,444,144,444
1526394082.467315680	124	40	48	1	2	0	2	-61	27548	7	0	1596	1478	144,444,144,444
1526394082.479199264	124	40	48	1	2	0	2	-60	27549	7	0	1596	1478	144,444,144,444
1526394082.490963563	124	40	48	1	2	0	2	-61	27550	7	0	1596	1478	144,444,144,444
1526394082.503040639	124	40	48	1	2	0	2	-61	27551	7	0	1596	1478	144,444,144,444
1526394082.514461825	124	40	48	1	2	0	2	-61	27552	7	0	1596	1478	144,444,144,444
1526394082.526243697	124	40	48	1	2	0	2	-61	27553	7	0	1596	1478	144,444,144,444
1526394082.537994005	124	40	48	1	2	0	2	-61	27554	7	0	1596	1478	144,444,144,444
1526394082.549695428	124	40	48	1	2	0	2	-61	27555	7	0	1596	1478	144,444,144,444
1526394082.561427710	124	40	48	1	2	0	2	-61	27556	7	0	1596	1478	144,444,144,444
1526394082.573264849	124	40	48	1	2	0	2	-61	27557	7	0	1596	1478	144,444,144,444
1526394082.585362590	124	40	48	1	2	0	2	-61	27559	7	0	1596	1478	144,444,144,444
1526394082.596694827	124	40	48	1	2	0	2	-61	27560	7	0	1596	1478	144,444,144,444
1526394082.608570394	124	40	48	1	2	0	2	-61	27561	7	0	1596	1478	144,444,144,444
1526394082.620339775	124	40	48	1	2	0	2	-60	27562	7	0	1596	1478	144,444,144,444
1526394082.632090473	124	40	48	1	2	0	2	-60	27563	7	0	1596	1478	144,444,144,444
1526394082.643833504	124	40	48	1	2	0	2	-60	27564	7	0	1596	1478	144,444,144,444
1526394082.655535105	124	40	48	1	2	0	2	-61	27565	7	0	1596	1478	144,444,144,444
1526394082.667748520	124	40	48	1	2	0	2	-61	27566	7	0	1596	1478	144,444,144,444
1526394082.679129404	124	40	48	1	2	0	2	-61	27567	7	0	1596	1478	144,444,144,444
1526394082.690880759	124	40	48	1	2	0	2	-60	27568	7	0	1596	1478	144,444,144,444
1526394082.702642763	124	40	48	1	2	0	2	-61	27569	7	0	1596	1478	144,444,144,444
1526394082.714399626	124	40	48	1	2	0	2	-60	27570	7	0	1596	1478	144,444,144,444
1526394082.726069982	124	40	48	1	2	0	2	-61	27571	7	0	1596	1478	144,444,144,444
1526394082.737691884	124	40	48	1	2	0	2	-60	27572	7	0	1596	1478	144,444,144,444
1526394082.749514156	124	40	48	1	2	0	2	-60	27573	7	0	1596	1478	144,444,144,444
1526394082.761253053	124	40	48	1	2	0	2	-60	27574	7	0	1596	1478	144,444,144,444
1526394082.774684279	124	40	48	1	2	0	2	-60	27575	7	0	1596	1478	144,444,144,444
1526394082.784928565	124	40	48	1	2	0	2	-60	27576	7	0	1596	1478	144,444,144,444
1526394082.796695898	124	40	48	1	2	0	2	-61	27577	7	0	1596	1478	144,444,144,444
1526394082.808498869	124	40	48	1	2	0	2	-60	27578	7	0	1596	1478	144,444,144,444
1526394082.820229490	124	40	48	1	2	0	2	-61	27579	7	0	1596	1478	144,444,144,444
1526394082.832398427	124	40	48	1	2	0	2	-61	27581	7	0	1596	1478	144,444,144,444
1526394082.843691121	124	40	48	1	2	0	2	-60	27582	7	0	1596	1478	144,444,144,444
1526394082.855506762	124	40	48	1	2	0	2	-60	27583	7	0	1596	1478	144,444,144,444
1526394082.867274415	124	40	48	1	2	0	2	-60	27584	7	0	1596	1478	144,444,144,444
1526394082.879047008	124	40	48	1	2	0	2	-61	27585	7	0	1596	1478	144,444,144,444
1526394082.890772095	124	40	48	1	2	0	2	-61	27586	7	0	1596	1478	144,444,144,444
1526394082.902569982	124	40	48	1	2	0	2	-60	27587	7	0	1596	1478	144,444,144,444
1526394082.914321196	124	40	48	1	2	0	2	-61	27588	7	0	1596	1478	144,444,144,444
1526394082.926068697	124	40	48	1	2	0	2	-60	27589	7	0	1596	1478	144,444,144,444
1526394082.937841943	124	40	48	1	2	0	2	-61	27590	7	0	1596	1478	144,444,144,444
1526394082.949588279	124	40	48	1	2	0	2	-61	27591	7	0	1596	1478	144,444,144,444
1526394082.961385621	124	40	48	1	2	0	2	-60	27592	7	0	1596	1478	144,444,144,444
1526394082.973115110	124	40	48	1	2	0	2	-60	27593	7	0	1596	1478	144,444,144,444
1526394082.984891337	124	40	48	1	2	0	2	-60	27594	7	0	1596	1478	144,444,144,444
1526394082.996912341	124	40	48	1	2	0	2	-60	27596	7	0	1596	1478	144,444,144,444
1526394083.008403761	124	40	48	1	2	0	2	-60	27597	7	0	1596	1478	144,444,144,444
1526394083.020047600	124	40	48	1	2	0	2	-60	27598	7	0	1596	1478	144,444,144,444
1526394083.031788293	124	40	48	1	2	0	2	-60	27599	7	0	1596	1478	144,444,144,444
1526394083.043657820	124	40	48	1	2	0	2	-60	27600	7	0	1596	1478	144,444,144,444
1526394083.055353490	124	40	48	1	2	0	2	-60	27601	7	0	1596	1478	144,444,144,444
1526394083.067216049	124	40	48	1	2	0	2	-61	27602	7	0	1596	1478	144,444,144,444
1526394083.078995923	124	40	48	1	2	0	2	-60	27603	7	0	1596	1478	144,444,144,444
1526394083.090719057	124	40	48	1	2	0	2	-60	27604	7	0	1596	1478	144,444,144,444
1526394083.102477886	124	40	48	1	2	0	2	-60	27605	7	0	1596	1478	144,444,144,444
1526394083.114254384	124	40	48	1	2	0	2	-60	27606	7	0	1596	1478	144,444,144,444
1526394083.125995131	124	40	48	1	2	0	2	-60	27607	7	0	1596	1478	144,444,144,444
1526394083.137749303	124	40	48	1	2	0	2	-61	27608	7	0	1596	1478	144,444,144,444
1526394083.149506936	124	40	48	1	2	0	2	-60	27609	7	0	1596	1478	144,444,144,444
1526394083.161716500	124	40	48	1	2	0	2	-60	27611	7	0	1596	1478	144,444,144,444
1526394083.173027470	124	40	48	1	2	0	2	-60	27612	7	0	1596	1478	144,444,144,444
1526394083.184786652	124	40	48	1	2	0	2	-60	27613	7	0	1596	1478	144,444,144,444
1526394083.196471436	124	40	48	1	2	0	2	-60	27614	7	0	1596	1478	144,444,144,444
1526394083.208346799	124	40	48	1	2	0	2	-60	27615	7	0	1596	1478	144,444,144,444
1526394083.220091419	124	40	48	1	2	0	2	-60	27616	7	0	1596	1478	144,444,144,444
1526394083.231708060	124	40	48	1	2	0	2	-60	27617	7	0	1596	1478	144,444,144,444
1526394083.243533808	124	40	48	1	2	0	2	-60	27618	7	0	1596	1478	144,444,144,444
1526394083.255351183	124	40	48	1	2	0	2	-61	27619	7	0	1596	1478	144,444,144,444
1526394083.267567862	124	40	48	1	2	0	2	-61	27620	7	0	1596	1478	144,444,144,444
1526394083.278865803	124	40	48	1	2	0	2	-60	27621	7	0	1596	1478	144,444,144,444
1526394083.290623761	124	40	48	1	2	0	2	-60	27622	7	0	1596	1478	144,444,144,444
1526394083.302395554	124	40	48	1	2	0	2	-60	27623	7	0	1596	1478	144,444,144,444
1526394083.313953344	124	40	48	1	2	0	2	-61	27624	7	0	1596	1478	144,444,144,444
1526394083.326130753	124	40	48	1	2	0	2	-61	27625	7	0	1596	1478	144,444,144,444
1526394083.337522644	124	40	48	1	2	0	2	-61	27626	7	0	1596	1478	144,444,144,444
1526394083.349419316	124	40	48	1	2	0	2	-60	27627	7	0	1596	1478	144,444,144,444
1526394083.361198744	124	40	48	1	2	0	2	-61	27628	7	0	1596	1478	144,444,144,444
1526394083.372877214	124	40	48	1	2	0	2	-60	27629	7	0	1596	1478	144,444,144,444
1526394083.384710952	124	40	48	1	2	0	2	-60	27630	7	0	1596	1478	144,444,144,444
1526394083.396396310	124	40	48	1	2	0	2	-60	27631	7	0	1596	1478	144,444,144,444
1526394083.408254185	124	40	48	1	2	0	2	-60	27632	7	0	1596	1478	144,444,144,444
1526394083.420007347	124	40	48	1	2	0	2	-61	27633	7	0	1596	1478	144,444,144,444
1526394083.431798719	124	40	48	1	2	0	2	-60	27634	7	0	1596	1478	144,444,144,444
1526394083.443541615	124	40	48	1	2	0	2	-61	27635	7	0	1596	1478	144,444,144,444
1526394083.455264644	124	40	48	1	2	0	2	-61	27636	7	0	1596	1478	144,444,144,444
1526394083.467043178	124	40	48	1	2	0	2	-61	27637	7	0	1596	1478	144,444,144,444
1526394083.478802972	124	40	48	1	2	0	2	-61	27638	7	0	1596	1478	144,444,144,444
1526394083.490920270	124	40	48	1	2	0	2	-60	27639	7	0	1596	1478	144,444,144,444
1526394083.502312731	124	40	48	1	2	0	2	-60	27640	7	0	1596	1478	144,444,144,444
1526394083.513984635	124	40	48	1	2	0	2	-60	27641	7	0	1596	1478	144,444,144,444
1526394083.525753347	124	40	48	1	2	0	2	-61	27642	7	0	1596	1478	144,444,144,444
1526394083.537593040	124	40	48	1	2	0	2	-60	27643	7	0	1596	1478	144,444,144,444
1526394083.549353563	124	40	48	1	2	0	2	-60	27644	7	0	1596	1478	144,444,144,444
1526394083.561030298	124	40	48	1	2	0	2	-61	27645	7	0	1596	1478	144,444,144,444
1526394083.572878244	124	40	48	1	2	0	2	-60	27646	7	0	1596	1478	144,444,144,444
1526394083.584658395	124	40	48	1	2	0	2	-61	27647	7	0	1596	1478	144,444,144,444
1526394083.596397260	124	40	48	1	2	0	2	-61	27648	7	0	1596	1478	144,444,144,444
1526394083.608173498	124	40	48	1	2	0	2	-60	27649	7	0	1596	1478	144,444,144,444
1526394083.619954250	124	40	48	1	2	0	2	-61	27650	7	0	1596	1478	144,444,144,444
1526394083.631980165	124	40	48	1	2	0	2	-60	27651	7	0	1596	1478	144,444,144,444
1526394083.643397700	124	40	48	1	2	0	2	-61	27652	7	0	1596	1478	144,444,144,444
1526394083.655563702	124	40	48	1	2	0	2	-60	27653	7	0	1596	1478	144,444,144,444
1526394083.666974501	124	40	48	1	2	0	2	-60	27654	7	0	1596	1478	144,444,144,444
1526394083.678726761	124	40	48	1	2	0	2	-61	27655	7	0	1596	1478	144,444,144,444
1526394083.690482679	124	40	48	1	2	0	2	-60	27656	7	0	1596	1478	144,444,144,444
1526394083.702183372	124	40	48	1	2	0	2	-60	27657	7	0	1596	1478	144,444,144,444
1526394083.713919781	124	40	48	1	2	0	2	-60	27658	7	0	1596	1478	144,444,144,444
1526394083.725627743	124	40	48	1	2	0	2	-60	27659	7	0	1596	1478	144,444,144,444
1526394083.737403389	124	40	48	1	2	0	2	-60	27660	7	0	1596	1478	144,444,144,444
1526394083.749032850	124	40	48	1	2	0	2	-60	27661	7	0	1596	1478	144,444,144,444
1526394083.760916196	124	40	48	1	2	0	2	-60	27662	7	0	1596	1478	144,444,144,444
1526394083.772661739	124	40	48	1	2	0	2	-61	27663	7	0	1596	1478	144,444,144,444
1526394083.784460666	124	40	48	1	2	0	2	-60	27664	7	0	1596	1478	144,444,144,444
1526394083.796194256	124	40	48	1	2	0	2	-60	27665	7	0	1596	1478	144,444,144,444
1526394083.807944802	124	40	48	1	2	0	2	-60	27666	7	0	1596	1478	144,444,144,444
1526394083.820184681	124	40	48	1	2	0	2	-60	27667	7	0	1596	1478	144,444,144,444
1526394083.831349548	124	40	48	1	2	0	2	-60	27668	7	0	1596	1478	144,444,144,444
1526394083.843091287	124	40	48	1	2	0	2	-60	27669	7	0	1596	1478	144,444,144,444
1526394083.854895673	124	40	48	1	2	0	2	-60	27670	7	0	1596	1478	144,444,144,444
1526394083.866988645	124	40	48	1	2	0	2	-60	27671	7	0	1596	1478	144,444,144,444
1526394083.878481171	124	40	48	1	2	0	2	-60	27672	7	0	1596	1478	144,444,144,444
1526394083.890439183	124	40	48	1	2	0	2	-60	27673	7	0	1596	1478	144,444,144,444
1526394083.902198555	124	40	48	1	2	0	2	-60	27674	7	0	1596	1478	144,444,144,444
1526394083.913890675	124	40	48	1	2	0	2	-60	27675	7	0	1596	1478	144,444,144,444
1526394083.925640461	124	40	48	1	2	0	2	-60	27676	7	0	1596	1478	144,444,144,444
1526394083.937504160	124	40	48	1	2	0	2	-61	27677	7	0	1596	1478	144,444,144,444
1526394083.949231685	124	40	48	1	2	0	2	-60	27678	7	0	1596	1478	144,444,144,444
1526394083.961026992	124	40	48	1	2	0	2	-60	27679	7	0	1596	1478	144,444,144,444
1526394083.972767322	124	40	48	1	2	0	2	-60	27680	7	0	1596	1478	144,444,144,444
1526394083.985251076	124	40	48	1	2	0	2	-60	27682	7	0	1596	1478	144,444,144,444
1526394083.996294066	124	40	48	1	2	0	2	-60	27683	7	0	1596	1478	144,444,144,444
1526394084.008077751	124	40	48	1	2	0	2	-60	27684	7	0	1596	1478	144,444,144,444
1526394084.019853779	124	40	48	1	2	0	2	-60	27685	7	0	1596	1478	144,444,144,444
1526394084.032550567	124	40	48	1	2	0	2	-60	27686	7	0	1596	1478	144,444,144,444
1526394084.043278222	124	40	48	1	2	0	2	-60	27687	7	0	1596	1478	144,444,144,444
1526394084.055280358	124	40	48	1	2	0	2	-60	27688	7	0	1596	1478	144,444,144,444
1526394084.066793548	124	40	48	1	2	0	2	-60	27689	7	0	1596	1478	144,444,144,444
1526394084.078617031	124	40	48	1	2	0	2	-60	27690	7	0	1596	1478	144,444,144,444
1526394084.090373430	124	40	48	1	2	0	2	-60	27691	7	0	1596	1478	144,444,144,444
1526394084.102113051	124	40	48	1	2	0	2	-60	27692	7	0	1596	1478	144,444,144,444
1526394084.113776287	124	40	48	1	2	0	2	-60	27693	7	0	1596	1478	144,444,144,444
1526394084.125511755	124	40	48	1	2	0	2	-60	27694	7	0	1596	1478	144,444,144,444
1526394084.137230230	124	40	48	1	2	0	2	-60	27695	7	0	1596	1478	144,444,144,444
1526394084.149402272	124	40	48	1	2	0	2	-60	27696	7	0	1596	1478	144,444,144,444
1526394084.160781241	124	40	48	1	2	0	2	-60	27697	7	0	1596	1478	144,444,144,444
1526394084.172550391	124	40	48	1	2	0	2	-60	27698	7	0	1596	1478	144,444,144,444
1526394084.184418388	124	40	48	1	2	0	2	-61	27699	7	0	1596	1478	144,444,144,444
1526394084.196168607	124	40	48	1	2	0	2	-60	27700	7	0	1596	1478	144,444,144,444
1526394084.207911296	124	40	48	1	2	0	2	-60	27701	7	0	1596	1478	144,444,144,444
1526394084.219671913	124	40	48	1	2	0	2	-61	27702	7	0	1596	1478	144,444,144,444
1526394084.231448474	124	40	48	1	2	0	2	-60	27703	7	0	1596	1478	144,444,144,444
1526394084.243119799	124	40	48	1	2	0	2	-60	27704	7	0	1596	1478	144,444,144,444
1526394084.254800064	124	40	48	1	2	0	2	-60	27705	7	0	1596	1478	144,444,144,444
1526394084.266605591	124	40	48	1	2	0	2	-60	27706	7	0	1596	1478	144,444,144,444
1526394084.278425434	124	40	48	1	2	0	2	-60	27707	7	0	1596	1478	144,444,144,444
1526394084.290227183	124	40	48	1	2	0	2	-60	27708	7	0	1596	1478	144,444,144,444
1526394084.301999032	124	40	48	1	2	0	2	-61	27711	7	0	1596	1478	144,444,144,444
1526394084.313644264	124	40	48	1	2	0	2	-60	27712	7	0	1596	1478	144,444,144,444
1526394084.325450082	124	40	48	1	2	0	2	-60	27713	7	0	1596	1478	144,444,144,444
1526394084.337205845	124	40	48	1	2	0	2	-60	27714	7	0	1596	1478	144,444,144,444
1526394084.348976476	124	40	48	1	2	0	2	-60	27715	7	0	1596	1478	144,444,144,444
1526394084.360793840	124	40	48	1	2	0	2	-60	27716	7	0	1596	1478	144,444,144,444
1526394084.372547042	124	40	48	1	2	0	2	-60	27717	7	0	1596	1478	144,444,144,444
1526394084.384325414	124	40	48	1	2	0	2	-60	27718	7	0	1596	1478	144,444,144,444
1526394084.396012365	124	40	48	1	2	0	2	-60	27719	7	0	1596	1478	144,444,144,444
1526394084.407860261	124	40	48	1	2	0	2	-60	27720	7	0	1596	1478	144,444,144,444
1526394084.419617311	124	40	48	1	2	0	2	-60	27721	7	0	1596	1478	144,444,144,444
1526394084.431367179	124	40	48	1	2	0	2	-60	27722	7	0	1596	1478	144,444,144,444
1526394084.443120221	124	40	48	1	2	0	2	-60	27723	7	0	1596	1478	144,444,144,444
1526394084.454872413	124	40	48	1	2	0	2	-60	27724	7	0	1596	1478	144,444,144,444
1526394084.466902611	124	40	48	1	2	0	2	-60	27726	7	0	1596	1478	144,444,144,444
1526394084.478371399	124	40	48	1	2	0	2	-60	27727	7	0	1596	1478	144,444,144,444
1526394084.490073223	124	40	48	1	2	0	2	-60	27728	7	0	1596	1478	144,444,144,444
1526394084.501754034	124	40	48	1	2	0	2	-60	27729	7	0	1596	1478	144,444,144,444
1526394084.513580854	124	40	48	1	2	0	2	-60	27730	7	0	1596	1478	144,444,144,444
1526394084.525345412	124	40	48	1	2	0	2	-60	27731	7	0	1596	1478	144,444,144,444
1526394084.537087935	124	40	48	1	2	0	2	-60	27732	7	0	1596	1478	144,444,144,444
1526394084.548760892	124	40	48	1	2	0	2	-61	27733	7	0	1596	1478	144,444,144,444
1526394084.560715488	124	40	48	1	2	0	2	-61	27734	7	0	1596	1478	144,444,144,444
1526394084.572488580	124	40	48	1	2	0	2	-60	27735	7	0	1596	1478	144,444,144,444
1526394084.584238451	124	40	48	1	2	0	2	-60	27736	7	0	1596	1478	144,444,144,444
1526394084.595962132	124	40	48	1	2	0	2	-61	27737	7	0	1596	1478	144,444,144,444
1526394084.607767790	124	40	48	1	2	0	2	-60	27738	7	0	1596	1478	144,444,144,444
1526394084.619497481	124	40	48	1	2	0	2	-61	27739	7	0	1596	1478	144,444,144,444
1526394084.631689994	124	40	48	1	2	0	2	-60	27740	7	0	1596	1478	144,444,144,444
1526394084.643029595	124	40	48	1	2	0	2	-61	27741	7	0	1596	1478	144,444,144,444
1526394084.654780700	124	40	48	1	2	0	2	-61	27742	7	0	1596	1478	144,444,144,444
1526394084.666572789	124	40	48	1	2	0	2	-61	27743	7	0	1596	1478	144,444,144,444
1526394084.678139872	124	40	48	1	2	0	2	-61	27744	7	0	1596	1478	144,444,144,444
1526394084.689973728	124	40	48	1	2	0	2	-60	27745	7	0	1596	1478	144,444,144,444
1526394084.701605692	124	40	48	1	2	0	2	-61	27746	7	0	1596	1478	144,444,144,444
1526394084.713478520	124	40	48	1	2	0	2	-60	27747	7	0	1596	1478	144,444,144,444
1526394084.725243513	124	40	48	1	2	0	2	-61	27748	7	0	1596	1478	144,444,144,444
1526394084.736989447	124	40	48	1	2	0	2	-60	27749	7	0	1596	1478	144,444,144,444
1526394084.748748706	124	40	48	1	2	0	2	-60	27750	7	0	1596	1478	144,444,144,444
1526394084.760511423	124	40	48	1	2	0	2	-60	27751	7	0	1596	1478	144,444,144,444
1526394084.772182606	124	40	48	1	2	0	2	-60	27752	7	0	1596	1478	144,444,144,444
1526394084.784053128	124	40	48	1	2	0	2	-60	27753	7	0	1596	1478	144,444,144,444
1526394084.796165193	124	40	48	1	2	0	2	-60	27754	7	0	1596	1478	144,444,144,444
1526394084.807532816	124	40	48	1	2	0	2	-61	27755	7	0	1596	1478	144,444,144,444
1526394084.819301667	124	40	48	1	2	0	2	-60	27756	7	0	1596	1478	144,444,144,444
1526394084.830957429	124	40	48	1	2	0	2	-60	27757	7	0	1596	1478	144,444,144,444
1526394084.842727703	124	40	48	1	2	0	2	-60	27758	7	0	1596	1478	144,444,144,444
1526394084.854498423	124	40	48	1	2	0	2	-60	27759	7	0	1596	1478	144,444,144,444
1526394084.866323096	124	40	48	1	2	0	2	-60	27760	7	0	1596	1478	144,444,144,444
1526394084.878115042	124	40	48	1	2	0	2	-60	27761	7	0	1596	1478	144,444,144,444
1526394084.889866525	124	40	48	1	2	0	2	-61	27762	7	0	1596	1478	144,444,144,444
1526394084.901661339	124	40	48	1	2	0	2	-60	27763	7	0	1596	1478	144,444,144,444
1526394084.913811716	124	40	48	1	2	0	2	-60	27765	7	0	1596	1478	144,444,144,444
1526394084.925139021	124	40	48	1	2	0	2	-61	27766	7	0	1596	1478	144,444,144,444
1526394084.936895081	124	40	48	1	2	0	2	-60	27767	7	0	1596	1478	144,444,144,444
1526394084.948680402	124	40	48	1	2	0	2	-61	27768	7	0	1596	1478	144,444,144,444
1526394084.960833210	124	40	48	1	2	0	2	-60	27769	7	0	1596	1478	144,444,144,444
1526394084.972197628	124	40	48	1	2	0	2	-60	27770	7	0	1596	1478	144,444,144,444
1526394084.983949968	124	40	48	1	2	0	2	-61	27771	7	0	1596	1478	144,444,144,444
1526394084.995693454	124	40	48	1	2	0	2	-60	27772	7	0	1596	1478	144,444,144,444
1526394085.007472972	124	40	48	1	2	0	2	-60	27773	7	0	1596	1478	144,444,144,444
1526394085.019222516	124	40	48	1	2	0	2	-60	27774	7	0	1596	1478	144,444,144,444
1526394085.030896869	124	40	48	1	2	0	2	-60	27775	7	0	1596	1478	144,444,144,444
1526394085.042755224	124	40	48	1	2	0	2	-60	27776	7	0	1596	1478	144,444,144,444
1526394085.054498272	124	40	48	1	2	0	2	-60	27777	7	0	1596	1478	144,444,144,444
1526394085.066261731	124	40	48	1	2	0	2	-60	27778	7	0	1596	1478	144,444,144,444
1526394085.077909332	124	40	48	1	2	0	2	-60	27779	7	0	1596	1478	144,444,144,444
1526394085.089794943	124	40	48	1	2	0	2	-60	27780	7	0	1596	1478	144,444,144,444
1526394085.101644187	124	40	48	1	2	0	2	-60	27781	7	0	1596	1478	144,444,144,444
1526394085.113419918	124	40	48	1	2	0	2	-60	27782	7	0	1596	1478	144,444,144,444
1526394085.125492605	124	40	48	1	2	0	2	-60	27783	7	0	1596	1478	144,444,144,444
1526394085.136954682	124	40	48	1	2	0	2	-60	27784	7	0	1596	1478	144,444,144,444
1526394085.148709202	124	40	48	1	2	0	2	-60	27785	7	0	1596	1478	144,444,144,444
1526394085.160482887	124	40	48	1	2	0	2	-60	27786	7	0	1596	1478	144,444,144,444
1526394085.172237925	124	40	48	1	2	0	2	-60	27787	7	0	1596	1478	144,444,144,444
1526394085.184009844	124	40	48	1	2	0	2	-60	27788	7	0	1596	1478	144,444,144,444
1526394085.195773032	124	40	48	1	2	0	2	-60	27789	7	0	1596	1478	144,444,144,444
1526394085.207477563	124	40	48	1	2	0	2	-60	27790	7	0	1596	1478	144,444,144,444
1526394085.219289336	124	40	48	1	2	0	2	-60	27791	7	0	1596	1478	144,444,144,444
1526394085.230949194	124	40	48	1	2	0	2	-60	27792	7	0	1596	1478	144,444,144,444
1526394085.242780576	124	40	48	1	2	0	2	-60	27793	7	0	1596	1478	144,444,144,444
1526394085.254543164	124	40	48	1	2	0	2	-60	27794	7	0	1596	1478	144,444,144,444
1526394085.266323652	124	40	48	1	2	0	2	-60	27795	7	0	1596	1478	144,444,144,444
1526394085.277886938	124	40	48	1	2	0	2	-60	27796	7	0	1596	1478	144,444,144,444
1526394085.290132765	124	40	48	1	2	0	2	-60	27797	7	0	1596	1478	144,444,144,444
1526394085.301508911	124	40	48	1	2	0	2	-60	27798	7	0	1596	1478	144,444,144,444
1526394085.313360270	124	40	48	1	2	0	2	-61	27799	7	0	1596	1478	144,444,144,444
1526394085.325120447	124	40	48	1	2	0	2	-60	27800	7	0	1596	1478	144,444,144,444
1526394085.336790155	124	40	48	1	2	0	2	-60	27801	7	0	1596	1478	144,444,144,444
1526394085.348532887	124	40	48	1	2	0	2	-60	27802	7	0	1596	1478	144,444,144,444
1526394085.360297932	124	40	48	1	2	0	2	-61	27803	7	0	1596	1478	144,444,144,444
1526394085.372064324	124	40	48	1	2	0	2	-60	27804	7	0	1596	1478	144,444,144,444
1526394085.383940950	124	40	48	1	2	0	2	-60	27805	7	0	1596	1478	144,444,144,444
1526394085.395684856	124	40	48	1	2	0	2	-60	27806	7	0	1596	1478	144,444,144,444
1526394085.407440757	124	40	48	1	2	0	2	-60	27807	7	0	1596	1478	144,444,144,444
1526394085.419186056	124	40	48	1	2	0	2	-60	27808	7	0	1596	1478	144,444,144,444
1526394085.430870867	124	40	48	1	2	0	2	-60	27809	7	0	1596	1478	144,444,144,444
1526394085.442722968	124	40	48	1	2	0	2	-60	27810	7	0	1596	1478	144,444,144,444
1526394085.454783848	124	40	48	1	2	0	2	-61	27812	7	0	1596	1478	144,444,144,444
1526394085.466131016	124	40	48	1	2	0	2	-61	27813	7	0	1596	1478	144,444,144,444
1526394085.477909806	124	40	48	1	2	0	2	-61	27814	7	0	1596	1478	144,444,144,444
1526394085.489756923	124	40	48	1	2	0	2	-60	27815	7	0	1596	1478	144,444,144,444
1526394085.501516075	124	40	48	1	2	0	2	-60	27816	7	0	1596	1478	144,444,144,444
1526394085.513280310	124	40	48	1	2	0	2	-60	27817	7	0	1596	1478	144,444,144,444
1526394085.525492777	124	40	48	1	2	0	2	-60	27819	7	0	1596	1478	144,444,144,444
1526394085.536786722	124	40	48	1	2	0	2	-61	27820	7	0	1596	1478	144,444,144,444
1526394085.548552710	124	40	48	1	2	0	2	-61	27821	7	0	1596	1478	144,444,144,444
1526394085.560327440	124	40	48	1	2	0	2	-61	27822	7	0	1596	1478	144,444,144,444
1526394085.572062842	124	40	48	1	2	0	2	-60	27823	7	0	1596	1478	144,444,144,444
1526394085.583764610	124	40	48	1	2	0	2	-60	27824	7	0	1596	1478	144,444,144,444
1526394085.595593198	124	40	48	1	2	0	2	-61	27825	7	0	1596	1478	144,444,144,444
1526394085.607353061	124	40	48	1	2	0	2	-61	27826	7	0	1596	1478	144,444,144,444
1526394085.619553496	124	40	48	1	2	0	2	-61	27827	7	0	1596	1478	144,444,144,444
1526394085.630894785	124	40	48	1	2	0	2	-61	27828	7	0	1596	1478	144,444,144,444
1526394085.642636071	124	40	48	1	2	0	2	-61	27829	7	0	1596	1478	144,444,144,444
1526394085.654207442	124	40	48	1	2	0	2	-61	27830	7	0	1596	1478	144,444,144,444
1526394085.666003058	124	40	48	1	2	0	2	-61	27831	7	0	1596	1478	144,444,144,444
1526394085.677709260	124	40	48	1	2	0	2	-61	27832	7	0	1596	1478	144,444,144,444
1526394085.689605651	124	40	48	1	2	0	2	-61	27833	7	0	1596	1478	144,444,144,444
1526394085.701447840	124	40	48	1	2	0	2	-61	27834	7	0	1596	1478	144,444,144,444
1526394085.717060983	124	40	48	1	2	0	2	-61	27835	7	0	1596	1478	144,444,144,444
1526394085.725129376	124	40	48	1	2	0	2	-61	27836	7	0	1596	1478	144,444,144,444
1526394085.736648034	124	40	48	1	2	0	2	-61	27837	7	0	1596	1478	144,444,144,444
1526394085.748481968	124	40	48	1	2	0	2	-60	27838	7	0	1596	1478	144,444,144,444
1526394085.760236483	124	40	48	1	2	0	2	-61	27839	7	0	1596	1478	144,444,144,444
1526394085.771990847	124	40	48	1	2	0	2	-61	27840	7	0	1596	1478	144,444,144,444
1526394085.784198932	124	40	48	1	2	0	2	-60	27841	7	0	1596	1478	144,444,144,444
1526394085.795476388	124	40	48	1	2	0	2	-60	27842	7	0	1596	1478	144,444,144,444
1526394085.807265940	124	40	48	1	2	0	2	-61	27843	7	0	1596	1478	144,444,144,444
1526394085.819018911	124	40	48	1	2	0	2	-61	27844	7	0	1596	1478	144,444,144,444
1526394085.830687433	124	40	48	1	2	0	2	-61	27845	7	0	1596	1478	144,444,144,444
1526394085.842392583	124	40	48	1	2	0	2	-60	27846	7	0	1596	1478	144,444,144,444
1526394085.854228381	124	40	48	1	2	0	2	-60	27847	7	0	1596	1478	144,444,144,444
1526394085.866057262	124	40	48	1	2	0	2	-60	27848	7	0	1596	1478	144,444,144,444
1526394085.877776440	124	40	48	1	2	0	2	-60	27849	7	0	1596	1478	144,444,144,444
1526394085.889512205	124	40	48	1	2	0	2	-60	27850	7	0	1596	1478	144,444,144,444
1526394085.901334409	124	40	48	1	2	0	2	-60	27851	7	0	1596	1478	144,444,144,444
1526394085.913110460	124	40	48	1	2	0	2	-61	27852	7	0	1596	1478	144,444,144,444
1526394085.924879389	124	40	48	1	2	0	2	-60	27853	7	0	1596	1478	144,444,144,444
1526394085.936645697	124	40	48	1	2	0	2	-61	27854	7	0	1596	1478	144,444,144,444
1526394085.948767451	124	40	48	1	2	0	2	-61	27855	7	0	1596	1478	144,444,144,444
1526394085.960144900	124	40	48	1	2	0	2	-60	27856	7	0	1596	1478	144,444,144,444
1526394085.971905308	124	40	48	1	2	0	2	-60	27857	7	0	1596	1478	144,444,144,444
1526394085.983993154	124	40	48	1	2	0	2	-61	27859	7	0	1596	1478	144,444,144,444
1526394085.995436781	124	40	48	1	2	0	2	-60	27860	7	0	1596	1478	144,444,144,444
1526394086.007182655	124	40	48	1	2	0	2	-61	27861	7	0	1596	1478	144,444,144,444
1526394086.018950176	124	40	48	1	2	0	2	-61	27862	7	0	1596	1478	144,444,144,444
1526394086.030629006	124	40	48	1	2	0	2	-60	27863	7	0	1596	1478	144,444,144,444
1526394086.042404910	124	40	48	1	2	0	2	-61	27864	7	0	1596	1478	144,444,144,444
1526394086.054232991	124	40	48	1	2	0	2	-60	27865	7	0	1596	1478	144,444,144,444
1526394086.065911531	124	40	48	1	2	0	2	-61	27866	7	0	1596	1478	144,444,144,444
1526394086.077753742	124	40	48	1	2	0	2	-61	27867	7	0	1596	1478	144,444,144,444
1526394086.089523086	124	40	48	1	2	0	2	-60	27868	7	0	1596	1478	144,444,144,444
1526394086.101273465	124	40	48	1	2	0	2	-60	27869	7	0	1596	1478	144,444,144,444
1526394086.113649816	124	40	48	1	2	0	2	-60	27870	7	0	1596	1478	144,444,144,444
1526394086.124704211	124	40	48	1	2	0	2	-60	27871	7	0	1596	1478	144,444,144,444
1526394086.136479197	124	40	48	1	2	0	2	-61	27872	7	0	1596	1478	144,444,144,444
1526394086.148316228	124	40	48	1	2	0	2	-60	27873	7	0	1596	1478	144,444,144,444
1526394086.160091198	124	40	48	1	2	0	2	-60	27874	7	0	1596	1478	144,444,144,444
1526394086.171843330	124	40	48	1	2	0	2	-60	27875	7	0	1596	1478	144,444,144,444
1526394086.183612063	124	40	48	1	2	0	2	-60	27876	7	0	1596	1478	144,444,144,444
1526394086.195203688	124	40	48	1	2	0	2	-61	27877	7	0	1596	1478	144,444,144,444
1526394086.207127109	124	40	48	1	2	0	2	-60	27878	7	0	1596	1478	144,444,144,444
1526394086.218885507	124	40	48	1	2	0	2	-60	27879	7	0	1596	1478	144,444,144,444
1526394086.230643022	124	40	48	1	2	0	2	-60	27880	7	0	1596	1478	144,444,144,444
1526394086.242392980	124	40	48	1	2	0	2	-60	27881	7	0	1596	1478	144,444,144,444
1526394086.254160827	124	40	48	1	2	0	2	-60	27882	7	0	1596	1478	144,444,144,444
1526394086.265920842	124	40	48	1	2	0	2	-60	27883	7	0	1596	1478	144,444,144,444
1526394086.278088949	124	40	48	1	2	0	2	-60	27885	7	0	1596	1478	144,444,144,444
1526394086.289437945	124	40	48	1	2	0	2	-60	27886	7	0	1596	1478	144,444,144,444
1526394086.301217181	124	40	48	1	2	0	2	-60	27887	7	0	1596	1478	144,444,144,444
1526394086.312846653	124	40	48	1	2	0	2	-60	27888	7	0	1596	1478	144,444,144,444
1526394086.324616902	124	40	48	1	2	0	2	-60	27889	7	0	1596	1478	144,444,144,444
1526394086.336469640	124	40	48	1	2	0	2	-61	27890	7	0	1596	1478	144,444,144,444
1526394086.348194971	124	40	48	1	2	0	2	-61	27891	7	0	1596	1478	144,444,144,444
1526394086.360007657	124	40	48	1	2	0	2	-60	27892	7	0	1596	1478	144,444,144,444
1526394086.371777490	124	40	48	1	2	0	2	-60	27893	7	0	1596	1478	144,444,144,444
1526394086.383593816	124	40	48	1	2	0	2	-60	27894	7	0	1596	1478	144,444,144,444
1526394086.395274357	124	40	48	1	2	0	2	-60	27895	7	0	1596	1478	144,444,144,444
1526394086.407496619	124	40	48	1	2	0	2	-60	27897	7	0	1596	1478	144,444,144,444
1526394086.418805370	124	40	48	1	2	0	2	-60	27898	7	0	1596	1478	144,444,144,444
1526394086.430449016	124	40	48	1	2	0	2	-60	27899	7	0	1596	1478	144,444,144,444
1526394086.442806025	124	40	48	1	2	0	2	-60	27900	7	0	1596	1478	144,444,144,444
1526394086.454000345	124	40	48	1	2	0	2	-60	27901	7	0	1596	1478	144,444,144,444
1526394086.465828505	124	40	48	1	2	0	2	-60	27902	7	0	1596	1478	144,444,144,444
1526394086.477605040	124	40	48	1	2	0	2	-60	27903	7	0	1596	1478	144,444,144,444
1526394086.489342387	124	40	48	1	2	0	2	-60	27904	7	0	1596	1478	144,444,144,444
1526394086.501032645	124	40	48	1	2	0	2	-59	27905	7	0	1596	1478	144,444,144,444
1526394086.512760228	124	40	48	1	2	0	2	-60	27906	7	0	1596	1478	144,444,144,444
1526394086.524646432	124	40	48	1	2	0	2	-59	27907	7	0	1596	1478	144,444,144,444
1526394086.536403150	124	40	48	1	2	0	2	-59	27908	7	0	1596	1478	144,444,144,444
1526394086.548153294	124	40	48	1	2	0	2	-59	27909	7	0	1596	1478	144,444,144,444
1526394086.559910258	124	40	48	1	2	0	2	-60	27910	7	0	1596	1478	144,444,144,444
1526394086.571669990	124	40	48	1	2	0	2	-59	27911	7	0	1596	1478	144,444,144,444
1526394086.583458279	124	40	48	1	2	0	2	-60	27912	7	0	1596	1478	144,444,144,444
1526394086.595230133	124	40	48	1	2	0	2	-60	27913	7	0	1596	1478	144,444,144,444
1526394086.607343333	124	40	48	1	2	0	2	-60	27914	7	0	1596	1478	144,444,144,444
1526394086.618712285	124	40	48	1	2	0	2	-60	27915	7	0	1596	1478	144,444,144,444
1526394086.630352381	124	40	48	1	2	0	2	-60	27916	7	0	1596	1478	144,444,144,444
1526394086.642053726	124	40	48	1	2	0	2	-60	27917	7	0	1596	1478	144,444,144,444
1526394086.653792894	124	40	48	1	2	0	2	-60	27918	7	0	1596	1478	144,444,144,444
1526394086.666031687	124	40	48	1	2	0	2	-60	27920	7	0	1596	1478	144,444,144,444
1526394086.677495290	124	40	48	1	2	0	2	-60	27921	7	0	1596	1478	144,444,144,444
1526394086.689279469	124	40	48	1	2	0	2	-60	27922	7	0	1596	1478	144,444,144,444
1526394086.701341208	124	40	48	1	2	0	2	-60	27923	7	0	1596	1478	144,444,144,444
1526394086.714336860	144	40	48	0	2	0	2	-60	27925	6	0	1596	1478	117,117
1526394086.724562205	144	40	48	0	2	0	2	-60	27926	6	0	1596	1478	117,117
1526394086.736341916	144	40	48	0	2	0	2	-59	27927	6	0	1596	1478	117,117
1526394086.748113494	144	40	48	0	2	0	2	-59	27928	6	0	1596	1478	117,117
1526394086.759877347	144	40	48	0	2	0	2	-60	27929	6	0	1596	1478	117,117
1526394086.771622340	144	40	48	0	2	0	2	-59	27930	6	0	1596	1478	117,117
1526394086.783398696	144	40	48	0	2	0	2	-60	27931	6	0	1596	1478	117,117
1526394086.795130891	144	40	48	0	2	0	2	-59	27932	6	0	1596	1478	117,117
1526394086.806881049	134	40	48	0	2	0	2	-59	27933	7	0	1596	1478	130,130
1526394086.818564621	144	40	48	0	2	0	2	-60	27934	6	0	1596	1478	117,117
1526394086.830305522	144	40	48	0	2	0	2	-60	27935	6	0	1596	1478	117,117
1526394086.842182080	144	40	48	0	2	0	2	-60	27936	6	0	1596	1478	117,117
1526394086.853824205	144	40	48	0	2	0	2	-60	27937	6	0	1596	1478	117,117
1526394086.865679236	134	40	48	0	2	0	2	-60	27938	7	0	1596	1478	130,130
1526394086.877392469	144	40	48	0	2	0	2	-60	27939	6	0	1596	1478	117,117
1526394086.889115720	144	40	48	0	2	0	2	-60	27940	6	0	1596	1478	117,117
1526394086.900985977	144	40	48	0	2	0	2	-60	27941	6	0	1596	1478	117,117
1526394086.912736937	144	40	48	0	2	0	2	-60	27942	6	0	1596	1478	117,117
1526394086.924502473	134	40	48	0	2	0	2	-61	27943	7	0	1596	1478	130,130
1526394086.936260973	144	40	48	0	2	0	2	-60	27944	6	0	1596	1478	117,117
1526394086.948028407	144	40	48	0	2	0	2	-60	27945	6	0	1596	1478	117,117
1526394086.959792422	144	40	48	0	2	0	2	-60	27946	6	0	1596	1478	117,117
1526394086.971559624	144	40	48	0	2	0	2	-60	27947	6	0	1596	1478	117,117
1526394086.983285168	134	40	48	0	2	0	2	-60	27948	7	0	1596	1478	130,130
1526394086.995047752	124	40	48	1	2	0	2	-60	27949	7	0	1596	1478	144,444,144,444
1526394087.007129177	124	40	48	1	2	0	2	-60	27950	7	0	1596	1478	144,444,144,444
1526394087.018541240	124	40	48	1	2	0	2	-61	27951	7	0	1596	1478	144,444,144,444
1526394087.030651385	124	40	48	1	2	0	2	-60	27953	7	0	1596	1478	144,444,144,444
1526394087.042775311	124	40	48	1	2	0	2	-61	27954	7	0	1596	1478	144,444,144,444
1526394087.053717735	124	40	48	1	2	0	2	-61	27955	7	0	1596	1478	144,444,144,444
1526394087.065355285	124	40	48	1	2	0	2	-60	27956	7	0	1596	1478	144,444,144,444
1526394087.077189556	124	40	48	1	2	0	2	-61	27957	7	0	1596	1478	144,444,144,444
1526394087.088972194	124	40	48	1	2	0	2	-60	27958	7	0	1596	1478	144,444,144,444
1526394087.100706692	124	40	48	1	2	0	2	-60	27959	7	0	1596	1478	144,444,144,444
1526394087.112479166	124	40	48	1	2	0	2	-61	27960	7	0	1596	1478	144,444,144,444
1526394087.124205763	124	40	48	1	2	0	2	-60	27961	7	0	1596	1478	144,444,144,444
1526394087.135973372	124	40	48	1	2	0	2	-61	27962	7	0	1596	1478	144,444,144,444
1526394087.147759347	124	40	48	1	2	0	2	-60	27963	7	0	1596	1478	144,444,144,444
1526394087.159948335	124	40	48	1	2	0	2	-61	27964	7	0	1596	1478	144,444,144,444
1526394087.171590830	124	40	48	1	2	0	2	-60	27965	7	0	1596	1478	144,444,144,444
1526394087.183042113	124	40	48	1	2	0	2	-61	27966	7	0	1596	1478	144,444,144,444
1526394087.196367335	124	40	48	1	2	0	2	-61	27969	7	0	1596	1478	144,444,144,444
1526394087.206576915	144	40	48	0	2	0	2	-60	27970	6	0	1596	1478	117,117
1526394087.218338140	144	40	48	0	2	0	2	-60	27971	6	0	1596	1478	117,117
1526394087.230068444	144	40	48	0	2	0	2	-60	27972	6	0	1596	1478	117,117
1526394087.241864380	144	40	48	0	2	0	2	-60	27973	6	0	1596	1478	117,117
1526394087.253617160	144	40	48	0	2	0	2	-60	27974	6	0	1596	1478	117,117
1526394087.265363460	144	40	48	0	2	0	2	-60	27975	6	0	1596	1478	117,117
1526394087.277119837	144	40	48	0	2	0	2	-59	27976	6	0	1596	1478	117,117
1526394087.288867108	144	40	48	0	2	0	2	-60	27977	6	0	1596	1478	117,117
1526394087.300666848	144	40	48	0	2	0	2	-60	27978	6	0	1596	1478	117,117
1526394087.312404730	144	40	48	0	2	0	2	-60	27979	6	0	1596	1478	117,117
1526394087.324363484	144	40	48	0	2	0	2	-60	27980	6	0	1596	1478	117,117
1526394087.335832849	144	40	48	0	2	0	2	-60	27981	6	0	1596	1478	117,117
1526394087.347701517	144	40	48	0	2	0	2	-60	27982	6	0	1596	1478	117,117
1526394087.359433188	134	40	48	0	2	0	2	-60	27983	7	0	1596	1478	130,130
1526394087.371191300	144	40	48	0	2	0	2	-59	27984	6	0	1596	1478	117,117
1526394087.382959692	144	40	48	0	2	0	2	-59	27985	6	0	1596	1478	117,117
1526394087.394753152	144	40	48	0	2	0	2	-59	27986	6	0	1596	1478	117,117
1526394087.406384640	144	40	48	0	2	0	2	-59	27987	6	0	1596	1478	117,117
1526394087.418117841	134	40	48	0	2	0	2	-60	27988	7	0	1596	1478	130,130
1526394087.429918959	144	40	48	0	2	0	2	-60	27989	6	0	1596	1478	117,117
1526394087.441694603	144	40	48	0	2	0	2	-60	27990	6	0	1596	1478	117,117
1526394087.453472115	144	40	48	0	2	0	2	-59	27991	6	0	1596	1478	117,117
1526394087.466033756	144	40	48	0	2	0	2	-60	27992	6	0	1596	1478	117,117
1526394087.477029109	134	40	48	0	2	0	2	-60	27993	7	0	1596	1478	130,130
1526394087.488795474	144	40	48	0	2	0	2	-59	27994	6	0	1596	1478	117,117
1526394087.500543901	144	40	48	0	2	0	2	-60	27995	6	0	1596	1478	117,117
1526394087.512338756	144	40	48	0	2	0	2	-60	27996	6	0	1596	1478	117,117
1526394087.524080684	144	40	48	0	2	0	2	-60	27997	6	0	1596	1478	117,117
1526394087.535733726	124	40	48	1	2	0	2	-60	27998	7	0	1596	1478	144,444,144,444
1526394087.547532931	124	40	48	1	2	0	2	-60	27999	7	0	1596	1478	144,444,144,444
1526394087.559306123	124	40	48	1	2	0	2	-60	28000	7	0	1596	1478	144,444,144,444
1526394087.571059911	124	40	48	1	2	0	2	-60	28001	7	0	1596	1478	144,444,144,444
1526394087.582839085	124	40	48	1	2	0	2	-61	28002	7	0	1596	1478	144,444,144,444
1526394087.595045980	124	40	48	1	2	0	2	-60	28003	7	0	1596	1478	144,444,144,444
1526394087.606417812	124	40	48	1	2	0	2	-60	28004	7	0	1596	1478	144,444,144,444
1526394087.618563102	124	40	48	1	2	0	2	-60	28006	7	0	1596	1478	144,444,144,444
1526394087.629917555	124	40	48	1	2	0	2	-60	28007	7	0	1596	1478	144,444,144,444
1526394087.641521822	124	40	48	1	2	0	2	-60	28008	7	0	1596	1478	144,444,144,444
1526394087.653416806	124	40	48	1	2	0	2	-60	28009	7	0	1596	1478	144,444,144,444
1526394087.665197913	124	40	48	1	2	0	2	-60	28010	7	0	1596	1478	144,444,144,444
1526394087.676944250	124	40	48	1	2	0	2	-60	28011	7	0	1596	1478	144,444,144,444
1526394087.688705862	124	40	48	1	2	0	2	-61	28012	7	0	1596	1478	144,444,144,444
1526394087.700488266	124	40	48	1	2	0	2	-60	28013	7	0	1596	1478	144,444,144,444
1526394087.712272832	124	40	48	1	2	0	2	-61	28014	7	0	1596	1478	144,444,144,444
1526394087.724012372	124	40	48	1	2	0	2	-60	28015	7	0	1596	1478	144,444,144,444
1526394087.735767518	124	40	48	1	2	0	2	-61	28016	7	0	1596	1478	144,444,144,444
1526394087.747527078	124	40	48	1	2	0	2	-60	28017	7	0	1596	1478	144,444,144,444
1526394087.759671812	124	40	48	1	2	0	2	-60	28018	7	0	1596	1478	144,444,144,444
1526394087.771037205	124	40	48	1	2	0	2	-60	28019	7	0	1596	1478	144,444,144,444
1526394087.782777323	124	40	48	1	2	0	2	-60	28020	7	0	1596	1478	144,444,144,444
1526394087.794412682	124	40	48	1	2	0	2	-60	28021	7	0	1596	1478	144,444,144,444
1526394087.806463199	124	40	48	1	2	0	2	-60	28022	7	0	1596	1478	144,444,144,444
1526394087.818242374	124	40	48	1	2	0	2	-60	28023	7	0	1596	1478	144,444,144,444
1526394087.829969978	124	40	48	1	2	0	2	-60	28024	7	0	1596	1478	144,444,144,444
1526394087.841665838	124	40	48	1	2	0	2	-60	28025	7	0	1596	1478	144,444,144,444
1526394087.853521410	124	40	48	1	2	0	2	-60	28026	7	0	1596	1478	144,444,144,444
1526394087.865165484	124	40	48	1	2	0	2	-60	28027	7	0	1596	1478	144,444,144,444
1526394087.877047294	124	40	48	1	2	0	2	-60	28028	7	0	1596	1478	144,444,144,444
1526394087.889547269	124	40	48	1	2	0	2	-59	28031	7	0	1596	1478	144,444,144,444
1526394087.900532714	124	40	48	1	2	0	2	-59	28032	7	0	1596	1478	144,444,144,444
1526394087.912326126	124	40	48	1	2	0	2	-60	28033	7	0	1596	1478	144,444,144,444
1526394087.924469347	124	40	48	1	2	0	2	-60	28034	7	0	1596	1478	144,444,144,444
1526394087.935741324	124	40	48	1	2	0	2	-59	28035	7	0	1596	1478	144,444,144,444
1526394087.947375122	124	40	48	1	2	0	2	-60	28036	7	0	1596	1478	144,444,144,444
1526394087.959282037	124	40	48	1	2	0	2	-59	28037	7	0	1596	1478	144,444,144,444
1526394087.970947605	124	40	48	1	2	0	2	-60	28038	7	0	1596	1478	144,444,144,444
1526394087.982876891	124	40	48	1	2	0	2	-60	28039	7	0	1596	1478	144,444,144,444
1526394087.994567384	124	40	48	1	2	0	2	-59	28040	7	0	1596	1478	144,444,144,444
1526394088.006394163	124	40	48	1	2	0	2	-60	28041	7	0	1596	1478	144,444,144,444
1526394088.018074391	124	40	48	1	2	0	2	-59	28042	7	0	1596	1478	144,444,144,444
1526394088.029814529	124	40	48	1	2	0	2	-60	28043	7	0	1596	1478	144,444,144,444
1526394088.041670086	124	40	48	1	2	0	2	-60	28044	7	0	1596	1478	144,444,144,444
1526394088.053428846	124	40	48	1	2	0	2	-60	28045	7	0	1596	1478	144,444,144,444
1526394088.065179849	124	40	48	1	2	0	2	-60	28046	7	0	1596	1478	144,444,144,444
1526394088.077152195	124	40	48	1	2	0	2	-60	28048	7	0	1596	1478	144,444,144,444
1526394088.089144282	124	40	48	1	2	0	2	-60	28049	7	0	1596	1478	144,444,144,444
1526394088.100893992	124	40	48	1	2	0	2	-60	28051	7	0	1596	1478	144,444,144,444
1526394088.112246751	124	40	48	1	2	0	2	-60	28052	7	0	1596	1478	144,444,144,444
1526394088.124006254	124	40	48	1	2	0	2	-60	28053	7	0	1596	1478	144,444,144,444
1526394088.135773201	124	40	48	1	2	0	2	-60	28054	7	0	1596	1478	144,444,144,444
1526394088.147531112	124	40	48	1	2	0	2	-60	28055	7	0	1596	1478	144,444,144,444
1526394088.159264953	124	40	48	1	2	0	2	-60	28056	7	0	1596	1478	144,444,144,444
1526394088.171028556	124	40	48	1	2	0	2	-60	28057	7	0	1596	1478	144,444,144,444
1526394088.183031762	124	40	48	1	2	0	2	-60	28058	7	0	1596	1478	144,444,144,444
1526394088.194429057	124	40	48	1	2	0	2	-60	28059	7	0	1596	1478	144,444,144,444
1526394088.206320171	124	40	48	1	2	0	2	-60	28060	7	0	1596	1478	144,444,144,444
1526394088.218071757	124	40	48	1	2	0	2	-60	28061	7	0	1596	1478	144,444,144,444
1526394088.229835496	124	40	48	1	2	0	2	-60	28062	7	0	1596	1478	144,444,144,444
1526394088.241597267	124	40	48	1	2	0	2	-60	28063	7	0	1596	1478	144,444,144,444
1526394088.253761669	124	40	48	1	2	0	2	-60	28064	7	0	1596	1478	144,444,144,444
1526394088.265121371	124	40	48	1	2	0	2	-60	28065	7	0	1596	1478	144,444,144,444
1526394088.277180573	124	40	48	1	2	0	2	-61	28067	7	0	1596	1478	144,444,144,444
1526394088.288657410	124	40	48	1	2	0	2	-61	28068	7	0	1596	1478	144,444,144,444
1526394088.300419580	124	40	48	1	2	0	2	-61	28069	7	0	1596	1478	144,444,144,444
1526394088.312554384	124	40	48	1	2	0	2	-60	28071	7	0	1596	1478	144,444,144,444
1526394088.323923344	124	40	48	1	2	0	2	-61	28072	7	0	1596	1478	144,444,144,444
1526394088.335671178	124	40	48	1	2	0	2	-61	28073	7	0	1596	1478	144,444,144,444
1526394088.347363696	124	40	48	1	2	0	2	-61	28074	7	0	1596	1478	144,444,144,444
1526394088.359035697	124	40	48	1	2	0	2	-61	28075	7	0	1596	1478	144,444,144,444
1526394088.370853672	124	40	48	1	2	0	2	-61	28076	7	0	1596	1478	144,444,144,444
1526394088.383383413	124	40	48	1	2	0	2	-60	28077	7	0	1596	1478	144,444,144,444
1526394088.394894555	124	40	48	1	2	0	2	-61	28079	7	0	1596	1478	144,444,144,444
1526394088.407812514	124	40	48	1	2	0	2	-60	28082	7	0	1596	1478	144,444,144,444
1526394088.418013606	144	40	48	0	2	0	2	-60	28083	6	0	1596	1478	117,117
1526394088.429683153	144	40	48	0	2	0	2	-60	28084	6	0	1596	1478	117,117
1526394088.441445988	144	40	48	0	2	0	2	-60	28085	6	0	1596	1478	117,117
1526394088.453162161	144	40	48	0	2	0	2	-61	28086	6	0	1596	1478	117,117
1526394088.464947050	144	40	48	0	2	0	2	-61	28087	6	0	1596	1478	117,117
1526394088.476830179	144	40	48	0	2	0	2	-60	28088	6	0	1596	1478	117,117
1526394088.488581033	144	40	48	0	2	0	2	-60	28089	6	0	1596	1478	117,117
1526394088.500264524	144	40	48	0	2	0	2	-60	28090	6	0	1596	1478	117,117
1526394088.512101912	144	40	48	0	2	0	2	-61	28091	6	0	1596	1478	117,117
1526394088.523860111	144	40	48	0	2	0	2	-60	28092	6	0	1596	1478	117,117
1526394088.535598621	144	40	48	0	2	0	2	-59	28093	6	0	1596	1478	117,117
1526394088.547371640	144	40	48	0	2	0	2	-61	28094	6	0	1596	1478	117,117
1526394088.559085436	144	40	48	0	2	0	2	-59	28095	6	0	1596	1478	117,117
1526394088.570750512	134	40	48	0	2	0	2	-60	28096	7	0	1596	1478	130,130
1526394088.582502757	144	40	48	0	2	0	2	-60	28097	6	0	1596	1478	117,117
1526394088.594374740	144	40	48	0	2	0	2	-60	28098	6	0	1596	1478	117,117
1526394088.606166627	144	40	48	0	2	0	2	-60	28099	6	0	1596	1478	117,117
1526394088.617945991	144	40	48	0	2	0	2	-60	28100	6	0	1596	1478	117,117
1526394088.629680258	134	40	48	0	2	0	2	-61	28101	7	0	1596	1478	130,130
1526394088.641470806	144	40	48	0	2	0	2	-60	28102	6	0	1596	1478	117,117
1526394088.653207619	144	40	48	0	2	0	2	-60	28103	6	0	1596	1478	117,117
1526394088.664971613	144	40	48	0	2	0	2	-60	28104	6	0	1596	1478	117,117
1526394088.676755510	144	40	48	0	2	0	2	-60	28105	6	0	1596	1478	117,117
1526394088.688490157	134	40	48	0	2	0	2	-60	28106	7	0	1596	1478	130,130
1526394088.700244298	144	40	48	0	2	0	2	-60	28107	6	0	1596	1478	117,117
1526394088.712033786	144	40	48	0	2	0	2	-60	28108	6	0	1596	1478	117,117
1526394088.723804020	144	40	48	0	2	0	2	-60	28109	6	0	1596	1478	117,117
1526394088.735553298	144	40	48	0	2	0	2	-60	28110	6	0	1596	1478	117,117
1526394088.747296789	124	40	48	1	2	0	2	-60	28111	7	0	1596	1478	144,444,144,444
1526394088.759033536	124	40	48	1	2	0	2	-60	28112	7	0	1596	1478	144,444,144,444
1526394088.770780681	124	40	48	1	2	0	2	-60	28113	7	0	1596	1478	144,444,144,444
1526394088.782577712	124	40	48	1	2	0	2	-60	28114	7	0	1596	1478	144,444,144,444
1526394088.794333540	124	40	48	1	2	0	2	-61	28115	7	0	1596	1478	144,444,144,444
1526394088.806505515	124	40	48	1	2	0	2	-60	28117	7	0	1596	1478	144,444,144,444
1526394088.817832864	124	40	48	1	2	0	2	-61	28118	7	0	1596	1478	144,444,144,444
1526394088.829597669	124	40	48	1	2	0	2	-60	28119	7	0	1596	1478	144,444,144,444
1526394088.841368254	124	40	48	1	2	0	2	-60	28120	7	0	1596	1478	144,444,144,444
1526394088.853047515	124	40	48	1	2	0	2	-60	28121	7	0	1596	1478	144,444,144,444
1526394088.864784885	124	40	48	1	2	0	2	-59	28122	7	0	1596	1478	144,444,144,444
1526394088.876449705	124	40	48	1	2	0	2	-59	28123	7	0	1596	1478	144,444,144,444
1526394088.888303220	124	40	48	1	2	0	2	-60	28124	7	0	1596	1478	144,444,144,444
1526394088.900120442	124	40	48	1	2	0	2	-60	28125	7	0	1596	1478	144,444,144,444
1526394088.911997616	124	40	48	1	2	0	2	-59	28126	7	0	1596	1478	144,444,144,444
1526394088.923754772	124	40	48	1	2	0	2	-59	28127	7	0	1596	1478	144,444,144,444
1526394088.935688225	124	40	48	1	2	0	2	-60	28128	7	0	1596	1478	144,444,144,444
1526394088.947251371	124	40	48	1	2	0	2	-59	28129	7	0	1596	1478	144,444,144,444
1526394088.959003315	124	40	48	1	2	0	2	-60	28130	7	0	1596	1478	144,444,144,444
1526394088.971150195	124	40	48	1	2	0	2	-59	28131	7	0	1596	1478	144,444,144,444
1526394088.982530412	124	40	48	1	2	0	2	-59	28132	7	0	1596	1478	144,444,144,444
1526394088.994275535	124	40	48	1	2	0	2	-59	28133	7	0	1596	1478	144,444,144,444
1526394089.005999181	124	40	48	1	2	0	2	-59	28134	7	0	1596	1478	144,444,144,444
1526394089.017867533	124	40	48	1	2	0	2	-59	28135	7	0	1596	1478	144,444,144,444
1526394089.029474322	124	40	48	1	2	0	2	-59	28136	7	0	1596	1478	144,444,144,444
1526394089.041698082	124	40	48	1	2	0	2	-60	28138	7	0	1596	1478	144,444,144,444
1526394089.053079480	124	40	48	1	2	0	2	-59	28139	7	0	1596	1478	144,444,144,444
1526394089.065197560	124	40	48	1	2	0	2	-59	28141	7	0	1596	1478	144,444,144,444
1526394089.076634341	124	40	48	1	2	0	2	-59	28142	7	0	1596	1478	144,444,144,444
1526394089.088362893	124	40	48	1	2	0	2	-59	28143	7	0	1596	1478	144,444,144,444
1526394089.100066052	124	40	48	1	2	0	2	-59	28144	7	0	1596	1478	144,444,144,444
1526394089.111884463	124	40	48	1	2	0	2	-60	28145	7	0	1596	1478	144,444,144,444
1526394089.123396504	124	40	48	1	2	0	2	-59	28146	7	0	1596	1478	144,444,144,444
1526394089.135495929	124	40	48	1	2	0	2	-59	28147	7	0	1596	1478	144,444,144,444
1526394089.146951122	124	40	48	1	2	0	2	-60	28148	7	0	1596	1478	144,444,144,444
1526394089.158817591	124	40	48	1	2	0	2	-60	28149	7	0	1596	1478	144,444,144,444
1526394089.170530531	124	40	48	1	2	0	2	-60	28150	7	0	1596	1478	144,444,144,444
1526394089.182299427	124	40	48	1	2	0	2	-59	28151	7	0	1596	1478	144,444,144,444
1526394089.194141484	124	40	48	1	2	0	2	-60	28152	7	0	1596	1478	144,444,144,444
1526394089.205902165	124	40	48	1	2	0	2	-60	28153	7	0	1596	1478	144,444,144,444
1526394089.217676257	124	40	48	1	2	0	2	-59	28154	7	0	1596	1478	144,444,144,444
1526394089.229426678	124	40	48	1	2	0	2	-60	28155	7	0	1596	1478	144,444,144,444
1526394089.241206439	124	40	48	1	2	0	2	-60	28156	7	0	1596	1478	144,444,144,444
1526394089.252954414	124	40	48	1	2	0	2	-59	28157	7	0	1596	1478	144,444,144,444
