1526394300.057105822	242	40	48	0	1	1	2	-73	32181	6	1	3130	1478,1478	121,5,121,5
1526394300.057154147	141	40	48	0	1	1	2	-73	32181	6	1	1596	1478	121,5,121,5
1526394300.066782961	141	40	48	0	1	1	2	-72	32183	6	1	1596	1478	121,5,121,5
1526394300.078592549	141	40	48	0	1	1	2	-73	32184	6	1	1596	1478	121,5,121,5
1526394300.089808352	141	40	48	0	1	1	2	-73	32185	6	1	1596	1478	121,5,121,5
1526394300.101759118	141	40	48	0	1	1	2	-72	32186	6	1	1596	1478	121,5,121,5
1526394300.113475505	141	40	48	0	1	1	2	-73	32187	6	1	1596	1478	121,5,121,5
1526394300.126151006	141	40	48	0	1	1	2	-73	32189	6	1	1596	1478	121,5,121,5
1526394300.137073562	141	40	48	0	1	1	2	-73	32190	6	1	1596	1478	121,5,121,5
1526394300.149071497	141	40	48	0	1	1	2	-73	32192	6	1	1596	1478	121,5,121,5
1526394300.160565878	141	40	48	0	1	1	2	-72	32193	6	1	1596	1478	121,5,121,5
1526394300.172364742	141	40	48	0	1	1	2	-74	32194	6	1	1596	1478	121,5,121,5
1526394300.184368192	141	40	48	0	1	1	2	-73	32196	6	1	1596	1478	121,5,121,5
1526394300.195839904	141	40	48	0	1	1	2	-73	32197	6	1	1596	1478	121,5,121,5
1526394300.208051750	141	40	48	0	1	1	2	-73	32199	6	1	1596	1478	121,5,121,5
1526394300.219376423	141	40	48	0	1	1	2	-73	32200	6	1	1596	1478	121,5,121,5
1526394300.231115615	141	40	48	0	1	1	2	-73	32201	6	1	1596	1478	121,5,121,5
1526394300.243310821	141	40	48	0	1	1	2	-73	32202	6	1	1596	1478	121,5,121,5
1526394300.254659666	141	40	48	0	1	1	2	-73	32203	6	1	1596	1478	121,5,121,5
1526394300.266422197	141	40	48	0	1	1	2	-73	32204	6	1	1596	1478	121,5,121,5
1526394300.278055240	141	40	48	0	1	1	2	-73	32205	6	1	1596	1478	121,5,121,5
1526394300.289926232	141	40	48	0	1	1	2	-73	32206	6	1	1596	1478	121,5,121,5
1526394300.301703758	141	40	48	0	1	1	2	-73	32207	6	1	1596	1478	121,5,121,5
1526394300.313372096	141	40	48	0	1	1	2	-73	32208	6	1	1596	1478	121,5,121,5
1526394300.325084290	141	40	48	0	1	1	2	-73	32209	6	1	1596	1478	121,5,121,5
1526394300.336959183	141	40	48	0	1	1	2	-73	32210	6	1	1596	1478	121,5,121,5
1526394300.348722140	141	40	48	0	1	1	2	-72	32211	6	1	1596	1478	121,5,121,5
1526394300.360373006	141	40	48	0	1	1	2	-73	32212	6	1	1596	1478	121,5,121,5
1526394300.372258065	141	40	48	0	1	1	2	-73	32213	6	1	1596	1478	121,5,121,5
1526394300.384034411	141	40	48	0	1	1	2	-72	32214	6	1	1596	1478	121,5,121,5
1526394300.395769416	141	40	48	0	1	1	2	-72	32215	6	1	1596	1478	121,5,121,5
1526394300.407790881	141	40	48	0	1	1	2	-73	32217	6	1	1596	1478	121,5,121,5
1526394300.419286186	141	40	48	0	1	1	2	-74	32218	6	1	1596	1478	121,5,121,5
1526394300.431040924	141	40	48	0	1	1	2	-73	32219	6	1	1596	1478	121,5,121,5
1526394300.443166016	141	40	48	0	1	1	2	-73	32221	6	1	1596	1478	121,5,121,5
1526394300.454891646	141	40	48	0	1	1	2	-73	32223	6	1	1596	1478	121,5,121,5
1526394300.466169384	141	40	48	0	1	1	2	-72	32224	6	1	1596	1478	121,5,121,5
1526394300.478531809	141	40	48	0	1	1	2	-73	32225	6	1	1596	1478	121,5,121,5
1526394300.489861378	141	40	48	0	1	1	2	-73	32226	6	1	1596	1478	121,5,121,5
1526394300.501522476	141	40	48	0	1	1	2	-73	32227	6	1	1596	1478	121,5,121,5
1526394300.513385390	141	40	48	0	1	1	2	-72	32228	6	1	1596	1478	121,5,121,5
1526394300.525056434	141	40	48	0	1	1	2	-72	32229	6	1	1596	1478	121,5,121,5
1526394300.537199973	141	40	48	0	1	1	2	-73	32230	6	1	1596	1478	121,5,121,5
1526394300.548666597	141	40	48	0	1	1	2	-73	32231	6	1	1596	1478	121,5,121,5
1526394300.560351898	141	40	48	0	1	1	2	-73	32232	6	1	1596	1478	121,5,121,5
1526394300.572523335	141	40	48	0	1	1	2	-73	32234	6	1	1596	1478	121,5,121,5
1526394300.583968324	141	40	48	0	1	1	2	-73	32235	6	1	1596	1478	121,5,121,5
1526394300.595692254	141	40	48	0	1	1	2	-73	32236	6	1	1596	1478	121,5,121,5
1526394300.607366470	141	40	48	0	1	1	2	-73	32237	6	1	1596	1478	121,5,121,5
1526394300.619115680	141	40	48	0	1	1	2	-73	32238	6	1	1596	1478	121,5,121,5
1526394300.631703321	141	40	48	0	1	1	2	-73	32241	6	1	1596	1478	121,5,121,5
1526394300.642705082	141	40	48	0	1	1	2	-73	32242	6	1	1596	1478	121,5,121,5
1526394300.654494786	141	40	48	0	1	1	2	-73	32243	6	1	1596	1478	121,5,121,5
1526394300.666249149	141	40	48	0	1	1	2	-72	32244	6	1	1596	1478	121,5,121,5
1526394300.677817898	141	40	48	0	1	1	2	-72	32245	6	1	1596	1478	121,5,121,5
1526394300.689793154	141	40	48	0	1	1	2	-73	32246	6	1	1596	1478	121,5,121,5
1526394300.701564603	141	40	48	0	1	1	2	-73	32247	6	1	1596	1478	121,5,121,5
1526394300.713294699	141	40	48	0	1	1	2	-72	32248	6	1	1596	1478	121,5,121,5
1526394300.725062608	141	40	48	0	1	1	2	-73	32249	6	1	1596	1478	121,5,121,5
1526394300.737634670	141	40	48	0	1	1	2	-72	32252	6	1	1596	1478	121,5,121,5
1526394300.748578186	141	40	48	0	1	1	2	-72	32253	6	1	1596	1478	121,5,121,5
1526394300.760216673	141	40	48	0	1	1	2	-72	32254	6	1	1596	1478	121,5,121,5
1526394300.772089723	141	40	48	0	1	1	2	-72	32255	6	1	1596	1478	121,5,121,5
1526394300.783881519	141	40	48	0	1	1	2	-72	32256	6	1	1596	1478	121,5,121,5
1526394300.796039095	141	40	48	0	1	1	2	-72	32258	6	1	1596	1478	121,5,121,5
1526394300.807375603	141	40	48	0	1	1	2	-72	32259	6	1	1596	1478	121,5,121,5
1526394300.819139135	141	40	48	0	1	1	2	-72	32260	6	1	1596	1478	121,5,121,5
1526394300.830830207	141	40	48	0	1	1	2	-73	32261	6	1	1596	1478	121,5,121,5
1526394300.842500491	141	40	48	0	1	1	2	-72	32262	6	1	1596	1478	121,5,121,5
1526394300.854411015	141	40	48	0	1	1	2	-73	32263	6	1	1596	1478	121,5,121,5
1526394300.866160006	141	40	48	0	1	1	2	-73	32264	6	1	1596	1478	121,5,121,5
1526394300.877879742	141	40	48	0	1	1	2	-72	32265	6	1	1596	1478	121,5,121,5
1526394300.890081735	141	40	48	0	1	1	2	-73	32267	6	1	1596	1478	121,5,121,5
1526394300.901465597	141	40	48	0	1	1	2	-72	32268	6	1	1596	1478	121,5,121,5
1526394300.913193152	141	40	48	0	1	1	2	-73	32269	6	1	1596	1478	121,5,121,5
1526394300.924973118	141	40	48	0	1	1	2	-72	32270	6	1	1596	1478	121,5,121,5
1526394300.937206702	141	40	48	0	1	1	2	-73	32272	6	1	1596	1478	121,5,121,5
1526394300.948930220	141	40	48	0	1	1	2	-72	32273	6	1	1596	1478	121,5,121,5
1526394300.960268280	141	40	48	0	1	1	2	-72	32274	6	1	1596	1478	121,5,121,5
1526394300.971925250	141	40	48	0	1	1	2	-73	32275	6	1	1596	1478	121,5,121,5
1526394300.983769725	141	40	48	0	1	1	2	-72	32276	6	1	1596	1478	121,5,121,5
1526394300.995952332	141	40	48	0	1	1	2	-72	32277	6	1	1596	1478	121,5,121,5
1526394301.007727024	141	40	48	0	1	1	2	-72	32279	6	1	1596	1478	121,5,121,5
1526394301.019038626	141	40	48	0	1	1	2	-72	32280	6	1	1596	1478	121,5,121,5
1526394301.030737671	141	40	48	0	1	1	2	-72	32281	6	1	1596	1478	121,5,121,5
1526394301.042614005	141	40	48	0	1	1	2	-73	32282	6	1	1596	1478	121,5,121,5
1526394301.054368752	141	40	48	0	1	1	2	-73	32283	6	1	1596	1478	121,5,121,5
1526394301.066079610	141	40	48	0	1	1	2	-73	32284	6	1	1596	1478	121,5,121,5
1526394301.078700979	141	40	48	0	1	1	2	-73	32286	6	1	1596	1478	121,5,121,5
1526394301.090106281	141	40	48	0	1	1	2	-73	32288	6	1	1596	1478	121,5,121,5
1526394301.101405809	141	40	48	0	1	1	2	-73	32289	6	1	1596	1478	121,5,121,5
1526394301.113134927	141	40	48	0	1	1	2	-73	32290	6	1	1596	1478	121,5,121,5
1526394301.124885977	141	40	48	0	1	1	2	-73	32291	6	1	1596	1478	121,5,121,5
1526394301.136683438	141	40	48	0	1	1	2	-73	32292	6	1	1596	1478	121,5,121,5
1526394301.148746469	141	40	48	0	1	1	2	-73	32294	6	1	1596	1478	121,5,121,5
1526394301.160573272	141	40	48	0	1	1	2	-72	32296	6	1	1596	1478	121,5,121,5
1526394301.171927749	141	40	48	0	1	1	2	-73	32297	6	1	1596	1478	121,5,121,5
1526394301.183698564	141	40	48	0	1	1	2	-73	32298	6	1	1596	1478	121,5,121,5
1526394301.195859696	141	40	48	0	1	1	2	-73	32300	6	1	1596	1478	121,5,121,5
1526394301.207210246	141	40	48	0	1	1	2	-73	32301	6	1	1596	1478	121,5,121,5
1526394301.218949052	141	40	48	0	1	1	2	-73	32302	6	1	1596	1478	121,5,121,5
1526394301.230666930	141	40	48	0	1	1	2	-73	32303	6	1	1596	1478	121,5,121,5
1526394301.242411856	141	40	48	0	1	1	2	-72	32304	6	1	1596	1478	121,5,121,5
1526394301.254510619	141	40	48	0	1	1	2	-73	32306	6	1	1596	1478	121,5,121,5
1526394301.265907934	141	40	48	0	1	1	2	-73	32307	6	1	1596	1478	121,5,121,5
1526394301.277718060	141	40	48	0	1	1	2	-72	32308	6	1	1596	1478	121,5,121,5
1526394301.289916217	141	40	48	0	1	1	2	-72	32310	6	1	1596	1478	121,5,121,5
1526394301.301308476	141	40	48	0	1	1	2	-72	32311	6	1	1596	1478	121,5,121,5
1526394301.313519552	141	40	48	0	1	1	2	-73	32313	6	1	1596	1478	121,5,121,5
1526394301.325193532	141	40	48	0	1	1	2	-73	32314	6	1	1596	1478	121,5,121,5
1526394301.336850665	141	40	48	0	1	1	2	-73	32316	6	1	1596	1478	121,5,121,5
1526394301.348330806	141	40	48	0	1	1	2	-73	32317	6	1	1596	1478	121,5,121,5
1526394301.360085307	141	40	48	0	1	1	2	-72	32318	6	1	1596	1478	121,5,121,5
1526394301.372247105	141	40	48	0	1	1	2	-73	32319	6	1	1596	1478	121,5,121,5
1526394301.383606267	141	40	48	0	1	1	2	-73	32320	6	1	1596	1478	121,5,121,5
1526394301.395268317	141	40	48	0	1	1	2	-72	32321	6	1	1596	1478	121,5,121,5
1526394301.407172413	141	40	48	0	1	1	2	-73	32322	6	1	1596	1478	121,5,121,5
1526394301.418882312	141	40	48	0	1	1	2	-73	32323	6	1	1596	1478	121,5,121,5
1526394301.430507317	141	40	48	0	1	1	2	-72	32324	6	1	1596	1478	121,5,121,5
1526394301.442265055	141	40	48	0	1	1	2	-73	32325	6	1	1596	1478	121,5,121,5
1526394301.454094269	141	40	48	0	1	1	2	-72	32326	6	1	1596	1478	121,5,121,5
1526394301.465932315	141	40	48	0	1	1	2	-72	32327	6	1	1596	1478	121,5,121,5
1526394301.478105559	141	40	48	0	1	1	2	-72	32329	6	1	1596	1478	121,5,121,5
1526394301.489856019	141	40	48	0	1	1	2	-73	32330	6	1	1596	1478	121,5,121,5
1526394301.503192022	141	40	48	0	1	1	2	-72	32331	6	1	1596	1478	121,5,121,5
1526394301.512990324	141	40	48	0	1	1	2	-73	32332	6	1	1596	1478	121,5,121,5
1526394301.524723426	141	40	48	0	1	1	2	-73	32333	6	1	1596	1478	121,5,121,5
1526394301.536815405	141	40	48	0	1	1	2	-72	32335	6	1	1596	1478	121,5,121,5
1526394301.548263464	141	40	48	0	1	1	2	-72	32336	6	1	1596	1478	121,5,121,5
1526394301.559994867	141	40	48	0	1	1	2	-72	32337	6	1	1596	1478	121,5,121,5
1526394301.571766625	141	40	48	0	1	1	2	-73	32338	6	1	1596	1478	121,5,121,5
1526394301.583453283	141	40	48	0	1	1	2	-72	32339	6	1	1596	1478	121,5,121,5
1526394301.595198099	141	40	48	0	1	1	2	-73	32340	6	1	1596	1478	121,5,121,5
1526394301.606954503	141	40	48	0	1	1	2	-72	32341	6	1	1596	1478	121,5,121,5
1526394301.618688793	141	40	48	0	1	1	2	-72	32342	6	1	1596	1478	121,5,121,5
1526394301.630445430	141	40	48	0	1	1	2	-73	32343	6	1	1596	1478	121,5,121,5
1526394301.642186422	141	40	48	0	1	1	2	-73	32344	6	1	1596	1478	121,5,121,5
1526394301.654373260	141	40	48	0	1	1	2	-72	32346	6	1	1596	1478	121,5,121,5
1526394301.665720496	141	40	48	0	1	1	2	-72	32347	6	1	1596	1478	121,5,121,5
1526394301.677947613	141	40	48	0	1	1	2	-72	32348	6	1	1596	1478	121,5,121,5
1526394301.689256265	141	40	48	0	1	1	2	-72	32349	6	1	1596	1478	121,5,121,5
1526394301.700999601	141	40	48	0	1	1	2	-72	32350	6	1	1596	1478	121,5,121,5
1526394301.712782171	141	40	48	0	1	1	2	-73	32351	6	1	1596	1478	121,5,121,5
1526394301.724531842	141	40	48	0	1	1	2	-73	32352	6	1	1596	1478	121,5,121,5
1526394301.736284229	141	40	48	0	1	1	2	-72	32353	6	1	1596	1478	121,5,121,5
1526394301.748038553	141	40	48	0	1	1	2	-72	32354	6	1	1596	1478	121,5,121,5
1526394301.759797493	141	40	48	0	1	1	2	-72	32355	6	1	1596	1478	121,5,121,5
1526394301.771567182	141	40	48	0	1	1	2	-72	32356	6	1	1596	1478	121,5,121,5
1526394301.783721030	141	40	48	0	1	1	2	-72	32357	6	1	1596	1478	121,5,121,5
1526394301.795715159	141	40	48	0	1	1	2	-72	32359	6	1	1596	1478	121,5,121,5
1526394301.806841937	141	40	48	0	1	1	2	-73	32360	6	1	1596	1478	121,5,121,5
1526394301.818627817	141	40	48	0	1	1	2	-72	32361	6	1	1596	1478	121,5,121,5
1526394301.830758082	141	40	48	0	1	1	2	-72	32362	6	1	1596	1478	121,5,121,5
1526394301.842134341	141	40	48	0	1	1	2	-72	32363	6	1	1596	1478	121,5,121,5
1526394301.853761088	141	40	48	0	1	1	2	-72	32364	6	1	1596	1478	121,5,121,5
1526394301.865506309	141	40	48	0	1	1	2	-72	32365	6	1	1596	1478	121,5,121,5
1526394301.877311825	141	40	48	0	1	1	2	-72	32366	6	1	1596	1478	121,5,121,5
1526394301.889157425	141	40	48	0	1	1	2	-73	32367	6	1	1596	1478	121,5,121,5
1526394301.900911747	141	40	48	0	1	1	2	-72	32368	6	1	1596	1478	121,5,121,5
1526394301.912729078	141	40	48	0	1	1	2	-73	32369	6	1	1596	1478	121,5,121,5
1526394301.924449200	141	40	48	0	1	1	2	-72	32370	6	1	1596	1478	121,5,121,5
1526394301.936471517	141	40	48	0	1	1	2	-72	32371	6	1	1596	1478	121,5,121,5
1526394301.947813316	141	40	48	0	1	1	2	-73	32372	6	1	1596	1478	121,5,121,5
1526394301.959636560	141	40	48	0	1	1	2	-73	32373	6	1	1596	1478	121,5,121,5
1526394301.971868954	141	40	48	0	1	1	2	-72	32375	6	1	1596	1478	121,5,121,5
1526394301.983231284	141	40	48	0	1	1	2	-73	32376	6	1	1596	1478	121,5,121,5
1526394301.995818463	141	40	48	0	1	1	2	-72	32378	6	1	1596	1478	121,5,121,5
1526394302.006746795	141	40	48	0	1	1	2	-72	32379	6	1	1596	1478	121,5,121,5
1526394302.018972249	141	40	48	0	1	1	2	-73	32381	6	1	1596	1478	121,5,121,5
1526394302.030165969	141	40	48	0	1	1	2	-73	32382	6	1	1596	1478	121,5,121,5
1526394302.042031631	141	40	48	0	1	1	2	-73	32383	6	1	1596	1478	121,5,121,5
1526394302.053798592	141	40	48	0	1	1	2	-73	32384	6	1	1596	1478	121,5,121,5
1526394302.065907855	141	40	48	0	1	1	2	-73	32386	6	1	1596	1478	121,5,121,5
1526394302.077325545	141	40	48	0	1	1	2	-73	32387	6	1	1596	1478	121,5,121,5
1526394302.089088244	141	40	48	0	1	1	2	-73	32388	6	1	1596	1478	121,5,121,5
1526394302.100933174	141	40	48	0	1	1	2	-73	32389	6	1	1596	1478	121,5,121,5
1526394302.113138851	141	40	48	0	1	1	2	-73	32391	6	1	1596	1478	121,5,121,5
1526394302.124884090	141	40	48	0	1	1	2	-73	32393	6	1	1596	1478	121,5,121,5
1526394302.136238840	141	40	48	0	1	1	2	-73	32394	6	1	1596	1478	121,5,121,5
1526394302.147857157	141	40	48	0	1	1	2	-72	32395	6	1	1596	1478	121,5,121,5
1526394302.160217440	141	40	48	0	1	1	2	-73	32396	6	1	1596	1478	121,5,121,5
1526394302.172434615	141	40	48	0	1	1	2	-73	32399	6	1	1596	1478	121,5,121,5
1526394302.183382182	141	40	48	0	1	1	2	-73	32400	6	1	1596	1478	121,5,121,5
1526394302.195193983	141	40	48	0	1	1	2	-73	32401	6	1	1596	1478	121,5,121,5
1526394302.207242555	141	40	48	0	1	1	2	-73	32402	6	1	1596	1478	121,5,121,5
1526394302.220427595	141	40	48	0	1	1	2	-72	32403	6	1	1596	1478	121,5,121,5
1526394302.230825798	141	40	48	0	1	1	2	-72	32405	6	1	1596	1478	121,5,121,5
1526394302.242143990	141	40	48	0	1	1	2	-73	32406	6	1	1596	1478	121,5,121,5
1526394302.253896940	141	40	48	0	1	1	2	-72	32407	6	1	1596	1478	121,5,121,5
1526394302.265594620	141	40	48	0	1	1	2	-72	32408	6	1	1596	1478	121,5,121,5
1526394302.277346924	141	40	48	0	1	1	2	-73	32409	6	1	1596	1478	121,5,121,5
1526394302.289181224	141	40	48	0	1	1	2	-72	32410	6	1	1596	1478	121,5,121,5
1526394302.300959326	141	40	48	0	1	1	2	-72	32411	6	1	1596	1478	121,5,121,5
1526394302.312707299	141	40	48	0	1	1	2	-72	32412	6	1	1596	1478	121,5,121,5
1526394302.326533096	141	40	48	0	1	1	2	-72	32417	6	1	1596	1478	121,5,121,5
1526394302.336221794	153	40	48	0	1	1	2	-72	32418	5	1	1596	1478	108,108
1526394302.347968503	153	40	48	0	1	1	2	-72	32419	5	1	1596	1478	108,108
1526394302.359440518	153	40	48	0	1	1	2	-73	32420	5	1	1596	1478	108,108
1526394302.371278107	153	40	48	0	1	1	2	-73	32421	5	1	1596	1478	108,108
1526394302.382945325	153	40	48	0	1	1	2	-73	32422	5	1	1596	1478	108,108
1526394302.394872170	153	40	48	0	1	1	2	-73	32423	5	1	1596	1478	108,108
1526394302.406547545	153	40	48	0	1	1	2	-72	32424	5	1	1596	1478	108,108
1526394302.418414623	153	40	48	0	1	1	2	-72	32425	5	1	1596	1478	108,108
1526394302.430098328	153	40	48	0	1	1	2	-72	32426	5	1	1596	1478	108,108
1526394302.441917360	153	40	48	0	1	1	2	-72	32427	5	1	1596	1478	108,108
1526394302.453702011	153	40	48	0	1	1	2	-73	32428	5	1	1596	1478	108,108
1526394302.465549843	153	40	48	0	1	1	2	-72	32429	5	1	1596	1478	108,108
1526394302.477320098	153	40	48	0	1	1	2	-72	32430	5	1	1596	1478	108,108
1526394302.489041442	141	40	48	0	1	1	2	-73	32431	6	1	1596	1478	121,5,121,5
1526394302.500831506	153	40	48	0	1	1	2	-72	32432	5	1	1596	1478	108,108
1526394302.512587703	153	40	48	0	1	1	2	-72	32433	5	1	1596	1478	108,108
1526394302.524355246	153	40	48	0	1	1	2	-72	32434	5	1	1596	1478	108,108
1526394302.536024282	153	40	48	0	1	1	2	-73	32435	5	1	1596	1478	108,108
1526394302.547889378	141	40	48	0	1	1	2	-72	32436	6	1	1596	1478	121,5,121,5
1526394302.559559257	153	40	48	0	1	1	2	-72	32437	5	1	1596	1478	108,108
1526394302.571175232	153	40	48	0	1	1	2	-72	32438	5	1	1596	1478	108,108
1526394302.583117302	153	40	48	0	1	1	2	-72	32439	5	1	1596	1478	108,108
1526394302.594811982	153	40	48	0	1	1	2	-72	32440	5	1	1596	1478	108,108
1526394302.606559940	141	40	48	0	1	1	2	-71	32441	6	1	1596	1478	121,5,121,5
1526394302.618263383	141	40	48	0	1	1	2	-72	32442	6	1	1596	1478	121,5,121,5
1526394302.632303129	153	40	48	0	1	1	2	-73	32445	5	1	1596	1478	108,108
1526394302.641910645	153	40	48	0	1	1	2	-73	32446	5	1	1596	1478	108,108
1526394302.653704028	153	40	48	0	1	1	2	-72	32447	5	1	1596	1478	108,108
1526394302.665473731	153	40	48	0	1	1	2	-72	32448	5	1	1596	1478	108,108
1526394302.677192622	153	40	48	0	1	1	2	-72	32449	5	1	1596	1478	108,108
1526394302.688891832	153	40	48	0	1	1	2	-73	32450	5	1	1596	1478	108,108
1526394302.700682298	153	40	48	0	1	1	2	-73	32451	5	1	1596	1478	108,108
1526394302.712471430	153	40	48	0	1	1	2	-72	32452	5	1	1596	1478	108,108
1526394302.724230630	141	40	48	0	1	1	2	-72	32453	6	1	1596	1478	121,5,121,5
1526394302.736051524	153	40	48	0	1	1	2	-73	32454	5	1	1596	1478	108,108
1526394302.747705551	153	40	48	0	1	1	2	-72	32455	5	1	1596	1478	108,108
1526394302.759317323	153	40	48	0	1	1	2	-72	32456	5	1	1596	1478	108,108
1526394302.771280728	153	40	48	0	1	1	2	-73	32457	5	1	1596	1478	108,108
1526394302.783045979	141	40	48	0	1	1	2	-73	32458	6	1	1596	1478	121,5,121,5
1526394302.794825762	153	40	48	0	1	1	2	-73	32459	5	1	1596	1478	108,108
1526394302.806566670	153	40	48	0	1	1	2	-73	32460	5	1	1596	1478	108,108
1526394302.819183454	153	40	48	0	1	1	2	-73	32461	5	1	1596	1478	108,108
1526394302.830104118	153	40	48	0	1	1	2	-73	32462	5	1	1596	1478	108,108
1526394302.841875402	141	40	48	0	1	1	2	-73	32463	6	1	1596	1478	121,5,121,5
1526394302.853631057	153	40	48	0	1	1	2	-73	32464	5	1	1596	1478	108,108
1526394302.865399123	153	40	48	0	1	1	2	-73	32465	5	1	1596	1478	108,108
1526394302.876981962	153	40	48	0	1	1	2	-73	32466	5	1	1596	1478	108,108
1526394302.888903347	153	40	48	0	1	1	2	-73	32467	5	1	1596	1478	108,108
1526394302.900652544	141	40	48	0	1	1	2	-73	32468	6	1	1596	1478	121,5,121,5
1526394302.912430476	153	40	48	0	1	1	2	-73	32469	5	1	1596	1478	108,108
1526394302.924182120	153	40	48	0	1	1	2	-73	32470	5	1	1596	1478	108,108
1526394302.936386889	153	40	48	0	1	1	2	-73	32471	5	1	1596	1478	108,108
1526394302.947619490	153	40	48	0	1	1	2	-73	32472	5	1	1596	1478	108,108
1526394302.959439158	141	40	48	0	1	1	2	-72	32473	6	1	1596	1478	121,5,121,5
1526394302.971251924	141	40	48	0	1	1	2	-72	32474	6	1	1596	1478	121,5,121,5
1526394302.982980830	141	40	48	0	1	1	2	-73	32475	6	1	1596	1478	121,5,121,5
1526394302.994719860	141	40	48	0	1	1	2	-73	32476	6	1	1596	1478	121,5,121,5
1526394303.006486475	141	40	48	0	1	1	2	-73	32477	6	1	1596	1478	121,5,121,5
1526394303.019376084	141	40	48	0	1	1	2	-72	32479	6	1	1596	1478	121,5,121,5
1526394303.029875590	141	40	48	0	1	1	2	-73	32480	6	1	1596	1478	121,5,121,5
1526394303.043374467	141	40	48	0	1	1	2	-72	32481	6	1	1596	1478	121,5,121,5
1526394303.053534255	141	40	48	0	1	1	2	-72	32482	6	1	1596	1478	121,5,121,5
1526394303.065680525	141	40	48	0	1	1	2	-73	32483	6	1	1596	1478	121,5,121,5
1526394303.077060662	141	40	48	0	1	1	2	-73	32484	6	1	1596	1478	121,5,121,5
1526394303.088802625	141	40	48	0	1	1	2	-73	32485	6	1	1596	1478	121,5,121,5
1526394303.101019744	141	40	48	0	1	1	2	-73	32487	6	1	1596	1478	121,5,121,5
1526394303.112324339	141	40	48	0	1	1	2	-73	32488	6	1	1596	1478	121,5,121,5
1526394303.124038021	141	40	48	0	1	1	2	-74	32489	6	1	1596	1478	121,5,121,5
1526394303.136298521	141	40	48	0	1	1	2	-73	32491	6	1	1596	1478	121,5,121,5
1526394303.148033586	141	40	48	0	1	1	2	-72	32493	6	1	1596	1478	121,5,121,5
1526394303.159726730	141	40	48	0	1	1	2	-73	32495	6	1	1596	1478	121,5,121,5
1526394303.171484057	141	40	48	0	1	1	2	-73	32496	6	1	1596	1478	121,5,121,5
1526394303.183686835	141	40	48	0	1	1	2	-72	32498	6	1	1596	1478	121,5,121,5
1526394303.194650138	141	40	48	0	1	1	2	-73	32499	6	1	1596	1478	121,5,121,5
1526394303.206397610	141	40	48	0	1	1	2	-73	32500	6	1	1596	1478	121,5,121,5
1526394303.218182589	141	40	48	0	1	1	2	-73	32501	6	1	1596	1478	121,5,121,5
1526394303.230358846	141	40	48	0	1	1	2	-73	32503	6	1	1596	1478	121,5,121,5
1526394303.243082205	141	40	48	0	1	1	2	-73	32506	6	1	1596	1478	121,5,121,5
1526394303.256781549	141	40	48	0	1	1	2	-72	32507	6	1	1596	1478	121,5,121,5
1526394303.265088483	141	40	48	0	1	1	2	-73	32508	6	1	1596	1478	121,5,121,5
1526394303.277829700	141	40	48	0	1	1	2	-73	32511	6	1	1596	1478	121,5,121,5
1526394303.288735193	141	40	48	0	1	1	2	-73	32512	6	1	1596	1478	121,5,121,5
1526394303.300494262	141	40	48	0	1	1	2	-72	32513	6	1	1596	1478	121,5,121,5
1526394303.313117064	141	40	48	0	1	1	2	-73	32516	6	1	1596	1478	121,5,121,5
1526394303.323997346	141	40	48	0	1	1	2	-73	32517	6	1	1596	1478	121,5,121,5
1526394303.335695075	141	40	48	0	1	1	2	-73	32518	6	1	1596	1478	121,5,121,5
1526394303.348577841	141	40	48	0	1	1	2	-73	32519	6	1	1596	1478	121,5,121,5
1526394303.359681620	141	40	48	0	1	1	2	-73	32521	6	1	1596	1478	121,5,121,5
1526394303.370975924	141	40	48	0	1	1	2	-72	32522	6	1	1596	1478	121,5,121,5
1526394303.383132287	141	40	48	0	1	1	2	-73	32524	6	1	1596	1478	121,5,121,5
1526394303.394781317	141	40	48	0	1	1	2	-73	32525	6	1	1596	1478	121,5,121,5
1526394303.406350264	141	40	48	0	1	1	2	-72	32526	6	1	1596	1478	121,5,121,5
1526394303.418090708	141	40	48	0	1	1	2	-72	32527	6	1	1596	1478	121,5,121,5
1526394303.429749875	141	40	48	0	1	1	2	-73	32528	6	1	1596	1478	121,5,121,5
1526394303.441516149	141	40	48	0	1	1	2	-73	32529	6	1	1596	1478	121,5,121,5
1526394303.453420578	141	40	48	0	1	1	2	-73	32530	6	1	1596	1478	121,5,121,5
1526394303.465043625	141	40	48	0	1	1	2	-72	32531	6	1	1596	1478	121,5,121,5
1526394303.477136893	141	40	48	0	1	1	2	-72	32532	6	1	1596	1478	121,5,121,5
1526394303.488614677	141	40	48	0	1	1	2	-73	32533	6	1	1596	1478	121,5,121,5
1526394303.500779289	141	40	48	0	1	1	2	-72	32535	6	1	1596	1478	121,5,121,5
1526394303.512164496	141	40	48	0	1	1	2	-73	32536	6	1	1596	1478	121,5,121,5
1526394303.524364947	141	40	48	0	1	1	2	-73	32537	6	1	1596	1478	121,5,121,5
1526394303.535872554	141	40	48	0	1	1	2	-73	32538	6	1	1596	1478	121,5,121,5
1526394303.547737971	141	40	48	0	1	1	2	-73	32540	6	1	1596	1478	121,5,121,5
1526394303.559203108	141	40	48	0	1	1	2	-72	32541	6	1	1596	1478	121,5,121,5
1526394303.570953930	141	40	48	0	1	1	2	-73	32542	6	1	1596	1478	121,5,121,5
1526394303.583656760	141	40	48	0	1	1	2	-72	32545	6	1	1596	1478	121,5,121,5
1526394303.594843074	141	40	48	0	1	1	2	-73	32547	6	1	1596	1478	121,5,121,5
1526394303.606248871	141	40	48	0	1	1	2	-73	32548	6	1	1596	1478	121,5,121,5
1526394303.618405425	141	40	48	0	1	1	2	-72	32550	6	1	1596	1478	121,5,121,5
1526394303.629754305	141	40	48	0	1	1	2	-72	32551	6	1	1596	1478	121,5,121,5
1526394303.641754954	141	40	48	0	1	1	2	-72	32553	6	1	1596	1478	121,5,121,5
1526394303.657121920	153	40	48	0	1	1	2	-72	32556	5	1	1596	1478	108,108
1526394303.665001994	153	40	48	0	1	1	2	-72	32557	5	1	1596	1478	108,108
1526394303.676773261	153	40	48	0	1	1	2	-72	32558	5	1	1596	1478	108,108
1526394303.688616414	153	40	48	0	1	1	2	-73	32559	5	1	1596	1478	108,108
1526394303.700333739	153	40	48	0	1	1	2	-73	32560	5	1	1596	1478	108,108
1526394303.712104461	153	40	48	0	1	1	2	-73	32561	5	1	1596	1478	108,108
1526394303.723871669	153	40	48	0	1	1	2	-73	32562	5	1	1596	1478	108,108
1526394303.735645278	153	40	48	0	1	1	2	-73	32563	5	1	1596	1478	108,108
1526394303.747360290	141	40	48	0	1	1	2	-72	32564	6	1	1596	1478	121,5,121,5
1526394303.759182241	153	40	48	0	1	1	2	-73	32565	5	1	1596	1478	108,108
1526394303.770913334	153	40	48	0	1	1	2	-73	32566	5	1	1596	1478	108,108
1526394303.782653874	153	40	48	0	1	1	2	-73	32567	5	1	1596	1478	108,108
1526394303.794714321	153	40	48	0	1	1	2	-72	32568	5	1	1596	1478	108,108
1526394303.806533362	153	40	48	0	1	1	2	-73	32570	5	1	1596	1478	108,108
1526394303.817928005	153	40	48	0	1	1	2	-72	32571	5	1	1596	1478	108,108
1526394303.829696462	153	40	48	0	1	1	2	-72	32572	5	1	1596	1478	108,108
1526394303.841467604	153	40	48	0	1	1	2	-73	32573	5	1	1596	1478	108,108
1526394303.853204188	153	40	48	0	1	1	2	-72	32574	5	1	1596	1478	108,108
1526394303.865009579	153	40	48	0	1	1	2	-72	32575	5	1	1596	1478	108,108
1526394303.876767112	153	40	48	0	1	1	2	-72	32576	5	1	1596	1478	108,108
1526394303.888912041	153	40	48	0	1	1	2	-73	32577	5	1	1596	1478	108,108
1526394303.900139074	153	40	48	0	1	1	2	-73	32578	5	1	1596	1478	108,108
1526394303.912018133	153	40	48	0	1	1	2	-72	32579	5	1	1596	1478	108,108
1526394303.923778570	153	40	48	0	1	1	2	-73	32580	5	1	1596	1478	108,108
1526394303.935428090	153	40	48	0	1	1	2	-73	32581	5	1	1596	1478	108,108
1526394303.947341784	153	40	48	0	1	1	2	-73	32582	5	1	1596	1478	108,108
1526394303.960318824	153	40	48	0	1	1	2	-74	32583	5	1	1596	1478	108,108
1526394303.970811552	141	40	48	0	1	1	2	-72	32584	6	1	1596	1478	121,5,121,5
1526394303.982587948	153	40	48	0	1	1	2	-72	32585	5	1	1596	1478	108,108
1526394303.994360557	153	40	48	0	1	1	2	-73	32586	5	1	1596	1478	108,108
1526394304.006106448	153	40	48	0	1	1	2	-72	32587	5	1	1596	1478	108,108
1526394304.017873588	153	40	48	0	1	1	2	-73	32588	5	1	1596	1478	108,108
1526394304.029503119	141	40	48	0	1	1	2	-73	32589	6	1	1596	1478	121,5,121,5
1526394304.041403718	153	40	48	0	1	1	2	-73	32590	5	1	1596	1478	108,108
1526394304.053144429	153	40	48	0	1	1	2	-73	32591	5	1	1596	1478	108,108
1526394304.065445642	153	40	48	0	1	1	2	-73	32592	5	1	1596	1478	108,108
1526394304.076685087	153	40	48	0	1	1	2	-73	32593	5	1	1596	1478	108,108
1526394304.088421316	141	40	48	0	1	1	2	-72	32594	6	1	1596	1478	121,5,121,5
1526394304.100527571	141	40	48	0	1	1	2	-73	32596	6	1	1596	1478	121,5,121,5
1526394304.111940895	141	40	48	0	1	1	2	-73	32597	6	1	1596	1478	121,5,121,5
1526394304.123696220	141	40	48	0	1	1	2	-73	32598	6	1	1596	1478	121,5,121,5
1526394304.135357384	141	40	48	0	1	1	2	-73	32599	6	1	1596	1478	121,5,121,5
1526394304.147959561	141	40	48	0	1	1	2	-72	32601	6	1	1596	1478	121,5,121,5
1526394304.158964110	141	40	48	0	1	1	2	-73	32602	6	1	1596	1478	121,5,121,5
1526394304.170772186	141	40	48	0	1	1	2	-72	32603	6	1	1596	1478	121,5,121,5
1526394304.182491241	141	40	48	0	1	1	2	-72	32604	6	1	1596	1478	121,5,121,5
1526394304.194263245	141	40	48	0	1	1	2	-73	32605	6	1	1596	1478	121,5,121,5
1526394304.206357453	141	40	48	0	1	1	2	-72	32607	6	1	1596	1478	121,5,121,5
1526394304.217769173	141	40	48	0	1	1	2	-73	32608	6	1	1596	1478	121,5,121,5
1526394304.229513466	141	40	48	0	1	1	2	-73	32609	6	1	1596	1478	121,5,121,5
1526394304.241210728	141	40	48	0	1	1	2	-73	32610	6	1	1596	1478	121,5,121,5
1526394304.253255142	141	40	48	0	1	1	2	-73	32611	6	1	1596	1478	121,5,121,5
1526394304.265297774	141	40	48	0	1	1	2	-73	32613	6	1	1596	1478	121,5,121,5
1526394304.276613264	141	40	48	0	1	1	2	-72	32614	6	1	1596	1478	121,5,121,5
1526394304.288344689	141	40	48	0	1	1	2	-72	32615	6	1	1596	1478	121,5,121,5
1526394304.300451517	141	40	48	0	1	1	2	-72	32616	6	1	1596	1478	121,5,121,5
1526394304.311866812	141	40	48	0	1	1	2	-73	32617	6	1	1596	1478	121,5,121,5
1526394304.323574272	141	40	48	0	1	1	2	-72	32618	6	1	1596	1478	121,5,121,5
1526394304.335840304	141	40	48	0	1	1	2	-72	32620	6	1	1596	1478	121,5,121,5
1526394304.347149390	141	40	48	0	1	1	2	-73	32621	6	1	1596	1478	121,5,121,5
1526394304.358750153	141	40	48	0	1	1	2	-73	32622	6	1	1596	1478	121,5,121,5
1526394304.371081988	141	40	48	0	1	1	2	-72	32624	6	1	1596	1478	121,5,121,5
1526394304.382384253	141	40	48	0	1	1	2	-73	32625	6	1	1596	1478	121,5,121,5
1526394304.394582085	141	40	48	0	1	1	2	-73	32626	6	1	1596	1478	121,5,121,5
1526394304.405841151	141	40	48	0	1	1	2	-72	32627	6	1	1596	1478	121,5,121,5
1526394304.418017177	141	40	48	0	1	1	2	-72	32629	6	1	1596	1478	121,5,121,5
1526394304.429393893	141	40	48	0	1	1	2	-73	32630	6	1	1596	1478	121,5,121,5
1526394304.441233048	141	40	48	0	1	1	2	-72	32631	6	1	1596	1478	121,5,121,5
1526394304.453404766	141	40	48	0	1	1	2	-72	32633	6	1	1596	1478	121,5,121,5
1526394304.464709465	141	40	48	0	1	1	2	-73	32634	6	1	1596	1478	121,5,121,5
1526394304.476445607	141	40	48	0	1	1	2	-73	32635	6	1	1596	1478	121,5,121,5
1526394304.488273055	141	40	48	0	1	1	2	-73	32636	6	1	1596	1478	121,5,121,5
1526394304.499916522	141	40	48	0	1	1	2	-72	32637	6	1	1596	1478	121,5,121,5
1526394304.511664257	141	40	48	0	1	1	2	-73	32638	6	1	1596	1478	121,5,121,5
1526394304.523529896	141	40	48	0	1	1	2	-72	32639	6	1	1596	1478	121,5,121,5
1526394304.535185012	141	40	48	0	1	1	2	-72	32640	6	1	1596	1478	121,5,121,5
1526394304.546973168	141	40	48	0	1	1	2	-72	32641	6	1	1596	1478	121,5,121,5
1526394304.559987763	141	40	48	0	1	1	2	-73	32642	6	1	1596	1478	121,5,121,5
1526394304.570947766	141	40	48	0	1	1	2	-73	32644	6	1	1596	1478	121,5,121,5
1526394304.582356152	141	40	48	0	1	1	2	-73	32645	6	1	1596	1478	121,5,121,5
1526394304.594092828	141	40	48	0	1	1	2	-72	32646	6	1	1596	1478	121,5,121,5
1526394304.607089267	141	40	48	0	1	1	2	-72	32650	6	1	1596	1478	121,5,121,5
1526394304.617935840	141	40	48	0	1	1	2	-73	32652	6	1	1596	1478	121,5,121,5
1526394304.629349736	141	40	48	0	1	1	2	-73	32653	6	1	1596	1478	121,5,121,5
1526394304.641126244	141	40	48	0	1	1	2	-73	32654	6	1	1596	1478	121,5,121,5
1526394304.652875994	141	40	48	0	1	1	2	-72	32655	6	1	1596	1478	121,5,121,5
1526394304.665080836	141	40	48	0	1	1	2	-72	32657	6	1	1596	1478	121,5,121,5
1526394304.676849990	141	40	48	0	1	1	2	-73	32658	6	1	1596	1478	121,5,121,5
1526394304.688191819	141	40	48	0	1	1	2	-72	32659	6	1	1596	1478	121,5,121,5
1526394304.700315910	141	40	48	0	1	1	2	-72	32661	6	1	1596	1478	121,5,121,5
1526394304.712104337	141	40	48	0	1	1	2	-73	32662	6	1	1596	1478	121,5,121,5
1526394304.723465553	141	40	48	0	1	1	2	-72	32663	6	1	1596	1478	121,5,121,5
1526394304.735204125	141	40	48	0	1	1	2	-73	32664	6	1	1596	1478	121,5,121,5
1526394304.746968464	141	40	48	0	1	1	2	-72	32665	6	1	1596	1478	121,5,121,5
1526394304.759127902	141	40	48	0	1	1	2	-73	32666	6	1	1596	1478	121,5,121,5
1526394304.770501394	141	40	48	0	1	1	2	-73	32667	6	1	1596	1478	121,5,121,5
1526394304.782278606	141	40	48	0	1	1	2	-72	32668	6	1	1596	1478	121,5,121,5
1526394304.794024006	141	40	48	0	1	1	2	-73	32669	6	1	1596	1478	121,5,121,5
1526394304.806586062	141	40	48	0	1	1	2	-72	32671	6	1	1596	1478	121,5,121,5
1526394304.817536285	141	40	48	0	1	1	2	-73	32672	6	1	1596	1478	121,5,121,5
1526394304.829686385	141	40	48	0	1	1	2	-73	32674	6	1	1596	1478	121,5,121,5
1526394304.840843900	141	40	48	0	1	1	2	-73	32675	6	1	1596	1478	121,5,121,5
1526394304.852827126	141	40	48	0	1	1	2	-73	32676	6	1	1596	1478	121,5,121,5
1526394304.864580130	141	40	48	0	1	1	2	-73	32677	6	1	1596	1478	121,5,121,5
1526394304.876258793	141	40	48	0	1	1	2	-73	32678	6	1	1596	1478	121,5,121,5
1526394304.888134196	141	40	48	0	1	1	2	-73	32679	6	1	1596	1478	121,5,121,5
1526394304.899848626	141	40	48	0	1	1	2	-73	32680	6	1	1596	1478	121,5,121,5
1526394304.911600718	141	40	48	0	1	1	2	-73	32681	6	1	1596	1478	121,5,121,5
1526394304.923668932	141	40	48	0	1	1	2	-73	32682	6	1	1596	1478	121,5,121,5
1526394304.934957284	141	40	48	0	1	1	2	-73	32683	6	1	1596	1478	121,5,121,5
1526394304.946887857	141	40	48	0	1	1	2	-73	32684	6	1	1596	1478	121,5,121,5
1526394304.959085067	141	40	48	0	1	1	2	-72	32686	6	1	1596	1478	121,5,121,5
1526394304.970408196	141	40	48	0	1	1	2	-73	32687	6	1	1596	1478	121,5,121,5
1526394304.982074467	141	40	48	0	1	1	2	-73	32688	6	1	1596	1478	121,5,121,5
1526394304.993952798	141	40	48	0	1	1	2	-73	32689	6	1	1596	1478	121,5,121,5
1526394305.005692415	141	40	48	0	1	1	2	-72	32690	6	1	1596	1478	121,5,121,5
1526394305.017458977	141	40	48	0	1	1	2	-73	32691	6	1	1596	1478	121,5,121,5
1526394305.029144270	141	40	48	0	1	1	2	-73	32692	6	1	1596	1478	121,5,121,5
1526394305.040971825	141	40	48	0	1	1	2	-73	32693	6	1	1596	1478	121,5,121,5
1526394305.052718955	141	40	48	0	1	1	2	-72	32694	6	1	1596	1478	121,5,121,5
1526394305.065357271	141	40	48	0	1	1	2	-73	32697	6	1	1596	1478	121,5,121,5
1526394305.076253846	141	40	48	0	1	1	2	-72	32698	6	1	1596	1478	121,5,121,5
1526394305.089072689	141	40	48	0	1	1	2	-73	32699	6	1	1596	1478	121,5,121,5
1526394305.100595040	141	40	48	0	1	1	2	-73	32702	6	1	1596	1478	121,5,121,5
1526394305.111576522	141	40	48	0	1	1	2	-73	32703	6	1	1596	1478	121,5,121,5
1526394305.123303557	141	40	48	0	1	1	2	-73	32704	6	1	1596	1478	121,5,121,5
1526394305.135346455	141	40	48	0	1	1	2	-73	32705	6	1	1596	1478	121,5,121,5
1526394305.146738739	141	40	48	0	1	1	2	-73	32706	6	1	1596	1478	121,5,121,5
1526394305.158557288	141	40	48	0	1	1	2	-72	32707	6	1	1596	1478	121,5,121,5
1526394305.170271446	141	40	48	0	1	1	2	-72	32708	6	1	1596	1478	121,5,121,5
1526394305.182094093	141	40	48	0	1	1	2	-73	32709	6	1	1596	1478	121,5,121,5
1526394305.193862464	141	40	48	0	1	1	2	-72	32710	6	1	1596	1478	121,5,121,5
1526394305.205614876	141	40	48	0	1	1	2	-72	32711	6	1	1596	1478	121,5,121,5
1526394305.217349688	141	40	48	0	1	1	2	-72	32712	6	1	1596	1478	121,5,121,5
1526394305.229401849	141	40	48	0	1	1	2	-73	32714	6	1	1596	1478	121,5,121,5
1526394305.240883264	141	40	48	0	1	1	2	-72	32715	6	1	1596	1478	121,5,121,5
1526394305.253063591	141	40	48	0	1	1	2	-72	32716	6	1	1596	1478	121,5,121,5
1526394305.264397831	141	40	48	0	1	1	2	-72	32717	6	1	1596	1478	121,5,121,5
1526394305.276801147	141	40	48	0	1	1	2	-73	32718	6	1	1596	1478	121,5,121,5
1526394305.287905016	141	40	48	0	1	1	2	-72	32719	6	1	1596	1478	121,5,121,5
1526394305.299713947	141	40	48	0	1	1	2	-73	32720	6	1	1596	1478	121,5,121,5
1526394305.311442100	141	40	48	0	1	1	2	-73	32721	6	1	1596	1478	121,5,121,5
1526394305.323237286	141	40	48	0	1	1	2	-72	32722	6	1	1596	1478	121,5,121,5
1526394305.334828148	141	40	48	0	1	1	2	-73	32723	6	1	1596	1478	121,5,121,5
1526394305.346738427	141	40	48	0	1	1	2	-73	32724	6	1	1596	1478	121,5,121,5
1526394305.358489581	141	40	48	0	1	1	2	-73	32725	6	1	1596	1478	121,5,121,5
1526394305.370152302	141	40	48	0	1	1	2	-72	32726	6	1	1596	1478	121,5,121,5
1526394305.383250965	141	40	48	0	1	1	2	-72	32730	6	1	1596	1478	121,5,121,5
1526394305.394153346	141	40	48	0	1	1	2	-73	32731	6	1	1596	1478	121,5,121,5
1526394305.405516851	141	40	48	0	1	1	2	-73	32732	6	1	1596	1478	121,5,121,5
1526394305.418135073	141	40	48	0	1	1	2	-73	32734	6	1	1596	1478	121,5,121,5
1526394305.429030532	141	40	48	0	1	1	2	-72	32735	6	1	1596	1478	121,5,121,5
1526394305.440663934	141	40	48	0	1	1	2	-73	32736	6	1	1596	1478	121,5,121,5
1526394305.452346594	141	40	48	0	1	1	2	-72	32737	6	1	1596	1478	121,5,121,5
1526394305.464598176	141	40	48	0	1	1	2	-73	32738	6	1	1596	1478	121,5,121,5
1526394305.475860644	141	40	48	0	1	1	2	-72	32739	6	1	1596	1478	121,5,121,5
1526394305.488284850	141	40	48	0	1	1	2	-73	32741	6	1	1596	1478	121,5,121,5
1526394305.499628956	141	40	48	0	1	1	2	-73	32742	6	1	1596	1478	121,5,121,5
1526394305.511775278	141	40	48	0	1	1	2	-72	32744	6	1	1596	1478	121,5,121,5
1526394305.523122822	141	40	48	0	1	1	2	-73	32745	6	1	1596	1478	121,5,121,5
1526394305.534796391	141	40	48	0	1	1	2	-73	32746	6	1	1596	1478	121,5,121,5
1526394305.546979172	141	40	48	0	1	1	2	-73	32747	6	1	1596	1478	121,5,121,5
1526394305.558156754	141	40	48	0	1	1	2	-72	32748	6	1	1596	1478	121,5,121,5
1526394305.570159570	141	40	48	0	1	1	2	-72	32749	6	1	1596	1478	121,5,121,5
1526394305.581934822	141	40	48	0	1	1	2	-73	32750	6	1	1596	1478	121,5,121,5
1526394305.594081154	141	40	48	0	1	1	2	-73	32751	6	1	1596	1478	121,5,121,5
1526394305.605489950	141	40	48	0	1	1	2	-72	32752	6	1	1596	1478	121,5,121,5
1526394305.617209523	141	40	48	0	1	1	2	-72	32753	6	1	1596	1478	121,5,121,5
1526394305.629764135	141	40	48	0	1	1	2	-73	32755	6	1	1596	1478	121,5,121,5
1526394305.641538960	141	40	48	0	1	1	2	-72	32757	6	1	1596	1478	121,5,121,5
1526394305.652488270	141	40	48	0	1	1	2	-73	32758	6	1	1596	1478	121,5,121,5
1526394305.664255440	141	40	48	0	1	1	2	-73	32759	6	1	1596	1478	121,5,121,5
1526394305.676020803	141	40	48	0	1	1	2	-72	32760	6	1	1596	1478	121,5,121,5
1526394305.687760470	141	40	48	0	1	1	2	-73	32761	6	1	1596	1478	121,5,121,5
1526394305.699825100	141	40	48	0	1	1	2	-72	32762	6	1	1596	1478	121,5,121,5
1526394305.711311847	141	40	48	0	1	1	2	-72	32763	6	1	1596	1478	121,5,121,5
1526394305.723920286	141	40	48	0	1	1	2	-73	32765	6	1	1596	1478	121,5,121,5
1526394305.734800571	141	40	48	0	1	1	2	-73	32766	6	1	1596	1478	121,5,121,5
1526394305.746566452	141	40	48	0	1	1	2	-73	32767	6	1	1596	1478	121,5,121,5
1526394305.759148937	141	40	48	0	1	1	2	-72	32770	6	1	1596	1478	121,5,121,5
1526394305.770079266	141	40	48	0	1	1	2	-73	32771	6	1	1596	1478	121,5,121,5
1526394305.781855854	141	40	48	0	1	1	2	-72	32772	6	1	1596	1478	121,5,121,5
1526394305.793623244	141	40	48	0	1	1	2	-72	32773	6	1	1596	1478	121,5,121,5
1526394305.805420033	141	40	48	0	1	1	2	-73	32774	6	1	1596	1478	121,5,121,5
1526394305.817115792	141	40	48	0	1	1	2	-72	32775	6	1	1596	1478	121,5,121,5
1526394305.828881221	141	40	48	0	1	1	2	-72	32776	6	1	1596	1478	121,5,121,5
1526394305.840637795	141	40	48	0	1	1	2	-74	32777	6	1	1596	1478	121,5,121,5
1526394305.852348859	141	40	48	0	1	1	2	-73	32778	6	1	1596	1478	121,5,121,5
1526394305.864178342	141	40	48	0	1	1	2	-73	32779	6	1	1596	1478	121,5,121,5
1526394305.875885633	141	40	48	0	1	1	2	-72	32780	6	1	1596	1478	121,5,121,5
1526394305.887997966	141	40	48	0	1	1	2	-74	32781	6	1	1596	1478	121,5,121,5
1526394305.899436145	141	40	48	0	1	1	2	-73	32782	6	1	1596	1478	121,5,121,5
1526394305.911234023	141	40	48	0	1	1	2	-72	32783	6	1	1596	1478	121,5,121,5
1526394305.924157056	141	40	48	0	1	1	2	-73	32786	6	1	1596	1478	121,5,121,5
1526394305.934723674	141	40	48	0	1	1	2	-73	32787	6	1	1596	1478	121,5,121,5
1526394305.946397289	141	40	48	0	1	1	2	-73	32788	6	1	1596	1478	121,5,121,5
1526394305.958252789	141	40	48	0	1	1	2	-73	32789	6	1	1596	1478	121,5,121,5
1526394305.970445954	141	40	48	0	1	1	2	-73	32790	6	1	1596	1478	121,5,121,5
1526394305.981751303	141	40	48	0	1	1	2	-72	32791	6	1	1596	1478	121,5,121,5
1526394305.993928204	141	40	48	0	1	1	2	-72	32792	6	1	1596	1478	121,5,121,5
1526394306.005250996	141	40	48	0	1	1	2	-73	32793	6	1	1596	1478	121,5,121,5
1526394306.017534800	141	40	48	0	1	1	2	-73	32795	6	1	1596	1478	121,5,121,5
1526394306.028731600	141	40	48	0	1	1	2	-73	32796	6	1	1596	1478	121,5,121,5
1526394306.040883283	141	40	48	0	1	1	2	-72	32798	6	1	1596	1478	121,5,121,5
1526394306.052663173	141	40	48	0	1	1	2	-73	32800	6	1	1596	1478	121,5,121,5
1526394306.064087028	141	40	48	0	1	1	2	-72	32801	6	1	1596	1478	121,5,121,5
1526394306.075841542	141	40	48	0	1	1	2	-73	32802	6	1	1596	1478	121,5,121,5
1526394306.088023153	141	40	48	0	1	1	2	-72	32803	6	1	1596	1478	121,5,121,5
1526394306.099726829	141	40	48	0	1	1	2	-72	32805	6	1	1596	1478	121,5,121,5
1526394306.111514874	141	40	48	0	1	1	2	-73	32807	6	1	1596	1478	121,5,121,5
1526394306.122894106	141	40	48	0	1	1	2	-72	32808	6	1	1596	1478	121,5,121,5
1526394306.135104208	141	40	48	0	1	1	2	-72	32810	6	1	1596	1478	121,5,121,5
1526394306.146326852	141	40	48	0	1	1	2	-73	32811	6	1	1596	1478	121,5,121,5
1526394306.158010820	141	40	48	0	1	1	2	-72	32812	6	1	1596	1478	121,5,121,5
1526394306.169923329	141	40	48	0	1	1	2	-72	32813	6	1	1596	1478	121,5,121,5
1526394306.181680455	141	40	48	0	1	1	2	-73	32814	6	1	1596	1478	121,5,121,5
1526394306.193439408	141	40	48	0	1	1	2	-72	32815	6	1	1596	1478	121,5,121,5
1526394306.205200805	141	40	48	0	1	1	2	-72	32816	6	1	1596	1478	121,5,121,5
1526394306.217354288	141	40	48	0	1	1	2	-72	32818	6	1	1596	1478	121,5,121,5
1526394306.228727573	141	40	48	0	1	1	2	-72	32819	6	1	1596	1478	121,5,121,5
1526394306.240827219	141	40	48	0	1	1	2	-73	32821	6	1	1596	1478	121,5,121,5
1526394306.253460288	141	40	48	0	1	1	2	-72	32823	6	1	1596	1478	121,5,121,5
1526394306.264746236	141	40	48	0	1	1	2	-73	32825	6	1	1596	1478	121,5,121,5
1526394306.275763415	141	40	48	0	1	1	2	-72	32826	6	1	1596	1478	121,5,121,5
1526394306.287441272	141	40	48	0	1	1	2	-72	32827	6	1	1596	1478	121,5,121,5
1526394306.299144073	141	40	48	0	1	1	2	-73	32828	6	1	1596	1478	121,5,121,5
1526394306.310977232	141	40	48	0	1	1	2	-72	32829	6	1	1596	1478	121,5,121,5
1526394306.322722275	141	40	48	0	1	1	2	-72	32830	6	1	1596	1478	121,5,121,5
1526394306.334586463	141	40	48	0	1	1	2	-73	32831	6	1	1596	1478	121,5,121,5
1526394306.346314892	141	40	48	0	1	1	2	-73	32832	6	1	1596	1478	121,5,121,5
1526394306.358092065	141	40	48	0	1	1	2	-72	32833	6	1	1596	1478	121,5,121,5
1526394306.369764112	141	40	48	0	1	1	2	-73	32834	6	1	1596	1478	121,5,121,5
1526394306.381985320	141	40	48	0	1	1	2	-73	32835	6	1	1596	1478	121,5,121,5
1526394306.393384121	141	40	48	0	1	1	2	-73	32836	6	1	1596	1478	121,5,121,5
1526394306.406005691	141	40	48	0	1	1	2	-72	32839	6	1	1596	1478	121,5,121,5
1526394306.419056186	141	40	48	0	1	1	2	-72	32842	6	1	1596	1478	121,5,121,5
1526394306.429485953	141	40	48	0	1	1	2	-73	32844	6	1	1596	1478	121,5,121,5
1526394306.440336640	141	40	48	0	1	1	2	-72	32845	6	1	1596	1478	121,5,121,5
1526394306.452081896	141	40	48	0	1	1	2	-73	32846	6	1	1596	1478	121,5,121,5
1526394306.463716005	141	40	48	0	1	1	2	-72	32847	6	1	1596	1478	121,5,121,5
1526394306.475432921	141	40	48	0	1	1	2	-73	32848	6	1	1596	1478	121,5,121,5
1526394306.488045892	141	40	48	0	1	1	2	-73	32851	6	1	1596	1478	121,5,121,5
1526394306.499938901	141	40	48	0	1	1	2	-72	32854	6	1	1596	1478	121,5,121,5
1526394306.510838713	141	40	48	0	1	1	2	-73	32855	6	1	1596	1478	121,5,121,5
1526394306.523119308	141	40	48	0	1	1	2	-73	32856	6	1	1596	1478	121,5,121,5
1526394306.534228355	141	40	48	0	1	1	2	-72	32857	6	1	1596	1478	121,5,121,5
1526394306.545996648	141	40	48	0	1	1	2	-73	32858	6	1	1596	1478	121,5,121,5
1526394306.557780500	141	40	48	0	1	1	2	-72	32859	6	1	1596	1478	121,5,121,5
1526394306.569580131	141	40	48	0	1	1	2	-73	32860	6	1	1596	1478	121,5,121,5
1526394306.581507683	141	40	48	0	1	1	2	-72	32861	6	1	1596	1478	121,5,121,5
1526394306.594360124	141	40	48	0	1	1	2	-73	32863	6	1	1596	1478	121,5,121,5
1526394306.604975352	141	40	48	0	1	1	2	-72	32864	6	1	1596	1478	121,5,121,5
1526394306.616807932	141	40	48	0	1	1	2	-73	32865	6	1	1596	1478	121,5,121,5
1526394306.628504611	141	40	48	0	1	1	2	-73	32866	6	1	1596	1478	121,5,121,5
1526394306.640251430	141	40	48	0	1	1	2	-73	32867	6	1	1596	1478	121,5,121,5
1526394306.651993705	141	40	48	0	1	1	2	-73	32868	6	1	1596	1478	121,5,121,5
1526394306.663878997	141	40	48	0	1	1	2	-73	32869	6	1	1596	1478	121,5,121,5
1526394306.675626025	141	40	48	0	1	1	2	-73	32870	6	1	1596	1478	121,5,121,5
1526394306.687290787	141	40	48	0	1	1	2	-73	32871	6	1	1596	1478	121,5,121,5
1526394306.699130011	141	40	48	0	1	1	2	-72	32872	6	1	1596	1478	121,5,121,5
1526394306.710959977	141	40	48	0	1	1	2	-72	32873	6	1	1596	1478	121,5,121,5
1526394306.722640218	141	40	48	0	1	1	2	-73	32874	6	1	1596	1478	121,5,121,5
1526394306.734859547	141	40	48	0	1	1	2	-72	32876	6	1	1596	1478	121,5,121,5
1526394306.746170542	141	40	48	0	1	1	2	-73	32877	6	1	1596	1478	121,5,121,5
1526394306.758649404	141	40	48	0	1	1	2	-73	32879	6	1	1596	1478	121,5,121,5
1526394306.769967656	141	40	48	0	1	1	2	-73	32881	6	1	1596	1478	121,5,121,5
1526394306.781356319	141	40	48	0	1	1	2	-72	32882	6	1	1596	1478	121,5,121,5
1526394306.793099119	141	40	48	0	1	1	2	-73	32883	6	1	1596	1478	121,5,121,5
1526394306.805259763	141	40	48	0	1	1	2	-73	32884	6	1	1596	1478	121,5,121,5
1526394306.816601801	141	40	48	0	1	1	2	-73	32885	6	1	1596	1478	121,5,121,5
1526394306.829166967	141	40	48	0	1	1	2	-73	32888	6	1	1596	1478	121,5,121,5
1526394306.840132683	141	40	48	0	1	1	2	-73	32889	6	1	1596	1478	121,5,121,5
1526394306.851861004	141	40	48	0	1	1	2	-73	32890	6	1	1596	1478	121,5,121,5
1526394306.863646643	141	40	48	0	1	1	2	-73	32891	6	1	1596	1478	121,5,121,5
1526394306.875307239	141	40	48	0	1	1	2	-73	32892	6	1	1596	1478	121,5,121,5
1526394306.887161833	141	40	48	0	1	1	2	-73	32893	6	1	1596	1478	121,5,121,5
1526394306.898915201	141	40	48	0	1	1	2	-73	32894	6	1	1596	1478	121,5,121,5
1526394306.910671810	141	40	48	0	1	1	2	-73	32895	6	1	1596	1478	121,5,121,5
1526394306.922849180	141	40	48	0	1	1	2	-73	32896	6	1	1596	1478	121,5,121,5
1526394306.935875508	153	40	48	0	1	1	2	-72	32900	5	1	1596	1478	108,108
1526394306.945963081	153	40	48	0	1	1	2	-74	32901	5	1	1596	1478	108,108
1526394306.957743196	153	40	48	0	1	1	2	-72	32902	5	1	1596	1478	108,108
1526394306.969360684	153	40	48	0	1	1	2	-74	32903	5	1	1596	1478	108,108
1526394306.981126835	153	40	48	0	1	1	2	-73	32904	5	1	1596	1478	108,108
1526394306.993007063	153	40	48	0	1	1	2	-72	32905	5	1	1596	1478	108,108
1526394307.004772821	153	40	48	0	1	1	2	-72	32906	5	1	1596	1478	108,108
1526394307.016613831	153	40	48	0	1	1	2	-73	32907	5	1	1596	1478	108,108
1526394307.028331408	153	40	48	0	1	1	2	-73	32908	5	1	1596	1478	108,108
1526394307.040107999	153	40	48	0	1	1	2	-73	32909	5	1	1596	1478	108,108
1526394307.051800885	153	40	48	0	1	1	2	-73	32910	5	1	1596	1478	108,108
1526394307.063629135	153	40	48	0	1	1	2	-72	32911	5	1	1596	1478	108,108
1526394307.075465598	153	40	48	0	1	1	2	-73	32912	5	1	1596	1478	108,108
1526394307.087206650	141	40	48	0	1	1	2	-73	32913	6	1	1596	1478	121,5,121,5
1526394307.098992031	153	40	48	0	1	1	2	-73	32914	5	1	1596	1478	108,108
1526394307.110757626	153	40	48	0	1	1	2	-73	32915	5	1	1596	1478	108,108
1526394307.122491462	153	40	48	0	1	1	2	-73	32916	5	1	1596	1478	108,108
1526394307.134278996	153	40	48	0	1	1	2	-73	32917	5	1	1596	1478	108,108
1526394307.145999445	141	40	48	0	1	1	2	-73	32918	6	1	1596	1478	121,5,121,5
1526394307.157833553	153	40	48	0	1	1	2	-73	32919	5	1	1596	1478	108,108
1526394307.169598400	153	40	48	0	1	1	2	-74	32920	5	1	1596	1478	108,108
1526394307.181333447	153	40	48	0	1	1	2	-72	32921	5	1	1596	1478	108,108
1526394307.193574146	153	40	48	0	1	1	2	-73	32922	5	1	1596	1478	108,108
1526394307.204840933	141	40	48	0	1	1	2	-73	32923	6	1	1596	1478	121,5,121,5
1526394307.216633619	153	40	48	0	1	1	2	-73	32924	5	1	1596	1478	108,108
1526394307.228397887	153	40	48	0	1	1	2	-73	32925	5	1	1596	1478	108,108
1526394307.240160576	153	40	48	0	1	1	2	-72	32926	5	1	1596	1478	108,108
1526394307.251862161	153	40	48	0	1	1	2	-72	32927	5	1	1596	1478	108,108
1526394307.263943262	153	40	48	0	1	1	2	-73	32928	5	1	1596	1478	108,108
1526394307.275290410	153	40	48	0	1	1	2	-72	32929	5	1	1596	1478	108,108
1526394307.287193215	153	40	48	0	1	1	2	-73	32930	5	1	1596	1478	108,108
1526394307.298972438	153	40	48	0	1	1	2	-73	32931	5	1	1596	1478	108,108
1526394307.311136426	153	40	48	0	1	1	2	-73	32932	5	1	1596	1478	108,108
1526394307.322473674	153	40	48	0	1	1	2	-73	32933	5	1	1596	1478	108,108
1526394307.334235875	153	40	48	0	1	1	2	-73	32934	5	1	1596	1478	108,108
1526394307.346009747	153	40	48	0	1	1	2	-73	32935	5	1	1596	1478	108,108
1526394307.357745113	153	40	48	0	1	1	2	-72	32936	5	1	1596	1478	108,108
1526394307.369259747	153	40	48	0	1	1	2	-73	32937	5	1	1596	1478	108,108
1526394307.381294618	153	40	48	0	1	1	2	-73	32938	5	1	1596	1478	108,108
1526394307.392843743	153	40	48	0	1	1	2	-73	32939	5	1	1596	1478	108,108
1526394307.404691560	153	40	48	0	1	1	2	-72	32940	5	1	1596	1478	108,108
1526394307.416440696	153	40	48	0	1	1	2	-74	32941	5	1	1596	1478	108,108
1526394307.428051517	141	40	48	0	1	1	2	-73	32942	6	1	1596	1478	121,5,121,5
1526394307.439976125	141	40	48	0	1	1	2	-73	32943	6	1	1596	1478	121,5,121,5
1526394307.451784980	141	40	48	0	1	1	2	-73	32944	6	1	1596	1478	121,5,121,5
1526394307.463518699	141	40	48	0	1	1	2	-72	32945	6	1	1596	1478	121,5,121,5
1526394307.475279082	141	40	48	0	1	1	2	-73	32946	6	1	1596	1478	121,5,121,5
1526394307.487371029	141	40	48	0	1	1	2	-73	32947	6	1	1596	1478	121,5,121,5
1526394307.499119784	141	40	48	0	1	1	2	-73	32949	6	1	1596	1478	121,5,121,5
1526394307.511343523	141	40	48	0	1	1	2	-73	32952	6	1	1596	1478	121,5,121,5
1526394307.522309257	141	40	48	0	1	1	2	-72	32953	6	1	1596	1478	121,5,121,5
1526394307.533761420	141	40	48	0	1	1	2	-72	32954	6	1	1596	1478	121,5,121,5
1526394307.545766116	141	40	48	0	1	1	2	-73	32955	6	1	1596	1478	121,5,121,5
1526394307.558369423	141	40	48	0	1	1	2	-73	32958	6	1	1596	1478	121,5,121,5
1526394307.569377032	141	40	48	0	1	1	2	-72	32959	6	1	1596	1478	121,5,121,5
1526394307.581149699	141	40	48	0	1	1	2	-74	32960	6	1	1596	1478	121,5,121,5
1526394307.592887448	141	40	48	0	1	1	2	-73	32961	6	1	1596	1478	121,5,121,5
1526394307.605073239	141	40	48	0	1	1	2	-72	32963	6	1	1596	1478	121,5,121,5
1526394307.616326436	141	40	48	0	1	1	2	-72	32964	6	1	1596	1478	121,5,121,5
1526394307.628069957	141	40	48	0	1	1	2	-73	32965	6	1	1596	1478	121,5,121,5
1526394307.640246192	141	40	48	0	1	1	2	-72	32966	6	1	1596	1478	121,5,121,5
1526394307.652113600	141	40	48	0	1	1	2	-73	32968	6	1	1596	1478	121,5,121,5
1526394307.663464507	141	40	48	0	1	1	2	-73	32969	6	1	1596	1478	121,5,121,5
1526394307.676402137	141	40	48	0	1	1	2	-72	32973	6	1	1596	1478	121,5,121,5
1526394307.686974254	141	40	48	0	1	1	2	-72	32974	6	1	1596	1478	121,5,121,5
1526394307.698719930	141	40	48	0	1	1	2	-72	32975	6	1	1596	1478	121,5,121,5
1526394307.710479325	141	40	48	0	1	1	2	-73	32976	6	1	1596	1478	121,5,121,5
1526394307.722641776	141	40	48	0	1	1	2	-72	32977	6	1	1596	1478	121,5,121,5
1526394307.734786840	141	40	48	0	1	1	2	-72	32979	6	1	1596	1478	121,5,121,5
1526394307.745788557	141	40	48	0	1	1	2	-72	32980	6	1	1596	1478	121,5,121,5
1526394307.757982583	141	40	48	0	1	1	2	-72	32982	6	1	1596	1478	121,5,121,5
1526394307.769737502	141	40	48	0	1	1	2	-73	32984	6	1	1596	1478	121,5,121,5
1526394307.780964761	141	40	48	0	1	1	2	-73	32985	6	1	1596	1478	121,5,121,5
1526394307.792801182	141	40	48	0	1	1	2	-74	32986	6	1	1596	1478	121,5,121,5
1526394307.804494789	141	40	48	0	1	1	2	-74	32987	6	1	1596	1478	121,5,121,5
1526394307.817143354	141	40	48	0	1	1	2	-72	32989	6	1	1596	1478	121,5,121,5
1526394307.827959889	141	40	48	0	1	1	2	-72	32990	6	1	1596	1478	121,5,121,5
1526394307.839863771	141	40	48	0	1	1	2	-72	32991	6	1	1596	1478	121,5,121,5
1526394307.854112184	153	40	48	0	1	1	2	-72	32994	5	1	1596	1478	108,108
1526394307.863362360	153	40	48	0	1	1	2	-73	32995	5	1	1596	1478	108,108
1526394307.875139981	153	40	48	0	1	1	2	-73	32996	5	1	1596	1478	108,108
1526394307.886899237	153	40	48	0	1	1	2	-73	32997	5	1	1596	1478	108,108
1526394307.898687086	153	40	48	0	1	1	2	-72	32998	5	1	1596	1478	108,108
1526394307.910708398	153	40	48	0	1	1	2	-73	32999	5	1	1596	1478	108,108
1526394307.922168580	153	40	48	0	1	1	2	-73	33000	5	1	1596	1478	108,108
1526394307.933862047	153	40	48	0	1	1	2	-73	33001	5	1	1596	1478	108,108
1526394307.945718322	153	40	48	0	1	1	2	-73	33002	5	1	1596	1478	108,108
1526394307.957344787	153	40	48	0	1	1	2	-73	33003	5	1	1596	1478	108,108
1526394307.969181908	153	40	48	0	1	1	2	-73	33004	5	1	1596	1478	108,108
1526394307.980967673	141	40	48	0	1	1	2	-73	33005	6	1	1596	1478	121,5,121,5
1526394307.992628127	153	40	48	0	1	1	2	-73	33006	5	1	1596	1478	108,108
1526394308.004493447	153	40	48	0	1	1	2	-73	33007	5	1	1596	1478	108,108
1526394308.016252307	153	40	48	0	1	1	2	-73	33008	5	1	1596	1478	108,108
1526394308.028002644	153	40	48	0	1	1	2	-73	33009	5	1	1596	1478	108,108
1526394308.039632805	141	40	48	0	1	1	2	-73	33010	6	1	1596	1478	121,5,121,5
1526394308.051558020	153	40	48	0	1	1	2	-73	33011	5	1	1596	1478	108,108
1526394308.063234358	153	40	48	0	1	1	2	-73	33012	5	1	1596	1478	108,108
1526394308.075061726	153	40	48	0	1	1	2	-73	33013	5	1	1596	1478	108,108
1526394308.086812552	153	40	48	0	1	1	2	-73	33014	5	1	1596	1478	108,108
1526394308.098569012	141	40	48	0	1	1	2	-73	33015	6	1	1596	1478	121,5,121,5
1526394308.110353608	153	40	48	0	1	1	2	-73	33016	5	1	1596	1478	108,108
1526394308.122100403	153	40	48	0	1	1	2	-72	33017	5	1	1596	1478	108,108
1526394308.133855132	153	40	48	0	1	1	2	-72	33018	5	1	1596	1478	108,108
1526394308.145607265	153	40	48	0	1	1	2	-72	33019	5	1	1596	1478	108,108
1526394308.159569152	153	40	48	0	1	1	2	-74	33020	5	1	1596	1478	108,108
1526394308.169156044	153	40	48	0	1	1	2	-73	33021	5	1	1596	1478	108,108
1526394308.180908802	153	40	48	0	1	1	2	-73	33022	5	1	1596	1478	108,108
1526394308.192663118	153	40	48	0	1	1	2	-73	33023	5	1	1596	1478	108,108
1526394308.204830339	153	40	48	0	1	1	2	-73	33024	5	1	1596	1478	108,108
1526394308.216190348	153	40	48	0	1	1	2	-73	33025	5	1	1596	1478	108,108
1526394308.227971176	153	40	48	0	1	1	2	-74	33026	5	1	1596	1478	108,108
1526394308.239555516	153	40	48	0	1	1	2	-72	33027	5	1	1596	1478	108,108
1526394308.251381222	153	40	48	0	1	1	2	-73	33028	5	1	1596	1478	108,108
1526394308.263250909	153	40	48	0	1	1	2	-72	33029	5	1	1596	1478	108,108
1526394308.274990607	153	40	48	0	1	1	2	-72	33030	5	1	1596	1478	108,108
1526394308.286752060	153	40	48	0	1	1	2	-73	33031	5	1	1596	1478	108,108
1526394308.298512573	153	40	48	0	1	1	2	-74	33032	5	1	1596	1478	108,108
1526394308.310259144	153	40	48	0	1	1	2	-73	33033	5	1	1596	1478	108,108
1526394308.322006806	141	40	48	0	1	1	2	-72	33034	6	1	1596	1478	121,5,121,5
1526394308.333770771	141	40	48	0	1	1	2	-72	33035	6	1	1596	1478	121,5,121,5
1526394308.346006524	141	40	48	0	1	1	2	-72	33037	6	1	1596	1478	121,5,121,5
1526394308.357314763	141	40	48	0	1	1	2	-73	33038	6	1	1596	1478	121,5,121,5
1526394308.369444298	141	40	48	0	1	1	2	-73	33040	6	1	1596	1478	121,5,121,5
1526394308.381563683	141	40	48	0	1	1	2	-73	33041	6	1	1596	1478	121,5,121,5
1526394308.392480621	141	40	48	0	1	1	2	-72	33042	6	1	1596	1478	121,5,121,5
1526394308.404239531	141	40	48	0	1	1	2	-73	33043	6	1	1596	1478	121,5,121,5
1526394308.416072196	141	40	48	0	1	1	2	-72	33044	6	1	1596	1478	121,5,121,5
1526394308.427866769	141	40	48	0	1	1	2	-73	33045	6	1	1596	1478	121,5,121,5
1526394308.440785450	141	40	48	0	1	1	2	-73	33049	6	1	1596	1478	121,5,121,5
1526394308.451975502	141	40	48	0	1	1	2	-73	33051	6	1	1596	1478	121,5,121,5
1526394308.463540390	141	40	48	0	1	1	2	-73	33053	6	1	1596	1478	121,5,121,5
1526394308.474900797	141	40	48	0	1	1	2	-73	33054	6	1	1596	1478	121,5,121,5
1526394308.487059249	141	40	48	0	1	1	2	-73	33056	6	1	1596	1478	121,5,121,5
1526394308.498426977	141	40	48	0	1	1	2	-72	33057	6	1	1596	1478	121,5,121,5
1526394308.510566701	141	40	48	0	1	1	2	-72	33059	6	1	1596	1478	121,5,121,5
1526394308.521948456	141	40	48	0	1	1	2	-73	33060	6	1	1596	1478	121,5,121,5
1526394308.533571146	141	40	48	0	1	1	2	-73	33061	6	1	1596	1478	121,5,121,5
1526394308.546239653	141	40	48	0	1	1	2	-73	33062	6	1	1596	1478	121,5,121,5
1526394308.557165623	141	40	48	0	1	1	2	-73	33063	6	1	1596	1478	121,5,121,5
1526394308.569333783	141	40	48	0	1	1	2	-72	33064	6	1	1596	1478	121,5,121,5
1526394308.580623429	141	40	48	0	1	1	2	-73	33065	6	1	1596	1478	121,5,121,5
1526394308.592497497	141	40	48	0	1	1	2	-73	33066	6	1	1596	1478	121,5,121,5
1526394308.604243965	141	40	48	0	1	1	2	-72	33067	6	1	1596	1478	121,5,121,5
1526394308.616391746	141	40	48	0	1	1	2	-73	33068	6	1	1596	1478	121,5,121,5
1526394308.627772651	141	40	48	0	1	1	2	-73	33069	6	1	1596	1478	121,5,121,5
1526394308.639523827	141	40	48	0	1	1	2	-73	33070	6	1	1596	1478	121,5,121,5
1526394308.651302076	141	40	48	0	1	1	2	-72	33071	6	1	1596	1478	121,5,121,5
1526394308.663039572	141	40	48	0	1	1	2	-73	33072	6	1	1596	1478	121,5,121,5
1526394308.675115021	141	40	48	0	1	1	2	-72	33073	6	1	1596	1478	121,5,121,5
1526394308.686569619	141	40	48	0	1	1	2	-73	33074	6	1	1596	1478	121,5,121,5
1526394308.698313477	141	40	48	0	1	1	2	-73	33075	6	1	1596	1478	121,5,121,5
1526394308.710507866	141	40	48	0	1	1	2	-73	33076	6	1	1596	1478	121,5,121,5
1526394308.721851998	141	40	48	0	1	1	2	-73	33077	6	1	1596	1478	121,5,121,5
1526394308.733617960	141	40	48	0	1	1	2	-73	33078	6	1	1596	1478	121,5,121,5
1526394308.745375822	141	40	48	0	1	1	2	-73	33079	6	1	1596	1478	121,5,121,5
1526394308.757134985	141	40	48	0	1	1	2	-74	33080	6	1	1596	1478	121,5,121,5
1526394308.769331325	141	40	48	0	1	1	2	-73	33082	6	1	1596	1478	121,5,121,5
1526394308.781522877	141	40	48	0	1	1	2	-73	33084	6	1	1596	1478	121,5,121,5
1526394308.792403781	141	40	48	0	1	1	2	-73	33085	6	1	1596	1478	121,5,121,5
1526394308.804176364	141	40	48	0	1	1	2	-74	33086	6	1	1596	1478	121,5,121,5
1526394308.816619669	141	40	48	0	1	1	2	-73	33089	6	1	1596	1478	121,5,121,5
1526394308.828497628	141	40	48	0	1	1	2	-72	33092	6	1	1596	1478	121,5,121,5
1526394308.839411956	141	40	48	0	1	1	2	-73	33093	6	1	1596	1478	121,5,121,5
1526394308.851196739	141	40	48	0	1	1	2	-73	33094	6	1	1596	1478	121,5,121,5
1526394308.863009106	141	40	48	0	1	1	2	-73	33095	6	1	1596	1478	121,5,121,5
1526394308.876191436	141	40	48	0	1	1	2	-73	33098	6	1	1596	1478	121,5,121,5
1526394308.887295409	141	40	48	0	1	1	2	-74	33100	6	1	1596	1478	121,5,121,5
1526394308.898246525	141	40	48	0	1	1	2	-72	33101	6	1	1596	1478	121,5,121,5
1526394308.910014226	141	40	48	0	1	1	2	-72	33102	6	1	1596	1478	121,5,121,5
1526394308.921768391	141	40	48	0	1	1	2	-72	33103	6	1	1596	1478	121,5,121,5
1526394308.933514348	141	40	48	0	1	1	2	-73	33104	6	1	1596	1478	121,5,121,5
1526394308.945187903	141	40	48	0	1	1	2	-72	33105	6	1	1596	1478	121,5,121,5
1526394308.956970516	141	40	48	0	1	1	2	-72	33106	6	1	1596	1478	121,5,121,5
1526394308.968696343	141	40	48	0	1	1	2	-72	33107	6	1	1596	1478	121,5,121,5
1526394308.981305492	141	40	48	0	1	1	2	-73	33110	6	1	1596	1478	121,5,121,5
1526394308.992292368	141	40	48	0	1	1	2	-72	33111	6	1	1596	1478	121,5,121,5
1526394309.004479612	141	40	48	0	1	1	2	-73	33113	6	1	1596	1478	121,5,121,5
1526394309.015782650	141	40	48	0	1	1	2	-73	33114	6	1	1596	1478	121,5,121,5
1526394309.028292584	141	40	48	0	1	1	2	-73	33116	6	1	1596	1478	121,5,121,5
1526394309.039275468	141	40	48	0	1	1	2	-73	33117	6	1	1596	1478	121,5,121,5
1526394309.051121162	141	40	48	0	1	1	2	-73	33118	6	1	1596	1478	121,5,121,5
1526394309.062780267	141	40	48	0	1	1	2	-73	33119	6	1	1596	1478	121,5,121,5
1526394309.075048751	141	40	48	0	1	1	2	-73	33120	6	1	1596	1478	121,5,121,5
1526394309.086443943	141	40	48	0	1	1	2	-73	33121	6	1	1596	1478	121,5,121,5
1526394309.098195741	141	40	48	0	1	1	2	-73	33122	6	1	1596	1478	121,5,121,5
1526394309.109942367	141	40	48	0	1	1	2	-72	33123	6	1	1596	1478	121,5,121,5
1526394309.121685363	141	40	48	0	1	1	2	-73	33124	6	1	1596	1478	121,5,121,5
1526394309.133889961	141	40	48	0	1	1	2	-72	33126	6	1	1596	1478	121,5,121,5
1526394309.145587634	141	40	48	0	1	1	2	-72	33128	6	1	1596	1478	121,5,121,5
1526394309.157371361	141	40	48	0	1	1	2	-73	33130	6	1	1596	1478	121,5,121,5
1526394309.169159938	141	40	48	0	1	1	2	-73	33131	6	1	1596	1478	121,5,121,5
1526394309.180483597	141	40	48	0	1	1	2	-73	33132	6	1	1596	1478	121,5,121,5
1526394309.192273871	141	40	48	0	1	1	2	-73	33133	6	1	1596	1478	121,5,121,5
1526394309.203921378	141	40	48	0	1	1	2	-73	33134	6	1	1596	1478	121,5,121,5
1526394309.215608541	141	40	48	0	1	1	2	-73	33135	6	1	1596	1478	121,5,121,5
1526394309.227514092	141	40	48	0	1	1	2	-72	33136	6	1	1596	1478	121,5,121,5
1526394309.240513448	141	40	48	0	1	1	2	-73	33139	6	1	1596	1478	121,5,121,5
1526394309.251021161	141	40	48	0	1	1	2	-73	33140	6	1	1596	1478	121,5,121,5
1526394309.262811965	141	40	48	0	1	1	2	-72	33141	6	1	1596	1478	121,5,121,5
1526394309.275371519	141	40	48	0	1	1	2	-73	33144	6	1	1596	1478	121,5,121,5
1526394309.286355103	141	40	48	0	1	1	2	-72	33145	6	1	1596	1478	121,5,121,5
1526394309.298529943	141	40	48	0	1	1	2	-72	33146	6	1	1596	1478	121,5,121,5
1526394309.309861288	141	40	48	0	1	1	2	-73	33147	6	1	1596	1478	121,5,121,5
1526394309.322092021	141	40	48	0	1	1	2	-73	33149	6	1	1596	1478	121,5,121,5
1526394309.334118363	141	40	48	0	1	1	2	-72	33151	6	1	1596	1478	121,5,121,5
1526394309.345118603	141	40	48	0	1	1	2	-72	33152	6	1	1596	1478	121,5,121,5
1526394309.356869933	141	40	48	0	1	1	2	-72	33153	6	1	1596	1478	121,5,121,5
1526394309.368854295	141	40	48	0	1	1	2	-72	33155	6	1	1596	1478	121,5,121,5
1526394309.380304863	141	40	48	0	1	1	2	-73	33156	6	1	1596	1478	121,5,121,5
1526394309.392066957	141	40	48	0	1	1	2	-73	33157	6	1	1596	1478	121,5,121,5
1526394309.404242983	141	40	48	0	1	1	2	-73	33158	6	1	1596	1478	121,5,121,5
1526394309.415586323	141	40	48	0	1	1	2	-73	33159	6	1	1596	1478	121,5,121,5
1526394309.427333904	141	40	48	0	1	1	2	-72	33160	6	1	1596	1478	121,5,121,5
1526394309.439065020	141	40	48	0	1	1	2	-73	33161	6	1	1596	1478	121,5,121,5
1526394309.451214022	141	40	48	0	1	1	2	-72	33162	6	1	1596	1478	121,5,121,5
1526394309.462570464	141	40	48	0	1	1	2	-73	33163	6	1	1596	1478	121,5,121,5
1526394309.475336738	141	40	48	0	1	1	2	-73	33164	6	1	1596	1478	121,5,121,5
1526394309.486108443	141	40	48	0	1	1	2	-72	33165	6	1	1596	1478	121,5,121,5
1526394309.498711686	141	40	48	0	1	1	2	-73	33168	6	1	1596	1478	121,5,121,5
1526394309.509632056	141	40	48	0	1	1	2	-73	33169	6	1	1596	1478	121,5,121,5
1526394309.521392458	141	40	48	0	1	1	2	-72	33170	6	1	1596	1478	121,5,121,5
1526394309.533567428	141	40	48	0	1	1	2	-73	33172	6	1	1596	1478	121,5,121,5
1526394309.544930527	141	40	48	0	1	1	2	-72	33173	6	1	1596	1478	121,5,121,5
1526394309.556678483	141	40	48	0	1	1	2	-72	33174	6	1	1596	1478	121,5,121,5
1526394309.568838294	141	40	48	0	1	1	2	-73	33175	6	1	1596	1478	121,5,121,5
1526394309.580184892	141	40	48	0	1	1	2	-73	33176	6	1	1596	1478	121,5,121,5
1526394309.593191714	141	40	48	0	1	1	2	-72	33177	6	1	1596	1478	121,5,121,5
1526394309.603713975	141	40	48	0	1	1	2	-72	33178	6	1	1596	1478	121,5,121,5
1526394309.615470061	141	40	48	0	1	1	2	-72	33179	6	1	1596	1478	121,5,121,5
1526394309.627693365	141	40	48	0	1	1	2	-73	33181	6	1	1596	1478	121,5,121,5
1526394309.638878574	141	40	48	0	1	1	2	-72	33182	6	1	1596	1478	121,5,121,5
1526394309.650773784	141	40	48	0	1	1	2	-73	33183	6	1	1596	1478	121,5,121,5
1526394309.662519142	141	40	48	0	1	1	2	-73	33184	6	1	1596	1478	121,5,121,5
1526394309.674159710	141	40	48	0	1	1	2	-73	33185	6	1	1596	1478	121,5,121,5
1526394309.686030979	141	40	48	0	1	1	2	-72	33186	6	1	1596	1478	121,5,121,5
1526394309.697826908	141	40	48	0	1	1	2	-73	33187	6	1	1596	1478	121,5,121,5
1526394309.709560721	141	40	48	0	1	1	2	-72	33188	6	1	1596	1478	121,5,121,5
1526394309.721304631	141	40	48	0	1	1	2	-73	33189	6	1	1596	1478	121,5,121,5
1526394309.733479866	141	40	48	0	1	1	2	-73	33190	6	1	1596	1478	121,5,121,5
1526394309.744849852	141	40	48	0	1	1	2	-73	33191	6	1	1596	1478	121,5,121,5
1526394309.756589804	141	40	48	0	1	1	2	-73	33192	6	1	1596	1478	121,5,121,5
1526394309.769145587	141	40	48	0	1	1	2	-73	33195	6	1	1596	1478	121,5,121,5
1526394309.780117568	141	40	48	0	1	1	2	-72	33196	6	1	1596	1478	121,5,121,5
1526394309.791861981	141	40	48	0	1	1	2	-73	33197	6	1	1596	1478	121,5,121,5
1526394309.803668354	141	40	48	0	1	1	2	-72	33198	6	1	1596	1478	121,5,121,5
1526394309.815384102	141	40	48	0	1	1	2	-73	33199	6	1	1596	1478	121,5,121,5
1526394309.827501753	141	40	48	0	1	1	2	-73	33201	6	1	1596	1478	121,5,121,5
1526394309.838913088	141	40	48	0	1	1	2	-73	33202	6	1	1596	1478	121,5,121,5
1526394309.851917761	141	40	48	0	1	1	2	-73	33205	6	1	1596	1478	121,5,121,5
1526394309.862447226	141	40	48	0	1	1	2	-73	33206	6	1	1596	1478	121,5,121,5
1526394309.874584249	141	40	48	0	1	1	2	-72	33208	6	1	1596	1478	121,5,121,5
1526394309.886312321	141	40	48	0	1	1	2	-73	33210	6	1	1596	1478	121,5,121,5
1526394309.898119055	141	40	48	0	1	1	2	-72	33211	6	1	1596	1478	121,5,121,5
1526394309.909479478	141	40	48	0	1	1	2	-73	33212	6	1	1596	1478	121,5,121,5
1526394309.921245073	141	40	48	0	1	1	2	-73	33213	6	1	1596	1478	121,5,121,5
1526394309.932998248	141	40	48	0	1	1	2	-73	33214	6	1	1596	1478	121,5,121,5
1526394309.944765414	141	40	48	0	1	1	2	-72	33215	6	1	1596	1478	121,5,121,5
1526394309.956554974	141	40	48	0	1	1	2	-72	33216	6	1	1596	1478	121,5,121,5
1526394309.968282303	141	40	48	0	1	1	2	-73	33217	6	1	1596	1478	121,5,121,5
1526394309.980036240	141	40	48	0	1	1	2	-72	33218	6	1	1596	1478	121,5,121,5
1526394309.992194956	141	40	48	0	1	1	2	-72	33220	6	1	1596	1478	121,5,121,5
1526394310.003954123	141	40	48	0	1	1	2	-72	33222	6	1	1596	1478	121,5,121,5
1526394310.015307589	141	40	48	0	1	1	2	-73	33223	6	1	1596	1478	121,5,121,5
1526394310.027426589	141	40	48	0	1	1	2	-72	33225	6	1	1596	1478	121,5,121,5
1526394310.039489964	141	40	48	0	1	1	2	-73	33228	6	1	1596	1478	121,5,121,5
1526394310.050865598	141	40	48	0	1	1	2	-72	33229	6	1	1596	1478	121,5,121,5
