1526394203.188281002	96	40	48	0	2	0	2	-60	30356	5	1	1596	1478	216,216
1526394203.197413940	96	40	48	0	2	0	2	-60	30357	5	1	1596	1478	216,216
1526394203.209231152	96	40	48	0	2	0	2	-60	30358	5	1	1596	1478	216,216
1526394203.220972622	96	40	48	0	2	0	2	-60	30359	5	1	1596	1478	216,216
1526394203.233135531	90	40	48	0	2	0	2	-60	30360	6	1	1596	1478	243,243
1526394203.244581361	90	40	48	0	2	0	2	-60	30361	6	1	1596	1478	243,243
1526394203.256333360	90	40	48	0	2	0	2	-60	30362	6	1	1596	1478	243,243
1526394203.268115545	90	40	48	0	2	0	2	-59	30363	6	1	1596	1478	243,243
1526394203.279856090	90	40	48	0	2	0	2	-60	30364	6	1	1596	1478	243,243
1526394203.291579911	80	40	48	1	2	0	2	-59	30365	7	1	1596	1478	300,300
1526394203.303694510	80	40	48	1	2	0	2	-59	30367	7	1	1596	1478	300,300
1526394203.315021965	80	40	48	1	2	0	2	-59	30368	7	1	1596	1478	300,300
1526394203.326849138	80	40	48	1	2	0	2	-59	30369	7	1	1596	1478	300,300
1526394203.338715366	80	40	48	1	2	0	2	-59	30370	7	1	1596	1478	300,300
1526394203.350738991	80	40	48	1	2	0	2	-60	30371	7	1	1596	1478	300,300
1526394203.362046017	80	40	48	1	2	0	2	-59	30372	7	1	1596	1478	300,300
1526394203.373886802	80	40	48	1	2	0	2	-59	30373	7	1	1596	1478	300,300
1526394203.385740314	80	40	48	1	2	0	2	-60	30374	7	1	1596	1478	300,300
1526394203.397530252	80	40	48	1	2	0	2	-60	30375	7	1	1596	1478	300,300
1526394203.416117258	80	40	48	1	2	0	2	-60	30377	7	1	1596	1478	300,300
1526394203.421062426	80	40	48	1	2	0	2	-60	30378	7	1	1596	1478	300,300
1526394203.433179189	80	40	48	1	2	0	2	-60	30379	7	1	1596	1478	300,300
1526394203.444571771	80	40	48	1	2	0	2	-60	30380	7	1	1596	1478	300,300
1526394203.456687220	80	40	48	1	2	0	2	-60	30382	7	1	1596	1478	300,300
1526394203.468797378	80	40	48	1	2	0	2	-60	30385	7	1	1596	1478	300,300
1526394203.479666181	80	40	48	1	2	0	2	-60	30386	7	1	1596	1478	300,300
1526394203.491588607	80	40	48	1	2	0	2	-60	30387	7	1	1596	1478	300,300
1526394203.503413689	80	40	48	1	2	0	2	-60	30388	7	1	1596	1478	300,300
1526394203.515492018	80	40	48	1	2	0	2	-60	30389	7	1	1596	1478	300,300
1526394203.527295256	80	40	48	1	2	0	2	-60	30391	7	1	1596	1478	300,300
1526394203.538665952	80	40	48	1	2	0	2	-60	30392	7	1	1596	1478	300,300
1526394203.550427065	80	40	48	1	2	0	2	-60	30393	7	1	1596	1478	300,300
1526394203.562165697	80	40	48	1	2	0	2	-60	30394	7	1	1596	1478	300,300
1526394203.574286097	80	40	48	1	2	0	2	-60	30396	7	1	1596	1478	300,300
1526394203.585499984	80	40	48	1	2	0	2	-60	30397	7	1	1596	1478	300,300
1526394203.597713302	80	40	48	1	2	0	2	-60	30399	7	1	1596	1478	300,300
1526394203.609914381	80	40	48	1	2	0	2	-60	30402	7	1	1596	1478	300,300
1526394203.620872962	80	40	48	1	2	0	2	-60	30403	7	1	1596	1478	300,300
1526394203.632476434	80	40	48	1	2	0	2	-60	30404	7	1	1596	1478	300,300
1526394203.644373232	80	40	48	1	2	0	2	-60	30405	7	1	1596	1478	300,300
1526394203.656235338	80	40	48	1	2	0	2	-60	30406	7	1	1596	1478	300,300
1526394203.667959161	80	40	48	1	2	0	2	-60	30407	7	1	1596	1478	300,300
1526394203.680147570	80	40	48	1	2	0	2	-60	30408	7	1	1596	1478	300,300
1526394203.691560209	80	40	48	1	2	0	2	-60	30409	7	1	1596	1478	300,300
1526394203.703302221	80	40	48	1	2	0	2	-60	30410	7	1	1596	1478	300,300
1526394203.715067436	80	40	48	1	2	0	2	-60	30411	7	1	1596	1478	300,300
1526394203.726767215	80	40	48	1	2	0	2	-60	30412	7	1	1596	1478	300,300
1526394203.738438298	80	40	48	1	2	0	2	-60	30413	7	1	1596	1478	300,300
1526394203.750412980	80	40	48	1	2	0	2	-60	30414	7	1	1596	1478	300,300
1526394203.762065933	80	40	48	1	2	0	2	-60	30415	7	1	1596	1478	300,300
1526394203.773845825	80	40	48	1	2	0	2	-60	30416	7	1	1596	1478	300,300
1526394203.785488950	80	40	48	1	2	0	2	-60	30417	7	1	1596	1478	300,300
1526394203.797360830	80	40	48	1	2	0	2	-60	30418	7	1	1596	1478	300,300
1526394203.809005293	80	40	48	1	2	0	2	-60	30419	7	1	1596	1478	300,300
1526394203.821246872	80	40	48	1	2	0	2	-60	30420	7	1	1596	1478	300,300
1526394203.832596288	80	40	48	1	2	0	2	-60	30421	7	1	1596	1478	300,300
1526394203.844937722	80	40	48	1	2	0	2	-60	30422	7	1	1596	1478	300,300
1526394203.856157899	80	40	48	1	2	0	2	-60	30423	7	1	1596	1478	300,300
1526394203.867918937	80	40	48	1	2	0	2	-60	30424	7	1	1596	1478	300,300
1526394203.879696344	80	40	48	1	2	0	2	-60	30425	7	1	1596	1478	300,300
1526394203.891443425	80	40	48	1	2	0	2	-60	30426	7	1	1596	1478	300,300
1526394203.903196757	80	40	48	1	2	0	2	-60	30427	7	1	1596	1478	300,300
1526394203.918273596	80	40	48	1	2	0	2	-60	30428	7	1	1596	1478	300,300
1526394203.926592780	80	40	48	1	2	0	2	-60	30429	7	1	1596	1478	300,300
1526394203.938468935	80	40	48	1	2	0	2	-60	30430	7	1	1596	1478	300,300
1526394203.950241868	80	40	48	1	2	0	2	-60	30431	7	1	1596	1478	300,300
1526394203.962012737	80	40	48	1	2	0	2	-60	30432	7	1	1596	1478	300,300
1526394203.973761713	80	40	48	1	2	0	2	-60	30433	7	1	1596	1478	300,300
1526394203.985522441	80	40	48	1	2	0	2	-60	30434	7	1	1596	1478	300,300
1526394203.997278488	80	40	48	1	2	0	2	-60	30435	7	1	1596	1478	300,300
1526394204.009431522	80	40	48	1	2	0	2	-60	30436	7	1	1596	1478	300,300
1526394204.020831143	80	40	48	1	2	0	2	-60	30437	7	1	1596	1478	300,300
1526394204.032485631	80	40	48	1	2	0	2	-60	30438	7	1	1596	1478	300,300
1526394204.044324975	80	40	48	1	2	0	2	-60	30439	7	1	1596	1478	300,300
1526394204.056086206	80	40	48	1	2	0	2	-60	30440	7	1	1596	1478	300,300
1526394204.067838670	80	40	48	1	2	0	2	-60	30441	7	1	1596	1478	300,300
1526394204.079601047	80	40	48	1	2	0	2	-60	30442	7	1	1596	1478	300,300
1526394204.091373946	80	40	48	1	2	0	2	-60	30443	7	1	1596	1478	300,300
1526394204.103038841	80	40	48	1	2	0	2	-60	30444	7	1	1596	1478	300,300
1526394204.114858970	80	40	48	1	2	0	2	-60	30445	7	1	1596	1478	300,300
1526394204.126659203	80	40	48	1	2	0	2	-60	30446	7	1	1596	1478	300,300
1526394204.138322870	80	40	48	1	2	0	2	-60	30447	7	1	1596	1478	300,300
1526394204.150144958	80	40	48	1	2	0	2	-60	30448	7	1	1596	1478	300,300
1526394204.161918793	80	40	48	1	2	0	2	-60	30449	7	1	1596	1478	300,300
1526394204.174013045	80	40	48	1	2	0	2	-60	30450	7	1	1596	1478	300,300
1526394204.185463917	80	40	48	1	2	0	2	-60	30451	7	1	1596	1478	300,300
1526394204.197179771	80	40	48	1	2	0	2	-60	30452	7	1	1596	1478	300,300
1526394204.208955657	80	40	48	1	2	0	2	-60	30453	7	1	1596	1478	300,300
1526394204.220728116	80	40	48	1	2	0	2	-60	30454	7	1	1596	1478	300,300
1526394204.232521185	80	40	48	1	2	0	2	-60	30455	7	1	1596	1478	300,300
1526394204.244160618	80	40	48	1	2	0	2	-60	30456	7	1	1596	1478	300,300
1526394204.255975842	80	40	48	1	2	0	2	-60	30457	7	1	1596	1478	300,300
1526394204.267671642	80	40	48	1	2	0	2	-60	30458	7	1	1596	1478	300,300
1526394204.279426124	80	40	48	1	2	0	2	-60	30459	7	1	1596	1478	300,300
1526394204.291303907	80	40	48	1	2	0	2	-60	30460	7	1	1596	1478	300,300
1526394204.303043647	80	40	48	1	2	0	2	-60	30461	7	1	1596	1478	300,300
1526394204.315060651	80	40	48	1	2	0	2	-60	30462	7	1	1596	1478	300,300
1526394204.326694508	80	40	48	1	2	0	2	-60	30463	7	1	1596	1478	300,300
1526394204.338475699	80	40	48	1	2	0	2	-60	30465	7	1	1596	1478	300,300
1526394204.349783491	80	40	48	1	2	0	2	-60	30466	7	1	1596	1478	300,300
1526394204.361800333	80	40	48	1	2	0	2	-60	30467	7	1	1596	1478	300,300
1526394204.373509157	80	40	48	1	2	0	2	-60	30468	7	1	1596	1478	300,300
1526394204.385284854	80	40	48	1	2	0	2	-60	30469	7	1	1596	1478	300,300
1526394204.397041342	80	40	48	1	2	0	2	-60	30470	7	1	1596	1478	300,300
1526394204.408886700	80	40	48	1	2	0	2	-60	30471	7	1	1596	1478	300,300
1526394204.420504019	80	40	48	1	2	0	2	-60	30472	7	1	1596	1478	300,300
1526394204.432454589	80	40	48	1	2	0	2	-60	30473	7	1	1596	1478	300,300
1526394204.444117494	80	40	48	1	2	0	2	-60	30474	7	1	1596	1478	300,300
1526394204.455922455	80	40	48	1	2	0	2	-60	30475	7	1	1596	1478	300,300
1526394204.467568444	80	40	48	1	2	0	2	-60	30476	7	1	1596	1478	300,300
1526394204.479450138	80	40	48	1	2	0	2	-60	30477	7	1	1596	1478	300,300
1526394204.491200215	80	40	48	1	2	0	2	-60	30478	7	1	1596	1478	300,300
1526394204.503316061	80	40	48	1	2	0	2	-60	30479	7	1	1596	1478	300,300
1526394204.514616158	80	40	48	1	2	0	2	-60	30480	7	1	1596	1478	300,300
1526394204.526497128	80	40	48	1	2	0	2	-60	30481	7	1	1596	1478	300,300
1526394204.538403132	80	40	48	1	2	0	2	-60	30482	7	1	1596	1478	300,300
1526394204.549935748	80	40	48	1	2	0	2	-60	30483	7	1	1596	1478	300,300
1526394204.561797702	80	40	48	1	2	0	2	-60	30484	7	1	1596	1478	300,300
1526394204.573513773	80	40	48	1	2	0	2	-60	30485	7	1	1596	1478	300,300
1526394204.585307755	80	40	48	1	2	0	2	-60	30486	7	1	1596	1478	300,300
1526394204.597028326	80	40	48	1	2	0	2	-60	30487	7	1	1596	1478	300,300
1526394204.608708442	80	40	48	1	2	0	2	-60	30488	7	1	1596	1478	300,300
1526394204.620330829	80	40	48	1	2	0	2	-60	30489	7	1	1596	1478	300,300
1526394204.632245420	80	40	48	1	2	0	2	-60	30490	7	1	1596	1478	300,300
1526394204.644104162	80	40	48	1	2	0	2	-60	30491	7	1	1596	1478	300,300
1526394204.655844323	80	40	48	1	2	0	2	-60	30492	7	1	1596	1478	300,300
1526394204.667947805	80	40	48	1	2	0	2	-60	30493	7	1	1596	1478	300,300
1526394204.679374384	80	40	48	1	2	0	2	-60	30494	7	1	1596	1478	300,300
1526394204.691130774	80	40	48	1	2	0	2	-60	30495	7	1	1596	1478	300,300
1526394204.702835137	80	40	48	1	2	0	2	-60	30496	7	1	1596	1478	300,300
1526394204.714648387	80	40	48	1	2	0	2	-60	30497	7	1	1596	1478	300,300
1526394204.726393120	80	40	48	1	2	0	2	-60	30498	7	1	1596	1478	300,300
1526394204.738186487	80	40	48	1	2	0	2	-60	30499	7	1	1596	1478	300,300
1526394204.749905426	80	40	48	1	2	0	2	-60	30500	7	1	1596	1478	300,300
1526394204.761976198	80	40	48	1	2	0	2	-60	30501	7	1	1596	1478	300,300
1526394204.773334422	80	40	48	1	2	0	2	-60	30502	7	1	1596	1478	300,300
1526394204.785193248	80	40	48	1	2	0	2	-60	30503	7	1	1596	1478	300,300
1526394204.796939775	80	40	48	1	2	0	2	-60	30504	7	1	1596	1478	300,300
1526394204.808741821	80	40	48	1	2	0	2	-60	30505	7	1	1596	1478	300,300
1526394204.820474236	80	40	48	1	2	0	2	-60	30506	7	1	1596	1478	300,300
1526394204.832621114	80	40	48	1	2	0	2	-60	30507	7	1	1596	1478	300,300
1526394204.844037187	80	40	48	1	2	0	2	-60	30508	7	1	1596	1478	300,300
1526394204.855798339	80	40	48	1	2	0	2	-60	30509	7	1	1596	1478	300,300
1526394204.867431648	80	40	48	1	2	0	2	-60	30510	7	1	1596	1478	300,300
1526394204.879283031	80	40	48	1	2	0	2	-59	30511	7	1	1596	1478	300,300
1526394204.891039037	80	40	48	1	2	0	2	-59	30512	7	1	1596	1478	300,300
1526394204.902793195	80	40	48	1	2	0	2	-60	30513	7	1	1596	1478	300,300
1526394204.914632116	80	40	48	1	2	0	2	-59	30514	7	1	1596	1478	300,300
1526394204.926251099	80	40	48	1	2	0	2	-60	30515	7	1	1596	1478	300,300
1526394204.939262920	80	40	48	1	2	0	2	-60	30516	7	1	1596	1478	300,300
1526394204.949743431	80	40	48	1	2	0	2	-60	30517	7	1	1596	1478	300,300
1526394204.961598367	80	40	48	1	2	0	2	-60	30518	7	1	1596	1478	300,300
1526394204.973364706	80	40	48	1	2	0	2	-60	30519	7	1	1596	1478	300,300
1526394204.985125331	80	40	48	1	2	0	2	-60	30520	7	1	1596	1478	300,300
1526394204.997237798	80	40	48	1	2	0	2	-60	30521	7	1	1596	1478	300,300
1526394205.008653096	80	40	48	1	2	0	2	-60	30522	7	1	1596	1478	300,300
1526394205.020400749	80	40	48	1	2	0	2	-60	30523	7	1	1596	1478	300,300
1526394205.032023665	80	40	48	1	2	0	2	-60	30524	7	1	1596	1478	300,300
1526394205.043953544	80	40	48	1	2	0	2	-60	30525	7	1	1596	1478	300,300
1526394205.055679515	80	40	48	1	2	0	2	-60	30526	7	1	1596	1478	300,300
1526394205.067455994	80	40	48	1	2	0	2	-59	30527	7	1	1596	1478	300,300
1526394205.079067798	80	40	48	1	2	0	2	-59	30528	7	1	1596	1478	300,300
1526394205.090952620	80	40	48	1	2	0	2	-60	30529	7	1	1596	1478	300,300
1526394205.102724908	80	40	48	1	2	0	2	-59	30530	7	1	1596	1478	300,300
1526394205.114398417	80	40	48	1	2	0	2	-59	30531	7	1	1596	1478	300,300
1526394205.126163740	80	40	48	1	2	0	2	-59	30532	7	1	1596	1478	300,300
1526394205.137883622	80	40	48	1	2	0	2	-59	30533	7	1	1596	1478	300,300
1526394205.149791947	80	40	48	1	2	0	2	-59	30534	7	1	1596	1478	300,300
1526394205.162510118	80	40	48	1	2	0	2	-59	30537	7	1	1596	1478	300,300
1526394205.173179819	80	40	48	1	2	0	2	-59	30538	7	1	1596	1478	300,300
1526394205.185022472	80	40	48	1	2	0	2	-59	30539	7	1	1596	1478	300,300
1526394205.196814573	80	40	48	1	2	0	2	-59	30540	7	1	1596	1478	300,300
1526394205.208549018	80	40	48	1	2	0	2	-59	30541	7	1	1596	1478	300,300
1526394205.220332931	80	40	48	1	2	0	2	-60	30542	7	1	1596	1478	300,300
1526394205.231959706	80	40	48	1	2	0	2	-60	30543	7	1	1596	1478	300,300
1526394205.243852103	80	40	48	1	2	0	2	-60	30544	7	1	1596	1478	300,300
1526394205.255617081	80	40	48	1	2	0	2	-60	30545	7	1	1596	1478	300,300
1526394205.267359507	80	40	48	1	2	0	2	-60	30546	7	1	1596	1478	300,300
1526394205.279154463	80	40	48	1	2	0	2	-60	30547	7	1	1596	1478	300,300
1526394205.290842065	80	40	48	1	2	0	2	-60	30548	7	1	1596	1478	300,300
1526394205.302552863	80	40	48	1	2	0	2	-60	30549	7	1	1596	1478	300,300
1526394205.314514118	80	40	48	1	2	0	2	-60	30550	7	1	1596	1478	300,300
1526394205.326384197	80	40	48	1	2	0	2	-60	30551	7	1	1596	1478	300,300
1526394205.337894882	80	40	48	1	2	0	2	-60	30552	7	1	1596	1478	300,300
1526394205.349690011	80	40	48	1	2	0	2	-60	30553	7	1	1596	1478	300,300
1526394205.361438354	80	40	48	1	2	0	2	-60	30554	7	1	1596	1478	300,300
1526394205.373190688	80	40	48	1	2	0	2	-60	30555	7	1	1596	1478	300,300
1526394205.384880583	80	40	48	1	2	0	2	-60	30556	7	1	1596	1478	300,300
1526394205.396872296	80	40	48	1	2	0	2	-59	30558	7	1	1596	1478	300,300
1526394205.408454959	80	40	48	1	2	0	2	-60	30559	7	1	1596	1478	300,300
1526394205.420094208	80	40	48	1	2	0	2	-59	30560	7	1	1596	1478	300,300
1526394205.431848678	80	40	48	1	2	0	2	-59	30561	7	1	1596	1478	300,300
1526394205.443598829	80	40	48	1	2	0	2	-59	30562	7	1	1596	1478	300,300
1526394205.455354239	80	40	48	1	2	0	2	-59	30563	7	1	1596	1478	300,300
1526394205.467149496	80	40	48	1	2	0	2	-60	30564	7	1	1596	1478	300,300
1526394205.478797993	80	40	48	1	2	0	2	-59	30565	7	1	1596	1478	300,300
1526394205.491006577	80	40	48	1	2	0	2	-59	30566	7	1	1596	1478	300,300
1526394205.502452526	80	40	48	1	2	0	2	-59	30567	7	1	1596	1478	300,300
1526394205.514174593	80	40	48	1	2	0	2	-59	30568	7	1	1596	1478	300,300
1526394205.526026134	80	40	48	1	2	0	2	-59	30569	7	1	1596	1478	300,300
1526394205.537694110	80	40	48	1	2	0	2	-60	30570	7	1	1596	1478	300,300
1526394205.550798330	90	40	48	0	2	0	2	-60	30575	6	1	1596	1478	243,243
1526394205.561938232	90	40	48	0	2	0	2	-59	30576	6	1	1596	1478	243,243
1526394205.573113566	90	40	48	0	2	0	2	-60	30577	6	1	1596	1478	243,243
1526394205.584893405	90	40	48	0	2	0	2	-60	30578	6	1	1596	1478	243,243
1526394205.596630911	90	40	48	0	2	0	2	-60	30579	6	1	1596	1478	243,243
1526394205.608389271	90	40	48	0	2	0	2	-59	30580	6	1	1596	1478	243,243
1526394205.620167018	90	40	48	0	2	0	2	-60	30581	6	1	1596	1478	243,243
1526394205.631781229	90	40	48	0	2	0	2	-59	30582	6	1	1596	1478	243,243
1526394205.643575367	90	40	48	0	2	0	2	-60	30583	6	1	1596	1478	243,243
1526394205.655369776	85	40	48	0	2	0	2	-60	30584	7	1	1596	1478	270,270
1526394205.667225170	90	40	48	0	2	0	2	-60	30585	6	1	1596	1478	243,243
1526394205.678883484	90	40	48	0	2	0	2	-60	30586	6	1	1596	1478	243,243
1526394205.690732051	90	40	48	0	2	0	2	-60	30587	6	1	1596	1478	243,243
1526394205.702580942	90	40	48	0	2	0	2	-60	30588	6	1	1596	1478	243,243
1526394205.714249367	85	40	48	0	2	0	2	-60	30589	7	1	1596	1478	270,270
1526394205.726011101	90	40	48	0	2	0	2	-60	30590	6	1	1596	1478	243,243
1526394205.737692972	90	40	48	0	2	0	2	-60	30591	6	1	1596	1478	243,243
1526394205.749425077	90	40	48	0	2	0	2	-60	30592	6	1	1596	1478	243,243
1526394205.761315229	90	40	48	0	2	0	2	-60	30593	6	1	1596	1478	243,243
1526394205.773051836	85	40	48	0	2	0	2	-60	30594	7	1	1596	1478	270,270
1526394205.784815909	90	40	48	0	2	0	2	-60	30595	6	1	1596	1478	243,243
1526394205.796469980	90	40	48	0	2	0	2	-60	30596	6	1	1596	1478	243,243
1526394205.808335126	90	40	48	0	2	0	2	-59	30597	6	1	1596	1478	243,243
1526394205.820094525	90	40	48	0	2	0	2	-59	30598	6	1	1596	1478	243,243
1526394205.831975106	85	40	48	0	2	0	2	-59	30599	7	1	1596	1478	270,270
1526394205.843640058	80	40	48	1	2	0	2	-59	30600	7	1	1596	1478	300,300
1526394205.855239045	80	40	48	1	2	0	2	-60	30601	7	1	1596	1478	300,300
1526394205.867137068	80	40	48	1	2	0	2	-59	30602	7	1	1596	1478	300,300
1526394205.878878272	80	40	48	1	2	0	2	-59	30603	7	1	1596	1478	300,300
1526394205.891001983	80	40	48	1	2	0	2	-59	30605	7	1	1596	1478	300,300
1526394205.902435692	80	40	48	1	2	0	2	-59	30606	7	1	1596	1478	300,300
1526394205.914191708	80	40	48	1	2	0	2	-59	30607	7	1	1596	1478	300,300
1526394205.925948391	80	40	48	1	2	0	2	-59	30608	7	1	1596	1478	300,300
1526394205.937666860	80	40	48	1	2	0	2	-59	30609	7	1	1596	1478	300,300
1526394205.949445545	80	40	48	1	2	0	2	-59	30610	7	1	1596	1478	300,300
1526394205.961228316	80	40	48	1	2	0	2	-59	30611	7	1	1596	1478	300,300
1526394205.972993764	80	40	48	1	2	0	2	-59	30612	7	1	1596	1478	300,300
1526394205.984707784	80	40	48	1	2	0	2	-59	30613	7	1	1596	1478	300,300
1526394205.996484146	80	40	48	1	2	0	2	-59	30614	7	1	1596	1478	300,300
1526394206.008168070	80	40	48	1	2	0	2	-59	30615	7	1	1596	1478	300,300
1526394206.020010664	80	40	48	1	2	0	2	-59	30616	7	1	1596	1478	300,300
1526394206.031661583	80	40	48	1	2	0	2	-59	30617	7	1	1596	1478	300,300
1526394206.043468032	80	40	48	1	2	0	2	-59	30618	7	1	1596	1478	300,300
1526394206.055655521	80	40	48	1	2	0	2	-59	30619	7	1	1596	1478	300,300
1526394206.067111484	80	40	48	1	2	0	2	-59	30620	7	1	1596	1478	300,300
1526394206.078806547	80	40	48	1	2	0	2	-59	30621	7	1	1596	1478	300,300
1526394206.090477133	80	40	48	1	2	0	2	-59	30622	7	1	1596	1478	300,300
1526394206.102236558	80	40	48	1	2	0	2	-59	30623	7	1	1596	1478	300,300
1526394206.113990618	80	40	48	1	2	0	2	-59	30624	7	1	1596	1478	300,300
1526394206.125756167	80	40	48	1	2	0	2	-59	30625	7	1	1596	1478	300,300
1526394206.137495499	80	40	48	1	2	0	2	-59	30626	7	1	1596	1478	300,300
1526394206.149260011	80	40	48	1	2	0	2	-59	30627	7	1	1596	1478	300,300
1526394206.161122933	80	40	48	1	2	0	2	-59	30628	7	1	1596	1478	300,300
1526394206.172901713	80	40	48	1	2	0	2	-59	30629	7	1	1596	1478	300,300
1526394206.184639253	80	40	48	1	2	0	2	-59	30630	7	1	1596	1478	300,300
1526394206.196405726	80	40	48	1	2	0	2	-59	30631	7	1	1596	1478	300,300
1526394206.208087570	80	40	48	1	2	0	2	-59	30632	7	1	1596	1478	300,300
1526394206.220293687	80	40	48	1	2	0	2	-59	30633	7	1	1596	1478	300,300
1526394206.231509594	80	40	48	1	2	0	2	-59	30634	7	1	1596	1478	300,300
1526394206.243359779	80	40	48	1	2	0	2	-59	30635	7	1	1596	1478	300,300
1526394206.255078604	80	40	48	1	2	0	2	-59	30636	7	1	1596	1478	300,300
1526394206.266879090	80	40	48	1	2	0	2	-60	30637	7	1	1596	1478	300,300
1526394206.278945416	80	40	48	1	2	0	2	-60	30638	7	1	1596	1478	300,300
1526394206.290469279	80	40	48	1	2	0	2	-60	30639	7	1	1596	1478	300,300
1526394206.302298621	80	40	48	1	2	0	2	-60	30640	7	1	1596	1478	300,300
1526394206.314495718	80	40	48	1	2	0	2	-60	30641	7	1	1596	1478	300,300
1526394206.325801508	80	40	48	1	2	0	2	-59	30642	7	1	1596	1478	300,300
1526394206.337560602	80	40	48	1	2	0	2	-59	30643	7	1	1596	1478	300,300
1526394206.349318545	80	40	48	1	2	0	2	-60	30644	7	1	1596	1478	300,300
1526394206.361067212	80	40	48	1	2	0	2	-60	30645	7	1	1596	1478	300,300
1526394206.373086249	80	40	48	1	2	0	2	-59	30646	7	1	1596	1478	300,300
1526394206.384964849	80	40	48	1	2	0	2	-60	30647	7	1	1596	1478	300,300
1526394206.396272504	80	40	48	1	2	0	2	-60	30648	7	1	1596	1478	300,300
1526394206.408133027	80	40	48	1	2	0	2	-60	30649	7	1	1596	1478	300,300
1526394206.419911655	80	40	48	1	2	0	2	-60	30650	7	1	1596	1478	300,300
1526394206.431662654	80	40	48	1	2	0	2	-60	30651	7	1	1596	1478	300,300
1526394206.443360204	80	40	48	1	2	0	2	-60	30652	7	1	1596	1478	300,300
1526394206.455212540	80	40	48	1	2	0	2	-60	30653	7	1	1596	1478	300,300
1526394206.466922596	80	40	48	1	2	0	2	-60	30654	7	1	1596	1478	300,300
1526394206.478700009	80	40	48	1	2	0	2	-60	30655	7	1	1596	1478	300,300
1526394206.490363085	80	40	48	1	2	0	2	-60	30656	7	1	1596	1478	300,300
1526394206.502110112	80	40	48	1	2	0	2	-60	30657	7	1	1596	1478	300,300
1526394206.513834025	80	40	48	1	2	0	2	-60	30658	7	1	1596	1478	300,300
1526394206.525752787	80	40	48	1	2	0	2	-60	30659	7	1	1596	1478	300,300
1526394206.537307308	80	40	48	1	2	0	2	-60	30660	7	1	1596	1478	300,300
1526394206.549453450	80	40	48	1	2	0	2	-60	30661	7	1	1596	1478	300,300
1526394206.560878479	80	40	48	1	2	0	2	-60	30662	7	1	1596	1478	300,300
1526394206.572729973	80	40	48	1	2	0	2	-60	30663	7	1	1596	1478	300,300
1526394206.584578908	80	40	48	1	2	0	2	-60	30664	7	1	1596	1478	300,300
1526394206.596120830	80	40	48	1	2	0	2	-60	30665	7	1	1596	1478	300,300
1526394206.608139024	80	40	48	1	2	0	2	-60	30666	7	1	1596	1478	300,300
1526394206.619804358	80	40	48	1	2	0	2	-60	30667	7	1	1596	1478	300,300
1526394206.631525057	80	40	48	1	2	0	2	-60	30668	7	1	1596	1478	300,300
1526394206.643290674	80	40	48	1	2	0	2	-60	30669	7	1	1596	1478	300,300
1526394206.654895106	80	40	48	1	2	0	2	-60	30670	7	1	1596	1478	300,300
1526394206.666711613	80	40	48	1	2	0	2	-60	30671	7	1	1596	1478	300,300
1526394206.679616328	80	40	48	1	2	0	2	-60	30672	7	1	1596	1478	300,300
1526394206.690320754	80	40	48	1	2	0	2	-60	30673	7	1	1596	1478	300,300
1526394206.702081701	80	40	48	1	2	0	2	-60	30674	7	1	1596	1478	300,300
1526394206.714216084	80	40	48	1	2	0	2	-60	30675	7	1	1596	1478	300,300
1526394206.725605632	80	40	48	1	2	0	2	-60	30676	7	1	1596	1478	300,300
1526394206.737270241	80	40	48	1	2	0	2	-60	30677	7	1	1596	1478	300,300
1526394206.749023555	80	40	48	1	2	0	2	-60	30678	7	1	1596	1478	300,300
1526394206.760777876	80	40	48	1	2	0	2	-60	30679	7	1	1596	1478	300,300
1526394206.772627415	80	40	48	1	2	0	2	-60	30680	7	1	1596	1478	300,300
1526394206.784432028	80	40	48	1	2	0	2	-60	30681	7	1	1596	1478	300,300
1526394206.796190331	80	40	48	1	2	0	2	-60	30682	7	1	1596	1478	300,300
1526394206.807948001	80	40	48	1	2	0	2	-60	30683	7	1	1596	1478	300,300
1526394206.819678590	80	40	48	1	2	0	2	-60	30684	7	1	1596	1478	300,300
1526394206.831445003	80	40	48	1	2	0	2	-60	30685	7	1	1596	1478	300,300
1526394206.843095549	80	40	48	1	2	0	2	-60	30686	7	1	1596	1478	300,300
1526394206.854960111	80	40	48	1	2	0	2	-60	30687	7	1	1596	1478	300,300
1526394206.866709203	80	40	48	1	2	0	2	-60	30688	7	1	1596	1478	300,300
1526394206.878844690	80	40	48	1	2	0	2	-60	30690	7	1	1596	1478	300,300
1526394206.890272751	80	40	48	1	2	0	2	-60	30691	7	1	1596	1478	300,300
1526394206.902018374	80	40	48	1	2	0	2	-60	30692	7	1	1596	1478	300,300
1526394206.913665110	80	40	48	1	2	0	2	-60	30693	7	1	1596	1478	300,300
1526394206.925509288	80	40	48	1	2	0	2	-60	30694	7	1	1596	1478	300,300
1526394206.937285081	80	40	48	1	2	0	2	-60	30695	7	1	1596	1478	300,300
1526394206.949028776	80	40	48	1	2	0	2	-60	30696	7	1	1596	1478	300,300
1526394206.960799690	80	40	48	1	2	0	2	-60	30697	7	1	1596	1478	300,300
1526394206.972510144	80	40	48	1	2	0	2	-60	30698	7	1	1596	1478	300,300
1526394206.984313010	80	40	48	1	2	0	2	-60	30699	7	1	1596	1478	300,300
1526394206.996119372	80	40	48	1	2	0	2	-60	30700	7	1	1596	1478	300,300
1526394207.007874326	80	40	48	1	2	0	2	-60	30701	7	1	1596	1478	300,300
1526394207.019586197	80	40	48	1	2	0	2	-60	30702	7	1	1596	1478	300,300
1526394207.031236856	80	40	48	1	2	0	2	-60	30703	7	1	1596	1478	300,300
1526394207.043467122	80	40	48	1	2	0	2	-60	30705	7	1	1596	1478	300,300
1526394207.054875921	80	40	48	1	2	0	2	-60	30706	7	1	1596	1478	300,300
1526394207.066533505	80	40	48	1	2	0	2	-60	30707	7	1	1596	1478	300,300
1526394207.078299890	80	40	48	1	2	0	2	-60	30708	7	1	1596	1478	300,300
1526394207.090346699	80	40	48	1	2	0	2	-60	30709	7	1	1596	1478	300,300
1526394207.101835108	80	40	48	1	2	0	2	-60	30710	7	1	1596	1478	300,300
1526394207.113581785	80	40	48	1	2	0	2	-60	30711	7	1	1596	1478	300,300
1526394207.125270711	80	40	48	1	2	0	2	-60	30712	7	1	1596	1478	300,300
1526394207.137219782	80	40	48	1	2	0	2	-60	30713	7	1	1596	1478	300,300
1526394207.148964761	80	40	48	1	2	0	2	-60	30714	7	1	1596	1478	300,300
1526394207.160717947	80	40	48	1	2	0	2	-60	30715	7	1	1596	1478	300,300
1526394207.172354349	80	40	48	1	2	0	2	-60	30716	7	1	1596	1478	300,300
1526394207.184249418	80	40	48	1	2	0	2	-60	30717	7	1	1596	1478	300,300
1526394207.196020436	80	40	48	1	2	0	2	-60	30718	7	1	1596	1478	300,300
1526394207.208122034	80	40	48	1	2	0	2	-60	30719	7	1	1596	1478	300,300
1526394207.219524232	80	40	48	1	2	0	2	-60	30720	7	1	1596	1478	300,300
1526394207.231207592	80	40	48	1	2	0	2	-60	30721	7	1	1596	1478	300,300
1526394207.242929092	80	40	48	1	2	0	2	-60	30722	7	1	1596	1478	300,300
1526394207.254685740	80	40	48	1	2	0	2	-60	30723	7	1	1596	1478	300,300
1526394207.266535830	80	40	48	1	2	0	2	-60	30724	7	1	1596	1478	300,300
1526394207.278292037	80	40	48	1	2	0	2	-60	30725	7	1	1596	1478	300,300
1526394207.290072593	80	40	48	1	2	0	2	-60	30726	7	1	1596	1478	300,300
1526394207.301867053	80	40	48	1	2	0	2	-60	30727	7	1	1596	1478	300,300
1526394207.313645949	80	40	48	1	2	0	2	-60	30728	7	1	1596	1478	300,300
1526394207.325373051	80	40	48	1	2	0	2	-60	30729	7	1	1596	1478	300,300
1526394207.337133580	80	40	48	1	2	0	2	-60	30730	7	1	1596	1478	300,300
1526394207.348800029	80	40	48	1	2	0	2	-60	30731	7	1	1596	1478	300,300
1526394207.360558555	80	40	48	1	2	0	2	-60	30732	7	1	1596	1478	300,300
1526394207.372689182	80	40	48	1	2	0	2	-60	30734	7	1	1596	1478	300,300
1526394207.384166136	80	40	48	1	2	0	2	-60	30735	7	1	1596	1478	300,300
1526394207.396635275	80	40	48	1	2	0	2	-60	30736	7	1	1596	1478	300,300
1526394207.407676688	80	40	48	1	2	0	2	-60	30737	7	1	1596	1478	300,300
1526394207.419435298	80	40	48	1	2	0	2	-60	30738	7	1	1596	1478	300,300
1526394207.431194593	80	40	48	1	2	0	2	-60	30739	7	1	1596	1478	300,300
1526394207.442856285	80	40	48	1	2	0	2	-60	30740	7	1	1596	1478	300,300
1526394207.454714120	80	40	48	1	2	0	2	-60	30741	7	1	1596	1478	300,300
1526394207.466473422	80	40	48	1	2	0	2	-60	30742	7	1	1596	1478	300,300
1526394207.478132435	80	40	48	1	2	0	2	-60	30743	7	1	1596	1478	300,300
1526394207.490036376	80	40	48	1	2	0	2	-60	30744	7	1	1596	1478	300,300
1526394207.502475731	80	40	48	1	2	0	2	-60	30745	7	1	1596	1478	300,300
1526394207.513437959	80	40	48	1	2	0	2	-60	30746	7	1	1596	1478	300,300
1526394207.525276848	80	40	48	1	2	0	2	-60	30747	7	1	1596	1478	300,300
1526394207.537414827	80	40	48	1	2	0	2	-60	30749	7	1	1596	1478	300,300
1526394207.548787317	80	40	48	1	2	0	2	-60	30750	7	1	1596	1478	300,300
1526394207.560568827	80	40	48	1	2	0	2	-60	30751	7	1	1596	1478	300,300
1526394207.572328713	80	40	48	1	2	0	2	-60	30752	7	1	1596	1478	300,300
1526394207.584090425	80	40	48	1	2	0	2	-60	30753	7	1	1596	1478	300,300
1526394207.595798166	80	40	48	1	2	0	2	-60	30754	7	1	1596	1478	300,300
1526394207.607587434	80	40	48	1	2	0	2	-60	30755	7	1	1596	1478	300,300
1526394207.619325871	80	40	48	1	2	0	2	-60	30756	7	1	1596	1478	300,300
1526394207.631109534	80	40	48	1	2	0	2	-60	30757	7	1	1596	1478	300,300
1526394207.642796209	80	40	48	1	2	0	2	-60	30758	7	1	1596	1478	300,300
1526394207.654623350	80	40	48	1	2	0	2	-60	30759	7	1	1596	1478	300,300
1526394207.666322526	80	40	48	1	2	0	2	-60	30760	7	1	1596	1478	300,300
1526394207.678078572	80	40	48	1	2	0	2	-60	30761	7	1	1596	1478	300,300
1526394207.689773434	80	40	48	1	2	0	2	-60	30762	7	1	1596	1478	300,300
1526394207.701938879	80	40	48	1	2	0	2	-60	30763	7	1	1596	1478	300,300
1526394207.713458429	80	40	48	1	2	0	2	-60	30764	7	1	1596	1478	300,300
1526394207.725195001	80	40	48	1	2	0	2	-60	30765	7	1	1596	1478	300,300
1526394207.736814860	80	40	48	1	2	0	2	-60	30766	7	1	1596	1478	300,300
1526394207.748630864	80	40	48	1	2	0	2	-60	30767	7	1	1596	1478	300,300
1526394207.760479404	80	40	48	1	2	0	2	-60	30768	7	1	1596	1478	300,300
1526394207.772246901	80	40	48	1	2	0	2	-60	30769	7	1	1596	1478	300,300
1526394207.784035178	80	40	48	1	2	0	2	-60	30770	7	1	1596	1478	300,300
1526394207.795797734	80	40	48	1	2	0	2	-60	30771	7	1	1596	1478	300,300
1526394207.807508167	80	40	48	1	2	0	2	-60	30772	7	1	1596	1478	300,300
1526394207.819247234	80	40	48	1	2	0	2	-60	30773	7	1	1596	1478	300,300
1526394207.831222155	80	40	48	1	2	0	2	-60	30774	7	1	1596	1478	300,300
1526394207.842761266	80	40	48	1	2	0	2	-60	30775	7	1	1596	1478	300,300
1526394207.854451530	80	40	48	1	2	0	2	-60	30776	7	1	1596	1478	300,300
1526394207.866684367	80	40	48	1	2	0	2	-60	30777	7	1	1596	1478	300,300
1526394207.877963159	80	40	48	1	2	0	2	-60	30778	7	1	1596	1478	300,300
1526394207.889843451	80	40	48	1	2	0	2	-60	30779	7	1	1596	1478	300,300
1526394207.901588846	80	40	48	1	2	0	2	-60	30780	7	1	1596	1478	300,300
1526394207.913382346	80	40	48	1	2	0	2	-60	30781	7	1	1596	1478	300,300
1526394207.925118999	80	40	48	1	2	0	2	-60	30782	7	1	1596	1478	300,300
1526394207.936890716	80	40	48	1	2	0	2	-60	30783	7	1	1596	1478	300,300
1526394207.948640838	80	40	48	1	2	0	2	-60	30784	7	1	1596	1478	300,300
1526394207.960343317	80	40	48	1	2	0	2	-60	30785	7	1	1596	1478	300,300
1526394207.972166301	80	40	48	1	2	0	2	-60	30786	7	1	1596	1478	300,300
1526394207.983918666	80	40	48	1	2	0	2	-60	30787	7	1	1596	1478	300,300
1526394207.995637775	80	40	48	1	2	0	2	-60	30788	7	1	1596	1478	300,300
1526394208.007446880	80	40	48	1	2	0	2	-60	30789	7	1	1596	1478	300,300
1526394208.019576566	80	40	48	1	2	0	2	-60	30790	7	1	1596	1478	300,300
1526394208.031269884	80	40	48	1	2	0	2	-60	30791	7	1	1596	1478	300,300
1526394208.042567160	80	40	48	1	2	0	2	-60	30792	7	1	1596	1478	300,300
1526394208.054395770	80	40	48	1	2	0	2	-60	30793	7	1	1596	1478	300,300
1526394208.066138516	80	40	48	1	2	0	2	-60	30794	7	1	1596	1478	300,300
1526394208.077999004	80	40	48	1	2	0	2	-60	30795	7	1	1596	1478	300,300
1526394208.089758157	80	40	48	1	2	0	2	-60	30796	7	1	1596	1478	300,300
1526394208.101521021	80	40	48	1	2	0	2	-60	30797	7	1	1596	1478	300,300
1526394208.114002471	80	40	48	1	2	0	2	-60	30798	7	1	1596	1478	300,300
1526394208.125042984	80	40	48	1	2	0	2	-60	30799	7	1	1596	1478	300,300
1526394208.136790025	80	40	48	1	2	0	2	-60	30800	7	1	1596	1478	300,300
1526394208.148547653	80	40	48	1	2	0	2	-60	30801	7	1	1596	1478	300,300
1526394208.160319538	80	40	48	1	2	0	2	-60	30802	7	1	1596	1478	300,300
1526394208.172087101	80	40	48	1	2	0	2	-60	30803	7	1	1596	1478	300,300
1526394208.183855028	80	40	48	1	2	0	2	-60	30804	7	1	1596	1478	300,300
1526394208.195912271	80	40	48	1	2	0	2	-60	30805	7	1	1596	1478	300,300
1526394208.206900746	80	40	48	1	2	0	2	-60	30807	7	1	1596	1478	300,300
1526394208.219054203	80	40	48	1	2	0	2	-60	30808	7	1	1596	1478	300,300
1526394208.230643600	80	40	48	1	2	0	2	-60	30809	7	1	1596	1478	300,300
1526394208.242567967	80	40	48	1	2	0	2	-60	30810	7	1	1596	1478	300,300
1526394208.254269687	80	40	48	1	2	0	2	-60	30811	7	1	1596	1478	300,300
1526394208.266029674	80	40	48	1	2	0	2	-60	30812	7	1	1596	1478	300,300
1526394208.277779996	80	40	48	1	2	0	2	-60	30813	7	1	1596	1478	300,300
1526394208.289535513	80	40	48	1	2	0	2	-60	30814	7	1	1596	1478	300,300
1526394208.301318090	80	40	48	1	2	0	2	-60	30815	7	1	1596	1478	300,300
1526394208.313091960	80	40	48	1	2	0	2	-60	30816	7	1	1596	1478	300,300
1526394208.324861066	80	40	48	1	2	0	2	-60	30817	7	1	1596	1478	300,300
1526394208.336577891	80	40	48	1	2	0	2	-60	30818	7	1	1596	1478	300,300
1526394208.348341481	80	40	48	1	2	0	2	-60	30819	7	1	1596	1478	300,300
1526394208.360478322	80	40	48	1	2	0	2	-60	30820	7	1	1596	1478	300,300
1526394208.371858827	80	40	48	1	2	0	2	-60	30821	7	1	1596	1478	300,300
1526394208.383628893	80	40	48	1	2	0	2	-60	30822	7	1	1596	1478	300,300
1526394208.395389370	80	40	48	1	2	0	2	-60	30823	7	1	1596	1478	300,300
1526394208.407143846	80	40	48	1	2	0	2	-60	30824	7	1	1596	1478	300,300
1526394208.418940311	80	40	48	1	2	0	2	-60	30825	7	1	1596	1478	300,300
1526394208.430684621	80	40	48	1	2	0	2	-60	30826	7	1	1596	1478	300,300
1526394208.442528344	80	40	48	1	2	0	2	-60	30827	7	1	1596	1478	300,300
1526394208.454305169	80	40	48	1	2	0	2	-60	30828	7	1	1596	1478	300,300
1526394208.466491315	80	40	48	1	2	0	2	-60	30830	7	1	1596	1478	300,300
1526394208.477833606	80	40	48	1	2	0	2	-60	30831	7	1	1596	1478	300,300
1526394208.489595462	80	40	48	1	2	0	2	-60	30832	7	1	1596	1478	300,300
1526394208.501268654	80	40	48	1	2	0	2	-60	30833	7	1	1596	1478	300,300
1526394208.513789279	80	40	48	1	2	0	2	-60	30835	7	1	1596	1478	300,300
1526394208.525237515	80	40	48	1	2	0	2	-60	30836	7	1	1596	1478	300,300
1526394208.536629615	80	40	48	1	2	0	2	-60	30837	7	1	1596	1478	300,300
1526394208.548396588	80	40	48	1	2	0	2	-60	30838	7	1	1596	1478	300,300
1526394208.560154123	80	40	48	1	2	0	2	-60	30839	7	1	1596	1478	300,300
1526394208.571938536	80	40	48	1	2	0	2	-60	30840	7	1	1596	1478	300,300
1526394208.583666092	80	40	48	1	2	0	2	-60	30841	7	1	1596	1478	300,300
1526394208.595366386	80	40	48	1	2	0	2	-60	30842	7	1	1596	1478	300,300
1526394208.607221652	80	40	48	1	2	0	2	-60	30843	7	1	1596	1478	300,300
1526394208.619242492	80	40	48	1	2	0	2	-60	30845	7	1	1596	1478	300,300
1526394208.630711745	80	40	48	1	2	0	2	-60	30846	7	1	1596	1478	300,300
1526394208.642405829	80	40	48	1	2	0	2	-60	30847	7	1	1596	1478	300,300
1526394208.654247140	80	40	48	1	2	0	2	-60	30848	7	1	1596	1478	300,300
1526394208.665995236	80	40	48	1	2	0	2	-60	30849	7	1	1596	1478	300,300
1526394208.677664572	80	40	48	1	2	0	2	-60	30850	7	1	1596	1478	300,300
1526394208.689873716	80	40	48	1	2	0	2	-60	30851	7	1	1596	1478	300,300
1526394208.701274194	80	40	48	1	2	0	2	-60	30852	7	1	1596	1478	300,300
1526394208.712965545	80	40	48	1	2	0	2	-60	30853	7	1	1596	1478	300,300
1526394208.724718279	80	40	48	1	2	0	2	-60	30854	7	1	1596	1478	300,300
1526394208.736781201	80	40	48	1	2	0	2	-60	30855	7	1	1596	1478	300,300
1526394208.748179956	80	40	48	1	2	0	2	-60	30856	7	1	1596	1478	300,300
1526394208.760067290	80	40	48	1	2	0	2	-60	30857	7	1	1596	1478	300,300
1526394208.771830389	80	40	48	1	2	0	2	-60	30858	7	1	1596	1478	300,300
1526394208.783570431	80	40	48	1	2	0	2	-60	30859	7	1	1596	1478	300,300
1526394208.795347416	80	40	48	1	2	0	2	-60	30860	7	1	1596	1478	300,300
1526394208.807119740	80	40	48	1	2	0	2	-60	30861	7	1	1596	1478	300,300
1526394208.818876444	80	40	48	1	2	0	2	-60	30862	7	1	1596	1478	300,300
1526394208.830960725	80	40	48	1	2	0	2	-60	30863	7	1	1596	1478	300,300
1526394208.842402963	80	40	48	1	2	0	2	-60	30864	7	1	1596	1478	300,300
1526394208.854493540	80	40	48	1	2	0	2	-60	30865	7	1	1596	1478	300,300
1526394208.865914374	80	40	48	1	2	0	2	-60	30866	7	1	1596	1478	300,300
1526394208.877675607	80	40	48	1	2	0	2	-60	30867	7	1	1596	1478	300,300
1526394208.889453265	80	40	48	1	2	0	2	-60	30868	7	1	1596	1478	300,300
1526394208.901223843	80	40	48	1	2	0	2	-60	30869	7	1	1596	1478	300,300
1526394208.913335983	80	40	48	1	2	0	2	-60	30870	7	1	1596	1478	300,300
1526394208.924717397	80	40	48	1	2	0	2	-60	30871	7	1	1596	1478	300,300
1526394208.936507991	80	40	48	1	2	0	2	-60	30872	7	1	1596	1478	300,300
1526394208.948242447	80	40	48	1	2	0	2	-60	30873	7	1	1596	1478	300,300
1526394208.960010867	80	40	48	1	2	0	2	-60	30874	7	1	1596	1478	300,300
1526394208.971782806	80	40	48	1	2	0	2	-60	30875	7	1	1596	1478	300,300
1526394208.983551606	80	40	48	1	2	0	2	-60	30876	7	1	1596	1478	300,300
1526394208.995272970	80	40	48	1	2	0	2	-60	30877	7	1	1596	1478	300,300
1526394209.006957357	80	40	48	1	2	0	2	-60	30878	7	1	1596	1478	300,300
1526394209.019099862	80	40	48	1	2	0	2	-60	30879	7	1	1596	1478	300,300
1526394209.030466245	80	40	48	1	2	0	2	-60	30880	7	1	1596	1478	300,300
1526394209.042347864	80	40	48	1	2	0	2	-60	30881	7	1	1596	1478	300,300
1526394209.054089490	80	40	48	1	2	0	2	-60	30882	7	1	1596	1478	300,300
1526394209.065834200	80	40	48	1	2	0	2	-60	30883	7	1	1596	1478	300,300
1526394209.077602752	80	40	48	1	2	0	2	-60	30884	7	1	1596	1478	300,300
1526394209.089354328	80	40	48	1	2	0	2	-60	30885	7	1	1596	1478	300,300
1526394209.101101373	80	40	48	1	2	0	2	-60	30886	7	1	1596	1478	300,300
1526394209.112893418	80	40	48	1	2	0	2	-60	30887	7	1	1596	1478	300,300
1526394209.124650475	80	40	48	1	2	0	2	-60	30888	7	1	1596	1478	300,300
1526394209.136317614	80	40	48	1	2	0	2	-60	30889	7	1	1596	1478	300,300
1526394209.148162650	80	40	48	1	2	0	2	-60	30890	7	1	1596	1478	300,300
1526394209.159927466	80	40	48	1	2	0	2	-60	30891	7	1	1596	1478	300,300
1526394209.171677523	80	40	48	1	2	0	2	-60	30892	7	1	1596	1478	300,300
1526394209.183727003	80	40	48	1	2	0	2	-60	30893	7	1	1596	1478	300,300
1526394209.195115398	80	40	48	1	2	0	2	-60	30894	7	1	1596	1478	300,300
1526394209.206932493	80	40	48	1	2	0	2	-60	30895	7	1	1596	1478	300,300
1526394209.218591998	80	40	48	1	2	0	2	-60	30896	7	1	1596	1478	300,300
1526394209.230362425	80	40	48	1	2	0	2	-60	30897	7	1	1596	1478	300,300
1526394209.242231667	80	40	48	1	2	0	2	-60	30898	7	1	1596	1478	300,300
1526394209.253941104	80	40	48	1	2	0	2	-60	30899	7	1	1596	1478	300,300
1526394209.265751256	80	40	48	1	2	0	2	-60	30900	7	1	1596	1478	300,300
1526394209.277518958	80	40	48	1	2	0	2	-60	30901	7	1	1596	1478	300,300
1526394209.289292724	80	40	48	1	2	0	2	-60	30902	7	1	1596	1478	300,300
1526394209.301055320	80	40	48	1	2	0	2	-60	30903	7	1	1596	1478	300,300
1526394209.312762606	80	40	48	1	2	0	2	-60	30904	7	1	1596	1478	300,300
1526394209.324562580	80	40	48	1	2	0	2	-60	30905	7	1	1596	1478	300,300
1526394209.336328680	80	40	48	1	2	0	2	-60	30906	7	1	1596	1478	300,300
1526394209.348463045	80	40	48	1	2	0	2	-60	30907	7	1	1596	1478	300,300
1526394209.359838893	80	40	48	1	2	0	2	-60	30908	7	1	1596	1478	300,300
1526394209.371574841	80	40	48	1	2	0	2	-60	30909	7	1	1596	1478	300,300
1526394209.383363201	80	40	48	1	2	0	2	-60	30910	7	1	1596	1478	300,300
1526394209.395111093	80	40	48	1	2	0	2	-60	30911	7	1	1596	1478	300,300
1526394209.406884129	80	40	48	1	2	0	2	-60	30912	7	1	1596	1478	300,300
1526394209.418633697	80	40	48	1	2	0	2	-60	30913	7	1	1596	1478	300,300
1526394209.430389348	80	40	48	1	2	0	2	-60	30914	7	1	1596	1478	300,300
1526394209.442157534	80	40	48	1	2	0	2	-60	30915	7	1	1596	1478	300,300
1526394209.453958739	80	40	48	1	2	0	2	-60	30916	7	1	1596	1478	300,300
1526394209.465676408	80	40	48	1	2	0	2	-60	30917	7	1	1596	1478	300,300
1526394209.477320254	80	40	48	1	2	0	2	-60	30918	7	1	1596	1478	300,300
1526394209.489183721	80	40	48	1	2	0	2	-60	30919	7	1	1596	1478	300,300
1526394209.500967026	80	40	48	1	2	0	2	-60	30920	7	1	1596	1478	300,300
1526394209.513081203	80	40	48	1	2	0	2	-60	30921	7	1	1596	1478	300,300
1526394209.524480192	80	40	48	1	2	0	2	-60	30922	7	1	1596	1478	300,300
1526394209.536171926	80	40	48	1	2	0	2	-60	30923	7	1	1596	1478	300,300
1526394209.548030278	80	40	48	1	2	0	2	-60	30924	7	1	1596	1478	300,300
1526394209.559669246	80	40	48	1	2	0	2	-60	30925	7	1	1596	1478	300,300
1526394209.571685141	80	40	48	1	2	0	2	-60	30926	7	1	1596	1478	300,300
1526394209.583289523	80	40	48	1	2	0	2	-60	30927	7	1	1596	1478	300,300
1526394209.595027845	80	40	48	1	2	0	2	-60	30928	7	1	1596	1478	300,300
1526394209.606790451	80	40	48	1	2	0	2	-60	30929	7	1	1596	1478	300,300
1526394209.618509069	80	40	48	1	2	0	2	-60	30930	7	1	1596	1478	300,300
1526394209.630313933	80	40	48	1	2	0	2	-60	30931	7	1	1596	1478	300,300
1526394209.642080246	80	40	48	1	2	0	2	-60	30932	7	1	1596	1478	300,300
1526394209.655929825	80	40	48	1	2	0	2	-60	30933	7	1	1596	1478	300,300
1526394209.665609309	80	40	48	1	2	0	2	-60	30934	7	1	1596	1478	300,300
1526394209.677709400	80	40	48	1	2	0	2	-60	30935	7	1	1596	1478	300,300
1526394209.689121863	80	40	48	1	2	0	2	-60	30936	7	1	1596	1478	300,300
1526394209.700898459	80	40	48	1	2	0	2	-60	30937	7	1	1596	1478	300,300
1526394209.712981305	80	40	48	1	2	0	2	-60	30938	7	1	1596	1478	300,300
1526394209.724408422	80	40	48	1	2	0	2	-60	30939	7	1	1596	1478	300,300
1526394209.736045315	80	40	48	1	2	0	2	-60	30940	7	1	1596	1478	300,300
1526394209.747813912	80	40	48	1	2	0	2	-60	30941	7	1	1596	1478	300,300
1526394209.760391636	80	40	48	1	2	0	2	-60	30942	7	1	1596	1478	300,300
1526394209.771357033	80	40	48	1	2	0	2	-60	30943	7	1	1596	1478	300,300
1526394209.783190403	80	40	48	1	2	0	2	-60	30944	7	1	1596	1478	300,300
1526394209.794894520	80	40	48	1	2	0	2	-60	30945	7	1	1596	1478	300,300
1526394209.806725025	80	40	48	1	2	0	2	-60	30946	7	1	1596	1478	300,300
1526394209.818487604	80	40	48	1	2	0	2	-60	30947	7	1	1596	1478	300,300
1526394209.830228225	80	40	48	1	2	0	2	-60	30948	7	1	1596	1478	300,300
1526394209.842332188	80	40	48	1	2	0	2	-60	30949	7	1	1596	1478	300,300
1526394209.854889289	80	40	48	1	2	0	2	-60	30950	7	1	1596	1478	300,300
1526394209.865521930	80	40	48	1	2	0	2	-60	30951	7	1	1596	1478	300,300
1526394209.877311661	80	40	48	1	2	0	2	-60	30952	7	1	1596	1478	300,300
1526394209.889046933	80	40	48	1	2	0	2	-60	30953	7	1	1596	1478	300,300
1526394209.900812891	80	40	48	1	2	0	2	-60	30954	7	1	1596	1478	300,300
1526394209.912567542	80	40	48	1	2	0	2	-60	30955	7	1	1596	1478	300,300
1526394209.924242411	80	40	48	1	2	0	2	-60	30956	7	1	1596	1478	300,300
1526394209.936074762	80	40	48	1	2	0	2	-60	30957	7	1	1596	1478	300,300
1526394209.947836283	80	40	48	1	2	0	2	-60	30958	7	1	1596	1478	300,300
1526394209.959521240	80	40	48	1	2	0	2	-60	30959	7	1	1596	1478	300,300
1526394209.971356323	80	40	48	1	2	0	2	-60	30960	7	1	1596	1478	300,300
1526394209.983111170	80	40	48	1	2	0	2	-60	30961	7	1	1596	1478	300,300
1526394209.994787264	80	40	48	1	2	0	2	-60	30962	7	1	1596	1478	300,300
1526394210.006893073	80	40	48	1	2	0	2	-60	30963	7	1	1596	1478	300,300
1526394210.018311633	80	40	48	1	2	0	2	-60	30964	7	1	1596	1478	300,300
1526394210.030057799	80	40	48	1	2	0	2	-60	30965	7	1	1596	1478	300,300
1526394210.041936490	80	40	48	1	2	0	2	-60	30966	7	1	1596	1478	300,300
1526394210.053688217	80	40	48	1	2	0	2	-60	30967	7	1	1596	1478	300,300
1526394210.065476237	80	40	48	1	2	0	2	-60	30968	7	1	1596	1478	300,300
1526394210.077448886	80	40	48	1	2	0	2	-60	30970	7	1	1596	1478	300,300
1526394210.088954102	80	40	48	1	2	0	2	-60	30971	7	1	1596	1478	300,300
1526394210.100724208	80	40	48	1	2	0	2	-60	30972	7	1	1596	1478	300,300
1526394210.112523533	80	40	48	1	2	0	2	-60	30973	7	1	1596	1478	300,300
1526394210.124237181	80	40	48	1	2	0	2	-60	30974	7	1	1596	1478	300,300
1526394210.135909788	80	40	48	1	2	0	2	-60	30975	7	1	1596	1478	300,300
1526394210.147758453	80	40	48	1	2	0	2	-60	30976	7	1	1596	1478	300,300
1526394210.159437941	80	40	48	1	2	0	2	-60	30977	7	1	1596	1478	300,300
1526394210.171574389	80	40	48	1	2	0	2	-60	30978	7	1	1596	1478	300,300
1526394210.183027345	80	40	48	1	2	0	2	-60	30979	7	1	1596	1478	300,300
1526394210.194780140	80	40	48	1	2	0	2	-60	30980	7	1	1596	1478	300,300
1526394210.206553079	80	40	48	1	2	0	2	-60	30981	7	1	1596	1478	300,300
1526394210.218325452	80	40	48	1	2	0	2	-60	30982	7	1	1596	1478	300,300
1526394210.230059047	80	40	48	1	2	0	2	-60	30983	7	1	1596	1478	300,300
1526394210.241745203	80	40	48	1	2	0	2	-60	30984	7	1	1596	1478	300,300
1526394210.253480717	80	40	48	1	2	0	2	-60	30985	7	1	1596	1478	300,300
1526394210.265410835	80	40	48	1	2	0	2	-60	30986	7	1	1596	1478	300,300
1526394210.277110873	80	40	48	1	2	0	2	-60	30987	7	1	1596	1478	300,300
1526394210.288870632	80	40	48	1	2	0	2	-60	30988	7	1	1596	1478	300,300
1526394210.300618092	80	40	48	1	2	0	2	-60	30989	7	1	1596	1478	300,300
1526394210.312418432	80	40	48	1	2	0	2	-60	30990	7	1	1596	1478	300,300
1526394210.324179344	80	40	48	1	2	0	2	-60	30991	7	1	1596	1478	300,300
1526394210.336195310	80	40	48	1	2	0	2	-60	30992	7	1	1596	1478	300,300
1526394210.347667102	80	40	48	1	2	0	2	-60	30993	7	1	1596	1478	300,300
1526394210.359412065	80	40	48	1	2	0	2	-60	30994	7	1	1596	1478	300,300
1526394210.371211991	80	40	48	1	2	0	2	-60	30995	7	1	1596	1478	300,300
1526394210.382936490	80	40	48	1	2	0	2	-60	30996	7	1	1596	1478	300,300
1526394210.394634594	80	40	48	1	2	0	2	-60	30997	7	1	1596	1478	300,300
1526394210.406518086	80	40	48	1	2	0	2	-60	30998	7	1	1596	1478	300,300
1526394210.418271956	80	40	48	1	2	0	2	-60	30999	7	1	1596	1478	300,300
1526394210.429991718	80	40	48	1	2	0	2	-60	31000	7	1	1596	1478	300,300
1526394210.441630504	80	40	48	1	2	0	2	-60	31001	7	1	1596	1478	300,300
1526394210.453505169	80	40	48	1	2	0	2	-60	31002	7	1	1596	1478	300,300
1526394210.465296149	80	40	48	1	2	0	2	-60	31003	7	1	1596	1478	300,300
1526394210.477261893	80	40	48	1	2	0	2	-60	31004	7	1	1596	1478	300,300
1526394210.488986999	80	40	48	1	2	0	2	-60	31005	7	1	1596	1478	300,300
1526394210.500917514	80	40	48	1	2	0	2	-60	31006	7	1	1596	1478	300,300
1526394210.512323646	80	40	48	1	2	0	2	-60	31007	7	1	1596	1478	300,300
1526394210.524089585	80	40	48	1	2	0	2	-60	31008	7	1	1596	1478	300,300
1526394210.535823834	80	40	48	1	2	0	2	-60	31009	7	1	1596	1478	300,300
1526394210.547602575	80	40	48	1	2	0	2	-60	31010	7	1	1596	1478	300,300
1526394210.559360344	80	40	48	1	2	0	2	-60	31011	7	1	1596	1478	300,300
1526394210.571140728	80	40	48	1	2	0	2	-60	31012	7	1	1596	1478	300,300
1526394210.582884481	80	40	48	1	2	0	2	-60	31013	7	1	1596	1478	300,300
1526394210.594626173	80	40	48	1	2	0	2	-60	31014	7	1	1596	1478	300,300
1526394210.606409599	80	40	48	1	2	0	2	-60	31015	7	1	1596	1478	300,300
1526394210.618154668	80	40	48	1	2	0	2	-60	31016	7	1	1596	1478	300,300
1526394210.629918585	80	40	48	1	2	0	2	-60	31017	7	1	1596	1478	300,300
1526394210.641672391	80	40	48	1	2	0	2	-60	31018	7	1	1596	1478	300,300
1526394210.653439043	80	40	48	1	2	0	2	-60	31019	7	1	1596	1478	300,300
1526394210.665569218	80	40	48	1	2	0	2	-60	31020	7	1	1596	1478	300,300
1526394210.676995217	80	40	48	1	2	0	2	-60	31021	7	1	1596	1478	300,300
1526394210.688705073	80	40	48	1	2	0	2	-60	31022	7	1	1596	1478	300,300
1526394210.700538648	80	40	48	1	2	0	2	-60	31023	7	1	1596	1478	300,300
1526394210.712248047	80	40	48	1	2	0	2	-60	31024	7	1	1596	1478	300,300
1526394210.724002836	80	40	48	1	2	0	2	-60	31025	7	1	1596	1478	300,300
1526394210.735779506	80	40	48	1	2	0	2	-60	31026	7	1	1596	1478	300,300
1526394210.747535090	80	40	48	1	2	0	2	-60	31027	7	1	1596	1478	300,300
1526394210.759095673	80	40	48	1	2	0	2	-60	31028	7	1	1596	1478	300,300
1526394210.770956830	80	40	48	1	2	0	2	-60	31029	7	1	1596	1478	300,300
1526394210.782738520	80	40	48	1	2	0	2	-60	31030	7	1	1596	1478	300,300
1526394210.794554753	80	40	48	1	2	0	2	-60	31031	7	1	1596	1478	300,300
1526394210.806359057	80	40	48	1	2	0	2	-60	31032	7	1	1596	1478	300,300
1526394210.818107552	80	40	48	1	2	0	2	-60	31033	7	1	1596	1478	300,300
1526394210.830142023	80	40	48	1	2	0	2	-60	31034	7	1	1596	1478	300,300
1526394210.841473037	80	40	48	1	2	0	2	-60	31035	7	1	1596	1478	300,300
1526394210.853362696	80	40	48	1	2	0	2	-60	31036	7	1	1596	1478	300,300
1526394210.865132388	80	40	48	1	2	0	2	-60	31037	7	1	1596	1478	300,300
1526394210.876890876	80	40	48	1	2	0	2	-60	31038	7	1	1596	1478	300,300
1526394210.888675740	80	40	48	1	2	0	2	-60	31039	7	1	1596	1478	300,300
1526394210.900395884	80	40	48	1	2	0	2	-60	31040	7	1	1596	1478	300,300
1526394210.912159086	80	40	48	1	2	0	2	-60	31041	7	1	1596	1478	300,300
1526394210.923927106	80	40	48	1	2	0	2	-60	31042	7	1	1596	1478	300,300
1526394210.935680585	80	40	48	1	2	0	2	-60	31043	7	1	1596	1478	300,300
1526394210.947350013	80	40	48	1	2	0	2	-60	31044	7	1	1596	1478	300,300
1526394210.959112307	80	40	48	1	2	0	2	-60	31045	7	1	1596	1478	300,300
1526394210.970855894	80	40	48	1	2	0	2	-60	31046	7	1	1596	1478	300,300
1526394210.982650327	80	40	48	1	2	0	2	-60	31047	7	1	1596	1478	300,300
1526394210.994785555	80	40	48	1	2	0	2	-60	31048	7	1	1596	1478	300,300
1526394211.006154203	80	40	48	1	2	0	2	-60	31049	7	1	1596	1478	300,300
1526394211.017903193	80	40	48	1	2	0	2	-60	31050	7	1	1596	1478	300,300
1526394211.029669954	80	40	48	1	2	0	2	-60	31051	7	1	1596	1478	300,300
1526394211.041489370	80	40	48	1	2	0	2	-60	31052	7	1	1596	1478	300,300
1526394211.053284353	80	40	48	1	2	0	2	-60	31053	7	1	1596	1478	300,300
1526394211.065034206	80	40	48	1	2	0	2	-60	31054	7	1	1596	1478	300,300
1526394211.076798671	80	40	48	1	2	0	2	-60	31055	7	1	1596	1478	300,300
1526394211.088590162	80	40	48	1	2	0	2	-60	31056	7	1	1596	1478	300,300
1526394211.100323294	80	40	48	1	2	0	2	-60	31057	7	1	1596	1478	300,300
1526394211.112087043	80	40	48	1	2	0	2	-60	31058	7	1	1596	1478	300,300
1526394211.123784506	80	40	48	1	2	0	2	-60	31059	7	1	1596	1478	300,300
1526394211.135494170	80	40	48	1	2	0	2	-60	31060	7	1	1596	1478	300,300
1526394211.147300275	80	40	48	1	2	0	2	-60	31061	7	1	1596	1478	300,300
1526394211.159471045	80	40	48	1	2	0	2	-60	31062	7	1	1596	1478	300,300
1526394211.170870944	80	40	48	1	2	0	2	-60	31063	7	1	1596	1478	300,300
1526394211.182649739	80	40	48	1	2	0	2	-60	31064	7	1	1596	1478	300,300
1526394211.194515885	80	40	48	1	2	0	2	-60	31065	7	1	1596	1478	300,300
1526394211.206179464	80	40	48	1	2	0	2	-60	31066	7	1	1596	1478	300,300
1526394211.217913125	80	40	48	1	2	0	2	-60	31067	7	1	1596	1478	300,300
1526394211.229677528	80	40	48	1	2	0	2	-60	31068	7	1	1596	1478	300,300
1526394211.241491230	80	40	48	1	2	0	2	-60	31069	7	1	1596	1478	300,300
1526394211.253191323	80	40	48	1	2	0	2	-60	31070	7	1	1596	1478	300,300
1526394211.265077785	80	40	48	1	2	0	2	-60	31071	7	1	1596	1478	300,300
1526394211.276724649	80	40	48	1	2	0	2	-60	31072	7	1	1596	1478	300,300
1526394211.290949781	80	40	48	1	2	0	2	-60	31073	7	1	1596	1478	300,300
1526394211.300273018	80	40	48	1	2	0	2	-60	31074	7	1	1596	1478	300,300
1526394211.312043142	80	40	48	1	2	0	2	-60	31075	7	1	1596	1478	300,300
1526394211.324217764	80	40	48	1	2	0	2	-60	31076	7	1	1596	1478	300,300
1526394211.335516046	80	40	48	1	2	0	2	-60	31077	7	1	1596	1478	300,300
1526394211.347244655	80	40	48	1	2	0	2	-60	31078	7	1	1596	1478	300,300
1526394211.359081018	80	40	48	1	2	0	2	-60	31079	7	1	1596	1478	300,300
1526394211.370768425	80	40	48	1	2	0	2	-60	31080	7	1	1596	1478	300,300
1526394211.382655809	80	40	48	1	2	0	2	-60	31081	7	1	1596	1478	300,300
1526394211.394390374	80	40	48	1	2	0	2	-60	31082	7	1	1596	1478	300,300
1526394211.406129709	80	40	48	1	2	0	2	-60	31083	7	1	1596	1478	300,300
1526394211.417892121	80	40	48	1	2	0	2	-60	31084	7	1	1596	1478	300,300
1526394211.429638416	80	40	48	1	2	0	2	-60	31085	7	1	1596	1478	300,300
1526394211.441400129	80	40	48	1	2	0	2	-60	31086	7	1	1596	1478	300,300
1526394211.453176807	80	40	48	1	2	0	2	-60	31087	7	1	1596	1478	300,300
1526394211.464953309	80	40	48	1	2	0	2	-60	31088	7	1	1596	1478	300,300
1526394211.476691773	80	40	48	1	2	0	2	-60	31089	7	1	1596	1478	300,300
1526394211.488632687	80	40	48	1	2	0	2	-60	31091	7	1	1596	1478	300,300
1526394211.499938652	80	40	48	1	2	0	2	-60	31092	7	1	1596	1478	300,300
1526394211.511844389	80	40	48	1	2	0	2	-60	31093	7	1	1596	1478	300,300
1526394211.523519249	80	40	48	1	2	0	2	-60	31094	7	1	1596	1478	300,300
1526394211.535086890	80	40	48	1	2	0	2	-60	31095	7	1	1596	1478	300,300
1526394211.547060900	80	40	48	1	2	0	2	-60	31096	7	1	1596	1478	300,300
1526394211.558814821	80	40	48	1	2	0	2	-60	31097	7	1	1596	1478	300,300
1526394211.570704892	80	40	48	1	2	0	2	-60	31098	7	1	1596	1478	300,300
1526394211.582410430	80	40	48	1	2	0	2	-60	31099	7	1	1596	1478	300,300
1526394211.594254876	80	40	48	1	2	0	2	-60	31100	7	1	1596	1478	300,300
1526394211.605927675	80	40	48	1	2	0	2	-60	31101	7	1	1596	1478	300,300
1526394211.617751533	80	40	48	1	2	0	2	-60	31102	7	1	1596	1478	300,300
1526394211.629499945	80	40	48	1	2	0	2	-60	31103	7	1	1596	1478	300,300
1526394211.641176892	80	40	48	1	2	0	2	-60	31104	7	1	1596	1478	300,300
1526394211.653332451	80	40	48	1	2	0	2	-60	31105	7	1	1596	1478	300,300
1526394211.664792853	80	40	48	1	2	0	2	-60	31106	7	1	1596	1478	300,300
1526394211.676553533	80	40	48	1	2	0	2	-60	31107	7	1	1596	1478	300,300
1526394211.688339590	80	40	48	1	2	0	2	-60	31108	7	1	1596	1478	300,300
1526394211.700112259	80	40	48	1	2	0	2	-60	31109	7	1	1596	1478	300,300
1526394211.711851559	80	40	48	1	2	0	2	-60	31110	7	1	1596	1478	300,300
1526394211.723611600	80	40	48	1	2	0	2	-60	31111	7	1	1596	1478	300,300
1526394211.735275332	80	40	48	1	2	0	2	-60	31112	7	1	1596	1478	300,300
1526394211.747108849	80	40	48	1	2	0	2	-60	31113	7	1	1596	1478	300,300
1526394211.758880140	80	40	48	1	2	0	2	-60	31114	7	1	1596	1478	300,300
1526394211.770649113	80	40	48	1	2	0	2	-60	31115	7	1	1596	1478	300,300
1526394211.782256274	80	40	48	1	2	0	2	-60	31116	7	1	1596	1478	300,300
1526394211.794320978	80	40	48	1	2	0	2	-60	31117	7	1	1596	1478	300,300
1526394211.805866340	80	40	48	1	2	0	2	-60	31118	7	1	1596	1478	300,300
1526394211.818017412	80	40	48	1	2	0	2	-60	31119	7	1	1596	1478	300,300
1526394211.829207257	80	40	48	1	2	0	2	-60	31120	7	1	1596	1478	300,300
1526394211.841060116	80	40	48	1	2	0	2	-60	31121	7	1	1596	1478	300,300
1526394211.852889981	80	40	48	1	2	0	2	-60	31122	7	1	1596	1478	300,300
1526394211.864722679	80	40	48	1	2	0	2	-60	31123	7	1	1596	1478	300,300
1526394211.876490041	80	40	48	1	2	0	2	-60	31124	7	1	1596	1478	300,300
1526394211.888245254	80	40	48	1	2	0	2	-60	31125	7	1	1596	1478	300,300
1526394211.899865279	80	40	48	1	2	0	2	-60	31126	7	1	1596	1478	300,300
1526394211.911870430	80	40	48	1	2	0	2	-60	31127	7	1	1596	1478	300,300
1526394211.923422462	80	40	48	1	2	0	2	-60	31128	7	1	1596	1478	300,300
1526394211.935172977	80	40	48	1	2	0	2	-60	31129	7	1	1596	1478	300,300
1526394211.946946065	80	40	48	1	2	0	2	-60	31130	7	1	1596	1478	300,300
1526394211.958705336	80	40	48	1	2	0	2	-60	31131	7	1	1596	1478	300,300
1526394211.970555011	80	40	48	1	2	0	2	-60	31132	7	1	1596	1478	300,300
1526394211.982679267	80	40	48	1	2	0	2	-60	31133	7	1	1596	1478	300,300
1526394211.994097342	80	40	48	1	2	0	2	-60	31134	7	1	1596	1478	300,300
1526394212.006533105	80	40	48	1	2	0	2	-60	31135	7	1	1596	1478	300,300
1526394212.017593325	80	40	48	1	2	0	2	-60	31136	7	1	1596	1478	300,300
1526394212.029255969	80	40	48	1	2	0	2	-60	31137	7	1	1596	1478	300,300
1526394212.041115904	80	40	48	1	2	0	2	-60	31138	7	1	1596	1478	300,300
1526394212.052806195	80	40	48	1	2	0	2	-60	31139	7	1	1596	1478	300,300
1526394212.064644005	80	40	48	1	2	0	2	-60	31140	7	1	1596	1478	300,300
1526394212.076409588	80	40	48	1	2	0	2	-60	31141	7	1	1596	1478	300,300
1526394212.088164683	80	40	48	1	2	0	2	-60	31142	7	1	1596	1478	300,300
1526394212.099825087	80	40	48	1	2	0	2	-60	31143	7	1	1596	1478	300,300
1526394212.111611903	80	40	48	1	2	0	2	-60	31144	7	1	1596	1478	300,300
1526394212.123322556	80	40	48	1	2	0	2	-60	31145	7	1	1596	1478	300,300
1526394212.135171222	80	40	48	1	2	0	2	-60	31146	7	1	1596	1478	300,300
1526394212.147312983	80	40	48	1	2	0	2	-60	31147	7	1	1596	1478	300,300
1526394212.158709839	80	40	48	1	2	0	2	-60	31148	7	1	1596	1478	300,300
1526394212.170470627	80	40	48	1	2	0	2	-60	31149	7	1	1596	1478	300,300
1526394212.182241452	80	40	48	1	2	0	2	-60	31150	7	1	1596	1478	300,300
1526394212.193995891	80	40	48	1	2	0	2	-60	31151	7	1	1596	1478	300,300
1526394212.205753340	80	40	48	1	2	0	2	-60	31152	7	1	1596	1478	300,300
1526394212.218045573	80	40	48	1	2	0	2	-60	31153	7	1	1596	1478	300,300
1526394212.229281709	80	40	48	1	2	0	2	-60	31154	7	1	1596	1478	300,300
1526394212.240974448	80	40	48	1	2	0	2	-60	31155	7	1	1596	1478	300,300
1526394212.252829725	80	40	48	1	2	0	2	-60	31156	7	1	1596	1478	300,300
1526394212.264571571	80	40	48	1	2	0	2	-60	31157	7	1	1596	1478	300,300
1526394212.276326291	80	40	48	1	2	0	2	-60	31158	7	1	1596	1478	300,300
1526394212.287998243	80	40	48	1	2	0	2	-60	31159	7	1	1596	1478	300,300
1526394212.300402369	80	40	48	1	2	0	2	-60	31160	7	1	1596	1478	300,300
1526394212.313134402	80	40	48	1	2	0	2	-60	31161	7	1	1596	1478	300,300
1526394212.323352117	80	40	48	1	2	0	2	-60	31162	7	1	1596	1478	300,300
1526394212.334999445	80	40	48	1	2	0	2	-60	31163	7	1	1596	1478	300,300
1526394212.346860152	80	40	48	1	2	0	2	-60	31164	7	1	1596	1478	300,300
1526394212.358615651	80	40	48	1	2	0	2	-60	31165	7	1	1596	1478	300,300
1526394212.370400546	80	40	48	1	2	0	2	-60	31166	7	1	1596	1478	300,300
1526394212.382182664	80	40	48	1	2	0	2	-60	31167	7	1	1596	1478	300,300
1526394212.393941887	80	40	48	1	2	0	2	-60	31168	7	1	1596	1478	300,300
1526394212.405677598	80	40	48	1	2	0	2	-60	31169	7	1	1596	1478	300,300
1526394212.417463475	80	40	48	1	2	0	2	-60	31170	7	1	1596	1478	300,300
1526394212.429197040	80	40	48	1	2	0	2	-60	31171	7	1	1596	1478	300,300
1526394212.440989586	80	40	48	1	2	0	2	-60	31172	7	1	1596	1478	300,300
1526394212.452737418	80	40	48	1	2	0	2	-60	31173	7	1	1596	1478	300,300
1526394212.464524983	80	40	48	1	2	0	2	-60	31174	7	1	1596	1478	300,300
1526394212.476735540	80	40	48	1	2	0	2	-60	31175	7	1	1596	1478	300,300
1526394212.488018036	80	40	48	1	2	0	2	-60	31176	7	1	1596	1478	300,300
1526394212.499769733	80	40	48	1	2	0	2	-60	31177	7	1	1596	1478	300,300
1526394212.511813061	80	40	48	1	2	0	2	-60	31178	7	1	1596	1478	300,300
1526394212.523212172	80	40	48	1	2	0	2	-60	31179	7	1	1596	1478	300,300
1526394212.534956655	80	40	48	1	2	0	2	-60	31180	7	1	1596	1478	300,300
1526394212.546821903	80	40	48	1	2	0	2	-60	31181	7	1	1596	1478	300,300
1526394212.558438800	80	40	48	1	2	0	2	-60	31182	7	1	1596	1478	300,300
1526394212.570200401	80	40	48	1	2	0	2	-60	31183	7	1	1596	1478	300,300
1526394212.582075971	80	40	48	1	2	0	2	-60	31184	7	1	1596	1478	300,300
1526394212.594242279	80	40	48	1	2	0	2	-60	31185	7	1	1596	1478	300,300
1526394212.605616142	80	40	48	1	2	0	2	-60	31186	7	1	1596	1478	300,300
1526394212.617404081	80	40	48	1	2	0	2	-60	31187	7	1	1596	1478	300,300
1526394212.629134805	80	40	48	1	2	0	2	-60	31188	7	1	1596	1478	300,300
1526394212.836237589	121	40	48	1	2	0	2	-60	31190	7	1	3130	1478,1478	300,300
1526394212.836272668	121	40	48	1	2	0	2	-60	31190	7	1	3130	1478,1478	300,300
1526394212.836285359	121	40	48	1	2	0	2	-60	31190	7	1	3130	1478,1478	300,300
1526394212.836319043	121	40	48	1	2	0	2	-60	31190	7	1	3130	1478,1478	300,300
1526394212.836324852	121	40	48	1	2	0	2	-60	31190	7	1	3130	1478,1478	300,300
1526394212.836329171	121	40	48	1	2	0	2	-60	31190	7	1	3130	1478,1478	300,300
1526394212.836332935	121	40	48	1	2	0	2	-60	31190	7	1	3130	1478,1478	300,300
1526394212.836337259	80	40	48	1	2	0	2	-60	31190	7	1	1596	1478	300,300
1526394212.836667728	121	40	48	1	2	0	2	-60	31191	7	1	3130	1478,1478	300,300
1526394212.840607912	80	40	48	1	2	0	2	-60	31192	7	1	1596	1478	300,300
1526394213.040425895	121	40	48	1	2	0	2	-60	31193	7	1	3130	1478,1478	300,300
1526394213.040459466	121	40	48	1	2	0	2	-60	31193	7	1	3130	1478,1478	300,300
1526394213.040467317	121	40	48	1	2	0	2	-60	31193	7	1	3130	1478,1478	300,300
1526394213.040475158	121	40	48	1	2	0	2	-60	31193	7	1	3130	1478,1478	300,300
1526394213.040482616	121	40	48	1	2	0	2	-60	31193	7	1	3130	1478,1478	300,300
1526394213.040489652	121	40	48	1	2	0	2	-60	31193	7	1	3130	1478,1478	300,300
1526394213.040497841	121	40	48	1	2	0	2	-60	31193	7	1	3130	1478,1478	300,300
1526394213.040594084	121	40	48	1	2	0	2	-60	31193	7	1	3130	1478,1478	300,300
1526394213.245852249	121	40	48	1	2	0	2	-60	31194	7	1	3130	1478,1478	300,300
1526394213.245898514	121	40	48	1	2	0	2	-60	31194	7	1	3130	1478,1478	300,300
1526394213.245910090	121	40	48	1	2	0	2	-60	31194	7	1	3130	1478,1478	300,300
1526394213.245920597	121	40	48	1	2	0	2	-60	31194	7	1	3130	1478,1478	300,300
1526394213.245931961	121	40	48	1	2	0	2	-60	31194	7	1	3130	1478,1478	300,300
1526394213.245943794	121	40	48	1	2	0	2	-60	31194	7	1	3130	1478,1478	300,300
1526394213.245956284	121	40	48	1	2	0	2	-60	31194	7	1	3130	1478,1478	300,300
1526394213.245967918	80	40	48	1	2	0	2	-60	31194	7	1	1596	1478	300,300
