1526394350.006478055	66	40	48	0	2	0	2	-64	33295	5	4	1596	1478	468,468
1526394350.006524876	66	40	48	0	2	0	2	-64	33295	5	4	1596	1478	468,468
1526394350.006535696	66	40	48	0	2	0	2	-64	33295	5	4	1596	1478	468,468
1526394350.006543005	66	40	48	0	2	0	2	-64	33295	5	4	1596	1478	468,468
1526394350.006550623	66	40	48	0	2	0	2	-64	33295	5	4	1596	1478	468,468
1526394350.006557718	66	40	48	0	2	0	2	-64	33295	5	4	1596	1478	468,468
1526394350.006565728	66	40	48	0	2	0	2	-64	33295	5	4	1596	1478	468,468
1526394350.006573093	66	40	48	0	2	0	2	-64	33295	5	4	1596	1478	468,468
1526394350.006583403	66	40	48	0	2	0	2	-64	33295	5	4	1596	1478	468,468
1526394350.006590814	66	40	48	0	2	0	2	-64	33295	5	4	1596	1478	468,468
1526394350.006598586	66	40	48	0	2	0	2	-64	33295	5	4	1596	1478	468,468
1526394350.006607186	66	40	48	0	2	0	2	-64	33295	5	4	1596	1478	468,468
1526394350.006620014	66	40	48	0	2	0	2	-64	33295	5	4	1596	1478	468,468
1526394350.006626831	66	40	48	0	2	0	2	-64	33295	5	4	1596	1478	468,468
1526394350.006634301	66	40	48	0	2	0	2	-64	33295	5	4	1596	1478	468,468
1526394350.006641376	66	40	48	0	2	0	2	-64	33295	5	4	1596	1478	468,468
1526394350.006648988	66	40	48	0	2	0	2	-64	33295	5	4	1596	1478	468,468
1526394350.006656284	66	40	48	0	2	0	2	-64	33295	5	4	1596	1478	468,468
1526394350.006663976	66	40	48	0	2	0	2	-64	33295	5	4	1596	1478	468,468
1526394350.014384412	66	40	48	0	2	0	2	-64	33296	5	4	1596	1478	468,468
1526394350.026167980	66	40	48	0	2	0	2	-64	33297	5	4	1596	1478	468,468
1526394350.037880469	66	40	48	0	2	0	2	-64	33298	5	4	1596	1478	468,468
1526394350.050010035	66	40	48	0	2	0	2	-64	33300	5	4	1596	1478	468,468
1526394350.061503536	66	40	48	0	2	0	2	-64	33301	5	4	1596	1478	468,468
1526394350.073116409	66	40	48	0	2	0	2	-64	33302	5	4	1596	1478	468,468
1526394350.085021003	66	40	48	0	2	0	2	-64	33303	5	4	1596	1478	468,468
1526394350.096782173	66	40	48	0	2	0	2	-64	33304	5	4	1596	1478	468,468
1526394350.108550055	66	40	48	0	2	0	2	-64	33305	5	4	1596	1478	468,468
1526394350.120293534	66	40	48	0	2	0	2	-64	33306	5	4	1596	1478	468,468
1526394350.132069398	66	40	48	0	2	0	2	-64	33307	5	4	1596	1478	468,468
1526394350.143983077	66	40	48	0	2	0	2	-64	33308	5	4	1596	1478	468,468
1526394350.155487431	66	40	48	0	2	0	2	-64	33309	5	4	1596	1478	468,468
1526394350.167341299	66	40	48	0	2	0	2	-64	33310	5	4	1596	1478	468,468
1526394350.179108353	66	40	48	0	2	0	2	-64	33311	5	4	1596	1478	468,468
1526394350.190856003	66	40	48	0	2	0	2	-64	33312	5	4	1596	1478	468,468
1526394350.202631944	66	40	48	0	2	0	2	-64	33313	5	4	1596	1478	468,468
1526394350.214726028	66	40	48	0	2	0	2	-64	33314	5	4	1596	1478	468,468
1526394350.226067002	66	40	48	0	2	0	2	-64	33315	5	4	1596	1478	468,468
1526394350.237800636	66	40	48	0	2	0	2	-64	33316	5	4	1596	1478	468,468
1526394350.250628834	66	40	48	0	2	0	2	-64	33318	5	4	1596	1478	468,468
1526394350.261422834	66	40	48	0	2	0	2	-64	33319	5	4	1596	1478	468,468
1526394350.273221981	66	40	48	0	2	0	2	-64	33320	5	4	1596	1478	468,468
1526394350.284934354	66	40	48	0	2	0	2	-64	33321	5	4	1596	1478	468,468
1526394350.296667211	66	40	48	0	2	0	2	-64	33322	5	4	1596	1478	468,468
1526394350.309116832	66	40	48	0	2	0	2	-64	33323	5	4	1596	1478	468,468
1526394350.320162204	66	40	48	0	2	0	2	-64	33324	5	4	1596	1478	468,468
1526394350.331980178	66	40	48	0	2	0	2	-64	33325	5	4	1596	1478	468,468
1526394350.343669958	66	40	48	0	2	0	2	-64	33326	5	4	1596	1478	468,468
1526394350.355428708	66	40	48	0	2	0	2	-64	33327	5	4	1596	1478	468,468
1526394350.367181870	66	40	48	0	2	0	2	-64	33328	5	4	1596	1478	468,468
1526394350.379332844	66	40	48	0	2	0	2	-64	33330	5	4	1596	1478	468,468
1526394350.390727666	66	40	48	0	2	0	2	-64	33331	5	4	1596	1478	468,468
1526394350.402558549	66	40	48	0	2	0	2	-64	33332	5	4	1596	1478	468,468
1526394350.414289198	66	40	48	0	2	0	2	-64	33333	5	4	1596	1478	468,468
1526394350.426111238	66	40	48	0	2	0	2	-64	33334	5	4	1596	1478	468,468
1526394350.437880431	66	40	48	0	2	0	2	-64	33335	5	4	1596	1478	468,468
1526394350.449616637	66	40	48	0	2	0	2	-64	33336	5	4	1596	1478	468,468
1526394350.461394731	66	40	48	0	2	0	2	-64	33337	5	4	1596	1478	468,468
1526394350.473447816	66	40	48	0	2	0	2	-64	33338	5	4	1596	1478	468,468
1526394350.485334466	66	40	48	0	2	0	2	-64	33339	5	4	1596	1478	468,468
1526394350.496515211	66	40	48	0	2	0	2	-64	33340	5	4	1596	1478	468,468
1526394350.508295945	66	40	48	0	2	0	2	-64	33341	5	4	1596	1478	468,468
1526394350.519995526	66	40	48	0	2	0	2	-64	33342	5	4	1596	1478	468,468
1526394350.531730434	66	40	48	0	2	0	2	-63	33343	5	4	1596	1478	468,468
1526394350.543501897	63	40	48	0	2	0	2	-64	33344	6	4	1596	1478	526,5,526,5
1526394350.556306512	63	40	48	0	2	0	2	-64	33348	6	4	1596	1478	526,5,526,5
1526394350.568103428	63	40	48	0	2	0	2	-64	33352	6	4	1596	1478	526,5,526,5
1526394350.580291823	66	40	48	0	2	0	2	-64	33357	5	4	1596	1478	468,468
1526394350.590691729	66	40	48	0	2	0	2	-64	33358	5	4	1596	1478	468,468
1526394350.602474727	66	40	48	0	2	0	2	-64	33359	5	4	1596	1478	468,468
1526394350.614237217	66	40	48	0	2	0	2	-64	33360	5	4	1596	1478	468,468
1526394350.625996998	66	40	48	0	2	0	2	-64	33361	5	4	1596	1478	468,468
1526394350.637771258	66	40	48	0	2	0	2	-64	33362	5	4	1596	1478	468,468
1526394350.649492952	66	40	48	0	2	0	2	-64	33363	5	4	1596	1478	468,468
1526394350.661265386	66	40	48	0	2	0	2	-64	33364	5	4	1596	1478	468,468
1526394350.673778853	66	40	48	0	2	0	2	-64	33366	5	4	1596	1478	468,468
1526394350.684691869	66	40	48	0	2	0	2	-64	33367	5	4	1596	1478	468,468
1526394350.696534371	66	40	48	0	2	0	2	-64	33368	5	4	1596	1478	468,468
1526394350.708287057	66	40	48	0	2	0	2	-64	33369	5	4	1596	1478	468,468
1526394350.720053912	66	40	48	0	2	0	2	-64	33370	5	4	1596	1478	468,468
1526394350.731802189	66	40	48	0	2	0	2	-64	33371	5	4	1596	1478	468,468
1526394350.743552876	66	40	48	0	2	0	2	-64	33372	5	4	1596	1478	468,468
1526394350.755175707	66	40	48	0	2	0	2	-64	33373	5	4	1596	1478	468,468
1526394350.767122599	66	40	48	0	2	0	2	-64	33374	5	4	1596	1478	468,468
1526394350.778844347	66	40	48	0	2	0	2	-64	33375	5	4	1596	1478	468,468
1526394350.790625786	66	40	48	0	2	0	2	-64	33376	5	4	1596	1478	468,468
1526394350.802383751	66	40	48	0	2	0	2	-64	33377	5	4	1596	1478	468,468
1526394350.814149611	66	40	48	0	2	0	2	-64	33378	5	4	1596	1478	468,468
1526394350.825892584	66	40	48	0	2	0	2	-64	33379	5	4	1596	1478	468,468
1526394350.838081650	66	40	48	0	2	0	2	-64	33381	5	4	1596	1478	468,468
1526394350.849420123	66	40	48	0	2	0	2	-64	33382	5	4	1596	1478	468,468
1526394350.862558916	66	40	48	0	2	0	2	-64	33386	5	4	1596	1478	468,468
1526394350.872924436	66	40	48	0	2	0	2	-64	33387	5	4	1596	1478	468,468
1526394350.884696368	66	40	48	0	2	0	2	-64	33388	5	4	1596	1478	468,468
1526394350.896437568	66	40	48	0	2	0	2	-64	33389	5	4	1596	1478	468,468
1526394350.908222176	66	40	48	0	2	0	2	-64	33390	5	4	1596	1478	468,468
1526394350.919978840	66	40	48	0	2	0	2	-64	33391	5	4	1596	1478	468,468
1526394350.931748835	66	40	48	0	2	0	2	-64	33392	5	4	1596	1478	468,468
1526394350.943531968	66	40	48	0	2	0	2	-64	33393	5	4	1596	1478	468,468
1526394350.955252077	66	40	48	0	2	0	2	-64	33394	5	4	1596	1478	468,468
1526394350.967031921	66	40	48	0	2	0	2	-64	33395	5	4	1596	1478	468,468
1526394350.978772027	66	40	48	0	2	0	2	-64	33396	5	4	1596	1478	468,468
1526394350.990471696	66	40	48	0	2	0	2	-64	33397	5	4	1596	1478	468,468
1526394351.002597694	66	40	48	0	2	0	2	-64	33398	5	4	1596	1478	468,468
1526394351.014051958	66	40	48	0	2	0	2	-64	33399	5	4	1596	1478	468,468
1526394351.026127563	66	40	48	0	2	0	2	-64	33400	5	4	1596	1478	468,468
1526394351.037492835	66	40	48	0	2	0	2	-64	33401	5	4	1596	1478	468,468
1526394351.049244110	66	40	48	0	2	0	2	-64	33402	5	4	1596	1478	468,468
1526394351.061099868	66	40	48	0	2	0	2	-64	33403	5	4	1596	1478	468,468
1526394351.072875104	66	40	48	0	2	0	2	-64	33404	5	4	1596	1478	468,468
1526394351.084551202	66	40	48	0	2	0	2	-64	33405	5	4	1596	1478	468,468
1526394351.096903520	66	40	48	0	2	0	2	-64	33406	5	4	1596	1478	468,468
1526394351.108156505	66	40	48	0	2	0	2	-64	33407	5	4	1596	1478	468,468
1526394351.119926325	66	40	48	0	2	0	2	-64	33408	5	4	1596	1478	468,468
1526394351.131604047	66	40	48	0	2	0	2	-64	33409	5	4	1596	1478	468,468
1526394351.143310877	66	40	48	0	2	0	2	-64	33410	5	4	1596	1478	468,468
1526394351.155176711	66	40	48	0	2	0	2	-64	33411	5	4	1596	1478	468,468
1526394351.168643863	66	40	48	0	2	0	2	-64	33413	5	4	1596	1478	468,468
1526394351.178680452	66	40	48	0	2	0	2	-64	33414	5	4	1596	1478	468,468
1526394351.190447489	66	40	48	0	2	0	2	-64	33415	5	4	1596	1478	468,468
1526394351.202141278	66	40	48	0	2	0	2	-64	33416	5	4	1596	1478	468,468
1526394351.213899662	66	40	48	0	2	0	2	-64	33417	5	4	1596	1478	468,468
1526394351.225724498	66	40	48	0	2	0	2	-64	33418	5	4	1596	1478	468,468
1526394351.237496441	66	40	48	0	2	0	2	-64	33419	5	4	1596	1478	468,468
1526394351.249179534	66	40	48	0	2	0	2	-64	33420	5	4	1596	1478	468,468
1526394351.260998929	66	40	48	0	2	0	2	-64	33421	5	4	1596	1478	468,468
1526394351.272808539	66	40	48	0	2	0	2	-64	33422	5	4	1596	1478	468,468
1526394351.284544181	66	40	48	0	2	0	2	-64	33423	5	4	1596	1478	468,468
1526394351.296302730	66	40	48	0	2	0	2	-64	33424	5	4	1596	1478	468,468
1526394351.307983229	66	40	48	0	2	0	2	-64	33425	5	4	1596	1478	468,468
1526394351.319826997	66	40	48	0	2	0	2	-64	33426	5	4	1596	1478	468,468
1526394351.331929495	66	40	48	0	2	0	2	-64	33428	5	4	1596	1478	468,468
1526394351.343348484	66	40	48	0	2	0	2	-64	33429	5	4	1596	1478	468,468
1526394351.355135480	66	40	48	0	2	0	2	-64	33430	5	4	1596	1478	468,468
1526394351.366862462	66	40	48	0	2	0	2	-64	33431	5	4	1596	1478	468,468
1526394351.378639822	66	40	48	0	2	0	2	-64	33432	5	4	1596	1478	468,468
1526394351.390376615	66	40	48	0	2	0	2	-64	33433	5	4	1596	1478	468,468
1526394351.402152591	66	40	48	0	2	0	2	-64	33434	5	4	1596	1478	468,468
1526394351.413894995	66	40	48	0	2	0	2	-64	33435	5	4	1596	1478	468,468
1526394351.425675713	66	40	48	0	2	0	2	-64	33436	5	4	1596	1478	468,468
1526394351.437431723	66	40	48	0	2	0	2	-64	33437	5	4	1596	1478	468,468
1526394351.449175621	66	40	48	0	2	0	2	-64	33438	5	4	1596	1478	468,468
1526394351.460853976	66	40	48	0	2	0	2	-64	33439	5	4	1596	1478	468,468
1526394351.472703528	66	40	48	0	2	0	2	-64	33440	5	4	1596	1478	468,468
1526394351.484440855	66	40	48	0	2	0	2	-64	33441	5	4	1596	1478	468,468
1526394351.497946272	66	40	48	0	2	0	2	-64	33443	5	4	1596	1478	468,468
1526394351.507906058	66	40	48	0	2	0	2	-64	33444	5	4	1596	1478	468,468
1526394351.519784750	66	40	48	0	2	0	2	-64	33445	5	4	1596	1478	468,468
1526394351.531457682	66	40	48	0	2	0	2	-64	33446	5	4	1596	1478	468,468
1526394351.543139611	66	40	48	0	2	0	2	-64	33447	5	4	1596	1478	468,468
1526394351.554876957	66	40	48	0	2	0	2	-64	33448	5	4	1596	1478	468,468
1526394351.566677715	66	40	48	0	2	0	2	-64	33449	5	4	1596	1478	468,468
1526394351.578932957	66	40	48	0	2	0	2	-64	33451	5	4	1596	1478	468,468
1526394351.590176488	66	40	48	0	2	0	2	-64	33452	5	4	1596	1478	468,468
1526394351.601979643	66	40	48	0	2	0	2	-64	33453	5	4	1596	1478	468,468
1526394351.613779607	66	40	48	0	2	0	2	-64	33454	5	4	1596	1478	468,468
1526394351.625536895	66	40	48	0	2	0	2	-64	33455	5	4	1596	1478	468,468
1526394351.637069364	66	40	48	0	2	0	2	-64	33456	5	4	1596	1478	468,468
1526394351.649065621	66	40	48	0	2	0	2	-64	33457	5	4	1596	1478	468,468
1526394351.661094944	66	40	48	0	2	0	2	-64	33459	5	4	1596	1478	468,468
1526394351.672614860	66	40	48	0	2	0	2	-64	33460	5	4	1596	1478	468,468
1526394351.684339359	66	40	48	0	2	0	2	-64	33461	5	4	1596	1478	468,468
1526394351.696153553	66	40	48	0	2	0	2	-64	33462	5	4	1596	1478	468,468
1526394351.707882273	66	40	48	0	2	0	2	-64	33463	5	4	1596	1478	468,468
1526394351.719536920	66	40	48	0	2	0	2	-64	33464	5	4	1596	1478	468,468
1526394351.731424694	66	40	48	0	2	0	2	-64	33465	5	4	1596	1478	468,468
1526394351.743239225	66	40	48	0	2	0	2	-64	33466	5	4	1596	1478	468,468
1526394351.754942196	66	40	48	0	2	0	2	-64	33467	5	4	1596	1478	468,468
1526394351.766697350	66	40	48	0	2	0	2	-64	33468	5	4	1596	1478	468,468
1526394351.778458854	66	40	48	0	2	0	2	-64	33469	5	4	1596	1478	468,468
1526394351.790244167	66	40	48	0	2	0	2	-64	33470	5	4	1596	1478	468,468
1526394351.801991217	66	40	48	0	2	0	2	-64	33471	5	4	1596	1478	468,468
1526394351.813750570	66	40	48	0	2	0	2	-64	33472	5	4	1596	1478	468,468
1526394351.825843488	66	40	48	0	2	0	2	-64	33474	5	4	1596	1478	468,468
1526394351.837194216	66	40	48	0	2	0	2	-64	33475	5	4	1596	1478	468,468
1526394351.849020454	66	40	48	0	2	0	2	-64	33476	5	4	1596	1478	468,468
1526394351.860755082	66	40	48	0	2	0	2	-64	33477	5	4	1596	1478	468,468
1526394351.872547531	66	40	48	0	2	0	2	-64	33478	5	4	1596	1478	468,468
1526394351.884225023	66	40	48	0	2	0	2	-64	33479	5	4	1596	1478	468,468
1526394351.896044041	66	40	48	0	2	0	2	-64	33480	5	4	1596	1478	468,468
1526394351.907684471	66	40	48	0	2	0	2	-64	33481	5	4	1596	1478	468,468
1526394351.919516338	66	40	48	0	2	0	2	-64	33482	5	4	1596	1478	468,468
1526394351.931275355	66	40	48	0	2	0	2	-64	33483	5	4	1596	1478	468,468
1526394351.943052354	66	40	48	0	2	0	2	-64	33484	5	4	1596	1478	468,468
1526394351.954834220	66	40	48	0	2	0	2	-64	33485	5	4	1596	1478	468,468
1526394351.966551977	66	40	48	0	2	0	2	-64	33486	5	4	1596	1478	468,468
1526394351.978290694	66	40	48	0	2	0	2	-64	33487	5	4	1596	1478	468,468
1526394351.990442243	66	40	48	0	2	0	2	-64	33488	5	4	1596	1478	468,468
1526394352.001785107	66	40	48	0	2	0	2	-64	33489	5	4	1596	1478	468,468
1526394352.013388859	66	40	48	0	2	0	2	-64	33490	5	4	1596	1478	468,468
1526394352.025180517	66	40	48	0	2	0	2	-64	33491	5	4	1596	1478	468,468
1526394352.037051175	66	40	48	0	2	0	2	-64	33492	5	4	1596	1478	468,468
1526394352.048827600	66	40	48	0	2	0	2	-64	33493	5	4	1596	1478	468,468
1526394352.060449537	66	40	48	0	2	0	2	-64	33494	5	4	1596	1478	468,468
1526394352.072422657	66	40	48	0	2	0	2	-64	33495	5	4	1596	1478	468,468
1526394352.084095325	66	40	48	0	2	0	2	-64	33496	5	4	1596	1478	468,468
1526394352.095856224	66	40	48	0	2	0	2	-64	33497	5	4	1596	1478	468,468
1526394352.107618458	66	40	48	0	2	0	2	-64	33498	5	4	1596	1478	468,468
1526394352.119367404	66	40	48	0	2	0	2	-64	33499	5	4	1596	1478	468,468
1526394352.131034786	66	40	48	0	2	0	2	-64	33500	5	4	1596	1478	468,468
1526394352.142798459	66	40	48	0	2	0	2	-64	33501	5	4	1596	1478	468,468
1526394352.154936645	66	40	48	0	2	0	2	-64	33503	5	4	1596	1478	468,468
1526394352.166433712	66	40	48	0	2	0	2	-64	33504	5	4	1596	1478	468,468
1526394352.178209507	66	40	48	0	2	0	2	-64	33505	5	4	1596	1478	468,468
1526394352.191096651	66	40	48	0	2	0	2	-64	33506	5	4	1596	1478	468,468
1526394352.201790027	66	40	48	0	2	0	2	-64	33507	5	4	1596	1478	468,468
1526394352.213588211	66	40	48	0	2	0	2	-64	33508	5	4	1596	1478	468,468
1526394352.225333240	66	40	48	0	2	0	2	-64	33509	5	4	1596	1478	468,468
1526394352.237077178	66	40	48	0	2	0	2	-64	33510	5	4	1596	1478	468,468
1526394352.248856029	66	40	48	0	2	0	2	-64	33511	5	4	1596	1478	468,468
1526394352.260612420	66	40	48	0	2	0	2	-64	33512	5	4	1596	1478	468,468
1526394352.272377699	66	40	48	0	2	0	2	-64	33513	5	4	1596	1478	468,468
1526394352.284131694	66	40	48	0	2	0	2	-64	33514	5	4	1596	1478	468,468
1526394352.295938633	66	40	48	0	2	0	2	-64	33515	5	4	1596	1478	468,468
1526394352.307663391	66	40	48	0	2	0	2	-64	33516	5	4	1596	1478	468,468
1526394352.319786950	66	40	48	0	2	0	2	-64	33518	5	4	1596	1478	468,468
1526394352.331180578	66	40	48	0	2	0	2	-64	33519	5	4	1596	1478	468,468
1526394352.342944100	66	40	48	0	2	0	2	-64	33520	5	4	1596	1478	468,468
1526394352.354710272	66	40	48	0	2	0	2	-64	33521	5	4	1596	1478	468,468
1526394352.366454882	66	40	48	0	2	0	2	-64	33522	5	4	1596	1478	468,468
1526394352.378216631	66	40	48	0	2	0	2	-64	33523	5	4	1596	1478	468,468
1526394352.389976339	66	40	48	0	2	0	2	-64	33524	5	4	1596	1478	468,468
1526394352.401761350	66	40	48	0	2	0	2	-64	33525	5	4	1596	1478	468,468
1526394352.413504514	66	40	48	0	2	0	2	-64	33526	5	4	1596	1478	468,468
1526394352.425273886	66	40	48	0	2	0	2	-64	33527	5	4	1596	1478	468,468
1526394352.437005532	66	40	48	0	2	0	2	-64	33528	5	4	1596	1478	468,468
1526394352.449053825	66	40	48	0	2	0	2	-64	33530	5	4	1596	1478	468,468
1526394352.460552778	66	40	48	0	2	0	2	-64	33531	5	4	1596	1478	468,468
1526394352.472292973	66	40	48	0	2	0	2	-64	33532	5	4	1596	1478	468,468
1526394352.484453865	66	40	48	0	2	0	2	-64	33534	5	4	1596	1478	468,468
1526394352.495827048	66	40	48	0	2	0	2	-64	33535	5	4	1596	1478	468,468
1526394352.507603115	66	40	48	0	2	0	2	-64	33536	5	4	1596	1478	468,468
1526394352.519207286	66	40	48	0	2	0	2	-64	33537	5	4	1596	1478	468,468
1526394352.531255114	66	40	48	0	2	0	2	-64	33539	5	4	1596	1478	468,468
1526394352.542864117	66	40	48	0	2	0	2	-64	33540	5	4	1596	1478	468,468
1526394352.554618265	66	40	48	0	2	0	2	-64	33541	5	4	1596	1478	468,468
1526394352.566300935	66	40	48	0	2	0	2	-64	33542	5	4	1596	1478	468,468
1526394352.578017343	66	40	48	0	2	0	2	-64	33543	5	4	1596	1478	468,468
1526394352.589746574	66	40	48	0	2	0	2	-64	33544	5	4	1596	1478	468,468
1526394352.601683852	66	40	48	0	2	0	2	-64	33545	5	4	1596	1478	468,468
1526394352.613407618	66	40	48	0	2	0	2	-64	33546	5	4	1596	1478	468,468
1526394352.625199006	66	40	48	0	2	0	2	-64	33547	5	4	1596	1478	468,468
1526394352.636876192	66	40	48	0	2	0	2	-63	33548	5	4	1596	1478	468,468
1526394352.648603544	63	40	48	0	2	0	2	-64	33549	6	4	1596	1478	526,5,526,5
1526394352.660470204	66	40	48	0	2	0	2	-63	33550	5	4	1596	1478	468,468
1526394352.672230885	66	40	48	0	2	0	2	-64	33551	5	4	1596	1478	468,468
1526394352.683946185	66	40	48	0	2	0	2	-64	33552	5	4	1596	1478	468,468
1526394352.695749590	66	40	48	0	2	0	2	-64	33553	5	4	1596	1478	468,468
1526394352.707771271	63	40	48	0	2	0	2	-64	33554	6	4	1596	1478	526,5,526,5
1526394352.719257710	66	40	48	0	2	0	2	-64	33555	5	4	1596	1478	468,468
1526394352.731007257	66	40	48	0	2	0	2	-64	33556	5	4	1596	1478	468,468
1526394352.742798164	66	40	48	0	2	0	2	-64	33557	5	4	1596	1478	468,468
1526394352.754943307	66	40	48	0	2	0	2	-64	33558	5	4	1596	1478	468,468
1526394352.766745155	63	40	48	0	2	0	2	-64	33559	6	4	1596	1478	526,5,526,5
1526394352.778069006	66	40	48	0	2	0	2	-63	33560	5	4	1596	1478	468,468
1526394352.789818356	66	40	48	0	2	0	2	-63	33561	5	4	1596	1478	468,468
1526394352.801594067	66	40	48	0	2	0	2	-63	33562	5	4	1596	1478	468,468
1526394352.813375402	66	40	48	0	2	0	2	-63	33563	5	4	1596	1478	468,468
1526394352.825094328	63	40	48	0	2	0	2	-63	33564	6	4	1596	1478	526,5,526,5
1526394352.836789485	63	40	48	0	2	0	2	-63	33565	6	4	1596	1478	526,5,526,5
1526394352.848568242	63	40	48	0	2	0	2	-64	33566	6	4	1596	1478	526,5,526,5
1526394352.860502251	63	40	48	0	2	0	2	-64	33567	6	4	1596	1478	526,5,526,5
1526394352.872086373	63	40	48	0	2	0	2	-64	33568	6	4	1596	1478	526,5,526,5
1526394352.884276691	63	40	48	0	2	0	2	-64	33569	6	4	1596	1478	526,5,526,5
1526394352.896352569	63	40	48	0	2	0	2	-64	33572	6	4	1596	1478	526,5,526,5
1526394352.908043638	63	40	48	0	2	0	2	-64	33573	6	4	1596	1478	526,5,526,5
1526394352.919823188	63	40	48	0	2	0	2	-64	33576	6	4	1596	1478	526,5,526,5
1526394352.930945479	63	40	48	0	2	0	2	-64	33577	6	4	1596	1478	526,5,526,5
1526394352.942677111	63	40	48	0	2	0	2	-64	33578	6	4	1596	1478	526,5,526,5
1526394352.954469072	63	40	48	0	2	0	2	-64	33579	6	4	1596	1478	526,5,526,5
1526394352.966220723	63	40	48	0	2	0	2	-64	33580	6	4	1596	1478	526,5,526,5
1526394352.978082912	63	40	48	0	2	0	2	-64	33581	6	4	1596	1478	526,5,526,5
1526394352.989607092	63	40	48	0	2	0	2	-64	33582	6	4	1596	1478	526,5,526,5
1526394353.001627148	63	40	48	0	2	0	2	-64	33583	6	4	1596	1478	526,5,526,5
1526394353.013545671	63	40	48	0	2	0	2	-64	33584	6	4	1596	1478	526,5,526,5
1526394353.024917997	63	40	48	0	2	0	2	-64	33585	6	4	1596	1478	526,5,526,5
1526394353.036780659	63	40	48	0	2	0	2	-64	33586	6	4	1596	1478	526,5,526,5
1526394353.048798445	63	40	48	0	2	0	2	-64	33587	6	4	1596	1478	526,5,526,5
1526394353.060306599	63	40	48	0	2	0	2	-64	33588	6	4	1596	1478	526,5,526,5
1526394353.072035297	63	40	48	0	2	0	2	-64	33589	6	4	1596	1478	526,5,526,5
1526394353.083703419	63	40	48	0	2	0	2	-64	33590	6	4	1596	1478	526,5,526,5
1526394353.095486296	63	40	48	0	2	0	2	-64	33591	6	4	1596	1478	526,5,526,5
1526394353.107217202	63	40	48	0	2	0	2	-64	33592	6	4	1596	1478	526,5,526,5
1526394353.119121669	63	40	48	0	2	0	2	-64	33593	6	4	1596	1478	526,5,526,5
1526394353.130778500	63	40	48	0	2	0	2	-64	33594	6	4	1596	1478	526,5,526,5
1526394353.142446947	63	40	48	0	2	0	2	-64	33595	6	4	1596	1478	526,5,526,5
1526394353.154233922	63	40	48	0	2	0	2	-64	33596	6	4	1596	1478	526,5,526,5
1526394353.166109710	63	40	48	0	2	0	2	-64	33597	6	4	1596	1478	526,5,526,5
1526394353.177915543	63	40	48	0	2	0	2	-64	33598	6	4	1596	1478	526,5,526,5
1526394353.189649841	63	40	48	0	2	0	2	-64	33599	6	4	1596	1478	526,5,526,5
1526394353.201412029	63	40	48	0	2	0	2	-64	33600	6	4	1596	1478	526,5,526,5
1526394353.214655547	63	40	48	0	2	0	2	-64	33601	6	4	1596	1478	526,5,526,5
1526394353.224876500	63	40	48	0	2	0	2	-64	33602	6	4	1596	1478	526,5,526,5
1526394353.236633997	63	40	48	0	2	0	2	-64	33603	6	4	1596	1478	526,5,526,5
1526394353.248355751	63	40	48	0	2	0	2	-64	33604	6	4	1596	1478	526,5,526,5
1526394353.260161493	63	40	48	0	2	0	2	-64	33605	6	4	1596	1478	526,5,526,5
1526394353.271971979	63	40	48	0	2	0	2	-64	33606	6	4	1596	1478	526,5,526,5
1526394353.284364200	63	40	48	0	2	0	2	-64	33609	6	4	1596	1478	526,5,526,5
1526394353.295502805	63	40	48	0	2	0	2	-64	33610	6	4	1596	1478	526,5,526,5
1526394353.307261560	63	40	48	0	2	0	2	-64	33611	6	4	1596	1478	526,5,526,5
1526394353.319034109	63	40	48	0	2	0	2	-64	33612	6	4	1596	1478	526,5,526,5
1526394353.330787463	63	40	48	0	2	0	2	-64	33613	6	4	1596	1478	526,5,526,5
1526394353.342590512	63	40	48	0	2	0	2	-64	33614	6	4	1596	1478	526,5,526,5
1526394353.354308811	63	40	48	0	2	0	2	-64	33615	6	4	1596	1478	526,5,526,5
1526394353.366062859	63	40	48	0	2	0	2	-64	33616	6	4	1596	1478	526,5,526,5
1526394353.378068831	63	40	48	0	2	0	2	-64	33617	6	4	1596	1478	526,5,526,5
1526394353.389584520	63	40	48	0	2	0	2	-64	33618	6	4	1596	1478	526,5,526,5
1526394353.401349371	63	40	48	0	2	0	2	-64	33619	6	4	1596	1478	526,5,526,5
1526394353.413098416	63	40	48	0	2	0	2	-64	33620	6	4	1596	1478	526,5,526,5
1526394353.424801414	63	40	48	0	2	0	2	-64	33621	6	4	1596	1478	526,5,526,5
1526394353.436627907	63	40	48	0	2	0	2	-64	33622	6	4	1596	1478	526,5,526,5
1526394353.448383564	63	40	48	0	2	0	2	-64	33623	6	4	1596	1478	526,5,526,5
1526394353.460147057	63	40	48	0	2	0	2	-64	33624	6	4	1596	1478	526,5,526,5
1526394353.471912824	63	40	48	0	2	0	2	-64	33625	6	4	1596	1478	526,5,526,5
1526394353.484031226	63	40	48	0	2	0	2	-64	33626	6	4	1596	1478	526,5,526,5
1526394353.495412296	63	40	48	0	2	0	2	-64	33627	6	4	1596	1478	526,5,526,5
1526394353.507181918	63	40	48	0	2	0	2	-64	33628	6	4	1596	1478	526,5,526,5
1526394353.518955779	63	40	48	0	2	0	2	-64	33629	6	4	1596	1478	526,5,526,5
1526394353.530612912	63	40	48	0	2	0	2	-64	33630	6	4	1596	1478	526,5,526,5
1526394353.542805916	63	40	48	0	2	0	2	-64	33632	6	4	1596	1478	526,5,526,5
1526394353.554557071	63	40	48	0	2	0	2	-64	33633	6	4	1596	1478	526,5,526,5
1526394353.565985476	63	40	48	0	2	0	2	-64	33634	6	4	1596	1478	526,5,526,5
1526394353.577696236	63	40	48	0	2	0	2	-64	33635	6	4	1596	1478	526,5,526,5
1526394353.589494088	63	40	48	0	2	0	2	-64	33636	6	4	1596	1478	526,5,526,5
1526394353.601144355	63	40	48	0	2	0	2	-64	33637	6	4	1596	1478	526,5,526,5
1526394353.612933063	63	40	48	0	2	0	2	-64	33638	6	4	1596	1478	526,5,526,5
1526394353.624803191	63	40	48	0	2	0	2	-64	33639	6	4	1596	1478	526,5,526,5
1526394353.636419293	63	40	48	0	2	0	2	-64	33640	6	4	1596	1478	526,5,526,5
1526394353.648561119	63	40	48	0	2	0	2	-64	33642	6	4	1596	1478	526,5,526,5
1526394353.660439402	63	40	48	0	2	0	2	-64	33644	6	4	1596	1478	526,5,526,5
1526394353.673325885	66	40	48	0	2	0	2	-64	33649	5	4	1596	1478	468,468
1526394353.683580683	66	40	48	0	2	0	2	-64	33650	5	4	1596	1478	468,468
1526394353.695341745	66	40	48	0	2	0	2	-64	33651	5	4	1596	1478	468,468
1526394353.707114904	66	40	48	0	2	0	2	-64	33652	5	4	1596	1478	468,468
1526394353.718748987	66	40	48	0	2	0	2	-64	33653	5	4	1596	1478	468,468
1526394353.730617957	66	40	48	0	2	0	2	-64	33654	5	4	1596	1478	468,468
1526394353.742384886	66	40	48	0	2	0	2	-64	33655	5	4	1596	1478	468,468
1526394353.754163916	66	40	48	0	2	0	2	-64	33656	5	4	1596	1478	468,468
1526394353.766263681	66	40	48	0	2	0	2	-64	33658	5	4	1596	1478	468,468
1526394353.777672529	66	40	48	0	2	0	2	-63	33659	5	4	1596	1478	468,468
1526394353.789427295	66	40	48	0	2	0	2	-63	33660	5	4	1596	1478	468,468
1526394353.801080613	66	40	48	0	2	0	2	-64	33661	5	4	1596	1478	468,468
1526394353.812945298	66	40	48	0	2	0	2	-64	33662	5	4	1596	1478	468,468
1526394353.824693613	66	40	48	0	2	0	2	-64	33663	5	4	1596	1478	468,468
1526394353.836486800	66	40	48	0	2	0	2	-63	33664	5	4	1596	1478	468,468
1526394353.848229789	66	40	48	0	2	0	2	-64	33665	5	4	1596	1478	468,468
1526394353.859983095	66	40	48	0	2	0	2	-64	33666	5	4	1596	1478	468,468
1526394353.871767265	66	40	48	0	2	0	2	-64	33667	5	4	1596	1478	468,468
1526394353.883492430	66	40	48	0	2	0	2	-64	33668	5	4	1596	1478	468,468
1526394353.895268899	66	40	48	0	2	0	2	-64	33669	5	4	1596	1478	468,468
1526394353.907000694	66	40	48	0	2	0	2	-64	33670	5	4	1596	1478	468,468
1526394353.918782547	66	40	48	0	2	0	2	-64	33671	5	4	1596	1478	468,468
1526394353.931656272	66	40	48	0	2	0	2	-64	33673	5	4	1596	1478	468,468
1526394353.942300648	66	40	48	0	2	0	2	-64	33674	5	4	1596	1478	468,468
1526394353.954392865	66	40	48	0	2	0	2	-64	33675	5	4	1596	1478	468,468
1526394353.965678851	66	40	48	0	2	0	2	-64	33676	5	4	1596	1478	468,468
1526394353.977487647	66	40	48	0	2	0	2	-64	33677	5	4	1596	1478	468,468
1526394353.989344314	66	40	48	0	2	0	2	-64	33678	5	4	1596	1478	468,468
1526394354.001100971	66	40	48	0	2	0	2	-64	33679	5	4	1596	1478	468,468
1526394354.012859526	66	40	48	0	2	0	2	-64	33680	5	4	1596	1478	468,468
1526394354.024633151	66	40	48	0	2	0	2	-64	33681	5	4	1596	1478	468,468
1526394354.036613139	66	40	48	0	2	0	2	-64	33682	5	4	1596	1478	468,468
1526394354.048063139	66	40	48	0	2	0	2	-64	33683	5	4	1596	1478	468,468
1526394354.059899963	66	40	48	0	2	0	2	-64	33684	5	4	1596	1478	468,468
1526394354.071680785	66	40	48	0	2	0	2	-64	33685	5	4	1596	1478	468,468
1526394354.083436506	66	40	48	0	2	0	2	-64	33686	5	4	1596	1478	468,468
1526394354.095533424	66	40	48	0	2	0	2	-64	33688	5	4	1596	1478	468,468
1526394354.106786168	66	40	48	0	2	0	2	-64	33689	5	4	1596	1478	468,468
1526394354.118489913	66	40	48	0	2	0	2	-64	33690	5	4	1596	1478	468,468
1526394354.130313618	66	40	48	0	2	0	2	-64	33691	5	4	1596	1478	468,468
1526394354.142095552	66	40	48	0	2	0	2	-64	33692	5	4	1596	1478	468,468
1526394354.153984583	66	40	48	0	2	0	2	-64	33693	5	4	1596	1478	468,468
1526394354.165722503	66	40	48	0	2	0	2	-64	33694	5	4	1596	1478	468,468
1526394354.177494315	66	40	48	0	2	0	2	-64	33695	5	4	1596	1478	468,468
1526394354.189199125	66	40	48	0	2	0	2	-64	33696	5	4	1596	1478	468,468
1526394354.201017161	66	40	48	0	2	0	2	-63	33697	5	4	1596	1478	468,468
1526394354.212763519	66	40	48	0	2	0	2	-63	33698	5	4	1596	1478	468,468
1526394354.224544808	66	40	48	0	2	0	2	-63	33699	5	4	1596	1478	468,468
1526394354.236288844	66	40	48	0	2	0	2	-64	33700	5	4	1596	1478	468,468
1526394354.248066311	66	40	48	0	2	0	2	-63	33701	5	4	1596	1478	468,468
1526394354.259816410	63	40	48	0	2	0	2	-64	33702	6	4	1596	1478	526,5,526,5
1526394354.271557640	66	40	48	0	2	0	2	-64	33703	5	4	1596	1478	468,468
1526394354.283355181	66	40	48	0	2	0	2	-63	33704	5	4	1596	1478	468,468
1526394354.295121954	66	40	48	0	2	0	2	-64	33705	5	4	1596	1478	468,468
1526394354.306860797	66	40	48	0	2	0	2	-64	33706	5	4	1596	1478	468,468
1526394354.318629048	63	40	48	0	2	0	2	-64	33707	6	4	1596	1478	526,5,526,5
1526394354.330368693	66	40	48	0	2	0	2	-64	33708	5	4	1596	1478	468,468
1526394354.342095424	66	40	48	0	2	0	2	-63	33709	5	4	1596	1478	468,468
1526394354.353902487	66	40	48	0	2	0	2	-63	33710	5	4	1596	1478	468,468
1526394354.365648443	66	40	48	0	2	0	2	-63	33711	5	4	1596	1478	468,468
1526394354.377423406	63	40	48	0	2	0	2	-63	33712	6	4	1596	1478	526,5,526,5
1526394354.389174520	66	40	48	0	2	0	2	-63	33713	5	4	1596	1478	468,468
1526394354.400931707	66	40	48	0	2	0	2	-64	33714	5	4	1596	1478	468,468
1526394354.412707848	66	40	48	0	2	0	2	-64	33715	5	4	1596	1478	468,468
1526394354.424463243	66	40	48	0	2	0	2	-63	33716	5	4	1596	1478	468,468
1526394354.436492161	66	40	48	0	2	0	2	-64	33718	5	4	1596	1478	468,468
1526394354.448005919	66	40	48	0	2	0	2	-64	33719	5	4	1596	1478	468,468
1526394354.459782034	66	40	48	0	2	0	2	-64	33720	5	4	1596	1478	468,468
1526394354.471548976	66	40	48	0	2	0	2	-64	33721	5	4	1596	1478	468,468
1526394354.483265634	66	40	48	0	2	0	2	-64	33722	5	4	1596	1478	468,468
1526394354.494945356	66	40	48	0	2	0	2	-64	33723	5	4	1596	1478	468,468
1526394354.507576354	66	40	48	0	2	0	2	-64	33724	5	4	1596	1478	468,468
1526394354.518540664	66	40	48	0	2	0	2	-64	33725	5	4	1596	1478	468,468
1526394354.530209128	66	40	48	0	2	0	2	-64	33726	5	4	1596	1478	468,468
1526394354.542062410	66	40	48	0	2	0	2	-64	33727	5	4	1596	1478	468,468
1526394354.553875644	66	40	48	0	2	0	2	-64	33728	5	4	1596	1478	468,468
1526394354.565578801	66	40	48	0	2	0	2	-63	33729	5	4	1596	1478	468,468
1526394354.577340858	66	40	48	0	2	0	2	-64	33730	5	4	1596	1478	468,468
1526394354.589101035	66	40	48	0	2	0	2	-64	33731	5	4	1596	1478	468,468
1526394354.600998578	66	40	48	0	2	0	2	-64	33733	5	4	1596	1478	468,468
1526394354.612611549	66	40	48	0	2	0	2	-64	33734	5	4	1596	1478	468,468
1526394354.624279235	66	40	48	0	2	0	2	-63	33735	5	4	1596	1478	468,468
1526394354.635987598	66	40	48	0	2	0	2	-64	33736	5	4	1596	1478	468,468
1526394354.648349149	66	40	48	0	2	0	2	-63	33737	5	4	1596	1478	468,468
1526394354.659659925	66	40	48	0	2	0	2	-64	33738	5	4	1596	1478	468,468
1526394354.671400283	66	40	48	0	2	0	2	-63	33739	5	4	1596	1478	468,468
1526394354.683197373	66	40	48	0	2	0	2	-63	33740	5	4	1596	1478	468,468
1526394354.694930549	66	40	48	0	2	0	2	-63	33741	5	4	1596	1478	468,468
1526394354.707101945	66	40	48	0	2	0	2	-63	33743	5	4	1596	1478	468,468
1526394354.718449155	66	40	48	0	2	0	2	-64	33744	5	4	1596	1478	468,468
1526394354.730367989	66	40	48	0	2	0	2	-64	33746	5	4	1596	1478	468,468
1526394354.741977605	66	40	48	0	2	0	2	-64	33747	5	4	1596	1478	468,468
1526394354.754378928	66	40	48	0	2	0	2	-64	33748	5	4	1596	1478	468,468
1526394354.765794275	66	40	48	0	2	0	2	-63	33749	5	4	1596	1478	468,468
1526394354.777165645	66	40	48	0	2	0	2	-64	33750	5	4	1596	1478	468,468
1526394354.789017005	66	40	48	0	2	0	2	-64	33751	5	4	1596	1478	468,468
1526394354.800646450	66	40	48	0	2	0	2	-64	33752	5	4	1596	1478	468,468
1526394354.812532208	66	40	48	0	2	0	2	-64	33753	5	4	1596	1478	468,468
1526394354.824297508	66	40	48	0	2	0	2	-64	33754	5	4	1596	1478	468,468
1526394354.836030589	66	40	48	0	2	0	2	-64	33755	5	4	1596	1478	468,468
1526394354.847793964	66	40	48	0	2	0	2	-64	33756	5	4	1596	1478	468,468
1526394354.859600750	66	40	48	0	2	0	2	-64	33757	5	4	1596	1478	468,468
1526394354.871331306	66	40	48	0	2	0	2	-63	33758	5	4	1596	1478	468,468
1526394354.883009114	66	40	48	0	2	0	2	-64	33759	5	4	1596	1478	468,468
1526394354.894600758	66	40	48	0	2	0	2	-64	33761	5	4	1596	1478	468,468
1526394354.906612892	66	40	48	0	2	0	2	-64	33762	5	4	1596	1478	468,468
1526394354.918390631	66	40	48	0	2	0	2	-64	33763	5	4	1596	1478	468,468
1526394354.930395487	66	40	48	0	2	0	2	-64	33765	5	4	1596	1478	468,468
1526394354.941749639	66	40	48	0	2	0	2	-64	33766	5	4	1596	1478	468,468
1526394354.953566160	66	40	48	0	2	0	2	-64	33767	5	4	1596	1478	468,468
1526394354.965430199	66	40	48	0	2	0	2	-64	33768	5	4	1596	1478	468,468
1526394354.977178985	66	40	48	0	2	0	2	-64	33769	5	4	1596	1478	468,468
1526394354.988969099	66	40	48	0	2	0	2	-64	33770	5	4	1596	1478	468,468
1526394355.000590123	66	40	48	0	2	0	2	-64	33771	5	4	1596	1478	468,468
1526394355.012500355	66	40	48	0	2	0	2	-64	33772	5	4	1596	1478	468,468
1526394355.024247714	66	40	48	0	2	0	2	-64	33773	5	4	1596	1478	468,468
1526394355.035811410	66	40	48	0	2	0	2	-64	33774	5	4	1596	1478	468,468
1526394355.047746795	66	40	48	0	2	0	2	-64	33775	5	4	1596	1478	468,468
1526394355.060357016	66	40	48	0	2	0	2	-64	33776	5	4	1596	1478	468,468
1526394355.071268496	66	40	48	0	2	0	2	-64	33777	5	4	1596	1478	468,468
1526394355.082942476	66	40	48	0	2	0	2	-64	33778	5	4	1596	1478	468,468
1526394355.094727363	63	40	48	0	2	0	2	-64	33779	6	4	1596	1478	526,5,526,5
1526394355.106415628	63	40	48	0	2	0	2	-64	33780	6	4	1596	1478	526,5,526,5
1526394355.118537336	63	40	48	0	2	0	2	-64	33782	6	4	1596	1478	526,5,526,5
1526394355.129918604	63	40	48	0	2	0	2	-64	33783	6	4	1596	1478	526,5,526,5
1526394355.141671046	63	40	48	0	2	0	2	-64	33784	6	4	1596	1478	526,5,526,5
1526394355.155214915	66	40	48	0	2	0	2	-64	33788	5	4	1596	1478	468,468
1526394355.165349522	66	40	48	0	2	0	2	-64	33789	5	4	1596	1478	468,468
1526394355.177108175	66	40	48	0	2	0	2	-64	33790	5	4	1596	1478	468,468
1526394355.188864788	66	40	48	0	2	0	2	-64	33791	5	4	1596	1478	468,468
1526394355.200576104	66	40	48	0	2	0	2	-64	33792	5	4	1596	1478	468,468
1526394355.212397226	66	40	48	0	2	0	2	-64	33793	5	4	1596	1478	468,468
1526394355.224507901	66	40	48	0	2	0	2	-64	33794	5	4	1596	1478	468,468
1526394355.235914718	66	40	48	0	2	0	2	-64	33795	5	4	1596	1478	468,468
1526394355.247652778	66	40	48	0	2	0	2	-64	33796	5	4	1596	1478	468,468
1526394355.259515038	66	40	48	0	2	0	2	-64	33797	5	4	1596	1478	468,468
1526394355.271214630	66	40	48	0	2	0	2	-64	33798	5	4	1596	1478	468,468
1526394355.283002379	66	40	48	0	2	0	2	-64	33799	5	4	1596	1478	468,468
1526394355.294764605	66	40	48	0	2	0	2	-64	33800	5	4	1596	1478	468,468
1526394355.306491063	66	40	48	0	2	0	2	-64	33801	5	4	1596	1478	468,468
1526394355.318268058	63	40	48	0	2	0	2	-64	33802	6	4	1596	1478	526,5,526,5
1526394355.330033704	66	40	48	0	2	0	2	-64	33803	5	4	1596	1478	468,468
1526394355.341777658	66	40	48	0	2	0	2	-64	33804	5	4	1596	1478	468,468
1526394355.353559657	66	40	48	0	2	0	2	-64	33805	5	4	1596	1478	468,468
1526394355.365306115	66	40	48	0	2	0	2	-64	33806	5	4	1596	1478	468,468
1526394355.377053957	63	40	48	0	2	0	2	-64	33807	6	4	1596	1478	526,5,526,5
1526394355.388777297	66	40	48	0	2	0	2	-64	33808	5	4	1596	1478	468,468
1526394355.400586394	66	40	48	0	2	0	2	-64	33809	5	4	1596	1478	468,468
1526394355.412281536	66	40	48	0	2	0	2	-64	33810	5	4	1596	1478	468,468
1526394355.424107507	66	40	48	0	2	0	2	-64	33811	5	4	1596	1478	468,468
1526394355.435864738	63	40	48	0	2	0	2	-63	33812	6	4	1596	1478	526,5,526,5
1526394355.447622321	66	40	48	0	2	0	2	-64	33813	5	4	1596	1478	468,468
1526394355.459325683	66	40	48	0	2	0	2	-64	33814	5	4	1596	1478	468,468
1526394355.471148962	66	40	48	0	2	0	2	-64	33815	5	4	1596	1478	468,468
1526394355.482694849	66	40	48	0	2	0	2	-64	33816	5	4	1596	1478	468,468
1526394355.494394616	63	40	48	0	2	0	2	-63	33817	6	4	1596	1478	526,5,526,5
1526394355.506284766	63	40	48	0	2	0	2	-64	33818	6	4	1596	1478	526,5,526,5
1526394355.518004195	63	40	48	0	2	0	2	-64	33819	6	4	1596	1478	526,5,526,5
1526394355.529831129	63	40	48	0	2	0	2	-64	33820	6	4	1596	1478	526,5,526,5
1526394355.541665427	63	40	48	0	2	0	2	-64	33821	6	4	1596	1478	526,5,526,5
1526394355.553744158	63	40	48	0	2	0	2	-64	33823	6	4	1596	1478	526,5,526,5
1526394355.565141838	63	40	48	0	2	0	2	-64	33824	6	4	1596	1478	526,5,526,5
1526394355.576954150	63	40	48	0	2	0	2	-64	33825	6	4	1596	1478	526,5,526,5
1526394355.588723549	63	40	48	0	2	0	2	-64	33826	6	4	1596	1478	526,5,526,5
1526394355.600771146	63	40	48	0	2	0	2	-64	33828	6	4	1596	1478	526,5,526,5
1526394355.612163884	63	40	48	0	2	0	2	-64	33829	6	4	1596	1478	526,5,526,5
1526394355.624359402	63	40	48	0	2	0	2	-64	33831	6	4	1596	1478	526,5,526,5
1526394355.635733736	63	40	48	0	2	0	2	-64	33832	6	4	1596	1478	526,5,526,5
1526394355.647456303	63	40	48	0	2	0	2	-64	33833	6	4	1596	1478	526,5,526,5
1526394355.659242391	63	40	48	0	2	0	2	-64	33834	6	4	1596	1478	526,5,526,5
1526394355.671882062	63	40	48	0	2	0	2	-64	33835	6	4	1596	1478	526,5,526,5
1526394355.682783322	63	40	48	0	2	0	2	-64	33836	6	4	1596	1478	526,5,526,5
1526394355.695098489	63	40	48	0	2	0	2	-64	33839	6	4	1596	1478	526,5,526,5
1526394355.706287738	63	40	48	0	2	0	2	-64	33840	6	4	1596	1478	526,5,526,5
1526394355.718414621	63	40	48	0	2	0	2	-64	33841	6	4	1596	1478	526,5,526,5
1526394355.730800036	63	40	48	0	2	0	2	-64	33845	6	4	1596	1478	526,5,526,5
1526394355.741484925	63	40	48	0	2	0	2	-64	33846	6	4	1596	1478	526,5,526,5
1526394355.754628604	66	40	48	0	2	0	2	-64	33851	5	4	1596	1478	468,468
1526394355.765077631	66	40	48	0	2	0	2	-64	33852	5	4	1596	1478	468,468
1526394355.777114152	66	40	48	0	2	0	2	-64	33853	5	4	1596	1478	468,468
1526394355.788600807	66	40	48	0	2	0	2	-64	33854	5	4	1596	1478	468,468
1526394355.800174338	66	40	48	0	2	0	2	-64	33855	5	4	1596	1478	468,468
1526394355.812141383	66	40	48	0	2	0	2	-64	33856	5	4	1596	1478	468,468
1526394355.823899178	66	40	48	0	2	0	2	-64	33857	5	4	1596	1478	468,468
1526394355.835668679	66	40	48	0	2	0	2	-64	33858	5	4	1596	1478	468,468
1526394355.847460358	66	40	48	0	2	0	2	-64	33859	5	4	1596	1478	468,468
1526394355.859195013	66	40	48	0	2	0	2	-64	33860	5	4	1596	1478	468,468
1526394355.870919522	66	40	48	0	2	0	2	-64	33861	5	4	1596	1478	468,468
1526394355.883114699	66	40	48	0	2	0	2	-64	33863	5	4	1596	1478	468,468
1526394355.894469366	66	40	48	0	2	0	2	-64	33864	5	4	1596	1478	468,468
1526394355.906005056	66	40	48	0	2	0	2	-64	33865	5	4	1596	1478	468,468
1526394355.917992111	66	40	48	0	2	0	2	-64	33866	5	4	1596	1478	468,468
1526394355.929601798	66	40	48	0	2	0	2	-64	33867	5	4	1596	1478	468,468
1526394355.941546773	66	40	48	0	2	0	2	-64	33868	5	4	1596	1478	468,468
1526394355.953259436	66	40	48	0	2	0	2	-64	33869	5	4	1596	1478	468,468
1526394355.964973748	66	40	48	0	2	0	2	-64	33870	5	4	1596	1478	468,468
1526394355.976765623	66	40	48	0	2	0	2	-64	33871	5	4	1596	1478	468,468
1526394355.988555165	66	40	48	0	2	0	2	-64	33872	5	4	1596	1478	468,468
1526394356.000300394	66	40	48	0	2	0	2	-64	33873	5	4	1596	1478	468,468
1526394356.012033880	66	40	48	0	2	0	2	-64	33874	5	4	1596	1478	468,468
1526394356.023826045	66	40	48	0	2	0	2	-64	33875	5	4	1596	1478	468,468
1526394356.035839117	66	40	48	0	2	0	2	-64	33876	5	4	1596	1478	468,468
1526394356.047689415	66	40	48	0	2	0	2	-64	33878	5	4	1596	1478	468,468
1526394356.058999703	66	40	48	0	2	0	2	-64	33879	5	4	1596	1478	468,468
1526394356.070780643	66	40	48	0	2	0	2	-64	33880	5	4	1596	1478	468,468
1526394356.082997737	66	40	48	0	2	0	2	-64	33881	5	4	1596	1478	468,468
1526394356.094292393	66	40	48	0	2	0	2	-64	33882	5	4	1596	1478	468,468
1526394356.106140235	66	40	48	0	2	0	2	-64	33883	5	4	1596	1478	468,468
1526394356.117903256	66	40	48	0	2	0	2	-64	33884	5	4	1596	1478	468,468
1526394356.129657244	66	40	48	0	2	0	2	-64	33885	5	4	1596	1478	468,468
1526394356.141409673	66	40	48	0	2	0	2	-64	33886	5	4	1596	1478	468,468
1526394356.153082465	66	40	48	0	2	0	2	-64	33887	5	4	1596	1478	468,468
1526394356.164788801	66	40	48	0	2	0	2	-64	33888	5	4	1596	1478	468,468
1526394356.176603957	66	40	48	0	2	0	2	-64	33889	5	4	1596	1478	468,468
1526394356.188516477	66	40	48	0	2	0	2	-64	33890	5	4	1596	1478	468,468
1526394356.200218471	66	40	48	0	2	0	2	-64	33891	5	4	1596	1478	468,468
1526394356.212350962	66	40	48	0	2	0	2	-64	33893	5	4	1596	1478	468,468
1526394356.223788626	66	40	48	0	2	0	2	-64	33894	5	4	1596	1478	468,468
1526394356.235423555	66	40	48	0	2	0	2	-64	33895	5	4	1596	1478	468,468
1526394356.247170010	66	40	48	0	2	0	2	-64	33896	5	4	1596	1478	468,468
1526394356.258849878	66	40	48	0	2	0	2	-64	33897	5	4	1596	1478	468,468
1526394356.270794630	66	40	48	0	2	0	2	-64	33898	5	4	1596	1478	468,468
1526394356.282545448	66	40	48	0	2	0	2	-64	33899	5	4	1596	1478	468,468
1526394356.294326737	66	40	48	0	2	0	2	-64	33900	5	4	1596	1478	468,468
1526394356.306061906	66	40	48	0	2	0	2	-64	33901	5	4	1596	1478	468,468
1526394356.317742119	66	40	48	0	2	0	2	-64	33902	5	4	1596	1478	468,468
1526394356.329558106	66	40	48	0	2	0	2	-64	33903	5	4	1596	1478	468,468
1526394356.341289599	66	40	48	0	2	0	2	-64	33904	5	4	1596	1478	468,468
1526394356.353098998	66	40	48	0	2	0	2	-64	33905	5	4	1596	1478	468,468
1526394356.364857789	66	40	48	0	2	0	2	-64	33906	5	4	1596	1478	468,468
1526394356.376978094	66	40	48	0	2	0	2	-64	33908	5	4	1596	1478	468,468
1526394356.388400724	66	40	48	0	2	0	2	-64	33909	5	4	1596	1478	468,468
1526394356.400068583	66	40	48	0	2	0	2	-64	33910	5	4	1596	1478	468,468
1526394356.411883889	66	40	48	0	2	0	2	-64	33911	5	4	1596	1478	468,468
1526394356.423674011	66	40	48	0	2	0	2	-64	33912	5	4	1596	1478	468,468
1526394356.435452465	66	40	48	0	2	0	2	-64	33913	5	4	1596	1478	468,468
1526394356.447200069	66	40	48	0	2	0	2	-64	33914	5	4	1596	1478	468,468
1526394356.458904638	66	40	48	0	2	0	2	-64	33915	5	4	1596	1478	468,468
1526394356.470519736	66	40	48	0	2	0	2	-64	33916	5	4	1596	1478	468,468
1526394356.482443948	66	40	48	0	2	0	2	-64	33917	5	4	1596	1478	468,468
1526394356.494258422	66	40	48	0	2	0	2	-64	33918	5	4	1596	1478	468,468
1526394356.506008598	66	40	48	0	2	0	2	-64	33919	5	4	1596	1478	468,468
1526394356.517536907	66	40	48	0	2	0	2	-64	33920	5	4	1596	1478	468,468
1526394356.529408376	66	40	48	0	2	0	2	-64	33921	5	4	1596	1478	468,468
1526394356.541242645	63	40	48	0	2	0	2	-64	33922	6	4	1596	1478	526,5,526,5
1526394356.553008966	66	40	48	0	2	0	2	-64	33923	5	4	1596	1478	468,468
1526394356.564742147	66	40	48	0	2	0	2	-64	33924	5	4	1596	1478	468,468
1526394356.576502165	66	40	48	0	2	0	2	-64	33925	5	4	1596	1478	468,468
1526394356.588181209	66	40	48	0	2	0	2	-64	33926	5	4	1596	1478	468,468
1526394356.600035389	63	40	48	0	2	0	2	-64	33927	6	4	1596	1478	526,5,526,5
1526394356.611826209	66	40	48	0	2	0	2	-64	33928	5	4	1596	1478	468,468
1526394356.623575269	66	40	48	0	2	0	2	-64	33929	5	4	1596	1478	468,468
1526394356.635308247	66	40	48	0	2	0	2	-64	33930	5	4	1596	1478	468,468
1526394356.647103376	66	40	48	0	2	0	2	-64	33931	5	4	1596	1478	468,468
1526394356.659198897	66	40	48	0	2	0	2	-64	33933	5	4	1596	1478	468,468
1526394356.670546093	66	40	48	0	2	0	2	-64	33934	5	4	1596	1478	468,468
1526394356.682365142	66	40	48	0	2	0	2	-64	33935	5	4	1596	1478	468,468
1526394356.694083203	66	40	48	0	2	0	2	-64	33936	5	4	1596	1478	468,468
1526394356.705910084	66	40	48	0	2	0	2	-64	33937	5	4	1596	1478	468,468
1526394356.717662261	66	40	48	0	2	0	2	-64	33938	5	4	1596	1478	468,468
1526394356.729345528	66	40	48	0	2	0	2	-64	33939	5	4	1596	1478	468,468
1526394356.741076163	66	40	48	0	2	0	2	-64	33940	5	4	1596	1478	468,468
1526394356.752790905	66	40	48	0	2	0	2	-64	33941	5	4	1596	1478	468,468
1526394356.764685573	66	40	48	0	2	0	2	-64	33942	5	4	1596	1478	468,468
1526394356.776420096	66	40	48	0	2	0	2	-64	33943	5	4	1596	1478	468,468
1526394356.788230382	66	40	48	0	2	0	2	-64	33944	5	4	1596	1478	468,468
1526394356.800938940	66	40	48	0	2	0	2	-64	33945	5	4	1596	1478	468,468
1526394356.811765000	66	40	48	0	2	0	2	-64	33946	5	4	1596	1478	468,468
1526394356.823914038	66	40	48	0	2	0	2	-64	33948	5	4	1596	1478	468,468
1526394356.835605530	66	40	48	0	2	0	2	-64	33949	5	4	1596	1478	468,468
1526394356.846875590	66	40	48	0	2	0	2	-64	33950	5	4	1596	1478	468,468
1526394356.858783348	66	40	48	0	2	0	2	-64	33951	5	4	1596	1478	468,468
1526394356.870527539	66	40	48	0	2	0	2	-64	33952	5	4	1596	1478	468,468
1526394356.882148084	66	40	48	0	2	0	2	-64	33953	5	4	1596	1478	468,468
1526394356.894055732	66	40	48	0	2	0	2	-64	33954	5	4	1596	1478	468,468
1526394356.905835096	66	40	48	0	2	0	2	-64	33955	5	4	1596	1478	468,468
1526394356.917379796	66	40	48	0	2	0	2	-64	33956	5	4	1596	1478	468,468
1526394356.929321691	66	40	48	0	2	0	2	-64	33957	5	4	1596	1478	468,468
1526394356.929513172	66	40	48	0	2	0	2	-64	33958	5	4	1596	1478	468,468
1526394356.941303327	66	40	48	0	2	0	2	-64	33959	5	4	1596	1478	468,468
1526394356.952834030	66	40	48	0	2	0	2	-64	33960	5	4	1596	1478	468,468
1526394356.965222213	66	40	48	0	2	0	2	-64	33961	5	4	1596	1478	468,468
1526394356.976364237	66	40	48	0	2	0	2	-64	33962	5	4	1596	1478	468,468
1526394356.988490584	66	40	48	0	2	0	2	-64	33964	5	4	1596	1478	468,468
1526394356.999894616	66	40	48	0	2	0	2	-64	33965	5	4	1596	1478	468,468
1526394357.011661350	66	40	48	0	2	0	2	-64	33966	5	4	1596	1478	468,468
1526394357.023431906	66	40	48	0	2	0	2	-64	33967	5	4	1596	1478	468,468
1526394357.035053721	66	40	48	0	2	0	2	-64	33968	5	4	1596	1478	468,468
1526394357.046746805	66	40	48	0	2	0	2	-64	33969	5	4	1596	1478	468,468
1526394357.058785472	66	40	48	0	2	0	2	-64	33970	5	4	1596	1478	468,468
1526394357.070463303	66	40	48	0	2	0	2	-64	33971	5	4	1596	1478	468,468
1526394357.082208891	66	40	48	0	2	0	2	-64	33972	5	4	1596	1478	468,468
1526394357.093995417	66	40	48	0	2	0	2	-64	33973	5	4	1596	1478	468,468
1526394357.105769134	66	40	48	0	2	0	2	-64	33974	5	4	1596	1478	468,468
1526394357.117486955	66	40	48	0	2	0	2	-64	33975	5	4	1596	1478	468,468
1526394357.129252817	66	40	48	0	2	0	2	-64	33976	5	4	1596	1478	468,468
1526394357.141008404	66	40	48	0	2	0	2	-64	33977	5	4	1596	1478	468,468
1526394357.152682333	63	40	48	0	2	0	2	-64	33978	6	4	1596	1478	526,5,526,5
1526394357.164539411	66	40	48	0	2	0	2	-64	33979	5	4	1596	1478	468,468
1526394357.176211631	66	40	48	0	2	0	2	-64	33980	5	4	1596	1478	468,468
1526394357.187897693	66	40	48	0	2	0	2	-64	33981	5	4	1596	1478	468,468
1526394357.199718879	66	40	48	0	2	0	2	-64	33982	5	4	1596	1478	468,468
1526394357.211956133	66	40	48	0	2	0	2	-64	33984	5	4	1596	1478	468,468
1526394357.223328192	66	40	48	0	2	0	2	-64	33985	5	4	1596	1478	468,468
1526394357.234966819	66	40	48	0	2	0	2	-64	33986	5	4	1596	1478	468,468
1526394357.246717938	66	40	48	0	2	0	2	-64	33987	5	4	1596	1478	468,468
1526394357.258635006	66	40	48	0	2	0	2	-64	33988	5	4	1596	1478	468,468
1526394357.270370493	66	40	48	0	2	0	2	-64	33989	5	4	1596	1478	468,468
1526394357.282140030	66	40	48	0	2	0	2	-64	33990	5	4	1596	1478	468,468
1526394357.293898455	66	40	48	0	2	0	2	-64	33991	5	4	1596	1478	468,468
1526394357.305574765	66	40	48	0	2	0	2	-64	33992	5	4	1596	1478	468,468
1526394357.317452334	66	40	48	0	2	0	2	-64	33993	5	4	1596	1478	468,468
1526394357.329179680	66	40	48	0	2	0	2	-64	33994	5	4	1596	1478	468,468
1526394357.341030625	66	40	48	0	2	0	2	-64	33995	5	4	1596	1478	468,468
1526394357.352686033	66	40	48	0	2	0	2	-64	33996	5	4	1596	1478	468,468
1526394357.364498539	66	40	48	0	2	0	2	-64	33997	5	4	1596	1478	468,468
1526394357.376123557	63	40	48	0	2	0	2	-64	33998	6	4	1596	1478	526,5,526,5
1526394357.388162979	63	40	48	0	2	0	2	-64	34000	6	4	1596	1478	526,5,526,5
1526394357.399749338	63	40	48	0	2	0	2	-64	34001	6	4	1596	1478	526,5,526,5
1526394357.413622501	63	40	48	0	2	0	2	-64	34004	6	4	1596	1478	526,5,526,5
1526394357.423982512	63	40	48	0	2	0	2	-64	34007	6	4	1596	1478	526,5,526,5
1526394357.436666483	66	40	48	0	2	0	2	-64	34011	5	4	1596	1478	468,468
1526394357.446756944	66	40	48	0	2	0	2	-64	34012	5	4	1596	1478	468,468
1526394357.458488644	66	40	48	0	2	0	2	-64	34013	5	4	1596	1478	468,468
1526394357.470320283	66	40	48	0	2	0	2	-64	34014	5	4	1596	1478	468,468
1526394357.482056789	66	40	48	0	2	0	2	-64	34015	5	4	1596	1478	468,468
1526394357.493811521	66	40	48	0	2	0	2	-64	34016	5	4	1596	1478	468,468
1526394357.505577795	66	40	48	0	2	0	2	-64	34017	5	4	1596	1478	468,468
1526394357.517764264	66	40	48	0	2	0	2	-64	34018	5	4	1596	1478	468,468
1526394357.528980512	66	40	48	0	2	0	2	-64	34019	5	4	1596	1478	468,468
1526394357.540849950	66	40	48	0	2	0	2	-64	34020	5	4	1596	1478	468,468
1526394357.552625669	66	40	48	0	2	0	2	-64	34021	5	4	1596	1478	468,468
1526394357.564247370	66	40	48	0	2	0	2	-64	34022	5	4	1596	1478	468,468
1526394357.576164469	66	40	48	0	2	0	2	-64	34023	5	4	1596	1478	468,468
1526394357.587917057	66	40	48	0	2	0	2	-64	34024	5	4	1596	1478	468,468
1526394357.599999301	66	40	48	0	2	0	2	-64	34026	5	4	1596	1478	468,468
1526394357.611352077	66	40	48	0	2	0	2	-64	34027	5	4	1596	1478	468,468
1526394357.623208583	66	40	48	0	2	0	2	-64	34028	5	4	1596	1478	468,468
1526394357.634959394	66	40	48	0	2	0	2	-64	34029	5	4	1596	1478	468,468
1526394357.646693969	66	40	48	0	2	0	2	-64	34030	5	4	1596	1478	468,468
1526394357.658494398	66	40	48	0	2	0	2	-64	34031	5	4	1596	1478	468,468
1526394357.670220069	66	40	48	0	2	0	2	-64	34032	5	4	1596	1478	468,468
1526394357.682533013	66	40	48	0	2	0	2	-64	34034	5	4	1596	1478	468,468
1526394357.693582519	66	40	48	0	2	0	2	-64	34035	5	4	1596	1478	468,468
1526394357.705508791	66	40	48	0	2	0	2	-64	34036	5	4	1596	1478	468,468
1526394357.717261192	66	40	48	0	2	0	2	-64	34037	5	4	1596	1478	468,468
1526394357.728906951	66	40	48	0	2	0	2	-64	34038	5	4	1596	1478	468,468
1526394357.740635585	66	40	48	0	2	0	2	-64	34039	5	4	1596	1478	468,468
1526394357.752438998	66	40	48	0	2	0	2	-64	34040	5	4	1596	1478	468,468
1526394357.764600100	66	40	48	0	2	0	2	-64	34042	5	4	1596	1478	468,468
1526394357.776064238	66	40	48	0	2	0	2	-64	34043	5	4	1596	1478	468,468
1526394357.787845231	66	40	48	0	2	0	2	-64	34044	5	4	1596	1478	468,468
1526394357.799606870	66	40	48	0	2	0	2	-64	34045	5	4	1596	1478	468,468
1526394357.811317711	66	40	48	0	2	0	2	-64	34046	5	4	1596	1478	468,468
1526394357.823365316	66	40	48	0	2	0	2	-64	34047	5	4	1596	1478	468,468
1526394357.834835374	66	40	48	0	2	0	2	-64	34048	5	4	1596	1478	468,468
1526394357.846482612	66	40	48	0	2	0	2	-64	34049	5	4	1596	1478	468,468
1526394357.858247533	66	40	48	0	2	0	2	-64	34050	5	4	1596	1478	468,468
1526394357.870128760	66	40	48	0	2	0	2	-64	34051	5	4	1596	1478	468,468
1526394357.881915277	66	40	48	0	2	0	2	-64	34052	5	4	1596	1478	468,468
1526394357.893643284	66	40	48	0	2	0	2	-64	34053	5	4	1596	1478	468,468
1526394357.905436397	66	40	48	0	2	0	2	-64	34054	5	4	1596	1478	468,468
1526394357.917114269	66	40	48	0	2	0	2	-64	34055	5	4	1596	1478	468,468
1526394357.929292048	66	40	48	0	2	0	2	-64	34057	5	4	1596	1478	468,468
1526394357.940617860	66	40	48	0	2	0	2	-64	34058	5	4	1596	1478	468,468
1526394357.952468836	66	40	48	0	2	0	2	-64	34059	5	4	1596	1478	468,468
1526394357.964121127	66	40	48	0	2	0	2	-64	34060	5	4	1596	1478	468,468
1526394357.975979708	66	40	48	0	2	0	2	-64	34061	5	4	1596	1478	468,468
1526394357.987744994	66	40	48	0	2	0	2	-64	34062	5	4	1596	1478	468,468
1526394357.999444835	66	40	48	0	2	0	2	-64	34063	5	4	1596	1478	468,468
1526394358.011167548	66	40	48	0	2	0	2	-64	34064	5	4	1596	1478	468,468
1526394358.022999861	66	40	48	0	2	0	2	-64	34065	5	4	1596	1478	468,468
1526394358.034701179	66	40	48	0	2	0	2	-64	34066	5	4	1596	1478	468,468
1526394358.046466936	66	40	48	0	2	0	2	-64	34067	5	4	1596	1478	468,468
1526394358.058230394	66	40	48	0	2	0	2	-64	34068	5	4	1596	1478	468,468
1526394358.069941014	66	40	48	0	2	0	2	-64	34069	5	4	1596	1478	468,468
1526394358.081809031	66	40	48	0	2	0	2	-64	34070	5	4	1596	1478	468,468
1526394358.093497180	63	40	48	0	2	0	2	-64	34071	6	4	1596	1478	526,5,526,5
1526394358.105325816	66	40	48	0	2	0	2	-64	34072	5	4	1596	1478	468,468
1526394358.116971990	66	40	48	0	2	0	2	-64	34073	5	4	1596	1478	468,468
1526394358.129674029	66	40	48	0	2	0	2	-64	34074	5	4	1596	1478	468,468
1526394358.140634244	66	40	48	0	2	0	2	-64	34075	5	4	1596	1478	468,468
1526394358.152308599	63	40	48	0	2	0	2	-64	34076	6	4	1596	1478	526,5,526,5
1526394358.164134923	66	40	48	0	2	0	2	-64	34077	5	4	1596	1478	468,468
1526394358.175908018	66	40	48	0	2	0	2	-64	34078	5	4	1596	1478	468,468
1526394358.187658957	66	40	48	0	2	0	2	-64	34079	5	4	1596	1478	468,468
1526394358.199281180	66	40	48	0	2	0	2	-64	34080	5	4	1596	1478	468,468
1526394358.211050703	63	40	48	0	2	0	2	-64	34081	6	4	1596	1478	526,5,526,5
1526394358.222703288	66	40	48	0	2	0	2	-64	34082	5	4	1596	1478	468,468
1526394358.234601530	66	40	48	0	2	0	2	-64	34083	5	4	1596	1478	468,468
1526394358.246346961	66	40	48	0	2	0	2	-64	34084	5	4	1596	1478	468,468
1526394358.258242795	66	40	48	0	2	0	2	-64	34085	5	4	1596	1478	468,468
1526394358.269999571	63	40	48	0	2	0	2	-64	34086	6	4	1596	1478	526,5,526,5
1526394358.281716969	63	40	48	0	2	0	2	-64	34087	6	4	1596	1478	526,5,526,5
1526394358.293479787	63	40	48	0	2	0	2	-64	34088	6	4	1596	1478	526,5,526,5
1526394358.305258344	63	40	48	0	2	0	2	-64	34089	6	4	1596	1478	526,5,526,5
1526394358.317314179	63	40	48	0	2	0	2	-64	34091	6	4	1596	1478	526,5,526,5
1526394358.329436690	63	40	48	0	2	0	2	-64	34093	6	4	1596	1478	526,5,526,5
1526394358.340589723	63	40	48	0	2	0	2	-64	34094	6	4	1596	1478	526,5,526,5
1526394358.352608655	63	40	48	0	2	0	2	-64	34096	6	4	1596	1478	526,5,526,5
1526394358.364307727	63	40	48	0	2	0	2	-64	34098	6	4	1596	1478	526,5,526,5
1526394358.376467485	63	40	48	0	2	0	2	-64	34100	6	4	1596	1478	526,5,526,5
1526394358.387576005	63	40	48	0	2	0	2	-64	34101	6	4	1596	1478	526,5,526,5
1526394358.399314357	63	40	48	0	2	0	2	-64	34102	6	4	1596	1478	526,5,526,5
1526394358.411096561	63	40	48	0	2	0	2	-64	34103	6	4	1596	1478	526,5,526,5
1526394358.423164456	63	40	48	0	2	0	2	-64	34105	6	4	1596	1478	526,5,526,5
1526394358.434864745	63	40	48	0	2	0	2	-64	34107	6	4	1596	1478	526,5,526,5
1526394358.447181449	63	40	48	0	2	0	2	-64	34110	6	4	1596	1478	526,5,526,5
1526394358.458489439	63	40	48	0	2	0	2	-64	34112	6	4	1596	1478	526,5,526,5
1526394358.469928978	63	40	48	0	2	0	2	-64	34113	6	4	1596	1478	526,5,526,5
1526394358.483028995	63	40	48	0	2	0	2	-64	34117	6	4	1596	1478	526,5,526,5
1526394358.493415689	66	40	48	0	2	0	2	-64	34118	5	4	1596	1478	468,468
1526394358.505179808	66	40	48	0	2	0	2	-64	34119	5	4	1596	1478	468,468
1526394358.516913363	66	40	48	0	2	0	2	-64	34120	5	4	1596	1478	468,468
1526394358.528502637	66	40	48	0	2	0	2	-64	34121	5	4	1596	1478	468,468
1526394358.540488983	66	40	48	0	2	0	2	-64	34122	5	4	1596	1478	468,468
1526394358.552220602	66	40	48	0	2	0	2	-64	34123	5	4	1596	1478	468,468
1526394358.563994684	66	40	48	0	2	0	2	-64	34124	5	4	1596	1478	468,468
1526394358.575751660	66	40	48	0	2	0	2	-64	34125	5	4	1596	1478	468,468
1526394358.587549425	66	40	48	0	2	0	2	-64	34126	5	4	1596	1478	468,468
1526394358.599131117	66	40	48	0	2	0	2	-64	34127	5	4	1596	1478	468,468
1526394358.611010896	66	40	48	0	2	0	2	-64	34128	5	4	1596	1478	468,468
1526394358.622781677	66	40	48	0	2	0	2	-64	34129	5	4	1596	1478	468,468
1526394358.634544337	66	40	48	0	2	0	2	-64	34130	5	4	1596	1478	468,468
1526394358.646703474	66	40	48	0	2	0	2	-64	34132	5	4	1596	1478	468,468
1526394358.658047681	66	40	48	0	2	0	2	-64	34133	5	4	1596	1478	468,468
1526394358.669820251	66	40	48	0	2	0	2	-64	34134	5	4	1596	1478	468,468
1526394358.681497448	66	40	48	0	2	0	2	-64	34135	5	4	1596	1478	468,468
1526394358.693336860	66	40	48	0	2	0	2	-64	34136	5	4	1596	1478	468,468
1526394358.705108129	66	40	48	0	2	0	2	-64	34137	5	4	1596	1478	468,468
1526394358.716724652	66	40	48	0	2	0	2	-64	34138	5	4	1596	1478	468,468
1526394358.728465035	66	40	48	0	2	0	2	-64	34139	5	4	1596	1478	468,468
1526394358.740282686	66	40	48	0	2	0	2	-64	34140	5	4	1596	1478	468,468
1526394358.752151303	66	40	48	0	2	0	2	-64	34141	5	4	1596	1478	468,468
1526394358.763905295	66	40	48	0	2	0	2	-64	34142	5	4	1596	1478	468,468
1526394358.775655703	66	40	48	0	2	0	2	-64	34143	5	4	1596	1478	468,468
1526394358.787383404	66	40	48	0	2	0	2	-64	34144	5	4	1596	1478	468,468
1526394358.799185216	66	40	48	0	2	0	2	-64	34145	5	4	1596	1478	468,468
1526394358.811283953	66	40	48	0	2	0	2	-64	34147	5	4	1596	1478	468,468
1526394358.822546377	66	40	48	0	2	0	2	-64	34148	5	4	1596	1478	468,468
1526394358.834461383	66	40	48	0	2	0	2	-64	34149	5	4	1596	1478	468,468
1526394358.846408147	66	40	48	0	2	0	2	-64	34150	5	4	1596	1478	468,468
1526394358.858010578	66	40	48	0	2	0	2	-64	34151	5	4	1596	1478	468,468
1526394358.869793412	66	40	48	0	2	0	2	-64	34152	5	4	1596	1478	468,468
1526394358.881494559	66	40	48	0	2	0	2	-64	34153	5	4	1596	1478	468,468
1526394358.893260567	66	40	48	0	2	0	2	-64	34154	5	4	1596	1478	468,468
1526394358.905008393	66	40	48	0	2	0	2	-64	34155	5	4	1596	1478	468,468
1526394358.916573947	66	40	48	0	2	0	2	-64	34156	5	4	1596	1478	468,468
1526394358.928528491	66	40	48	0	2	0	2	-64	34157	5	4	1596	1478	468,468
1526394358.940292998	66	40	48	0	2	0	2	-64	34158	5	4	1596	1478	468,468
1526394358.952086147	66	40	48	0	2	0	2	-64	34159	5	4	1596	1478	468,468
1526394358.963828725	66	40	48	0	2	0	2	-64	34160	5	4	1596	1478	468,468
1526394358.975497501	63	40	48	0	2	0	2	-64	34161	6	4	1596	1478	526,5,526,5
1526394358.987250430	66	40	48	0	2	0	2	-64	34162	5	4	1596	1478	468,468
1526394358.998954072	66	40	48	0	2	0	2	-64	34163	5	4	1596	1478	468,468
1526394359.010841988	66	40	48	0	2	0	2	-64	34164	5	4	1596	1478	468,468
1526394359.022617007	66	40	48	0	2	0	2	-64	34165	5	4	1596	1478	468,468
1526394359.034646345	66	40	48	0	2	0	2	-64	34167	5	4	1596	1478	468,468
1526394359.046058604	66	40	48	0	2	0	2	-64	34168	5	4	1596	1478	468,468
1526394359.057858433	66	40	48	0	2	0	2	-64	34169	5	4	1596	1478	468,468
1526394359.069652040	66	40	48	0	2	0	2	-64	34170	5	4	1596	1478	468,468
1526394359.081411512	66	40	48	0	2	0	2	-64	34171	5	4	1596	1478	468,468
1526394359.093170517	66	40	48	0	2	0	2	-64	34172	5	4	1596	1478	468,468
1526394359.104950480	66	40	48	0	2	0	2	-64	34173	5	4	1596	1478	468,468
1526394359.116634919	66	40	48	0	2	0	2	-64	34174	5	4	1596	1478	468,468
1526394359.128444144	66	40	48	0	2	0	2	-64	34175	5	4	1596	1478	468,468
1526394359.140206328	66	40	48	0	2	0	2	-64	34176	5	4	1596	1478	468,468
1526394359.151978230	66	40	48	0	2	0	2	-63	34177	5	4	1596	1478	468,468
1526394359.163679795	66	40	48	0	2	0	2	-64	34178	5	4	1596	1478	468,468
1526394359.175497199	66	40	48	0	2	0	2	-64	34179	5	4	1596	1478	468,468
1526394359.187249672	66	40	48	0	2	0	2	-64	34180	5	4	1596	1478	468,468
1526394359.199002609	63	40	48	0	2	0	2	-64	34181	6	4	1596	1478	526,5,526,5
1526394359.210715852	66	40	48	0	2	0	2	-64	34182	5	4	1596	1478	468,468
1526394359.222406355	66	40	48	0	2	0	2	-63	34183	5	4	1596	1478	468,468
1526394359.234186447	66	40	48	0	2	0	2	-64	34184	5	4	1596	1478	468,468
1526394359.245903710	66	40	48	0	2	0	2	-64	34185	5	4	1596	1478	468,468
1526394359.258115395	66	40	48	0	2	0	2	-64	34187	5	4	1596	1478	468,468
1526394359.269555998	66	40	48	0	2	0	2	-64	34188	5	4	1596	1478	468,468
1526394359.281313316	66	40	48	0	2	0	2	-63	34189	5	4	1596	1478	468,468
1526394359.293095757	66	40	48	0	2	0	2	-64	34190	5	4	1596	1478	468,468
1526394359.304865452	66	40	48	0	2	0	2	-64	34191	5	4	1596	1478	468,468
1526394359.316633604	66	40	48	0	2	0	2	-64	34192	5	4	1596	1478	468,468
1526394359.328300384	66	40	48	0	2	0	2	-64	34193	5	4	1596	1478	468,468
1526394359.340133063	66	40	48	0	2	0	2	-64	34194	5	4	1596	1478	468,468
1526394359.351894795	66	40	48	0	2	0	2	-64	34195	5	4	1596	1478	468,468
1526394359.363953505	66	40	48	0	2	0	2	-64	34196	5	4	1596	1478	468,468
1526394359.375414718	66	40	48	0	2	0	2	-64	34197	5	4	1596	1478	468,468
1526394359.387166147	66	40	48	0	2	0	2	-64	34198	5	4	1596	1478	468,468
1526394359.398926401	66	40	48	0	2	0	2	-64	34199	5	4	1596	1478	468,468
1526394359.410695410	66	40	48	0	2	0	2	-64	34200	5	4	1596	1478	468,468
1526394359.423199996	66	40	48	0	2	0	2	-64	34202	5	4	1596	1478	468,468
1526394359.434211927	66	40	48	0	2	0	2	-64	34203	5	4	1596	1478	468,468
1526394359.445998148	66	40	48	0	2	0	2	-64	34204	5	4	1596	1478	468,468
1526394359.457749771	66	40	48	0	2	0	2	-64	34205	5	4	1596	1478	468,468
1526394359.469534175	66	40	48	0	2	0	2	-64	34206	5	4	1596	1478	468,468
1526394359.481209583	66	40	48	0	2	0	2	-64	34207	5	4	1596	1478	468,468
1526394359.492995715	66	40	48	0	2	0	2	-64	34208	5	4	1596	1478	468,468
1526394359.504777839	66	40	48	0	2	0	2	-64	34209	5	4	1596	1478	468,468
1526394359.516490133	66	40	48	0	2	0	2	-64	34210	5	4	1596	1478	468,468
1526394359.528207090	66	40	48	0	2	0	2	-64	34211	5	4	1596	1478	468,468
1526394359.540075600	66	40	48	0	2	0	2	-64	34212	5	4	1596	1478	468,468
1526394359.551797294	66	40	48	0	2	0	2	-64	34213	5	4	1596	1478	468,468
1526394359.563594837	66	40	48	0	2	0	2	-64	34214	5	4	1596	1478	468,468
1526394359.575340742	66	40	48	0	2	0	2	-64	34215	5	4	1596	1478	468,468
1526394359.587112201	63	40	48	0	2	0	2	-64	34216	6	4	1596	1478	526,5,526,5
1526394359.598850487	63	40	48	0	2	0	2	-64	34217	6	4	1596	1478	526,5,526,5
1526394359.610617050	63	40	48	0	2	0	2	-64	34218	6	4	1596	1478	526,5,526,5
1526394359.622703249	63	40	48	0	2	0	2	-64	34220	6	4	1596	1478	526,5,526,5
1526394359.634529409	63	40	48	0	2	0	2	-64	34221	6	4	1596	1478	526,5,526,5
1526394359.646244379	63	40	48	0	2	0	2	-64	34222	6	4	1596	1478	526,5,526,5
1526394359.657641285	63	40	48	0	2	0	2	-64	34223	6	4	1596	1478	526,5,526,5
1526394359.669723731	63	40	48	0	2	0	2	-64	34225	6	4	1596	1478	526,5,526,5
1526394359.681176178	63	40	48	0	2	0	2	-64	34226	6	4	1596	1478	526,5,526,5
1526394359.692931192	63	40	48	0	2	0	2	-64	34227	6	4	1596	1478	526,5,526,5
1526394359.704693343	63	40	48	0	2	0	2	-64	34228	6	4	1596	1478	526,5,526,5
1526394359.716461486	63	40	48	0	2	0	2	-64	34229	6	4	1596	1478	526,5,526,5
1526394359.728204944	63	40	48	0	2	0	2	-64	34230	6	4	1596	1478	526,5,526,5
1526394359.739837388	63	40	48	0	2	0	2	-64	34231	6	4	1596	1478	526,5,526,5
1526394359.751755452	63	40	48	0	2	0	2	-64	34232	6	4	1596	1478	526,5,526,5
1526394359.763503162	63	40	48	0	2	0	2	-64	34233	6	4	1596	1478	526,5,526,5
1526394359.775266576	63	40	48	0	2	0	2	-64	34234	6	4	1596	1478	526,5,526,5
1526394359.787692504	63	40	48	0	2	0	2	-64	34237	6	4	1596	1478	526,5,526,5
1526394359.799616103	63	40	48	0	2	0	2	-64	34239	6	4	1596	1478	526,5,526,5
1526394359.810536281	63	40	48	0	2	0	2	-64	34240	6	4	1596	1478	526,5,526,5
