1526383794.759229728	191	40	48	0	1	1	2	-80	7978	4	1	1596	1478	81,81
1526383794.759273520	191	40	48	0	1	1	2	-80	7978	4	1	1596	1478	81,81
1526383794.759283107	191	40	48	0	1	1	2	-80	7978	4	1	1596	1478	81,81
1526383794.759291038	191	40	48	0	1	1	2	-80	7978	4	1	1596	1478	81,81
1526383794.759298610	191	40	48	0	1	1	2	-80	7978	4	1	1596	1478	81,81
1526383794.759306722	191	40	48	0	1	1	2	-80	7978	4	1	1596	1478	81,81
1526383794.759314814	191	40	48	0	1	1	2	-80	7978	4	1	1596	1478	81,81
1526383794.759322285	191	40	48	0	1	1	2	-80	7978	4	1	1596	1478	81,81
1526383794.759330905	191	40	48	0	1	1	2	-80	7978	4	1	1596	1478	81,81
1526383794.759338110	191	40	48	0	1	1	2	-80	7978	4	1	1596	1478	81,81
1526383794.759348439	191	40	48	0	1	1	2	-80	7978	4	1	1596	1478	81,81
1526383794.759355398	191	40	48	0	1	1	2	-80	7978	4	1	1596	1478	81,81
1526383794.759372902	191	40	48	0	1	1	2	-80	7978	4	1	1596	1478	81,81
1526383794.759383997	191	40	48	0	1	1	2	-80	7978	4	1	1596	1478	81,81
1526383794.759396201	191	40	48	0	1	1	2	-80	7978	4	1	1596	1478	81,81
1526383794.759802129	191	40	48	0	1	1	2	-80	7978	4	1	1596	1478	81,81
1526383794.759817937	191	40	48	0	1	1	2	-80	7978	4	1	1596	1478	81,81
1526383794.759825698	191	40	48	0	1	1	2	-80	7978	4	1	1596	1478	81,81
1526383794.768290563	276	40	48	0	2	0	2	-84	7979	3	0	1596	1478	52,52
1526383794.768327165	276	40	48	0	2	0	2	-84	7979	3	0	1596	1478	52,52
1526383794.778604760	276	40	48	0	2	0	2	-83	7980	3	0	1596	1478	52,52
1526383794.790338198	276	40	48	0	2	0	2	-84	7981	3	0	1596	1478	52,52
1526383794.802214679	276	40	48	0	2	0	2	-84	7982	3	0	1596	1478	52,52
1526383794.814424442	276	40	48	0	2	0	2	-83	7983	3	0	1596	1478	52,52
1526383794.825746309	276	40	48	0	2	0	2	-83	7984	3	0	1596	1478	52,52
1526383794.837511150	276	40	48	0	2	0	2	-84	7985	3	0	1596	1478	52,52
1526383794.849251349	276	40	48	0	2	0	2	-83	7986	3	0	1596	1478	52,52
1526383794.861483289	267	40	60	0	2	0	2	-82	7987	1	1	1596	1478	54,54
1526383794.874422906	191	40	48	0	1	1	2	-80	7988	4	1	1596	1478	81,81
1526383794.884459790	191	40	48	0	1	1	2	-81	7989	4	1	1596	1478	81,81
1526383794.896234596	191	40	48	0	1	1	2	-81	7990	4	1	1596	1478	81,81
1526383794.907915752	191	40	48	0	1	1	2	-80	7991	4	1	1596	1478	81,81
1526383794.919743555	191	40	48	0	1	1	2	-80	7992	4	1	1596	1478	81,81
1526383794.931497646	191	40	48	0	1	1	2	-81	7993	4	1	1596	1478	81,81
1526383794.943267023	191	40	48	0	1	1	2	-80	7994	4	1	1596	1478	81,81
1526383794.955011980	191	40	48	0	1	1	2	-80	7995	4	1	1596	1478	81,81
1526383794.967219781	191	40	48	0	1	1	2	-81	7996	4	1	1596	1478	81,81
1526383794.978541347	191	40	48	0	1	1	2	-81	7997	4	1	1596	1478	81,81
1526383794.990180902	191	40	48	0	1	1	2	-80	7998	4	1	1596	1478	81,81
1526383795.001995518	191	40	48	0	1	1	2	-80	7999	4	1	1596	1478	81,81
1526383795.013727343	191	40	48	0	1	1	2	-80	8000	4	1	1596	1478	81,81
1526383795.025581389	191	40	48	0	1	1	2	-80	8001	4	1	1596	1478	81,81
1526383795.037224294	191	40	48	0	1	1	2	-81	8002	4	1	1596	1478	81,81
1526383795.049574195	191	40	48	0	1	1	2	-81	8003	4	1	1596	1478	81,81
1526383795.060853896	191	40	48	0	1	1	2	-81	8004	4	1	1596	1478	81,81
1526383795.072476082	191	40	48	0	1	1	2	-81	8005	4	1	1596	1478	81,81
1526383795.085169475	191	40	48	0	1	1	2	-81	8006	4	1	1596	1478	81,81
1526383795.096114581	191	40	48	0	1	1	2	-80	8007	4	1	1596	1478	81,81
1526383795.107913676	191	40	48	0	1	1	2	-80	8008	4	1	1596	1478	81,81
1526383795.119657603	191	40	48	0	1	1	2	-80	8009	4	1	1596	1478	81,81
1526383795.131434329	191	40	48	0	1	1	2	-80	8010	4	1	1596	1478	81,81
1526383795.143157282	191	40	48	0	1	1	2	-80	8011	4	1	1596	1478	81,81
1526383795.154941745	191	40	48	0	1	1	2	-80	8012	4	1	1596	1478	81,81
1526383795.166699894	191	40	48	0	1	1	2	-80	8013	4	1	1596	1478	81,81
1526383795.178900228	191	40	48	0	1	1	2	-80	8014	4	1	1596	1478	81,81
1526383795.190225648	191	40	48	0	1	1	2	-80	8015	4	1	1596	1478	81,81
1526383795.202001750	191	40	48	0	1	1	2	-81	8016	4	1	1596	1478	81,81
1526383795.213788577	191	40	48	0	1	1	2	-80	8017	4	1	1596	1478	81,81
1526383795.225891842	191	40	48	0	1	1	2	-80	8018	4	1	1596	1478	81,81
1526383795.237190754	191	40	48	0	1	1	2	-80	8019	4	1	1596	1478	81,81
1526383795.249037501	191	40	48	0	1	1	2	-81	8020	4	1	1596	1478	81,81
1526383795.260796682	191	40	48	0	1	1	2	-80	8021	4	1	1596	1478	81,81
1526383795.272544322	191	40	48	0	1	1	2	-80	8022	4	1	1596	1478	81,81
1526383795.284313097	191	40	48	0	1	1	2	-81	8023	4	1	1596	1478	81,81
1526383795.296055869	191	40	48	0	1	1	2	-80	8024	4	1	1596	1478	81,81
1526383795.307826671	191	40	48	0	1	1	2	-80	8025	4	1	1596	1478	81,81
1526383795.319578141	191	40	48	0	1	1	2	-80	8026	4	1	1596	1478	81,81
1526383795.331343554	191	40	48	0	1	1	2	-81	8027	4	1	1596	1478	81,81
1526383795.346623517	191	40	48	0	1	1	2	-83	8029	4	1	1596	1478	81,81
1526383795.354761800	191	40	48	0	1	1	2	-82	8030	4	1	1596	1478	81,81
1526383795.366490964	191	40	48	0	1	1	2	-81	8031	4	1	1596	1478	81,81
1526383795.378312933	191	40	48	0	1	1	2	-82	8032	4	1	1596	1478	81,81
1526383795.390049930	191	40	48	0	1	1	2	-82	8033	4	1	1596	1478	81,81
1526383795.401898283	191	40	48	0	1	1	2	-81	8034	4	1	1596	1478	81,81
1526383795.413602093	191	40	48	0	1	1	2	-80	8035	4	1	1596	1478	81,81
1526383795.425434988	191	40	48	0	1	1	2	-80	8036	4	1	1596	1478	81,81
1526383795.437614728	191	40	48	0	1	1	2	-80	8037	4	1	1596	1478	81,81
1526383795.448972144	191	40	48	0	1	1	2	-80	8038	4	1	1596	1478	81,81
1526383795.460715037	191	40	48	0	1	1	2	-80	8039	4	1	1596	1478	81,81
1526383795.472486562	191	40	48	0	1	1	2	-80	8040	4	1	1596	1478	81,81
1526383795.484198472	191	40	48	0	1	1	2	-80	8041	4	1	1596	1478	81,81
1526383795.495893932	191	40	48	0	1	1	2	-80	8042	4	1	1596	1478	81,81
1526383795.507730406	191	40	48	0	1	1	2	-80	8043	4	1	1596	1478	81,81
1526383795.519481194	191	40	48	0	1	1	2	-80	8044	4	1	1596	1478	81,81
1526383795.531253833	191	40	48	0	1	1	2	-80	8045	4	1	1596	1478	81,81
1526383795.543020901	191	40	48	0	1	1	2	-80	8046	4	1	1596	1478	81,81
1526383795.554592661	191	40	48	0	1	1	2	-79	8047	4	1	1596	1478	81,81
1526383795.566320108	191	40	48	0	1	1	2	-80	8048	4	1	1596	1478	81,81
1526383795.578095143	191	40	48	0	1	1	2	-79	8049	4	1	1596	1478	81,81
1526383795.590061062	191	40	48	0	1	1	2	-80	8050	4	1	1596	1478	81,81
1526383795.601716185	191	40	48	0	1	1	2	-79	8051	4	1	1596	1478	81,81
1526383795.613431689	191	40	48	0	1	1	2	-80	8052	4	1	1596	1478	81,81
1526383795.626234001	191	40	48	0	1	1	2	-80	8055	4	1	1596	1478	81,81
1526383795.639084891	191	40	48	0	1	1	2	-80	8056	4	1	1596	1478	81,81
1526383795.648723374	191	40	48	0	1	1	2	-80	8057	4	1	1596	1478	81,81
1526383795.660520673	191	40	48	0	1	1	2	-79	8058	4	1	1596	1478	81,81
1526383795.672680496	191	40	48	0	1	1	2	-79	8059	4	1	1596	1478	81,81
1526383795.684013957	191	40	48	0	1	1	2	-79	8060	4	1	1596	1478	81,81
1526383795.695926611	191	40	48	0	1	1	2	-79	8061	4	1	1596	1478	81,81
1526383795.707543008	191	40	48	0	1	1	2	-80	8062	4	1	1596	1478	81,81
1526383795.719795855	191	40	48	0	1	1	2	-79	8064	4	1	1596	1478	81,81
1526383795.732559646	191	40	48	0	1	1	2	-80	8066	4	1	1596	1478	81,81
1526383795.742890196	191	40	48	0	1	1	2	-79	8067	4	1	1596	1478	81,81
1526383795.754560283	191	40	48	0	1	1	2	-80	8068	4	1	1596	1478	81,81
1526383795.766460062	191	40	48	0	1	1	2	-80	8069	4	1	1596	1478	81,81
1526383795.778732968	191	40	48	0	1	1	2	-80	8070	4	1	1596	1478	81,81
1526383795.789985415	191	40	48	0	1	1	2	-80	8071	4	1	1596	1478	81,81
1526383795.802184814	191	40	48	0	1	1	2	-81	8072	4	1	1596	1478	81,81
1526383795.814405186	191	40	48	0	1	1	2	-81	8073	4	1	1596	1478	81,81
1526383795.827198618	191	40	48	0	1	1	2	-81	8075	4	1	1596	1478	81,81
1526383795.837494650	191	40	48	0	1	1	2	-81	8076	4	1	1596	1478	81,81
1526383795.848831510	191	40	48	0	1	1	2	-81	8077	4	1	1596	1478	81,81
1526383795.860831645	191	40	48	0	1	1	2	-80	8078	4	1	1596	1478	81,81
1526383795.872609992	191	40	48	0	1	1	2	-81	8079	4	1	1596	1478	81,81
1526383795.884110329	191	40	48	0	1	1	2	-80	8080	4	1	1596	1478	81,81
1526383795.895885757	191	40	48	0	1	1	2	-80	8081	4	1	1596	1478	81,81
1526383795.907939686	191	40	48	0	1	1	2	-80	8083	4	1	1596	1478	81,81
1526383795.919892349	191	40	48	0	1	1	2	-81	8085	4	1	1596	1478	81,81
1526383795.931040943	191	40	48	0	1	1	2	-80	8086	4	1	1596	1478	81,81
1526383795.942935436	191	40	48	0	1	1	2	-80	8087	4	1	1596	1478	81,81
1526383795.954661918	191	40	48	0	1	1	2	-80	8088	4	1	1596	1478	81,81
1526383795.967200259	191	40	48	0	1	1	2	-81	8089	4	1	1596	1478	81,81
1526383795.978124592	191	40	48	0	1	1	2	-80	8090	4	1	1596	1478	81,81
1526383795.989955763	191	40	48	0	1	1	2	-80	8091	4	1	1596	1478	81,81
1526383796.002476121	191	40	48	0	1	1	2	-80	8092	4	1	1596	1478	81,81
1526383796.013774160	191	40	48	0	1	1	2	-80	8093	4	1	1596	1478	81,81
1526383796.025090849	191	40	48	0	1	1	2	-80	8094	4	1	1596	1478	81,81
1526383796.036997694	191	40	48	0	1	1	2	-80	8095	4	1	1596	1478	81,81
1526383796.048507126	191	40	48	0	1	1	2	-80	8096	4	1	1596	1478	81,81
1526383796.061098932	191	40	48	0	1	1	2	-80	8097	4	1	1596	1478	81,81
1526383796.072089129	191	40	48	0	1	1	2	-79	8098	4	1	1596	1478	81,81
1526383796.083741608	191	40	48	0	1	1	2	-79	8099	4	1	1596	1478	81,81
1526383796.095624613	191	40	48	0	1	1	2	-79	8100	4	1	1596	1478	81,81
1526383796.107494493	191	40	48	0	1	1	2	-79	8101	4	1	1596	1478	81,81
1526383796.119806610	191	40	48	0	1	1	2	-80	8102	4	1	1596	1478	81,81
1526383796.130972195	191	40	48	0	1	1	2	-80	8103	4	1	1596	1478	81,81
1526383796.142784832	191	40	48	0	1	1	2	-79	8104	4	1	1596	1478	81,81
1526383796.154537361	191	40	48	0	1	1	2	-79	8105	4	1	1596	1478	81,81
1526383796.166486362	191	40	48	0	1	1	2	-80	8106	4	1	1596	1478	81,81
1526383796.178064285	191	40	48	0	1	1	2	-79	8107	4	1	1596	1478	81,81
1526383796.189825129	191	40	48	0	1	1	2	-79	8108	4	1	1596	1478	81,81
1526383796.201610993	191	40	48	0	1	1	2	-79	8109	4	1	1596	1478	81,81
1526383796.213699918	191	40	48	0	1	1	2	-79	8110	4	1	1596	1478	81,81
1526383796.225325755	191	40	48	0	1	1	2	-79	8111	4	1	1596	1478	81,81
1526383796.236861452	191	40	48	0	1	1	2	-80	8112	4	1	1596	1478	81,81
1526383796.248626134	191	40	48	0	1	1	2	-79	8113	4	1	1596	1478	81,81
1526383796.260380030	191	40	48	0	1	1	2	-79	8114	4	1	1596	1478	81,81
1526383796.273992384	191	40	48	0	1	1	2	-79	8116	4	1	1596	1478	81,81
1526383796.283832749	191	40	48	0	1	1	2	-79	8117	4	1	1596	1478	81,81
1526383796.295997738	191	40	48	0	1	1	2	-79	8118	4	1	1596	1478	81,81
1526383796.307427401	191	40	48	0	1	1	2	-80	8119	4	1	1596	1478	81,81
1526383796.319189135	191	40	48	0	1	1	2	-80	8120	4	1	1596	1478	81,81
1526383796.330947856	191	40	48	0	1	1	2	-79	8121	4	1	1596	1478	81,81
1526383796.342696941	191	40	48	0	1	1	2	-80	8122	4	1	1596	1478	81,81
1526383796.354337156	191	40	48	0	1	1	2	-79	8123	4	1	1596	1478	81,81
1526383796.367640431	191	40	48	0	1	1	2	-79	8124	4	1	1596	1478	81,81
1526383796.378002871	191	40	48	0	1	1	2	-80	8125	4	1	1596	1478	81,81
1526383796.389765403	191	40	48	0	1	1	2	-80	8126	4	1	1596	1478	81,81
1526383796.401537168	191	40	48	0	1	1	2	-79	8127	4	1	1596	1478	81,81
1526383796.413278138	191	40	48	0	1	1	2	-79	8128	4	1	1596	1478	81,81
1526383796.425444370	191	40	48	0	1	1	2	-79	8129	4	1	1596	1478	81,81
1526383796.437194340	191	40	48	0	1	1	2	-80	8130	4	1	1596	1478	81,81
1526383796.448546019	191	40	48	0	1	1	2	-80	8131	4	1	1596	1478	81,81
1526383796.460325985	191	40	48	0	1	1	2	-80	8132	4	1	1596	1478	81,81
1526383796.472546511	191	40	48	0	1	1	2	-80	8133	4	1	1596	1478	81,81
1526383796.483799493	191	40	48	0	1	1	2	-80	8134	4	1	1596	1478	81,81
1526383796.495580620	191	40	48	0	1	1	2	-79	8135	4	1	1596	1478	81,81
1526383796.507214508	191	40	48	0	1	1	2	-80	8136	4	1	1596	1478	81,81
1526383796.519403563	191	40	48	0	1	1	2	-80	8137	4	1	1596	1478	81,81
1526383796.530619837	191	40	48	0	1	1	2	-80	8138	4	1	1596	1478	81,81
1526383796.542613308	191	40	48	0	1	1	2	-80	8139	4	1	1596	1478	81,81
1526383796.554523016	191	40	48	0	1	1	2	-81	8140	4	1	1596	1478	81,81
1526383796.565982044	191	40	48	0	1	1	2	-81	8141	4	1	1596	1478	81,81
1526383796.577826875	191	40	48	0	1	1	2	-81	8142	4	1	1596	1478	81,81
1526383796.589651268	191	40	48	0	1	1	2	-82	8143	4	1	1596	1478	81,81
1526383796.601411341	191	40	48	0	1	1	2	-82	8144	4	1	1596	1478	81,81
1526383796.613212260	191	40	48	0	1	1	2	-82	8145	4	1	1596	1478	81,81
1526383796.624948197	191	40	48	0	1	1	2	-82	8146	4	1	1596	1478	81,81
1526383796.636700542	191	40	48	0	1	1	2	-82	8147	4	1	1596	1478	81,81
1526383796.648477885	191	40	48	0	1	1	2	-80	8148	4	1	1596	1478	81,81
1526383796.660157762	191	40	48	0	1	1	2	-80	8149	4	1	1596	1478	81,81
1526383796.671901807	191	40	48	0	1	1	2	-80	8150	4	1	1596	1478	81,81
1526383796.684187905	191	40	48	0	1	1	2	-80	8151	4	1	1596	1478	81,81
1526383796.695508624	191	40	48	0	1	1	2	-79	8152	4	1	1596	1478	81,81
1526383796.707279746	191	40	48	0	1	1	2	-79	8153	4	1	1596	1478	81,81
1526383796.719009764	191	40	48	0	1	1	2	-79	8154	4	1	1596	1478	81,81
1526383796.730798148	191	40	48	0	1	1	2	-80	8155	4	1	1596	1478	81,81
1526383796.742541874	191	40	48	0	1	1	2	-80	8156	4	1	1596	1478	81,81
1526383796.754314596	191	40	48	0	1	1	2	-80	8157	4	1	1596	1478	81,81
1526383796.766075029	191	40	48	0	1	1	2	-80	8158	4	1	1596	1478	81,81
1526383796.777829993	191	40	48	0	1	1	2	-80	8159	4	1	1596	1478	81,81
1526383796.789586885	191	40	48	0	1	1	2	-80	8160	4	1	1596	1478	81,81
1526383796.801335756	191	40	48	0	1	1	2	-81	8161	4	1	1596	1478	81,81
1526383796.813024288	191	40	48	0	1	1	2	-80	8162	4	1	1596	1478	81,81
1526383796.824783757	191	40	48	0	1	1	2	-81	8163	4	1	1596	1478	81,81
1526383796.837059721	191	40	48	0	1	1	2	-80	8164	4	1	1596	1478	81,81
1526383796.848375185	191	40	48	0	1	1	2	-80	8165	4	1	1596	1478	81,81
1526383796.860144059	191	40	48	0	1	1	2	-80	8166	4	1	1596	1478	81,81
1526383796.871806736	191	40	48	0	1	1	2	-79	8167	4	1	1596	1478	81,81
1526383796.884131959	191	40	48	0	1	1	2	-80	8168	4	1	1596	1478	81,81
1526383796.895418036	191	40	48	0	1	1	2	-79	8169	4	1	1596	1478	81,81
1526383796.907187482	191	40	48	0	1	1	2	-80	8170	4	1	1596	1478	81,81
1526383796.918962301	191	40	48	0	1	1	2	-80	8171	4	1	1596	1478	81,81
1526383796.930518648	191	40	48	0	1	1	2	-80	8172	4	1	1596	1478	81,81
1526383796.942466631	191	40	48	0	1	1	2	-81	8173	4	1	1596	1478	81,81
1526383796.954227897	191	40	48	0	1	1	2	-80	8174	4	1	1596	1478	81,81
1526383796.965965089	191	40	48	0	1	1	2	-80	8175	4	1	1596	1478	81,81
1526383796.977647907	191	40	48	0	1	1	2	-80	8176	4	1	1596	1478	81,81
1526383796.989526866	191	40	48	0	1	1	2	-81	8177	4	1	1596	1478	81,81
1526383797.001203947	191	40	48	0	1	1	2	-81	8178	4	1	1596	1478	81,81
1526383797.012930996	191	40	48	0	1	1	2	-81	8179	4	1	1596	1478	81,81
1526383797.024778958	191	40	48	0	1	1	2	-81	8180	4	1	1596	1478	81,81
1526383797.036389267	191	40	48	0	1	1	2	-81	8181	4	1	1596	1478	81,81
1526383797.048867317	191	40	48	0	1	1	2	-81	8182	4	1	1596	1478	81,81
1526383797.060062843	191	40	48	0	1	1	2	-81	8183	4	1	1596	1478	81,81
1526383797.071728837	191	40	48	0	1	1	2	-80	8184	4	1	1596	1478	81,81
1526383797.085532309	191	40	48	0	1	1	2	-80	8187	4	1	1596	1478	81,81
1526383797.095348820	191	40	48	0	1	1	2	-80	8188	4	1	1596	1478	81,81
1526383797.107103173	191	40	48	0	1	1	2	-81	8189	4	1	1596	1478	81,81
1526383797.118843018	191	40	48	0	1	1	2	-81	8190	4	1	1596	1478	81,81
1526383797.130621463	191	40	48	0	1	1	2	-81	8191	4	1	1596	1478	81,81
1526383797.142393216	191	40	48	0	1	1	2	-81	8192	4	1	1596	1478	81,81
1526383797.154544489	191	40	48	0	1	1	2	-81	8193	4	1	1596	1478	81,81
1526383797.165923646	191	40	48	0	1	1	2	-81	8194	4	1	1596	1478	81,81
1526383797.177660862	191	40	48	0	1	1	2	-81	8195	4	1	1596	1478	81,81
1526383797.189354799	191	40	48	0	1	1	2	-81	8196	4	1	1596	1478	81,81
1526383797.201607737	191	40	48	0	1	1	2	-81	8197	4	1	1596	1478	81,81
1526383797.213380300	191	40	48	0	1	1	2	-81	8198	4	1	1596	1478	81,81
1526383797.225115150	191	40	48	0	1	1	2	-81	8200	4	1	1596	1478	81,81
1526383797.236451511	191	40	48	0	1	1	2	-81	8201	4	1	1596	1478	81,81
1526383797.248241306	191	40	48	0	1	1	2	-80	8202	4	1	1596	1478	81,81
1526383797.260409298	191	40	48	0	1	1	2	-81	8203	4	1	1596	1478	81,81
1526383797.271729841	191	40	48	0	1	1	2	-80	8204	4	1	1596	1478	81,81
1526383797.283483919	191	40	48	0	1	1	2	-81	8205	4	1	1596	1478	81,81
1526383797.295289342	191	40	48	0	1	1	2	-81	8206	4	1	1596	1478	81,81
1526383797.307032752	191	40	48	0	1	1	2	-81	8207	4	1	1596	1478	81,81
1526383797.318776865	191	40	48	0	1	1	2	-82	8208	4	1	1596	1478	81,81
1526383797.330537364	191	40	48	0	1	1	2	-81	8209	4	1	1596	1478	81,81
1526383797.342311625	191	40	48	0	1	1	2	-81	8210	4	1	1596	1478	81,81
1526383797.354059278	191	40	48	0	1	1	2	-82	8211	4	1	1596	1478	81,81
1526383797.365707955	191	40	48	0	1	1	2	-81	8212	4	1	1596	1478	81,81
1526383797.378016765	191	40	48	0	1	1	2	-80	8213	4	1	1596	1478	81,81
1526383797.389470216	191	40	48	0	1	1	2	-81	8214	4	1	1596	1478	81,81
1526383797.401151080	191	40	48	0	1	1	2	-82	8215	4	1	1596	1478	81,81
1526383797.413315309	191	40	48	0	1	1	2	-82	8216	4	1	1596	1478	81,81
1526383797.424637773	191	40	48	0	1	1	2	-81	8217	4	1	1596	1478	81,81
1526383797.436388560	191	40	48	0	1	1	2	-81	8218	4	1	1596	1478	81,81
1526383797.448169314	191	40	48	0	1	1	2	-81	8219	4	1	1596	1478	81,81
1526383797.459905114	191	40	48	0	1	1	2	-81	8220	4	1	1596	1478	81,81
1526383797.472077015	191	40	48	0	1	1	2	-81	8222	4	1	1596	1478	81,81
1526383797.483417826	191	40	48	0	1	1	2	-82	8223	4	1	1596	1478	81,81
1526383797.495997176	191	40	48	0	1	1	2	-81	8224	4	1	1596	1478	81,81
1526383797.506835522	191	40	48	0	1	1	2	-81	8225	4	1	1596	1478	81,81
1526383797.518600495	191	40	48	0	1	1	2	-81	8226	4	1	1596	1478	81,81
1526383797.530170264	191	40	48	0	1	1	2	-82	8227	4	1	1596	1478	81,81
1526383797.542445665	191	40	48	0	1	1	2	-81	8228	4	1	1596	1478	81,81
1526383797.553761752	191	40	48	0	1	1	2	-81	8229	4	1	1596	1478	81,81
1526383797.565574102	191	40	48	0	1	1	2	-82	8230	4	1	1596	1478	81,81
1526383797.578163533	191	40	48	0	1	1	2	-82	8231	4	1	1596	1478	81,81
1526383797.589723021	191	40	48	0	1	1	2	-82	8233	4	1	1596	1478	81,81
1526383797.601031916	191	40	48	0	1	1	2	-81	8234	4	1	1596	1478	81,81
1526383797.618316204	267	40	48	0	1	1	2	-81	8237	3	1	1596	1478	54,54
1526383797.624744428	267	40	48	0	1	1	2	-81	8238	3	1	1596	1478	54,54
1526383797.636384150	267	40	48	0	1	1	2	-82	8239	3	1	1596	1478	54,54
1526383797.648076072	267	40	48	0	1	1	2	-82	8240	3	1	1596	1478	54,54
1526383797.659806877	267	40	48	0	1	1	2	-82	8241	3	1	1596	1478	54,54
1526383797.671649556	267	40	48	0	1	1	2	-81	8242	3	1	1596	1478	54,54
1526383797.683405672	267	40	48	0	1	1	2	-81	8243	3	1	1596	1478	54,54
1526383797.695145454	267	40	48	0	1	1	2	-81	8244	3	1	1596	1478	54,54
1526383797.707457717	267	40	48	0	1	1	2	-81	8246	3	1	1596	1478	54,54
1526383797.719773248	267	40	48	0	1	1	2	-81	8247	3	1	1596	1478	54,54
1526383797.730445748	267	40	48	0	1	1	2	-81	8248	3	1	1596	1478	54,54
1526383797.742202835	267	40	48	0	1	1	2	-80	8249	3	1	1596	1478	54,54
1526383797.754161517	267	40	48	0	1	1	2	-81	8250	3	1	1596	1478	54,54
1526383797.765737351	267	40	48	0	1	1	2	-81	8251	3	1	1596	1478	54,54
1526383797.777496867	267	40	48	0	1	1	2	-81	8252	3	1	1596	1478	54,54
1526383797.789251798	267	40	48	0	1	1	2	-81	8253	3	1	1596	1478	54,54
1526383797.801159415	267	40	48	0	1	1	2	-80	8254	3	1	1596	1478	54,54
1526383797.812770430	267	40	48	0	1	1	2	-81	8255	3	1	1596	1478	54,54
1526383797.824539237	267	40	48	0	1	1	2	-81	8256	3	1	1596	1478	54,54
1526383797.836281376	267	40	48	0	1	1	2	-81	8257	3	1	1596	1478	54,54
1526383797.847975515	267	40	48	0	1	1	2	-81	8258	3	1	1596	1478	54,54
1526383797.859810652	267	40	48	0	1	1	2	-81	8259	3	1	1596	1478	54,54
1526383797.871420189	191	40	48	0	1	1	2	-81	8260	4	1	1596	1478	81,81
1526383797.883259612	191	40	48	0	1	1	2	-81	8261	4	1	1596	1478	81,81
1526383797.897944860	267	40	48	0	1	1	2	-81	8266	3	1	1596	1478	54,54
1526383797.907091951	267	40	48	0	1	1	2	-81	8267	3	1	1596	1478	54,54
1526383797.918594390	267	40	48	0	1	1	2	-81	8268	3	1	1596	1478	54,54
1526383797.930378000	267	40	48	0	1	1	2	-81	8269	3	1	1596	1478	54,54
1526383797.942125336	267	40	48	0	1	1	2	-82	8270	3	1	1596	1478	54,54
1526383797.953833631	267	40	48	0	1	1	2	-81	8271	3	1	1596	1478	54,54
1526383797.965645367	267	40	48	0	1	1	2	-82	8272	3	1	1596	1478	54,54
1526383797.977409993	267	40	48	0	1	1	2	-80	8273	3	1	1596	1478	54,54
1526383797.989581689	267	40	48	0	1	1	2	-81	8274	3	1	1596	1478	54,54
1526383798.000855202	267	40	48	0	1	1	2	-81	8275	3	1	1596	1478	54,54
1526383798.012761888	267	40	48	0	1	1	2	-81	8276	3	1	1596	1478	54,54
1526383798.024462096	267	40	48	0	1	1	2	-81	8277	3	1	1596	1478	54,54
1526383798.036118823	267	40	48	0	1	1	2	-81	8278	3	1	1596	1478	54,54
1526383798.047975582	267	40	48	0	1	1	2	-81	8279	3	1	1596	1478	54,54
1526383798.059598245	267	40	48	0	1	1	2	-81	8280	3	1	1596	1478	54,54
1526383798.071270917	191	40	48	0	1	1	2	-81	8281	4	1	1596	1478	81,81
1526383798.083203489	191	40	48	0	1	1	2	-82	8282	4	1	1596	1478	81,81
1526383798.094858243	191	40	48	0	1	1	2	-81	8283	4	1	1596	1478	81,81
1526383798.109351546	267	40	48	0	1	1	2	-81	8285	3	1	1596	1478	54,54
1526383798.118532523	267	40	48	0	1	1	2	-82	8286	3	1	1596	1478	54,54
1526383798.130276310	267	40	48	0	1	1	2	-81	8287	3	1	1596	1478	54,54
1526383798.142075599	267	40	48	0	1	1	2	-82	8288	3	1	1596	1478	54,54
1526383798.153746658	267	40	48	0	1	1	2	-82	8289	3	1	1596	1478	54,54
1526383798.165565244	267	40	48	0	1	1	2	-82	8290	3	1	1596	1478	54,54
1526383798.177341843	267	40	48	0	1	1	2	-82	8291	3	1	1596	1478	54,54
1526383798.189090605	267	40	48	0	1	1	2	-82	8292	3	1	1596	1478	54,54
1526383798.200791058	191	40	48	0	1	1	2	-81	8293	4	1	1596	1478	81,81
1526383798.212564117	191	40	48	0	1	1	2	-82	8294	4	1	1596	1478	81,81
1526383798.224317533	191	40	48	0	1	1	2	-81	8295	4	1	1596	1478	81,81
1526383798.236059209	191	40	48	0	1	1	2	-82	8296	4	1	1596	1478	81,81
1526383798.247827098	191	40	48	0	1	1	2	-80	8297	4	1	1596	1478	81,81
1526383798.259929229	191	40	48	0	1	1	2	-81	8298	4	1	1596	1478	81,81
1526383798.271277209	191	40	48	0	1	1	2	-81	8299	4	1	1596	1478	81,81
1526383798.283106903	191	40	48	0	1	1	2	-81	8300	4	1	1596	1478	81,81
1526383798.295073901	191	40	48	0	1	1	2	-81	8301	4	1	1596	1478	81,81
1526383798.307067249	191	40	48	0	1	1	2	-81	8302	4	1	1596	1478	81,81
1526383798.318406010	191	40	48	0	1	1	2	-81	8303	4	1	1596	1478	81,81
1526383798.330144602	191	40	48	0	1	1	2	-81	8304	4	1	1596	1478	81,81
1526383798.341886208	191	40	48	0	1	1	2	-81	8305	4	1	1596	1478	81,81
1526383798.353672210	191	40	48	0	1	1	2	-81	8306	4	1	1596	1478	81,81
1526383798.365353262	191	40	48	0	1	1	2	-81	8307	4	1	1596	1478	81,81
1526383798.377175445	191	40	48	0	1	1	2	-82	8308	4	1	1596	1478	81,81
1526383798.388948678	191	40	48	0	1	1	2	-81	8309	4	1	1596	1478	81,81
1526383798.400702255	191	40	48	0	1	1	2	-81	8310	4	1	1596	1478	81,81
1526383798.412393153	191	40	48	0	1	1	2	-81	8311	4	1	1596	1478	81,81
1526383798.424728938	191	40	48	0	1	1	2	-81	8312	4	1	1596	1478	81,81
1526383798.435986970	191	40	48	0	1	1	2	-81	8313	4	1	1596	1478	81,81
1526383798.447748461	191	40	48	0	1	1	2	-81	8314	4	1	1596	1478	81,81
1526383798.459501113	191	40	48	0	1	1	2	-81	8315	4	1	1596	1478	81,81
1526383798.471251019	191	40	48	0	1	1	2	-82	8316	4	1	1596	1478	81,81
1526383798.483386721	191	40	48	0	1	1	2	-81	8317	4	1	1596	1478	81,81
1526383798.495043928	191	40	48	0	1	1	2	-80	8319	4	1	1596	1478	81,81
1526383798.507953663	191	40	48	0	1	1	2	-81	8323	4	1	1596	1478	81,81
1526383798.521525607	267	40	48	0	1	1	2	-81	8325	3	1	1596	1478	54,54
1526383798.530120192	267	40	48	0	1	1	2	-82	8326	3	1	1596	1478	54,54
1526383798.541899147	267	40	48	0	1	1	2	-81	8327	3	1	1596	1478	54,54
1526383798.553635323	267	40	48	0	1	1	2	-81	8328	3	1	1596	1478	54,54
1526383798.565270059	267	40	48	0	1	1	2	-81	8329	3	1	1596	1478	54,54
1526383798.577046344	267	40	48	0	1	1	2	-80	8330	3	1	1596	1478	54,54
1526383798.588842515	267	40	48	0	1	1	2	-80	8331	3	1	1596	1478	54,54
1526383798.600691630	267	40	48	0	1	1	2	-80	8332	3	1	1596	1478	54,54
1526383798.612397680	191	40	48	0	1	1	2	-79	8333	4	1	1596	1478	81,81
1526383798.624912126	191	40	48	0	1	1	2	-79	8334	4	1	1596	1478	81,81
1526383798.635903723	191	40	48	0	1	1	2	-79	8335	4	1	1596	1478	81,81
1526383798.648036071	191	40	48	0	1	1	2	-80	8336	4	1	1596	1478	81,81
1526383798.659431405	191	40	48	0	1	1	2	-79	8337	4	1	1596	1478	81,81
1526383798.671490567	191	40	48	0	1	1	2	-79	8338	4	1	1596	1478	81,81
1526383798.682932463	191	40	48	0	1	1	2	-79	8339	4	1	1596	1478	81,81
1526383798.694619460	191	40	48	0	1	1	2	-79	8340	4	1	1596	1478	81,81
1526383798.706440678	191	40	48	0	1	1	2	-80	8341	4	1	1596	1478	81,81
1526383798.718635848	191	40	48	0	1	1	2	-80	8342	4	1	1596	1478	81,81
1526383798.729995726	191	40	48	0	1	1	2	-81	8343	4	1	1596	1478	81,81
1526383798.741757144	191	40	48	0	1	1	2	-81	8344	4	1	1596	1478	81,81
1526383798.753431340	191	40	48	0	1	1	2	-81	8345	4	1	1596	1478	81,81
1526383798.765194425	191	40	48	0	1	1	2	-81	8346	4	1	1596	1478	81,81
1526383798.776880734	191	40	48	0	1	1	2	-82	8347	4	1	1596	1478	81,81
1526383798.788691502	191	40	48	0	1	1	2	-81	8348	4	1	1596	1478	81,81
1526383798.800547199	191	40	48	0	1	1	2	-82	8349	4	1	1596	1478	81,81
1526383798.812333283	191	40	48	0	1	1	2	-81	8350	4	1	1596	1478	81,81
1526383798.825368188	191	40	48	0	1	1	2	-81	8351	4	1	1596	1478	81,81
1526383798.835812433	191	40	48	0	1	1	2	-81	8352	4	1	1596	1478	81,81
1526383798.847581101	191	40	48	0	1	1	2	-81	8353	4	1	1596	1478	81,81
1526383798.859337282	191	40	48	0	1	1	2	-81	8354	4	1	1596	1478	81,81
1526383798.871001958	191	40	48	0	1	1	2	-81	8355	4	1	1596	1478	81,81
1526383798.882863460	191	40	48	0	1	1	2	-81	8356	4	1	1596	1478	81,81
1526383798.894945774	191	40	48	0	1	1	2	-83	8358	4	1	1596	1478	81,81
1526383798.906378271	191	40	48	0	1	1	2	-82	8359	4	1	1596	1478	81,81
1526383798.918121132	191	40	48	0	1	1	2	-82	8360	4	1	1596	1478	81,81
1526383798.929935264	191	40	48	0	1	1	2	-82	8361	4	1	1596	1478	81,81
1526383798.941667148	191	40	48	0	1	1	2	-81	8362	4	1	1596	1478	81,81
1526383798.953421099	191	40	48	0	1	1	2	-81	8363	4	1	1596	1478	81,81
1526383798.965206806	191	40	48	0	1	1	2	-81	8364	4	1	1596	1478	81,81
1526383798.976851204	191	40	48	0	1	1	2	-81	8365	4	1	1596	1478	81,81
1526383798.989123859	191	40	48	0	1	1	2	-81	8366	4	1	1596	1478	81,81
1526383799.000444346	191	40	48	0	1	1	2	-80	8367	4	1	1596	1478	81,81
1526383799.012337776	191	40	48	0	1	1	2	-81	8368	4	1	1596	1478	81,81
1526383799.023940558	191	40	48	0	1	1	2	-81	8369	4	1	1596	1478	81,81
1526383799.035712252	191	40	48	0	1	1	2	-81	8370	4	1	1596	1478	81,81
1526383799.047667513	191	40	48	0	1	1	2	-82	8371	4	1	1596	1478	81,81
1526383799.059241598	191	40	48	0	1	1	2	-81	8372	4	1	1596	1478	81,81
1526383799.071009177	191	40	48	0	1	1	2	-81	8373	4	1	1596	1478	81,81
1526383799.082677087	191	40	48	0	1	1	2	-81	8374	4	1	1596	1478	81,81
1526383799.094441699	191	40	48	0	1	1	2	-81	8375	4	1	1596	1478	81,81
1526383799.106287064	191	40	48	0	1	1	2	-81	8376	4	1	1596	1478	81,81
1526383799.117973611	191	40	48	0	1	1	2	-80	8377	4	1	1596	1478	81,81
1526383799.130052785	191	40	48	0	1	1	2	-80	8378	4	1	1596	1478	81,81
1526383799.150143738	191	40	48	0	1	1	2	-80	8379	4	1	1596	1478	81,81
1526383799.153339251	191	40	48	0	1	1	2	-80	8380	4	1	1596	1478	81,81
1526383799.165011821	191	40	48	0	1	1	2	-80	8381	4	1	1596	1478	81,81
1526383799.177197318	191	40	48	0	1	1	2	-81	8382	4	1	1596	1478	81,81
1526383799.189412935	191	40	48	0	1	1	2	-80	8383	4	1	1596	1478	81,81
1526383799.200364342	191	40	48	0	1	1	2	-80	8384	4	1	1596	1478	81,81
1526383799.212158513	191	40	48	0	1	1	2	-80	8385	4	1	1596	1478	81,81
1526383799.223902524	191	40	48	0	1	1	2	-80	8386	4	1	1596	1478	81,81
1526383799.236647490	191	40	48	0	1	1	2	-80	8388	4	1	1596	1478	81,81
1526383799.247418486	191	40	48	0	1	1	2	-81	8389	4	1	1596	1478	81,81
1526383799.259170495	191	40	48	0	1	1	2	-80	8390	4	1	1596	1478	81,81
1526383799.270947512	191	40	48	0	1	1	2	-80	8391	4	1	1596	1478	81,81
1526383799.282709899	191	40	48	0	1	1	2	-80	8392	4	1	1596	1478	81,81
1526383799.294463628	191	40	48	0	1	1	2	-81	8393	4	1	1596	1478	81,81
1526383799.306222597	191	40	48	0	1	1	2	-81	8394	4	1	1596	1478	81,81
1526383799.317918798	191	40	48	0	1	1	2	-81	8395	4	1	1596	1478	81,81
1526383799.329668032	191	40	48	0	1	1	2	-80	8396	4	1	1596	1478	81,81
1526383799.341847946	191	40	48	0	1	1	2	-80	8397	4	1	1596	1478	81,81
1526383799.353111695	191	40	48	0	1	1	2	-80	8398	4	1	1596	1478	81,81
1526383799.364782833	191	40	48	0	1	1	2	-79	8399	4	1	1596	1478	81,81
1526383799.376745696	191	40	48	0	1	1	2	-80	8400	4	1	1596	1478	81,81
1526383799.388563387	191	40	48	0	1	1	2	-80	8401	4	1	1596	1478	81,81
1526383799.400210036	191	40	48	0	1	1	2	-80	8402	4	1	1596	1478	81,81
1526383799.412059496	191	40	48	0	1	1	2	-80	8403	4	1	1596	1478	81,81
1526383799.423828685	191	40	48	0	1	1	2	-79	8404	4	1	1596	1478	81,81
1526383799.435488195	191	40	48	0	1	1	2	-80	8405	4	1	1596	1478	81,81
1526383799.447303287	191	40	48	0	1	1	2	-80	8406	4	1	1596	1478	81,81
1526383799.458979199	191	40	48	0	1	1	2	-80	8407	4	1	1596	1478	81,81
1526383799.470671052	191	40	48	0	1	1	2	-80	8408	4	1	1596	1478	81,81
1526383799.482458376	191	40	48	0	1	1	2	-80	8409	4	1	1596	1478	81,81
1526383799.494214855	191	40	48	0	1	1	2	-80	8410	4	1	1596	1478	81,81
1526383799.506552906	191	40	48	0	1	1	2	-80	8411	4	1	1596	1478	81,81
1526383799.517825751	191	40	48	0	1	1	2	-79	8412	4	1	1596	1478	81,81
1526383799.530366970	191	40	48	0	1	1	2	-80	8414	4	1	1596	1478	81,81
1526383799.542532594	191	40	48	0	1	1	2	-80	8415	4	1	1596	1478	81,81
1526383799.553602319	191	40	48	0	1	1	2	-80	8416	4	1	1596	1478	81,81
1526383799.564931678	191	40	48	0	1	1	2	-81	8417	4	1	1596	1478	81,81
1526383799.576681145	191	40	48	0	1	1	2	-80	8418	4	1	1596	1478	81,81
1526383799.588452871	191	40	48	0	1	1	2	-80	8419	4	1	1596	1478	81,81
1526383799.600053187	191	40	48	0	1	1	2	-80	8420	4	1	1596	1478	81,81
1526383799.611932180	191	40	48	0	1	1	2	-80	8421	4	1	1596	1478	81,81
1526383799.624095136	191	40	48	0	1	1	2	-80	8422	4	1	1596	1478	81,81
1526383799.635491234	191	40	48	0	1	1	2	-80	8423	4	1	1596	1478	81,81
1526383799.647285389	191	40	48	0	1	1	2	-80	8424	4	1	1596	1478	81,81
1526383799.659671804	191	40	48	0	1	1	2	-80	8425	4	1	1596	1478	81,81
1526383799.670753959	191	40	48	0	1	1	2	-80	8426	4	1	1596	1478	81,81
1526383799.684763943	191	40	48	0	1	1	2	-80	8427	4	1	1596	1478	81,81
1526383799.694178649	191	40	48	0	1	1	2	-80	8428	4	1	1596	1478	81,81
1526383799.706038460	191	40	48	0	1	1	2	-81	8429	4	1	1596	1478	81,81
1526383799.717814393	191	40	48	0	1	1	2	-80	8430	4	1	1596	1478	81,81
1526383799.729695209	191	40	48	0	1	1	2	-80	8431	4	1	1596	1478	81,81
1526383799.741337980	191	40	48	0	1	1	2	-80	8432	4	1	1596	1478	81,81
1526383799.753166681	191	40	48	0	1	1	2	-81	8434	4	1	1596	1478	81,81
1526383799.764854689	191	40	48	0	1	1	2	-81	8435	4	1	1596	1478	81,81
1526383799.776624781	191	40	48	0	1	1	2	-80	8436	4	1	1596	1478	81,81
1526383799.788294908	191	40	48	0	1	1	2	-80	8437	4	1	1596	1478	81,81
1526383799.800126909	191	40	48	0	1	1	2	-80	8438	4	1	1596	1478	81,81
1526383799.811904128	191	40	48	0	1	1	2	-81	8439	4	1	1596	1478	81,81
1526383799.824138068	191	40	48	0	1	1	2	-80	8440	4	1	1596	1478	81,81
1526383799.835396603	191	40	48	0	1	1	2	-81	8441	4	1	1596	1478	81,81
1526383799.847188046	191	40	48	0	1	1	2	-80	8442	4	1	1596	1478	81,81
1526383799.858949510	191	40	48	0	1	1	2	-80	8443	4	1	1596	1478	81,81
1526383799.871270930	191	40	48	0	1	1	2	-80	8444	4	1	1596	1478	81,81
1526383799.883773275	191	40	48	0	1	1	2	-81	8445	4	1	1596	1478	81,81
1526383799.894210266	191	40	48	0	1	1	2	-80	8446	4	1	1596	1478	81,81
1526383799.907376186	191	40	48	0	1	1	2	-80	8449	4	1	1596	1478	81,81
1526383799.917647845	191	40	48	0	1	1	2	-80	8450	4	1	1596	1478	81,81
1526383799.929506847	191	40	48	0	1	1	2	-80	8451	4	1	1596	1478	81,81
1526383799.941262545	191	40	48	0	1	1	2	-80	8452	4	1	1596	1478	81,81
1526383799.952972393	191	40	48	0	1	1	2	-80	8453	4	1	1596	1478	81,81
1526383799.965198830	191	40	48	0	1	1	2	-80	8454	4	1	1596	1478	81,81
1526383799.976473959	191	40	48	0	1	1	2	-80	8455	4	1	1596	1478	81,81
1526383799.988497234	191	40	48	0	1	1	2	-80	8456	4	1	1596	1478	81,81
1526383800.000078782	191	40	48	0	1	1	2	-79	8457	4	1	1596	1478	81,81
1526383800.012278932	191	40	48	0	1	1	2	-80	8458	4	1	1596	1478	81,81
1526383800.023587029	191	40	48	0	1	1	2	-80	8459	4	1	1596	1478	81,81
1526383800.035906223	191	40	48	0	1	1	2	-81	8460	4	1	1596	1478	81,81
1526383800.047107495	191	40	48	0	1	1	2	-80	8461	4	1	1596	1478	81,81
1526383800.058888527	191	40	48	0	1	1	2	-80	8462	4	1	1596	1478	81,81
1526383800.070616791	191	40	48	0	1	1	2	-80	8463	4	1	1596	1478	81,81
1526383800.082222863	191	40	48	0	1	1	2	-80	8464	4	1	1596	1478	81,81
1526383800.094000220	191	40	48	0	1	1	2	-80	8465	4	1	1596	1478	81,81
1526383800.105786686	191	40	48	0	1	1	2	-80	8466	4	1	1596	1478	81,81
1526383800.117399670	191	40	48	0	1	1	2	-80	8467	4	1	1596	1478	81,81
1526383800.129325371	191	40	48	0	1	1	2	-80	8468	4	1	1596	1478	81,81
1526383800.141093472	191	40	48	0	1	1	2	-80	8469	4	1	1596	1478	81,81
1526383800.152861766	191	40	48	0	1	1	2	-80	8470	4	1	1596	1478	81,81
1526383800.164663181	191	40	48	0	1	1	2	-80	8471	4	1	1596	1478	81,81
1526383800.176825034	191	40	48	0	1	1	2	-80	8472	4	1	1596	1478	81,81
1526383800.188139810	191	40	48	0	1	1	2	-80	8473	4	1	1596	1478	81,81
1526383800.199977695	191	40	48	0	1	1	2	-80	8474	4	1	1596	1478	81,81
1526383800.211761910	191	40	48	0	1	1	2	-81	8475	4	1	1596	1478	81,81
1526383800.223400321	191	40	48	0	1	1	2	-80	8476	4	1	1596	1478	81,81
1526383800.235187894	191	40	48	0	1	1	2	-81	8477	4	1	1596	1478	81,81
1526383800.247029725	191	40	48	0	1	1	2	-81	8478	4	1	1596	1478	81,81
1526383800.259292998	191	40	48	0	1	1	2	-80	8479	4	1	1596	1478	81,81
1526383800.270548546	191	40	48	0	1	1	2	-80	8480	4	1	1596	1478	81,81
1526383800.282300840	191	40	48	0	1	1	2	-81	8481	4	1	1596	1478	81,81
1526383800.294052535	191	40	48	0	1	1	2	-81	8482	4	1	1596	1478	81,81
1526383800.305818489	191	40	48	0	1	1	2	-81	8483	4	1	1596	1478	81,81
1526383800.317511161	191	40	48	0	1	1	2	-81	8484	4	1	1596	1478	81,81
1526383800.329280574	191	40	48	0	1	1	2	-81	8485	4	1	1596	1478	81,81
1526383800.341547155	191	40	48	0	1	1	2	-81	8486	4	1	1596	1478	81,81
1526383800.352761860	191	40	48	0	1	1	2	-81	8487	4	1	1596	1478	81,81
1526383800.364554820	191	40	48	0	1	1	2	-80	8488	4	1	1596	1478	81,81
1526383800.376366117	191	40	48	0	1	1	2	-81	8489	4	1	1596	1478	81,81
1526383800.388560393	191	40	48	0	1	1	2	-80	8490	4	1	1596	1478	81,81
1526383800.399934307	191	40	48	0	1	1	2	-80	8491	4	1	1596	1478	81,81
1526383800.411660417	191	40	48	0	1	1	2	-81	8492	4	1	1596	1478	81,81
1526383800.423417887	191	40	48	0	1	1	2	-81	8493	4	1	1596	1478	81,81
1526383800.435104803	191	40	48	0	1	1	2	-81	8494	4	1	1596	1478	81,81
1526383800.446737101	191	40	48	0	1	1	2	-81	8495	4	1	1596	1478	81,81
1526383800.458381420	191	40	48	0	1	1	2	-81	8496	4	1	1596	1478	81,81
1526383800.470412404	191	40	48	0	1	1	2	-81	8497	4	1	1596	1478	81,81
1526383800.482096219	191	40	48	0	1	1	2	-81	8498	4	1	1596	1478	81,81
1526383800.493928682	191	40	48	0	1	1	2	-81	8499	4	1	1596	1478	81,81
1526383800.506172342	191	40	48	0	1	1	2	-81	8500	4	1	1596	1478	81,81
1526383800.517486622	191	40	48	0	1	1	2	-81	8501	4	1	1596	1478	81,81
1526383800.529281089	191	40	48	0	1	1	2	-81	8502	4	1	1596	1478	81,81
1526383800.540947787	191	40	48	0	1	1	2	-82	8503	4	1	1596	1478	81,81
1526383800.552701654	191	40	48	0	1	1	2	-81	8504	4	1	1596	1478	81,81
1526383800.568087248	191	40	48	0	1	1	2	-81	8506	4	1	1596	1478	81,81
1526383800.576134231	191	40	48	0	1	1	2	-82	8507	4	1	1596	1478	81,81
1526383800.588059617	191	40	48	0	1	1	2	-82	8508	4	1	1596	1478	81,81
1526383800.599828573	191	40	48	0	1	1	2	-82	8509	4	1	1596	1478	81,81
1526383800.611508202	191	40	48	0	1	1	2	-81	8510	4	1	1596	1478	81,81
1526383800.623241612	191	40	48	0	1	1	2	-81	8511	4	1	1596	1478	81,81
1526383800.634913606	191	40	48	0	1	1	2	-81	8512	4	1	1596	1478	81,81
1526383800.646865878	191	40	48	0	1	1	2	-81	8513	4	1	1596	1478	81,81
1526383800.658603988	191	40	48	0	1	1	2	-81	8514	4	1	1596	1478	81,81
1526383800.670767123	191	40	48	0	1	1	2	-81	8515	4	1	1596	1478	81,81
1526383800.682033917	191	40	48	0	1	1	2	-82	8516	4	1	1596	1478	81,81
1526383800.693877285	191	40	48	0	1	1	2	-82	8517	4	1	1596	1478	81,81
1526383800.705673001	191	40	48	0	1	1	2	-82	8518	4	1	1596	1478	81,81
1526383800.717260999	191	40	48	0	1	1	2	-82	8519	4	1	1596	1478	81,81
1526383800.729056959	191	40	48	0	1	1	2	-82	8520	4	1	1596	1478	81,81
1526383800.740945767	191	40	48	0	1	1	2	-82	8521	4	1	1596	1478	81,81
1526383800.753009223	191	40	48	0	1	1	2	-82	8522	4	1	1596	1478	81,81
1526383800.764382564	191	40	48	0	1	1	2	-82	8523	4	1	1596	1478	81,81
1526383800.776240239	191	40	48	0	1	1	2	-82	8524	4	1	1596	1478	81,81
1526383800.787987579	191	40	48	0	1	1	2	-82	8525	4	1	1596	1478	81,81
1526383800.800092969	191	40	48	0	1	1	2	-82	8526	4	1	1596	1478	81,81
1526383800.811650963	191	40	48	0	1	1	2	-81	8527	4	1	1596	1478	81,81
1526383800.823239036	191	40	48	0	1	1	2	-81	8528	4	1	1596	1478	81,81
1526383800.835059064	191	40	48	0	1	1	2	-82	8529	4	1	1596	1478	81,81
1526383800.847252955	191	40	48	0	1	1	2	-81	8530	4	1	1596	1478	81,81
1526383800.858603075	191	40	48	0	1	1	2	-81	8531	4	1	1596	1478	81,81
1526383800.870268485	191	40	48	0	1	1	2	-81	8532	4	1	1596	1478	81,81
1526383800.882107813	191	40	48	0	1	1	2	-81	8533	4	1	1596	1478	81,81
1526383800.893868517	191	40	48	0	1	1	2	-80	8534	4	1	1596	1478	81,81
1526383800.905619623	191	40	48	0	1	1	2	-81	8535	4	1	1596	1478	81,81
1526383800.917197520	191	40	48	0	1	1	2	-81	8536	4	1	1596	1478	81,81
1526383800.929156932	191	40	48	0	1	1	2	-81	8537	4	1	1596	1478	81,81
1526383800.940928091	191	40	48	0	1	1	2	-81	8538	4	1	1596	1478	81,81
1526383800.952657533	191	40	48	0	1	1	2	-81	8539	4	1	1596	1478	81,81
1526383800.964419121	191	40	48	0	1	1	2	-81	8540	4	1	1596	1478	81,81
1526383800.976173532	191	40	48	0	1	1	2	-81	8541	4	1	1596	1478	81,81
1526383800.987927379	191	40	48	0	1	1	2	-81	8542	4	1	1596	1478	81,81
1526383800.999703086	191	40	48	0	1	1	2	-81	8543	4	1	1596	1478	81,81
1526383801.011906358	191	40	48	0	1	1	2	-81	8544	4	1	1596	1478	81,81
1526383801.023224994	191	40	48	0	1	1	2	-81	8545	4	1	1596	1478	81,81
1526383801.034863471	191	40	48	0	1	1	2	-80	8546	4	1	1596	1478	81,81
1526383801.046500185	191	40	48	0	1	1	2	-80	8547	4	1	1596	1478	81,81
1526383801.058436641	191	40	48	0	1	1	2	-80	8548	4	1	1596	1478	81,81
1526383801.070364908	191	40	48	0	1	1	2	-80	8549	4	1	1596	1478	81,81
1526383801.082010120	191	40	48	0	1	1	2	-80	8550	4	1	1596	1478	81,81
1526383801.093651704	191	40	48	0	1	1	2	-80	8551	4	1	1596	1478	81,81
1526383801.105500161	191	40	48	0	1	1	2	-80	8552	4	1	1596	1478	81,81
1526383801.117163797	191	40	48	0	1	1	2	-80	8553	4	1	1596	1478	81,81
1526383801.128905406	191	40	48	0	1	1	2	-80	8554	4	1	1596	1478	81,81
1526383801.140682466	191	40	48	0	1	1	2	-80	8555	4	1	1596	1478	81,81
1526383801.152546067	191	40	48	0	1	1	2	-81	8556	4	1	1596	1478	81,81
1526383801.164170109	191	40	48	0	1	1	2	-80	8557	4	1	1596	1478	81,81
1526383801.176422177	191	40	48	0	1	1	2	-81	8558	4	1	1596	1478	81,81
1526383801.187850993	191	40	48	0	1	1	2	-80	8559	4	1	1596	1478	81,81
1526383801.199573923	191	40	48	0	1	1	2	-80	8560	4	1	1596	1478	81,81
1526383801.211264310	191	40	48	0	1	1	2	-80	8561	4	1	1596	1478	81,81
1526383801.223569097	191	40	48	0	1	1	2	-80	8562	4	1	1596	1478	81,81
1526383801.234869931	191	40	48	0	1	1	2	-80	8563	4	1	1596	1478	81,81
1526383801.247806914	191	40	48	0	1	1	2	-80	8564	4	1	1596	1478	81,81
1526383801.258376219	191	40	48	0	1	1	2	-80	8565	4	1	1596	1478	81,81
1526383801.270130585	191	40	48	0	1	1	2	-80	8566	4	1	1596	1478	81,81
1526383801.284321616	191	40	48	0	1	1	2	-80	8567	4	1	1596	1478	81,81
1526383801.293596192	191	40	48	0	1	1	2	-80	8568	4	1	1596	1478	81,81
1526383801.305410076	191	40	48	0	1	1	2	-80	8569	4	1	1596	1478	81,81
1526383801.317183102	191	40	48	0	1	1	2	-81	8570	4	1	1596	1478	81,81
1526383801.328939140	191	40	48	0	1	1	2	-81	8571	4	1	1596	1478	81,81
1526383801.341124250	191	40	48	0	1	1	2	-80	8572	4	1	1596	1478	81,81
1526383801.352453622	191	40	48	0	1	1	2	-80	8573	4	1	1596	1478	81,81
1526383801.364090104	191	40	48	0	1	1	2	-80	8574	4	1	1596	1478	81,81
1526383801.375976363	191	40	48	0	1	1	2	-81	8575	4	1	1596	1478	81,81
1526383801.387759324	191	40	48	0	1	1	2	-80	8576	4	1	1596	1478	81,81
1526383801.399493523	191	40	48	0	1	1	2	-81	8577	4	1	1596	1478	81,81
1526383801.411196491	191	40	48	0	1	1	2	-80	8578	4	1	1596	1478	81,81
1526383801.422783953	191	40	48	0	1	1	2	-80	8579	4	1	1596	1478	81,81
1526383801.434515772	191	40	48	0	1	1	2	-81	8580	4	1	1596	1478	81,81
1526383801.446405816	191	40	48	0	1	1	2	-80	8581	4	1	1596	1478	81,81
1526383801.458169664	191	40	48	0	1	1	2	-80	8582	4	1	1596	1478	81,81
1526383801.470045834	191	40	48	0	1	1	2	-79	8584	4	1	1596	1478	81,81
1526383801.481675320	191	40	48	0	1	1	2	-80	8585	4	1	1596	1478	81,81
1526383801.493469598	191	40	48	0	1	1	2	-80	8586	4	1	1596	1478	81,81
1526383801.505687353	191	40	48	0	1	1	2	-79	8587	4	1	1596	1478	81,81
1526383801.516888045	191	40	48	0	1	1	2	-80	8588	4	1	1596	1478	81,81
1526383801.528737548	191	40	48	0	1	1	2	-80	8589	4	1	1596	1478	81,81
1526383801.540499846	191	40	48	0	1	1	2	-79	8590	4	1	1596	1478	81,81
1526383801.552256313	191	40	48	0	1	1	2	-80	8591	4	1	1596	1478	81,81
1526383801.563993658	191	40	48	0	1	1	2	-80	8592	4	1	1596	1478	81,81
1526383801.575863551	191	40	48	0	1	1	2	-80	8593	4	1	1596	1478	81,81
1526383801.587630507	191	40	48	0	1	1	2	-80	8594	4	1	1596	1478	81,81
1526383801.599425851	191	40	48	0	1	1	2	-80	8595	4	1	1596	1478	81,81
1526383801.611194965	191	40	48	0	1	1	2	-81	8596	4	1	1596	1478	81,81
1526383801.622945316	191	40	48	0	1	1	2	-81	8597	4	1	1596	1478	81,81
1526383801.635110493	191	40	48	0	1	1	2	-81	8598	4	1	1596	1478	81,81
1526383801.646436587	191	40	48	0	1	1	2	-80	8599	4	1	1596	1478	81,81
1526383801.658075835	191	40	48	0	1	1	2	-81	8600	4	1	1596	1478	81,81
1526383801.669856108	191	40	48	0	1	1	2	-80	8601	4	1	1596	1478	81,81
1526383801.682085876	191	40	48	0	1	1	2	-80	8602	4	1	1596	1478	81,81
1526383801.693527346	191	40	48	0	1	1	2	-80	8603	4	1	1596	1478	81,81
1526383801.705692912	191	40	48	0	1	1	2	-80	8604	4	1	1596	1478	81,81
1526383801.716909264	191	40	48	0	1	1	2	-80	8605	4	1	1596	1478	81,81
1526383801.728768459	191	40	48	0	1	1	2	-80	8606	4	1	1596	1478	81,81
1526383801.740505172	191	40	48	0	1	1	2	-80	8607	4	1	1596	1478	81,81
1526383801.752737872	191	40	48	0	1	1	2	-81	8608	4	1	1596	1478	81,81
1526383801.763983203	191	40	48	0	1	1	2	-80	8609	4	1	1596	1478	81,81
1526383801.775833569	191	40	48	0	1	1	2	-81	8610	4	1	1596	1478	81,81
1526383801.789433369	191	40	48	0	1	1	2	-81	8614	4	1	1596	1478	81,81
1526383801.799276954	191	40	48	0	1	1	2	-80	8615	4	1	1596	1478	81,81
1526383801.811115160	191	40	48	0	1	1	2	-81	8616	4	1	1596	1478	81,81
1526383801.822867283	191	40	48	0	1	1	2	-81	8617	4	1	1596	1478	81,81
1526383801.836700614	267	40	48	0	1	1	2	-81	8620	3	1	1596	1478	54,54
1526383801.846439239	267	40	48	0	1	1	2	-81	8621	3	1	1596	1478	54,54
1526383801.858206471	267	40	48	0	1	1	2	-81	8622	3	1	1596	1478	54,54
1526383801.869813201	267	40	48	0	1	1	2	-81	8623	3	1	1596	1478	54,54
1526383801.881735400	267	40	48	0	1	1	2	-81	8624	3	1	1596	1478	54,54
1526383801.893326740	267	40	48	0	1	1	2	-81	8625	3	1	1596	1478	54,54
1526383801.905277763	267	40	48	0	1	1	2	-80	8626	3	1	1596	1478	54,54
1526383801.916936044	267	40	48	0	1	1	2	-81	8627	3	1	1596	1478	54,54
1526383801.929311730	267	40	48	0	1	1	2	-80	8628	3	1	1596	1478	54,54
1526383801.940545326	267	40	48	0	1	1	2	-80	8629	3	1	1596	1478	54,54
1526383801.952280953	267	40	48	0	1	1	2	-80	8630	3	1	1596	1478	54,54
1526383801.964028813	267	40	48	0	1	1	2	-80	8631	3	1	1596	1478	54,54
1526383801.975978562	267	40	48	0	1	1	2	-80	8632	3	1	1596	1478	54,54
1526383801.987500042	267	40	48	0	1	1	2	-80	8633	3	1	1596	1478	54,54
1526383801.999682794	267	40	48	0	1	1	2	-81	8634	3	1	1596	1478	54,54
1526383802.011094268	267	40	48	0	1	1	2	-80	8635	3	1	1596	1478	54,54
1526383802.022847265	267	40	48	0	1	1	2	-81	8636	3	1	1596	1478	54,54
1526383802.034601728	267	40	48	0	1	1	2	-80	8637	3	1	1596	1478	54,54
1526383802.046282179	191	40	60	0	2	0	2	-81	8638	2	1	1596	1478	81,81
1526383802.058037486	191	40	60	0	2	0	2	-82	8639	2	1	1596	1478	81,81
1526383802.069813334	191	40	60	0	2	0	2	-81	8640	2	1	1596	1478	81,81
1526383802.082014456	191	40	60	0	2	0	2	-81	8642	2	1	1596	1478	81,81
1526383802.093229492	191	40	60	0	2	0	2	-82	8643	2	1	1596	1478	81,81
1526383802.105575254	191	40	60	0	2	0	2	-81	8644	2	1	1596	1478	81,81
1526383802.116854211	191	40	60	0	2	0	2	-81	8645	2	1	1596	1478	81,81
1526383802.128608532	191	40	60	0	2	0	2	-81	8646	2	1	1596	1478	81,81
1526383802.140381093	191	40	60	0	2	0	2	-82	8647	2	1	1596	1478	81,81
1526383802.152446661	191	40	60	0	2	0	2	-82	8648	2	1	1596	1478	81,81
1526383802.163754459	191	40	60	0	2	0	2	-82	8649	2	1	1596	1478	81,81
1526383802.175666456	191	40	60	0	2	0	2	-81	8650	2	1	1596	1478	81,81
1526383802.187419101	191	40	60	0	2	0	2	-82	8651	2	1	1596	1478	81,81
1526383802.198998091	191	40	60	0	2	0	2	-81	8652	2	1	1596	1478	81,81
1526383802.210940169	191	40	60	0	2	0	2	-83	8653	2	1	1596	1478	81,81
1526383802.222706286	191	40	60	0	2	0	2	-82	8654	2	1	1596	1478	81,81
1526383802.234460791	191	40	60	0	2	0	2	-82	8655	2	1	1596	1478	81,81
1526383802.246205494	191	40	60	0	2	0	2	-82	8656	2	1	1596	1478	81,81
1526383802.258004562	191	40	60	0	2	0	2	-82	8657	2	1	1596	1478	81,81
1526383802.270669905	191	40	60	0	2	0	2	-82	8659	2	1	1596	1478	81,81
1526383802.285164845	267	40	60	0	2	0	2	-81	8666	1	1	1596	1478	54,54
1526383802.293209717	267	40	60	0	2	0	2	-81	8667	1	1	1596	1478	54,54
1526383802.305089593	267	40	60	0	2	0	2	-82	8668	1	1	1596	1478	54,54
1526383802.319355601	267	40	60	0	2	0	2	-82	8669	1	1	1596	1478	54,54
1526383802.331175397	267	40	60	0	2	0	2	-82	8670	1	1	1596	1478	54,54
1526383802.340382497	267	40	60	0	2	0	2	-82	8671	1	1	1596	1478	54,54
1526383802.352053968	267	40	60	0	2	0	2	-82	8672	1	1	1596	1478	54,54
1526383802.363690878	267	40	60	0	2	0	2	-82	8673	1	1	1596	1478	54,54
1526383802.375615273	191	40	48	0	1	1	2	-80	8674	4	1	1596	1478	81,81
1526383802.387265300	191	40	48	0	1	1	2	-80	8675	4	1	1596	1478	81,81
1526383802.398858954	191	40	48	0	1	1	2	-79	8676	4	1	1596	1478	81,81
1526383802.411152237	191	40	48	0	1	1	2	-80	8677	4	1	1596	1478	81,81
1526383802.424728899	267	40	48	0	1	1	2	-79	8679	3	1	1596	1478	54,54
1526383802.434320605	267	40	48	0	1	1	2	-79	8680	3	1	1596	1478	54,54
1526383802.446077738	267	40	48	0	1	1	2	-80	8681	3	1	1596	1478	54,54
1526383802.457852529	267	40	48	0	1	1	2	-79	8682	3	1	1596	1478	54,54
1526383802.469604174	267	40	48	0	1	1	2	-79	8683	3	1	1596	1478	54,54
1526383802.481362385	267	40	48	0	1	1	2	-79	8684	3	1	1596	1478	54,54
1526383802.493640177	267	40	48	0	1	1	2	-79	8685	3	1	1596	1478	54,54
1526383802.504870653	267	40	48	0	1	1	2	-79	8686	3	1	1596	1478	54,54
1526383802.516624304	191	40	48	0	1	1	2	-79	8687	4	1	1596	1478	81,81
1526383802.528341951	191	40	48	0	1	1	2	-78	8688	4	1	1596	1478	81,81
1526383802.540094933	191	40	48	0	1	1	2	-79	8689	4	1	1596	1478	81,81
1526383802.551852961	191	40	48	0	1	1	2	-79	8690	4	1	1596	1478	81,81
1526383802.563601453	191	40	48	0	1	1	2	-79	8691	4	1	1596	1478	81,81
1526383802.575800492	191	40	48	0	1	1	2	-79	8692	4	1	1596	1478	81,81
1526383802.587135345	191	40	48	0	1	1	2	-79	8693	4	1	1596	1478	81,81
1526383802.598890760	191	40	48	0	1	1	2	-80	8694	4	1	1596	1478	81,81
1526383802.610684377	191	40	48	0	1	1	2	-80	8695	4	1	1596	1478	81,81
1526383802.622888987	191	40	48	0	1	1	2	-80	8696	4	1	1596	1478	81,81
1526383802.634162599	191	40	48	0	1	1	2	-80	8697	4	1	1596	1478	81,81
1526383802.645924472	191	40	48	0	1	1	2	-80	8698	4	1	1596	1478	81,81
1526383802.657668106	191	40	48	0	1	1	2	-81	8699	4	1	1596	1478	81,81
1526383802.669355454	191	40	48	0	1	1	2	-81	8700	4	1	1596	1478	81,81
1526383802.681065037	191	40	48	0	1	1	2	-81	8701	4	1	1596	1478	81,81
1526383802.692876643	191	40	48	0	1	1	2	-81	8702	4	1	1596	1478	81,81
1526383802.704739606	191	40	48	0	1	1	2	-81	8704	4	1	1596	1478	81,81
1526383802.717517304	191	40	48	0	1	1	2	-81	8705	4	1	1596	1478	81,81
1526383802.728249609	191	40	48	0	1	1	2	-81	8706	4	1	1596	1478	81,81
1526383802.740445336	191	40	48	0	1	1	2	-81	8707	4	1	1596	1478	81,81
1526383802.751765114	191	40	48	0	1	1	2	-81	8708	4	1	1596	1478	81,81
1526383802.763524704	191	40	48	0	1	1	2	-81	8709	4	1	1596	1478	81,81
1526383802.775282519	191	40	48	0	1	1	2	-82	8710	4	1	1596	1478	81,81
1526383802.787049782	191	40	48	0	1	1	2	-81	8711	4	1	1596	1478	81,81
1526383802.798797872	191	40	48	0	1	1	2	-81	8712	4	1	1596	1478	81,81
1526383802.814932087	191	40	48	0	1	1	2	-81	8713	4	1	1596	1478	81,81
1526383802.822460109	191	40	48	0	1	1	2	-81	8714	4	1	1596	1478	81,81
1526383802.834627966	191	40	48	0	1	1	2	-81	8715	4	1	1596	1478	81,81
1526383802.845963374	191	40	48	0	1	1	2	-81	8716	4	1	1596	1478	81,81
1526383802.857765363	191	40	48	0	1	1	2	-81	8717	4	1	1596	1478	81,81
1526383802.869425837	191	40	48	0	1	1	2	-81	8718	4	1	1596	1478	81,81
1526383802.881186445	191	40	48	0	1	1	2	-82	8719	4	1	1596	1478	81,81
1526383802.893032047	191	40	48	0	1	1	2	-81	8720	4	1	1596	1478	81,81
1526383802.905255950	191	40	48	0	1	1	2	-82	8721	4	1	1596	1478	81,81
1526383802.916634378	191	40	48	0	1	1	2	-82	8722	4	1	1596	1478	81,81
1526383802.928339843	191	40	48	0	1	1	2	-81	8723	4	1	1596	1478	81,81
1526383802.940055024	191	40	48	0	1	1	2	-81	8724	4	1	1596	1478	81,81
1526383802.951828714	191	40	48	0	1	1	2	-81	8725	4	1	1596	1478	81,81
1526383802.963579877	191	40	48	0	1	1	2	-81	8726	4	1	1596	1478	81,81
1526383802.975322019	191	40	48	0	1	1	2	-82	8727	4	1	1596	1478	81,81
1526383802.987082835	191	40	48	0	1	1	2	-82	8728	4	1	1596	1478	81,81
1526383802.998858949	191	40	48	0	1	1	2	-81	8729	4	1	1596	1478	81,81
1526383803.010619655	191	40	48	0	1	1	2	-80	8731	4	1	1596	1478	81,81
1526383803.024475449	191	40	48	0	1	1	2	-80	8733	4	1	1596	1478	81,81
1526383803.034135441	191	40	48	0	1	1	2	-81	8734	4	1	1596	1478	81,81
1526383803.045886833	191	40	48	0	1	1	2	-81	8735	4	1	1596	1478	81,81
1526383803.057518697	191	40	48	0	1	1	2	-81	8736	4	1	1596	1478	81,81
1526383803.069834980	191	40	48	0	1	1	2	-81	8737	4	1	1596	1478	81,81
1526383803.081174946	191	40	48	0	1	1	2	-81	8738	4	1	1596	1478	81,81
1526383803.092945677	191	40	48	0	1	1	2	-81	8739	4	1	1596	1478	81,81
1526383803.104703627	191	40	48	0	1	1	2	-81	8740	4	1	1596	1478	81,81
1526383803.116430082	191	40	48	0	1	1	2	-80	8741	4	1	1596	1478	81,81
1526383803.128480298	191	40	48	0	1	1	2	-81	8742	4	1	1596	1478	81,81
1526383803.139968501	191	40	48	0	1	1	2	-81	8743	4	1	1596	1478	81,81
1526383803.151728085	191	40	48	0	1	1	2	-81	8744	4	1	1596	1478	81,81
1526383803.163311344	191	40	48	0	1	1	2	-81	8745	4	1	1596	1478	81,81
1526383803.175134438	191	40	48	0	1	1	2	-81	8746	4	1	1596	1478	81,81
1526383803.186896045	191	40	48	0	1	1	2	-81	8747	4	1	1596	1478	81,81
1526383803.198681986	191	40	48	0	1	1	2	-80	8748	4	1	1596	1478	81,81
1526383803.210753607	191	40	48	0	1	1	2	-81	8749	4	1	1596	1478	81,81
1526383803.222287843	191	40	48	0	1	1	2	-80	8750	4	1	1596	1478	81,81
1526383803.234495768	191	40	48	0	1	1	2	-81	8751	4	1	1596	1478	81,81
1526383803.245809836	191	40	48	0	1	1	2	-80	8752	4	1	1596	1478	81,81
1526383803.257611987	191	40	48	0	1	1	2	-82	8753	4	1	1596	1478	81,81
1526383803.269261646	191	40	48	0	1	1	2	-80	8754	4	1	1596	1478	81,81
1526383803.281419783	191	40	48	0	1	1	2	-81	8755	4	1	1596	1478	81,81
1526383803.292849351	191	40	48	0	1	1	2	-81	8756	4	1	1596	1478	81,81
1526383803.310446950	191	40	48	0	1	1	2	-81	8757	4	1	1596	1478	81,81
1526383803.316365656	191	40	48	0	1	1	2	-81	8758	4	1	1596	1478	81,81
1526383803.328126884	191	40	48	0	1	1	2	-81	8759	4	1	1596	1478	81,81
1526383803.339932511	191	40	48	0	1	1	2	-81	8760	4	1	1596	1478	81,81
1526383803.351715375	191	40	48	0	1	1	2	-81	8761	4	1	1596	1478	81,81
1526383803.363372335	191	40	48	0	1	1	2	-81	8762	4	1	1596	1478	81,81
1526383803.375075080	191	40	48	0	1	1	2	-82	8763	4	1	1596	1478	81,81
1526383803.386842287	191	40	48	0	1	1	2	-82	8764	4	1	1596	1478	81,81
1526383803.399102799	191	40	48	0	1	1	2	-81	8765	4	1	1596	1478	81,81
1526383803.411049254	191	40	48	0	1	1	2	-82	8766	4	1	1596	1478	81,81
1526383803.422208524	191	40	48	0	1	1	2	-82	8767	4	1	1596	1478	81,81
1526383803.436474172	191	40	48	0	1	1	2	-82	8768	4	1	1596	1478	81,81
1526383803.445727117	191	40	48	0	1	1	2	-82	8769	4	1	1596	1478	81,81
1526383803.457506462	191	40	48	0	1	1	2	-84	8770	4	1	1596	1478	81,81
1526383803.469253476	191	40	48	0	1	1	2	-82	8771	4	1	1596	1478	81,81
1526383803.481008324	191	40	48	0	1	1	2	-82	8772	4	1	1596	1478	81,81
1526383803.492786388	191	40	48	0	1	1	2	-82	8773	4	1	1596	1478	81,81
1526383803.504543811	191	40	48	0	1	1	2	-83	8774	4	1	1596	1478	81,81
1526383803.516325600	191	40	48	0	1	1	2	-82	8775	4	1	1596	1478	81,81
1526383803.528065052	191	40	48	0	1	1	2	-83	8776	4	1	1596	1478	81,81
1526383803.539835887	191	40	48	0	1	1	2	-82	8777	4	1	1596	1478	81,81
1526383803.551580272	191	40	48	0	1	1	2	-82	8778	4	1	1596	1478	81,81
1526383803.563674952	191	40	48	0	1	1	2	-82	8779	4	1	1596	1478	81,81
1526383803.575089602	191	40	48	0	1	1	2	-83	8780	4	1	1596	1478	81,81
1526383803.586866969	191	40	48	0	1	1	2	-82	8781	4	1	1596	1478	81,81
1526383803.598621980	191	40	48	0	1	1	2	-82	8782	4	1	1596	1478	81,81
1526383803.610393417	191	40	48	0	1	1	2	-82	8783	4	1	1596	1478	81,81
1526383803.622151619	191	40	48	0	1	1	2	-83	8784	4	1	1596	1478	81,81
1526383803.633923156	191	40	48	0	1	1	2	-83	8785	4	1	1596	1478	81,81
1526383803.645675397	191	40	48	0	1	1	2	-82	8786	4	1	1596	1478	81,81
1526383803.657425844	191	40	48	0	1	1	2	-82	8787	4	1	1596	1478	81,81
1526383803.669174274	191	40	48	0	1	1	2	-82	8788	4	1	1596	1478	81,81
1526383803.680891861	191	40	48	0	1	1	2	-83	8789	4	1	1596	1478	81,81
1526383803.693037347	191	40	48	0	1	1	2	-83	8790	4	1	1596	1478	81,81
1526383803.704443200	191	40	48	0	1	1	2	-82	8791	4	1	1596	1478	81,81
1526383803.716215301	191	40	48	0	1	1	2	-83	8792	4	1	1596	1478	81,81
1526383803.727964855	191	40	48	0	1	1	2	-82	8793	4	1	1596	1478	81,81
1526383803.742548004	191	40	48	0	1	1	2	-82	8794	4	1	1596	1478	81,81
1526383803.751493960	191	40	48	0	1	1	2	-82	8795	4	1	1596	1478	81,81
1526383803.763142518	191	40	48	0	1	1	2	-82	8796	4	1	1596	1478	81,81
1526383803.774854779	191	40	48	0	1	1	2	-82	8797	4	1	1596	1478	81,81
1526383803.787200985	191	40	48	0	1	1	2	-82	8798	4	1	1596	1478	81,81
1526383803.798525641	191	40	48	0	1	1	2	-82	8799	4	1	1596	1478	81,81
1526383803.810261997	191	40	48	0	1	1	2	-82	8800	4	1	1596	1478	81,81
1526383803.822064259	191	40	48	0	1	1	2	-82	8801	4	1	1596	1478	81,81
1526383803.833830705	191	40	48	0	1	1	2	-82	8802	4	1	1596	1478	81,81
1526383803.845600839	191	40	48	0	1	1	2	-82	8803	4	1	1596	1478	81,81
1526383803.857289396	191	40	48	0	1	1	2	-82	8804	4	1	1596	1478	81,81
1526383803.869055412	191	40	48	0	1	1	2	-81	8805	4	1	1596	1478	81,81
1526383803.880864961	191	40	48	0	1	1	2	-81	8806	4	1	1596	1478	81,81
1526383803.892609990	191	40	48	0	1	1	2	-82	8807	4	1	1596	1478	81,81
1526383803.904372326	191	40	48	0	1	1	2	-82	8808	4	1	1596	1478	81,81
1526383803.916160934	191	40	48	0	1	1	2	-81	8809	4	1	1596	1478	81,81
1526383803.927840195	191	40	48	0	1	1	2	-82	8810	4	1	1596	1478	81,81
1526383803.939646643	191	40	48	0	1	1	2	-82	8811	4	1	1596	1478	81,81
1526383803.951876803	191	40	48	0	1	1	2	-81	8812	4	1	1596	1478	81,81
1526383803.963054352	191	40	48	0	1	1	2	-81	8813	4	1	1596	1478	81,81
1526383803.974918803	191	40	48	0	1	1	2	-82	8814	4	1	1596	1478	81,81
1526383803.986698964	191	40	48	0	1	1	2	-82	8815	4	1	1596	1478	81,81
1526383803.998461410	191	40	48	0	1	1	2	-83	8816	4	1	1596	1478	81,81
1526383804.010358536	191	40	48	0	1	1	2	-83	8817	4	1	1596	1478	81,81
1526383804.021981118	191	40	48	0	1	1	2	-82	8818	4	1	1596	1478	81,81
1526383804.033744771	191	40	48	0	1	1	2	-82	8819	4	1	1596	1478	81,81
1526383804.045506626	191	40	48	0	1	1	2	-82	8820	4	1	1596	1478	81,81
1526383804.057309924	191	40	48	0	1	1	2	-83	8821	4	1	1596	1478	81,81
1526383804.069023416	191	40	48	0	1	1	2	-82	8822	4	1	1596	1478	81,81
1526383804.080727052	191	40	48	0	1	1	2	-82	8823	4	1	1596	1478	81,81
1526383804.092543921	191	40	48	0	1	1	2	-82	8824	4	1	1596	1478	81,81
1526383804.104746080	191	40	48	0	1	1	2	-80	8825	4	1	1596	1478	81,81
1526383804.116048655	191	40	48	0	1	1	2	-81	8826	4	1	1596	1478	81,81
1526383804.127818706	191	40	48	0	1	1	2	-81	8827	4	1	1596	1478	81,81
1526383804.139600554	191	40	48	0	1	1	2	-80	8828	4	1	1596	1478	81,81
1526383804.151829076	191	40	48	0	1	1	2	-80	8829	4	1	1596	1478	81,81
1526383804.163036977	191	40	48	0	1	1	2	-81	8830	4	1	1596	1478	81,81
1526383804.175110797	191	40	48	0	1	1	2	-81	8831	4	1	1596	1478	81,81
1526383804.186645955	191	40	48	0	1	1	2	-81	8832	4	1	1596	1478	81,81
1526383804.198294950	191	40	48	0	1	1	2	-80	8833	4	1	1596	1478	81,81
1526383804.210034316	191	40	48	0	1	1	2	-82	8834	4	1	1596	1478	81,81
1526383804.221819494	191	40	48	0	1	1	2	-81	8835	4	1	1596	1478	81,81
1526383804.234427106	191	40	48	0	1	1	2	-81	8836	4	1	1596	1478	81,81
1526383804.245414283	191	40	48	0	1	1	2	-81	8837	4	1	1596	1478	81,81
1526383804.257094493	191	40	48	0	1	1	2	-81	8838	4	1	1596	1478	81,81
1526383804.268845088	191	40	48	0	1	1	2	-82	8839	4	1	1596	1478	81,81
1526383804.280689866	191	40	48	0	1	1	2	-80	8840	4	1	1596	1478	81,81
1526383804.292450012	191	40	48	0	1	1	2	-80	8841	4	1	1596	1478	81,81
1526383804.304202013	191	40	48	0	1	1	2	-80	8842	4	1	1596	1478	81,81
1526383804.316385888	191	40	48	0	1	1	2	-80	8843	4	1	1596	1478	81,81
1526383804.330732721	191	40	48	0	1	1	2	-80	8844	4	1	1596	1478	81,81
1526383804.339260500	191	40	48	0	1	1	2	-79	8845	4	1	1596	1478	81,81
1526383804.351149883	191	40	48	0	1	1	2	-80	8846	4	1	1596	1478	81,81
1526383804.362884635	191	40	48	0	1	1	2	-79	8847	4	1	1596	1478	81,81
1526383804.374735673	191	40	48	0	1	1	2	-79	8848	4	1	1596	1478	81,81
1526383804.386532863	191	40	48	0	1	1	2	-80	8849	4	1	1596	1478	81,81
1526383804.398286327	191	40	48	0	1	1	2	-80	8850	4	1	1596	1478	81,81
1526383804.410065502	191	40	48	0	1	1	2	-80	8851	4	1	1596	1478	81,81
1526383804.421825033	191	40	48	0	1	1	2	-81	8852	4	1	1596	1478	81,81
1526383804.433582247	191	40	48	0	1	1	2	-81	8853	4	1	1596	1478	81,81
1526383804.445325738	191	40	48	0	1	1	2	-80	8854	4	1	1596	1478	81,81
1526383804.459683796	191	40	48	0	1	1	2	-80	8855	4	1	1596	1478	81,81
1526383804.468875535	191	40	48	0	1	1	2	-81	8856	4	1	1596	1478	81,81
1526383804.480540470	191	40	48	0	1	1	2	-81	8857	4	1	1596	1478	81,81
1526383804.492364725	191	40	48	0	1	1	2	-81	8858	4	1	1596	1478	81,81
1526383804.504123920	191	40	48	0	1	1	2	-81	8859	4	1	1596	1478	81,81
1526383804.515906671	191	40	48	0	1	1	2	-81	8860	4	1	1596	1478	81,81
1526383804.527654261	191	40	48	0	1	1	2	-81	8861	4	1	1596	1478	81,81
1526383804.539422317	191	40	48	0	1	1	2	-81	8862	4	1	1596	1478	81,81
1526383804.551607187	191	40	48	0	1	1	2	-81	8863	4	1	1596	1478	81,81
1526383804.563566952	191	40	48	0	1	1	2	-81	8864	4	1	1596	1478	81,81
