1539873509.167033064	110	40	48	1	2	0	2	-61	29222	8	0	1596	1478	173,333,173,333
1539873509.178917977	110	40	48	1	2	0	2	-61	29223	8	0	1596	1478	173,333,173,333
1539873509.191101594	110	40	48	1	2	0	2	-61	29225	8	0	1596	1478	173,333,173,333
1539873509.202546890	110	40	48	1	2	0	2	-62	29226	8	0	1596	1478	173,333,173,333
1539873509.214315616	110	40	48	1	2	0	2	-61	29227	8	0	1596	1478	173,333,173,333
1539873509.226038673	110	40	48	1	2	0	2	-61	29228	8	0	1596	1478	173,333,173,333
1539873509.237712859	110	40	48	1	2	0	2	-61	29229	8	0	1596	1478	173,333,173,333
1539873509.249565022	110	40	48	1	2	0	2	-61	29230	8	0	1596	1478	173,333,173,333
1539873509.261354669	110	40	48	1	2	0	2	-61	29231	8	0	1596	1478	173,333,173,333
1539873509.273141550	110	40	48	1	2	0	2	-61	29232	8	0	1596	1478	173,333,173,333
1539873509.285706875	110	40	48	1	2	0	2	-61	29233	8	0	1596	1478	173,333,173,333
1539873509.296679081	110	40	48	1	2	0	2	-61	29234	8	0	1596	1478	173,333,173,333
1539873509.308391806	110	40	48	1	2	0	2	-61	29235	8	0	1596	1478	173,333,173,333
1539873509.320211327	110	40	48	1	2	0	2	-61	29236	8	0	1596	1478	173,333,173,333
1539873509.331885442	110	40	48	1	2	0	2	-61	29237	8	0	1596	1478	173,333,173,333
1539873509.343691874	110	40	48	1	2	0	2	-60	29238	8	0	1596	1478	173,333,173,333
1539873509.355464331	110	40	48	1	2	0	2	-60	29239	8	0	1596	1478	173,333,173,333
1539873509.367098211	110	40	48	1	2	0	2	-60	29240	8	0	1596	1478	173,333,173,333
1539873509.380315816	124	40	48	1	2	0	2	-58	29243	7	0	1596	1478	144,444,144,444
1539873509.390615785	124	40	48	1	2	0	2	-58	29244	7	0	1596	1478	144,444,144,444
1539873509.402370799	124	40	48	1	2	0	2	-57	29245	7	0	1596	1478	144,444,144,444
1539873509.414120246	124	40	48	1	2	0	2	-57	29246	7	0	1596	1478	144,444,144,444
1539873509.425870843	124	40	48	1	2	0	2	-57	29247	7	0	1596	1478	144,444,144,444
1539873509.437640379	124	40	48	1	2	0	2	-57	29248	7	0	1596	1478	144,444,144,444
1539873509.449414007	124	40	48	1	2	0	2	-57	29249	7	0	1596	1478	144,444,144,444
1539873509.461168282	124	40	48	1	2	0	2	-58	29250	7	0	1596	1478	144,444,144,444
1539873509.473318468	124	40	48	1	2	0	2	-58	29251	7	0	1596	1478	144,444,144,444
1539873509.484668871	124	40	48	1	2	0	2	-58	29252	7	0	1596	1478	144,444,144,444
1539873509.496453321	124	40	48	1	2	0	2	-58	29253	7	0	1596	1478	144,444,144,444
1539873509.508209560	124	40	48	1	2	0	2	-58	29254	7	0	1596	1478	144,444,144,444
1539873509.519958751	124	40	48	1	2	0	2	-59	29255	7	0	1596	1478	144,444,144,444
1539873509.531721980	124	40	48	1	2	0	2	-58	29256	7	0	1596	1478	144,444,144,444
1539873509.543497449	124	40	48	1	2	0	2	-59	29257	7	0	1596	1478	144,444,144,444
1539873509.555238331	124	40	48	1	2	0	2	-59	29258	7	0	1596	1478	144,444,144,444
1539873509.567013526	124	40	48	1	2	0	2	-59	29259	7	0	1596	1478	144,444,144,444
1539873509.578760741	124	40	48	1	2	0	2	-59	29260	7	0	1596	1478	144,444,144,444
1539873509.590512239	124	40	48	1	2	0	2	-60	29261	7	0	1596	1478	144,444,144,444
1539873509.602262331	124	40	48	1	2	0	2	-60	29262	7	0	1596	1478	144,444,144,444
1539873509.614044368	124	40	48	1	2	0	2	-60	29263	7	0	1596	1478	144,444,144,444
1539873509.625800384	124	40	48	1	2	0	2	-60	29264	7	0	1596	1478	144,444,144,444
1539873509.637558004	118	40	48	0	2	0	2	-63	29265	8	0	1596	1478	156,156
1539873509.649325845	124	40	48	1	2	0	2	-59	29266	7	0	1596	1478	144,444,144,444
1539873509.661091758	124	40	48	1	2	0	2	-59	29267	7	0	1596	1478	144,444,144,444
1539873509.672850254	124	40	48	1	2	0	2	-59	29268	7	0	1596	1478	144,444,144,444
1539873509.684608375	124	40	48	1	2	0	2	-59	29269	7	0	1596	1478	144,444,144,444
1539873509.696365309	118	40	48	0	2	0	2	-61	29270	8	0	1596	1478	156,156
1539873509.708119220	118	40	48	0	2	0	2	-61	29271	8	0	1596	1478	156,156
1539873509.719901239	118	40	48	0	2	0	2	-60	29272	8	0	1596	1478	156,156
1539873509.731634016	118	40	48	0	2	0	2	-60	29273	8	0	1596	1478	156,156
1539873509.743382726	110	40	48	1	2	0	2	-60	29274	8	0	1596	1478	173,333,173,333
1539873509.755153448	110	40	48	1	2	0	2	-60	29275	8	0	1596	1478	173,333,173,333
1539873509.768743637	124	40	48	1	2	0	2	-56	29276	7	0	1596	1478	144,444,144,444
1539873509.778608507	124	40	48	1	2	0	2	-56	29277	7	0	1596	1478	144,444,144,444
1539873509.790524734	124	40	48	1	2	0	2	-57	29278	7	0	1596	1478	144,444,144,444
1539873509.802329851	124	40	48	1	2	0	2	-56	29279	7	0	1596	1478	144,444,144,444
1539873509.814103780	124	40	48	1	2	0	2	-57	29280	7	0	1596	1478	144,444,144,444
1539873509.825891658	124	40	48	1	2	0	2	-56	29281	7	0	1596	1478	144,444,144,444
1539873509.837678754	124	40	48	1	2	0	2	-56	29282	7	0	1596	1478	144,444,144,444
1539873509.849322555	124	40	48	1	2	0	2	-57	29283	7	0	1596	1478	144,444,144,444
1539873509.861165488	118	40	48	0	2	0	2	-61	29284	8	0	1596	1478	156,156
1539873509.872918912	124	40	48	1	2	0	2	-58	29285	7	0	1596	1478	144,444,144,444
1539873509.884638862	124	40	48	1	2	0	2	-57	29286	7	0	1596	1478	144,444,144,444
1539873509.896480152	124	40	48	1	2	0	2	-56	29287	7	0	1596	1478	144,444,144,444
1539873509.908223944	124	40	48	1	2	0	2	-55	29288	7	0	1596	1478	144,444,144,444
1539873509.919928393	118	40	48	0	2	0	2	-59	29289	8	0	1596	1478	156,156
1539873509.931697446	124	40	48	1	2	0	2	-56	29290	7	0	1596	1478	144,444,144,444
1539873509.943471068	124	40	48	1	2	0	2	-57	29291	7	0	1596	1478	144,444,144,444
1539873509.955218073	124	40	48	1	2	0	2	-57	29292	7	0	1596	1478	144,444,144,444
1539873509.966994652	124	40	48	1	2	0	2	-57	29293	7	0	1596	1478	144,444,144,444
1539873509.978721335	118	40	48	0	2	0	2	-60	29294	8	0	1596	1478	156,156
1539873509.990543068	118	40	48	0	2	0	2	-60	29295	8	0	1596	1478	156,156
1539873510.002508542	118	40	48	0	2	0	2	-62	29296	8	0	1596	1478	156,156
1539873510.014006949	118	40	48	0	2	0	2	-61	29297	8	0	1596	1478	156,156
1539873510.025776984	110	40	48	1	2	0	2	-61	29298	8	0	1596	1478	173,333,173,333
1539873510.037548197	110	40	48	1	2	0	2	-60	29299	8	0	1596	1478	173,333,173,333
1539873510.049318398	110	40	48	1	2	0	2	-60	29300	8	0	1596	1478	173,333,173,333
1539873510.061102477	110	40	48	1	2	0	2	-62	29301	8	0	1596	1478	173,333,173,333
1539873510.072845401	110	40	48	1	2	0	2	-62	29302	8	0	1596	1478	173,333,173,333
1539873510.084509025	110	40	48	1	2	0	2	-62	29303	8	0	1596	1478	173,333,173,333
1539873510.096326525	110	40	48	1	2	0	2	-62	29304	8	0	1596	1478	173,333,173,333
1539873510.108097434	110	40	48	1	2	0	2	-63	29305	8	0	1596	1478	173,333,173,333
1539873510.119853320	110	40	48	1	2	0	2	-64	29306	8	0	1596	1478	173,333,173,333
1539873510.131615731	110	40	48	1	2	0	2	-63	29307	8	0	1596	1478	173,333,173,333
1539873510.143387479	110	40	48	1	2	0	2	-63	29308	8	0	1596	1478	173,333,173,333
1539873510.155157902	110	40	48	1	2	0	2	-63	29309	8	0	1596	1478	173,333,173,333
1539873510.166865578	110	40	48	1	2	0	2	-63	29310	8	0	1596	1478	173,333,173,333
1539873510.178648692	110	40	48	1	2	0	2	-63	29311	8	0	1596	1478	173,333,173,333
1539873510.190409034	110	40	48	1	2	0	2	-63	29312	8	0	1596	1478	173,333,173,333
1539873510.202204024	110	40	48	1	2	0	2	-62	29313	8	0	1596	1478	173,333,173,333
1539873510.213903466	110	40	48	1	2	0	2	-62	29314	8	0	1596	1478	173,333,173,333
1539873510.225730906	110	40	48	1	2	0	2	-62	29315	8	0	1596	1478	173,333,173,333
1539873510.237313399	110	40	48	1	2	0	2	-63	29316	8	0	1596	1478	173,333,173,333
1539873510.249180964	110	40	48	1	2	0	2	-63	29317	8	0	1596	1478	173,333,173,333
1539873510.260980281	110	40	48	1	2	0	2	-63	29318	8	0	1596	1478	173,333,173,333
1539873510.272757943	110	40	48	1	2	0	2	-62	29319	8	0	1596	1478	173,333,173,333
1539873510.284503094	110	40	48	1	2	0	2	-62	29320	8	0	1596	1478	173,333,173,333
1539873510.296279653	110	40	48	1	2	0	2	-61	29321	8	0	1596	1478	173,333,173,333
1539873510.308056471	110	40	48	1	2	0	2	-61	29322	8	0	1596	1478	173,333,173,333
1539873510.319725148	110	40	48	1	2	0	2	-62	29323	8	0	1596	1478	173,333,173,333
1539873510.331388482	110	40	48	1	2	0	2	-63	29324	8	0	1596	1478	173,333,173,333
1539873510.343152283	110	40	48	1	2	0	2	-63	29325	8	0	1596	1478	173,333,173,333
1539873510.354845535	110	40	48	1	2	0	2	-63	29326	8	0	1596	1478	173,333,173,333
1539873510.366609644	110	40	48	1	2	0	2	-62	29327	8	0	1596	1478	173,333,173,333
1539873510.378423125	110	40	48	1	2	0	2	-62	29328	8	0	1596	1478	173,333,173,333
1539873510.390182601	110	40	48	1	2	0	2	-62	29329	8	0	1596	1478	173,333,173,333
1539873510.402082300	110	40	48	1	2	0	2	-62	29330	8	0	1596	1478	173,333,173,333
1539873510.413805040	110	40	48	1	2	0	2	-62	29331	8	0	1596	1478	173,333,173,333
1539873510.425643461	110	40	48	1	2	0	2	-62	29332	8	0	1596	1478	173,333,173,333
1539873510.437413399	110	40	48	1	2	0	2	-63	29333	8	0	1596	1478	173,333,173,333
1539873510.449049034	110	40	48	1	2	0	2	-62	29334	8	0	1596	1478	173,333,173,333
1539873510.460928531	110	40	48	1	2	0	2	-61	29335	8	0	1596	1478	173,333,173,333
1539873510.472624228	110	40	48	1	2	0	2	-61	29336	8	0	1596	1478	173,333,173,333
1539873510.484418798	110	40	48	1	2	0	2	-62	29337	8	0	1596	1478	173,333,173,333
1539873510.496157349	110	40	48	1	2	0	2	-61	29338	8	0	1596	1478	173,333,173,333
1539873510.507895972	110	40	48	1	2	0	2	-61	29339	8	0	1596	1478	173,333,173,333
1539873510.519704806	110	40	48	1	2	0	2	-61	29340	8	0	1596	1478	173,333,173,333
1539873510.531480176	110	40	48	1	2	0	2	-61	29341	8	0	1596	1478	173,333,173,333
1539873510.543270061	110	40	48	1	2	0	2	-61	29342	8	0	1596	1478	173,333,173,333
1539873510.554935626	110	40	48	1	2	0	2	-61	29343	8	0	1596	1478	173,333,173,333
1539873510.566721399	110	40	48	1	2	0	2	-61	29344	8	0	1596	1478	173,333,173,333
1539873510.578493003	110	40	48	1	2	0	2	-62	29345	8	0	1596	1478	173,333,173,333
1539873510.590271686	110	40	48	1	2	0	2	-63	29346	8	0	1596	1478	173,333,173,333
1539873510.602072892	110	40	48	1	2	0	2	-62	29347	8	0	1596	1478	173,333,173,333
1539873510.613816358	110	40	48	1	2	0	2	-62	29348	8	0	1596	1478	173,333,173,333
1539873510.625567562	110	40	48	1	2	0	2	-61	29349	8	0	1596	1478	173,333,173,333
1539873510.637275875	110	40	48	1	2	0	2	-61	29350	8	0	1596	1478	173,333,173,333
1539873510.649011395	110	40	48	1	2	0	2	-61	29351	8	0	1596	1478	173,333,173,333
1539873510.660852561	110	40	48	1	2	0	2	-62	29352	8	0	1596	1478	173,333,173,333
1539873510.672599697	110	40	48	1	2	0	2	-63	29353	8	0	1596	1478	173,333,173,333
1539873510.684343991	110	40	48	1	2	0	2	-62	29354	8	0	1596	1478	173,333,173,333
1539873510.696111322	110	40	48	1	2	0	2	-63	29355	8	0	1596	1478	173,333,173,333
1539873510.707829489	110	40	48	1	2	0	2	-64	29356	8	0	1596	1478	173,333,173,333
1539873510.719538806	110	40	48	1	2	0	2	-64	29357	8	0	1596	1478	173,333,173,333
1539873510.731364255	110	40	48	1	2	0	2	-63	29358	8	0	1596	1478	173,333,173,333
1539873510.743142275	110	40	48	1	2	0	2	-63	29359	8	0	1596	1478	173,333,173,333
1539873510.754753761	110	40	48	1	2	0	2	-64	29360	8	0	1596	1478	173,333,173,333
1539873510.766636270	110	40	48	1	2	0	2	-65	29361	8	0	1596	1478	173,333,173,333
1539873510.778448988	110	40	48	1	2	0	2	-66	29362	8	0	1596	1478	173,333,173,333
1539873510.790054399	110	40	48	1	2	0	2	-66	29363	8	0	1596	1478	173,333,173,333
1539873510.801907309	110	40	48	1	2	0	2	-67	29364	8	0	1596	1478	173,333,173,333
1539873510.813686478	110	40	48	1	2	0	2	-66	29365	8	0	1596	1478	173,333,173,333
1539873510.825463131	110	40	48	1	2	0	2	-66	29366	8	0	1596	1478	173,333,173,333
1539873510.837239100	110	40	48	1	2	0	2	-65	29367	8	0	1596	1478	173,333,173,333
1539873510.848971684	110	40	48	1	2	0	2	-64	29368	8	0	1596	1478	173,333,173,333
1539873510.860740296	110	40	48	1	2	0	2	-65	29369	8	0	1596	1478	173,333,173,333
1539873510.872428640	110	40	48	1	2	0	2	-66	29370	8	0	1596	1478	173,333,173,333
1539873510.884239362	110	40	48	1	2	0	2	-67	29371	8	0	1596	1478	173,333,173,333
1539873510.895991396	110	40	48	1	2	0	2	-67	29372	8	0	1596	1478	173,333,173,333
1539873510.907746426	110	40	48	1	2	0	2	-66	29373	8	0	1596	1478	173,333,173,333
1539873510.919552691	110	40	48	1	2	0	2	-67	29374	8	0	1596	1478	173,333,173,333
1539873510.931324555	110	40	48	1	2	0	2	-66	29375	8	0	1596	1478	173,333,173,333
1539873510.943090741	110	40	48	1	2	0	2	-65	29376	8	0	1596	1478	173,333,173,333
1539873510.954779339	110	40	48	1	2	0	2	-66	29377	8	0	1596	1478	173,333,173,333
1539873510.966473240	110	40	48	1	2	0	2	-64	29378	8	0	1596	1478	173,333,173,333
1539873510.978198715	110	40	48	1	2	0	2	-65	29379	8	0	1596	1478	173,333,173,333
1539873510.989956605	110	40	48	1	2	0	2	-63	29380	8	0	1596	1478	173,333,173,333
1539873511.001735484	110	40	48	1	2	0	2	-64	29381	8	0	1596	1478	173,333,173,333
1539873511.013495978	110	40	48	1	2	0	2	-65	29382	8	0	1596	1478	173,333,173,333
1539873511.025331490	110	40	48	1	2	0	2	-64	29383	8	0	1596	1478	173,333,173,333
1539873511.037098595	110	40	48	1	2	0	2	-65	29384	8	0	1596	1478	173,333,173,333
1539873511.048875746	110	40	48	1	2	0	2	-65	29385	8	0	1596	1478	173,333,173,333
1539873511.060665815	110	40	48	1	2	0	2	-66	29386	8	0	1596	1478	173,333,173,333
1539873511.072431710	110	40	48	1	2	0	2	-66	29387	8	0	1596	1478	173,333,173,333
1539873511.084137687	110	40	48	1	2	0	2	-66	29388	8	0	1596	1478	173,333,173,333
1539873511.096740242	110	40	48	1	2	0	2	-65	29391	8	0	1596	1478	173,333,173,333
1539873511.107912504	110	40	48	1	2	0	2	-66	29393	8	0	1596	1478	173,333,173,333
1539873511.120942390	124	40	48	1	2	0	2	-62	29394	7	0	1596	1478	144,444,144,444
1539873511.131222191	124	40	48	1	2	0	2	-61	29395	7	0	1596	1478	144,444,144,444
1539873511.143011190	124	40	48	1	2	0	2	-64	29396	7	0	1596	1478	144,444,144,444
1539873511.154764562	124	40	48	1	2	0	2	-62	29397	7	0	1596	1478	144,444,144,444
1539873511.166542899	124	40	48	1	2	0	2	-62	29398	7	0	1596	1478	144,444,144,444
1539873511.178304334	124	40	48	1	2	0	2	-63	29399	7	0	1596	1478	144,444,144,444
1539873511.189975932	124	40	48	1	2	0	2	-62	29400	7	0	1596	1478	144,444,144,444
1539873511.201783677	124	40	48	1	2	0	2	-62	29401	7	0	1596	1478	144,444,144,444
1539873511.213924878	124	40	48	1	2	0	2	-63	29402	7	0	1596	1478	144,444,144,444
1539873511.225316085	124	40	48	1	2	0	2	-62	29403	7	0	1596	1478	144,444,144,444
1539873511.237069797	124	40	48	1	2	0	2	-62	29404	7	0	1596	1478	144,444,144,444
1539873511.248858577	124	40	48	1	2	0	2	-63	29405	7	0	1596	1478	144,444,144,444
1539873511.260623274	124	40	48	1	2	0	2	-62	29406	7	0	1596	1478	144,444,144,444
1539873511.272308507	124	40	48	1	2	0	2	-62	29407	7	0	1596	1478	144,444,144,444
1539873511.284097632	124	40	48	1	2	0	2	-63	29408	7	0	1596	1478	144,444,144,444
1539873511.295876275	124	40	48	1	2	0	2	-63	29409	7	0	1596	1478	144,444,144,444
1539873511.307500649	124	40	48	1	2	0	2	-63	29410	7	0	1596	1478	144,444,144,444
1539873511.319269081	124	40	48	1	2	0	2	-64	29411	7	0	1596	1478	144,444,144,444
1539873511.331019967	124	40	48	1	2	0	2	-64	29412	7	0	1596	1478	144,444,144,444
1539873511.342691723	124	40	48	1	2	0	2	-63	29413	7	0	1596	1478	144,444,144,444
1539873511.354528927	124	40	48	1	2	0	2	-63	29414	7	0	1596	1478	144,444,144,444
1539873511.366280713	124	40	48	1	2	0	2	-64	29415	7	0	1596	1478	144,444,144,444
1539873511.378036444	118	40	48	0	2	0	2	-68	29416	8	0	1596	1478	156,156
1539873511.389805359	124	40	48	1	2	0	2	-66	29417	7	0	1596	1478	144,444,144,444
1539873511.401571608	124	40	48	1	2	0	2	-65	29418	7	0	1596	1478	144,444,144,444
1539873511.413307436	124	40	48	1	2	0	2	-65	29419	7	0	1596	1478	144,444,144,444
1539873511.425077609	124	40	48	1	2	0	2	-66	29420	7	0	1596	1478	144,444,144,444
1539873511.436853280	118	40	48	0	2	0	2	-69	29421	8	0	1596	1478	156,156
1539873511.448595352	118	40	48	0	2	0	2	-69	29422	8	0	1596	1478	156,156
1539873511.461832136	124	40	48	1	2	0	2	-65	29426	7	0	1596	1478	144,444,144,444
1539873511.472131767	124	40	48	1	2	0	2	-66	29427	7	0	1596	1478	144,444,144,444
1539873511.483874247	124	40	48	1	2	0	2	-67	29428	7	0	1596	1478	144,444,144,444
1539873511.495612208	124	40	48	1	2	0	2	-67	29429	7	0	1596	1478	144,444,144,444
1539873511.507409359	124	40	48	1	2	0	2	-66	29430	7	0	1596	1478	144,444,144,444
1539873511.519156249	124	40	48	1	2	0	2	-65	29431	7	0	1596	1478	144,444,144,444
1539873511.530936774	124	40	48	1	2	0	2	-65	29432	7	0	1596	1478	144,444,144,444
1539873511.542703207	124	40	48	1	2	0	2	-65	29433	7	0	1596	1478	144,444,144,444
1539873511.554626554	124	40	48	1	2	0	2	-65	29434	7	0	1596	1478	144,444,144,444
1539873511.566216932	124	40	48	1	2	0	2	-65	29435	7	0	1596	1478	144,444,144,444
1539873511.577940751	124	40	48	1	2	0	2	-65	29436	7	0	1596	1478	144,444,144,444
1539873511.589716501	124	40	48	1	2	0	2	-66	29437	7	0	1596	1478	144,444,144,444
1539873511.601493750	124	40	48	1	2	0	2	-65	29438	7	0	1596	1478	144,444,144,444
1539873511.613415615	124	40	48	1	2	0	2	-64	29439	7	0	1596	1478	144,444,144,444
1539873511.625178301	124	40	48	1	2	0	2	-65	29440	7	0	1596	1478	144,444,144,444
1539873511.637299890	124	40	48	1	2	0	2	-65	29441	7	0	1596	1478	144,444,144,444
1539873511.648650579	124	40	48	1	2	0	2	-64	29442	7	0	1596	1478	144,444,144,444
1539873511.660431108	124	40	48	1	2	0	2	-65	29443	7	0	1596	1478	144,444,144,444
1539873511.672180922	124	40	48	1	2	0	2	-65	29444	7	0	1596	1478	144,444,144,444
1539873511.683975571	124	40	48	1	2	0	2	-64	29445	7	0	1596	1478	144,444,144,444
1539873511.695731190	124	40	48	1	2	0	2	-65	29446	7	0	1596	1478	144,444,144,444
1539873511.707497097	124	40	48	1	2	0	2	-65	29447	7	0	1596	1478	144,444,144,444
1539873511.719107997	124	40	48	1	2	0	2	-64	29448	7	0	1596	1478	144,444,144,444
1539873511.730980787	124	40	48	1	2	0	2	-65	29449	7	0	1596	1478	144,444,144,444
1539873511.743288682	124	40	48	1	2	0	2	-65	29450	7	0	1596	1478	144,444,144,444
1539873511.754517418	124	40	48	1	2	0	2	-65	29451	7	0	1596	1478	144,444,144,444
1539873511.766277251	124	40	48	1	2	0	2	-65	29452	7	0	1596	1478	144,444,144,444
1539873511.778041720	124	40	48	1	2	0	2	-65	29453	7	0	1596	1478	144,444,144,444
1539873511.789830454	124	40	48	1	2	0	2	-65	29454	7	0	1596	1478	144,444,144,444
1539873511.801508507	118	40	48	0	2	0	2	-68	29455	8	0	1596	1478	156,156
1539873511.815049719	144	40	48	0	2	0	2	-64	29459	6	0	1596	1478	117,117
1539873511.825093413	144	40	48	0	2	0	2	-64	29460	6	0	1596	1478	117,117
1539873511.836886072	144	40	48	0	2	0	2	-65	29461	6	0	1596	1478	117,117
1539873511.848636406	144	40	48	0	2	0	2	-65	29462	6	0	1596	1478	117,117
1539873511.860396114	144	40	48	0	2	0	2	-65	29463	6	0	1596	1478	117,117
1539873511.872113634	144	40	48	0	2	0	2	-66	29464	6	0	1596	1478	117,117
1539873511.883854418	144	40	48	0	2	0	2	-65	29465	6	0	1596	1478	117,117
1539873511.895641252	144	40	48	0	2	0	2	-65	29466	6	0	1596	1478	117,117
1539873511.907839071	144	40	48	0	2	0	2	-64	29467	6	0	1596	1478	117,117
1539873511.919174422	144	40	48	0	2	0	2	-64	29468	6	0	1596	1478	117,117
1539873511.930920705	144	40	48	0	2	0	2	-65	29469	6	0	1596	1478	117,117
1539873511.942700596	144	40	48	0	2	0	2	-65	29470	6	0	1596	1478	117,117
1539873511.954413708	144	40	48	0	2	0	2	-65	29471	6	0	1596	1478	117,117
1539873511.966229169	144	40	48	0	2	0	2	-65	29472	6	0	1596	1478	117,117
1539873511.977960378	144	40	48	0	2	0	2	-65	29473	6	0	1596	1478	117,117
1539873511.989672439	144	40	48	0	2	0	2	-66	29474	6	0	1596	1478	117,117
1539873512.001422464	144	40	48	0	2	0	2	-66	29475	6	0	1596	1478	117,117
1539873512.013285905	144	40	48	0	2	0	2	-64	29476	6	0	1596	1478	117,117
1539873512.025017497	144	40	48	0	2	0	2	-64	29477	6	0	1596	1478	117,117
1539873512.036731070	144	40	48	0	2	0	2	-63	29478	6	0	1596	1478	117,117
1539873512.048529358	144	40	48	0	2	0	2	-63	29479	6	0	1596	1478	117,117
1539873512.060266675	144	40	48	0	2	0	2	-63	29480	6	0	1596	1478	117,117
1539873512.071985593	134	40	48	0	2	0	2	-63	29481	7	0	1596	1478	130,130
1539873512.083770619	144	40	48	0	2	0	2	-63	29482	6	0	1596	1478	117,117
1539873512.095602881	144	40	48	0	2	0	2	-63	29483	6	0	1596	1478	117,117
1539873512.107366131	144	40	48	0	2	0	2	-62	29484	6	0	1596	1478	117,117
1539873512.119060065	144	40	48	0	2	0	2	-61	29485	6	0	1596	1478	117,117
1539873512.130764866	134	40	48	0	2	0	2	-61	29486	7	0	1596	1478	130,130
1539873512.142617021	144	40	48	0	2	0	2	-63	29487	6	0	1596	1478	117,117
1539873512.154378717	144	40	48	0	2	0	2	-62	29488	6	0	1596	1478	117,117
1539873512.166155180	144	40	48	0	2	0	2	-63	29489	6	0	1596	1478	117,117
1539873512.177922240	144	40	48	0	2	0	2	-63	29490	6	0	1596	1478	117,117
1539873512.189512729	134	40	48	0	2	0	2	-63	29491	7	0	1596	1478	130,130
1539873512.201275262	144	40	48	0	2	0	2	-64	29492	6	0	1596	1478	117,117
1539873512.213157150	144	40	48	0	2	0	2	-64	29493	6	0	1596	1478	117,117
1539873512.224947645	144	40	48	0	2	0	2	-63	29494	6	0	1596	1478	117,117
1539873512.236697279	144	40	48	0	2	0	2	-63	29495	6	0	1596	1478	117,117
1539873512.248465533	134	40	48	0	2	0	2	-62	29496	7	0	1596	1478	130,130
1539873512.260237658	124	40	48	1	2	0	2	-63	29497	7	0	1596	1478	144,444,144,444
1539873512.271831660	124	40	48	1	2	0	2	-63	29498	7	0	1596	1478	144,444,144,444
1539873512.283596154	124	40	48	1	2	0	2	-63	29499	7	0	1596	1478	144,444,144,444
1539873512.295359974	124	40	48	1	2	0	2	-63	29500	7	0	1596	1478	144,444,144,444
1539873512.307031148	118	40	48	0	2	0	2	-66	29501	8	0	1596	1478	156,156
1539873512.318783093	124	40	48	1	2	0	2	-63	29502	7	0	1596	1478	144,444,144,444
1539873512.330606634	124	40	48	1	2	0	2	-61	29503	7	0	1596	1478	144,444,144,444
1539873512.342365333	124	40	48	1	2	0	2	-63	29504	7	0	1596	1478	144,444,144,444
1539873512.354136813	124	40	48	1	2	0	2	-63	29505	7	0	1596	1478	144,444,144,444
1539873512.365875897	118	40	48	0	2	0	2	-66	29506	8	0	1596	1478	156,156
1539873512.379087862	124	40	48	1	2	0	2	-63	29507	7	0	1596	1478	144,444,144,444
1539873512.389409642	124	40	48	1	2	0	2	-62	29508	7	0	1596	1478	144,444,144,444
1539873512.401162663	124	40	48	1	2	0	2	-62	29509	7	0	1596	1478	144,444,144,444
1539873512.412932742	124	40	48	1	2	0	2	-63	29510	7	0	1596	1478	144,444,144,444
1539873512.424677420	124	40	48	1	2	0	2	-62	29511	7	0	1596	1478	144,444,144,444
1539873512.436444941	124	40	48	1	2	0	2	-63	29512	7	0	1596	1478	144,444,144,444
1539873512.448213037	124	40	48	1	2	0	2	-62	29513	7	0	1596	1478	144,444,144,444
1539873512.460196448	124	40	48	1	2	0	2	-61	29514	7	0	1596	1478	144,444,144,444
1539873512.471743167	118	40	48	0	2	0	2	-65	29515	8	0	1596	1478	156,156
1539873512.483463858	124	40	48	1	2	0	2	-62	29516	7	0	1596	1478	144,444,144,444
1539873512.495248664	124	40	48	1	2	0	2	-63	29517	7	0	1596	1478	144,444,144,444
1539873512.507003778	124	40	48	1	2	0	2	-63	29518	7	0	1596	1478	144,444,144,444
1539873512.518753982	124	40	48	1	2	0	2	-61	29519	7	0	1596	1478	144,444,144,444
1539873512.530517366	118	40	48	0	2	0	2	-65	29520	8	0	1596	1478	156,156
1539873512.542271840	118	40	48	0	2	0	2	-64	29521	8	0	1596	1478	156,156
1539873512.554057010	118	40	48	0	2	0	2	-66	29522	8	0	1596	1478	156,156
1539873512.565805415	118	40	48	0	2	0	2	-66	29523	8	0	1596	1478	156,156
1539873512.577552738	110	40	48	1	2	0	2	-67	29524	8	0	1596	1478	173,333,173,333
1539873512.589335765	110	40	48	1	2	0	2	-66	29525	8	0	1596	1478	173,333,173,333
1539873512.600944973	110	40	48	1	2	0	2	-64	29527	8	0	1596	1478	173,333,173,333
1539873512.612824030	110	40	48	1	2	0	2	-64	29528	8	0	1596	1478	173,333,173,333
1539873512.624594605	110	40	48	1	2	0	2	-63	29529	8	0	1596	1478	173,333,173,333
1539873512.636359089	110	40	48	1	2	0	2	-64	29530	8	0	1596	1478	173,333,173,333
1539873512.648120598	110	40	48	1	2	0	2	-65	29531	8	0	1596	1478	173,333,173,333
1539873512.659857094	110	40	48	1	2	0	2	-65	29532	8	0	1596	1478	173,333,173,333
1539873512.671608288	110	40	48	1	2	0	2	-65	29533	8	0	1596	1478	173,333,173,333
1539873512.683372443	110	40	48	1	2	0	2	-64	29534	8	0	1596	1478	173,333,173,333
1539873512.695145462	110	40	48	1	2	0	2	-64	29535	8	0	1596	1478	173,333,173,333
1539873512.706915409	110	40	48	1	2	0	2	-64	29536	8	0	1596	1478	173,333,173,333
1539873512.718662587	110	40	48	1	2	0	2	-64	29537	8	0	1596	1478	173,333,173,333
1539873512.730444753	110	40	48	1	2	0	2	-64	29538	8	0	1596	1478	173,333,173,333
1539873512.742200551	110	40	48	1	2	0	2	-63	29539	8	0	1596	1478	173,333,173,333
1539873512.753952592	110	40	48	1	2	0	2	-64	29540	8	0	1596	1478	173,333,173,333
1539873512.765794981	110	40	48	1	2	0	2	-65	29541	8	0	1596	1478	173,333,173,333
1539873512.777569856	110	40	48	1	2	0	2	-64	29542	8	0	1596	1478	173,333,173,333
1539873512.789241890	110	40	48	1	2	0	2	-64	29543	8	0	1596	1478	173,333,173,333
1539873512.801018909	110	40	48	1	2	0	2	-64	29544	8	0	1596	1478	173,333,173,333
1539873512.812918094	110	40	48	1	2	0	2	-64	29546	8	0	1596	1478	173,333,173,333
1539873512.824619516	110	40	48	1	2	0	2	-63	29547	8	0	1596	1478	173,333,173,333
1539873512.836413942	110	40	48	1	2	0	2	-64	29548	8	0	1596	1478	173,333,173,333
1539873512.848180205	110	40	48	1	2	0	2	-65	29549	8	0	1596	1478	173,333,173,333
1539873512.859953886	110	40	48	1	2	0	2	-65	29550	8	0	1596	1478	173,333,173,333
1539873512.871664531	110	40	48	1	2	0	2	-64	29551	8	0	1596	1478	173,333,173,333
1539873512.883456147	110	40	48	1	2	0	2	-65	29552	8	0	1596	1478	173,333,173,333
1539873512.895223301	110	40	48	1	2	0	2	-66	29553	8	0	1596	1478	173,333,173,333
1539873512.906992382	110	40	48	1	2	0	2	-66	29554	8	0	1596	1478	173,333,173,333
1539873512.918762312	110	40	48	1	2	0	2	-66	29555	8	0	1596	1478	173,333,173,333
1539873512.930511681	110	40	48	1	2	0	2	-65	29556	8	0	1596	1478	173,333,173,333
1539873512.942117061	110	40	48	1	2	0	2	-64	29557	8	0	1596	1478	173,333,173,333
1539873512.953959035	110	40	48	1	2	0	2	-64	29558	8	0	1596	1478	173,333,173,333
1539873512.965768536	110	40	48	1	2	0	2	-64	29559	8	0	1596	1478	173,333,173,333
1539873512.977513867	110	40	48	1	2	0	2	-64	29560	8	0	1596	1478	173,333,173,333
1539873512.989292748	110	40	48	1	2	0	2	-64	29561	8	0	1596	1478	173,333,173,333
1539873513.000948193	110	40	48	1	2	0	2	-64	29562	8	0	1596	1478	173,333,173,333
1539873513.012685150	110	40	48	1	2	0	2	-65	29563	8	0	1596	1478	173,333,173,333
1539873513.024426447	110	40	48	1	2	0	2	-66	29564	8	0	1596	1478	173,333,173,333
1539873513.036673908	110	40	48	1	2	0	2	-66	29566	8	0	1596	1478	173,333,173,333
1539873513.048078225	110	40	48	1	2	0	2	-66	29567	8	0	1596	1478	173,333,173,333
1539873513.059883645	110	40	48	1	2	0	2	-65	29568	8	0	1596	1478	173,333,173,333
1539873513.072058380	110	40	48	1	2	0	2	-65	29569	8	0	1596	1478	173,333,173,333
1539873513.084722016	124	40	48	1	2	0	2	-62	29570	7	0	1596	1478	144,444,144,444
1539873513.095178700	124	40	48	1	2	0	2	-63	29571	7	0	1596	1478	144,444,144,444
1539873513.106791263	124	40	48	1	2	0	2	-62	29572	7	0	1596	1478	144,444,144,444
1539873513.118652426	124	40	48	1	2	0	2	-61	29573	7	0	1596	1478	144,444,144,444
1539873513.130433284	124	40	48	1	2	0	2	-62	29574	7	0	1596	1478	144,444,144,444
1539873513.142207630	124	40	48	1	2	0	2	-63	29575	7	0	1596	1478	144,444,144,444
1539873513.153965030	124	40	48	1	2	0	2	-63	29576	7	0	1596	1478	144,444,144,444
1539873513.166093790	124	40	48	1	2	0	2	-62	29578	7	0	1596	1478	144,444,144,444
1539873513.177760007	124	40	48	1	2	0	2	-62	29579	7	0	1596	1478	144,444,144,444
1539873513.189935101	124	40	48	1	2	0	2	-64	29582	7	0	1596	1478	144,444,144,444
1539873513.210727797	197	40	48	0	2	0	2	-62	29583	4	0	1596	1478	78,78
1539873513.212814266	197	40	48	0	2	0	2	-62	29584	4	0	1596	1478	78,78
1539873513.224591276	197	40	48	0	2	0	2	-62	29585	4	0	1596	1478	78,78
1539873513.236364549	197	40	48	0	2	0	2	-62	29586	4	0	1596	1478	78,78
1539873513.248122684	197	40	48	0	2	0	2	-63	29587	4	0	1596	1478	78,78
1539873513.259723814	197	40	48	0	2	0	2	-62	29588	4	0	1596	1478	78,78
1539873513.271467028	197	40	48	0	2	0	2	-61	29589	4	0	1596	1478	78,78
1539873513.283244572	197	40	48	0	2	0	2	-61	29590	4	0	1596	1478	78,78
1539873513.295256748	197	40	48	0	2	0	2	-61	29591	4	0	1596	1478	78,78
1539873513.306767135	197	40	48	0	2	0	2	-62	29592	4	0	1596	1478	78,78
1539873513.318521270	197	40	48	0	2	0	2	-62	29593	4	0	1596	1478	78,78
1539873513.330251500	197	40	48	0	2	0	2	-62	29594	4	0	1596	1478	78,78
1539873513.341996352	158	40	48	0	2	0	2	-62	29595	5	0	1596	1478	104,104
1539873513.353759845	158	40	48	0	2	0	2	-62	29596	5	0	1596	1478	104,104
1539873513.365517542	158	40	48	0	2	0	2	-61	29597	5	0	1596	1478	104,104
1539873513.377285440	158	40	48	0	2	0	2	-61	29598	5	0	1596	1478	104,104
1539873513.389027864	158	40	48	0	2	0	2	-61	29599	5	0	1596	1478	104,104
1539873513.400895721	144	40	48	0	2	0	2	-60	29600	6	0	1596	1478	117,117
1539873513.412671432	144	40	48	0	2	0	2	-60	29601	6	0	1596	1478	117,117
1539873513.424443204	144	40	48	0	2	0	2	-59	29602	6	0	1596	1478	117,117
1539873513.436238782	144	40	48	0	2	0	2	-60	29603	6	0	1596	1478	117,117
1539873513.447992394	144	40	48	0	2	0	2	-61	29604	6	0	1596	1478	117,117
1539873513.459721618	134	40	48	0	2	0	2	-61	29605	7	0	1596	1478	130,130
1539873513.471501478	144	40	48	0	2	0	2	-60	29606	6	0	1596	1478	117,117
1539873513.483126727	144	40	48	0	2	0	2	-61	29607	6	0	1596	1478	117,117
1539873513.494983984	144	40	48	0	2	0	2	-60	29608	6	0	1596	1478	117,117
1539873513.506759308	144	40	48	0	2	0	2	-61	29609	6	0	1596	1478	117,117
1539873513.518529915	134	40	48	0	2	0	2	-62	29610	7	0	1596	1478	130,130
1539873513.530305591	144	40	48	0	2	0	2	-62	29611	6	0	1596	1478	117,117
1539873513.542084605	144	40	48	0	2	0	2	-61	29612	6	0	1596	1478	117,117
1539873513.553868319	144	40	48	0	2	0	2	-61	29613	6	0	1596	1478	117,117
1539873513.565494827	144	40	48	0	2	0	2	-61	29614	6	0	1596	1478	117,117
1539873513.577188749	134	40	48	0	2	0	2	-63	29615	7	0	1596	1478	130,130
1539873513.589072360	144	40	48	0	2	0	2	-63	29616	6	0	1596	1478	117,117
1539873513.600863064	144	40	48	0	2	0	2	-63	29617	6	0	1596	1478	117,117
1539873513.612636320	144	40	48	0	2	0	2	-63	29618	6	0	1596	1478	117,117
1539873513.624374839	144	40	48	0	2	0	2	-64	29619	6	0	1596	1478	117,117
1539873513.636129827	134	40	48	0	2	0	2	-63	29620	7	0	1596	1478	130,130
1539873513.647826261	124	40	48	1	2	0	2	-63	29621	7	0	1596	1478	144,444,144,444
1539873513.659594040	124	40	48	1	2	0	2	-63	29622	7	0	1596	1478	144,444,144,444
1539873513.671371151	124	40	48	1	2	0	2	-63	29623	7	0	1596	1478	144,444,144,444
1539873513.683147061	124	40	48	1	2	0	2	-62	29624	7	0	1596	1478	144,444,144,444
1539873513.694899327	118	40	48	0	2	0	2	-66	29625	8	0	1596	1478	156,156
1539873513.706673054	118	40	48	0	2	0	2	-65	29626	8	0	1596	1478	156,156
1539873513.718434911	118	40	48	0	2	0	2	-65	29627	8	0	1596	1478	156,156
1539873513.730159762	118	40	48	0	2	0	2	-66	29628	8	0	1596	1478	156,156
1539873513.741911487	118	40	48	0	2	0	2	-66	29629	8	0	1596	1478	156,156
1539873513.753676685	110	40	48	1	2	0	2	-66	29630	8	0	1596	1478	173,333,173,333
1539873513.765450624	110	40	48	1	2	0	2	-67	29631	8	0	1596	1478	173,333,173,333
1539873513.777190361	110	40	48	1	2	0	2	-66	29632	8	0	1596	1478	173,333,173,333
1539873513.788986162	110	40	48	1	2	0	2	-66	29633	8	0	1596	1478	173,333,173,333
1539873513.800660032	110	40	48	1	2	0	2	-66	29634	8	0	1596	1478	173,333,173,333
1539873513.812451265	110	40	48	1	2	0	2	-67	29635	8	0	1596	1478	173,333,173,333
1539873513.824240837	110	40	48	1	2	0	2	-67	29636	8	0	1596	1478	173,333,173,333
1539873513.836094675	110	40	48	1	2	0	2	-66	29637	8	0	1596	1478	173,333,173,333
1539873513.847882253	110	40	48	1	2	0	2	-66	29638	8	0	1596	1478	173,333,173,333
1539873513.859647879	110	40	48	1	2	0	2	-65	29639	8	0	1596	1478	173,333,173,333
1539873513.871424517	110	40	48	1	2	0	2	-66	29640	8	0	1596	1478	173,333,173,333
1539873513.883092734	110	40	48	1	2	0	2	-64	29641	8	0	1596	1478	173,333,173,333
1539873513.894892851	110	40	48	1	2	0	2	-64	29642	8	0	1596	1478	173,333,173,333
1539873513.906676149	110	40	48	1	2	0	2	-66	29643	8	0	1596	1478	173,333,173,333
1539873513.918430620	110	40	48	1	2	0	2	-66	29644	8	0	1596	1478	173,333,173,333
1539873513.930094853	110	40	48	1	2	0	2	-66	29645	8	0	1596	1478	173,333,173,333
1539873513.941875945	110	40	48	1	2	0	2	-66	29646	8	0	1596	1478	173,333,173,333
1539873513.953643604	110	40	48	1	2	0	2	-65	29647	8	0	1596	1478	173,333,173,333
1539873513.965410596	110	40	48	1	2	0	2	-65	29648	8	0	1596	1478	173,333,173,333
1539873513.977091251	110	40	48	1	2	0	2	-65	29649	8	0	1596	1478	173,333,173,333
1539873513.988743946	110	40	48	1	2	0	2	-66	29650	8	0	1596	1478	173,333,173,333
1539873514.000609746	110	40	48	1	2	0	2	-66	29651	8	0	1596	1478	173,333,173,333
1539873514.012411222	110	40	48	1	2	0	2	-65	29652	8	0	1596	1478	173,333,173,333
1539873514.024180105	110	40	48	1	2	0	2	-65	29653	8	0	1596	1478	173,333,173,333
1539873514.035943837	110	40	48	1	2	0	2	-67	29654	8	0	1596	1478	173,333,173,333
1539873514.047750201	110	40	48	1	2	0	2	-66	29655	8	0	1596	1478	173,333,173,333
1539873514.059540872	110	40	48	1	2	0	2	-65	29656	8	0	1596	1478	173,333,173,333
1539873514.071323306	110	40	48	1	2	0	2	-65	29657	8	0	1596	1478	173,333,173,333
1539873514.082916757	110	40	48	1	2	0	2	-65	29658	8	0	1596	1478	173,333,173,333
1539873514.094763663	110	40	48	1	2	0	2	-65	29659	8	0	1596	1478	173,333,173,333
1539873514.106521064	110	40	48	1	2	0	2	-65	29660	8	0	1596	1478	173,333,173,333
1539873514.118150325	110	40	48	1	2	0	2	-65	29661	8	0	1596	1478	173,333,173,333
1539873514.129960020	110	40	48	1	2	0	2	-65	29662	8	0	1596	1478	173,333,173,333
1539873514.141787307	110	40	48	1	2	0	2	-64	29663	8	0	1596	1478	173,333,173,333
1539873514.153544941	110	40	48	1	2	0	2	-65	29664	8	0	1596	1478	173,333,173,333
1539873514.165312439	110	40	48	1	2	0	2	-65	29665	8	0	1596	1478	173,333,173,333
1539873514.177083784	110	40	48	1	2	0	2	-65	29666	8	0	1596	1478	173,333,173,333
1539873514.188860816	110	40	48	1	2	0	2	-65	29667	8	0	1596	1478	173,333,173,333
1539873514.200992498	110	40	48	1	2	0	2	-65	29668	8	0	1596	1478	173,333,173,333
1539873514.212310551	110	40	48	1	2	0	2	-65	29669	8	0	1596	1478	173,333,173,333
1539873514.223969978	110	40	48	1	2	0	2	-65	29670	8	0	1596	1478	173,333,173,333
1539873514.235709191	110	40	48	1	2	0	2	-63	29671	8	0	1596	1478	173,333,173,333
1539873514.247478628	110	40	48	1	2	0	2	-64	29672	8	0	1596	1478	173,333,173,333
1539873514.259221436	110	40	48	1	2	0	2	-64	29673	8	0	1596	1478	173,333,173,333
1539873514.270989586	110	40	48	1	2	0	2	-63	29674	8	0	1596	1478	173,333,173,333
1539873514.282753335	110	40	48	1	2	0	2	-63	29675	8	0	1596	1478	173,333,173,333
1539873514.294487367	110	40	48	1	2	0	2	-64	29676	8	0	1596	1478	173,333,173,333
1539873514.306236792	110	40	48	1	2	0	2	-63	29678	8	0	1596	1478	173,333,173,333
1539873514.318039884	110	40	48	1	2	0	2	-63	29679	8	0	1596	1478	173,333,173,333
1539873514.329756554	110	40	48	1	2	0	2	-63	29680	8	0	1596	1478	173,333,173,333
1539873514.341711982	110	40	48	1	2	0	2	-65	29681	8	0	1596	1478	173,333,173,333
1539873514.353423195	110	40	48	1	2	0	2	-64	29682	8	0	1596	1478	173,333,173,333
1539873514.365201634	110	40	48	1	2	0	2	-63	29683	8	0	1596	1478	173,333,173,333
1539873514.376982552	110	40	48	1	2	0	2	-64	29684	8	0	1596	1478	173,333,173,333
1539873514.388746520	110	40	48	1	2	0	2	-64	29685	8	0	1596	1478	173,333,173,333
1539873514.400528738	110	40	48	1	2	0	2	-64	29686	8	0	1596	1478	173,333,173,333
1539873514.412283164	110	40	48	1	2	0	2	-63	29687	8	0	1596	1478	173,333,173,333
1539873514.423917286	110	40	48	1	2	0	2	-64	29688	8	0	1596	1478	173,333,173,333
1539873514.435759804	110	40	48	1	2	0	2	-65	29689	8	0	1596	1478	173,333,173,333
1539873514.447523903	110	40	48	1	2	0	2	-64	29690	8	0	1596	1478	173,333,173,333
1539873514.459309742	110	40	48	1	2	0	2	-64	29691	8	0	1596	1478	173,333,173,333
1539873514.471103865	110	40	48	1	2	0	2	-64	29692	8	0	1596	1478	173,333,173,333
1539873514.482757948	110	40	48	1	2	0	2	-64	29693	8	0	1596	1478	173,333,173,333
1539873514.494593819	110	40	48	1	2	0	2	-63	29694	8	0	1596	1478	173,333,173,333
1539873514.506253979	110	40	48	1	2	0	2	-62	29695	8	0	1596	1478	173,333,173,333
1539873514.518084332	110	40	48	1	2	0	2	-63	29696	8	0	1596	1478	173,333,173,333
1539873514.529845333	110	40	48	1	2	0	2	-63	29697	8	0	1596	1478	173,333,173,333
1539873514.541598898	110	40	48	1	2	0	2	-63	29698	8	0	1596	1478	173,333,173,333
1539873514.553381274	110	40	48	1	2	0	2	-64	29699	8	0	1596	1478	173,333,173,333
1539873514.565146641	110	40	48	1	2	0	2	-64	29700	8	0	1596	1478	173,333,173,333
1539873514.576913132	110	40	48	1	2	0	2	-63	29701	8	0	1596	1478	173,333,173,333
1539873514.588494001	110	40	48	1	2	0	2	-63	29702	8	0	1596	1478	173,333,173,333
1539873514.600369099	110	40	48	1	2	0	2	-63	29703	8	0	1596	1478	173,333,173,333
1539873514.612145462	110	40	48	1	2	0	2	-63	29704	8	0	1596	1478	173,333,173,333
1539873514.623926354	110	40	48	1	2	0	2	-63	29705	8	0	1596	1478	173,333,173,333
1539873514.635690156	110	40	48	1	2	0	2	-62	29706	8	0	1596	1478	173,333,173,333
1539873514.647459941	110	40	48	1	2	0	2	-62	29707	8	0	1596	1478	173,333,173,333
1539873514.659206667	110	40	48	1	2	0	2	-63	29708	8	0	1596	1478	173,333,173,333
1539873514.670931465	110	40	48	1	2	0	2	-63	29709	8	0	1596	1478	173,333,173,333
1539873514.682687042	110	40	48	1	2	0	2	-63	29710	8	0	1596	1478	173,333,173,333
1539873514.694504773	110	40	48	1	2	0	2	-63	29711	8	0	1596	1478	173,333,173,333
1539873514.706263198	110	40	48	1	2	0	2	-62	29712	8	0	1596	1478	173,333,173,333
1539873514.718022152	110	40	48	1	2	0	2	-63	29713	8	0	1596	1478	173,333,173,333
1539873514.729819992	110	40	48	1	2	0	2	-64	29714	8	0	1596	1478	173,333,173,333
1539873514.741391602	110	40	48	1	2	0	2	-64	29715	8	0	1596	1478	173,333,173,333
1539873514.753168367	110	40	48	1	2	0	2	-64	29716	8	0	1596	1478	173,333,173,333
1539873514.765049345	110	40	48	1	2	0	2	-63	29717	8	0	1596	1478	173,333,173,333
1539873514.776840703	110	40	48	1	2	0	2	-63	29718	8	0	1596	1478	173,333,173,333
1539873514.788611356	110	40	48	1	2	0	2	-64	29719	8	0	1596	1478	173,333,173,333
1539873514.800356647	110	40	48	1	2	0	2	-64	29720	8	0	1596	1478	173,333,173,333
1539873514.812125847	110	40	48	1	2	0	2	-63	29721	8	0	1596	1478	173,333,173,333
1539873514.823810143	110	40	48	1	2	0	2	-64	29722	8	0	1596	1478	173,333,173,333
1539873514.835577015	110	40	48	1	2	0	2	-63	29723	8	0	1596	1478	173,333,173,333
1539873514.847363596	110	40	48	1	2	0	2	-62	29724	8	0	1596	1478	173,333,173,333
1539873514.859162426	110	40	48	1	2	0	2	-62	29725	8	0	1596	1478	173,333,173,333
1539873514.870915787	110	40	48	1	2	0	2	-62	29726	8	0	1596	1478	173,333,173,333
1539873514.882530919	110	40	48	1	2	0	2	-62	29727	8	0	1596	1478	173,333,173,333
1539873514.894437469	110	40	48	1	2	0	2	-63	29728	8	0	1596	1478	173,333,173,333
1539873514.906141958	110	40	48	1	2	0	2	-64	29729	8	0	1596	1478	173,333,173,333
1539873514.917936406	110	40	48	1	2	0	2	-63	29730	8	0	1596	1478	173,333,173,333
1539873514.929697960	110	40	48	1	2	0	2	-64	29731	8	0	1596	1478	173,333,173,333
1539873514.941467913	110	40	48	1	2	0	2	-63	29732	8	0	1596	1478	173,333,173,333
1539873514.953239099	110	40	48	1	2	0	2	-62	29733	8	0	1596	1478	173,333,173,333
1539873514.964994702	110	40	48	1	2	0	2	-63	29734	8	0	1596	1478	173,333,173,333
1539873514.976776701	110	40	48	1	2	0	2	-63	29735	8	0	1596	1478	173,333,173,333
1539873514.988445539	110	40	48	1	2	0	2	-63	29736	8	0	1596	1478	173,333,173,333
1539873515.000182935	110	40	48	1	2	0	2	-64	29737	8	0	1596	1478	173,333,173,333
1539873515.012002648	110	40	48	1	2	0	2	-63	29738	8	0	1596	1478	173,333,173,333
1539873515.023758513	110	40	48	1	2	0	2	-63	29739	8	0	1596	1478	173,333,173,333
1539873515.035522398	110	40	48	1	2	0	2	-63	29740	8	0	1596	1478	173,333,173,333
1539873515.047312456	110	40	48	1	2	0	2	-63	29741	8	0	1596	1478	173,333,173,333
1539873515.059005793	110	40	48	1	2	0	2	-64	29742	8	0	1596	1478	173,333,173,333
1539873515.070787030	110	40	48	1	2	0	2	-64	29743	8	0	1596	1478	173,333,173,333
1539873515.082556354	110	40	48	1	2	0	2	-63	29744	8	0	1596	1478	173,333,173,333
1539873515.094293366	110	40	48	1	2	0	2	-64	29745	8	0	1596	1478	173,333,173,333
1539873515.106117408	110	40	48	1	2	0	2	-65	29746	8	0	1596	1478	173,333,173,333
1539873515.117917718	110	40	48	1	2	0	2	-64	29747	8	0	1596	1478	173,333,173,333
1539873515.129645820	110	40	48	1	2	0	2	-63	29748	8	0	1596	1478	173,333,173,333
1539873515.141337768	110	40	48	1	2	0	2	-63	29749	8	0	1596	1478	173,333,173,333
1539873515.153122958	110	40	48	1	2	0	2	-63	29750	8	0	1596	1478	173,333,173,333
1539873515.164880513	110	40	48	1	2	0	2	-63	29751	8	0	1596	1478	173,333,173,333
1539873515.176675036	110	40	48	1	2	0	2	-64	29752	8	0	1596	1478	173,333,173,333
1539873515.188182280	110	40	48	1	2	0	2	-64	29753	8	0	1596	1478	173,333,173,333
1539873515.199995227	110	40	48	1	2	0	2	-63	29754	8	0	1596	1478	173,333,173,333
1539873515.211763398	110	40	48	1	2	0	2	-63	29755	8	0	1596	1478	173,333,173,333
1539873515.223550298	110	40	48	1	2	0	2	-63	29756	8	0	1596	1478	173,333,173,333
1539873515.235387133	110	40	48	1	2	0	2	-63	29757	8	0	1596	1478	173,333,173,333
1539873515.247237036	110	40	48	1	2	0	2	-63	29758	8	0	1596	1478	173,333,173,333
1539873515.258991933	110	40	48	1	2	0	2	-63	29759	8	0	1596	1478	173,333,173,333
1539873515.270763926	110	40	48	1	2	0	2	-62	29760	8	0	1596	1478	173,333,173,333
1539873515.282519782	110	40	48	1	2	0	2	-62	29761	8	0	1596	1478	173,333,173,333
1539873515.294198090	110	40	48	1	2	0	2	-62	29762	8	0	1596	1478	173,333,173,333
1539873515.305996024	110	40	48	1	2	0	2	-62	29763	8	0	1596	1478	173,333,173,333
1539873515.317784251	110	40	48	1	2	0	2	-62	29764	8	0	1596	1478	173,333,173,333
1539873515.329554697	110	40	48	1	2	0	2	-62	29765	8	0	1596	1478	173,333,173,333
1539873515.341314946	110	40	48	1	2	0	2	-62	29766	8	0	1596	1478	173,333,173,333
1539873515.353080072	110	40	48	1	2	0	2	-62	29767	8	0	1596	1478	173,333,173,333
1539873515.364849070	110	40	48	1	2	0	2	-62	29768	8	0	1596	1478	173,333,173,333
1539873515.376537594	110	40	48	1	2	0	2	-62	29769	8	0	1596	1478	173,333,173,333
1539873515.388296036	110	40	48	1	2	0	2	-62	29770	8	0	1596	1478	173,333,173,333
1539873515.400101853	110	40	48	1	2	0	2	-62	29771	8	0	1596	1478	173,333,173,333
1539873515.411869719	110	40	48	1	2	0	2	-62	29772	8	0	1596	1478	173,333,173,333
1539873515.423642376	110	40	48	1	2	0	2	-63	29773	8	0	1596	1478	173,333,173,333
1539873515.435243887	110	40	48	1	2	0	2	-63	29774	8	0	1596	1478	173,333,173,333
1539873515.447013737	110	40	48	1	2	0	2	-63	29775	8	0	1596	1478	173,333,173,333
1539873515.458860578	110	40	48	1	2	0	2	-62	29776	8	0	1596	1478	173,333,173,333
1539873515.470643352	110	40	48	1	2	0	2	-62	29777	8	0	1596	1478	173,333,173,333
1539873515.482430861	110	40	48	1	2	0	2	-62	29778	8	0	1596	1478	173,333,173,333
1539873515.494188984	110	40	48	1	2	0	2	-63	29779	8	0	1596	1478	173,333,173,333
1539873515.505904219	110	40	48	1	2	0	2	-63	29780	8	0	1596	1478	173,333,173,333
1539873515.517727497	110	40	48	1	2	0	2	-63	29781	8	0	1596	1478	173,333,173,333
1539873515.529416408	110	40	48	1	2	0	2	-63	29782	8	0	1596	1478	173,333,173,333
1539873515.541209245	110	40	48	1	2	0	2	-63	29783	8	0	1596	1478	173,333,173,333
1539873515.552949031	110	40	48	1	2	0	2	-63	29784	8	0	1596	1478	173,333,173,333
1539873515.564737071	110	40	48	1	2	0	2	-63	29785	8	0	1596	1478	173,333,173,333
1539873515.576499263	110	40	48	1	2	0	2	-63	29786	8	0	1596	1478	173,333,173,333
1539873515.588191741	110	40	48	1	2	0	2	-62	29787	8	0	1596	1478	173,333,173,333
1539873515.599995359	110	40	48	1	2	0	2	-62	29788	8	0	1596	1478	173,333,173,333
1539873515.611757937	110	40	48	1	2	0	2	-62	29789	8	0	1596	1478	173,333,173,333
1539873515.623520348	110	40	48	1	2	0	2	-62	29790	8	0	1596	1478	173,333,173,333
1539873515.635316104	110	40	48	1	2	0	2	-63	29791	8	0	1596	1478	173,333,173,333
1539873515.647072288	110	40	48	1	2	0	2	-63	29792	8	0	1596	1478	173,333,173,333
1539873515.658842700	110	40	48	1	2	0	2	-63	29793	8	0	1596	1478	173,333,173,333
1539873515.670592532	110	40	48	1	2	0	2	-63	29794	8	0	1596	1478	173,333,173,333
1539873515.682202509	110	40	48	1	2	0	2	-63	29795	8	0	1596	1478	173,333,173,333
1539873515.694075468	110	40	48	1	2	0	2	-63	29796	8	0	1596	1478	173,333,173,333
1539873515.705847616	110	40	48	1	2	0	2	-63	29797	8	0	1596	1478	173,333,173,333
1539873515.717624575	110	40	48	1	2	0	2	-63	29798	8	0	1596	1478	173,333,173,333
1539873515.729398058	110	40	48	1	2	0	2	-63	29799	8	0	1596	1478	173,333,173,333
1539873515.741107724	110	40	48	1	2	0	2	-63	29800	8	0	1596	1478	173,333,173,333
1539873515.752934248	110	40	48	1	2	0	2	-63	29801	8	0	1596	1478	173,333,173,333
1539873515.764602824	110	40	48	1	2	0	2	-63	29802	8	0	1596	1478	173,333,173,333
1539873515.776382294	110	40	48	1	2	0	2	-62	29803	8	0	1596	1478	173,333,173,333
1539873515.788033334	110	40	48	1	2	0	2	-62	29804	8	0	1596	1478	173,333,173,333
1539873515.799898605	110	40	48	1	2	0	2	-62	29805	8	0	1596	1478	173,333,173,333
1539873515.811691919	110	40	48	1	2	0	2	-63	29806	8	0	1596	1478	173,333,173,333
1539873515.823468636	110	40	48	1	2	0	2	-62	29807	8	0	1596	1478	173,333,173,333
1539873515.835201854	110	40	48	1	2	0	2	-62	29808	8	0	1596	1478	173,333,173,333
1539873515.846947108	110	40	48	1	2	0	2	-62	29809	8	0	1596	1478	173,333,173,333
1539873515.858725456	110	40	48	1	2	0	2	-63	29810	8	0	1596	1478	173,333,173,333
1539873515.870507342	110	40	48	1	2	0	2	-63	29811	8	0	1596	1478	173,333,173,333
1539873515.882266127	110	40	48	1	2	0	2	-62	29812	8	0	1596	1478	173,333,173,333
1539873515.894034067	110	40	48	1	2	0	2	-62	29813	8	0	1596	1478	173,333,173,333
1539873515.905805702	110	40	48	1	2	0	2	-62	29814	8	0	1596	1478	173,333,173,333
1539873515.917510482	110	40	48	1	2	0	2	-63	29815	8	0	1596	1478	173,333,173,333
1539873515.929228960	110	40	48	1	2	0	2	-63	29816	8	0	1596	1478	173,333,173,333
1539873515.941683584	110	40	48	1	2	0	2	-63	29817	8	0	1596	1478	173,333,173,333
1539873515.952825923	110	40	48	1	2	0	2	-62	29818	8	0	1596	1478	173,333,173,333
1539873515.964582506	110	40	48	1	2	0	2	-61	29819	8	0	1596	1478	173,333,173,333
1539873515.976329627	110	40	48	1	2	0	2	-61	29820	8	0	1596	1478	173,333,173,333
1539873515.987946674	110	40	48	1	2	0	2	-61	29821	8	0	1596	1478	173,333,173,333
1539873515.999782102	110	40	48	1	2	0	2	-62	29822	8	0	1596	1478	173,333,173,333
1539873516.011559537	110	40	48	1	2	0	2	-62	29823	8	0	1596	1478	173,333,173,333
1539873516.023334129	110	40	48	1	2	0	2	-62	29824	8	0	1596	1478	173,333,173,333
1539873516.035140179	110	40	48	1	2	0	2	-62	29825	8	0	1596	1478	173,333,173,333
1539873516.046912190	110	40	48	1	2	0	2	-62	29826	8	0	1596	1478	173,333,173,333
1539873516.058678633	110	40	48	1	2	0	2	-62	29827	8	0	1596	1478	173,333,173,333
1539873516.070449333	110	40	48	1	2	0	2	-62	29828	8	0	1596	1478	173,333,173,333
1539873516.082137366	110	40	48	1	2	0	2	-62	29829	8	0	1596	1478	173,333,173,333
1539873516.093861443	110	40	48	1	2	0	2	-62	29830	8	0	1596	1478	173,333,173,333
1539873516.105673434	110	40	48	1	2	0	2	-62	29831	8	0	1596	1478	173,333,173,333
1539873516.117475332	110	40	48	1	2	0	2	-63	29832	8	0	1596	1478	173,333,173,333
1539873516.129242416	110	40	48	1	2	0	2	-63	29833	8	0	1596	1478	173,333,173,333
1539873516.140976131	110	40	48	1	2	0	2	-63	29834	8	0	1596	1478	173,333,173,333
1539873516.152767259	110	40	48	1	2	0	2	-63	29835	8	0	1596	1478	173,333,173,333
1539873516.164444654	110	40	48	1	2	0	2	-63	29836	8	0	1596	1478	173,333,173,333
1539873516.176130008	110	40	48	1	2	0	2	-63	29837	8	0	1596	1478	173,333,173,333
1539873516.187862914	110	40	48	1	2	0	2	-62	29838	8	0	1596	1478	173,333,173,333
1539873516.199619593	110	40	48	1	2	0	2	-62	29839	8	0	1596	1478	173,333,173,333
1539873516.211373028	110	40	48	1	2	0	2	-63	29840	8	0	1596	1478	173,333,173,333
1539873516.223141768	110	40	48	1	2	0	2	-63	29841	8	0	1596	1478	173,333,173,333
1539873516.234906963	110	40	48	1	2	0	2	-63	29842	8	0	1596	1478	173,333,173,333
1539873516.246663597	110	40	48	1	2	0	2	-63	29843	8	0	1596	1478	173,333,173,333
1539873516.258419336	110	40	48	1	2	0	2	-63	29844	8	0	1596	1478	173,333,173,333
1539873516.270170827	110	40	48	1	2	0	2	-63	29845	8	0	1596	1478	173,333,173,333
1539873516.281919072	110	40	48	1	2	0	2	-62	29846	8	0	1596	1478	173,333,173,333
1539873516.293709491	110	40	48	1	2	0	2	-62	29847	8	0	1596	1478	173,333,173,333
1539873516.305465823	110	40	48	1	2	0	2	-63	29848	8	0	1596	1478	173,333,173,333
1539873516.317228905	110	40	48	1	2	0	2	-62	29849	8	0	1596	1478	173,333,173,333
1539873516.328993299	110	40	48	1	2	0	2	-62	29850	8	0	1596	1478	173,333,173,333
1539873516.340739975	110	40	48	1	2	0	2	-62	29851	8	0	1596	1478	173,333,173,333
1539873516.352507770	110	40	48	1	2	0	2	-61	29852	8	0	1596	1478	173,333,173,333
1539873516.364267119	110	40	48	1	2	0	2	-62	29853	8	0	1596	1478	173,333,173,333
1539873516.376015531	110	40	48	1	2	0	2	-62	29854	8	0	1596	1478	173,333,173,333
1539873516.387778114	110	40	48	1	2	0	2	-62	29855	8	0	1596	1478	173,333,173,333
1539873516.399549184	110	40	48	1	2	0	2	-62	29856	8	0	1596	1478	173,333,173,333
1539873516.411433710	110	40	48	1	2	0	2	-62	29857	8	0	1596	1478	173,333,173,333
1539873516.423243797	110	40	48	1	2	0	2	-62	29858	8	0	1596	1478	173,333,173,333
1539873516.434979245	110	40	48	1	2	0	2	-62	29859	8	0	1596	1478	173,333,173,333
1539873516.446764909	110	40	48	1	2	0	2	-62	29860	8	0	1596	1478	173,333,173,333
1539873516.458434772	110	40	48	1	2	0	2	-61	29861	8	0	1596	1478	173,333,173,333
1539873516.470220828	110	40	48	1	2	0	2	-62	29862	8	0	1596	1478	173,333,173,333
1539873516.482019540	110	40	48	1	2	0	2	-62	29863	8	0	1596	1478	173,333,173,333
1539873516.493772649	110	40	48	1	2	0	2	-63	29864	8	0	1596	1478	173,333,173,333
1539873516.505553798	110	40	48	1	2	0	2	-63	29865	8	0	1596	1478	173,333,173,333
1539873516.517338575	110	40	48	1	2	0	2	-63	29866	8	0	1596	1478	173,333,173,333
1539873516.529043205	110	40	48	1	2	0	2	-63	29867	8	0	1596	1478	173,333,173,333
1539873516.540738579	110	40	48	1	2	0	2	-63	29868	8	0	1596	1478	173,333,173,333
1539873516.552569385	110	40	48	1	2	0	2	-64	29869	8	0	1596	1478	173,333,173,333
1539873516.564333162	110	40	48	1	2	0	2	-64	29870	8	0	1596	1478	173,333,173,333
1539873516.576130231	110	40	48	1	2	0	2	-64	29871	8	0	1596	1478	173,333,173,333
1539873516.587830063	110	40	48	1	2	0	2	-64	29872	8	0	1596	1478	173,333,173,333
1539873516.599622124	110	40	48	1	2	0	2	-64	29873	8	0	1596	1478	173,333,173,333
1539873516.611289792	110	40	48	1	2	0	2	-64	29874	8	0	1596	1478	173,333,173,333
1539873516.623108349	110	40	48	1	2	0	2	-65	29875	8	0	1596	1478	173,333,173,333
1539873516.634861952	110	40	48	1	2	0	2	-65	29876	8	0	1596	1478	173,333,173,333
1539873516.646644174	110	40	48	1	2	0	2	-65	29877	8	0	1596	1478	173,333,173,333
1539873516.658556066	110	40	48	1	2	0	2	-65	29878	8	0	1596	1478	173,333,173,333
1539873516.670199661	110	40	48	1	2	0	2	-64	29879	8	0	1596	1478	173,333,173,333
1539873516.681961630	110	40	48	1	2	0	2	-64	29880	8	0	1596	1478	173,333,173,333
1539873516.693646547	110	40	48	1	2	0	2	-64	29881	8	0	1596	1478	173,333,173,333
1539873516.705431389	110	40	48	1	2	0	2	-64	29882	8	0	1596	1478	173,333,173,333
1539873516.717222133	110	40	48	1	2	0	2	-64	29883	8	0	1596	1478	173,333,173,333
1539873516.729004150	110	40	48	1	2	0	2	-64	29884	8	0	1596	1478	173,333,173,333
1539873516.740717589	110	40	48	1	2	0	2	-63	29885	8	0	1596	1478	173,333,173,333
1539873516.752522050	110	40	48	1	2	0	2	-63	29886	8	0	1596	1478	173,333,173,333
1539873516.764282184	110	40	48	1	2	0	2	-63	29887	8	0	1596	1478	173,333,173,333
1539873516.775970026	110	40	48	1	2	0	2	-63	29888	8	0	1596	1478	173,333,173,333
1539873516.787753895	110	40	48	1	2	0	2	-63	29889	8	0	1596	1478	173,333,173,333
1539873516.799532327	110	40	48	1	2	0	2	-64	29890	8	0	1596	1478	173,333,173,333
1539873516.811300480	110	40	48	1	2	0	2	-64	29891	8	0	1596	1478	173,333,173,333
1539873516.823029028	110	40	48	1	2	0	2	-64	29892	8	0	1596	1478	173,333,173,333
1539873516.834821622	110	40	48	1	2	0	2	-63	29893	8	0	1596	1478	173,333,173,333
1539873516.846587330	110	40	48	1	2	0	2	-63	29894	8	0	1596	1478	173,333,173,333
1539873516.858246374	110	40	48	1	2	0	2	-63	29895	8	0	1596	1478	173,333,173,333
1539873516.870093706	110	40	48	1	2	0	2	-63	29896	8	0	1596	1478	173,333,173,333
1539873516.881858377	110	40	48	1	2	0	2	-63	29897	8	0	1596	1478	173,333,173,333
1539873516.893593167	110	40	48	1	2	0	2	-63	29898	8	0	1596	1478	173,333,173,333
1539873516.905403574	110	40	48	1	2	0	2	-63	29899	8	0	1596	1478	173,333,173,333
1539873516.917163624	110	40	48	1	2	0	2	-63	29900	8	0	1596	1478	173,333,173,333
1539873516.928834026	110	40	48	1	2	0	2	-63	29901	8	0	1596	1478	173,333,173,333
1539873516.940600278	110	40	48	1	2	0	2	-63	29902	8	0	1596	1478	173,333,173,333
1539873516.952414056	110	40	48	1	2	0	2	-63	29903	8	0	1596	1478	173,333,173,333
1539873516.964194831	110	40	48	1	2	0	2	-63	29904	8	0	1596	1478	173,333,173,333
1539873516.975988897	110	40	48	1	2	0	2	-62	29905	8	0	1596	1478	173,333,173,333
1539873516.987718609	110	40	48	1	2	0	2	-62	29906	8	0	1596	1478	173,333,173,333
1539873516.999412493	110	40	48	1	2	0	2	-63	29907	8	0	1596	1478	173,333,173,333
1539873517.011047779	110	40	48	1	2	0	2	-62	29908	8	0	1596	1478	173,333,173,333
1539873517.022841865	110	40	48	1	2	0	2	-62	29909	8	0	1596	1478	173,333,173,333
1539873517.034691671	110	40	48	1	2	0	2	-62	29910	8	0	1596	1478	173,333,173,333
1539873517.046453093	110	40	48	1	2	0	2	-62	29911	8	0	1596	1478	173,333,173,333
1539873517.058283847	110	40	48	1	2	0	2	-62	29912	8	0	1596	1478	173,333,173,333
1539873517.070042204	110	40	48	1	2	0	2	-62	29913	8	0	1596	1478	173,333,173,333
1539873517.081800577	110	40	48	1	2	0	2	-62	29914	8	0	1596	1478	173,333,173,333
1539873517.093435545	110	40	48	1	2	0	2	-62	29915	8	0	1596	1478	173,333,173,333
1539873517.105286853	110	40	48	1	2	0	2	-62	29916	8	0	1596	1478	173,333,173,333
1539873517.117061030	110	40	48	1	2	0	2	-62	29917	8	0	1596	1478	173,333,173,333
1539873517.128884216	110	40	48	1	2	0	2	-63	29918	8	0	1596	1478	173,333,173,333
1539873517.140458937	110	40	48	1	2	0	2	-63	29919	8	0	1596	1478	173,333,173,333
1539873517.152184805	110	40	48	1	2	0	2	-63	29920	8	0	1596	1478	173,333,173,333
1539873517.163939248	110	40	48	1	2	0	2	-63	29921	8	0	1596	1478	173,333,173,333
1539873517.175692335	110	40	48	1	2	0	2	-63	29922	8	0	1596	1478	173,333,173,333
1539873517.187449255	110	40	48	1	2	0	2	-63	29923	8	0	1596	1478	173,333,173,333
1539873517.199232575	110	40	48	1	2	0	2	-63	29924	8	0	1596	1478	173,333,173,333
1539873517.210980617	110	40	48	1	2	0	2	-63	29925	8	0	1596	1478	173,333,173,333
1539873517.222736939	110	40	48	1	2	0	2	-63	29926	8	0	1596	1478	173,333,173,333
1539873517.234525079	110	40	48	1	2	0	2	-63	29927	8	0	1596	1478	173,333,173,333
1539873517.246258010	110	40	48	1	2	0	2	-63	29928	8	0	1596	1478	173,333,173,333
1539873517.258028348	110	40	48	1	2	0	2	-63	29929	8	0	1596	1478	173,333,173,333
1539873517.269778841	110	40	48	1	2	0	2	-63	29930	8	0	1596	1478	173,333,173,333
1539873517.281549659	110	40	48	1	2	0	2	-63	29931	8	0	1596	1478	173,333,173,333
1539873517.293284826	110	40	48	1	2	0	2	-63	29932	8	0	1596	1478	173,333,173,333
1539873517.305060855	110	40	48	1	2	0	2	-63	29933	8	0	1596	1478	173,333,173,333
1539873517.316843321	110	40	48	1	2	0	2	-63	29934	8	0	1596	1478	173,333,173,333
1539873517.328579691	110	40	48	1	2	0	2	-62	29935	8	0	1596	1478	173,333,173,333
1539873517.340367902	110	40	48	1	2	0	2	-62	29936	8	0	1596	1478	173,333,173,333
1539873517.352100057	110	40	48	1	2	0	2	-62	29937	8	0	1596	1478	173,333,173,333
1539873517.363839729	110	40	48	1	2	0	2	-62	29938	8	0	1596	1478	173,333,173,333
1539873517.375602628	110	40	48	1	2	0	2	-62	29939	8	0	1596	1478	173,333,173,333
1539873517.387394363	110	40	48	1	2	0	2	-62	29940	8	0	1596	1478	173,333,173,333
1539873517.399115647	110	40	48	1	2	0	2	-62	29941	8	0	1596	1478	173,333,173,333
1539873517.411032167	110	40	48	1	2	0	2	-62	29942	8	0	1596	1478	173,333,173,333
1539873517.422815810	110	40	48	1	2	0	2	-62	29943	8	0	1596	1478	173,333,173,333
1539873517.434585887	110	40	48	1	2	0	2	-62	29944	8	0	1596	1478	173,333,173,333
1539873517.446333949	110	40	48	1	2	0	2	-62	29945	8	0	1596	1478	173,333,173,333
1539873517.458124742	110	40	48	1	2	0	2	-63	29946	8	0	1596	1478	173,333,173,333
1539873517.469827069	110	40	48	1	2	0	2	-63	29947	8	0	1596	1478	173,333,173,333
1539873517.481604517	110	40	48	1	2	0	2	-63	29948	8	0	1596	1478	173,333,173,333
1539873517.493376948	110	40	48	1	2	0	2	-63	29949	8	0	1596	1478	173,333,173,333
1539873517.505153681	110	40	48	1	2	0	2	-63	29950	8	0	1596	1478	173,333,173,333
1539873517.516911824	110	40	48	1	2	0	2	-63	29951	8	0	1596	1478	173,333,173,333
1539873517.528681744	110	40	48	1	2	0	2	-63	29952	8	0	1596	1478	173,333,173,333
1539873517.540384042	110	40	48	1	2	0	2	-63	29953	8	0	1596	1478	173,333,173,333
1539873517.552089134	110	40	48	1	2	0	2	-63	29954	8	0	1596	1478	173,333,173,333
1539873517.563885459	110	40	48	1	2	0	2	-63	29955	8	0	1596	1478	173,333,173,333
1539873517.575725528	110	40	48	1	2	0	2	-63	29956	8	0	1596	1478	173,333,173,333
1539873517.587409717	110	40	48	1	2	0	2	-63	29957	8	0	1596	1478	173,333,173,333
1539873517.599188447	110	40	48	1	2	0	2	-63	29958	8	0	1596	1478	173,333,173,333
1539873517.610947102	110	40	48	1	2	0	2	-63	29959	8	0	1596	1478	173,333,173,333
1539873517.622680845	110	40	48	1	2	0	2	-63	29960	8	0	1596	1478	173,333,173,333
1539873517.634465269	110	40	48	1	2	0	2	-63	29961	8	0	1596	1478	173,333,173,333
1539873517.646237449	110	40	48	1	2	0	2	-63	29962	8	0	1596	1478	173,333,173,333
1539873517.658027589	110	40	48	1	2	0	2	-63	29963	8	0	1596	1478	173,333,173,333
1539873517.669791019	110	40	48	1	2	0	2	-63	29964	8	0	1596	1478	173,333,173,333
1539873517.681568909	110	40	48	1	2	0	2	-63	29965	8	0	1596	1478	173,333,173,333
1539873517.693328997	110	40	48	1	2	0	2	-63	29966	8	0	1596	1478	173,333,173,333
1539873517.705019847	110	40	48	1	2	0	2	-63	29967	8	0	1596	1478	173,333,173,333
1539873517.716818241	110	40	48	1	2	0	2	-63	29968	8	0	1596	1478	173,333,173,333
1539873517.728586185	110	40	48	1	2	0	2	-63	29969	8	0	1596	1478	173,333,173,333
1539873517.740347145	110	40	48	1	2	0	2	-63	29970	8	0	1596	1478	173,333,173,333
1539873517.752101418	110	40	48	1	2	0	2	-63	29971	8	0	1596	1478	173,333,173,333
1539873517.763871147	110	40	48	1	2	0	2	-63	29972	8	0	1596	1478	173,333,173,333
1539873517.775666094	110	40	48	1	2	0	2	-63	29973	8	0	1596	1478	173,333,173,333
1539873517.787343124	110	40	48	1	2	0	2	-63	29974	8	0	1596	1478	173,333,173,333
1539873517.799106877	110	40	48	1	2	0	2	-63	29975	8	0	1596	1478	173,333,173,333
1539873517.810894637	110	40	48	1	2	0	2	-63	29976	8	0	1596	1478	173,333,173,333
1539873517.822619319	110	40	48	1	2	0	2	-63	29977	8	0	1596	1478	173,333,173,333
1539873517.834436258	110	40	48	1	2	0	2	-63	29978	8	0	1596	1478	173,333,173,333
1539873517.846124327	110	40	48	1	2	0	2	-63	29979	8	0	1596	1478	173,333,173,333
1539873517.857891112	110	40	48	1	2	0	2	-63	29980	8	0	1596	1478	173,333,173,333
1539873517.869680830	110	40	48	1	2	0	2	-63	29981	8	0	1596	1478	173,333,173,333
1539873517.881318062	110	40	48	1	2	0	2	-63	29982	8	0	1596	1478	173,333,173,333
1539873517.893193504	110	40	48	1	2	0	2	-63	29983	8	0	1596	1478	173,333,173,333
1539873517.904970986	110	40	48	1	2	0	2	-63	29984	8	0	1596	1478	173,333,173,333
1539873517.916739154	110	40	48	1	2	0	2	-63	29985	8	0	1596	1478	173,333,173,333
1539873517.928523958	110	40	48	1	2	0	2	-63	29986	8	0	1596	1478	173,333,173,333
1539873517.940213131	110	40	48	1	2	0	2	-63	29987	8	0	1596	1478	173,333,173,333
1539873517.951997477	110	40	48	1	2	0	2	-63	29988	8	0	1596	1478	173,333,173,333
1539873517.963770832	110	40	48	1	2	0	2	-63	29989	8	0	1596	1478	173,333,173,333
1539873517.975541343	110	40	48	1	2	0	2	-63	29990	8	0	1596	1478	173,333,173,333
1539873517.987322378	110	40	48	1	2	0	2	-63	29991	8	0	1596	1478	173,333,173,333
1539873517.999039000	110	40	48	1	2	0	2	-63	29992	8	0	1596	1478	173,333,173,333
1539873518.010840624	110	40	48	1	2	0	2	-63	29993	8	0	1596	1478	173,333,173,333
1539873518.022535449	110	40	48	1	2	0	2	-63	29994	8	0	1596	1478	173,333,173,333
1539873518.034319036	110	40	48	1	2	0	2	-63	29995	8	0	1596	1478	173,333,173,333
1539873518.046116715	110	40	48	1	2	0	2	-63	29996	8	0	1596	1478	173,333,173,333
1539873518.057875051	110	40	48	1	2	0	2	-63	29997	8	0	1596	1478	173,333,173,333
1539873518.069592557	110	40	48	1	2	0	2	-63	29998	8	0	1596	1478	173,333,173,333
1539873518.081395130	110	40	48	1	2	0	2	-63	29999	8	0	1596	1478	173,333,173,333
1539873518.093048081	110	40	48	1	2	0	2	-63	30000	8	0	1596	1478	173,333,173,333
1539873518.104780029	110	40	48	1	2	0	2	-63	30001	8	0	1596	1478	173,333,173,333
1539873518.116583537	110	40	48	1	2	0	2	-63	30002	8	0	1596	1478	173,333,173,333
1539873518.128268475	110	40	48	1	2	0	2	-63	30003	8	0	1596	1478	173,333,173,333
1539873518.140022962	110	40	48	1	2	0	2	-63	30004	8	0	1596	1478	173,333,173,333
1539873518.151788231	110	40	48	1	2	0	2	-63	30005	8	0	1596	1478	173,333,173,333
1539873518.163575494	110	40	48	1	2	0	2	-63	30006	8	0	1596	1478	173,333,173,333
1539873518.175300512	110	40	48	1	2	0	2	-63	30007	8	0	1596	1478	173,333,173,333
1539873518.187067921	110	40	48	1	2	0	2	-63	30008	8	0	1596	1478	173,333,173,333
1539873518.198924405	110	40	48	1	2	0	2	-63	30009	8	0	1596	1478	173,333,173,333
1539873518.210708487	110	40	48	1	2	0	2	-63	30010	8	0	1596	1478	173,333,173,333
1539873518.222521727	110	40	48	1	2	0	2	-63	30011	8	0	1596	1478	173,333,173,333
1539873518.234253822	110	40	48	1	2	0	2	-63	30012	8	0	1596	1478	173,333,173,333
1539873518.245956013	110	40	48	1	2	0	2	-63	30013	8	0	1596	1478	173,333,173,333
1539873518.257742884	110	40	48	1	2	0	2	-63	30014	8	0	1596	1478	173,333,173,333
1539873518.269513583	110	40	48	1	2	0	2	-63	30015	8	0	1596	1478	173,333,173,333
1539873518.281287949	110	40	48	1	2	0	2	-63	30016	8	0	1596	1478	173,333,173,333
1539873518.293076885	110	40	48	1	2	0	2	-63	30017	8	0	1596	1478	173,333,173,333
1539873518.304848514	110	40	48	1	2	0	2	-63	30018	8	0	1596	1478	173,333,173,333
1539873518.316610181	110	40	48	1	2	0	2	-64	30019	8	0	1596	1478	173,333,173,333
1539873518.328298167	110	40	48	1	2	0	2	-64	30020	8	0	1596	1478	173,333,173,333
1539873518.340075386	110	40	48	1	2	0	2	-64	30021	8	0	1596	1478	173,333,173,333
1539873518.351859398	110	40	48	1	2	0	2	-63	30022	8	0	1596	1478	173,333,173,333
1539873518.363622437	110	40	48	1	2	0	2	-64	30023	8	0	1596	1478	173,333,173,333
1539873518.375395204	110	40	48	1	2	0	2	-64	30024	8	0	1596	1478	173,333,173,333
1539873518.387160456	110	40	48	1	2	0	2	-64	30025	8	0	1596	1478	173,333,173,333
1539873518.399301056	110	40	48	1	2	0	2	-64	30026	8	0	1596	1478	173,333,173,333
1539873518.410624775	110	40	48	1	2	0	2	-64	30027	8	0	1596	1478	173,333,173,333
1539873518.422408986	110	40	48	1	2	0	2	-63	30028	8	0	1596	1478	173,333,173,333
1539873518.434177013	110	40	48	1	2	0	2	-63	30029	8	0	1596	1478	173,333,173,333
1539873518.445929580	110	40	48	1	2	0	2	-64	30030	8	0	1596	1478	173,333,173,333
1539873518.457707304	110	40	48	1	2	0	2	-63	30031	8	0	1596	1478	173,333,173,333
1539873518.469490351	110	40	48	1	2	0	2	-63	30032	8	0	1596	1478	173,333,173,333
1539873518.481161163	110	40	48	1	2	0	2	-63	30033	8	0	1596	1478	173,333,173,333
1539873518.492951664	110	40	48	1	2	0	2	-63	30034	8	0	1596	1478	173,333,173,333
1539873518.504732194	110	40	48	1	2	0	2	-63	30035	8	0	1596	1478	173,333,173,333
1539873518.516506153	110	40	48	1	2	0	2	-63	30036	8	0	1596	1478	173,333,173,333
1539873518.528279009	110	40	48	1	2	0	2	-63	30037	8	0	1596	1478	173,333,173,333
1539873518.540036450	110	40	48	1	2	0	2	-63	30038	8	0	1596	1478	173,333,173,333
1539873518.551759454	110	40	48	1	2	0	2	-63	30039	8	0	1596	1478	173,333,173,333
1539873518.563485981	110	40	48	1	2	0	2	-63	30040	8	0	1596	1478	173,333,173,333
1539873518.575214189	110	40	48	1	2	0	2	-63	30041	8	0	1596	1478	173,333,173,333
1539873518.586999214	110	40	48	1	2	0	2	-63	30042	8	0	1596	1478	173,333,173,333
1539873518.598706486	110	40	48	1	2	0	2	-63	30043	8	0	1596	1478	173,333,173,333
1539873518.610587913	110	40	48	1	2	0	2	-63	30044	8	0	1596	1478	173,333,173,333
1539873518.622340314	110	40	48	1	2	0	2	-63	30045	8	0	1596	1478	173,333,173,333
1539873518.634124266	110	40	48	1	2	0	2	-63	30046	8	0	1596	1478	173,333,173,333
1539873518.645803691	110	40	48	1	2	0	2	-63	30047	8	0	1596	1478	173,333,173,333
1539873518.657604103	110	40	48	1	2	0	2	-63	30048	8	0	1596	1478	173,333,173,333
1539873518.669373746	110	40	48	1	2	0	2	-63	30049	8	0	1596	1478	173,333,173,333
1539873518.681146274	110	40	48	1	2	0	2	-63	30050	8	0	1596	1478	173,333,173,333
1539873518.692900530	110	40	48	1	2	0	2	-63	30051	8	0	1596	1478	173,333,173,333
1539873518.704667573	110	40	48	1	2	0	2	-63	30052	8	0	1596	1478	173,333,173,333
1539873518.716455986	110	40	48	1	2	0	2	-63	30053	8	0	1596	1478	173,333,173,333
1539873518.728166250	110	40	48	1	2	0	2	-63	30054	8	0	1596	1478	173,333,173,333
1539873518.739920180	110	40	48	1	2	0	2	-63	30055	8	0	1596	1478	173,333,173,333
1539873518.751670684	110	40	48	1	2	0	2	-63	30056	8	0	1596	1478	173,333,173,333
1539873518.763458153	110	40	48	1	2	0	2	-63	30057	8	0	1596	1478	173,333,173,333
1539873518.775240108	110	40	48	1	2	0	2	-63	30058	8	0	1596	1478	173,333,173,333
1539873518.786986977	110	40	48	1	2	0	2	-63	30059	8	0	1596	1478	173,333,173,333
1539873518.798587148	110	40	48	1	2	0	2	-63	30060	8	0	1596	1478	173,333,173,333
1539873518.810424927	110	40	48	1	2	0	2	-63	30061	8	0	1596	1478	173,333,173,333
1539873518.822237025	110	40	48	1	2	0	2	-63	30062	8	0	1596	1478	173,333,173,333
1539873518.834008934	110	40	48	1	2	0	2	-63	30063	8	0	1596	1478	173,333,173,333
1539873518.845796835	110	40	48	1	2	0	2	-63	30064	8	0	1596	1478	173,333,173,333
1539873518.857560365	110	40	48	1	2	0	2	-63	30065	8	0	1596	1478	173,333,173,333
1539873518.869300644	110	40	48	1	2	0	2	-63	30066	8	0	1596	1478	173,333,173,333
1539873518.880938840	110	40	48	1	2	0	2	-63	30067	8	0	1596	1478	173,333,173,333
1539873518.892801218	110	40	48	1	2	0	2	-63	30068	8	0	1596	1478	173,333,173,333
1539873518.904575288	110	40	48	1	2	0	2	-63	30069	8	0	1596	1478	173,333,173,333
1539873518.916322944	110	40	48	1	2	0	2	-63	30070	8	0	1596	1478	173,333,173,333
1539873518.928105006	110	40	48	1	2	0	2	-63	30071	8	0	1596	1478	173,333,173,333
1539873518.939857619	110	40	48	1	2	0	2	-63	30072	8	0	1596	1478	173,333,173,333
1539873518.951470927	110	40	48	1	2	0	2	-63	30073	8	0	1596	1478	173,333,173,333
1539873518.963305104	110	40	48	1	2	0	2	-63	30074	8	0	1596	1478	173,333,173,333
1539873518.975097423	110	40	48	1	2	0	2	-63	30075	8	0	1596	1478	173,333,173,333
1539873518.986878015	110	40	48	1	2	0	2	-63	30076	8	0	1596	1478	173,333,173,333
1539873518.998644314	110	40	48	1	2	0	2	-63	30077	8	0	1596	1478	173,333,173,333
1539873519.010436085	110	40	48	1	2	0	2	-63	30078	8	0	1596	1478	173,333,173,333
1539873519.022192761	110	40	48	1	2	0	2	-63	30079	8	0	1596	1478	173,333,173,333
1539873519.033968932	110	40	48	1	2	0	2	-63	30080	8	0	1596	1478	173,333,173,333
1539873519.045663474	110	40	48	1	2	0	2	-63	30081	8	0	1596	1478	173,333,173,333
1539873519.057451471	110	40	48	1	2	0	2	-63	30082	8	0	1596	1478	173,333,173,333
1539873519.069221187	110	40	48	1	2	0	2	-63	30083	8	0	1596	1478	173,333,173,333
1539873519.080963080	110	40	48	1	2	0	2	-63	30084	8	0	1596	1478	173,333,173,333
1539873519.092560878	110	40	48	1	2	0	2	-63	30085	8	0	1596	1478	173,333,173,333
1539873519.104313599	110	40	48	1	2	0	2	-63	30086	8	0	1596	1478	173,333,173,333
1539873519.116281074	110	40	48	1	2	0	2	-63	30087	8	0	1596	1478	173,333,173,333
1539873519.127875957	110	40	48	1	2	0	2	-63	30088	8	0	1596	1478	173,333,173,333
1539873519.139625243	110	40	48	1	2	0	2	-63	30089	8	0	1596	1478	173,333,173,333
1539873519.151320958	110	40	48	1	2	0	2	-63	30090	8	0	1596	1478	173,333,173,333
1539873519.163130386	110	40	48	1	2	0	2	-63	30091	8	0	1596	1478	173,333,173,333
1539873519.174878583	110	40	48	1	2	0	2	-63	30092	8	0	1596	1478	173,333,173,333
1539873519.186591518	110	40	48	1	2	0	2	-63	30093	8	0	1596	1478	173,333,173,333
