1539873557.707719518	110	40	48	1	2	0	2	-60	30210	8	0	1596	1478	173,333,173,333
1539873557.719691466	110	40	48	1	2	0	2	-60	30211	8	0	1596	1478	173,333,173,333
1539873557.731760270	110	40	48	1	2	0	2	-60	30212	8	0	1596	1478	173,333,173,333
1539873557.743116572	110	40	48	1	2	0	2	-60	30213	8	0	1596	1478	173,333,173,333
1539873557.754976689	110	40	48	1	2	0	2	-60	30214	8	0	1596	1478	173,333,173,333
1539873557.766736127	110	40	48	1	2	0	2	-60	30215	8	0	1596	1478	173,333,173,333
1539873557.779279433	110	40	48	1	2	0	2	-60	30218	8	0	1596	1478	173,333,173,333
1539873557.790237700	110	40	48	1	2	0	2	-60	30219	8	0	1596	1478	173,333,173,333
1539873557.802032191	110	40	48	1	2	0	2	-60	30220	8	0	1596	1478	173,333,173,333
1539873557.813803844	110	40	48	1	2	0	2	-61	30221	8	0	1596	1478	173,333,173,333
1539873557.825544016	110	40	48	1	2	0	2	-61	30222	8	0	1596	1478	173,333,173,333
1539873557.837325947	110	40	48	1	2	0	2	-60	30223	8	0	1596	1478	173,333,173,333
1539873557.849091598	110	40	48	1	2	0	2	-61	30224	8	0	1596	1478	173,333,173,333
1539873557.860887811	110	40	48	1	2	0	2	-62	30225	8	0	1596	1478	173,333,173,333
1539873557.872569057	110	40	48	1	2	0	2	-61	30226	8	0	1596	1478	173,333,173,333
1539873557.884327885	110	40	48	1	2	0	2	-61	30227	8	0	1596	1478	173,333,173,333
1539873557.896111977	110	40	48	1	2	0	2	-62	30228	8	0	1596	1478	173,333,173,333
1539873557.907894247	110	40	48	1	2	0	2	-61	30229	8	0	1596	1478	173,333,173,333
1539873557.919670986	110	40	48	1	2	0	2	-62	30230	8	0	1596	1478	173,333,173,333
1539873557.932805114	124	40	48	1	2	0	2	-59	30232	7	0	1596	1478	144,444,144,444
1539873557.943143414	124	40	48	1	2	0	2	-59	30233	7	0	1596	1478	144,444,144,444
1539873557.954903327	124	40	48	1	2	0	2	-59	30234	7	0	1596	1478	144,444,144,444
1539873557.968260372	144	40	48	0	2	0	2	-59	30238	6	0	1596	1478	117,117
1539873557.978483313	144	40	48	0	2	0	2	-59	30239	6	0	1596	1478	117,117
1539873557.990103196	144	40	48	0	2	0	2	-59	30240	6	0	1596	1478	117,117
1539873558.002327902	144	40	48	0	2	0	2	-60	30242	6	0	1596	1478	117,117
1539873558.013571548	144	40	48	0	2	0	2	-59	30243	6	0	1596	1478	117,117
1539873558.025348327	144	40	48	0	2	0	2	-59	30244	6	0	1596	1478	117,117
1539873558.037137826	144	40	48	0	2	0	2	-60	30245	6	0	1596	1478	117,117
1539873558.048884047	144	40	48	0	2	0	2	-60	30246	6	0	1596	1478	117,117
1539873558.060630255	134	40	48	0	2	0	2	-60	30247	7	0	1596	1478	130,130
1539873558.072406774	144	40	48	0	2	0	2	-60	30248	6	0	1596	1478	117,117
1539873558.084184321	144	40	48	0	2	0	2	-60	30249	6	0	1596	1478	117,117
1539873558.095913075	144	40	48	0	2	0	2	-60	30250	6	0	1596	1478	117,117
1539873558.107694205	144	40	48	0	2	0	2	-59	30251	6	0	1596	1478	117,117
1539873558.119420768	134	40	48	0	2	0	2	-59	30252	7	0	1596	1478	130,130
1539873558.131216389	144	40	48	0	2	0	2	-59	30253	6	0	1596	1478	117,117
1539873558.142960512	144	40	48	0	2	0	2	-59	30254	6	0	1596	1478	117,117
1539873558.154711861	144	40	48	0	2	0	2	-58	30255	6	0	1596	1478	117,117
1539873558.166498688	144	40	48	0	2	0	2	-59	30256	6	0	1596	1478	117,117
1539873558.178232242	134	40	48	0	2	0	2	-58	30257	7	0	1596	1478	130,130
1539873558.190009893	144	40	48	0	2	0	2	-58	30258	6	0	1596	1478	117,117
1539873558.201752475	144	40	48	0	2	0	2	-59	30259	6	0	1596	1478	117,117
1539873558.213530828	144	40	48	0	2	0	2	-58	30260	6	0	1596	1478	117,117
1539873558.225294243	144	40	48	0	2	0	2	-59	30261	6	0	1596	1478	117,117
1539873558.237041635	134	40	48	0	2	0	2	-60	30262	7	0	1596	1478	130,130
1539873558.248820540	124	40	48	1	2	0	2	-60	30263	7	0	1596	1478	144,444,144,444
1539873558.260567806	124	40	48	1	2	0	2	-60	30264	7	0	1596	1478	144,444,144,444
1539873558.272312412	124	40	48	1	2	0	2	-59	30265	7	0	1596	1478	144,444,144,444
1539873558.284062023	124	40	48	1	2	0	2	-59	30266	7	0	1596	1478	144,444,144,444
1539873558.295824893	118	40	48	0	2	0	2	-64	30267	8	0	1596	1478	156,156
1539873558.307565256	124	40	48	1	2	0	2	-60	30268	7	0	1596	1478	144,444,144,444
1539873558.319411253	124	40	48	1	2	0	2	-59	30269	7	0	1596	1478	144,444,144,444
1539873558.331210526	124	40	48	1	2	0	2	-60	30270	7	0	1596	1478	144,444,144,444
1539873558.343008862	124	40	48	1	2	0	2	-59	30271	7	0	1596	1478	144,444,144,444
1539873558.354772238	118	40	48	0	2	0	2	-63	30272	8	0	1596	1478	156,156
1539873558.366535714	118	40	48	0	2	0	2	-63	30273	8	0	1596	1478	156,156
1539873558.378305125	118	40	48	0	2	0	2	-63	30274	8	0	1596	1478	156,156
1539873558.390060838	118	40	48	0	2	0	2	-64	30275	8	0	1596	1478	156,156
1539873558.401776435	110	40	48	1	2	0	2	-64	30276	8	0	1596	1478	173,333,173,333
1539873558.413556276	110	40	48	1	2	0	2	-64	30277	8	0	1596	1478	173,333,173,333
1539873558.425332432	110	40	48	1	2	0	2	-65	30278	8	0	1596	1478	173,333,173,333
1539873558.437095761	110	40	48	1	2	0	2	-64	30279	8	0	1596	1478	173,333,173,333
1539873558.448857220	110	40	48	1	2	0	2	-64	30280	8	0	1596	1478	173,333,173,333
1539873558.460637858	110	40	48	1	2	0	2	-64	30281	8	0	1596	1478	173,333,173,333
1539873558.472298070	110	40	48	1	2	0	2	-64	30282	8	0	1596	1478	173,333,173,333
1539873558.484088049	110	40	48	1	2	0	2	-65	30283	8	0	1596	1478	173,333,173,333
1539873558.495865535	110	40	48	1	2	0	2	-65	30284	8	0	1596	1478	173,333,173,333
1539873558.507649952	110	40	48	1	2	0	2	-64	30285	8	0	1596	1478	173,333,173,333
1539873558.519417960	110	40	48	1	2	0	2	-64	30286	8	0	1596	1478	173,333,173,333
1539873558.531190684	110	40	48	1	2	0	2	-64	30287	8	0	1596	1478	173,333,173,333
1539873558.542953798	110	40	48	1	2	0	2	-63	30288	8	0	1596	1478	173,333,173,333
1539873558.554602733	110	40	48	1	2	0	2	-64	30289	8	0	1596	1478	173,333,173,333
1539873558.566406386	110	40	48	1	2	0	2	-65	30290	8	0	1596	1478	173,333,173,333
1539873558.578205782	110	40	48	1	2	0	2	-64	30291	8	0	1596	1478	173,333,173,333
1539873558.589920321	110	40	48	1	2	0	2	-65	30292	8	0	1596	1478	173,333,173,333
1539873558.601740618	110	40	48	1	2	0	2	-65	30293	8	0	1596	1478	173,333,173,333
1539873558.613505659	110	40	48	1	2	0	2	-65	30294	8	0	1596	1478	173,333,173,333
1539873558.625276776	110	40	48	1	2	0	2	-65	30295	8	0	1596	1478	173,333,173,333
1539873558.636974347	110	40	48	1	2	0	2	-65	30296	8	0	1596	1478	173,333,173,333
1539873558.648758741	110	40	48	1	2	0	2	-66	30297	8	0	1596	1478	173,333,173,333
1539873558.660524318	110	40	48	1	2	0	2	-65	30298	8	0	1596	1478	173,333,173,333
1539873558.672291980	110	40	48	1	2	0	2	-66	30299	8	0	1596	1478	173,333,173,333
1539873558.684069358	110	40	48	1	2	0	2	-67	30300	8	0	1596	1478	173,333,173,333
1539873558.695836271	110	40	48	1	2	0	2	-67	30301	8	0	1596	1478	173,333,173,333
1539873558.707595783	110	40	48	1	2	0	2	-67	30302	8	0	1596	1478	173,333,173,333
1539873558.719286574	110	40	48	1	2	0	2	-67	30303	8	0	1596	1478	173,333,173,333
1539873558.731049438	110	40	48	1	2	0	2	-66	30304	8	0	1596	1478	173,333,173,333
1539873558.742840090	110	40	48	1	2	0	2	-67	30305	8	0	1596	1478	173,333,173,333
1539873558.754453948	110	40	48	1	2	0	2	-67	30306	8	0	1596	1478	173,333,173,333
1539873558.766381593	110	40	48	1	2	0	2	-68	30307	8	0	1596	1478	173,333,173,333
1539873558.778148953	110	40	48	1	2	0	2	-68	30308	8	0	1596	1478	173,333,173,333
1539873558.789865955	110	40	48	1	2	0	2	-68	30309	8	0	1596	1478	173,333,173,333
1539873558.801642155	110	40	48	1	2	0	2	-69	30310	8	0	1596	1478	173,333,173,333
1539873558.813399739	110	40	48	1	2	0	2	-69	30311	8	0	1596	1478	173,333,173,333
1539873558.825160256	110	40	48	1	2	0	2	-69	30312	8	0	1596	1478	173,333,173,333
1539873558.836890017	110	40	48	1	2	0	2	-68	30313	8	0	1596	1478	173,333,173,333
1539873558.848641470	110	40	48	1	2	0	2	-67	30314	8	0	1596	1478	173,333,173,333
1539873558.860472713	110	40	48	1	2	0	2	-68	30315	8	0	1596	1478	173,333,173,333
1539873558.872064659	110	40	48	1	2	0	2	-67	30316	8	0	1596	1478	173,333,173,333
1539873558.883946007	110	40	48	1	2	0	2	-67	30317	8	0	1596	1478	173,333,173,333
1539873558.895705464	110	40	48	1	2	0	2	-67	30318	8	0	1596	1478	173,333,173,333
1539873558.907362659	110	40	48	1	2	0	2	-67	30319	8	0	1596	1478	173,333,173,333
1539873558.919196053	110	40	48	1	2	0	2	-66	30320	8	0	1596	1478	173,333,173,333
1539873558.930972696	110	40	48	1	2	0	2	-67	30321	8	0	1596	1478	173,333,173,333
1539873558.942731300	110	40	48	1	2	0	2	-67	30322	8	0	1596	1478	173,333,173,333
1539873558.954490327	110	40	48	1	2	0	2	-66	30323	8	0	1596	1478	173,333,173,333
1539873558.966207711	110	40	48	1	2	0	2	-67	30324	8	0	1596	1478	173,333,173,333
1539873558.977874655	110	40	48	1	2	0	2	-67	30325	8	0	1596	1478	173,333,173,333
1539873558.989656448	110	40	48	1	2	0	2	-66	30326	8	0	1596	1478	173,333,173,333
1539873559.001405808	110	40	48	1	2	0	2	-66	30327	8	0	1596	1478	173,333,173,333
1539873559.013207261	110	40	48	1	2	0	2	-66	30328	8	0	1596	1478	173,333,173,333
1539873559.024920034	110	40	48	1	2	0	2	-66	30329	8	0	1596	1478	173,333,173,333
1539873559.036692652	110	40	48	1	2	0	2	-66	30330	8	0	1596	1478	173,333,173,333
1539873559.048458555	110	40	48	1	2	0	2	-65	30331	8	0	1596	1478	173,333,173,333
1539873559.060208485	110	40	48	1	2	0	2	-66	30332	8	0	1596	1478	173,333,173,333
1539873559.071974296	110	40	48	1	2	0	2	-66	30333	8	0	1596	1478	173,333,173,333
1539873559.083746441	110	40	48	1	2	0	2	-66	30334	8	0	1596	1478	173,333,173,333
1539873559.095448282	110	40	48	1	2	0	2	-66	30335	8	0	1596	1478	173,333,173,333
1539873559.107239957	110	40	48	1	2	0	2	-66	30336	8	0	1596	1478	173,333,173,333
1539873559.118996383	110	40	48	1	2	0	2	-66	30337	8	0	1596	1478	173,333,173,333
1539873559.130781854	110	40	48	1	2	0	2	-66	30338	8	0	1596	1478	173,333,173,333
1539873559.142530763	110	40	48	1	2	0	2	-65	30339	8	0	1596	1478	173,333,173,333
1539873559.154835923	110	40	48	1	2	0	2	-65	30340	8	0	1596	1478	173,333,173,333
1539873559.166053593	110	40	48	1	2	0	2	-66	30341	8	0	1596	1478	173,333,173,333
1539873559.177815879	110	40	48	1	2	0	2	-67	30342	8	0	1596	1478	173,333,173,333
1539873559.189574736	110	40	48	1	2	0	2	-65	30343	8	0	1596	1478	173,333,173,333
1539873559.201318507	110	40	48	1	2	0	2	-66	30344	8	0	1596	1478	173,333,173,333
1539873559.213081409	110	40	48	1	2	0	2	-66	30345	8	0	1596	1478	173,333,173,333
1539873559.224848978	110	40	48	1	2	0	2	-66	30346	8	0	1596	1478	173,333,173,333
1539873559.236621287	110	40	48	1	2	0	2	-66	30347	8	0	1596	1478	173,333,173,333
1539873559.248378077	110	40	48	1	2	0	2	-67	30348	8	0	1596	1478	173,333,173,333
1539873559.260125747	110	40	48	1	2	0	2	-66	30349	8	0	1596	1478	173,333,173,333
1539873559.271864144	110	40	48	1	2	0	2	-66	30350	8	0	1596	1478	173,333,173,333
1539873559.283630204	110	40	48	1	2	0	2	-67	30351	8	0	1596	1478	173,333,173,333
1539873559.295399980	110	40	48	1	2	0	2	-67	30352	8	0	1596	1478	173,333,173,333
1539873559.307171077	110	40	48	1	2	0	2	-66	30353	8	0	1596	1478	173,333,173,333
1539873559.318930497	110	40	48	1	2	0	2	-66	30354	8	0	1596	1478	173,333,173,333
1539873559.330681732	110	40	48	1	2	0	2	-66	30355	8	0	1596	1478	173,333,173,333
1539873559.342434131	110	40	48	1	2	0	2	-66	30356	8	0	1596	1478	173,333,173,333
1539873559.354155085	110	40	48	1	2	0	2	-66	30357	8	0	1596	1478	173,333,173,333
1539873559.365962777	110	40	48	1	2	0	2	-66	30358	8	0	1596	1478	173,333,173,333
1539873559.377731460	110	40	48	1	2	0	2	-67	30359	8	0	1596	1478	173,333,173,333
1539873559.389464466	110	40	48	1	2	0	2	-68	30360	8	0	1596	1478	173,333,173,333
1539873559.401231991	110	40	48	1	2	0	2	-67	30361	8	0	1596	1478	173,333,173,333
1539873559.413006021	110	40	48	1	2	0	2	-67	30362	8	0	1596	1478	173,333,173,333
1539873559.424779106	110	40	48	1	2	0	2	-67	30363	8	0	1596	1478	173,333,173,333
1539873559.436873718	110	40	48	1	2	0	2	-67	30364	8	0	1596	1478	173,333,173,333
1539873559.448306390	110	40	48	1	2	0	2	-67	30365	8	0	1596	1478	173,333,173,333
1539873559.460339305	110	40	48	1	2	0	2	-67	30367	8	0	1596	1478	173,333,173,333
1539873559.471907940	110	40	48	1	2	0	2	-67	30368	8	0	1596	1478	173,333,173,333
1539873559.483716207	110	40	48	1	2	0	2	-67	30369	8	0	1596	1478	173,333,173,333
1539873559.495482709	110	40	48	1	2	0	2	-67	30370	8	0	1596	1478	173,333,173,333
1539873559.507109685	110	40	48	1	2	0	2	-67	30371	8	0	1596	1478	173,333,173,333
1539873559.518984836	110	40	48	1	2	0	2	-66	30372	8	0	1596	1478	173,333,173,333
1539873559.530737075	110	40	48	1	2	0	2	-66	30373	8	0	1596	1478	173,333,173,333
1539873559.542479585	110	40	48	1	2	0	2	-66	30374	8	0	1596	1478	173,333,173,333
1539873559.554269926	110	40	48	1	2	0	2	-65	30375	8	0	1596	1478	173,333,173,333
1539873559.567633388	124	40	48	1	2	0	2	-63	30376	7	0	1596	1478	144,444,144,444
1539873559.577831707	124	40	48	1	2	0	2	-61	30377	7	0	1596	1478	144,444,144,444
1539873559.589564200	124	40	48	1	2	0	2	-61	30378	7	0	1596	1478	144,444,144,444
1539873559.601361557	124	40	48	1	2	0	2	-61	30379	7	0	1596	1478	144,444,144,444
1539873559.613123733	124	40	48	1	2	0	2	-61	30380	7	0	1596	1478	144,444,144,444
1539873559.624845564	124	40	48	1	2	0	2	-61	30381	7	0	1596	1478	144,444,144,444
1539873559.636578523	124	40	48	1	2	0	2	-62	30382	7	0	1596	1478	144,444,144,444
1539873559.648360531	124	40	48	1	2	0	2	-62	30383	7	0	1596	1478	144,444,144,444
1539873559.660155582	118	40	48	0	2	0	2	-65	30384	8	0	1596	1478	156,156
1539873559.671936163	124	40	48	1	2	0	2	-61	30385	7	0	1596	1478	144,444,144,444
1539873559.683684783	124	40	48	1	2	0	2	-61	30386	7	0	1596	1478	144,444,144,444
1539873559.695443633	124	40	48	1	2	0	2	-60	30387	7	0	1596	1478	144,444,144,444
1539873559.707151333	124	40	48	1	2	0	2	-61	30388	7	0	1596	1478	144,444,144,444
1539873559.718927267	118	40	48	0	2	0	2	-65	30389	8	0	1596	1478	156,156
1539873559.730678462	118	40	48	0	2	0	2	-64	30390	8	0	1596	1478	156,156
1539873559.742424428	118	40	48	0	2	0	2	-64	30391	8	0	1596	1478	156,156
1539873559.754209395	118	40	48	0	2	0	2	-64	30392	8	0	1596	1478	156,156
1539873559.765978858	110	40	48	1	2	0	2	-64	30393	8	0	1596	1478	173,333,173,333
1539873559.777992161	110	40	48	1	2	0	2	-65	30395	8	0	1596	1478	173,333,173,333
1539873559.789426416	110	40	48	1	2	0	2	-64	30396	8	0	1596	1478	173,333,173,333
1539873559.801527372	110	40	48	1	2	0	2	-64	30398	8	0	1596	1478	173,333,173,333
1539873559.812989583	110	40	48	1	2	0	2	-64	30399	8	0	1596	1478	173,333,173,333
1539873559.824797904	110	40	48	1	2	0	2	-64	30400	8	0	1596	1478	173,333,173,333
1539873559.836560277	110	40	48	1	2	0	2	-64	30401	8	0	1596	1478	173,333,173,333
1539873559.848312528	110	40	48	1	2	0	2	-64	30402	8	0	1596	1478	173,333,173,333
1539873559.859944013	110	40	48	1	2	0	2	-64	30403	8	0	1596	1478	173,333,173,333
1539873559.871775145	110	40	48	1	2	0	2	-63	30404	8	0	1596	1478	173,333,173,333
1539873559.883557604	110	40	48	1	2	0	2	-63	30405	8	0	1596	1478	173,333,173,333
1539873559.895275392	110	40	48	1	2	0	2	-63	30406	8	0	1596	1478	173,333,173,333
1539873559.907095726	110	40	48	1	2	0	2	-64	30407	8	0	1596	1478	173,333,173,333
1539873559.918861662	110	40	48	1	2	0	2	-64	30408	8	0	1596	1478	173,333,173,333
1539873559.930568198	110	40	48	1	2	0	2	-64	30409	8	0	1596	1478	173,333,173,333
1539873559.942193444	110	40	48	1	2	0	2	-63	30410	8	0	1596	1478	173,333,173,333
1539873559.953956475	110	40	48	1	2	0	2	-64	30411	8	0	1596	1478	173,333,173,333
1539873559.965720562	110	40	48	1	2	0	2	-64	30412	8	0	1596	1478	173,333,173,333
1539873559.977492151	110	40	48	1	2	0	2	-64	30413	8	0	1596	1478	173,333,173,333
1539873559.989253105	110	40	48	1	2	0	2	-64	30414	8	0	1596	1478	173,333,173,333
1539873560.000974444	110	40	48	1	2	0	2	-63	30415	8	0	1596	1478	173,333,173,333
1539873560.012775339	110	40	48	1	2	0	2	-63	30416	8	0	1596	1478	173,333,173,333
1539873560.024556547	110	40	48	1	2	0	2	-63	30417	8	0	1596	1478	173,333,173,333
1539873560.036273434	110	40	48	1	2	0	2	-63	30418	8	0	1596	1478	173,333,173,333
1539873560.048057730	110	40	48	1	2	0	2	-64	30419	8	0	1596	1478	173,333,173,333
1539873560.059802328	110	40	48	1	2	0	2	-64	30420	8	0	1596	1478	173,333,173,333
1539873560.071567953	110	40	48	1	2	0	2	-64	30421	8	0	1596	1478	173,333,173,333
1539873560.084984495	124	40	48	1	2	0	2	-60	30426	7	0	1596	1478	144,444,144,444
1539873560.095100438	124	40	48	1	2	0	2	-60	30427	7	0	1596	1478	144,444,144,444
1539873560.106884227	124	40	48	1	2	0	2	-60	30428	7	0	1596	1478	144,444,144,444
1539873560.118725142	124	40	48	1	2	0	2	-59	30429	7	0	1596	1478	144,444,144,444
1539873560.130495702	124	40	48	1	2	0	2	-59	30430	7	0	1596	1478	144,444,144,444
1539873560.142168575	124	40	48	1	2	0	2	-60	30431	7	0	1596	1478	144,444,144,444
1539873560.154049906	124	40	48	1	2	0	2	-60	30432	7	0	1596	1478	144,444,144,444
1539873560.165784285	124	40	48	1	2	0	2	-59	30433	7	0	1596	1478	144,444,144,444
1539873560.177946498	124	40	48	1	2	0	2	-59	30435	7	0	1596	1478	144,444,144,444
1539873560.189322093	124	40	48	1	2	0	2	-59	30436	7	0	1596	1478	144,444,144,444
1539873560.201048099	124	40	48	1	2	0	2	-58	30437	7	0	1596	1478	144,444,144,444
1539873560.212877277	124	40	48	1	2	0	2	-59	30438	7	0	1596	1478	144,444,144,444
1539873560.224612356	124	40	48	1	2	0	2	-59	30439	7	0	1596	1478	144,444,144,444
1539873560.236246599	124	40	48	1	2	0	2	-59	30440	7	0	1596	1478	144,444,144,444
1539873560.248108512	124	40	48	1	2	0	2	-59	30441	7	0	1596	1478	144,444,144,444
1539873560.259884738	124	40	48	1	2	0	2	-59	30442	7	0	1596	1478	144,444,144,444
1539873560.271670772	124	40	48	1	2	0	2	-59	30443	7	0	1596	1478	144,444,144,444
1539873560.283439185	124	40	48	1	2	0	2	-59	30444	7	0	1596	1478	144,444,144,444
1539873560.295186478	124	40	48	1	2	0	2	-59	30445	7	0	1596	1478	144,444,144,444
1539873560.306962226	124	40	48	1	2	0	2	-58	30446	7	0	1596	1478	144,444,144,444
1539873560.318646818	124	40	48	1	2	0	2	-58	30447	7	0	1596	1478	144,444,144,444
1539873560.330439202	124	40	48	1	2	0	2	-58	30448	7	0	1596	1478	144,444,144,444
1539873560.342181220	118	40	48	0	2	0	2	-63	30449	8	0	1596	1478	156,156
1539873560.353961028	124	40	48	1	2	0	2	-59	30450	7	0	1596	1478	144,444,144,444
1539873560.365731945	124	40	48	1	2	0	2	-59	30451	7	0	1596	1478	144,444,144,444
1539873560.377433053	124	40	48	1	2	0	2	-59	30452	7	0	1596	1478	144,444,144,444
1539873560.389223685	124	40	48	1	2	0	2	-58	30453	7	0	1596	1478	144,444,144,444
1539873560.400966433	118	40	48	0	2	0	2	-61	30454	8	0	1596	1478	156,156
1539873560.412739487	118	40	48	0	2	0	2	-61	30455	8	0	1596	1478	156,156
1539873560.424535748	118	40	48	0	2	0	2	-61	30456	8	0	1596	1478	156,156
1539873560.436302066	118	40	48	0	2	0	2	-62	30457	8	0	1596	1478	156,156
1539873560.448070601	110	40	48	1	2	0	2	-62	30458	8	0	1596	1478	173,333,173,333
1539873560.459829339	110	40	48	1	2	0	2	-62	30459	8	0	1596	1478	173,333,173,333
1539873560.471597381	110	40	48	1	2	0	2	-62	30460	8	0	1596	1478	173,333,173,333
1539873560.483298931	110	40	48	1	2	0	2	-61	30461	8	0	1596	1478	173,333,173,333
1539873560.495057438	110	40	48	1	2	0	2	-61	30462	8	0	1596	1478	173,333,173,333
1539873560.506825144	110	40	48	1	2	0	2	-61	30463	8	0	1596	1478	173,333,173,333
1539873560.518622276	110	40	48	1	2	0	2	-62	30464	8	0	1596	1478	173,333,173,333
1539873560.530382997	110	40	48	1	2	0	2	-62	30465	8	0	1596	1478	173,333,173,333
1539873560.542047410	110	40	48	1	2	0	2	-62	30466	8	0	1596	1478	173,333,173,333
1539873560.553767817	110	40	48	1	2	0	2	-62	30467	8	0	1596	1478	173,333,173,333
1539873560.565619921	110	40	48	1	2	0	2	-62	30468	8	0	1596	1478	173,333,173,333
1539873560.577400598	110	40	48	1	2	0	2	-61	30469	8	0	1596	1478	173,333,173,333
1539873560.589125091	110	40	48	1	2	0	2	-61	30470	8	0	1596	1478	173,333,173,333
1539873560.600938824	110	40	48	1	2	0	2	-61	30471	8	0	1596	1478	173,333,173,333
1539873560.612702215	110	40	48	1	2	0	2	-62	30472	8	0	1596	1478	173,333,173,333
1539873560.624463104	110	40	48	1	2	0	2	-63	30473	8	0	1596	1478	173,333,173,333
1539873560.636152623	110	40	48	1	2	0	2	-63	30474	8	0	1596	1478	173,333,173,333
1539873560.649486264	124	40	48	1	2	0	2	-59	30478	7	0	1596	1478	144,444,144,444
1539873560.659735828	124	40	48	1	2	0	2	-60	30479	7	0	1596	1478	144,444,144,444
1539873560.671503799	124	40	48	1	2	0	2	-60	30480	7	0	1596	1478	144,444,144,444
1539873560.683282275	124	40	48	1	2	0	2	-60	30481	7	0	1596	1478	144,444,144,444
1539873560.694975638	124	40	48	1	2	0	2	-60	30482	7	0	1596	1478	144,444,144,444
1539873560.706781381	124	40	48	1	2	0	2	-59	30483	7	0	1596	1478	144,444,144,444
1539873560.718482990	124	40	48	1	2	0	2	-59	30484	7	0	1596	1478	144,444,144,444
1539873560.730240087	124	40	48	1	2	0	2	-58	30485	7	0	1596	1478	144,444,144,444
1539873560.742026857	118	40	48	0	2	0	2	-61	30486	8	0	1596	1478	156,156
1539873560.753816255	124	40	48	1	2	0	2	-58	30487	7	0	1596	1478	144,444,144,444
1539873560.765604305	124	40	48	1	2	0	2	-59	30488	7	0	1596	1478	144,444,144,444
1539873560.777322665	124	40	48	1	2	0	2	-58	30489	7	0	1596	1478	144,444,144,444
1539873560.788971284	124	40	48	1	2	0	2	-59	30490	7	0	1596	1478	144,444,144,444
1539873560.800859074	118	40	48	0	2	0	2	-63	30491	8	0	1596	1478	156,156
1539873560.812598968	118	40	48	0	2	0	2	-63	30492	8	0	1596	1478	156,156
1539873560.824376078	118	40	48	0	2	0	2	-63	30493	8	0	1596	1478	156,156
1539873560.836140573	118	40	48	0	2	0	2	-63	30494	8	0	1596	1478	156,156
1539873560.847894330	110	40	48	1	2	0	2	-63	30495	8	0	1596	1478	173,333,173,333
1539873560.859661520	110	40	48	1	2	0	2	-62	30496	8	0	1596	1478	173,333,173,333
1539873560.872110568	110	40	48	1	2	0	2	-61	30498	8	0	1596	1478	173,333,173,333
1539873560.883088930	110	40	48	1	2	0	2	-62	30499	8	0	1596	1478	173,333,173,333
1539873560.895640187	110	40	48	1	2	0	2	-62	30500	8	0	1596	1478	173,333,173,333
1539873560.906653385	110	40	48	1	2	0	2	-61	30501	8	0	1596	1478	173,333,173,333
1539873560.918321135	110	40	48	1	2	0	2	-61	30502	8	0	1596	1478	173,333,173,333
1539873560.930050042	110	40	48	1	2	0	2	-61	30503	8	0	1596	1478	173,333,173,333
1539873560.941815100	110	40	48	1	2	0	2	-61	30504	8	0	1596	1478	173,333,173,333
1539873560.953560168	110	40	48	1	2	0	2	-61	30505	8	0	1596	1478	173,333,173,333
1539873560.965314690	110	40	48	1	2	0	2	-63	30506	8	0	1596	1478	173,333,173,333
1539873560.977093406	110	40	48	1	2	0	2	-63	30507	8	0	1596	1478	173,333,173,333
1539873560.988854852	110	40	48	1	2	0	2	-63	30508	8	0	1596	1478	173,333,173,333
1539873561.000606502	110	40	48	1	2	0	2	-63	30509	8	0	1596	1478	173,333,173,333
1539873561.012360736	110	40	48	1	2	0	2	-63	30510	8	0	1596	1478	173,333,173,333
1539873561.024122465	110	40	48	1	2	0	2	-63	30511	8	0	1596	1478	173,333,173,333
1539873561.035886390	110	40	48	1	2	0	2	-64	30512	8	0	1596	1478	173,333,173,333
1539873561.047639192	110	40	48	1	2	0	2	-64	30513	8	0	1596	1478	173,333,173,333
1539873561.059406317	110	40	48	1	2	0	2	-64	30514	8	0	1596	1478	173,333,173,333
1539873561.071164221	110	40	48	1	2	0	2	-65	30515	8	0	1596	1478	173,333,173,333
1539873561.082899444	110	40	48	1	2	0	2	-64	30516	8	0	1596	1478	173,333,173,333
1539873561.094689033	110	40	48	1	2	0	2	-64	30517	8	0	1596	1478	173,333,173,333
1539873561.106422036	110	40	48	1	2	0	2	-65	30518	8	0	1596	1478	173,333,173,333
1539873561.118186959	110	40	48	1	2	0	2	-65	30519	8	0	1596	1478	173,333,173,333
1539873561.129933097	110	40	48	1	2	0	2	-67	30520	8	0	1596	1478	173,333,173,333
1539873561.141710490	110	40	48	1	2	0	2	-68	30521	8	0	1596	1478	173,333,173,333
1539873561.153468765	110	40	48	1	2	0	2	-67	30522	8	0	1596	1478	173,333,173,333
1539873561.165204288	110	40	48	1	2	0	2	-68	30523	8	0	1596	1478	173,333,173,333
1539873561.176960195	110	40	48	1	2	0	2	-67	30524	8	0	1596	1478	173,333,173,333
1539873561.188869813	110	40	48	1	2	0	2	-67	30525	8	0	1596	1478	173,333,173,333
1539873561.200666300	110	40	48	1	2	0	2	-67	30526	8	0	1596	1478	173,333,173,333
1539873561.212442646	110	40	48	1	2	0	2	-66	30527	8	0	1596	1478	173,333,173,333
1539873561.224143517	110	40	48	1	2	0	2	-66	30528	8	0	1596	1478	173,333,173,333
1539873561.235956965	110	40	48	1	2	0	2	-66	30529	8	0	1596	1478	173,333,173,333
1539873561.247669887	110	40	48	1	2	0	2	-65	30530	8	0	1596	1478	173,333,173,333
1539873561.259441575	110	40	48	1	2	0	2	-65	30531	8	0	1596	1478	173,333,173,333
1539873561.271221076	110	40	48	1	2	0	2	-65	30532	8	0	1596	1478	173,333,173,333
1539873561.282983464	110	40	48	1	2	0	2	-65	30533	8	0	1596	1478	173,333,173,333
1539873561.294751812	110	40	48	1	2	0	2	-65	30534	8	0	1596	1478	173,333,173,333
1539873561.306536377	110	40	48	1	2	0	2	-64	30535	8	0	1596	1478	173,333,173,333
1539873561.318120010	110	40	48	1	2	0	2	-66	30536	8	0	1596	1478	173,333,173,333
1539873561.329979720	110	40	48	1	2	0	2	-65	30537	8	0	1596	1478	173,333,173,333
1539873561.341780957	110	40	48	1	2	0	2	-66	30538	8	0	1596	1478	173,333,173,333
1539873561.353555944	110	40	48	1	2	0	2	-66	30539	8	0	1596	1478	173,333,173,333
1539873561.365319322	110	40	48	1	2	0	2	-66	30540	8	0	1596	1478	173,333,173,333
1539873561.377094761	110	40	48	1	2	0	2	-64	30541	8	0	1596	1478	173,333,173,333
1539873561.388850500	110	40	48	1	2	0	2	-65	30542	8	0	1596	1478	173,333,173,333
1539873561.400474762	110	40	48	1	2	0	2	-65	30543	8	0	1596	1478	173,333,173,333
1539873561.412327213	110	40	48	1	2	0	2	-65	30544	8	0	1596	1478	173,333,173,333
1539873561.424187729	110	40	48	1	2	0	2	-66	30545	8	0	1596	1478	173,333,173,333
1539873561.435884055	110	40	48	1	2	0	2	-65	30546	8	0	1596	1478	173,333,173,333
1539873561.447591969	110	40	48	1	2	0	2	-65	30547	8	0	1596	1478	173,333,173,333
1539873561.459429019	110	40	48	1	2	0	2	-66	30548	8	0	1596	1478	173,333,173,333
1539873561.471213567	110	40	48	1	2	0	2	-65	30549	8	0	1596	1478	173,333,173,333
1539873561.482952698	110	40	48	1	2	0	2	-64	30550	8	0	1596	1478	173,333,173,333
1539873561.494661889	110	40	48	1	2	0	2	-65	30551	8	0	1596	1478	173,333,173,333
1539873561.506458923	110	40	48	1	2	0	2	-65	30552	8	0	1596	1478	173,333,173,333
1539873561.518332839	110	40	48	1	2	0	2	-66	30553	8	0	1596	1478	173,333,173,333
1539873561.530058151	110	40	48	1	2	0	2	-65	30554	8	0	1596	1478	173,333,173,333
1539873561.541849005	110	40	48	1	2	0	2	-65	30555	8	0	1596	1478	173,333,173,333
1539873561.553593367	110	40	48	1	2	0	2	-64	30556	8	0	1596	1478	173,333,173,333
1539873561.565309382	110	40	48	1	2	0	2	-65	30557	8	0	1596	1478	173,333,173,333
1539873561.577093439	110	40	48	1	2	0	2	-65	30558	8	0	1596	1478	173,333,173,333
1539873561.588759825	110	40	48	1	2	0	2	-65	30559	8	0	1596	1478	173,333,173,333
1539873561.600630276	110	40	48	1	2	0	2	-65	30560	8	0	1596	1478	173,333,173,333
1539873561.612652588	110	40	48	1	2	0	2	-65	30561	8	0	1596	1478	173,333,173,333
1539873561.624068885	110	40	48	1	2	0	2	-65	30562	8	0	1596	1478	173,333,173,333
1539873561.635826545	110	40	48	1	2	0	2	-65	30563	8	0	1596	1478	173,333,173,333
1539873561.647523183	110	40	48	1	2	0	2	-65	30564	8	0	1596	1478	173,333,173,333
1539873561.659288039	110	40	48	1	2	0	2	-65	30565	8	0	1596	1478	173,333,173,333
1539873561.671062024	110	40	48	1	2	0	2	-65	30566	8	0	1596	1478	173,333,173,333
1539873561.682841105	110	40	48	1	2	0	2	-64	30567	8	0	1596	1478	173,333,173,333
1539873561.694617561	110	40	48	1	2	0	2	-65	30568	8	0	1596	1478	173,333,173,333
1539873561.706383438	110	40	48	1	2	0	2	-65	30569	8	0	1596	1478	173,333,173,333
1539873561.718062691	110	40	48	1	2	0	2	-65	30570	8	0	1596	1478	173,333,173,333
1539873561.729836857	110	40	48	1	2	0	2	-64	30571	8	0	1596	1478	173,333,173,333
1539873561.741622433	110	40	48	1	2	0	2	-66	30572	8	0	1596	1478	173,333,173,333
1539873561.753402901	110	40	48	1	2	0	2	-65	30573	8	0	1596	1478	173,333,173,333
1539873561.765172723	110	40	48	1	2	0	2	-65	30574	8	0	1596	1478	173,333,173,333
1539873561.776940319	110	40	48	1	2	0	2	-65	30575	8	0	1596	1478	173,333,173,333
1539873561.788693594	110	40	48	1	2	0	2	-64	30576	8	0	1596	1478	173,333,173,333
1539873561.800358281	110	40	48	1	2	0	2	-64	30577	8	0	1596	1478	173,333,173,333
1539873561.812165849	110	40	48	1	2	0	2	-65	30578	8	0	1596	1478	173,333,173,333
1539873561.823931750	110	40	48	1	2	0	2	-64	30579	8	0	1596	1478	173,333,173,333
1539873561.835724864	110	40	48	1	2	0	2	-65	30580	8	0	1596	1478	173,333,173,333
1539873561.847513029	110	40	48	1	2	0	2	-65	30581	8	0	1596	1478	173,333,173,333
1539873561.859265063	110	40	48	1	2	0	2	-65	30582	8	0	1596	1478	173,333,173,333
1539873561.870883109	110	40	48	1	2	0	2	-66	30583	8	0	1596	1478	173,333,173,333
1539873561.882626209	110	40	48	1	2	0	2	-65	30584	8	0	1596	1478	173,333,173,333
1539873561.894343112	110	40	48	1	2	0	2	-66	30585	8	0	1596	1478	173,333,173,333
1539873561.906072223	110	40	48	1	2	0	2	-65	30586	8	0	1596	1478	173,333,173,333
1539873561.917869821	110	40	48	1	2	0	2	-65	30587	8	0	1596	1478	173,333,173,333
1539873561.929745507	110	40	48	1	2	0	2	-65	30588	8	0	1596	1478	173,333,173,333
1539873561.941581662	110	40	48	1	2	0	2	-65	30589	8	0	1596	1478	173,333,173,333
1539873561.953274251	110	40	48	1	2	0	2	-66	30590	8	0	1596	1478	173,333,173,333
1539873561.965063217	110	40	48	1	2	0	2	-65	30591	8	0	1596	1478	173,333,173,333
1539873561.976850922	110	40	48	1	2	0	2	-65	30592	8	0	1596	1478	173,333,173,333
1539873561.988444160	110	40	48	1	2	0	2	-64	30593	8	0	1596	1478	173,333,173,333
1539873562.000343399	110	40	48	1	2	0	2	-63	30594	8	0	1596	1478	173,333,173,333
1539873562.012138263	110	40	48	1	2	0	2	-64	30595	8	0	1596	1478	173,333,173,333
1539873562.023903170	110	40	48	1	2	0	2	-64	30596	8	0	1596	1478	173,333,173,333
1539873562.035603303	110	40	48	1	2	0	2	-63	30597	8	0	1596	1478	173,333,173,333
1539873562.047378488	110	40	48	1	2	0	2	-64	30598	8	0	1596	1478	173,333,173,333
1539873562.059170831	110	40	48	1	2	0	2	-64	30599	8	0	1596	1478	173,333,173,333
1539873562.072470427	124	40	48	1	2	0	2	-60	30600	7	0	1596	1478	144,444,144,444
1539873562.082712571	124	40	48	1	2	0	2	-62	30601	7	0	1596	1478	144,444,144,444
1539873562.094504599	124	40	48	1	2	0	2	-60	30602	7	0	1596	1478	144,444,144,444
1539873562.107834117	144	40	48	0	2	0	2	-62	30604	6	0	1596	1478	117,117
1539873562.117978633	144	40	48	0	2	0	2	-61	30605	6	0	1596	1478	117,117
1539873562.129743612	144	40	48	0	2	0	2	-62	30606	6	0	1596	1478	117,117
1539873562.141515598	144	40	48	0	2	0	2	-62	30607	6	0	1596	1478	117,117
1539873562.153281996	144	40	48	0	2	0	2	-63	30608	6	0	1596	1478	117,117
1539873562.165039111	144	40	48	0	2	0	2	-61	30609	6	0	1596	1478	117,117
1539873562.176824522	144	40	48	0	2	0	2	-62	30610	6	0	1596	1478	117,117
1539873562.188446256	144	40	48	0	2	0	2	-60	30611	6	0	1596	1478	117,117
1539873562.200273891	134	40	48	0	2	0	2	-60	30612	7	0	1596	1478	130,130
1539873562.212075685	144	40	48	0	2	0	2	-58	30613	6	0	1596	1478	117,117
1539873562.223846336	144	40	48	0	2	0	2	-59	30614	6	0	1596	1478	117,117
1539873562.235606791	144	40	48	0	2	0	2	-58	30615	6	0	1596	1478	117,117
1539873562.247375024	144	40	48	0	2	0	2	-58	30616	6	0	1596	1478	117,117
1539873562.259128787	134	40	48	0	2	0	2	-59	30617	7	0	1596	1478	130,130
1539873562.270833932	144	40	48	0	2	0	2	-61	30618	6	0	1596	1478	117,117
1539873562.282610970	144	40	48	0	2	0	2	-59	30619	6	0	1596	1478	117,117
1539873562.294394731	144	40	48	0	2	0	2	-58	30620	6	0	1596	1478	117,117
1539873562.306160148	144	40	48	0	2	0	2	-56	30621	6	0	1596	1478	117,117
1539873562.317926563	134	40	48	0	2	0	2	-55	30622	7	0	1596	1478	130,130
1539873562.329698557	144	40	48	0	2	0	2	-56	30623	6	0	1596	1478	117,117
1539873562.341463705	144	40	48	0	2	0	2	-58	30624	6	0	1596	1478	117,117
1539873562.353141467	144	40	48	0	2	0	2	-58	30625	6	0	1596	1478	117,117
1539873562.364923373	144	40	48	0	2	0	2	-58	30626	6	0	1596	1478	117,117
1539873562.376688387	134	40	48	0	2	0	2	-58	30627	7	0	1596	1478	130,130
1539873562.388474014	124	40	48	1	2	0	2	-58	30628	7	0	1596	1478	144,444,144,444
1539873562.400124846	124	40	48	1	2	0	2	-57	30629	7	0	1596	1478	144,444,144,444
1539873562.412018116	124	40	48	1	2	0	2	-57	30630	7	0	1596	1478	144,444,144,444
1539873562.423737230	124	40	48	1	2	0	2	-58	30631	7	0	1596	1478	144,444,144,444
1539873562.435394683	118	40	48	0	2	0	2	-62	30632	8	0	1596	1478	156,156
1539873562.447251190	124	40	48	1	2	0	2	-58	30633	7	0	1596	1478	144,444,144,444
1539873562.459004242	124	40	48	1	2	0	2	-58	30634	7	0	1596	1478	144,444,144,444
1539873562.470786479	124	40	48	1	2	0	2	-58	30635	7	0	1596	1478	144,444,144,444
1539873562.482559521	124	40	48	1	2	0	2	-59	30636	7	0	1596	1478	144,444,144,444
1539873562.494299718	118	40	48	0	2	0	2	-62	30637	8	0	1596	1478	156,156
1539873562.506071765	118	40	48	0	2	0	2	-62	30638	8	0	1596	1478	156,156
1539873562.517679351	118	40	48	0	2	0	2	-63	30639	8	0	1596	1478	156,156
1539873562.529500204	118	40	48	0	2	0	2	-63	30640	8	0	1596	1478	156,156
1539873562.542031428	110	40	48	1	2	0	2	-63	30642	8	0	1596	1478	173,333,173,333
1539873562.554610195	124	40	48	1	2	0	2	-59	30643	7	0	1596	1478	144,444,144,444
1539873562.564880099	124	40	48	1	2	0	2	-59	30644	7	0	1596	1478	144,444,144,444
1539873562.576669376	124	40	48	1	2	0	2	-59	30645	7	0	1596	1478	144,444,144,444
1539873562.588316050	124	40	48	1	2	0	2	-59	30646	7	0	1596	1478	144,444,144,444
1539873562.600118725	124	40	48	1	2	0	2	-58	30647	7	0	1596	1478	144,444,144,444
1539873562.611890316	124	40	48	1	2	0	2	-58	30648	7	0	1596	1478	144,444,144,444
1539873562.623662944	124	40	48	1	2	0	2	-58	30649	7	0	1596	1478	144,444,144,444
1539873562.635434827	124	40	48	1	2	0	2	-58	30650	7	0	1596	1478	144,444,144,444
1539873562.647622893	124	40	48	1	2	0	2	-58	30651	7	0	1596	1478	144,444,144,444
1539873562.658939071	124	40	48	1	2	0	2	-58	30652	7	0	1596	1478	144,444,144,444
1539873562.670642433	124	40	48	1	2	0	2	-57	30653	7	0	1596	1478	144,444,144,444
1539873562.682436714	124	40	48	1	2	0	2	-57	30654	7	0	1596	1478	144,444,144,444
1539873562.694215845	124	40	48	1	2	0	2	-57	30655	7	0	1596	1478	144,444,144,444
1539873562.705961276	124	40	48	1	2	0	2	-56	30656	7	0	1596	1478	144,444,144,444
1539873562.717748317	124	40	48	1	2	0	2	-57	30657	7	0	1596	1478	144,444,144,444
1539873562.730332335	124	40	48	1	2	0	2	-58	30659	7	0	1596	1478	144,444,144,444
1539873562.741293088	124	40	48	1	2	0	2	-58	30660	7	0	1596	1478	144,444,144,444
1539873562.752982841	124	40	48	1	2	0	2	-59	30661	7	0	1596	1478	144,444,144,444
1539873562.765949523	124	40	48	1	2	0	2	-59	30664	7	0	1596	1478	144,444,144,444
1539873562.776564036	124	40	48	1	2	0	2	-59	30665	7	0	1596	1478	144,444,144,444
1539873562.788311858	124	40	48	1	2	0	2	-61	30666	7	0	1596	1478	144,444,144,444
1539873562.800099360	124	40	48	1	2	0	2	-63	30667	7	0	1596	1478	144,444,144,444
1539873562.812223465	124	40	48	1	2	0	2	-60	30669	7	0	1596	1478	144,444,144,444
1539873562.823564267	124	40	48	1	2	0	2	-59	30670	7	0	1596	1478	144,444,144,444
1539873562.835308142	124	40	48	1	2	0	2	-58	30671	7	0	1596	1478	144,444,144,444
1539873562.847063735	124	40	48	1	2	0	2	-57	30672	7	0	1596	1478	144,444,144,444
1539873562.858667763	124	40	48	1	2	0	2	-58	30673	7	0	1596	1478	144,444,144,444
1539873562.870446930	124	40	48	1	2	0	2	-60	30674	7	0	1596	1478	144,444,144,444
1539873562.882207242	124	40	48	1	2	0	2	-61	30675	7	0	1596	1478	144,444,144,444
1539873562.893954005	124	40	48	1	2	0	2	-62	30676	7	0	1596	1478	144,444,144,444
1539873562.905719496	124	40	48	1	2	0	2	-61	30677	7	0	1596	1478	144,444,144,444
1539873562.917446119	124	40	48	1	2	0	2	-61	30678	7	0	1596	1478	144,444,144,444
1539873562.929243808	124	40	48	1	2	0	2	-61	30679	7	0	1596	1478	144,444,144,444
1539873562.940892274	124	40	48	1	2	0	2	-59	30681	7	0	1596	1478	144,444,144,444
1539873562.952740846	124	40	48	1	2	0	2	-58	30682	7	0	1596	1478	144,444,144,444
1539873562.964554303	124	40	48	1	2	0	2	-57	30683	7	0	1596	1478	144,444,144,444
1539873562.976290918	118	40	48	0	2	0	2	-60	30684	8	0	1596	1478	156,156
1539873562.988010423	124	40	48	1	2	0	2	-56	30685	7	0	1596	1478	144,444,144,444
1539873562.999753531	124	40	48	1	2	0	2	-57	30686	7	0	1596	1478	144,444,144,444
1539873563.011574989	124	40	48	1	2	0	2	-57	30687	7	0	1596	1478	144,444,144,444
1539873563.023617076	124	40	48	1	2	0	2	-57	30690	7	0	1596	1478	144,444,144,444
1539873563.035038548	124	40	48	1	2	0	2	-57	30703	7	0	1596	1478	144,444,144,444
1539873563.046788423	124	40	48	1	2	0	2	-57	30716	7	0	1596	1478	144,444,144,444
1539873563.058517016	124	40	48	1	2	0	2	-56	30729	7	0	1596	1478	144,444,144,444
1539873563.072416482	124	40	48	1	2	0	2	-56	30745	7	0	1596	1478	144,444,144,444
1539873563.082104387	124	40	48	1	2	0	2	-57	30753	7	0	1596	1478	144,444,144,444
1539873563.093788369	124	40	48	1	2	0	2	-57	30767	7	0	1596	1478	144,444,144,444
1539873563.105646835	124	40	48	1	2	0	2	-57	30776	7	0	1596	1478	144,444,144,444
1539873563.117391292	118	40	48	0	2	0	2	-61	30777	8	0	1596	1478	156,156
1539873563.129164746	124	40	48	1	2	0	2	-57	30778	7	0	1596	1478	144,444,144,444
1539873563.141055444	124	40	48	1	2	0	2	-57	30779	7	0	1596	1478	144,444,144,444
1539873563.152828879	124	40	48	1	2	0	2	-57	30780	7	0	1596	1478	144,444,144,444
1539873563.164604430	124	40	48	1	2	0	2	-59	30781	7	0	1596	1478	144,444,144,444
1539873563.176786198	124	40	48	1	2	0	2	-62	30782	7	0	1596	1478	144,444,144,444
1539873563.188138687	124	40	48	1	2	0	2	-61	30783	7	0	1596	1478	144,444,144,444
1539873563.199694797	124	40	48	1	2	0	2	-59	30784	7	0	1596	1478	144,444,144,444
1539873563.211604546	124	40	48	1	2	0	2	-58	30785	7	0	1596	1478	144,444,144,444
1539873563.223378046	124	40	48	1	2	0	2	-59	30786	7	0	1596	1478	144,444,144,444
1539873563.235165814	124	40	48	1	2	0	2	-58	30787	7	0	1596	1478	144,444,144,444
1539873563.246906025	124	40	48	1	2	0	2	-57	30788	7	0	1596	1478	144,444,144,444
1539873563.258687717	124	40	48	1	2	0	2	-59	30789	7	0	1596	1478	144,444,144,444
1539873563.270421820	124	40	48	1	2	0	2	-59	30790	7	0	1596	1478	144,444,144,444
1539873563.282165095	124	40	48	1	2	0	2	-58	30791	7	0	1596	1478	144,444,144,444
1539873563.294039751	124	40	48	1	2	0	2	-58	30792	7	0	1596	1478	144,444,144,444
1539873563.305808829	124	40	48	1	2	0	2	-59	30793	7	0	1596	1478	144,444,144,444
1539873563.317597443	124	40	48	1	2	0	2	-61	30794	7	0	1596	1478	144,444,144,444
1539873563.329279901	124	40	48	1	2	0	2	-59	30795	7	0	1596	1478	144,444,144,444
1539873563.341104506	118	40	48	0	2	0	2	-64	30796	8	0	1596	1478	156,156
1539873563.353445337	124	40	48	1	2	0	2	-59	30797	7	0	1596	1478	144,444,144,444
1539873563.364520561	124	40	48	1	2	0	2	-57	30798	7	0	1596	1478	144,444,144,444
1539873563.376374995	124	40	48	1	2	0	2	-55	30799	7	0	1596	1478	144,444,144,444
1539873563.388141170	124	40	48	1	2	0	2	-56	30800	7	0	1596	1478	144,444,144,444
1539873563.400269054	124	40	48	1	2	0	2	-56	30802	7	0	1596	1478	144,444,144,444
1539873563.411636929	124	40	48	1	2	0	2	-55	30803	7	0	1596	1478	144,444,144,444
1539873563.423446903	124	40	48	1	2	0	2	-53	30804	7	0	1596	1478	144,444,144,444
1539873563.434896927	124	40	48	1	2	0	2	-54	30805	7	0	1596	1478	144,444,144,444
1539873563.446815378	124	40	48	1	2	0	2	-55	30806	7	0	1596	1478	144,444,144,444
1539873563.458609405	124	40	48	1	2	0	2	-55	30807	7	0	1596	1478	144,444,144,444
1539873563.470380764	124	40	48	1	2	0	2	-56	30808	7	0	1596	1478	144,444,144,444
1539873563.482107115	124	40	48	1	2	0	2	-58	30809	7	0	1596	1478	144,444,144,444
1539873563.493900840	124	40	48	1	2	0	2	-59	30810	7	0	1596	1478	144,444,144,444
1539873563.505714449	124	40	48	1	2	0	2	-57	30811	7	0	1596	1478	144,444,144,444
1539873563.517377435	124	40	48	1	2	0	2	-56	30812	7	0	1596	1478	144,444,144,444
1539873563.529249579	124	40	48	1	2	0	2	-54	30813	7	0	1596	1478	144,444,144,444
1539873563.541026586	124	40	48	1	2	0	2	-55	30814	7	0	1596	1478	144,444,144,444
1539873563.552791343	124	40	48	1	2	0	2	-56	30815	7	0	1596	1478	144,444,144,444
1539873563.564957204	124	40	48	1	2	0	2	-57	30817	7	0	1596	1478	144,444,144,444
1539873563.576331855	124	40	48	1	2	0	2	-59	30818	7	0	1596	1478	144,444,144,444
1539873563.588422866	124	40	48	1	2	0	2	-58	30819	7	0	1596	1478	144,444,144,444
1539873563.599591825	124	40	48	1	2	0	2	-59	30820	7	0	1596	1478	144,444,144,444
1539873563.611471852	124	40	48	1	2	0	2	-59	30821	7	0	1596	1478	144,444,144,444
1539873563.623252656	124	40	48	1	2	0	2	-57	30822	7	0	1596	1478	144,444,144,444
1539873563.635020341	124	40	48	1	2	0	2	-57	30823	7	0	1596	1478	144,444,144,444
1539873563.646787857	124	40	48	1	2	0	2	-57	30824	7	0	1596	1478	144,444,144,444
1539873563.658529632	124	40	48	1	2	0	2	-57	30825	7	0	1596	1478	144,444,144,444
1539873563.670332282	124	40	48	1	2	0	2	-57	30826	7	0	1596	1478	144,444,144,444
1539873563.682023440	124	40	48	1	2	0	2	-56	30827	7	0	1596	1478	144,444,144,444
1539873563.693801743	124	40	48	1	2	0	2	-56	30828	7	0	1596	1478	144,444,144,444
1539873563.705579307	124	40	48	1	2	0	2	-54	30829	7	0	1596	1478	144,444,144,444
1539873563.717211471	124	40	48	1	2	0	2	-54	30830	7	0	1596	1478	144,444,144,444
1539873563.729003697	118	40	48	0	2	0	2	-59	30831	8	0	1596	1478	156,156
1539873563.740865434	118	40	48	0	2	0	2	-61	30832	8	0	1596	1478	156,156
1539873563.752577772	118	40	48	0	2	0	2	-61	30833	8	0	1596	1478	156,156
1539873563.764338314	110	40	48	1	2	0	2	-59	30834	8	0	1596	1478	173,333,173,333
1539873563.777515106	124	40	48	1	2	0	2	-54	30835	7	0	1596	1478	144,444,144,444
1539873563.787896671	124	40	48	1	2	0	2	-53	30836	7	0	1596	1478	144,444,144,444
1539873563.799672257	124	40	48	1	2	0	2	-52	30837	7	0	1596	1478	144,444,144,444
1539873563.811399256	124	40	48	1	2	0	2	-53	30838	7	0	1596	1478	144,444,144,444
1539873563.823165795	124	40	48	1	2	0	2	-53	30839	7	0	1596	1478	144,444,144,444
1539873563.834755910	124	40	48	1	2	0	2	-54	30840	7	0	1596	1478	144,444,144,444
1539873563.846464867	124	40	48	1	2	0	2	-53	30841	7	0	1596	1478	144,444,144,444
1539873563.858212310	124	40	48	1	2	0	2	-52	30842	7	0	1596	1478	144,444,144,444
1539873563.870185835	118	40	48	0	2	0	2	-55	30843	8	0	1596	1478	156,156
1539873563.881999356	124	40	48	1	2	0	2	-52	30844	7	0	1596	1478	144,444,144,444
1539873563.893640940	124	40	48	1	2	0	2	-53	30845	7	0	1596	1478	144,444,144,444
1539873563.905348373	124	40	48	1	2	0	2	-54	30846	7	0	1596	1478	144,444,144,444
1539873563.917233206	124	40	48	1	2	0	2	-57	30847	7	0	1596	1478	144,444,144,444
1539873563.928999243	118	40	48	0	2	0	2	-63	30848	8	0	1596	1478	156,156
1539873563.940808718	124	40	48	1	2	0	2	-61	30849	7	0	1596	1478	144,444,144,444
1539873563.952574173	124	40	48	1	2	0	2	-61	30850	7	0	1596	1478	144,444,144,444
1539873563.964292441	124	40	48	1	2	0	2	-57	30851	7	0	1596	1478	144,444,144,444
1539873563.976023062	124	40	48	1	2	0	2	-56	30852	7	0	1596	1478	144,444,144,444
1539873563.987713988	118	40	48	0	2	0	2	-61	30853	8	0	1596	1478	156,156
1539873563.999503328	118	40	48	0	2	0	2	-63	30854	8	0	1596	1478	156,156
1539873564.011335890	118	40	48	0	2	0	2	-63	30855	8	0	1596	1478	156,156
1539873564.023120463	118	40	48	0	2	0	2	-61	30856	8	0	1596	1478	156,156
1539873564.034850833	110	40	48	1	2	0	2	-60	30857	8	0	1596	1478	173,333,173,333
1539873564.046631790	110	40	48	1	2	0	2	-60	30858	8	0	1596	1478	173,333,173,333
1539873564.058311445	110	40	48	1	2	0	2	-60	30859	8	0	1596	1478	173,333,173,333
1539873564.070140305	110	40	48	1	2	0	2	-60	30860	8	0	1596	1478	173,333,173,333
1539873564.081885777	110	40	48	1	2	0	2	-60	30861	8	0	1596	1478	173,333,173,333
1539873564.110609056	110	40	48	1	2	0	2	-59	30862	8	0	1596	1478	173,333,173,333
1539873564.111000867	110	40	48	1	2	0	2	-59	30863	8	0	1596	1478	173,333,173,333
1539873564.117180760	110	40	48	1	2	0	2	-59	30864	8	0	1596	1478	173,333,173,333
1539873564.128954470	110	40	48	1	2	0	2	-59	30865	8	0	1596	1478	173,333,173,333
1539873564.140698748	110	40	48	1	2	0	2	-59	30866	8	0	1596	1478	173,333,173,333
1539873564.152390117	110	40	48	1	2	0	2	-59	30867	8	0	1596	1478	173,333,173,333
1539873564.164169545	110	40	48	1	2	0	2	-59	30868	8	0	1596	1478	173,333,173,333
1539873564.175957554	110	40	48	1	2	0	2	-60	30869	8	0	1596	1478	173,333,173,333
1539873564.187715709	110	40	48	1	2	0	2	-60	30870	8	0	1596	1478	173,333,173,333
1539873564.199530428	110	40	48	1	2	0	2	-60	30871	8	0	1596	1478	173,333,173,333
1539873564.211234639	110	40	48	1	2	0	2	-60	30872	8	0	1596	1478	173,333,173,333
1539873564.222946936	110	40	48	1	2	0	2	-60	30873	8	0	1596	1478	173,333,173,333
1539873564.234747688	110	40	48	1	2	0	2	-60	30874	8	0	1596	1478	173,333,173,333
1539873564.246533459	110	40	48	1	2	0	2	-61	30875	8	0	1596	1478	173,333,173,333
1539873564.258296983	110	40	48	1	2	0	2	-63	30876	8	0	1596	1478	173,333,173,333
1539873564.270069764	110	40	48	1	2	0	2	-64	30877	8	0	1596	1478	173,333,173,333
1539873564.281814057	110	40	48	1	2	0	2	-64	30878	8	0	1596	1478	173,333,173,333
1539873564.293593108	110	40	48	1	2	0	2	-65	30879	8	0	1596	1478	173,333,173,333
1539873564.305274101	110	40	48	1	2	0	2	-64	30880	8	0	1596	1478	173,333,173,333
1539873564.316909175	110	40	48	1	2	0	2	-63	30881	8	0	1596	1478	173,333,173,333
1539873564.328835588	110	40	48	1	2	0	2	-62	30882	8	0	1596	1478	173,333,173,333
1539873564.340571461	110	40	48	1	2	0	2	-61	30883	8	0	1596	1478	173,333,173,333
1539873564.352348398	110	40	48	1	2	0	2	-61	30884	8	0	1596	1478	173,333,173,333
1539873564.364121301	110	40	48	1	2	0	2	-61	30885	8	0	1596	1478	173,333,173,333
1539873564.375913285	110	40	48	1	2	0	2	-61	30886	8	0	1596	1478	173,333,173,333
1539873564.387607289	110	40	48	1	2	0	2	-61	30887	8	0	1596	1478	173,333,173,333
1539873564.399392364	110	40	48	1	2	0	2	-61	30888	8	0	1596	1478	173,333,173,333
1539873564.411137900	110	40	48	1	2	0	2	-61	30889	8	0	1596	1478	173,333,173,333
1539873564.422926266	110	40	48	1	2	0	2	-61	30890	8	0	1596	1478	173,333,173,333
1539873564.434700338	110	40	48	1	2	0	2	-62	30891	8	0	1596	1478	173,333,173,333
1539873564.446473173	110	40	48	1	2	0	2	-63	30892	8	0	1596	1478	173,333,173,333
1539873564.458070879	110	40	48	1	2	0	2	-62	30893	8	0	1596	1478	173,333,173,333
1539873564.469934248	110	40	48	1	2	0	2	-62	30894	8	0	1596	1478	173,333,173,333
1539873564.481720229	110	40	48	1	2	0	2	-62	30895	8	0	1596	1478	173,333,173,333
1539873564.493495889	110	40	48	1	2	0	2	-61	30896	8	0	1596	1478	173,333,173,333
1539873564.505239196	110	40	48	1	2	0	2	-61	30897	8	0	1596	1478	173,333,173,333
1539873564.517010286	110	40	48	1	2	0	2	-61	30898	8	0	1596	1478	173,333,173,333
1539873564.528776936	110	40	48	1	2	0	2	-61	30899	8	0	1596	1478	173,333,173,333
1539873564.540498924	110	40	48	1	2	0	2	-60	30900	8	0	1596	1478	173,333,173,333
1539873564.552258152	110	40	48	1	2	0	2	-61	30901	8	0	1596	1478	173,333,173,333
1539873564.564027842	110	40	48	1	2	0	2	-62	30902	8	0	1596	1478	173,333,173,333
1539873564.575813712	110	40	48	1	2	0	2	-64	30903	8	0	1596	1478	173,333,173,333
1539873564.587534768	110	40	48	1	2	0	2	-65	30904	8	0	1596	1478	173,333,173,333
1539873564.599390744	110	40	48	1	2	0	2	-64	30905	8	0	1596	1478	173,333,173,333
1539873564.611025712	110	40	48	1	2	0	2	-61	30906	8	0	1596	1478	173,333,173,333
1539873564.622805617	110	40	48	1	2	0	2	-59	30907	8	0	1596	1478	173,333,173,333
1539873564.634591924	110	40	48	1	2	0	2	-58	30908	8	0	1596	1478	173,333,173,333
1539873564.646357120	110	40	48	1	2	0	2	-58	30909	8	0	1596	1478	173,333,173,333
1539873564.658147139	110	40	48	1	2	0	2	-60	30910	8	0	1596	1478	173,333,173,333
1539873564.669887677	110	40	48	1	2	0	2	-62	30911	8	0	1596	1478	173,333,173,333
1539873564.681657677	110	40	48	1	2	0	2	-65	30912	8	0	1596	1478	173,333,173,333
1539873564.693415335	110	40	48	1	2	0	2	-66	30913	8	0	1596	1478	173,333,173,333
1539873564.705109333	110	40	48	1	2	0	2	-65	30914	8	0	1596	1478	173,333,173,333
1539873564.716898110	110	40	48	1	2	0	2	-60	30915	8	0	1596	1478	173,333,173,333
1539873564.728559950	110	40	48	1	2	0	2	-59	30916	8	0	1596	1478	173,333,173,333
1539873564.740463075	110	40	48	1	2	0	2	-59	30917	8	0	1596	1478	173,333,173,333
1539873564.752229091	110	40	48	1	2	0	2	-60	30918	8	0	1596	1478	173,333,173,333
1539873564.763961609	110	40	48	1	2	0	2	-60	30919	8	0	1596	1478	173,333,173,333
1539873564.777237048	124	40	48	1	2	0	2	-58	30920	7	0	1596	1478	144,444,144,444
1539873564.787468548	124	40	48	1	2	0	2	-59	30921	7	0	1596	1478	144,444,144,444
1539873564.799124983	124	40	48	1	2	0	2	-60	30922	7	0	1596	1478	144,444,144,444
1539873564.810873310	124	40	48	1	2	0	2	-59	30923	7	0	1596	1478	144,444,144,444
1539873564.822605841	124	40	48	1	2	0	2	-58	30924	7	0	1596	1478	144,444,144,444
1539873564.834380644	124	40	48	1	2	0	2	-56	30925	7	0	1596	1478	144,444,144,444
1539873564.846146091	124	40	48	1	2	0	2	-54	30926	7	0	1596	1478	144,444,144,444
1539873564.857901527	124	40	48	1	2	0	2	-54	30927	7	0	1596	1478	144,444,144,444
1539873564.869640977	118	40	48	0	2	0	2	-56	30928	8	0	1596	1478	156,156
1539873564.881407485	124	40	48	1	2	0	2	-53	30929	7	0	1596	1478	144,444,144,444
1539873564.893161748	124	40	48	1	2	0	2	-53	30930	7	0	1596	1478	144,444,144,444
1539873564.904949785	124	40	48	1	2	0	2	-53	30931	7	0	1596	1478	144,444,144,444
1539873564.916676628	124	40	48	1	2	0	2	-55	30932	7	0	1596	1478	144,444,144,444
1539873564.928843495	124	40	48	1	2	0	2	-56	30934	7	0	1596	1478	144,444,144,444
1539873564.940336258	124	40	48	1	2	0	2	-58	30935	7	0	1596	1478	144,444,144,444
1539873564.952146835	124	40	48	1	2	0	2	-60	30936	7	0	1596	1478	144,444,144,444
1539873564.965454607	144	40	48	0	2	0	2	-61	30937	6	0	1596	1478	117,117
1539873564.975695927	144	40	48	0	2	0	2	-60	30938	6	0	1596	1478	117,117
1539873564.987473179	144	40	48	0	2	0	2	-59	30939	6	0	1596	1478	117,117
1539873564.999184930	144	40	48	0	2	0	2	-59	30940	6	0	1596	1478	117,117
1539873565.010903366	144	40	48	0	2	0	2	-58	30941	6	0	1596	1478	117,117
1539873565.022712141	144	40	48	0	2	0	2	-58	30942	6	0	1596	1478	117,117
1539873565.034496073	144	40	48	0	2	0	2	-57	30943	6	0	1596	1478	117,117
1539873565.046242053	144	40	48	0	2	0	2	-57	30944	6	0	1596	1478	117,117
1539873565.057993761	144	40	48	0	2	0	2	-58	30945	6	0	1596	1478	117,117
1539873565.069769570	144	40	48	0	2	0	2	-59	30946	6	0	1596	1478	117,117
1539873565.081408910	144	40	48	0	2	0	2	-59	30947	6	0	1596	1478	117,117
1539873565.093196561	134	40	48	0	2	0	2	-59	30948	7	0	1596	1478	130,130
1539873565.104982326	144	40	48	0	2	0	2	-57	30949	6	0	1596	1478	117,117
1539873565.116812075	144	40	48	0	2	0	2	-57	30950	6	0	1596	1478	117,117
1539873565.128632187	144	40	48	0	2	0	2	-56	30951	6	0	1596	1478	117,117
1539873565.140336601	144	40	48	0	2	0	2	-56	30952	6	0	1596	1478	117,117
1539873565.152092938	134	40	48	0	2	0	2	-56	30953	7	0	1596	1478	130,130
1539873565.163791659	144	40	48	0	2	0	2	-57	30954	6	0	1596	1478	117,117
1539873565.175459298	144	40	48	0	2	0	2	-57	30955	6	0	1596	1478	117,117
1539873565.187221303	144	40	48	0	2	0	2	-57	30956	6	0	1596	1478	117,117
1539873565.199074906	144	40	48	0	2	0	2	-57	30957	6	0	1596	1478	117,117
1539873565.210884220	134	40	48	0	2	0	2	-57	30958	7	0	1596	1478	130,130
1539873565.222663269	144	40	48	0	2	0	2	-57	30959	6	0	1596	1478	117,117
1539873565.234340653	144	40	48	0	2	0	2	-56	30960	6	0	1596	1478	117,117
1539873565.246102330	144	40	48	0	2	0	2	-55	30961	6	0	1596	1478	117,117
1539873565.257884157	144	40	48	0	2	0	2	-54	30962	6	0	1596	1478	117,117
1539873565.269657873	134	40	48	0	2	0	2	-53	30963	7	0	1596	1478	130,130
1539873565.281430867	124	40	48	1	2	0	2	-54	30964	7	0	1596	1478	144,444,144,444
1539873565.293195513	124	40	48	1	2	0	2	-57	30965	7	0	1596	1478	144,444,144,444
1539873565.304955471	124	40	48	1	2	0	2	-59	30966	7	0	1596	1478	144,444,144,444
1539873565.316641758	124	40	48	1	2	0	2	-61	30967	7	0	1596	1478	144,444,144,444
1539873565.328416489	118	40	48	0	2	0	2	-64	30968	8	0	1596	1478	156,156
1539873565.340216237	124	40	48	1	2	0	2	-60	30969	7	0	1596	1478	144,444,144,444
1539873565.351981365	124	40	48	1	2	0	2	-60	30970	7	0	1596	1478	144,444,144,444
1539873565.363620679	124	40	48	1	2	0	2	-59	30971	7	0	1596	1478	144,444,144,444
1539873565.375517863	124	40	48	1	2	0	2	-58	30972	7	0	1596	1478	144,444,144,444
1539873565.387662216	124	40	48	1	2	0	2	-57	30974	7	0	1596	1478	144,444,144,444
1539873565.398898050	124	40	48	1	2	0	2	-57	30975	7	0	1596	1478	144,444,144,444
1539873565.410753384	124	40	48	1	2	0	2	-58	30976	7	0	1596	1478	144,444,144,444
1539873565.422502103	124	40	48	1	2	0	2	-58	30977	7	0	1596	1478	144,444,144,444
1539873565.434283434	124	40	48	1	2	0	2	-58	30978	7	0	1596	1478	144,444,144,444
1539873565.446043040	124	40	48	1	2	0	2	-58	30979	7	0	1596	1478	144,444,144,444
1539873565.458263735	124	40	48	1	2	0	2	-58	30981	7	0	1596	1478	144,444,144,444
1539873565.469582049	124	40	48	1	2	0	2	-57	30982	7	0	1596	1478	144,444,144,444
1539873565.481202419	124	40	48	1	2	0	2	-58	30983	7	0	1596	1478	144,444,144,444
1539873565.493094302	124	40	48	1	2	0	2	-56	30984	7	0	1596	1478	144,444,144,444
1539873565.504867196	124	40	48	1	2	0	2	-56	30985	7	0	1596	1478	144,444,144,444
1539873565.516591010	124	40	48	1	2	0	2	-57	30986	7	0	1596	1478	144,444,144,444
1539873565.528322379	124	40	48	1	2	0	2	-56	30987	7	0	1596	1478	144,444,144,444
1539873565.540091064	124	40	48	1	2	0	2	-55	30988	7	0	1596	1478	144,444,144,444
1539873565.551702884	118	40	48	0	2	0	2	-58	30989	8	0	1596	1478	156,156
1539873565.563585389	118	40	48	0	2	0	2	-59	30990	8	0	1596	1478	156,156
1539873565.575376004	118	40	48	0	2	0	2	-60	30991	8	0	1596	1478	156,156
1539873565.587150811	118	40	48	0	2	0	2	-61	30992	8	0	1596	1478	156,156
1539873565.598915882	110	40	48	1	2	0	2	-61	30993	8	0	1596	1478	173,333,173,333
1539873565.610686098	110	40	48	1	2	0	2	-60	30994	8	0	1596	1478	173,333,173,333
1539873565.622445090	110	40	48	1	2	0	2	-60	30995	8	0	1596	1478	173,333,173,333
1539873565.634072561	110	40	48	1	2	0	2	-60	30996	8	0	1596	1478	173,333,173,333
1539873565.645943002	110	40	48	1	2	0	2	-60	30997	8	0	1596	1478	173,333,173,333
1539873565.657716101	110	40	48	1	2	0	2	-60	30998	8	0	1596	1478	173,333,173,333
1539873565.669489536	110	40	48	1	2	0	2	-59	30999	8	0	1596	1478	173,333,173,333
1539873565.681252020	110	40	48	1	2	0	2	-60	31000	8	0	1596	1478	173,333,173,333
1539873565.693019278	110	40	48	1	2	0	2	-60	31001	8	0	1596	1478	173,333,173,333
1539873565.704819854	110	40	48	1	2	0	2	-60	31002	8	0	1596	1478	173,333,173,333
1539873565.716412617	110	40	48	1	2	0	2	-59	31003	8	0	1596	1478	173,333,173,333
1539873565.728265044	110	40	48	1	2	0	2	-59	31004	8	0	1596	1478	173,333,173,333
1539873565.740035517	110	40	48	1	2	0	2	-59	31005	8	0	1596	1478	173,333,173,333
1539873565.751822262	110	40	48	1	2	0	2	-58	31006	8	0	1596	1478	173,333,173,333
1539873565.763587391	110	40	48	1	2	0	2	-58	31007	8	0	1596	1478	173,333,173,333
1539873565.775170356	110	40	48	1	2	0	2	-57	31008	8	0	1596	1478	173,333,173,333
1539873565.786874187	110	40	48	1	2	0	2	-58	31009	8	0	1596	1478	173,333,173,333
1539873565.798663643	110	40	48	1	2	0	2	-58	31010	8	0	1596	1478	173,333,173,333
1539873565.810961100	110	40	48	1	2	0	2	-58	31011	8	0	1596	1478	173,333,173,333
1539873565.822201446	110	40	48	1	2	0	2	-58	31012	8	0	1596	1478	173,333,173,333
1539873565.833972824	110	40	48	1	2	0	2	-58	31013	8	0	1596	1478	173,333,173,333
1539873565.845722334	110	40	48	1	2	0	2	-59	31014	8	0	1596	1478	173,333,173,333
1539873565.857449487	110	40	48	1	2	0	2	-59	31015	8	0	1596	1478	173,333,173,333
1539873565.869240068	110	40	48	1	2	0	2	-59	31016	8	0	1596	1478	173,333,173,333
1539873565.880941145	110	40	48	1	2	0	2	-59	31017	8	0	1596	1478	173,333,173,333
1539873565.892767209	110	40	48	1	2	0	2	-60	31018	8	0	1596	1478	173,333,173,333
1539873565.904541418	110	40	48	1	2	0	2	-60	31019	8	0	1596	1478	173,333,173,333
1539873565.916291081	110	40	48	1	2	0	2	-60	31020	8	0	1596	1478	173,333,173,333
1539873565.928044920	110	40	48	1	2	0	2	-60	31021	8	0	1596	1478	173,333,173,333
1539873565.939752629	110	40	48	1	2	0	2	-61	31022	8	0	1596	1478	173,333,173,333
1539873565.953127840	124	40	48	1	2	0	2	-57	31026	7	0	1596	1478	144,444,144,444
1539873565.963320709	124	40	48	1	2	0	2	-58	31027	7	0	1596	1478	144,444,144,444
1539873565.975075876	124	40	48	1	2	0	2	-58	31028	7	0	1596	1478	144,444,144,444
1539873565.986801374	124	40	48	1	2	0	2	-57	31029	7	0	1596	1478	144,444,144,444
1539873565.998620044	124	40	48	1	2	0	2	-57	31030	7	0	1596	1478	144,444,144,444
1539873566.010384655	124	40	48	1	2	0	2	-57	31031	7	0	1596	1478	144,444,144,444
1539873566.022110857	124	40	48	1	2	0	2	-56	31032	7	0	1596	1478	144,444,144,444
1539873566.033874410	124	40	48	1	2	0	2	-56	31033	7	0	1596	1478	144,444,144,444
1539873566.045648275	118	40	48	0	2	0	2	-59	31034	8	0	1596	1478	156,156
1539873566.057416989	124	40	48	1	2	0	2	-56	31035	7	0	1596	1478	144,444,144,444
1539873566.069172323	124	40	48	1	2	0	2	-56	31036	7	0	1596	1478	144,444,144,444
1539873566.080938995	124	40	48	1	2	0	2	-57	31037	7	0	1596	1478	144,444,144,444
1539873566.092687093	124	40	48	1	2	0	2	-57	31038	7	0	1596	1478	144,444,144,444
1539873566.104435691	118	40	48	0	2	0	2	-61	31039	8	0	1596	1478	156,156
1539873566.116214391	118	40	48	0	2	0	2	-61	31040	8	0	1596	1478	156,156
1539873566.128100062	118	40	48	0	2	0	2	-61	31041	8	0	1596	1478	156,156
1539873566.139835720	118	40	48	0	2	0	2	-61	31042	8	0	1596	1478	156,156
1539873566.151539051	110	40	48	1	2	0	2	-60	31043	8	0	1596	1478	173,333,173,333
1539873566.163348899	110	40	48	1	2	0	2	-60	31044	8	0	1596	1478	173,333,173,333
1539873566.175162297	110	40	48	1	2	0	2	-60	31045	8	0	1596	1478	173,333,173,333
1539873566.186926463	110	40	48	1	2	0	2	-60	31046	8	0	1596	1478	173,333,173,333
1539873566.198714592	110	40	48	1	2	0	2	-60	31047	8	0	1596	1478	173,333,173,333
1539873566.210468467	110	40	48	1	2	0	2	-60	31048	8	0	1596	1478	173,333,173,333
1539873566.222211984	110	40	48	1	2	0	2	-59	31049	8	0	1596	1478	173,333,173,333
1539873566.233900655	110	40	48	1	2	0	2	-59	31050	8	0	1596	1478	173,333,173,333
1539873566.245690661	110	40	48	1	2	0	2	-59	31051	8	0	1596	1478	173,333,173,333
1539873566.257478257	110	40	48	1	2	0	2	-58	31052	8	0	1596	1478	173,333,173,333
1539873566.269228023	110	40	48	1	2	0	2	-58	31053	8	0	1596	1478	173,333,173,333
1539873566.280973159	110	40	48	1	2	0	2	-59	31054	8	0	1596	1478	173,333,173,333
1539873566.292761637	110	40	48	1	2	0	2	-58	31055	8	0	1596	1478	173,333,173,333
1539873566.304568215	110	40	48	1	2	0	2	-57	31056	8	0	1596	1478	173,333,173,333
1539873566.316240344	110	40	48	1	2	0	2	-56	31057	8	0	1596	1478	173,333,173,333
1539873566.328002333	110	40	48	1	2	0	2	-56	31058	8	0	1596	1478	173,333,173,333
1539873566.339774930	110	40	48	1	2	0	2	-56	31059	8	0	1596	1478	173,333,173,333
1539873566.351569333	110	40	48	1	2	0	2	-57	31060	8	0	1596	1478	173,333,173,333
1539873566.363324177	110	40	48	1	2	0	2	-58	31061	8	0	1596	1478	173,333,173,333
1539873566.375101124	110	40	48	1	2	0	2	-59	31062	8	0	1596	1478	173,333,173,333
1539873566.386888196	110	40	48	1	2	0	2	-60	31063	8	0	1596	1478	173,333,173,333
1539873566.398571144	110	40	48	1	2	0	2	-60	31064	8	0	1596	1478	173,333,173,333
1539873566.410350232	110	40	48	1	2	0	2	-61	31065	8	0	1596	1478	173,333,173,333
1539873566.422128874	110	40	48	1	2	0	2	-61	31066	8	0	1596	1478	173,333,173,333
1539873566.433890446	110	40	48	1	2	0	2	-61	31067	8	0	1596	1478	173,333,173,333
1539873566.445656715	110	40	48	1	2	0	2	-60	31068	8	0	1596	1478	173,333,173,333
1539873566.457430617	110	40	48	1	2	0	2	-60	31069	8	0	1596	1478	173,333,173,333
1539873566.469038935	110	40	48	1	2	0	2	-60	31070	8	0	1596	1478	173,333,173,333
1539873566.480890629	110	40	48	1	2	0	2	-59	31071	8	0	1596	1478	173,333,173,333
1539873566.492685331	110	40	48	1	2	0	2	-59	31072	8	0	1596	1478	173,333,173,333
1539873566.504427913	110	40	48	1	2	0	2	-58	31073	8	0	1596	1478	173,333,173,333
1539873566.516198371	110	40	48	1	2	0	2	-57	31074	8	0	1596	1478	173,333,173,333
1539873566.527971079	110	40	48	1	2	0	2	-57	31075	8	0	1596	1478	173,333,173,333
1539873566.539725779	110	40	48	1	2	0	2	-56	31076	8	0	1596	1478	173,333,173,333
1539873566.551418186	110	40	48	1	2	0	2	-57	31077	8	0	1596	1478	173,333,173,333
1539873566.563177146	110	40	48	1	2	0	2	-59	31078	8	0	1596	1478	173,333,173,333
1539873566.575000862	110	40	48	1	2	0	2	-60	31079	8	0	1596	1478	173,333,173,333
1539873566.588259855	124	40	48	1	2	0	2	-58	31082	7	0	1596	1478	144,444,144,444
1539873566.598536934	124	40	48	1	2	0	2	-57	31083	7	0	1596	1478	144,444,144,444
1539873566.610322469	124	40	48	1	2	0	2	-57	31084	7	0	1596	1478	144,444,144,444
1539873566.622053292	124	40	48	1	2	0	2	-56	31085	7	0	1596	1478	144,444,144,444
1539873566.633766585	124	40	48	1	2	0	2	-55	31086	7	0	1596	1478	144,444,144,444
1539873566.645550286	124	40	48	1	2	0	2	-55	31087	7	0	1596	1478	144,444,144,444
1539873566.657325024	124	40	48	1	2	0	2	-57	31088	7	0	1596	1478	144,444,144,444
1539873566.669112119	124	40	48	1	2	0	2	-57	31089	7	0	1596	1478	144,444,144,444
1539873566.680717510	118	40	48	0	2	0	2	-59	31090	8	0	1596	1478	156,156
1539873566.692619608	124	40	48	1	2	0	2	-56	31091	7	0	1596	1478	144,444,144,444
1539873566.704380159	124	40	48	1	2	0	2	-55	31092	7	0	1596	1478	144,444,144,444
1539873566.716108103	124	40	48	1	2	0	2	-55	31093	7	0	1596	1478	144,444,144,444
1539873566.727764462	124	40	48	1	2	0	2	-55	31094	7	0	1596	1478	144,444,144,444
1539873566.739614842	118	40	48	0	2	0	2	-58	31095	8	0	1596	1478	156,156
1539873566.751251684	118	40	48	0	2	0	2	-58	31096	8	0	1596	1478	156,156
1539873566.763012144	118	40	48	0	2	0	2	-58	31097	8	0	1596	1478	156,156
1539873566.774872883	118	40	48	0	2	0	2	-58	31098	8	0	1596	1478	156,156
1539873566.786628311	110	40	48	1	2	0	2	-58	31099	8	0	1596	1478	173,333,173,333
1539873566.798397214	110	40	48	1	2	0	2	-58	31100	8	0	1596	1478	173,333,173,333
1539873566.810208750	110	40	48	1	2	0	2	-58	31101	8	0	1596	1478	173,333,173,333
1539873566.821944367	110	40	48	1	2	0	2	-59	31102	8	0	1596	1478	173,333,173,333
1539873566.836183326	124	40	48	1	2	0	2	-57	31105	7	0	1596	1478	144,444,144,444
1539873566.845474576	124	40	48	1	2	0	2	-56	31106	7	0	1596	1478	144,444,144,444
1539873566.857284344	124	40	48	1	2	0	2	-56	31107	7	0	1596	1478	144,444,144,444
1539873566.868951395	124	40	48	1	2	0	2	-56	31108	7	0	1596	1478	144,444,144,444
1539873566.880735137	124	40	48	1	2	0	2	-56	31109	7	0	1596	1478	144,444,144,444
1539873566.892510008	124	40	48	1	2	0	2	-55	31110	7	0	1596	1478	144,444,144,444
1539873566.904299453	124	40	48	1	2	0	2	-55	31111	7	0	1596	1478	144,444,144,444
1539873566.916072085	124	40	48	1	2	0	2	-55	31112	7	0	1596	1478	144,444,144,444
1539873566.927834575	118	40	48	0	2	0	2	-59	31113	8	0	1596	1478	156,156
1539873566.939605901	124	40	48	1	2	0	2	-56	31114	7	0	1596	1478	144,444,144,444
1539873566.951290336	124	40	48	1	2	0	2	-55	31115	7	0	1596	1478	144,444,144,444
1539873566.963079169	124	40	48	1	2	0	2	-55	31116	7	0	1596	1478	144,444,144,444
1539873566.974867855	124	40	48	1	2	0	2	-56	31117	7	0	1596	1478	144,444,144,444
1539873566.986613482	118	40	48	0	2	0	2	-60	31118	8	0	1596	1478	156,156
1539873566.998404043	124	40	48	1	2	0	2	-57	31119	7	0	1596	1478	144,444,144,444
1539873567.010156102	124	40	48	1	2	0	2	-57	31120	7	0	1596	1478	144,444,144,444
1539873567.021780996	124	40	48	1	2	0	2	-58	31121	7	0	1596	1478	144,444,144,444
1539873567.033633661	124	40	48	1	2	0	2	-58	31122	7	0	1596	1478	144,444,144,444
1539873567.045375851	118	40	48	0	2	0	2	-62	31123	8	0	1596	1478	156,156
1539873567.057129094	118	40	48	0	2	0	2	-63	31124	8	0	1596	1478	156,156
1539873567.068928961	118	40	48	0	2	0	2	-61	31125	8	0	1596	1478	156,156
1539873567.080695739	110	40	48	1	2	0	2	-61	31126	8	0	1596	1478	173,333,173,333
1539873567.092434182	110	40	48	1	2	0	2	-61	31127	8	0	1596	1478	173,333,173,333
1539873567.104143688	110	40	48	1	2	0	2	-62	31128	8	0	1596	1478	173,333,173,333
1539873567.115905044	110	40	48	1	2	0	2	-61	31129	8	0	1596	1478	173,333,173,333
1539873567.127710953	110	40	48	1	2	0	2	-61	31130	8	0	1596	1478	173,333,173,333
1539873567.139485930	110	40	48	1	2	0	2	-62	31131	8	0	1596	1478	173,333,173,333
1539873567.151264359	110	40	48	1	2	0	2	-61	31132	8	0	1596	1478	173,333,173,333
1539873567.163009260	110	40	48	1	2	0	2	-61	31133	8	0	1596	1478	173,333,173,333
1539873567.174748433	110	40	48	1	2	0	2	-61	31134	8	0	1596	1478	173,333,173,333
1539873567.186488567	110	40	48	1	2	0	2	-60	31135	8	0	1596	1478	173,333,173,333
1539873567.198266053	110	40	48	1	2	0	2	-59	31136	8	0	1596	1478	173,333,173,333
1539873567.210044068	110	40	48	1	2	0	2	-59	31137	8	0	1596	1478	173,333,173,333
1539873567.223419359	124	40	48	1	2	0	2	-54	31142	7	0	1596	1478	144,444,144,444
1539873567.233546883	124	40	48	1	2	0	2	-54	31143	7	0	1596	1478	144,444,144,444
1539873567.245345780	124	40	48	1	2	0	2	-55	31144	7	0	1596	1478	144,444,144,444
1539873567.257136125	124	40	48	1	2	0	2	-56	31145	7	0	1596	1478	144,444,144,444
1539873567.268966964	124	40	48	1	2	0	2	-55	31146	7	0	1596	1478	144,444,144,444
1539873567.280601705	124	40	48	1	2	0	2	-56	31147	7	0	1596	1478	144,444,144,444
1539873567.292360517	124	40	48	1	2	0	2	-56	31148	7	0	1596	1478	144,444,144,444
1539873567.304157232	124	40	48	1	2	0	2	-55	31149	7	0	1596	1478	144,444,144,444
1539873567.315851084	118	40	48	0	2	0	2	-58	31150	8	0	1596	1478	156,156
1539873567.327523977	124	40	48	1	2	0	2	-55	31151	7	0	1596	1478	144,444,144,444
1539873567.339277592	124	40	48	1	2	0	2	-54	31152	7	0	1596	1478	144,444,144,444
1539873567.351138801	124	40	48	1	2	0	2	-54	31153	7	0	1596	1478	144,444,144,444
1539873567.362938232	124	40	48	1	2	0	2	-54	31154	7	0	1596	1478	144,444,144,444
1539873567.374671988	118	40	48	0	2	0	2	-59	31155	8	0	1596	1478	156,156
1539873567.388009241	124	40	48	1	2	0	2	-55	31159	7	0	1596	1478	144,444,144,444
1539873567.398243143	124	40	48	1	2	0	2	-55	31160	7	0	1596	1478	144,444,144,444
1539873567.409973433	124	40	48	1	2	0	2	-56	31161	7	0	1596	1478	144,444,144,444
1539873567.421665202	124	40	48	1	2	0	2	-57	31162	7	0	1596	1478	144,444,144,444
1539873567.433417842	124	40	48	1	2	0	2	-58	31163	7	0	1596	1478	144,444,144,444
1539873567.445257738	124	40	48	1	2	0	2	-59	31164	7	0	1596	1478	144,444,144,444
1539873567.457024507	124	40	48	1	2	0	2	-60	31165	7	0	1596	1478	144,444,144,444
1539873567.468806585	124	40	48	1	2	0	2	-60	31166	7	0	1596	1478	144,444,144,444
1539873567.480562951	118	40	48	0	2	0	2	-63	31167	8	0	1596	1478	156,156
1539873567.492333051	124	40	48	1	2	0	2	-59	31168	7	0	1596	1478	144,444,144,444
1539873567.503993051	124	40	48	1	2	0	2	-58	31169	7	0	1596	1478	144,444,144,444
1539873567.515775008	124	40	48	1	2	0	2	-58	31170	7	0	1596	1478	144,444,144,444
1539873567.527544124	124	40	48	1	2	0	2	-58	31171	7	0	1596	1478	144,444,144,444
1539873567.539703204	124	40	48	1	2	0	2	-56	31172	7	0	1596	1478	144,444,144,444
1539873567.551789233	124	40	48	1	2	0	2	-56	31173	7	0	1596	1478	144,444,144,444
1539873567.562852629	124	40	48	1	2	0	2	-56	31174	7	0	1596	1478	144,444,144,444
1539873567.574525805	124	40	48	1	2	0	2	-56	31175	7	0	1596	1478	144,444,144,444
1539873567.586313897	124	40	48	1	2	0	2	-56	31176	7	0	1596	1478	144,444,144,444
1539873567.598159549	124	40	48	1	2	0	2	-56	31177	7	0	1596	1478	144,444,144,444
1539873567.609895898	124	40	48	1	2	0	2	-57	31178	7	0	1596	1478	144,444,144,444
1539873567.621660782	124	40	48	1	2	0	2	-57	31179	7	0	1596	1478	144,444,144,444
1539873567.633438979	124	40	48	1	2	0	2	-58	31180	7	0	1596	1478	144,444,144,444
1539873567.645178657	124	40	48	1	2	0	2	-59	31181	7	0	1596	1478	144,444,144,444
1539873567.656894760	124	40	48	1	2	0	2	-59	31182	7	0	1596	1478	144,444,144,444
1539873567.668667675	124	40	48	1	2	0	2	-58	31183	7	0	1596	1478	144,444,144,444
1539873567.680435790	124	40	48	1	2	0	2	-57	31184	7	0	1596	1478	144,444,144,444
1539873567.692220331	124	40	48	1	2	0	2	-57	31185	7	0	1596	1478	144,444,144,444
1539873567.703981521	118	40	48	0	2	0	2	-61	31186	8	0	1596	1478	156,156
1539873567.717265529	124	40	48	1	2	0	2	-57	31188	7	0	1596	1478	144,444,144,444
1539873567.727350320	124	40	48	1	2	0	2	-58	31189	7	0	1596	1478	144,444,144,444
