1526402552.074411804	66	40	48	0	2	0	2	-44	88100	5	4	1596	1478	468,468
1526402552.084710822	66	40	48	0	2	0	2	-44	88101	5	4	1596	1478	468,468
1526402552.111589191	92	40	48	0	2	0	2	-44	88102	5	4	3130	1478,1478	468,468
1526402552.119888228	66	40	48	0	2	0	2	-44	88103	5	4	1596	1478	468,468
1526402552.131704184	63	40	48	0	2	0	2	-44	88104	6	4	1596	1478	526,5,526,5
1526402552.144003484	63	40	48	0	2	0	2	-44	88105	6	4	1596	1478	526,5,526,5
1526402552.272535859	63	40	48	0	2	0	2	-44	88106	6	4	1596	1478	526,5,526,5
1526402552.272576767	86	40	48	0	2	0	2	-44	88106	6	4	3130	1478,1478	526,5,526,5
1526402552.272592706	86	40	48	0	2	0	2	-44	88106	6	4	3130	1478,1478	526,5,526,5
1526402552.272604725	86	40	48	0	2	0	2	-44	88106	6	4	3130	1478,1478	526,5,526,5
1526402552.272617741	86	40	48	0	2	0	2	-44	88106	6	4	3130	1478,1478	526,5,526,5
1526402552.272628975	63	40	48	0	2	0	2	-44	88106	6	4	1596	1478	526,5,526,5
1526402552.273270264	63	40	48	0	2	0	2	-44	88107	6	4	1596	1478	526,5,526,5
1526402552.284671361	63	40	48	0	2	0	2	-44	88108	6	4	1596	1478	526,5,526,5
1526402552.296437276	58	40	48	1	2	0	2	-44	88109	7	4	1596	1478	650,650
1526402552.308165601	58	40	48	1	2	0	2	-44	88110	7	4	1596	1478	650,650
1526402552.319932478	58	40	48	1	2	0	2	-44	88111	7	4	1596	1478	650,650
1526402552.331693950	58	40	48	1	2	0	2	-43	88112	7	4	1596	1478	650,650
1526402552.343380888	58	40	48	1	2	0	2	-44	88113	7	4	1596	1478	650,650
1526402552.355288431	55	40	48	1	2	0	2	-43	88114	8	4	1596	1478	780,780
1526402552.477259410	71	40	48	1	2	0	2	-44	88115	8	4	3130	1478,1478	780,780
1526402552.477281567	71	40	48	1	2	0	2	-44	88115	8	4	3130	1478,1478	780,780
1526402552.477286580	71	40	48	1	2	0	2	-44	88115	8	4	3130	1478,1478	780,780
1526402552.477291017	71	40	48	1	2	0	2	-44	88115	8	4	3130	1478,1478	780,780
1526402552.477295992	71	40	48	1	2	0	2	-44	88115	8	4	3130	1478,1478	780,780
1526402552.484636201	55	40	48	1	2	0	2	-44	88116	8	4	1596	1478	780,780
1526402552.496300033	55	40	48	1	2	0	2	-44	88117	8	4	1596	1478	780,780
1526402552.508490838	55	40	48	1	2	0	2	-44	88118	8	4	1596	1478	780,780
1526402552.519921193	54	40	48	1	2	0	2	-44	88119	9	4	1596	1478	866,667,866,667
1526402552.531563090	54	40	48	1	2	0	2	-44	88120	9	4	1596	1478	866,667,866,667
1526402552.543267903	54	40	48	1	2	0	2	-44	88121	9	4	1596	1478	866,667,866,667
1526402552.555204325	54	40	48	1	2	0	2	-44	88122	9	4	1596	1478	866,667,866,667
1526402552.682079341	68	40	48	1	2	0	2	-44	88123	9	4	3130	1478,1478	866,667,866,667
1526402552.682125230	68	40	48	1	2	0	2	-44	88123	9	4	3130	1478,1478	866,667,866,667
1526402552.682140103	68	40	48	1	2	0	2	-44	88123	9	4	3130	1478,1478	866,667,866,667
1526402552.682151180	68	40	48	1	2	0	2	-44	88123	9	4	3130	1478,1478	866,667,866,667
1526402552.682169580	68	40	48	1	2	0	2	-44	88123	9	4	3130	1478,1478	866,667,866,667
1526402552.684554272	54	40	48	1	2	0	2	-44	88124	9	4	1596	1478	866,667,866,667
1526402552.696279642	54	40	48	1	2	0	2	-44	88125	9	4	1596	1478	866,667,866,667
1526402552.742348720	54	40	48	1	2	0	2	-44	88126	9	4	1596	1478	866,667,866,667
1526402552.742391721	68	40	48	1	2	0	2	-44	88126	9	4	3130	1478,1478	866,667,866,667
1526402552.743372054	54	40	48	1	2	0	2	-44	88127	9	4	1596	1478	866,667,866,667
1526402552.755129782	54	40	48	1	2	0	2	-44	88128	9	4	1596	1478	866,667,866,667
1526402552.766876368	54	40	48	1	2	0	2	-44	88129	9	4	1596	1478	866,667,866,667
1526402552.886860073	68	40	48	1	2	0	2	-44	88130	9	4	3130	1478,1478	866,667,866,667
1526402552.886905704	68	40	48	1	2	0	2	-44	88130	9	4	3130	1478,1478	866,667,866,667
1526402552.886919458	68	40	48	1	2	0	2	-44	88130	9	4	3130	1478,1478	866,667,866,667
1526402552.886930099	68	40	48	1	2	0	2	-44	88130	9	4	3130	1478,1478	866,667,866,667
1526402552.886940729	68	40	48	1	2	0	2	-44	88130	9	4	3130	1478,1478	866,667,866,667
1526402552.896239147	54	40	48	1	2	0	2	-44	88131	9	4	1596	1478	866,667,866,667
1526402552.907960740	54	40	48	1	2	0	2	-44	88132	9	4	1596	1478	866,667,866,667
1526402552.930748811	54	40	48	1	2	0	2	-44	88133	9	4	1596	1478	866,667,866,667
1526402552.931496187	54	40	48	1	2	0	2	-44	88134	9	4	1596	1478	866,667,866,667
1526402552.943219393	54	40	48	1	2	0	2	-44	88135	9	4	1596	1478	866,667,866,667
1526402552.954902488	54	40	48	1	2	0	2	-44	88136	9	4	1596	1478	866,667,866,667
1526402552.966791684	54	40	48	1	2	0	2	-44	88137	9	4	1596	1478	866,667,866,667
1526402553.091575460	68	40	48	1	2	0	2	-44	88138	9	4	3130	1478,1478	866,667,866,667
1526402553.091603052	68	40	48	1	2	0	2	-44	88138	9	4	3130	1478,1478	866,667,866,667
1526402553.091613664	68	40	48	1	2	0	2	-44	88138	9	4	3130	1478,1478	866,667,866,667
1526402553.091621257	68	40	48	1	2	0	2	-44	88138	9	4	3130	1478,1478	866,667,866,667
1526402553.091849882	68	40	48	1	2	0	2	-44	88138	9	4	3130	1478,1478	866,667,866,667
1526402553.096150978	54	40	48	1	2	0	2	-44	88139	9	4	1596	1478	866,667,866,667
1526402553.107849800	54	40	48	1	2	0	2	-44	88140	9	4	1596	1478	866,667,866,667
1526402553.135566474	68	40	48	1	2	0	2	-44	88146	9	4	3130	1478,1478	866,667,866,667
1526402553.143013930	54	40	48	1	2	0	2	-44	88147	9	4	1596	1478	866,667,866,667
1526402553.154863385	54	40	48	1	2	0	2	-44	88148	9	4	1596	1478	866,667,866,667
1526402553.166743015	54	40	48	1	2	0	2	-44	88149	9	4	1596	1478	866,667,866,667
1526402553.178404925	54	40	48	1	2	0	2	-44	88150	9	4	1596	1478	866,667,866,667
1526402553.296473891	68	40	48	1	2	0	2	-44	88151	9	4	3130	1478,1478	866,667,866,667
1526402553.296519888	68	40	48	1	2	0	2	-44	88151	9	4	3130	1478,1478	866,667,866,667
1526402553.296532876	68	40	48	1	2	0	2	-44	88151	9	4	3130	1478,1478	866,667,866,667
1526402553.296545257	68	40	48	1	2	0	2	-44	88151	9	4	3130	1478,1478	866,667,866,667
1526402553.296559335	68	40	48	1	2	0	2	-44	88151	9	4	3130	1478,1478	866,667,866,667
1526402553.307831509	54	40	48	1	2	0	2	-44	88152	9	4	1596	1478	866,667,866,667
1526402553.319578240	54	40	48	1	2	0	2	-44	88153	9	4	1596	1478	866,667,866,667
1526402553.331364636	54	40	48	1	2	0	2	-44	88154	9	4	1596	1478	866,667,866,667
1526402553.343155702	54	40	48	1	2	0	2	-44	88155	9	4	1596	1478	866,667,866,667
1526402553.354894875	54	40	48	1	2	0	2	-44	88156	9	4	1596	1478	866,667,866,667
1526402553.366652515	54	40	48	1	2	0	2	-44	88157	9	4	1596	1478	866,667,866,667
1526402553.378409108	54	40	48	1	2	0	2	-44	88158	9	4	1596	1478	866,667,866,667
1526402553.501097177	68	40	48	1	2	0	2	-44	88159	9	4	3130	1478,1478	866,667,866,667
1526402553.501105782	68	40	48	1	2	0	2	-44	88159	9	4	3130	1478,1478	866,667,866,667
1526402553.501112286	68	40	48	1	2	0	2	-44	88159	9	4	3130	1478,1478	866,667,866,667
1526402553.502094158	68	40	48	1	2	0	2	-44	88161	9	4	3130	1478,1478	866,667,866,667
1526402553.502281130	71	40	48	1	2	0	2	-44	88162	8	4	3130	1478,1478	780,780
1526402553.507627192	55	40	48	1	2	0	2	-44	88163	8	4	1596	1478	780,780
1526402553.519388243	55	40	48	1	2	0	2	-44	88164	8	4	1596	1478	780,780
1526402553.531169829	55	40	48	1	2	0	2	-44	88165	8	4	1596	1478	780,780
1526402553.542933578	55	40	48	1	2	0	2	-44	88166	8	4	1596	1478	780,780
1526402553.554483428	55	40	48	1	2	0	2	-44	88167	8	4	1596	1478	780,780
1526402553.566461561	55	40	48	1	2	0	2	-44	88168	8	4	1596	1478	780,780
1526402553.578339905	55	40	48	1	2	0	2	-44	88169	8	4	1596	1478	780,780
1526402553.590010187	54	40	48	1	2	0	2	-44	88170	9	4	1596	1478	866,667,866,667
1526402553.601826670	54	40	48	1	2	0	2	-44	88171	9	4	1596	1478	866,667,866,667
1526402553.613502451	54	40	48	1	2	0	2	-44	88172	9	4	1596	1478	866,667,866,667
1526402553.625368445	54	40	48	1	2	0	2	-44	88173	9	4	1596	1478	866,667,866,667
1526402553.637154532	54	40	48	1	2	0	2	-44	88174	9	4	1596	1478	866,667,866,667
1526402553.648902328	54	40	48	1	2	0	2	-44	88175	9	4	1596	1478	866,667,866,667
1526402553.660660626	54	40	48	1	2	0	2	-44	88176	9	4	1596	1478	866,667,866,667
1526402553.672402393	54	40	48	1	2	0	2	-44	88177	9	4	1596	1478	866,667,866,667
1526402553.684136628	54	40	48	1	2	0	2	-44	88178	9	4	1596	1478	866,667,866,667
1526402553.695916648	54	40	48	1	2	0	2	-44	88179	9	4	1596	1478	866,667,866,667
1526402553.707695111	54	40	48	1	2	0	2	-44	88180	9	4	1596	1478	866,667,866,667
1526402553.719533428	54	40	48	1	2	0	2	-44	88181	9	4	1596	1478	866,667,866,667
1526402553.731215218	54	40	48	1	2	0	2	-44	88182	9	4	1596	1478	866,667,866,667
1526402553.742954580	54	40	48	1	2	0	2	-44	88183	9	4	1596	1478	866,667,866,667
1526402553.754734171	54	40	48	1	2	0	2	-44	88184	9	4	1596	1478	866,667,866,667
1526402553.766476648	54	40	48	1	2	0	2	-44	88185	9	4	1596	1478	866,667,866,667
1526402553.778243764	54	40	48	1	2	0	2	-44	88186	9	4	1596	1478	866,667,866,667
1526402553.789999340	54	40	48	1	2	0	2	-44	88187	9	4	1596	1478	866,667,866,667
1526402553.801780451	54	40	48	1	2	0	2	-44	88188	9	4	1596	1478	866,667,866,667
1526402553.813515103	54	40	48	1	2	0	2	-44	88189	9	4	1596	1478	866,667,866,667
1526402553.825309923	54	40	48	1	2	0	2	-44	88190	9	4	1596	1478	866,667,866,667
1526402553.837032035	54	40	48	1	2	0	2	-44	88191	9	4	1596	1478	866,667,866,667
1526402553.848816567	54	40	48	1	2	0	2	-44	88192	9	4	1596	1478	866,667,866,667
1526402553.860549161	54	40	48	1	2	0	2	-44	88193	9	4	1596	1478	866,667,866,667
1526402553.872209310	54	40	48	1	2	0	2	-44	88194	9	4	1596	1478	866,667,866,667
1526402553.884874647	54	40	48	1	2	0	2	-44	88195	9	4	1596	1478	866,667,866,667
1526402553.895763412	54	40	48	1	2	0	2	-44	88196	9	4	1596	1478	866,667,866,667
1526402553.907613161	54	40	48	1	2	0	2	-44	88197	9	4	1596	1478	866,667,866,667
1526402553.919276443	54	40	48	1	2	0	2	-44	88198	9	4	1596	1478	866,667,866,667
1526402553.931085609	54	40	48	1	2	0	2	-44	88199	9	4	1596	1478	866,667,866,667
1526402553.942783123	54	40	48	1	2	0	2	-44	88200	9	4	1596	1478	866,667,866,667
1526402553.954547146	54	40	48	1	2	0	2	-44	88201	9	4	1596	1478	866,667,866,667
1526402553.966303539	54	40	48	1	2	0	2	-44	88202	9	4	1596	1478	866,667,866,667
1526402553.978067379	54	40	48	1	2	0	2	-44	88203	9	4	1596	1478	866,667,866,667
1526402553.989914680	54	40	48	1	2	0	2	-44	88204	9	4	1596	1478	866,667,866,667
1526402554.001678416	54	40	48	1	2	0	2	-44	88205	9	4	1596	1478	866,667,866,667
1526402554.013464176	54	40	48	1	2	0	2	-44	88206	9	4	1596	1478	866,667,866,667
1526402554.025109833	54	40	48	1	2	0	2	-44	88207	9	4	1596	1478	866,667,866,667
1526402554.036856430	54	40	48	1	2	0	2	-44	88208	9	4	1596	1478	866,667,866,667
1526402554.048632503	54	40	48	1	2	0	2	-44	88209	9	4	1596	1478	866,667,866,667
1526402554.060479573	54	40	48	1	2	0	2	-44	88210	9	4	1596	1478	866,667,866,667
1526402554.072236013	54	40	48	1	2	0	2	-44	88211	9	4	1596	1478	866,667,866,667
1526402554.084003092	54	40	48	1	2	0	2	-44	88212	9	4	1596	1478	866,667,866,667
1526402554.095754510	54	40	48	1	2	0	2	-44	88213	9	4	1596	1478	866,667,866,667
1526402554.107981101	54	40	48	1	2	0	2	-44	88214	9	4	1596	1478	866,667,866,667
1526402554.119290618	54	40	48	1	2	0	2	-44	88215	9	4	1596	1478	866,667,866,667
1526402554.131059382	54	40	48	1	2	0	2	-44	88216	9	4	1596	1478	866,667,866,667
1526402554.142828137	54	40	48	1	2	0	2	-44	88217	9	4	1596	1478	866,667,866,667
1526402554.154477682	54	40	48	1	2	0	2	-44	88218	9	4	1596	1478	866,667,866,667
1526402554.166221268	54	40	48	1	2	0	2	-44	88219	9	4	1596	1478	866,667,866,667
1526402554.177970698	54	40	48	1	2	0	2	-44	88220	9	4	1596	1478	866,667,866,667
1526402554.189587767	54	40	48	1	2	0	2	-44	88221	9	4	1596	1478	866,667,866,667
1526402554.201491106	54	40	48	1	2	0	2	-44	88222	9	4	1596	1478	866,667,866,667
1526402554.213587902	54	40	48	1	2	0	2	-44	88224	9	4	1596	1478	866,667,866,667
1526402554.224996068	54	40	48	1	2	0	2	-44	88225	9	4	1596	1478	866,667,866,667
1526402554.236761524	54	40	48	1	2	0	2	-44	88226	9	4	1596	1478	866,667,866,667
1526402554.248515589	54	40	48	1	2	0	2	-44	88227	9	4	1596	1478	866,667,866,667
1526402554.260253835	54	40	48	1	2	0	2	-44	88228	9	4	1596	1478	866,667,866,667
1526402554.272028400	54	40	48	1	2	0	2	-44	88229	9	4	1596	1478	866,667,866,667
1526402554.283775685	54	40	48	1	2	0	2	-44	88230	9	4	1596	1478	866,667,866,667
1526402554.295551388	54	40	48	1	2	0	2	-44	88231	9	4	1596	1478	866,667,866,667
1526402554.307316230	54	40	48	1	2	0	2	-44	88232	9	4	1596	1478	866,667,866,667
1526402554.319085922	54	40	48	1	2	0	2	-44	88233	9	4	1596	1478	866,667,866,667
1526402554.330825779	54	40	48	1	2	0	2	-44	88234	9	4	1596	1478	866,667,866,667
1526402554.342611399	54	40	48	1	2	0	2	-44	88235	9	4	1596	1478	866,667,866,667
1526402554.354358010	54	40	48	1	2	0	2	-44	88236	9	4	1596	1478	866,667,866,667
1526402554.366097387	54	40	48	1	2	0	2	-44	88237	9	4	1596	1478	866,667,866,667
1526402554.377869543	54	40	48	1	2	0	2	-44	88238	9	4	1596	1478	866,667,866,667
1526402554.389632006	54	40	48	1	2	0	2	-44	88239	9	4	1596	1478	866,667,866,667
1526402554.401393430	54	40	48	1	2	0	2	-44	88240	9	4	1596	1478	866,667,866,667
1526402554.413152388	54	40	48	1	2	0	2	-44	88241	9	4	1596	1478	866,667,866,667
1526402554.424922698	54	40	48	1	2	0	2	-44	88242	9	4	1596	1478	866,667,866,667
1526402554.436899296	54	40	48	1	2	0	2	-44	88243	9	4	1596	1478	866,667,866,667
1526402554.448431772	54	40	48	1	2	0	2	-44	88244	9	4	1596	1478	866,667,866,667
1526402554.460197210	54	40	48	1	2	0	2	-44	88245	9	4	1596	1478	866,667,866,667
1526402554.471950396	54	40	48	1	2	0	2	-44	88246	9	4	1596	1478	866,667,866,667
1526402554.483792384	54	40	48	1	2	0	2	-44	88247	9	4	1596	1478	866,667,866,667
1526402554.495425372	54	40	48	1	2	0	2	-44	88248	9	4	1596	1478	866,667,866,667
1526402554.507355873	54	40	48	1	2	0	2	-44	88249	9	4	1596	1478	866,667,866,667
1526402554.519143011	54	40	48	1	2	0	2	-44	88250	9	4	1596	1478	866,667,866,667
1526402554.530696444	54	40	48	1	2	0	2	-44	88251	9	4	1596	1478	866,667,866,667
1526402554.542578242	54	40	48	1	2	0	2	-44	88252	9	4	1596	1478	866,667,866,667
1526402554.554412610	54	40	48	1	2	0	2	-44	88253	9	4	1596	1478	866,667,866,667
1526402554.566148059	54	40	48	1	2	0	2	-44	88254	9	4	1596	1478	866,667,866,667
1526402554.577928581	54	40	48	1	2	0	2	-44	88255	9	4	1596	1478	866,667,866,667
1526402554.589454345	54	40	48	1	2	0	2	-44	88256	9	4	1596	1478	866,667,866,667
1526402554.601707897	54	40	48	1	2	0	2	-44	88257	9	4	1596	1478	866,667,866,667
1526402554.613118946	54	40	48	1	2	0	2	-44	88258	9	4	1596	1478	866,667,866,667
1526402554.625572115	54	40	48	1	2	0	2	-43	88261	9	4	1596	1478	866,667,866,667
1526402554.636672304	54	40	48	1	2	0	2	-43	88262	9	4	1596	1478	866,667,866,667
1526402554.648540471	54	40	48	1	2	0	2	-44	88263	9	4	1596	1478	866,667,866,667
1526402554.661238211	54	40	48	1	2	0	2	-44	88267	9	4	1596	1478	866,667,866,667
1526402554.671883972	54	40	48	1	2	0	2	-44	88268	9	4	1596	1478	866,667,866,667
1526402554.684646384	54	40	48	1	2	0	2	-44	88272	9	4	1596	1478	866,667,866,667
1526402554.695755654	54	40	48	1	2	0	2	-44	88274	9	4	1596	1478	866,667,866,667
1526402554.707291042	54	40	48	1	2	0	2	-44	88275	9	4	1596	1478	866,667,866,667
1526402554.718953567	54	40	48	1	2	0	2	-44	88276	9	4	1596	1478	866,667,866,667
1526402554.730813841	54	40	48	1	2	0	2	-44	88277	9	4	1596	1478	866,667,866,667
1526402554.742514249	54	40	48	1	2	0	2	-44	88278	9	4	1596	1478	866,667,866,667
1526402554.754345457	54	40	48	1	2	0	2	-44	88279	9	4	1596	1478	866,667,866,667
1526402554.766092874	54	40	48	1	2	0	2	-44	88280	9	4	1596	1478	866,667,866,667
1526402554.777855437	54	40	48	1	2	0	2	-44	88281	9	4	1596	1478	866,667,866,667
1526402554.789592711	54	40	48	1	2	0	2	-44	88282	9	4	1596	1478	866,667,866,667
1526402554.801377921	54	40	48	1	2	0	2	-44	88283	9	4	1596	1478	866,667,866,667
1526402554.813105337	54	40	48	1	2	0	2	-44	88284	9	4	1596	1478	866,667,866,667
1526402554.824897601	54	40	48	1	2	0	2	-44	88285	9	4	1596	1478	866,667,866,667
1526402554.836567413	54	40	48	1	2	0	2	-44	88286	9	4	1596	1478	866,667,866,667
1526402554.848441932	54	40	48	1	2	0	2	-44	88287	9	4	1596	1478	866,667,866,667
1526402554.860163053	54	40	48	1	2	0	2	-44	88288	9	4	1596	1478	866,667,866,667
1526402554.871908412	54	40	48	1	2	0	2	-44	88289	9	4	1596	1478	866,667,866,667
1526402554.883712390	54	40	48	1	2	0	2	-44	88290	9	4	1596	1478	866,667,866,667
1526402554.895371009	54	40	48	1	2	0	2	-44	88291	9	4	1596	1478	866,667,866,667
1526402554.906992728	54	40	48	1	2	0	2	-44	88292	9	4	1596	1478	866,667,866,667
1526402554.918863000	54	40	48	1	2	0	2	-44	88293	9	4	1596	1478	866,667,866,667
1526402554.930711070	54	40	48	1	2	0	2	-44	88294	9	4	1596	1478	866,667,866,667
1526402554.942489266	54	40	48	1	2	0	2	-44	88295	9	4	1596	1478	866,667,866,667
1526402554.954267495	54	40	48	1	2	0	2	-44	88296	9	4	1596	1478	866,667,866,667
1526402554.965986708	54	40	48	1	2	0	2	-44	88297	9	4	1596	1478	866,667,866,667
1526402554.977773415	54	40	48	1	2	0	2	-44	88298	9	4	1596	1478	866,667,866,667
1526402554.989459869	54	40	48	1	2	0	2	-44	88299	9	4	1596	1478	866,667,866,667
1526402555.001199127	54	40	48	1	2	0	2	-44	88300	9	4	1596	1478	866,667,866,667
1526402555.012889304	54	40	48	1	2	0	2	-44	88301	9	4	1596	1478	866,667,866,667
1526402555.024709498	54	40	48	1	2	0	2	-44	88302	9	4	1596	1478	866,667,866,667
1526402555.036467231	54	40	48	1	2	0	2	-44	88303	9	4	1596	1478	866,667,866,667
1526402555.048195203	54	40	48	1	2	0	2	-44	88304	9	4	1596	1478	866,667,866,667
1526402555.060023984	54	40	48	1	2	0	2	-44	88305	9	4	1596	1478	866,667,866,667
1526402555.071837868	54	40	48	1	2	0	2	-44	88306	9	4	1596	1478	866,667,866,667
1526402555.083535255	54	40	48	1	2	0	2	-44	88307	9	4	1596	1478	866,667,866,667
1526402555.095236897	54	40	48	1	2	0	2	-44	88308	9	4	1596	1478	866,667,866,667
1526402555.107136879	54	40	48	1	2	0	2	-43	88309	9	4	1596	1478	866,667,866,667
1526402555.118793344	54	40	48	1	2	0	2	-44	88310	9	4	1596	1478	866,667,866,667
1526402555.130545567	54	40	48	1	2	0	2	-44	88311	9	4	1596	1478	866,667,866,667
1526402555.142310245	54	40	48	1	2	0	2	-44	88312	9	4	1596	1478	866,667,866,667
1526402555.153952426	54	40	48	1	2	0	2	-44	88313	9	4	1596	1478	866,667,866,667
1526402555.165801002	54	40	48	1	2	0	2	-44	88314	9	4	1596	1478	866,667,866,667
1526402555.177574785	54	40	48	1	2	0	2	-43	88315	9	4	1596	1478	866,667,866,667
1526402555.189308224	54	40	48	1	2	0	2	-44	88316	9	4	1596	1478	866,667,866,667
1526402555.201069354	54	40	48	1	2	0	2	-43	88317	9	4	1596	1478	866,667,866,667
1526402555.212839536	54	40	48	1	2	0	2	-44	88318	9	4	1596	1478	866,667,866,667
1526402555.224583007	54	40	48	1	2	0	2	-44	88319	9	4	1596	1478	866,667,866,667
1526402555.236359386	54	40	48	1	2	0	2	-44	88320	9	4	1596	1478	866,667,866,667
1526402555.248137557	54	40	48	1	2	0	2	-44	88321	9	4	1596	1478	866,667,866,667
1526402555.259803997	54	40	48	1	2	0	2	-44	88322	9	4	1596	1478	866,667,866,667
1526402555.271726672	54	40	48	1	2	0	2	-43	88323	9	4	1596	1478	866,667,866,667
1526402555.283437127	54	40	48	1	2	0	2	-44	88324	9	4	1596	1478	866,667,866,667
1526402555.295274735	54	40	48	1	2	0	2	-44	88325	9	4	1596	1478	866,667,866,667
1526402555.307032927	54	40	48	1	2	0	2	-43	88326	9	4	1596	1478	866,667,866,667
1526402555.318952619	54	40	48	1	2	0	2	-44	88327	9	4	1596	1478	866,667,866,667
1526402555.330568814	54	40	48	1	2	0	2	-44	88328	9	4	1596	1478	866,667,866,667
1526402555.342836119	54	40	48	1	2	0	2	-44	88329	9	4	1596	1478	866,667,866,667
1526402555.353951332	54	40	48	1	2	0	2	-44	88330	9	4	1596	1478	866,667,866,667
1526402555.365872726	54	40	48	1	2	0	2	-44	88331	9	4	1596	1478	866,667,866,667
1526402555.377593475	54	40	48	1	2	0	2	-44	88332	9	4	1596	1478	866,667,866,667
1526402555.389367373	54	40	48	1	2	0	2	-44	88333	9	4	1596	1478	866,667,866,667
1526402555.401112236	54	40	48	1	2	0	2	-44	88334	9	4	1596	1478	866,667,866,667
1526402555.412896325	54	40	48	1	2	0	2	-44	88335	9	4	1596	1478	866,667,866,667
1526402555.424635051	54	40	48	1	2	0	2	-44	88336	9	4	1596	1478	866,667,866,667
1526402555.436338347	54	40	48	1	2	0	2	-44	88337	9	4	1596	1478	866,667,866,667
1526402555.448175129	54	40	48	1	2	0	2	-44	88338	9	4	1596	1478	866,667,866,667
1526402555.460455103	54	40	48	1	2	0	2	-44	88339	9	4	1596	1478	866,667,866,667
1526402555.471670643	54	40	48	1	2	0	2	-44	88340	9	4	1596	1478	866,667,866,667
1526402555.483435516	54	40	48	1	2	0	2	-44	88341	9	4	1596	1478	866,667,866,667
1526402555.495196631	54	40	48	1	2	0	2	-44	88342	9	4	1596	1478	866,667,866,667
1526402555.506818680	54	40	48	1	2	0	2	-44	88343	9	4	1596	1478	866,667,866,667
1526402555.518676380	54	40	48	1	2	0	2	-44	88344	9	4	1596	1478	866,667,866,667
1526402555.530371259	54	40	48	1	2	0	2	-44	88345	9	4	1596	1478	866,667,866,667
1526402555.542264444	54	40	48	1	2	0	2	-44	88346	9	4	1596	1478	866,667,866,667
1526402555.554006604	54	40	48	1	2	0	2	-44	88347	9	4	1596	1478	866,667,866,667
1526402555.565771099	54	40	48	1	2	0	2	-44	88348	9	4	1596	1478	866,667,866,667
1526402555.577512140	54	40	48	1	2	0	2	-44	88349	9	4	1596	1478	866,667,866,667
1526402555.589214648	54	40	48	1	2	0	2	-44	88350	9	4	1596	1478	866,667,866,667
1526402555.601010990	54	40	48	1	2	0	2	-44	88351	9	4	1596	1478	866,667,866,667
1526402555.612923777	54	40	48	1	2	0	2	-44	88352	9	4	1596	1478	866,667,866,667
1526402555.624608740	54	40	48	1	2	0	2	-44	88353	9	4	1596	1478	866,667,866,667
1526402555.636405690	54	40	48	1	2	0	2	-44	88354	9	4	1596	1478	866,667,866,667
1526402555.648126682	54	40	48	1	2	0	2	-44	88355	9	4	1596	1478	866,667,866,667
1526402555.659778832	54	40	48	1	2	0	2	-44	88356	9	4	1596	1478	866,667,866,667
1526402555.671655125	54	40	48	1	2	0	2	-44	88357	9	4	1596	1478	866,667,866,667
1526402555.683331543	54	40	48	1	2	0	2	-44	88358	9	4	1596	1478	866,667,866,667
1526402555.695049050	54	40	48	1	2	0	2	-44	88359	9	4	1596	1478	866,667,866,667
1526402555.706909993	54	40	48	1	2	0	2	-44	88360	9	4	1596	1478	866,667,866,667
1526402555.718672060	54	40	48	1	2	0	2	-44	88361	9	4	1596	1478	866,667,866,667
1526402555.730471340	54	40	48	1	2	0	2	-44	88362	9	4	1596	1478	866,667,866,667
1526402555.742148760	54	40	48	1	2	0	2	-44	88363	9	4	1596	1478	866,667,866,667
1526402555.754350962	54	40	48	1	2	0	2	-44	88365	9	4	1596	1478	866,667,866,667
1526402555.765738442	54	40	48	1	2	0	2	-44	88366	9	4	1596	1478	866,667,866,667
1526402555.777490734	54	40	48	1	2	0	2	-44	88367	9	4	1596	1478	866,667,866,667
1526402555.789275214	54	40	48	1	2	0	2	-44	88368	9	4	1596	1478	866,667,866,667
1526402555.801013382	54	40	48	1	2	0	2	-44	88369	9	4	1596	1478	866,667,866,667
1526402555.812650075	54	40	48	1	2	0	2	-44	88370	9	4	1596	1478	866,667,866,667
1526402555.824828868	54	40	48	1	2	0	2	-44	88371	9	4	1596	1478	866,667,866,667
1526402555.836135457	54	40	48	1	2	0	2	-44	88372	9	4	1596	1478	866,667,866,667
1526402555.847953785	54	40	48	1	2	0	2	-44	88373	9	4	1596	1478	866,667,866,667
1526402555.859624355	54	40	48	1	2	0	2	-44	88374	9	4	1596	1478	866,667,866,667
1526402555.871434070	54	40	48	1	2	0	2	-44	88375	9	4	1596	1478	866,667,866,667
1526402555.883178694	54	40	48	1	2	0	2	-44	88376	9	4	1596	1478	866,667,866,667
1526402555.894861769	54	40	48	1	2	0	2	-44	88377	9	4	1596	1478	866,667,866,667
1526402555.906955612	54	40	48	1	2	0	2	-44	88378	9	4	1596	1478	866,667,866,667
1526402555.918460434	54	40	48	1	2	0	2	-44	88379	9	4	1596	1478	866,667,866,667
1526402555.930339265	54	40	48	1	2	0	2	-44	88380	9	4	1596	1478	866,667,866,667
1526402555.942064215	54	40	48	1	2	0	2	-44	88381	9	4	1596	1478	866,667,866,667
1526402555.953732171	54	40	48	1	2	0	2	-44	88382	9	4	1596	1478	866,667,866,667
1526402555.965559184	54	40	48	1	2	0	2	-44	88383	9	4	1596	1478	866,667,866,667
1526402555.977317506	54	40	48	1	2	0	2	-44	88384	9	4	1596	1478	866,667,866,667
1526402555.989075591	54	40	48	1	2	0	2	-44	88385	9	4	1596	1478	866,667,866,667
1526402556.000874546	54	40	48	1	2	0	2	-44	88386	9	4	1596	1478	866,667,866,667
1526402556.012635950	54	40	48	1	2	0	2	-44	88387	9	4	1596	1478	866,667,866,667
1526402556.024318578	54	40	48	1	2	0	2	-44	88388	9	4	1596	1478	866,667,866,667
1526402556.036013116	54	40	48	1	2	0	2	-44	88389	9	4	1596	1478	866,667,866,667
1526402556.047830212	54	40	48	1	2	0	2	-44	88390	9	4	1596	1478	866,667,866,667
1526402556.059601485	54	40	48	1	2	0	2	-44	88391	9	4	1596	1478	866,667,866,667
1526402556.071329624	54	40	48	1	2	0	2	-44	88392	9	4	1596	1478	866,667,866,667
1526402556.083217617	54	40	48	1	2	0	2	-44	88393	9	4	1596	1478	866,667,866,667
1526402556.094872655	54	40	48	1	2	0	2	-44	88394	9	4	1596	1478	866,667,866,667
1526402556.106608496	54	40	48	1	2	0	2	-44	88395	9	4	1596	1478	866,667,866,667
1526402556.118368654	54	40	48	1	2	0	2	-44	88396	9	4	1596	1478	866,667,866,667
1526402556.130128924	54	40	48	1	2	0	2	-44	88397	9	4	1596	1478	866,667,866,667
1526402556.141871254	54	40	48	1	2	0	2	-44	88398	9	4	1596	1478	866,667,866,667
1526402556.153639234	54	40	48	1	2	0	2	-44	88399	9	4	1596	1478	866,667,866,667
1526402556.165340662	54	40	48	1	2	0	2	-44	88400	9	4	1596	1478	866,667,866,667
1526402556.177292255	54	40	48	1	2	0	2	-44	88401	9	4	1596	1478	866,667,866,667
1526402556.189117643	54	40	48	1	2	0	2	-44	88402	9	4	1596	1478	866,667,866,667
1526402556.200677679	54	40	48	1	2	0	2	-44	88403	9	4	1596	1478	866,667,866,667
1526402556.212411591	54	40	48	1	2	0	2	-44	88404	9	4	1596	1478	866,667,866,667
1526402556.224170121	54	40	48	1	2	0	2	-44	88405	9	4	1596	1478	866,667,866,667
1526402556.235956921	54	40	48	1	2	0	2	-44	88406	9	4	1596	1478	866,667,866,667
1526402556.247717110	54	40	48	1	2	0	2	-44	88407	9	4	1596	1478	866,667,866,667
1526402556.259477654	54	40	48	1	2	0	2	-44	88408	9	4	1596	1478	866,667,866,667
1526402556.271226046	54	40	48	1	2	0	2	-44	88409	9	4	1596	1478	866,667,866,667
1526402556.283048258	54	40	48	1	2	0	2	-44	88410	9	4	1596	1478	866,667,866,667
1526402556.294783680	54	40	48	1	2	0	2	-44	88411	9	4	1596	1478	866,667,866,667
1526402556.306655295	54	40	48	1	2	0	2	-44	88412	9	4	1596	1478	866,667,866,667
1526402556.318331601	54	40	48	1	2	0	2	-44	88413	9	4	1596	1478	866,667,866,667
1526402556.330164483	54	40	48	1	2	0	2	-44	88414	9	4	1596	1478	866,667,866,667
1526402556.342541977	54	40	48	1	2	0	2	-44	88415	9	4	1596	1478	866,667,866,667
1526402556.353687061	54	40	48	1	2	0	2	-44	88416	9	4	1596	1478	866,667,866,667
1526402556.365447299	54	40	48	1	2	0	2	-44	88417	9	4	1596	1478	866,667,866,667
1526402556.377079355	54	40	48	1	2	0	2	-44	88418	9	4	1596	1478	866,667,866,667
1526402556.388932739	54	40	48	1	2	0	2	-44	88419	9	4	1596	1478	866,667,866,667
1526402556.400723507	54	40	48	1	2	0	2	-44	88420	9	4	1596	1478	866,667,866,667
1526402556.412514307	54	40	48	1	2	0	2	-44	88421	9	4	1596	1478	866,667,866,667
1526402556.424248349	54	40	48	1	2	0	2	-44	88422	9	4	1596	1478	866,667,866,667
1526402556.436001561	54	40	48	1	2	0	2	-44	88423	9	4	1596	1478	866,667,866,667
1526402556.447752708	54	40	48	1	2	0	2	-44	88424	9	4	1596	1478	866,667,866,667
1526402556.459536605	54	40	48	1	2	0	2	-44	88425	9	4	1596	1478	866,667,866,667
1526402556.471189315	54	40	48	1	2	0	2	-44	88426	9	4	1596	1478	866,667,866,667
1526402556.483993412	54	40	48	1	2	0	2	-44	88427	9	4	1596	1478	866,667,866,667
1526402556.494803270	54	40	48	1	2	0	2	-44	88428	9	4	1596	1478	866,667,866,667
1526402556.506561391	54	40	48	1	2	0	2	-44	88429	9	4	1596	1478	866,667,866,667
1526402556.518331721	54	40	48	1	2	0	2	-44	88430	9	4	1596	1478	866,667,866,667
1526402556.530006295	54	40	48	1	2	0	2	-44	88431	9	4	1596	1478	866,667,866,667
1526402556.541757128	54	40	48	1	2	0	2	-44	88432	9	4	1596	1478	866,667,866,667
1526402556.553593212	54	40	48	1	2	0	2	-44	88433	9	4	1596	1478	866,667,866,667
1526402556.565250536	54	40	48	1	2	0	2	-44	88434	9	4	1596	1478	866,667,866,667
1526402556.577143001	54	40	48	1	2	0	2	-44	88435	9	4	1596	1478	866,667,866,667
1526402556.588910297	54	40	48	1	2	0	2	-44	88436	9	4	1596	1478	866,667,866,667
1526402556.600678964	54	40	48	1	2	0	2	-44	88437	9	4	1596	1478	866,667,866,667
1526402556.612385905	54	40	48	1	2	0	2	-44	88438	9	4	1596	1478	866,667,866,667
1526402556.624148576	54	40	48	1	2	0	2	-44	88439	9	4	1596	1478	866,667,866,667
1526402556.635769406	54	40	48	1	2	0	2	-44	88440	9	4	1596	1478	866,667,866,667
1526402556.647595331	54	40	48	1	2	0	2	-44	88441	9	4	1596	1478	866,667,866,667
1526402556.659444934	54	40	48	1	2	0	2	-44	88442	9	4	1596	1478	866,667,866,667
1526402556.671110887	54	40	48	1	2	0	2	-44	88443	9	4	1596	1478	866,667,866,667
1526402556.682977034	54	40	48	1	2	0	2	-44	88444	9	4	1596	1478	866,667,866,667
1526402556.694742791	54	40	48	1	2	0	2	-44	88445	9	4	1596	1478	866,667,866,667
1526402556.706489537	54	40	48	1	2	0	2	-44	88446	9	4	1596	1478	866,667,866,667
1526402556.718255120	54	40	48	1	2	0	2	-44	88447	9	4	1596	1478	866,667,866,667
1526402556.730010995	54	40	48	1	2	0	2	-44	88448	9	4	1596	1478	866,667,866,667
1526402556.741760708	54	40	48	1	2	0	2	-44	88449	9	4	1596	1478	866,667,866,667
1526402556.753427731	54	40	48	1	2	0	2	-44	88450	9	4	1596	1478	866,667,866,667
1526402556.765266723	54	40	48	1	2	0	2	-44	88451	9	4	1596	1478	866,667,866,667
1526402556.777036856	54	40	48	1	2	0	2	-44	88452	9	4	1596	1478	866,667,866,667
1526402556.788749323	54	40	48	1	2	0	2	-44	88453	9	4	1596	1478	866,667,866,667
1526402556.800600297	54	40	48	1	2	0	2	-44	88454	9	4	1596	1478	866,667,866,667
1526402556.812339341	54	40	48	1	2	0	2	-44	88455	9	4	1596	1478	866,667,866,667
1526402556.824069341	54	40	48	1	2	0	2	-44	88456	9	4	1596	1478	866,667,866,667
1526402556.835766646	54	40	48	1	2	0	2	-44	88457	9	4	1596	1478	866,667,866,667
1526402556.847527946	54	40	48	1	2	0	2	-44	88458	9	4	1596	1478	866,667,866,667
1526402556.859357972	54	40	48	1	2	0	2	-44	88459	9	4	1596	1478	866,667,866,667
1526402556.871120695	54	40	48	1	2	0	2	-44	88460	9	4	1596	1478	866,667,866,667
1526402556.882757977	54	40	48	1	2	0	2	-44	88461	9	4	1596	1478	866,667,866,667
1526402556.894623454	54	40	48	1	2	0	2	-44	88462	9	4	1596	1478	866,667,866,667
1526402556.906402800	54	40	48	1	2	0	2	-44	88463	9	4	1596	1478	866,667,866,667
1526402556.918168495	54	40	48	1	2	0	2	-44	88464	9	4	1596	1478	866,667,866,667
1526402556.929925412	54	40	48	1	2	0	2	-44	88465	9	4	1596	1478	866,667,866,667
1526402556.941611358	54	40	48	1	2	0	2	-44	88466	9	4	1596	1478	866,667,866,667
1526402556.953445670	54	40	48	1	2	0	2	-44	88467	9	4	1596	1478	866,667,866,667
1526402556.965219081	54	40	48	1	2	0	2	-44	88468	9	4	1596	1478	866,667,866,667
1526402556.976974685	54	40	48	1	2	0	2	-44	88469	9	4	1596	1478	866,667,866,667
1526402556.988977840	54	40	48	1	2	0	2	-44	88470	9	4	1596	1478	866,667,866,667
1526402557.000435778	54	40	48	1	2	0	2	-44	88471	9	4	1596	1478	866,667,866,667
1526402557.012218457	54	40	48	1	2	0	2	-44	88472	9	4	1596	1478	866,667,866,667
1526402557.023993493	54	40	48	1	2	0	2	-44	88473	9	4	1596	1478	866,667,866,667
1526402557.035702168	54	40	48	1	2	0	2	-44	88474	9	4	1596	1478	866,667,866,667
1526402557.047447360	54	40	48	1	2	0	2	-44	88475	9	4	1596	1478	866,667,866,667
1526402557.059423943	54	40	48	1	2	0	2	-44	88476	9	4	1596	1478	866,667,866,667
1526402557.070863313	54	40	48	1	2	0	2	-44	88477	9	4	1596	1478	866,667,866,667
1526402557.082674296	54	40	48	1	2	0	2	-44	88478	9	4	1596	1478	866,667,866,667
1526402557.094434311	54	40	48	1	2	0	2	-44	88479	9	4	1596	1478	866,667,866,667
1526402557.106209852	54	40	48	1	2	0	2	-44	88480	9	4	1596	1478	866,667,866,667
1526402557.117951781	54	40	48	1	2	0	2	-44	88481	9	4	1596	1478	866,667,866,667
1526402557.129627045	54	40	48	1	2	0	2	-44	88482	9	4	1596	1478	866,667,866,667
1526402557.141525453	54	40	48	1	2	0	2	-44	88484	9	4	1596	1478	866,667,866,667
1526402557.153219537	54	40	48	1	2	0	2	-44	88485	9	4	1596	1478	866,667,866,667
1526402557.165007430	54	40	48	1	2	0	2	-44	88486	9	4	1596	1478	866,667,866,667
1526402557.176628979	54	40	48	1	2	0	2	-44	88487	9	4	1596	1478	866,667,866,667
1526402557.188678686	54	40	48	1	2	0	2	-44	88488	9	4	1596	1478	866,667,866,667
1526402557.200871858	54	40	48	1	2	0	2	-44	88489	9	4	1596	1478	866,667,866,667
1526402557.212137007	54	40	48	1	2	0	2	-44	88490	9	4	1596	1478	866,667,866,667
1526402557.223655656	54	40	48	1	2	0	2	-44	88491	9	4	1596	1478	866,667,866,667
1526402557.235810611	54	40	48	1	2	0	2	-44	88492	9	4	1596	1478	866,667,866,667
1526402557.247527764	54	40	48	1	2	0	2	-44	88493	9	4	1596	1478	866,667,866,667
1526402557.259478002	54	40	48	1	2	0	2	-44	88494	9	4	1596	1478	866,667,866,667
1526402557.271054951	54	40	48	1	2	0	2	-44	88495	9	4	1596	1478	866,667,866,667
1526402557.282693019	54	40	48	1	2	0	2	-44	88496	9	4	1596	1478	866,667,866,667
1526402557.294249976	54	40	48	1	2	0	2	-44	88497	9	4	1596	1478	866,667,866,667
1526402557.306148053	54	40	48	1	2	0	2	-44	88498	9	4	1596	1478	866,667,866,667
1526402557.317848972	54	40	48	1	2	0	2	-44	88499	9	4	1596	1478	866,667,866,667
1526402557.329648008	54	40	48	1	2	0	2	-44	88500	9	4	1596	1478	866,667,866,667
1526402557.341602277	54	40	48	1	2	0	2	-44	88501	9	4	1596	1478	866,667,866,667
1526402557.353341786	54	40	48	1	2	0	2	-44	88502	9	4	1596	1478	866,667,866,667
1526402557.364788272	54	40	48	1	2	0	2	-44	88503	9	4	1596	1478	866,667,866,667
1526402557.376617889	54	40	48	1	2	0	2	-44	88504	9	4	1596	1478	866,667,866,667
1526402557.388523555	54	40	48	1	2	0	2	-44	88505	9	4	1596	1478	866,667,866,667
1526402557.400319782	54	40	48	1	2	0	2	-44	88506	9	4	1596	1478	866,667,866,667
1526402557.412097947	54	40	48	1	2	0	2	-44	88507	9	4	1596	1478	866,667,866,667
1526402557.423846834	54	40	48	1	2	0	2	-44	88508	9	4	1596	1478	866,667,866,667
1526402557.435581966	54	40	48	1	2	0	2	-44	88509	9	4	1596	1478	866,667,866,667
1526402557.447361062	54	40	48	1	2	0	2	-44	88510	9	4	1596	1478	866,667,866,667
1526402557.459130797	54	40	48	1	2	0	2	-43	88511	9	4	1596	1478	866,667,866,667
1526402557.470900815	54	40	48	1	2	0	2	-44	88512	9	4	1596	1478	866,667,866,667
1526402557.482523210	54	40	48	1	2	0	2	-44	88513	9	4	1596	1478	866,667,866,667
1526402557.494341349	54	40	48	1	2	0	2	-44	88514	9	4	1596	1478	866,667,866,667
1526402557.506174818	54	40	48	1	2	0	2	-44	88515	9	4	1596	1478	866,667,866,667
1526402557.517937216	54	40	48	1	2	0	2	-44	88516	9	4	1596	1478	866,667,866,667
1526402557.529555878	54	40	48	1	2	0	2	-44	88517	9	4	1596	1478	866,667,866,667
1526402557.541424718	54	40	48	1	2	0	2	-44	88518	9	4	1596	1478	866,667,866,667
1526402557.553237702	54	40	48	1	2	0	2	-44	88519	9	4	1596	1478	866,667,866,667
1526402557.564890817	54	40	48	1	2	0	2	-44	88520	9	4	1596	1478	866,667,866,667
1526402557.576721229	54	40	48	1	2	0	2	-44	88521	9	4	1596	1478	866,667,866,667
1526402557.588507451	54	40	48	1	2	0	2	-44	88522	9	4	1596	1478	866,667,866,667
1526402557.600077242	54	40	48	1	2	0	2	-44	88523	9	4	1596	1478	866,667,866,667
1526402557.611945148	54	40	48	1	2	0	2	-44	88524	9	4	1596	1478	866,667,866,667
1526402557.623749141	54	40	48	1	2	0	2	-44	88525	9	4	1596	1478	866,667,866,667
1526402557.635440607	54	40	48	1	2	0	2	-44	88526	9	4	1596	1478	866,667,866,667
1526402557.647192540	54	40	48	1	2	0	2	-44	88527	9	4	1596	1478	866,667,866,667
1526402557.659020065	54	40	48	1	2	0	2	-44	88528	9	4	1596	1478	866,667,866,667
1526402557.670791915	54	40	48	1	2	0	2	-44	88529	9	4	1596	1478	866,667,866,667
1526402557.682478495	54	40	48	1	2	0	2	-44	88530	9	4	1596	1478	866,667,866,667
1526402557.694247963	54	40	48	1	2	0	2	-44	88531	9	4	1596	1478	866,667,866,667
1526402557.706083639	54	40	48	1	2	0	2	-44	88532	9	4	1596	1478	866,667,866,667
1526402557.717871948	54	40	48	1	2	0	2	-44	88533	9	4	1596	1478	866,667,866,667
1526402557.729591327	54	40	48	1	2	0	2	-44	88534	9	4	1596	1478	866,667,866,667
1526402557.741374397	54	40	48	1	2	0	2	-44	88535	9	4	1596	1478	866,667,866,667
1526402557.753105397	54	40	48	1	2	0	2	-44	88536	9	4	1596	1478	866,667,866,667
1526402557.764869110	54	40	48	1	2	0	2	-44	88537	9	4	1596	1478	866,667,866,667
1526402557.776618688	54	40	48	1	2	0	2	-44	88538	9	4	1596	1478	866,667,866,667
1526402557.788889039	54	40	48	1	2	0	2	-44	88539	9	4	1596	1478	866,667,866,667
1526402557.800157649	54	40	48	1	2	0	2	-44	88540	9	4	1596	1478	866,667,866,667
1526402557.811841160	54	40	48	1	2	0	2	-44	88541	9	4	1596	1478	866,667,866,667
1526402557.823614700	54	40	48	1	2	0	2	-44	88542	9	4	1596	1478	866,667,866,667
1526402557.835293024	54	40	48	1	2	0	2	-44	88543	9	4	1596	1478	866,667,866,667
1526402557.847106209	54	40	48	1	2	0	2	-44	88544	9	4	1596	1478	866,667,866,667
1526402557.858789533	54	40	48	1	2	0	2	-44	88545	9	4	1596	1478	866,667,866,667
1526402557.870503534	54	40	48	1	2	0	2	-44	88546	9	4	1596	1478	866,667,866,667
1526402557.882389342	54	40	48	1	2	0	2	-44	88547	9	4	1596	1478	866,667,866,667
1526402557.894075793	54	40	48	1	2	0	2	-44	88548	9	4	1596	1478	866,667,866,667
1526402557.905868872	54	40	48	1	2	0	2	-44	88549	9	4	1596	1478	866,667,866,667
1526402557.917735110	54	40	48	1	2	0	2	-44	88550	9	4	1596	1478	866,667,866,667
1526402557.929492897	54	40	48	1	2	0	2	-44	88551	9	4	1596	1478	866,667,866,667
1526402557.941500183	54	40	48	1	2	0	2	-44	88553	9	4	1596	1478	866,667,866,667
1526402557.953030066	54	40	48	1	2	0	2	-44	88554	9	4	1596	1478	866,667,866,667
1526402557.964820828	54	40	48	1	2	0	2	-44	88555	9	4	1596	1478	866,667,866,667
1526402557.976539469	54	40	48	1	2	0	2	-44	88556	9	4	1596	1478	866,667,866,667
1526402557.988224927	54	40	48	1	2	0	2	-44	88557	9	4	1596	1478	866,667,866,667
1526402558.000063388	54	40	48	1	2	0	2	-44	88558	9	4	1596	1478	866,667,866,667
1526402558.011832072	54	40	48	1	2	0	2	-44	88559	9	4	1596	1478	866,667,866,667
1526402558.023626269	54	40	48	1	2	0	2	-44	88560	9	4	1596	1478	866,667,866,667
1526402558.035283101	54	40	48	1	2	0	2	-44	88561	9	4	1596	1478	866,667,866,667
1526402558.047001066	54	40	48	1	2	0	2	-44	88562	9	4	1596	1478	866,667,866,667
1526402558.058709314	54	40	48	1	2	0	2	-44	88563	9	4	1596	1478	866,667,866,667
1526402558.070308489	54	40	48	1	2	0	2	-44	88564	9	4	1596	1478	866,667,866,667
1526402558.082257842	54	40	48	1	2	0	2	-44	88565	9	4	1596	1478	866,667,866,667
1526402558.094042731	54	40	48	1	2	0	2	-44	88566	9	4	1596	1478	866,667,866,667
1526402558.105917152	54	40	48	1	2	0	2	-44	88567	9	4	1596	1478	866,667,866,667
1526402558.117674165	54	40	48	1	2	0	2	-44	88568	9	4	1596	1478	866,667,866,667
1526402558.129287242	54	40	48	1	2	0	2	-44	88569	9	4	1596	1478	866,667,866,667
1526402558.141014114	54	40	48	1	2	0	2	-44	88570	9	4	1596	1478	866,667,866,667
1526402558.152946351	54	40	48	1	2	0	2	-44	88571	9	4	1596	1478	866,667,866,667
1526402558.164742012	54	40	48	1	2	0	2	-44	88572	9	4	1596	1478	866,667,866,667
1526402558.176475702	54	40	48	1	2	0	2	-44	88573	9	4	1596	1478	866,667,866,667
1526402558.188229641	54	40	48	1	2	0	2	-44	88574	9	4	1596	1478	866,667,866,667
1526402558.199986488	54	40	48	1	2	0	2	-44	88575	9	4	1596	1478	866,667,866,667
1526402558.211685662	54	40	48	1	2	0	2	-44	88576	9	4	1596	1478	866,667,866,667
1526402558.223533461	54	40	48	1	2	0	2	-44	88577	9	4	1596	1478	866,667,866,667
1526402558.235321585	54	40	48	1	2	0	2	-44	88578	9	4	1596	1478	866,667,866,667
1526402558.247028490	54	40	48	1	2	0	2	-44	88579	9	4	1596	1478	866,667,866,667
1526402558.258810473	54	40	48	1	2	0	2	-44	88580	9	4	1596	1478	866,667,866,667
1526402558.270446279	54	40	48	1	2	0	2	-44	88581	9	4	1596	1478	866,667,866,667
1526402558.282322772	54	40	48	1	2	0	2	-44	88582	9	4	1596	1478	866,667,866,667
1526402558.294066856	54	40	48	1	2	0	2	-44	88583	9	4	1596	1478	866,667,866,667
1526402558.305858628	54	40	48	1	2	0	2	-44	88584	9	4	1596	1478	866,667,866,667
1526402558.317627769	54	40	48	1	2	0	2	-44	88585	9	4	1596	1478	866,667,866,667
1526402558.329401731	54	40	48	1	2	0	2	-44	88586	9	4	1596	1478	866,667,866,667
1526402558.341141424	54	40	48	1	2	0	2	-44	88587	9	4	1596	1478	866,667,866,667
1526402558.352877870	54	40	48	1	2	0	2	-44	88588	9	4	1596	1478	866,667,866,667
1526402558.364567591	54	40	48	1	2	0	2	-44	88589	9	4	1596	1478	866,667,866,667
1526402558.376415448	54	40	48	1	2	0	2	-44	88590	9	4	1596	1478	866,667,866,667
1526402558.388174984	54	40	48	1	2	0	2	-44	88591	9	4	1596	1478	866,667,866,667
1526402558.400040392	54	40	48	1	2	0	2	-44	88592	9	4	1596	1478	866,667,866,667
1526402558.411671662	54	40	48	1	2	0	2	-44	88593	9	4	1596	1478	866,667,866,667
1526402558.423423294	54	40	48	1	2	0	2	-44	88594	9	4	1596	1478	866,667,866,667
1526402558.435227826	54	40	48	1	2	0	2	-44	88595	9	4	1596	1478	866,667,866,667
1526402558.446952146	54	40	48	1	2	0	2	-44	88596	9	4	1596	1478	866,667,866,667
1526402558.458740456	54	40	48	1	2	0	2	-44	88597	9	4	1596	1478	866,667,866,667
1526402558.470484900	54	40	48	1	2	0	2	-44	88598	9	4	1596	1478	866,667,866,667
1526402558.482237972	54	40	48	1	2	0	2	-44	88599	9	4	1596	1478	866,667,866,667
1526402558.494022013	54	40	48	1	2	0	2	-44	88600	9	4	1596	1478	866,667,866,667
1526402558.505772663	54	40	48	1	2	0	2	-44	88601	9	4	1596	1478	866,667,866,667
1526402558.517442533	54	40	48	1	2	0	2	-44	88602	9	4	1596	1478	866,667,866,667
1526402558.529183870	54	40	48	1	2	0	2	-44	88603	9	4	1596	1478	866,667,866,667
1526402558.541077962	54	40	48	1	2	0	2	-44	88604	9	4	1596	1478	866,667,866,667
1526402558.552799990	54	40	48	1	2	0	2	-44	88605	9	4	1596	1478	866,667,866,667
1526402558.564563209	54	40	48	1	2	0	2	-44	88606	9	4	1596	1478	866,667,866,667
1526402558.576327657	54	40	48	1	2	0	2	-44	88607	9	4	1596	1478	866,667,866,667
1526402558.587956973	54	40	48	1	2	0	2	-44	88608	9	4	1596	1478	866,667,866,667
1526402558.599708159	54	40	48	1	2	0	2	-44	88609	9	4	1596	1478	866,667,866,667
1526402558.611514006	54	40	48	1	2	0	2	-44	88610	9	4	1596	1478	866,667,866,667
1526402558.623267232	54	40	48	1	2	0	2	-44	88611	9	4	1596	1478	866,667,866,667
1526402558.635009136	54	40	48	1	2	0	2	-44	88612	9	4	1596	1478	866,667,866,667
1526402558.646739465	54	40	48	1	2	0	2	-44	88613	9	4	1596	1478	866,667,866,667
1526402558.658630319	54	40	48	1	2	0	2	-44	88614	9	4	1596	1478	866,667,866,667
1526402558.670384764	54	40	48	1	2	0	2	-44	88615	9	4	1596	1478	866,667,866,667
1526402558.682168802	54	40	48	1	2	0	2	-44	88616	9	4	1596	1478	866,667,866,667
1526402558.693872609	54	40	48	1	2	0	2	-44	88617	9	4	1596	1478	866,667,866,667
1526402558.705685465	54	40	48	1	2	0	2	-44	88618	9	4	1596	1478	866,667,866,667
1526402558.717450599	54	40	48	1	2	0	2	-44	88619	9	4	1596	1478	866,667,866,667
1526402558.729203423	54	40	48	1	2	0	2	-44	88620	9	4	1596	1478	866,667,866,667
1526402558.741021658	54	40	48	1	2	0	2	-44	88621	9	4	1596	1478	866,667,866,667
1526402558.752620057	54	40	48	1	2	0	2	-44	88622	9	4	1596	1478	866,667,866,667
1526402558.764512024	54	40	48	1	2	0	2	-44	88623	9	4	1596	1478	866,667,866,667
1526402558.776245457	54	40	48	1	2	0	2	-44	88624	9	4	1596	1478	866,667,866,667
1526402558.787923107	54	40	48	1	2	0	2	-44	88625	9	4	1596	1478	866,667,866,667
1526402558.800098337	54	40	48	1	2	0	2	-44	88626	9	4	1596	1478	866,667,866,667
1526402558.811420812	54	40	48	1	2	0	2	-44	88627	9	4	1596	1478	866,667,866,667
1526402558.823192439	54	40	48	1	2	0	2	-44	88628	9	4	1596	1478	866,667,866,667
1526402558.834961163	54	40	48	1	2	0	2	-44	88629	9	4	1596	1478	866,667,866,667
1526402558.848423739	54	40	48	1	2	0	2	-44	88630	9	4	1596	1478	866,667,866,667
1526402558.858391996	54	40	48	1	2	0	2	-44	88631	9	4	1596	1478	866,667,866,667
1526402558.870212436	54	40	48	1	2	0	2	-44	88632	9	4	1596	1478	866,667,866,667
1526402558.881967486	54	40	48	1	2	0	2	-44	88633	9	4	1596	1478	866,667,866,667
1526402558.893677455	54	40	48	1	2	0	2	-44	88634	9	4	1596	1478	866,667,866,667
1526402558.905489714	54	40	48	1	2	0	2	-44	88635	9	4	1596	1478	866,667,866,667
1526402558.917215836	54	40	48	1	2	0	2	-44	88636	9	4	1596	1478	866,667,866,667
1526402558.929033992	54	40	48	1	2	0	2	-44	88637	9	4	1596	1478	866,667,866,667
1526402558.940780043	54	40	48	1	2	0	2	-44	88638	9	4	1596	1478	866,667,866,667
1526402558.952530238	54	40	48	1	2	0	2	-44	88639	9	4	1596	1478	866,667,866,667
1526402558.964385971	54	40	48	1	2	0	2	-44	88640	9	4	1596	1478	866,667,866,667
1526402558.976141523	54	40	48	1	2	0	2	-44	88641	9	4	1596	1478	866,667,866,667
1526402558.987911044	54	40	48	1	2	0	2	-44	88642	9	4	1596	1478	866,667,866,667
1526402558.999696298	54	40	48	1	2	0	2	-44	88643	9	4	1596	1478	866,667,866,667
1526402559.011367224	54	40	48	1	2	0	2	-44	88644	9	4	1596	1478	866,667,866,667
1526402559.023025331	54	40	48	1	2	0	2	-44	88645	9	4	1596	1478	866,667,866,667
1526402559.034751735	54	40	48	1	2	0	2	-44	88646	9	4	1596	1478	866,667,866,667
1526402559.047012777	54	40	48	1	2	0	2	-44	88648	9	4	1596	1478	866,667,866,667
1526402559.058468474	54	40	48	1	2	0	2	-44	88649	9	4	1596	1478	866,667,866,667
1526402559.070115473	54	40	48	1	2	0	2	-44	88650	9	4	1596	1478	866,667,866,667
1526402559.082004645	54	40	48	1	2	0	2	-44	88651	9	4	1596	1478	866,667,866,667
1526402559.093676762	54	40	48	1	2	0	2	-44	88652	9	4	1596	1478	866,667,866,667
1526402559.105408747	54	40	48	1	2	0	2	-43	88653	9	4	1596	1478	866,667,866,667
1526402559.117158770	54	40	48	1	2	0	2	-44	88654	9	4	1596	1478	866,667,866,667
1526402559.128941951	54	40	48	1	2	0	2	-43	88655	9	4	1596	1478	866,667,866,667
1526402559.140717616	54	40	48	1	2	0	2	-44	88656	9	4	1596	1478	866,667,866,667
1526402559.152585720	54	40	48	1	2	0	2	-44	88657	9	4	1596	1478	866,667,866,667
1526402559.164334663	54	40	48	1	2	0	2	-44	88658	9	4	1596	1478	866,667,866,667
1526402559.176043758	54	40	48	1	2	0	2	-44	88659	9	4	1596	1478	866,667,866,667
1526402559.187850997	54	40	48	1	2	0	2	-44	88660	9	4	1596	1478	866,667,866,667
1526402559.199596110	54	40	48	1	2	0	2	-44	88661	9	4	1596	1478	866,667,866,667
1526402559.211357541	54	40	48	1	2	0	2	-44	88662	9	4	1596	1478	866,667,866,667
1526402559.223142070	54	40	48	1	2	0	2	-44	88663	9	4	1596	1478	866,667,866,667
1526402559.234893048	54	40	48	1	2	0	2	-44	88664	9	4	1596	1478	866,667,866,667
1526402559.246631623	54	40	48	1	2	0	2	-44	88665	9	4	1596	1478	866,667,866,667
1526402559.258419392	54	40	48	1	2	0	2	-44	88666	9	4	1596	1478	866,667,866,667
1526402559.270168543	54	40	48	1	2	0	2	-44	88667	9	4	1596	1478	866,667,866,667
1526402559.281935964	54	40	48	1	2	0	2	-44	88668	9	4	1596	1478	866,667,866,667
1526402559.293672526	54	40	48	1	2	0	2	-44	88669	9	4	1596	1478	866,667,866,667
1526402559.305485856	54	40	48	1	2	0	2	-44	88670	9	4	1596	1478	866,667,866,667
1526402559.317257774	54	40	48	1	2	0	2	-44	88671	9	4	1596	1478	866,667,866,667
1526402559.328966589	54	40	48	1	2	0	2	-44	88672	9	4	1596	1478	866,667,866,667
1526402559.340767702	54	40	48	1	2	0	2	-44	88673	9	4	1596	1478	866,667,866,667
1526402559.352515818	54	40	48	1	2	0	2	-44	88674	9	4	1596	1478	866,667,866,667
1526402559.364241063	54	40	48	1	2	0	2	-44	88675	9	4	1596	1478	866,667,866,667
1526402559.376004339	54	40	48	1	2	0	2	-44	88676	9	4	1596	1478	866,667,866,667
1526402559.387750555	54	40	48	1	2	0	2	-44	88677	9	4	1596	1478	866,667,866,667
1526402559.399526111	54	40	48	1	2	0	2	-44	88678	9	4	1596	1478	866,667,866,667
1526402559.411285476	54	40	48	1	2	0	2	-44	88679	9	4	1596	1478	866,667,866,667
1526402559.423030381	54	40	48	1	2	0	2	-44	88680	9	4	1596	1478	866,667,866,667
1526402559.434805747	54	40	48	1	2	0	2	-44	88681	9	4	1596	1478	866,667,866,667
1526402559.446561556	54	40	48	1	2	0	2	-44	88682	9	4	1596	1478	866,667,866,667
1526402559.458590994	54	40	48	1	2	0	2	-44	88684	9	4	1596	1478	866,667,866,667
1526402559.470078770	54	40	48	1	2	0	2	-44	88685	9	4	1596	1478	866,667,866,667
1526402559.481841374	54	40	48	1	2	0	2	-44	88686	9	4	1596	1478	866,667,866,667
1526402559.494902474	55	40	48	1	2	0	2	-44	88690	8	4	1596	1478	780,780
1526402559.505366120	55	40	48	1	2	0	2	-44	88691	8	4	1596	1478	780,780
1526402559.517670094	55	40	48	1	2	0	2	-44	88692	8	4	1596	1478	780,780
1526402559.528801152	55	40	48	1	2	0	2	-44	88693	8	4	1596	1478	780,780
1526402559.540634778	55	40	48	1	2	0	2	-44	88694	8	4	1596	1478	780,780
1526402559.552411746	55	40	48	1	2	0	2	-44	88695	8	4	1596	1478	780,780
1526402559.564196727	55	40	48	1	2	0	2	-44	88696	8	4	1596	1478	780,780
1526402559.575924714	55	40	48	1	2	0	2	-44	88697	8	4	1596	1478	780,780
1526402559.588038687	55	40	48	1	2	0	2	-44	88699	8	4	1596	1478	780,780
1526402559.599456309	55	40	48	1	2	0	2	-44	88700	8	4	1596	1478	780,780
1526402559.611119294	55	40	48	1	2	0	2	-44	88701	8	4	1596	1478	780,780
1526402559.622808430	55	40	48	1	2	0	2	-44	88702	8	4	1596	1478	780,780
1526402559.634563485	55	40	48	1	2	0	2	-44	88703	8	4	1596	1478	780,780
1526402559.646382627	55	40	48	1	2	0	2	-44	88704	8	4	1596	1478	780,780
1526402559.658317863	55	40	48	1	2	0	2	-44	88705	8	4	1596	1478	780,780
1526402559.670009303	55	40	48	1	2	0	2	-44	88706	8	4	1596	1478	780,780
1526402559.681766357	55	40	48	1	2	0	2	-44	88707	8	4	1596	1478	780,780
1526402559.693537265	55	40	48	1	2	0	2	-43	88708	8	4	1596	1478	780,780
1526402559.705137114	55	40	48	1	2	0	2	-44	88709	8	4	1596	1478	780,780
1526402559.716948671	55	40	48	1	2	0	2	-43	88710	8	4	1596	1478	780,780
1526402559.728681626	55	40	48	1	2	0	2	-43	88711	8	4	1596	1478	780,780
1526402559.740440809	55	40	48	1	2	0	2	-43	88712	8	4	1596	1478	780,780
1526402559.752103018	55	40	48	0	2	0	2	-44	88713	9	4	1596	1478	780,780
1526402559.763903096	55	40	48	1	2	0	2	-43	88714	8	4	1596	1478	780,780
1526402559.775621635	55	40	48	1	2	0	2	-43	88715	8	4	1596	1478	780,780
1526402559.787736829	55	40	48	1	2	0	2	-43	88716	8	4	1596	1478	780,780
1526402559.799149676	55	40	48	1	2	0	2	-43	88717	8	4	1596	1478	780,780
1526402559.810898743	55	40	48	0	2	0	2	-43	88718	9	4	1596	1478	780,780
1526402559.822669056	55	40	48	1	2	0	2	-43	88719	8	4	1596	1478	780,780
1526402559.834504232	55	40	48	1	2	0	2	-43	88720	8	4	1596	1478	780,780
1526402559.846280323	55	40	48	1	2	0	2	-43	88721	8	4	1596	1478	780,780
1526402559.858042147	55	40	48	1	2	0	2	-43	88722	8	4	1596	1478	780,780
1526402559.869641370	55	40	48	0	2	0	2	-43	88723	9	4	1596	1478	780,780
1526402559.881565469	55	40	48	1	2	0	2	-43	88724	8	4	1596	1478	780,780
1526402559.893295332	55	40	48	1	2	0	2	-43	88725	8	4	1596	1478	780,780
1526402559.905193615	55	40	48	1	2	0	2	-43	88726	8	4	1596	1478	780,780
1526402559.916976058	55	40	48	1	2	0	2	-43	88727	8	4	1596	1478	780,780
1526402559.928737025	55	40	48	0	2	0	2	-43	88728	9	4	1596	1478	780,780
1526402559.940448470	54	40	48	1	2	0	2	-43	88729	9	4	1596	1478	866,667,866,667
1526402559.952119334	54	40	48	1	2	0	2	-43	88730	9	4	1596	1478	866,667,866,667
1526402559.963928210	54	40	48	1	2	0	2	-43	88731	9	4	1596	1478	866,667,866,667
1526402559.975696172	54	40	48	1	2	0	2	-43	88732	9	4	1596	1478	866,667,866,667
1526402559.987408600	54	40	48	1	2	0	2	-43	88733	9	4	1596	1478	866,667,866,667
1526402559.999838850	54	40	48	1	2	0	2	-43	88736	9	4	1596	1478	866,667,866,667
1526402560.010906841	54	40	48	1	2	0	2	-43	88737	9	4	1596	1478	866,667,866,667
1526402560.022660750	54	40	48	1	2	0	2	-43	88738	9	4	1596	1478	866,667,866,667
1526402560.034340856	54	40	48	1	2	0	2	-43	88739	9	4	1596	1478	866,667,866,667
1526402560.046184264	54	40	48	1	2	0	2	-43	88740	9	4	1596	1478	866,667,866,667
1526402560.057974995	54	40	48	1	2	0	2	-43	88741	9	4	1596	1478	866,667,866,667
1526402560.069734713	54	40	48	1	2	0	2	-43	88742	9	4	1596	1478	866,667,866,667
1526402560.081461162	54	40	48	1	2	0	2	-43	88743	9	4	1596	1478	866,667,866,667
1526402560.093243180	54	40	48	1	2	0	2	-43	88744	9	4	1596	1478	866,667,866,667
1526402560.104992720	54	40	48	1	2	0	2	-43	88745	9	4	1596	1478	866,667,866,667
1526402560.116747771	54	40	48	1	2	0	2	-43	88746	9	4	1596	1478	866,667,866,667
1526402560.128393311	54	40	48	1	2	0	2	-43	88747	9	4	1596	1478	866,667,866,667
1526402560.141126832	54	40	48	1	2	0	2	-43	88751	9	4	1596	1478	866,667,866,667
1526402560.152293755	54	40	48	1	2	0	2	-43	88753	9	4	1596	1478	866,667,866,667
1526402560.163769065	54	40	48	1	2	0	2	-43	88754	9	4	1596	1478	866,667,866,667
1526402560.175567826	54	40	48	1	2	0	2	-43	88755	9	4	1596	1478	866,667,866,667
1526402560.187323967	54	40	48	1	2	0	2	-43	88756	9	4	1596	1478	866,667,866,667
1526402560.200398830	55	40	48	1	2	0	2	-43	88759	8	4	1596	1478	780,780
1526402560.210815456	55	40	48	1	2	0	2	-43	88760	8	4	1596	1478	780,780
1526402560.222589588	55	40	48	1	2	0	2	-43	88761	8	4	1596	1478	780,780
1526402560.234349383	55	40	48	1	2	0	2	-43	88762	8	4	1596	1478	780,780
1526402560.246099331	55	40	48	1	2	0	2	-43	88763	8	4	1596	1478	780,780
1526402560.257812995	55	40	48	1	2	0	2	-43	88764	8	4	1596	1478	780,780
1526402560.269634659	55	40	48	1	2	0	2	-43	88765	8	4	1596	1478	780,780
1526402560.281491618	55	40	48	1	2	0	2	-43	88766	8	4	1596	1478	780,780
1526402560.293255621	55	40	48	0	2	0	2	-43	88767	9	4	1596	1478	780,780
1526402560.305021798	55	40	48	1	2	0	2	-43	88768	8	4	1596	1478	780,780
1526402560.316789128	55	40	48	1	2	0	2	-43	88769	8	4	1596	1478	780,780
1526402560.328564629	55	40	48	1	2	0	2	-43	88770	8	4	1596	1478	780,780
1526402560.340318248	55	40	48	1	2	0	2	-43	88771	8	4	1596	1478	780,780
1526402560.351947644	55	40	48	0	2	0	2	-43	88772	9	4	1596	1478	780,780
1526402560.363863825	55	40	48	1	2	0	2	-43	88773	8	4	1596	1478	780,780
1526402560.375553985	55	40	48	1	2	0	2	-43	88774	8	4	1596	1478	780,780
1526402560.387363909	55	40	48	1	2	0	2	-43	88775	8	4	1596	1478	780,780
1526402560.399123759	55	40	48	1	2	0	2	-43	88776	8	4	1596	1478	780,780
1526402560.410881902	55	40	48	0	2	0	2	-43	88777	9	4	1596	1478	780,780
1526402560.422639354	55	40	48	1	2	0	2	-43	88778	8	4	1596	1478	780,780
1526402560.434395943	55	40	48	1	2	0	2	-43	88779	8	4	1596	1478	780,780
1526402560.446135671	55	40	48	1	2	0	2	-43	88780	8	4	1596	1478	780,780
1526402560.457916765	55	40	48	1	2	0	2	-44	88781	8	4	1596	1478	780,780
1526402560.469602871	55	40	48	0	2	0	2	-44	88782	9	4	1596	1478	780,780
1526402560.481471486	54	40	48	1	2	0	2	-44	88783	9	4	1596	1478	866,667,866,667
1526402560.493146807	54	40	48	1	2	0	2	-44	88784	9	4	1596	1478	866,667,866,667
1526402560.504954624	54	40	48	1	2	0	2	-44	88785	9	4	1596	1478	866,667,866,667
1526402560.516752183	54	40	48	1	2	0	2	-43	88786	9	4	1596	1478	866,667,866,667
1526402560.528435682	54	40	48	1	2	0	2	-43	88787	9	4	1596	1478	866,667,866,667
1526402560.541009217	54	40	48	1	2	0	2	-43	88788	9	4	1596	1478	866,667,866,667
1526402560.551998745	54	40	48	1	2	0	2	-43	88789	9	4	1596	1478	866,667,866,667
1526402560.563766827	54	40	48	1	2	0	2	-43	88790	9	4	1596	1478	866,667,866,667
1526402560.575538464	54	40	48	1	2	0	2	-43	88791	9	4	1596	1478	866,667,866,667
1526402560.587307654	54	40	48	1	2	0	2	-43	88792	9	4	1596	1478	866,667,866,667
1526402560.611210280	54	40	48	1	2	0	2	-43	88793	9	4	1596	1478	866,667,866,667
1526402560.611390221	54	40	48	1	2	0	2	-43	88794	9	4	1596	1478	866,667,866,667
1526402560.622540598	54	40	48	1	2	0	2	-43	88795	9	4	1596	1478	866,667,866,667
1526402560.634279895	54	40	48	1	2	0	2	-43	88796	9	4	1596	1478	866,667,866,667
1526402560.646036375	54	40	48	1	2	0	2	-43	88797	9	4	1596	1478	866,667,866,667
1526402560.657895026	54	40	48	1	2	0	2	-43	88798	9	4	1596	1478	866,667,866,667
1526402560.669649800	54	40	48	1	2	0	2	-44	88799	9	4	1596	1478	866,667,866,667
1526402560.682670109	54	40	48	1	2	0	2	-43	88800	9	4	1596	1478	866,667,866,667
1526402560.693150387	54	40	48	1	2	0	2	-43	88801	9	4	1596	1478	866,667,866,667
1526402560.704937748	54	40	48	1	2	0	2	-43	88802	9	4	1596	1478	866,667,866,667
1526402560.716701275	54	40	48	1	2	0	2	-43	88803	9	4	1596	1478	866,667,866,667
1526402560.728234733	54	40	48	1	2	0	2	-43	88804	9	4	1596	1478	866,667,866,667
1526402560.740099681	54	40	48	1	2	0	2	-43	88805	9	4	1596	1478	866,667,866,667
1526402560.751870837	54	40	48	1	2	0	2	-43	88806	9	4	1596	1478	866,667,866,667
1526402560.763626820	54	40	48	1	2	0	2	-43	88807	9	4	1596	1478	866,667,866,667
1526402560.775322379	54	40	48	1	2	0	2	-43	88808	9	4	1596	1478	866,667,866,667
1526402560.787181539	54	40	48	1	2	0	2	-44	88809	9	4	1596	1478	866,667,866,667
1526402560.798907346	54	40	48	1	2	0	2	-44	88810	9	4	1596	1478	866,667,866,667
1526402560.810672828	54	40	48	1	2	0	2	-44	88811	9	4	1596	1478	866,667,866,667
1526402560.822438972	54	40	48	1	2	0	2	-44	88812	9	4	1596	1478	866,667,866,667
1526402560.834060491	54	40	48	1	2	0	2	-44	88813	9	4	1596	1478	866,667,866,667
1526402560.845707762	54	40	48	1	2	0	2	-43	88814	9	4	1596	1478	866,667,866,667
1526402560.857574367	54	40	48	1	2	0	2	-43	88815	9	4	1596	1478	866,667,866,667
1526402560.869389082	54	40	48	1	2	0	2	-43	88816	9	4	1596	1478	866,667,866,667
1526402560.881064905	54	40	48	1	2	0	2	-44	88817	9	4	1596	1478	866,667,866,667
1526402560.893039004	54	40	48	1	2	0	2	-44	88818	9	4	1596	1478	866,667,866,667
1526402560.904756287	54	40	48	1	2	0	2	-44	88819	9	4	1596	1478	866,667,866,667
1526402560.916572054	54	40	48	1	2	0	2	-44	88820	9	4	1596	1478	866,667,866,667
1526402560.928254010	54	40	48	1	2	0	2	-43	88821	9	4	1596	1478	866,667,866,667
1526402560.940066250	54	40	48	1	2	0	2	-44	88822	9	4	1596	1478	866,667,866,667
1526402560.951828682	54	40	48	1	2	0	2	-44	88823	9	4	1596	1478	866,667,866,667
1526402560.963523414	54	40	48	1	2	0	2	-44	88824	9	4	1596	1478	866,667,866,667
1526402560.975263728	54	40	48	1	2	0	2	-44	88825	9	4	1596	1478	866,667,866,667
1526402560.986991352	54	40	48	1	2	0	2	-44	88826	9	4	1596	1478	866,667,866,667
1526402560.998782628	54	40	48	1	2	0	2	-44	88827	9	4	1596	1478	866,667,866,667
1526402561.010495023	54	40	48	1	2	0	2	-44	88828	9	4	1596	1478	866,667,866,667
1526402561.022283560	54	40	48	1	2	0	2	-44	88829	9	4	1596	1478	866,667,866,667
1526402561.034030470	54	40	48	1	2	0	2	-44	88830	9	4	1596	1478	866,667,866,667
1526402561.045907764	54	40	48	1	2	0	2	-44	88831	9	4	1596	1478	866,667,866,667
1526402561.057664982	54	40	48	1	2	0	2	-44	88832	9	4	1596	1478	866,667,866,667
1526402561.069428015	54	40	48	1	2	0	2	-44	88833	9	4	1596	1478	866,667,866,667
1526402561.081219379	54	40	48	1	2	0	2	-44	88834	9	4	1596	1478	866,667,866,667
1526402561.093602180	54	40	48	1	2	0	2	-44	88835	9	4	1596	1478	866,667,866,667
1526402561.104787215	54	40	48	1	2	0	2	-44	88836	9	4	1596	1478	866,667,866,667
1526402561.116479932	54	40	48	1	2	0	2	-44	88837	9	4	1596	1478	866,667,866,667
1526402561.128135678	54	40	48	1	2	0	2	-44	88838	9	4	1596	1478	866,667,866,667
1526402561.140001951	54	40	48	1	2	0	2	-44	88839	9	4	1596	1478	866,667,866,667
1526402561.151557101	54	40	48	1	2	0	2	-44	88840	9	4	1596	1478	866,667,866,667
1526402561.163431572	54	40	48	1	2	0	2	-44	88841	9	4	1596	1478	866,667,866,667
1526402561.175191384	54	40	48	1	2	0	2	-44	88842	9	4	1596	1478	866,667,866,667
1526402561.187339667	54	40	48	1	2	0	2	-45	88844	9	4	1596	1478	866,667,866,667
1526402561.198739142	54	40	48	1	2	0	2	-45	88845	9	4	1596	1478	866,667,866,667
1526402561.210550334	54	40	48	1	2	0	2	-44	88846	9	4	1596	1478	866,667,866,667
1526402561.222311152	54	40	48	1	2	0	2	-44	88847	9	4	1596	1478	866,667,866,667
1526402561.233951615	54	40	48	1	2	0	2	-44	88848	9	4	1596	1478	866,667,866,667
1526402561.245843027	54	40	48	1	2	0	2	-44	88849	9	4	1596	1478	866,667,866,667
1526402561.257845850	54	40	48	1	2	0	2	-44	88850	9	4	1596	1478	866,667,866,667
1526402561.269339147	54	40	48	1	2	0	2	-44	88851	9	4	1596	1478	866,667,866,667
1526402561.281122254	54	40	48	1	2	0	2	-44	88852	9	4	1596	1478	866,667,866,667
1526402561.292905124	54	40	48	1	2	0	2	-45	88853	9	4	1596	1478	866,667,866,667
1526402561.304596984	54	40	48	1	2	0	2	-44	88854	9	4	1596	1478	866,667,866,667
1526402561.316397364	54	40	48	1	2	0	2	-44	88855	9	4	1596	1478	866,667,866,667
1526402561.328134490	54	40	48	1	2	0	2	-44	88856	9	4	1596	1478	866,667,866,667
1526402561.340193860	54	40	48	1	2	0	2	-44	88858	9	4	1596	1478	866,667,866,667
1526402561.351617289	54	40	48	1	2	0	2	-44	88859	9	4	1596	1478	866,667,866,667
1526402561.363449902	54	40	48	1	2	0	2	-44	88860	9	4	1596	1478	866,667,866,667
1526402561.375202482	54	40	48	1	2	0	2	-44	88861	9	4	1596	1478	866,667,866,667
1526402561.386956204	54	40	48	1	2	0	2	-44	88862	9	4	1596	1478	866,667,866,667
1526402561.399029967	54	40	48	1	2	0	2	-44	88863	9	4	1596	1478	866,667,866,667
1526402561.410497706	54	40	48	1	2	0	2	-44	88864	9	4	1596	1478	866,667,866,667
1526402561.422244324	54	40	48	1	2	0	2	-45	88865	9	4	1596	1478	866,667,866,667
1526402561.434019894	54	40	48	1	2	0	2	-45	88866	9	4	1596	1478	866,667,866,667
1526402561.445753567	54	40	48	1	2	0	2	-45	88867	9	4	1596	1478	866,667,866,667
1526402561.457487376	54	40	48	1	2	0	2	-45	88868	9	4	1596	1478	866,667,866,667
1526402561.469280247	54	40	48	1	2	0	2	-45	88869	9	4	1596	1478	866,667,866,667
1526402561.481034876	54	40	48	1	2	0	2	-45	88870	9	4	1596	1478	866,667,866,667
1526402561.492799484	54	40	48	1	2	0	2	-45	88871	9	4	1596	1478	866,667,866,667
1526402561.504499760	54	40	48	1	2	0	2	-45	88872	9	4	1596	1478	866,667,866,667
1526402561.516310327	54	40	48	1	2	0	2	-45	88873	9	4	1596	1478	866,667,866,667
1526402561.527956976	54	40	48	1	2	0	2	-45	88874	9	4	1596	1478	866,667,866,667
1526402561.539840224	54	40	48	1	2	0	2	-45	88875	9	4	1596	1478	866,667,866,667
1526402561.551600903	54	40	48	1	2	0	2	-45	88876	9	4	1596	1478	866,667,866,667
1526402561.563371871	54	40	48	1	2	0	2	-45	88877	9	4	1596	1478	866,667,866,667
1526402561.575127993	54	40	48	1	2	0	2	-45	88878	9	4	1596	1478	866,667,866,667
1526402561.586872742	54	40	48	1	2	0	2	-45	88879	9	4	1596	1478	866,667,866,667
1526402561.598658295	54	40	48	1	2	0	2	-45	88880	9	4	1596	1478	866,667,866,667
1526402561.610464801	54	40	48	1	2	0	2	-45	88881	9	4	1596	1478	866,667,866,667
1526402561.622169358	54	40	48	1	2	0	2	-44	88882	9	4	1596	1478	866,667,866,667
1526402561.633938901	54	40	48	1	2	0	2	-44	88883	9	4	1596	1478	866,667,866,667
1526402561.645678413	54	40	48	1	2	0	2	-45	88884	9	4	1596	1478	866,667,866,667
1526402561.657322964	54	40	48	1	2	0	2	-45	88885	9	4	1596	1478	866,667,866,667
1526402561.669069750	54	40	48	1	2	0	2	-45	88886	9	4	1596	1478	866,667,866,667
1526402561.680827965	54	40	48	1	2	0	2	-45	88887	9	4	1596	1478	866,667,866,667
1526402561.692662116	54	40	48	1	2	0	2	-44	88888	9	4	1596	1478	866,667,866,667
1526402561.704388962	54	40	48	1	2	0	2	-44	88889	9	4	1596	1478	866,667,866,667
1526402561.716168406	54	40	48	1	2	0	2	-45	88890	9	4	1596	1478	866,667,866,667
1526402561.727882747	54	40	48	1	2	0	2	-44	88891	9	4	1596	1478	866,667,866,667
1526402561.739643402	54	40	48	1	2	0	2	-45	88892	9	4	1596	1478	866,667,866,667
1526402561.751269615	54	40	48	1	2	0	2	-44	88893	9	4	1596	1478	866,667,866,667
1526402561.763200562	54	40	48	1	2	0	2	-44	88894	9	4	1596	1478	866,667,866,667
1526402561.775038485	54	40	48	1	2	0	2	-44	88895	9	4	1596	1478	866,667,866,667
1526402561.786799996	54	40	48	1	2	0	2	-44	88896	9	4	1596	1478	866,667,866,667
1526402561.798584799	54	40	48	1	2	0	2	-44	88897	9	4	1596	1478	866,667,866,667
1526402561.810335609	54	40	48	1	2	0	2	-44	88898	9	4	1596	1478	866,667,866,667
1526402561.822084370	54	40	48	1	2	0	2	-44	88899	9	4	1596	1478	866,667,866,667
1526402561.833851930	54	40	48	1	2	0	2	-44	88900	9	4	1596	1478	866,667,866,667
1526402561.845515997	54	40	48	1	2	0	2	-44	88901	9	4	1596	1478	866,667,866,667
1526402561.857363372	54	40	48	1	2	0	2	-44	88902	9	4	1596	1478	866,667,866,667
1526402561.869381833	54	40	48	1	2	0	2	-44	88903	9	4	1596	1478	866,667,866,667
1526402561.880878642	54	40	48	1	2	0	2	-44	88904	9	4	1596	1478	866,667,866,667
1526402561.892572533	54	40	48	1	2	0	2	-44	88905	9	4	1596	1478	866,667,866,667
1526402561.904402220	54	40	48	1	2	0	2	-44	88906	9	4	1596	1478	866,667,866,667
1526402561.916079364	54	40	48	1	2	0	2	-44	88907	9	4	1596	1478	866,667,866,667
1526402561.927732080	54	40	48	1	2	0	2	-44	88908	9	4	1596	1478	866,667,866,667
1526402561.939508146	54	40	48	1	2	0	2	-44	88909	9	4	1596	1478	866,667,866,667
1526402561.951177401	54	40	48	1	2	0	2	-44	88910	9	4	1596	1478	866,667,866,667
1526402561.963063862	54	40	48	1	2	0	2	-44	88911	9	4	1596	1478	866,667,866,667
1526402561.975110383	54	40	48	1	2	0	2	-44	88912	9	4	1596	1478	866,667,866,667
1526402561.986596296	54	40	48	1	2	0	2	-44	88913	9	4	1596	1478	866,667,866,667
1526402561.998357458	54	40	48	1	2	0	2	-44	88914	9	4	1596	1478	866,667,866,667
1526402562.010117333	54	40	48	1	2	0	2	-44	88915	9	4	1596	1478	866,667,866,667
1526402562.021895209	54	40	48	1	2	0	2	-44	88916	9	4	1596	1478	866,667,866,667
1526402562.033542005	54	40	48	1	2	0	2	-44	88917	9	4	1596	1478	866,667,866,667
1526402562.045387705	54	40	48	1	2	0	2	-44	88918	9	4	1596	1478	866,667,866,667
1526402562.057169412	54	40	48	1	2	0	2	-44	88919	9	4	1596	1478	866,667,866,667
1526402562.068925249	54	40	48	1	2	0	2	-44	88920	9	4	1596	1478	866,667,866,667
1526402562.080669370	54	40	48	1	2	0	2	-44	88921	9	4	1596	1478	866,667,866,667
1526402562.092418838	54	40	48	1	2	0	2	-44	88922	9	4	1596	1478	866,667,866,667
