1526405488.372385476	158	40	48	0	2	0	2	-62	126218	5	0	1596	1478	104,104
1526405488.372434255	158	40	48	0	2	0	2	-62	126218	5	0	1596	1478	104,104
1526405488.372445230	158	40	48	0	2	0	2	-62	126218	5	0	1596	1478	104,104
1526405488.372453257	158	40	48	0	2	0	2	-62	126218	5	0	1596	1478	104,104
1526405488.372461691	158	40	48	0	2	0	2	-62	126218	5	0	1596	1478	104,104
1526405488.372469780	158	40	48	0	2	0	2	-62	126218	5	0	1596	1478	104,104
1526405488.372480227	158	40	48	0	2	0	2	-62	126218	5	0	1596	1478	104,104
1526405488.379159070	158	40	48	0	2	0	2	-63	126219	5	0	1596	1478	104,104
1526405488.390881106	158	40	48	0	2	0	2	-63	126220	5	0	1596	1478	104,104
1526405488.402646610	158	40	48	0	2	0	2	-63	126221	5	0	1596	1478	104,104
1526405488.414447580	144	40	48	0	2	0	2	-63	126222	6	0	1596	1478	117,117
1526405488.426160474	144	40	48	0	2	0	2	-64	126223	6	0	1596	1478	117,117
1526405488.437979418	144	40	48	0	2	0	2	-64	126224	6	0	1596	1478	117,117
1526405488.449753729	144	40	48	0	2	0	2	-64	126225	6	0	1596	1478	117,117
1526405488.461511352	144	40	48	0	2	0	2	-64	126226	6	0	1596	1478	117,117
1526405488.473249545	124	40	48	1	2	0	2	-64	126227	7	0	1596	1478	144,444,144,444
1526405488.484992850	124	40	48	1	2	0	2	-65	126228	7	0	1596	1478	144,444,144,444
1526405488.496772018	124	40	48	1	2	0	2	-65	126229	7	0	1596	1478	144,444,144,444
1526405488.508515985	124	40	48	1	2	0	2	-64	126230	7	0	1596	1478	144,444,144,444
1526405488.520199570	124	40	48	1	2	0	2	-64	126231	7	0	1596	1478	144,444,144,444
1526405488.531936156	110	40	48	1	2	0	2	-64	126232	8	0	1596	1478	173,333,173,333
1526405488.543793749	110	40	48	1	2	0	2	-64	126233	8	0	1596	1478	173,333,173,333
1526405488.555550863	110	40	48	1	2	0	2	-64	126234	8	0	1596	1478	173,333,173,333
1526405488.567313548	110	40	48	1	2	0	2	-64	126235	8	0	1596	1478	173,333,173,333
1526405488.579060061	110	40	48	1	2	0	2	-63	126236	8	0	1596	1478	173,333,173,333
1526405488.590873654	110	40	48	1	2	0	2	-63	126237	8	0	1596	1478	173,333,173,333
1526405488.602596168	110	40	48	1	2	0	2	-62	126238	8	0	1596	1478	173,333,173,333
1526405488.614365961	110	40	48	1	2	0	2	-63	126239	8	0	1596	1478	173,333,173,333
1526405488.626098068	110	40	48	1	2	0	2	-63	126240	8	0	1596	1478	173,333,173,333
1526405488.637854140	110	40	48	1	2	0	2	-63	126241	8	0	1596	1478	173,333,173,333
1526405488.649631746	110	40	48	1	2	0	2	-63	126242	8	0	1596	1478	173,333,173,333
1526405488.661256348	110	40	48	1	2	0	2	-63	126243	8	0	1596	1478	173,333,173,333
1526405488.673071021	110	40	48	1	2	0	2	-63	126244	8	0	1596	1478	173,333,173,333
1526405488.684780687	110	40	48	1	2	0	2	-62	126245	8	0	1596	1478	173,333,173,333
1526405488.696544273	110	40	48	1	2	0	2	-62	126246	8	0	1596	1478	173,333,173,333
1526405488.708190651	110	40	48	1	2	0	2	-63	126247	8	0	1596	1478	173,333,173,333
1526405488.719971045	110	40	48	1	2	0	2	-62	126248	8	0	1596	1478	173,333,173,333
1526405488.731726856	110	40	48	1	2	0	2	-62	126249	8	0	1596	1478	173,333,173,333
1526405488.743501091	110	40	48	1	2	0	2	-62	126250	8	0	1596	1478	173,333,173,333
1526405488.755341957	110	40	48	1	2	0	2	-62	126251	8	0	1596	1478	173,333,173,333
1526405488.766964973	110	40	48	1	2	0	2	-62	126252	8	0	1596	1478	173,333,173,333
1526405488.778868568	110	40	48	1	2	0	2	-63	126253	8	0	1596	1478	173,333,173,333
1526405488.790617623	110	40	48	1	2	0	2	-63	126254	8	0	1596	1478	173,333,173,333
1526405488.802390206	110	40	48	1	2	0	2	-64	126255	8	0	1596	1478	173,333,173,333
1526405488.814136178	110	40	48	1	2	0	2	-63	126256	8	0	1596	1478	173,333,173,333
1526405488.825895196	110	40	48	1	2	0	2	-64	126257	8	0	1596	1478	173,333,173,333
1526405488.837656268	110	40	48	1	2	0	2	-63	126258	8	0	1596	1478	173,333,173,333
1526405488.849428097	110	40	48	1	2	0	2	-64	126259	8	0	1596	1478	173,333,173,333
1526405488.861088720	110	40	48	1	2	0	2	-63	126260	8	0	1596	1478	173,333,173,333
1526405488.873332669	110	40	48	1	2	0	2	-63	126262	8	0	1596	1478	173,333,173,333
1526405488.884789371	110	40	48	1	2	0	2	-63	126263	8	0	1596	1478	173,333,173,333
1526405488.896507450	110	40	48	1	2	0	2	-63	126264	8	0	1596	1478	173,333,173,333
1526405488.908220631	110	40	48	1	2	0	2	-61	126265	8	0	1596	1478	173,333,173,333
1526405488.920105928	110	40	48	1	2	0	2	-62	126266	8	0	1596	1478	173,333,173,333
1526405488.931895098	110	40	48	1	2	0	2	-63	126267	8	0	1596	1478	173,333,173,333
1526405488.943651790	110	40	48	1	2	0	2	-63	126268	8	0	1596	1478	173,333,173,333
1526405488.955407672	110	40	48	1	2	0	2	-63	126269	8	0	1596	1478	173,333,173,333
1526405488.966965114	110	40	48	1	2	0	2	-64	126270	8	0	1596	1478	173,333,173,333
1526405488.978917119	110	40	48	1	2	0	2	-63	126271	8	0	1596	1478	173,333,173,333
1526405488.990672257	110	40	48	1	2	0	2	-64	126272	8	0	1596	1478	173,333,173,333
1526405489.002429986	110	40	48	1	2	0	2	-64	126273	8	0	1596	1478	173,333,173,333
1526405489.014038984	110	40	48	1	2	0	2	-63	126274	8	0	1596	1478	173,333,173,333
1526405489.025946793	110	40	48	1	2	0	2	-63	126275	8	0	1596	1478	173,333,173,333
1526405489.037698590	110	40	48	1	2	0	2	-63	126276	8	0	1596	1478	173,333,173,333
1526405489.049479788	110	40	48	1	2	0	2	-64	126277	8	0	1596	1478	173,333,173,333
1526405489.061238502	110	40	48	1	2	0	2	-63	126278	8	0	1596	1478	173,333,173,333
1526405489.072986539	110	40	48	1	2	0	2	-63	126279	8	0	1596	1478	173,333,173,333
1526405489.084811368	110	40	48	1	2	0	2	-62	126280	8	0	1596	1478	173,333,173,333
1526405489.096497278	110	40	48	1	2	0	2	-62	126281	8	0	1596	1478	173,333,173,333
1526405489.108197622	110	40	48	1	2	0	2	-62	126282	8	0	1596	1478	173,333,173,333
1526405489.120047536	110	40	48	1	2	0	2	-62	126283	8	0	1596	1478	173,333,173,333
1526405489.131663987	110	40	48	1	2	0	2	-62	126284	8	0	1596	1478	173,333,173,333
1526405489.143569102	110	40	48	1	2	0	2	-62	126285	8	0	1596	1478	173,333,173,333
1526405489.155312429	110	40	48	1	2	0	2	-63	126286	8	0	1596	1478	173,333,173,333
1526405489.166987418	110	40	48	1	2	0	2	-63	126287	8	0	1596	1478	173,333,173,333
1526405489.178744846	110	40	48	1	2	0	2	-62	126288	8	0	1596	1478	173,333,173,333
1526405489.190421311	110	40	48	1	2	0	2	-61	126289	8	0	1596	1478	173,333,173,333
1526405489.202242594	110	40	48	1	2	0	2	-60	126290	8	0	1596	1478	173,333,173,333
1526405489.213996720	110	40	48	1	2	0	2	-61	126291	8	0	1596	1478	173,333,173,333
1526405489.225797756	110	40	48	1	2	0	2	-62	126292	8	0	1596	1478	173,333,173,333
1526405489.237534582	110	40	48	1	2	0	2	-61	126293	8	0	1596	1478	173,333,173,333
1526405489.249299200	110	40	48	1	2	0	2	-61	126294	8	0	1596	1478	173,333,173,333
1526405489.261089879	110	40	48	1	2	0	2	-60	126295	8	0	1596	1478	173,333,173,333
1526405489.272821567	110	40	48	1	2	0	2	-60	126296	8	0	1596	1478	173,333,173,333
1526405489.284602856	110	40	48	1	2	0	2	-60	126297	8	0	1596	1478	173,333,173,333
1526405489.296335043	110	40	48	1	2	0	2	-60	126298	8	0	1596	1478	173,333,173,333
1526405489.308101145	110	40	48	1	2	0	2	-60	126299	8	0	1596	1478	173,333,173,333
1526405489.319870129	110	40	48	1	2	0	2	-60	126300	8	0	1596	1478	173,333,173,333
1526405489.331697127	110	40	48	1	2	0	2	-59	126301	8	0	1596	1478	173,333,173,333
1526405489.343329485	110	40	48	1	2	0	2	-60	126302	8	0	1596	1478	173,333,173,333
1526405489.355231119	110	40	48	1	2	0	2	-60	126303	8	0	1596	1478	173,333,173,333
1526405489.366992706	110	40	48	1	2	0	2	-59	126304	8	0	1596	1478	173,333,173,333
1526405489.378739156	110	40	48	1	2	0	2	-58	126305	8	0	1596	1478	173,333,173,333
1526405489.390500042	110	40	48	1	2	0	2	-59	126306	8	0	1596	1478	173,333,173,333
1526405489.402263748	110	40	48	1	2	0	2	-59	126307	8	0	1596	1478	173,333,173,333
1526405489.414022334	110	40	48	1	2	0	2	-59	126308	8	0	1596	1478	173,333,173,333
1526405489.425800777	110	40	48	1	2	0	2	-59	126309	8	0	1596	1478	173,333,173,333
1526405489.437555298	110	40	48	1	2	0	2	-60	126310	8	0	1596	1478	173,333,173,333
1526405489.449305872	110	40	48	1	2	0	2	-60	126311	8	0	1596	1478	173,333,173,333
1526405489.461070690	110	40	48	1	2	0	2	-60	126312	8	0	1596	1478	173,333,173,333
1526405489.472851469	110	40	48	1	2	0	2	-60	126313	8	0	1596	1478	173,333,173,333
1526405489.484583028	110	40	48	1	2	0	2	-60	126314	8	0	1596	1478	173,333,173,333
1526405489.496261060	110	40	48	1	2	0	2	-60	126315	8	0	1596	1478	173,333,173,333
1526405489.508110789	110	40	48	1	2	0	2	-60	126316	8	0	1596	1478	173,333,173,333
1526405489.519889954	110	40	48	1	2	0	2	-60	126317	8	0	1596	1478	173,333,173,333
1526405489.531552746	110	40	48	1	2	0	2	-60	126318	8	0	1596	1478	173,333,173,333
1526405489.543327863	110	40	48	1	2	0	2	-60	126319	8	0	1596	1478	173,333,173,333
1526405489.555150971	110	40	48	1	2	0	2	-60	126320	8	0	1596	1478	173,333,173,333
1526405489.566916171	110	40	48	1	2	0	2	-61	126321	8	0	1596	1478	173,333,173,333
1526405489.578684829	110	40	48	1	2	0	2	-61	126322	8	0	1596	1478	173,333,173,333
1526405489.590447136	110	40	48	1	2	0	2	-61	126323	8	0	1596	1478	173,333,173,333
1526405489.602191264	110	40	48	1	2	0	2	-60	126324	8	0	1596	1478	173,333,173,333
1526405489.613944508	110	40	48	1	2	0	2	-61	126325	8	0	1596	1478	173,333,173,333
1526405489.625642225	110	40	48	1	2	0	2	-61	126326	8	0	1596	1478	173,333,173,333
1526405489.637380192	110	40	48	1	2	0	2	-61	126327	8	0	1596	1478	173,333,173,333
1526405489.649108872	110	40	48	1	2	0	2	-61	126328	8	0	1596	1478	173,333,173,333
1526405489.660878953	110	40	48	1	2	0	2	-62	126329	8	0	1596	1478	173,333,173,333
1526405489.672646513	110	40	48	1	2	0	2	-62	126330	8	0	1596	1478	173,333,173,333
1526405489.684256194	110	40	48	1	2	0	2	-62	126331	8	0	1596	1478	173,333,173,333
1526405489.696028264	110	40	48	1	2	0	2	-61	126332	8	0	1596	1478	173,333,173,333
1526405489.707891908	110	40	48	1	2	0	2	-62	126333	8	0	1596	1478	173,333,173,333
1526405489.719556168	110	40	48	1	2	0	2	-61	126334	8	0	1596	1478	173,333,173,333
1526405489.731323601	110	40	48	1	2	0	2	-62	126335	8	0	1596	1478	173,333,173,333
1526405489.743088462	110	40	48	1	2	0	2	-62	126336	8	0	1596	1478	173,333,173,333
1526405489.754940310	110	40	48	1	2	0	2	-62	126337	8	0	1596	1478	173,333,173,333
1526405489.766677915	110	40	48	1	2	0	2	-63	126338	8	0	1596	1478	173,333,173,333
1526405489.778386499	110	40	48	1	2	0	2	-64	126339	8	0	1596	1478	173,333,173,333
1526405489.790234062	110	40	48	1	2	0	2	-63	126340	8	0	1596	1478	173,333,173,333
1526405489.801908955	110	40	48	1	2	0	2	-62	126341	8	0	1596	1478	173,333,173,333
1526405489.814186923	110	40	48	1	2	0	2	-61	126342	8	0	1596	1478	173,333,173,333
1526405489.825498568	110	40	48	1	2	0	2	-62	126343	8	0	1596	1478	173,333,173,333
1526405489.837262249	110	40	48	1	2	0	2	-61	126344	8	0	1596	1478	173,333,173,333
1526405489.849019201	110	40	48	1	2	0	2	-62	126345	8	0	1596	1478	173,333,173,333
1526405489.860780869	110	40	48	1	2	0	2	-63	126346	8	0	1596	1478	173,333,173,333
1526405489.872457102	110	40	48	1	2	0	2	-63	126347	8	0	1596	1478	173,333,173,333
1526405489.884303188	110	40	48	1	2	0	2	-64	126348	8	0	1596	1478	173,333,173,333
1526405489.896066500	110	40	48	1	2	0	2	-64	126349	8	0	1596	1478	173,333,173,333
1526405489.907833238	110	40	48	1	2	0	2	-64	126350	8	0	1596	1478	173,333,173,333
1526405489.919570420	110	40	48	1	2	0	2	-62	126351	8	0	1596	1478	173,333,173,333
1526405489.931341938	110	40	48	1	2	0	2	-64	126352	8	0	1596	1478	173,333,173,333
1526405489.943101886	110	40	48	1	2	0	2	-63	126353	8	0	1596	1478	173,333,173,333
1526405489.954962216	110	40	48	1	2	0	2	-63	126354	8	0	1596	1478	173,333,173,333
1526405489.966761624	110	40	48	1	2	0	2	-63	126355	8	0	1596	1478	173,333,173,333
1526405489.978390258	110	40	48	1	2	0	2	-64	126356	8	0	1596	1478	173,333,173,333
1526405489.990268176	110	40	48	1	2	0	2	-63	126357	8	0	1596	1478	173,333,173,333
1526405490.002025626	110	40	48	1	2	0	2	-65	126358	8	0	1596	1478	173,333,173,333
1526405490.013792346	110	40	48	1	2	0	2	-64	126359	8	0	1596	1478	173,333,173,333
1526405490.025564708	110	40	48	1	2	0	2	-64	126360	8	0	1596	1478	173,333,173,333
1526405490.037249321	110	40	48	1	2	0	2	-63	126361	8	0	1596	1478	173,333,173,333
1526405490.049087482	110	40	48	1	2	0	2	-63	126362	8	0	1596	1478	173,333,173,333
1526405490.060852219	110	40	48	1	2	0	2	-63	126363	8	0	1596	1478	173,333,173,333
1526405490.072577402	110	40	48	1	2	0	2	-62	126364	8	0	1596	1478	173,333,173,333
1526405490.084349274	110	40	48	1	2	0	2	-62	126365	8	0	1596	1478	173,333,173,333
1526405490.096099229	110	40	48	1	2	0	2	-63	126366	8	0	1596	1478	173,333,173,333
1526405490.108420545	110	40	48	1	2	0	2	-62	126367	8	0	1596	1478	173,333,173,333
1526405490.119640625	110	40	48	1	2	0	2	-63	126368	8	0	1596	1478	173,333,173,333
1526405490.131402000	110	40	48	1	2	0	2	-63	126369	8	0	1596	1478	173,333,173,333
1526405490.143099611	110	40	48	1	2	0	2	-63	126370	8	0	1596	1478	173,333,173,333
1526405490.154900166	110	40	48	1	2	0	2	-64	126371	8	0	1596	1478	173,333,173,333
1526405490.166626573	110	40	48	1	2	0	2	-63	126372	8	0	1596	1478	173,333,173,333
1526405490.178448089	110	40	48	1	2	0	2	-64	126373	8	0	1596	1478	173,333,173,333
1526405490.190431894	110	40	48	1	2	0	2	-64	126375	8	0	1596	1478	173,333,173,333
1526405490.201829683	110	40	48	1	2	0	2	-64	126376	8	0	1596	1478	173,333,173,333
1526405490.213646893	110	40	48	1	2	0	2	-65	126377	8	0	1596	1478	173,333,173,333
1526405490.225438604	110	40	48	1	2	0	2	-65	126378	8	0	1596	1478	173,333,173,333
1526405490.237124554	110	40	48	1	2	0	2	-65	126379	8	0	1596	1478	173,333,173,333
1526405490.248980304	110	40	48	1	2	0	2	-65	126380	8	0	1596	1478	173,333,173,333
1526405490.260744491	110	40	48	1	2	0	2	-65	126381	8	0	1596	1478	173,333,173,333
1526405490.272503886	110	40	48	1	2	0	2	-66	126382	8	0	1596	1478	173,333,173,333
1526405490.284281906	110	40	48	1	2	0	2	-66	126383	8	0	1596	1478	173,333,173,333
1526405490.296023182	110	40	48	1	2	0	2	-66	126384	8	0	1596	1478	173,333,173,333
1526405490.307794994	110	40	48	1	2	0	2	-66	126385	8	0	1596	1478	173,333,173,333
1526405490.319535265	110	40	48	1	2	0	2	-67	126386	8	0	1596	1478	173,333,173,333
1526405490.331322353	110	40	48	1	2	0	2	-67	126387	8	0	1596	1478	173,333,173,333
1526405490.343059629	110	40	48	1	2	0	2	-67	126388	8	0	1596	1478	173,333,173,333
1526405490.354833475	110	40	48	1	2	0	2	-67	126389	8	0	1596	1478	173,333,173,333
1526405490.366583641	110	40	48	1	2	0	2	-68	126390	8	0	1596	1478	173,333,173,333
1526405490.378653298	110	40	48	1	2	0	2	-68	126392	8	0	1596	1478	173,333,173,333
1526405490.391227326	110	40	48	1	2	0	2	-67	126394	8	0	1596	1478	173,333,173,333
1526405490.403444536	124	40	48	1	2	0	2	-68	126398	7	0	1596	1478	144,444,144,444
1526405490.413661021	124	40	48	1	2	0	2	-67	126399	7	0	1596	1478	144,444,144,444
1526405490.425415239	124	40	48	1	2	0	2	-66	126400	7	0	1596	1478	144,444,144,444
1526405490.437163707	124	40	48	1	2	0	2	-67	126401	7	0	1596	1478	144,444,144,444
1526405490.448930224	124	40	48	1	2	0	2	-67	126402	7	0	1596	1478	144,444,144,444
1526405490.460685091	124	40	48	1	2	0	2	-66	126403	7	0	1596	1478	144,444,144,444
1526405490.472380683	124	40	48	1	2	0	2	-67	126404	7	0	1596	1478	144,444,144,444
1526405490.484540342	124	40	48	1	2	0	2	-66	126406	7	0	1596	1478	144,444,144,444
1526405490.495946064	118	40	48	0	2	0	2	-66	126407	8	0	1596	1478	156,156
1526405490.507727243	124	40	48	1	2	0	2	-65	126408	7	0	1596	1478	144,444,144,444
1526405490.519498479	124	40	48	1	2	0	2	-64	126409	7	0	1596	1478	144,444,144,444
1526405490.531117732	124	40	48	1	2	0	2	-65	126410	7	0	1596	1478	144,444,144,444
1526405490.543004337	124	40	48	1	2	0	2	-65	126411	7	0	1596	1478	144,444,144,444
1526405490.554760618	118	40	48	0	2	0	2	-65	126412	8	0	1596	1478	156,156
1526405490.566533135	118	40	48	0	2	0	2	-64	126413	8	0	1596	1478	156,156
1526405490.578118061	118	40	48	0	2	0	2	-64	126414	8	0	1596	1478	156,156
1526405490.589939182	118	40	48	0	2	0	2	-63	126415	8	0	1596	1478	156,156
1526405490.601692346	110	40	48	1	2	0	2	-63	126416	8	0	1596	1478	173,333,173,333
1526405490.613454669	110	40	48	1	2	0	2	-63	126417	8	0	1596	1478	173,333,173,333
1526405490.625200210	110	40	48	1	2	0	2	-63	126418	8	0	1596	1478	173,333,173,333
1526405490.636936734	110	40	48	1	2	0	2	-63	126419	8	0	1596	1478	173,333,173,333
1526405490.648693820	110	40	48	1	2	0	2	-62	126420	8	0	1596	1478	173,333,173,333
1526405490.660383484	110	40	48	1	2	0	2	-62	126421	8	0	1596	1478	173,333,173,333
1526405490.672126651	110	40	48	1	2	0	2	-62	126422	8	0	1596	1478	173,333,173,333
1526405490.683890653	110	40	48	1	2	0	2	-62	126423	8	0	1596	1478	173,333,173,333
1526405490.695635555	110	40	48	1	2	0	2	-62	126424	8	0	1596	1478	173,333,173,333
1526405490.707373905	110	40	48	1	2	0	2	-63	126425	8	0	1596	1478	173,333,173,333
1526405490.719378075	110	40	48	1	2	0	2	-63	126426	8	0	1596	1478	173,333,173,333
1526405490.730929969	110	40	48	1	2	0	2	-63	126427	8	0	1596	1478	173,333,173,333
1526405490.742775743	110	40	48	1	2	0	2	-63	126428	8	0	1596	1478	173,333,173,333
1526405490.754611933	110	40	48	1	2	0	2	-63	126429	8	0	1596	1478	173,333,173,333
1526405490.766375439	110	40	48	1	2	0	2	-63	126430	8	0	1596	1478	173,333,173,333
1526405490.778036235	110	40	48	1	2	0	2	-64	126431	8	0	1596	1478	173,333,173,333
1526405490.789957981	110	40	48	1	2	0	2	-64	126432	8	0	1596	1478	173,333,173,333
1526405490.801701453	110	40	48	1	2	0	2	-63	126433	8	0	1596	1478	173,333,173,333
1526405490.813466265	110	40	48	1	2	0	2	-63	126434	8	0	1596	1478	173,333,173,333
1526405490.825618253	110	40	48	1	2	0	2	-64	126435	8	0	1596	1478	173,333,173,333
1526405490.836990094	110	40	48	1	2	0	2	-64	126436	8	0	1596	1478	173,333,173,333
1526405490.848720013	110	40	48	1	2	0	2	-63	126437	8	0	1596	1478	173,333,173,333
1526405490.860332293	110	40	48	1	2	0	2	-63	126438	8	0	1596	1478	173,333,173,333
1526405490.872281381	110	40	48	1	2	0	2	-63	126439	8	0	1596	1478	173,333,173,333
1526405490.884089911	110	40	48	1	2	0	2	-63	126440	8	0	1596	1478	173,333,173,333
1526405490.895830420	110	40	48	1	2	0	2	-63	126441	8	0	1596	1478	173,333,173,333
1526405490.907611086	110	40	48	1	2	0	2	-63	126442	8	0	1596	1478	173,333,173,333
1526405490.919366873	110	40	48	1	2	0	2	-62	126443	8	0	1596	1478	173,333,173,333
1526405490.931132398	110	40	48	1	2	0	2	-63	126444	8	0	1596	1478	173,333,173,333
1526405490.942903185	110	40	48	1	2	0	2	-62	126445	8	0	1596	1478	173,333,173,333
1526405490.954648680	110	40	48	1	2	0	2	-62	126446	8	0	1596	1478	173,333,173,333
1526405490.966401595	110	40	48	1	2	0	2	-62	126447	8	0	1596	1478	173,333,173,333
1526405490.978158924	110	40	48	1	2	0	2	-62	126448	8	0	1596	1478	173,333,173,333
1526405490.989918760	110	40	48	1	2	0	2	-62	126449	8	0	1596	1478	173,333,173,333
1526405491.001690471	110	40	48	1	2	0	2	-62	126450	8	0	1596	1478	173,333,173,333
1526405491.013460927	110	40	48	1	2	0	2	-62	126451	8	0	1596	1478	173,333,173,333
1526405491.025211227	110	40	48	1	2	0	2	-63	126452	8	0	1596	1478	173,333,173,333
1526405491.036982813	110	40	48	1	2	0	2	-63	126453	8	0	1596	1478	173,333,173,333
1526405491.048630668	110	40	48	1	2	0	2	-63	126454	8	0	1596	1478	173,333,173,333
1526405491.060473235	110	40	48	1	2	0	2	-63	126455	8	0	1596	1478	173,333,173,333
1526405491.072237985	110	40	48	1	2	0	2	-63	126456	8	0	1596	1478	173,333,173,333
1526405491.083999726	110	40	48	1	2	0	2	-63	126457	8	0	1596	1478	173,333,173,333
1526405491.095539574	110	40	48	1	2	0	2	-63	126458	8	0	1596	1478	173,333,173,333
1526405491.107213189	110	40	48	1	2	0	2	-62	126459	8	0	1596	1478	173,333,173,333
1526405491.119220180	110	40	48	1	2	0	2	-63	126460	8	0	1596	1478	173,333,173,333
1526405491.130970621	110	40	48	1	2	0	2	-63	126461	8	0	1596	1478	173,333,173,333
1526405491.142682871	110	40	48	1	2	0	2	-63	126462	8	0	1596	1478	173,333,173,333
1526405491.154428552	110	40	48	1	2	0	2	-63	126463	8	0	1596	1478	173,333,173,333
1526405491.166270613	110	40	48	1	2	0	2	-64	126464	8	0	1596	1478	173,333,173,333
1526405491.178026647	110	40	48	1	2	0	2	-64	126465	8	0	1596	1478	173,333,173,333
1526405491.189774356	110	40	48	1	2	0	2	-62	126466	8	0	1596	1478	173,333,173,333
1526405491.201488411	110	40	48	1	2	0	2	-63	126467	8	0	1596	1478	173,333,173,333
1526405491.213299693	110	40	48	1	2	0	2	-63	126468	8	0	1596	1478	173,333,173,333
1526405491.224937024	110	40	48	1	2	0	2	-64	126469	8	0	1596	1478	173,333,173,333
1526405491.236683869	110	40	48	1	2	0	2	-63	126470	8	0	1596	1478	173,333,173,333
1526405491.248588060	110	40	48	1	2	0	2	-63	126471	8	0	1596	1478	173,333,173,333
1526405491.260323352	110	40	48	1	2	0	2	-62	126472	8	0	1596	1478	173,333,173,333
1526405491.272092017	110	40	48	1	2	0	2	-62	126473	8	0	1596	1478	173,333,173,333
1526405491.283867502	110	40	48	1	2	0	2	-63	126474	8	0	1596	1478	173,333,173,333
1526405491.295616379	110	40	48	1	2	0	2	-63	126475	8	0	1596	1478	173,333,173,333
1526405491.307308216	110	40	48	1	2	0	2	-61	126476	8	0	1596	1478	173,333,173,333
1526405491.319156592	110	40	48	1	2	0	2	-63	126477	8	0	1596	1478	173,333,173,333
1526405491.330921404	110	40	48	1	2	0	2	-63	126478	8	0	1596	1478	173,333,173,333
1526405491.342609079	110	40	48	1	2	0	2	-63	126479	8	0	1596	1478	173,333,173,333
1526405491.354351448	110	40	48	1	2	0	2	-63	126480	8	0	1596	1478	173,333,173,333
1526405491.366175430	110	40	48	1	2	0	2	-64	126481	8	0	1596	1478	173,333,173,333
1526405491.377893568	110	40	48	1	2	0	2	-63	126482	8	0	1596	1478	173,333,173,333
1526405491.390057550	110	40	48	1	2	0	2	-64	126484	8	0	1596	1478	173,333,173,333
1526405491.401459096	110	40	48	1	2	0	2	-62	126485	8	0	1596	1478	173,333,173,333
1526405491.413241160	110	40	48	1	2	0	2	-64	126486	8	0	1596	1478	173,333,173,333
1526405491.424998257	110	40	48	1	2	0	2	-64	126487	8	0	1596	1478	173,333,173,333
1526405491.436725438	110	40	48	1	2	0	2	-63	126488	8	0	1596	1478	173,333,173,333
1526405491.448511946	110	40	48	1	2	0	2	-64	126489	8	0	1596	1478	173,333,173,333
1526405491.460172025	110	40	48	1	2	0	2	-64	126490	8	0	1596	1478	173,333,173,333
1526405491.472029726	110	40	48	1	2	0	2	-64	126491	8	0	1596	1478	173,333,173,333
1526405491.483813075	110	40	48	1	2	0	2	-62	126492	8	0	1596	1478	173,333,173,333
1526405491.495552370	110	40	48	1	2	0	2	-63	126493	8	0	1596	1478	173,333,173,333
1526405491.507230621	110	40	48	1	2	0	2	-63	126494	8	0	1596	1478	173,333,173,333
1526405491.519066364	110	40	48	1	2	0	2	-63	126495	8	0	1596	1478	173,333,173,333
1526405491.530659088	110	40	48	1	2	0	2	-63	126496	8	0	1596	1478	173,333,173,333
1526405491.542594430	110	40	48	1	2	0	2	-62	126497	8	0	1596	1478	173,333,173,333
1526405491.554348245	110	40	48	1	2	0	2	-62	126498	8	0	1596	1478	173,333,173,333
1526405491.566049065	110	40	48	1	2	0	2	-63	126499	8	0	1596	1478	173,333,173,333
1526405491.577788992	110	40	48	1	2	0	2	-63	126500	8	0	1596	1478	173,333,173,333
1526405491.589528684	110	40	48	1	2	0	2	-63	126501	8	0	1596	1478	173,333,173,333
1526405491.601276837	110	40	48	1	2	0	2	-63	126502	8	0	1596	1478	173,333,173,333
1526405491.613130033	110	40	48	1	2	0	2	-63	126503	8	0	1596	1478	173,333,173,333
1526405491.624917134	110	40	48	1	2	0	2	-63	126504	8	0	1596	1478	173,333,173,333
1526405491.636563529	110	40	48	1	2	0	2	-62	126505	8	0	1596	1478	173,333,173,333
1526405491.648330468	110	40	48	1	2	0	2	-63	126506	8	0	1596	1478	173,333,173,333
1526405491.660188522	110	40	48	1	2	0	2	-64	126507	8	0	1596	1478	173,333,173,333
1526405491.671950091	110	40	48	1	2	0	2	-63	126508	8	0	1596	1478	173,333,173,333
1526405491.683729159	110	40	48	1	2	0	2	-64	126509	8	0	1596	1478	173,333,173,333
1526405491.695470868	110	40	48	1	2	0	2	-63	126510	8	0	1596	1478	173,333,173,333
1526405491.707214767	110	40	48	1	2	0	2	-64	126511	8	0	1596	1478	173,333,173,333
1526405491.718983638	110	40	48	1	2	0	2	-63	126512	8	0	1596	1478	173,333,173,333
1526405491.730622433	110	40	48	1	2	0	2	-64	126513	8	0	1596	1478	173,333,173,333
1526405491.742402968	110	40	48	1	2	0	2	-63	126514	8	0	1596	1478	173,333,173,333
1526405491.754266385	110	40	48	1	2	0	2	-63	126515	8	0	1596	1478	173,333,173,333
1526405491.766010069	110	40	48	1	2	0	2	-62	126516	8	0	1596	1478	173,333,173,333
1526405491.777706832	110	40	48	1	2	0	2	-63	126517	8	0	1596	1478	173,333,173,333
1526405491.789553204	110	40	48	1	2	0	2	-63	126518	8	0	1596	1478	173,333,173,333
1526405491.801327630	110	40	48	1	2	0	2	-64	126519	8	0	1596	1478	173,333,173,333
1526405491.813060705	110	40	48	1	2	0	2	-63	126520	8	0	1596	1478	173,333,173,333
1526405491.824844175	110	40	48	1	2	0	2	-64	126521	8	0	1596	1478	173,333,173,333
1526405491.836589482	110	40	48	1	2	0	2	-64	126522	8	0	1596	1478	173,333,173,333
1526405491.848299296	110	40	48	1	2	0	2	-64	126523	8	0	1596	1478	173,333,173,333
1526405491.860094579	110	40	48	1	2	0	2	-64	126524	8	0	1596	1478	173,333,173,333
1526405491.871868534	110	40	48	1	2	0	2	-64	126525	8	0	1596	1478	173,333,173,333
1526405491.883620528	110	40	48	1	2	0	2	-65	126526	8	0	1596	1478	173,333,173,333
1526405491.895521037	110	40	48	1	2	0	2	-64	126527	8	0	1596	1478	173,333,173,333
1526405491.907112223	110	40	48	1	2	0	2	-64	126528	8	0	1596	1478	173,333,173,333
1526405491.918910482	110	40	48	1	2	0	2	-63	126529	8	0	1596	1478	173,333,173,333
1526405491.930578642	110	40	48	1	2	0	2	-62	126530	8	0	1596	1478	173,333,173,333
1526405491.942422630	110	40	48	1	2	0	2	-62	126531	8	0	1596	1478	173,333,173,333
1526405491.954197732	110	40	48	1	2	0	2	-62	126532	8	0	1596	1478	173,333,173,333
1526405491.965948793	110	40	48	1	2	0	2	-63	126533	8	0	1596	1478	173,333,173,333
1526405491.977724846	110	40	48	1	2	0	2	-63	126534	8	0	1596	1478	173,333,173,333
1526405491.989470604	110	40	48	1	2	0	2	-62	126535	8	0	1596	1478	173,333,173,333
1526405492.001238707	110	40	48	1	2	0	2	-63	126536	8	0	1596	1478	173,333,173,333
1526405492.012981932	110	40	48	1	2	0	2	-62	126537	8	0	1596	1478	173,333,173,333
1526405492.024750970	110	40	48	1	2	0	2	-62	126538	8	0	1596	1478	173,333,173,333
1526405492.036491149	110	40	48	1	2	0	2	-62	126539	8	0	1596	1478	173,333,173,333
1526405492.048271304	110	40	48	1	2	0	2	-62	126540	8	0	1596	1478	173,333,173,333
1526405492.059817529	110	40	48	1	2	0	2	-62	126541	8	0	1596	1478	173,333,173,333
1526405492.071797161	110	40	48	1	2	0	2	-62	126542	8	0	1596	1478	173,333,173,333
1526405492.083582145	110	40	48	1	2	0	2	-63	126543	8	0	1596	1478	173,333,173,333
1526405492.095314956	110	40	48	1	2	0	2	-62	126544	8	0	1596	1478	173,333,173,333
1526405492.107082777	110	40	48	1	2	0	2	-62	126545	8	0	1596	1478	173,333,173,333
1526405492.118813911	110	40	48	1	2	0	2	-62	126546	8	0	1596	1478	173,333,173,333
1526405492.130586502	110	40	48	1	2	0	2	-62	126547	8	0	1596	1478	173,333,173,333
1526405492.142341770	110	40	48	1	2	0	2	-61	126548	8	0	1596	1478	173,333,173,333
1526405492.154122998	110	40	48	1	2	0	2	-62	126549	8	0	1596	1478	173,333,173,333
1526405492.165874351	110	40	48	1	2	0	2	-61	126550	8	0	1596	1478	173,333,173,333
1526405492.177628690	110	40	48	1	2	0	2	-62	126551	8	0	1596	1478	173,333,173,333
1526405492.189417333	110	40	48	1	2	0	2	-63	126552	8	0	1596	1478	173,333,173,333
1526405492.201145141	110	40	48	1	2	0	2	-63	126553	8	0	1596	1478	173,333,173,333
1526405492.212842111	110	40	48	1	2	0	2	-62	126554	8	0	1596	1478	173,333,173,333
1526405492.224680265	110	40	48	1	2	0	2	-62	126555	8	0	1596	1478	173,333,173,333
1526405492.236434557	110	40	48	1	2	0	2	-62	126556	8	0	1596	1478	173,333,173,333
1526405492.248096585	110	40	48	1	2	0	2	-62	126557	8	0	1596	1478	173,333,173,333
1526405492.259878773	110	40	48	1	2	0	2	-62	126558	8	0	1596	1478	173,333,173,333
1526405492.271679232	110	40	48	1	2	0	2	-62	126559	8	0	1596	1478	173,333,173,333
1526405492.283502030	110	40	48	1	2	0	2	-62	126560	8	0	1596	1478	173,333,173,333
1526405492.295205049	110	40	48	1	2	0	2	-62	126561	8	0	1596	1478	173,333,173,333
1526405492.306974812	110	40	48	1	2	0	2	-62	126562	8	0	1596	1478	173,333,173,333
1526405492.318748447	110	40	48	1	2	0	2	-61	126563	8	0	1596	1478	173,333,173,333
1526405492.330422036	110	40	48	1	2	0	2	-62	126564	8	0	1596	1478	173,333,173,333
1526405492.342156259	110	40	48	1	2	0	2	-62	126565	8	0	1596	1478	173,333,173,333
1526405492.353927698	110	40	48	1	2	0	2	-62	126566	8	0	1596	1478	173,333,173,333
1526405492.365704973	110	40	48	1	2	0	2	-61	126567	8	0	1596	1478	173,333,173,333
1526405492.377516473	110	40	48	1	2	0	2	-61	126568	8	0	1596	1478	173,333,173,333
1526405492.389305111	110	40	48	1	2	0	2	-62	126569	8	0	1596	1478	173,333,173,333
1526405492.401049197	110	40	48	1	2	0	2	-61	126570	8	0	1596	1478	173,333,173,333
1526405492.412831965	110	40	48	1	2	0	2	-61	126571	8	0	1596	1478	173,333,173,333
1526405492.424507559	110	40	48	1	2	0	2	-61	126572	8	0	1596	1478	173,333,173,333
1526405492.436351558	110	40	48	1	2	0	2	-61	126573	8	0	1596	1478	173,333,173,333
1526405492.448135944	110	40	48	1	2	0	2	-61	126574	8	0	1596	1478	173,333,173,333
1526405492.459890246	110	40	48	1	2	0	2	-61	126575	8	0	1596	1478	173,333,173,333
1526405492.471631019	110	40	48	1	2	0	2	-61	126576	8	0	1596	1478	173,333,173,333
1526405492.483389848	110	40	48	1	2	0	2	-61	126577	8	0	1596	1478	173,333,173,333
1526405492.495061419	110	40	48	1	2	0	2	-61	126578	8	0	1596	1478	173,333,173,333
1526405492.506936170	110	40	48	1	2	0	2	-61	126579	8	0	1596	1478	173,333,173,333
1526405492.518601739	110	40	48	1	2	0	2	-61	126580	8	0	1596	1478	173,333,173,333
1526405492.530344382	110	40	48	1	2	0	2	-61	126581	8	0	1596	1478	173,333,173,333
1526405492.542197155	110	40	48	1	2	0	2	-62	126582	8	0	1596	1478	173,333,173,333
1526405492.553878255	110	40	48	1	2	0	2	-61	126583	8	0	1596	1478	173,333,173,333
1526405492.566050691	110	40	48	1	2	0	2	-62	126584	8	0	1596	1478	173,333,173,333
1526405492.577382187	110	40	48	1	2	0	2	-62	126585	8	0	1596	1478	173,333,173,333
1526405492.589113165	110	40	48	1	2	0	2	-62	126586	8	0	1596	1478	173,333,173,333
1526405492.600865169	110	40	48	1	2	0	2	-62	126587	8	0	1596	1478	173,333,173,333
1526405492.612516078	110	40	48	1	2	0	2	-62	126588	8	0	1596	1478	173,333,173,333
1526405492.624373147	110	40	48	1	2	0	2	-62	126589	8	0	1596	1478	173,333,173,333
1526405492.636155526	110	40	48	1	2	0	2	-62	126590	8	0	1596	1478	173,333,173,333
1526405492.647940153	110	40	48	1	2	0	2	-62	126591	8	0	1596	1478	173,333,173,333
1526405492.659790301	110	40	48	1	2	0	2	-63	126592	8	0	1596	1478	173,333,173,333
1526405492.671523922	110	40	48	1	2	0	2	-62	126593	8	0	1596	1478	173,333,173,333
1526405492.683330106	110	40	48	1	2	0	2	-63	126594	8	0	1596	1478	173,333,173,333
1526405492.695085903	110	40	48	1	2	0	2	-62	126595	8	0	1596	1478	173,333,173,333
1526405492.706825710	110	40	48	1	2	0	2	-62	126596	8	0	1596	1478	173,333,173,333
1526405492.718578020	110	40	48	1	2	0	2	-62	126597	8	0	1596	1478	173,333,173,333
1526405492.730339198	110	40	48	1	2	0	2	-62	126598	8	0	1596	1478	173,333,173,333
1526405492.742025413	110	40	48	1	2	0	2	-62	126599	8	0	1596	1478	173,333,173,333
1526405492.753790085	110	40	48	1	2	0	2	-62	126600	8	0	1596	1478	173,333,173,333
1526405492.765647099	110	40	48	1	2	0	2	-62	126601	8	0	1596	1478	173,333,173,333
1526405492.777324266	110	40	48	1	2	0	2	-62	126602	8	0	1596	1478	173,333,173,333
1526405492.789140687	110	40	48	1	2	0	2	-62	126603	8	0	1596	1478	173,333,173,333
1526405492.800896559	110	40	48	1	2	0	2	-62	126604	8	0	1596	1478	173,333,173,333
1526405492.812680034	110	40	48	1	2	0	2	-61	126605	8	0	1596	1478	173,333,173,333
1526405492.824373707	110	40	48	1	2	0	2	-62	126606	8	0	1596	1478	173,333,173,333
1526405492.836090042	110	40	48	1	2	0	2	-61	126607	8	0	1596	1478	173,333,173,333
1526405492.847852517	110	40	48	1	2	0	2	-62	126608	8	0	1596	1478	173,333,173,333
1526405492.859632775	110	40	48	1	2	0	2	-62	126609	8	0	1596	1478	173,333,173,333
1526405492.871451904	110	40	48	1	2	0	2	-63	126610	8	0	1596	1478	173,333,173,333
1526405492.883233381	110	40	48	1	2	0	2	-62	126611	8	0	1596	1478	173,333,173,333
1526405492.894858779	110	40	48	1	2	0	2	-63	126612	8	0	1596	1478	173,333,173,333
1526405492.906767301	110	40	48	1	2	0	2	-63	126613	8	0	1596	1478	173,333,173,333
1526405492.918514702	110	40	48	1	2	0	2	-63	126614	8	0	1596	1478	173,333,173,333
1526405492.930261584	110	40	48	1	2	0	2	-63	126615	8	0	1596	1478	173,333,173,333
1526405492.941968581	110	40	48	1	2	0	2	-63	126616	8	0	1596	1478	173,333,173,333
1526405492.953799009	110	40	48	1	2	0	2	-63	126617	8	0	1596	1478	173,333,173,333
1526405492.965553281	110	40	48	1	2	0	2	-63	126618	8	0	1596	1478	173,333,173,333
1526405492.977599628	110	40	48	1	2	0	2	-64	126620	8	0	1596	1478	173,333,173,333
1526405492.989068589	110	40	48	1	2	0	2	-64	126621	8	0	1596	1478	173,333,173,333
1526405493.000865850	110	40	48	1	2	0	2	-64	126622	8	0	1596	1478	173,333,173,333
1526405493.012595540	110	40	48	1	2	0	2	-64	126623	8	0	1596	1478	173,333,173,333
1526405493.024197380	110	40	48	1	2	0	2	-62	126624	8	0	1596	1478	173,333,173,333
1526405493.036117083	110	40	48	1	2	0	2	-64	126625	8	0	1596	1478	173,333,173,333
1526405493.047874843	110	40	48	1	2	0	2	-62	126626	8	0	1596	1478	173,333,173,333
1526405493.059637886	110	40	48	1	2	0	2	-64	126627	8	0	1596	1478	173,333,173,333
1526405493.071395488	110	40	48	1	2	0	2	-63	126628	8	0	1596	1478	173,333,173,333
1526405493.083143010	110	40	48	1	2	0	2	-63	126629	8	0	1596	1478	173,333,173,333
1526405493.095225406	110	40	48	1	2	0	2	-62	126630	8	0	1596	1478	173,333,173,333
1526405493.106614121	110	40	48	1	2	0	2	-62	126631	8	0	1596	1478	173,333,173,333
1526405493.118434240	110	40	48	1	2	0	2	-63	126632	8	0	1596	1478	173,333,173,333
1526405493.130201249	110	40	48	1	2	0	2	-62	126633	8	0	1596	1478	173,333,173,333
1526405493.141977973	110	40	48	1	2	0	2	-62	126634	8	0	1596	1478	173,333,173,333
1526405493.153716931	110	40	48	1	2	0	2	-62	126635	8	0	1596	1478	173,333,173,333
1526405493.165474285	110	40	48	1	2	0	2	-63	126636	8	0	1596	1478	173,333,173,333
1526405493.177047573	110	40	48	1	2	0	2	-62	126637	8	0	1596	1478	173,333,173,333
1526405493.189302997	110	40	48	1	2	0	2	-62	126639	8	0	1596	1478	173,333,173,333
1526405493.200759307	110	40	48	1	2	0	2	-62	126640	8	0	1596	1478	173,333,173,333
1526405493.212505443	110	40	48	1	2	0	2	-62	126641	8	0	1596	1478	173,333,173,333
1526405493.224224438	110	40	48	1	2	0	2	-62	126642	8	0	1596	1478	173,333,173,333
1526405493.236028666	110	40	48	1	2	0	2	-62	126643	8	0	1596	1478	173,333,173,333
1526405493.247800266	110	40	48	1	2	0	2	-62	126644	8	0	1596	1478	173,333,173,333
1526405493.259538135	110	40	48	1	2	0	2	-62	126645	8	0	1596	1478	173,333,173,333
1526405493.271191709	110	40	48	1	2	0	2	-62	126646	8	0	1596	1478	173,333,173,333
1526405493.283266395	110	40	48	1	2	0	2	-60	126647	8	0	1596	1478	173,333,173,333
1526405493.294824918	110	40	48	1	2	0	2	-62	126648	8	0	1596	1478	173,333,173,333
1526405493.306582060	110	40	48	1	2	0	2	-61	126649	8	0	1596	1478	173,333,173,333
1526405493.318330262	110	40	48	1	2	0	2	-61	126650	8	0	1596	1478	173,333,173,333
1526405493.330028056	110	40	48	1	2	0	2	-61	126651	8	0	1596	1478	173,333,173,333
1526405493.341779194	110	40	48	1	2	0	2	-61	126652	8	0	1596	1478	173,333,173,333
1526405493.353473359	110	40	48	1	2	0	2	-62	126653	8	0	1596	1478	173,333,173,333
1526405493.365398681	110	40	48	1	2	0	2	-62	126654	8	0	1596	1478	173,333,173,333
1526405493.377166797	110	40	48	1	2	0	2	-63	126655	8	0	1596	1478	173,333,173,333
1526405493.388902196	110	40	48	1	2	0	2	-63	126656	8	0	1596	1478	173,333,173,333
1526405493.400675623	110	40	48	1	2	0	2	-64	126657	8	0	1596	1478	173,333,173,333
1526405493.412428584	110	40	48	1	2	0	2	-64	126658	8	0	1596	1478	173,333,173,333
1526405493.424210216	110	40	48	1	2	0	2	-63	126659	8	0	1596	1478	173,333,173,333
1526405493.435942098	110	40	48	1	2	0	2	-63	126660	8	0	1596	1478	173,333,173,333
1526405493.447737424	110	40	48	1	2	0	2	-63	126661	8	0	1596	1478	173,333,173,333
1526405493.459488542	110	40	48	1	2	0	2	-63	126662	8	0	1596	1478	173,333,173,333
1526405493.471220379	110	40	48	1	2	0	2	-63	126664	8	0	1596	1478	173,333,173,333
1526405493.482985599	110	40	48	1	2	0	2	-63	126665	8	0	1596	1478	173,333,173,333
1526405493.494774680	110	40	48	1	2	0	2	-63	126666	8	0	1596	1478	173,333,173,333
1526405493.506430263	110	40	48	1	2	0	2	-63	126667	8	0	1596	1478	173,333,173,333
1526405493.518192511	110	40	48	1	2	0	2	-63	126668	8	0	1596	1478	173,333,173,333
1526405493.529861994	110	40	48	1	2	0	2	-63	126669	8	0	1596	1478	173,333,173,333
1526405493.541664220	110	40	48	1	2	0	2	-62	126670	8	0	1596	1478	173,333,173,333
1526405493.553307601	110	40	48	1	2	0	2	-63	126671	8	0	1596	1478	173,333,173,333
1526405493.565188543	110	40	48	1	2	0	2	-63	126672	8	0	1596	1478	173,333,173,333
1526405493.576887424	110	40	48	1	2	0	2	-63	126673	8	0	1596	1478	173,333,173,333
1526405493.588662116	110	40	48	1	2	0	2	-63	126674	8	0	1596	1478	173,333,173,333
1526405493.600361431	110	40	48	1	2	0	2	-63	126675	8	0	1596	1478	173,333,173,333
1526405493.612116864	110	40	48	1	2	0	2	-63	126676	8	0	1596	1478	173,333,173,333
1526405493.623879725	110	40	48	1	2	0	2	-63	126677	8	0	1596	1478	173,333,173,333
1526405493.635637141	110	40	48	1	2	0	2	-64	126678	8	0	1596	1478	173,333,173,333
1526405493.647403514	110	40	48	1	2	0	2	-64	126679	8	0	1596	1478	173,333,173,333
1526405493.659235517	110	40	48	1	2	0	2	-64	126680	8	0	1596	1478	173,333,173,333
1526405493.671119058	110	40	48	1	2	0	2	-64	126681	8	0	1596	1478	173,333,173,333
1526405493.682901136	110	40	48	1	2	0	2	-63	126682	8	0	1596	1478	173,333,173,333
1526405493.694661620	110	40	48	1	2	0	2	-63	126683	8	0	1596	1478	173,333,173,333
1526405493.706345155	110	40	48	1	2	0	2	-62	126684	8	0	1596	1478	173,333,173,333
1526405493.718133397	110	40	48	1	2	0	2	-63	126685	8	0	1596	1478	173,333,173,333
1526405493.729931832	110	40	48	1	2	0	2	-62	126686	8	0	1596	1478	173,333,173,333
1526405493.741740043	110	40	48	1	2	0	2	-61	126687	8	0	1596	1478	173,333,173,333
1526405493.753480804	110	40	48	1	2	0	2	-62	126688	8	0	1596	1478	173,333,173,333
1526405493.765239962	110	40	48	1	2	0	2	-62	126689	8	0	1596	1478	173,333,173,333
1526405493.777320067	110	40	48	1	2	0	2	-62	126691	8	0	1596	1478	173,333,173,333
1526405493.788642994	110	40	48	1	2	0	2	-62	126692	8	0	1596	1478	173,333,173,333
1526405493.800500212	110	40	48	1	2	0	2	-62	126693	8	0	1596	1478	173,333,173,333
1526405493.812140646	110	40	48	1	2	0	2	-62	126694	8	0	1596	1478	173,333,173,333
1526405493.824014223	110	40	48	1	2	0	2	-62	126695	8	0	1596	1478	173,333,173,333
1526405493.835686019	110	40	48	1	2	0	2	-62	126696	8	0	1596	1478	173,333,173,333
1526405493.847452495	110	40	48	1	2	0	2	-61	126697	8	0	1596	1478	173,333,173,333
1526405493.859295238	110	40	48	1	2	0	2	-62	126698	8	0	1596	1478	173,333,173,333
1526405493.871082362	110	40	48	1	2	0	2	-62	126699	8	0	1596	1478	173,333,173,333
1526405493.882827183	110	40	48	1	2	0	2	-62	126700	8	0	1596	1478	173,333,173,333
1526405493.894601540	110	40	48	1	2	0	2	-62	126701	8	0	1596	1478	173,333,173,333
1526405493.906355058	110	40	48	1	2	0	2	-62	126702	8	0	1596	1478	173,333,173,333
1526405493.918108271	110	40	48	1	2	0	2	-62	126703	8	0	1596	1478	173,333,173,333
1526405493.929858770	110	40	48	1	2	0	2	-62	126704	8	0	1596	1478	173,333,173,333
1526405493.941633969	110	40	48	1	2	0	2	-62	126705	8	0	1596	1478	173,333,173,333
1526405493.953326803	110	40	48	1	2	0	2	-62	126706	8	0	1596	1478	173,333,173,333
1526405493.965158592	110	40	48	1	2	0	2	-62	126707	8	0	1596	1478	173,333,173,333
1526405493.976782550	110	40	48	1	2	0	2	-62	126708	8	0	1596	1478	173,333,173,333
1526405493.988666009	110	40	48	1	2	0	2	-61	126709	8	0	1596	1478	173,333,173,333
1526405494.000407602	110	40	48	1	2	0	2	-61	126710	8	0	1596	1478	173,333,173,333
1526405494.012185394	110	40	48	1	2	0	2	-62	126711	8	0	1596	1478	173,333,173,333
1526405494.023944749	110	40	48	1	2	0	2	-62	126712	8	0	1596	1478	173,333,173,333
1526405494.035681292	110	40	48	1	2	0	2	-62	126713	8	0	1596	1478	173,333,173,333
1526405494.047474298	110	40	48	1	2	0	2	-63	126714	8	0	1596	1478	173,333,173,333
1526405494.059224900	110	40	48	1	2	0	2	-63	126715	8	0	1596	1478	173,333,173,333
1526405494.071017600	110	40	48	1	2	0	2	-63	126716	8	0	1596	1478	173,333,173,333
1526405494.082740752	110	40	48	1	2	0	2	-62	126717	8	0	1596	1478	173,333,173,333
1526405494.094523373	110	40	48	1	2	0	2	-64	126718	8	0	1596	1478	173,333,173,333
1526405494.106210844	110	40	48	1	2	0	2	-64	126719	8	0	1596	1478	173,333,173,333
1526405494.118020427	110	40	48	1	2	0	2	-64	126720	8	0	1596	1478	173,333,173,333
1526405494.129785157	110	40	48	1	2	0	2	-64	126721	8	0	1596	1478	173,333,173,333
1526405494.141559995	110	40	48	1	2	0	2	-65	126722	8	0	1596	1478	173,333,173,333
1526405494.153292458	110	40	48	1	2	0	2	-64	126723	8	0	1596	1478	173,333,173,333
1526405494.165068245	110	40	48	1	2	0	2	-65	126724	8	0	1596	1478	173,333,173,333
1526405494.176838710	110	40	48	1	2	0	2	-64	126725	8	0	1596	1478	173,333,173,333
1526405494.188597658	110	40	48	1	2	0	2	-64	126726	8	0	1596	1478	173,333,173,333
1526405494.200367064	110	40	48	1	2	0	2	-65	126727	8	0	1596	1478	173,333,173,333
1526405494.212114854	110	40	48	1	2	0	2	-64	126728	8	0	1596	1478	173,333,173,333
1526405494.223856064	110	40	48	1	2	0	2	-64	126729	8	0	1596	1478	173,333,173,333
1526405494.235626985	110	40	48	1	2	0	2	-64	126730	8	0	1596	1478	173,333,173,333
1526405494.247397275	110	40	48	1	2	0	2	-64	126731	8	0	1596	1478	173,333,173,333
1526405494.259062065	110	40	48	1	2	0	2	-63	126732	8	0	1596	1478	173,333,173,333
1526405494.270908129	110	40	48	1	2	0	2	-64	126733	8	0	1596	1478	173,333,173,333
1526405494.282681576	110	40	48	1	2	0	2	-64	126734	8	0	1596	1478	173,333,173,333
1526405494.294318368	110	40	48	1	2	0	2	-63	126735	8	0	1596	1478	173,333,173,333
1526405494.306788693	110	40	48	1	2	0	2	-63	126736	8	0	1596	1478	173,333,173,333
1526405494.317841601	110	40	48	1	2	0	2	-63	126737	8	0	1596	1478	173,333,173,333
1526405494.329627015	110	40	48	1	2	0	2	-63	126738	8	0	1596	1478	173,333,173,333
1526405494.341310366	110	40	48	1	2	0	2	-63	126739	8	0	1596	1478	173,333,173,333
1526405494.353119415	110	40	48	1	2	0	2	-63	126740	8	0	1596	1478	173,333,173,333
1526405494.364983614	110	40	48	1	2	0	2	-63	126741	8	0	1596	1478	173,333,173,333
1526405494.376761724	110	40	48	1	2	0	2	-63	126742	8	0	1596	1478	173,333,173,333
1526405494.388501211	110	40	48	1	2	0	2	-62	126743	8	0	1596	1478	173,333,173,333
1526405494.400280733	110	40	48	1	2	0	2	-62	126744	8	0	1596	1478	173,333,173,333
1526405494.411901748	110	40	48	1	2	0	2	-62	126745	8	0	1596	1478	173,333,173,333
1526405494.423787370	110	40	48	1	2	0	2	-62	126746	8	0	1596	1478	173,333,173,333
1526405494.435568814	110	40	48	1	2	0	2	-62	126747	8	0	1596	1478	173,333,173,333
1526405494.447309696	110	40	48	1	2	0	2	-62	126748	8	0	1596	1478	173,333,173,333
1526405494.459065298	110	40	48	1	2	0	2	-61	126749	8	0	1596	1478	173,333,173,333
1526405494.470807615	110	40	48	1	2	0	2	-61	126750	8	0	1596	1478	173,333,173,333
1526405494.482586242	110	40	48	1	2	0	2	-60	126751	8	0	1596	1478	173,333,173,333
1526405494.494657695	110	40	48	1	2	0	2	-61	126753	8	0	1596	1478	173,333,173,333
1526405494.505940568	110	40	48	1	2	0	2	-60	126754	8	0	1596	1478	173,333,173,333
1526405494.517830215	110	40	48	1	2	0	2	-60	126755	8	0	1596	1478	173,333,173,333
1526405494.529530857	110	40	48	1	2	0	2	-61	126756	8	0	1596	1478	173,333,173,333
1526405494.541374395	110	40	48	1	2	0	2	-61	126757	8	0	1596	1478	173,333,173,333
1526405494.553080340	110	40	48	1	2	0	2	-62	126758	8	0	1596	1478	173,333,173,333
1526405494.564721744	110	40	48	1	2	0	2	-62	126759	8	0	1596	1478	173,333,173,333
1526405494.576573170	110	40	48	1	2	0	2	-61	126760	8	0	1596	1478	173,333,173,333
1526405494.588234879	110	40	48	1	2	0	2	-63	126761	8	0	1596	1478	173,333,173,333
1526405494.600113113	110	40	48	1	2	0	2	-63	126762	8	0	1596	1478	173,333,173,333
1526405494.611854008	110	40	48	1	2	0	2	-63	126763	8	0	1596	1478	173,333,173,333
1526405494.623609158	110	40	48	1	2	0	2	-63	126764	8	0	1596	1478	173,333,173,333
1526405494.635361324	110	40	48	1	2	0	2	-63	126765	8	0	1596	1478	173,333,173,333
1526405494.647205102	110	40	48	1	2	0	2	-63	126766	8	0	1596	1478	173,333,173,333
1526405494.658996314	110	40	48	1	2	0	2	-63	126767	8	0	1596	1478	173,333,173,333
1526405494.670754309	110	40	48	1	2	0	2	-63	126768	8	0	1596	1478	173,333,173,333
1526405494.682504264	110	40	48	1	2	0	2	-64	126769	8	0	1596	1478	173,333,173,333
1526405494.694286830	110	40	48	1	2	0	2	-65	126770	8	0	1596	1478	173,333,173,333
1526405494.706022564	110	40	48	1	2	0	2	-64	126771	8	0	1596	1478	173,333,173,333
1526405494.717731311	110	40	48	1	2	0	2	-64	126772	8	0	1596	1478	173,333,173,333
1526405494.729558618	110	40	48	1	2	0	2	-64	126773	8	0	1596	1478	173,333,173,333
1526405494.741331733	110	40	48	1	2	0	2	-64	126774	8	0	1596	1478	173,333,173,333
1526405494.753078323	110	40	48	1	2	0	2	-64	126775	8	0	1596	1478	173,333,173,333
1526405494.765242732	110	40	48	1	2	0	2	-63	126777	8	0	1596	1478	173,333,173,333
1526405494.776611001	110	40	48	1	2	0	2	-63	126778	8	0	1596	1478	173,333,173,333
1526405494.788380723	110	40	48	1	2	0	2	-62	126779	8	0	1596	1478	173,333,173,333
1526405494.800022006	110	40	48	1	2	0	2	-61	126780	8	0	1596	1478	173,333,173,333
1526405494.811759746	110	40	48	1	2	0	2	-63	126781	8	0	1596	1478	173,333,173,333
1526405494.823561551	110	40	48	1	2	0	2	-62	126782	8	0	1596	1478	173,333,173,333
1526405494.835284142	110	40	48	1	2	0	2	-62	126783	8	0	1596	1478	173,333,173,333
1526405494.847153038	110	40	48	1	2	0	2	-62	126784	8	0	1596	1478	173,333,173,333
1526405494.858888751	110	40	48	1	2	0	2	-62	126785	8	0	1596	1478	173,333,173,333
1526405494.870643137	110	40	48	1	2	0	2	-62	126786	8	0	1596	1478	173,333,173,333
1526405494.882438222	110	40	48	1	2	0	2	-62	126787	8	0	1596	1478	173,333,173,333
1526405494.894200498	110	40	48	1	2	0	2	-61	126788	8	0	1596	1478	173,333,173,333
1526405494.905944026	110	40	48	1	2	0	2	-62	126789	8	0	1596	1478	173,333,173,333
1526405494.917718002	110	40	48	1	2	0	2	-61	126790	8	0	1596	1478	173,333,173,333
1526405494.929893915	110	40	48	1	2	0	2	-61	126792	8	0	1596	1478	173,333,173,333
1526405494.941232768	110	40	48	1	2	0	2	-62	126793	8	0	1596	1478	173,333,173,333
1526405494.952980960	110	40	48	1	2	0	2	-61	126794	8	0	1596	1478	173,333,173,333
1526405494.964683475	110	40	48	1	2	0	2	-62	126795	8	0	1596	1478	173,333,173,333
1526405494.976441251	110	40	48	1	2	0	2	-61	126796	8	0	1596	1478	173,333,173,333
1526405494.988281275	110	40	48	1	2	0	2	-61	126797	8	0	1596	1478	173,333,173,333
1526405494.999959023	110	40	48	1	2	0	2	-60	126798	8	0	1596	1478	173,333,173,333
1526405495.011791463	110	40	48	1	2	0	2	-60	126799	8	0	1596	1478	173,333,173,333
1526405495.023806793	110	40	48	1	2	0	2	-60	126800	8	0	1596	1478	173,333,173,333
1526405495.035213092	110	40	48	1	2	0	2	-60	126801	8	0	1596	1478	173,333,173,333
1526405495.047107624	110	40	48	1	2	0	2	-60	126802	8	0	1596	1478	173,333,173,333
1526405495.058823946	110	40	48	1	2	0	2	-61	126803	8	0	1596	1478	173,333,173,333
1526405495.070591088	110	40	48	1	2	0	2	-61	126804	8	0	1596	1478	173,333,173,333
1526405495.082341027	110	40	48	1	2	0	2	-61	126805	8	0	1596	1478	173,333,173,333
1526405495.094060923	110	40	48	1	2	0	2	-60	126806	8	0	1596	1478	173,333,173,333
1526405495.105877763	110	40	48	1	2	0	2	-60	126807	8	0	1596	1478	173,333,173,333
1526405495.117619856	110	40	48	1	2	0	2	-61	126808	8	0	1596	1478	173,333,173,333
1526405495.129294471	110	40	48	1	2	0	2	-61	126809	8	0	1596	1478	173,333,173,333
1526405495.141135093	110	40	48	1	2	0	2	-61	126810	8	0	1596	1478	173,333,173,333
1526405495.152834748	110	40	48	1	2	0	2	-61	126811	8	0	1596	1478	173,333,173,333
1526405495.164669219	110	40	48	1	2	0	2	-62	126812	8	0	1596	1478	173,333,173,333
1526405495.176227013	110	40	48	1	2	0	2	-61	126813	8	0	1596	1478	173,333,173,333
1526405495.188186306	110	40	48	1	2	0	2	-61	126814	8	0	1596	1478	173,333,173,333
1526405495.201581878	124	40	48	1	2	0	2	-62	126815	7	0	1596	1478	144,444,144,444
1526405495.212128213	124	40	48	1	2	0	2	-63	126817	7	0	1596	1478	144,444,144,444
1526405495.223492195	124	40	48	1	2	0	2	-63	126818	7	0	1596	1478	144,444,144,444
1526405495.236347864	124	40	48	1	2	0	2	-61	126822	7	0	1596	1478	144,444,144,444
1526405495.248217369	124	40	48	1	2	0	2	-63	126825	7	0	1596	1478	144,444,144,444
1526405495.258635833	124	40	48	1	2	0	2	-62	126826	7	0	1596	1478	144,444,144,444
1526405495.270538407	124	40	48	1	2	0	2	-63	126827	7	0	1596	1478	144,444,144,444
1526405495.282200101	124	40	48	1	2	0	2	-62	126828	7	0	1596	1478	144,444,144,444
1526405495.294076633	118	40	48	0	2	0	2	-62	126829	8	0	1596	1478	156,156
1526405495.305828404	124	40	48	1	2	0	2	-63	126830	7	0	1596	1478	144,444,144,444
1526405495.317472118	124	40	48	1	2	0	2	-62	126831	7	0	1596	1478	144,444,144,444
1526405495.329216238	124	40	48	1	2	0	2	-64	126832	7	0	1596	1478	144,444,144,444
1526405495.342738809	144	40	48	0	2	0	2	-65	126833	6	0	1596	1478	117,117
1526405495.352819542	144	40	48	0	2	0	2	-65	126834	6	0	1596	1478	117,117
1526405495.364630458	144	40	48	0	2	0	2	-65	126835	6	0	1596	1478	117,117
1526405495.376314609	144	40	48	0	2	0	2	-63	126836	6	0	1596	1478	117,117
1526405495.388139394	144	40	48	0	2	0	2	-63	126837	6	0	1596	1478	117,117
1526405495.399907638	144	40	48	0	2	0	2	-62	126838	6	0	1596	1478	117,117
1526405495.411663100	144	40	48	0	2	0	2	-61	126839	6	0	1596	1478	117,117
1526405495.423422850	144	40	48	0	2	0	2	-60	126840	6	0	1596	1478	117,117
1526405495.435163907	134	40	48	0	2	0	2	-61	126841	7	0	1596	1478	130,130
1526405495.446942262	144	40	48	0	2	0	2	-61	126842	6	0	1596	1478	117,117
1526405495.458632279	144	40	48	0	2	0	2	-61	126843	6	0	1596	1478	117,117
1526405495.470337150	144	40	48	0	2	0	2	-62	126844	6	0	1596	1478	117,117
1526405495.482061727	144	40	48	0	2	0	2	-63	126845	6	0	1596	1478	117,117
1526405495.493923509	134	40	48	0	2	0	2	-62	126846	7	0	1596	1478	130,130
1526405495.505750837	144	40	48	0	2	0	2	-62	126847	6	0	1596	1478	117,117
1526405495.517501941	144	40	48	0	2	0	2	-62	126848	6	0	1596	1478	117,117
1526405495.529163989	144	40	48	0	2	0	2	-62	126849	6	0	1596	1478	117,117
1526405495.541030296	144	40	48	0	2	0	2	-62	126850	6	0	1596	1478	117,117
1526405495.552686264	134	40	48	0	2	0	2	-62	126851	7	0	1596	1478	130,130
1526405495.564899700	144	40	48	0	2	0	2	-62	126852	6	0	1596	1478	117,117
1526405495.576652475	144	40	48	0	2	0	2	-63	126854	6	0	1596	1478	117,117
1526405495.588060088	144	40	48	0	2	0	2	-63	126855	6	0	1596	1478	117,117
1526405495.599817833	144	40	48	0	2	0	2	-63	126856	6	0	1596	1478	117,117
1526405495.611997451	144	40	48	0	2	0	2	-63	126857	6	0	1596	1478	117,117
1526405495.623348184	144	40	48	0	2	0	2	-63	126858	6	0	1596	1478	117,117
1526405495.635113324	144	40	48	0	2	0	2	-63	126859	6	0	1596	1478	117,117
1526405495.646862266	144	40	48	0	2	0	2	-62	126860	6	0	1596	1478	117,117
1526405495.658542733	144	40	48	0	2	0	2	-62	126861	6	0	1596	1478	117,117
1526405495.670387545	144	40	48	0	2	0	2	-62	126862	6	0	1596	1478	117,117
1526405495.682148107	144	40	48	0	2	0	2	-62	126863	6	0	1596	1478	117,117
1526405495.693912395	144	40	48	0	2	0	2	-62	126864	6	0	1596	1478	117,117
1526405495.705662855	144	40	48	0	2	0	2	-62	126865	6	0	1596	1478	117,117
1526405495.717442329	144	40	48	0	2	0	2	-62	126866	6	0	1596	1478	117,117
1526405495.729186807	144	40	48	0	2	0	2	-62	126867	6	0	1596	1478	117,117
1526405495.740961058	144	40	48	0	2	0	2	-62	126868	6	0	1596	1478	117,117
1526405495.752702227	144	40	48	0	2	0	2	-62	126869	6	0	1596	1478	117,117
1526405495.764487676	144	40	48	0	2	0	2	-62	126870	6	0	1596	1478	117,117
1526405495.776207574	134	40	48	0	2	0	2	-61	126871	7	0	1596	1478	130,130
1526405495.787987732	124	40	48	1	2	0	2	-61	126872	7	0	1596	1478	144,444,144,444
1526405495.799728716	124	40	48	1	2	0	2	-61	126873	7	0	1596	1478	144,444,144,444
1526405495.811396277	124	40	48	1	2	0	2	-61	126874	7	0	1596	1478	144,444,144,444
1526405495.823163503	124	40	48	1	2	0	2	-60	126875	7	0	1596	1478	144,444,144,444
1526405495.835277159	124	40	48	1	2	0	2	-60	126876	7	0	1596	1478	144,444,144,444
1526405495.846643735	124	40	48	1	2	0	2	-60	126877	7	0	1596	1478	144,444,144,444
1526405495.858524153	124	40	48	1	2	0	2	-60	126878	7	0	1596	1478	144,444,144,444
1526405495.870283538	124	40	48	1	2	0	2	-60	126879	7	0	1596	1478	144,444,144,444
1526405495.881960814	124	40	48	1	2	0	2	-60	126880	7	0	1596	1478	144,444,144,444
1526405495.893800586	124	40	48	1	2	0	2	-60	126881	7	0	1596	1478	144,444,144,444
1526405495.905967722	124	40	48	1	2	0	2	-60	126882	7	0	1596	1478	144,444,144,444
1526405495.917369537	124	40	48	1	2	0	2	-60	126883	7	0	1596	1478	144,444,144,444
1526405495.929131755	124	40	48	1	2	0	2	-60	126884	7	0	1596	1478	144,444,144,444
1526405495.940894452	124	40	48	1	2	0	2	-60	126885	7	0	1596	1478	144,444,144,444
1526405495.952660979	124	40	48	1	2	0	2	-60	126886	7	0	1596	1478	144,444,144,444
1526405495.965630922	124	40	48	1	2	0	2	-60	126889	7	0	1596	1478	144,444,144,444
1526405495.976088545	124	40	48	1	2	0	2	-59	126890	7	0	1596	1478	144,444,144,444
1526405495.988315746	124	40	48	1	2	0	2	-59	126891	7	0	1596	1478	144,444,144,444
1526405495.999610083	118	40	48	0	2	0	2	-59	126892	8	0	1596	1478	156,156
1526405496.011466254	124	40	48	1	2	0	2	-59	126893	7	0	1596	1478	144,444,144,444
1526405496.023213974	124	40	48	1	2	0	2	-59	126894	7	0	1596	1478	144,444,144,444
1526405496.034962276	124	40	48	1	2	0	2	-60	126895	7	0	1596	1478	144,444,144,444
1526405496.047725509	124	40	48	1	2	0	2	-60	126897	7	0	1596	1478	144,444,144,444
1526405496.061217032	118	40	48	0	2	0	2	-60	126898	8	0	1596	1478	156,156
1526405496.070236414	118	40	48	0	2	0	2	-60	126899	8	0	1596	1478	156,156
1526405496.082008896	118	40	48	0	2	0	2	-60	126900	8	0	1596	1478	156,156
1526405496.094145812	118	40	48	0	2	0	2	-60	126901	8	0	1596	1478	156,156
1526405496.105508940	110	40	48	1	2	0	2	-60	126902	8	0	1596	1478	173,333,173,333
1526405496.117142078	110	40	48	1	2	0	2	-60	126903	8	0	1596	1478	173,333,173,333
1526405496.128941485	110	40	48	1	2	0	2	-59	126904	8	0	1596	1478	173,333,173,333
1526405496.141183553	110	40	48	1	2	0	2	-60	126906	8	0	1596	1478	173,333,173,333
1526405496.152428343	110	40	48	1	2	0	2	-62	126907	8	0	1596	1478	173,333,173,333
1526405496.164260073	110	40	48	1	2	0	2	-61	126908	8	0	1596	1478	173,333,173,333
1526405496.176021444	110	40	48	1	2	0	2	-61	126909	8	0	1596	1478	173,333,173,333
1526405496.187794579	110	40	48	1	2	0	2	-61	126910	8	0	1596	1478	173,333,173,333
1526405496.199581893	110	40	48	1	2	0	2	-61	126911	8	0	1596	1478	173,333,173,333
1526405496.211330611	110	40	48	1	2	0	2	-62	126912	8	0	1596	1478	173,333,173,333
1526405496.223113248	110	40	48	1	2	0	2	-62	126913	8	0	1596	1478	173,333,173,333
1526405496.234838098	110	40	48	1	2	0	2	-60	126914	8	0	1596	1478	173,333,173,333
1526405496.246599628	110	40	48	1	2	0	2	-61	126915	8	0	1596	1478	173,333,173,333
1526405496.258350101	110	40	48	1	2	0	2	-61	126916	8	0	1596	1478	173,333,173,333
1526405496.270116166	110	40	48	1	2	0	2	-60	126917	8	0	1596	1478	173,333,173,333
1526405496.281865035	110	40	48	1	2	0	2	-61	126918	8	0	1596	1478	173,333,173,333
1526405496.293641038	110	40	48	1	2	0	2	-62	126919	8	0	1596	1478	173,333,173,333
1526405496.305396644	110	40	48	1	2	0	2	-61	126920	8	0	1596	1478	173,333,173,333
1526405496.317163786	110	40	48	1	2	0	2	-62	126921	8	0	1596	1478	173,333,173,333
1526405496.328913349	110	40	48	1	2	0	2	-61	126922	8	0	1596	1478	173,333,173,333
1526405496.340532766	110	40	48	1	2	0	2	-62	126923	8	0	1596	1478	173,333,173,333
1526405496.352423848	110	40	48	1	2	0	2	-62	126924	8	0	1596	1478	173,333,173,333
1526405496.364197098	110	40	48	1	2	0	2	-60	126925	8	0	1596	1478	173,333,173,333
1526405496.375875689	110	40	48	1	2	0	2	-60	126926	8	0	1596	1478	173,333,173,333
1526405496.387736616	110	40	48	1	2	0	2	-59	126927	8	0	1596	1478	173,333,173,333
1526405496.399465487	110	40	48	1	2	0	2	-59	126928	8	0	1596	1478	173,333,173,333
1526405496.411237548	110	40	48	1	2	0	2	-60	126929	8	0	1596	1478	173,333,173,333
1526405496.422979452	110	40	48	1	2	0	2	-61	126930	8	0	1596	1478	173,333,173,333
1526405496.434653444	110	40	48	1	2	0	2	-62	126931	8	0	1596	1478	173,333,173,333
1526405496.446345284	110	40	48	1	2	0	2	-63	126932	8	0	1596	1478	173,333,173,333
1526405496.458087824	110	40	48	1	2	0	2	-63	126933	8	0	1596	1478	173,333,173,333
1526405496.469982219	110	40	48	1	2	0	2	-62	126934	8	0	1596	1478	173,333,173,333
1526405496.481789119	110	40	48	1	2	0	2	-62	126935	8	0	1596	1478	173,333,173,333
1526405496.493454801	110	40	48	1	2	0	2	-63	126936	8	0	1596	1478	173,333,173,333
1526405496.505563306	110	40	48	1	2	0	2	-61	126938	8	0	1596	1478	173,333,173,333
1526405496.516968576	110	40	48	1	2	0	2	-63	126939	8	0	1596	1478	173,333,173,333
1526405496.528731985	110	40	48	1	2	0	2	-62	126940	8	0	1596	1478	173,333,173,333
1526405496.540879639	110	40	48	1	2	0	2	-62	126942	8	0	1596	1478	173,333,173,333
1526405496.552759500	110	40	48	1	2	0	2	-60	126943	8	0	1596	1478	173,333,173,333
1526405496.564124810	110	40	48	1	2	0	2	-60	126944	8	0	1596	1478	173,333,173,333
1526405496.575877688	110	40	48	1	2	0	2	-60	126945	8	0	1596	1478	173,333,173,333
1526405496.588023418	110	40	48	1	2	0	2	-61	126946	8	0	1596	1478	173,333,173,333
1526405496.600812302	124	40	48	1	2	0	2	-60	126949	7	0	1596	1478	144,444,144,444
1526405496.611065473	124	40	48	1	2	0	2	-60	126950	7	0	1596	1478	144,444,144,444
1526405496.622923289	124	40	48	1	2	0	2	-60	126951	7	0	1596	1478	144,444,144,444
1526405496.634694184	124	40	48	1	2	0	2	-60	126952	7	0	1596	1478	144,444,144,444
1526405496.646439753	124	40	48	1	2	0	2	-60	126953	7	0	1596	1478	144,444,144,444
1526405496.658213856	124	40	48	1	2	0	2	-60	126954	7	0	1596	1478	144,444,144,444
1526405496.669961159	124	40	48	1	2	0	2	-61	126955	7	0	1596	1478	144,444,144,444
1526405496.681727455	124	40	48	1	2	0	2	-60	126956	7	0	1596	1478	144,444,144,444
1526405496.693416428	118	40	48	0	2	0	2	-60	126957	8	0	1596	1478	156,156
1526405496.705260354	124	40	48	1	2	0	2	-61	126958	7	0	1596	1478	144,444,144,444
1526405496.716952706	124	40	48	1	2	0	2	-61	126959	7	0	1596	1478	144,444,144,444
1526405496.728753026	124	40	48	1	2	0	2	-61	126960	7	0	1596	1478	144,444,144,444
1526405496.740539392	124	40	48	1	2	0	2	-61	126961	7	0	1596	1478	144,444,144,444
1526405496.752287277	118	40	48	0	2	0	2	-61	126962	8	0	1596	1478	156,156
1526405496.764546339	118	40	48	0	2	0	2	-61	126963	8	0	1596	1478	156,156
1526405496.775836674	118	40	48	0	2	0	2	-61	126964	8	0	1596	1478	156,156
1526405496.787563547	118	40	48	0	2	0	2	-61	126965	8	0	1596	1478	156,156
1526405496.799304501	110	40	48	1	2	0	2	-61	126966	8	0	1596	1478	173,333,173,333
1526405496.811086106	110	40	48	1	2	0	2	-61	126967	8	0	1596	1478	173,333,173,333
1526405496.822829930	110	40	48	1	2	0	2	-61	126968	8	0	1596	1478	173,333,173,333
1526405496.834579999	110	40	48	1	2	0	2	-61	126969	8	0	1596	1478	173,333,173,333
1526405496.846265416	110	40	48	1	2	0	2	-61	126970	8	0	1596	1478	173,333,173,333
1526405496.857993927	110	40	48	1	2	0	2	-61	126971	8	0	1596	1478	173,333,173,333
1526405496.869779605	110	40	48	1	2	0	2	-62	126972	8	0	1596	1478	173,333,173,333
1526405496.881631483	110	40	48	1	2	0	2	-62	126973	8	0	1596	1478	173,333,173,333
1526405496.893370321	110	40	48	1	2	0	2	-62	126974	8	0	1596	1478	173,333,173,333
1526405496.905544481	110	40	48	1	2	0	2	-62	126976	8	0	1596	1478	173,333,173,333
1526405496.916913878	110	40	48	1	2	0	2	-62	126977	8	0	1596	1478	173,333,173,333
1526405496.929002868	110	40	48	1	2	0	2	-62	126979	8	0	1596	1478	173,333,173,333
1526405496.940335181	110	40	48	1	2	0	2	-62	126980	8	0	1596	1478	173,333,173,333
1526405496.952096685	110	40	48	1	2	0	2	-62	126981	8	0	1596	1478	173,333,173,333
1526405496.963977221	110	40	48	1	2	0	2	-62	126982	8	0	1596	1478	173,333,173,333
1526405496.975734077	110	40	48	1	2	0	2	-63	126983	8	0	1596	1478	173,333,173,333
1526405496.987470743	110	40	48	1	2	0	2	-62	126984	8	0	1596	1478	173,333,173,333
1526405496.999239900	110	40	48	1	2	0	2	-62	126985	8	0	1596	1478	173,333,173,333
1526405497.010994434	110	40	48	1	2	0	2	-62	126986	8	0	1596	1478	173,333,173,333
1526405497.022766870	110	40	48	1	2	0	2	-62	126987	8	0	1596	1478	173,333,173,333
1526405497.034414847	110	40	48	1	2	0	2	-62	126988	8	0	1596	1478	173,333,173,333
1526405497.046269993	110	40	48	1	2	0	2	-62	126989	8	0	1596	1478	173,333,173,333
1526405497.058043122	110	40	48	1	2	0	2	-62	126990	8	0	1596	1478	173,333,173,333
1526405497.069805366	110	40	48	1	2	0	2	-60	126991	8	0	1596	1478	173,333,173,333
1526405497.081558610	110	40	48	1	2	0	2	-61	126992	8	0	1596	1478	173,333,173,333
1526405497.093319563	110	40	48	1	2	0	2	-61	126993	8	0	1596	1478	173,333,173,333
1526405497.105091039	110	40	48	1	2	0	2	-61	126994	8	0	1596	1478	173,333,173,333
1526405497.116819132	110	40	48	1	2	0	2	-61	126995	8	0	1596	1478	173,333,173,333
1526405497.128583197	110	40	48	1	2	0	2	-61	126996	8	0	1596	1478	173,333,173,333
1526405497.140342671	110	40	48	1	2	0	2	-61	126997	8	0	1596	1478	173,333,173,333
1526405497.152121787	110	40	48	1	2	0	2	-60	126998	8	0	1596	1478	173,333,173,333
1526405497.163879709	110	40	48	1	2	0	2	-60	126999	8	0	1596	1478	173,333,173,333
1526405497.175633341	110	40	48	1	2	0	2	-60	127000	8	0	1596	1478	173,333,173,333
1526405497.187409118	110	40	48	1	2	0	2	-60	127001	8	0	1596	1478	173,333,173,333
1526405497.199156317	110	40	48	1	2	0	2	-60	127002	8	0	1596	1478	173,333,173,333
1526405497.210923059	110	40	48	1	2	0	2	-59	127003	8	0	1596	1478	173,333,173,333
1526405497.222676714	110	40	48	1	2	0	2	-60	127004	8	0	1596	1478	173,333,173,333
1526405497.234448525	110	40	48	1	2	0	2	-61	127005	8	0	1596	1478	173,333,173,333
1526405497.246184634	110	40	48	1	2	0	2	-61	127006	8	0	1596	1478	173,333,173,333
1526405497.257827293	110	40	48	1	2	0	2	-62	127007	8	0	1596	1478	173,333,173,333
1526405497.269717163	110	40	48	1	2	0	2	-61	127008	8	0	1596	1478	173,333,173,333
1526405497.281451329	110	40	48	1	2	0	2	-61	127009	8	0	1596	1478	173,333,173,333
1526405497.293226921	110	40	48	1	2	0	2	-61	127010	8	0	1596	1478	173,333,173,333
1526405497.305006325	110	40	48	1	2	0	2	-61	127011	8	0	1596	1478	173,333,173,333
1526405497.316719009	110	40	48	1	2	0	2	-61	127012	8	0	1596	1478	173,333,173,333
1526405497.328521020	110	40	48	1	2	0	2	-61	127013	8	0	1596	1478	173,333,173,333
1526405497.340273062	110	40	48	1	2	0	2	-61	127014	8	0	1596	1478	173,333,173,333
1526405497.352047102	110	40	48	1	2	0	2	-61	127015	8	0	1596	1478	173,333,173,333
1526405497.363646461	110	40	48	1	2	0	2	-62	127016	8	0	1596	1478	173,333,173,333
1526405497.375486968	110	40	48	1	2	0	2	-62	127017	8	0	1596	1478	173,333,173,333
1526405497.387199398	110	40	48	1	2	0	2	-62	127018	8	0	1596	1478	173,333,173,333
1526405497.399050401	110	40	48	1	2	0	2	-62	127019	8	0	1596	1478	173,333,173,333
1526405497.410777334	110	40	48	1	2	0	2	-61	127020	8	0	1596	1478	173,333,173,333
1526405497.422502145	110	40	48	1	2	0	2	-61	127021	8	0	1596	1478	173,333,173,333
1526405497.434229030	110	40	48	1	2	0	2	-61	127022	8	0	1596	1478	173,333,173,333
1526405497.446004249	110	40	48	1	2	0	2	-60	127023	8	0	1596	1478	173,333,173,333
1526405497.457776960	110	40	48	1	2	0	2	-61	127024	8	0	1596	1478	173,333,173,333
1526405497.469542113	110	40	48	1	2	0	2	-61	127025	8	0	1596	1478	173,333,173,333
1526405497.481423233	110	40	48	1	2	0	2	-61	127026	8	0	1596	1478	173,333,173,333
1526405497.492961317	110	40	48	1	2	0	2	-61	127027	8	0	1596	1478	173,333,173,333
1526405497.504699740	110	40	48	1	2	0	2	-62	127028	8	0	1596	1478	173,333,173,333
1526405497.516431895	110	40	48	1	2	0	2	-61	127029	8	0	1596	1478	173,333,173,333
1526405497.528210408	110	40	48	1	2	0	2	-62	127030	8	0	1596	1478	173,333,173,333
1526405497.539984745	110	40	48	1	2	0	2	-61	127031	8	0	1596	1478	173,333,173,333
1526405497.551735411	110	40	48	1	2	0	2	-61	127032	8	0	1596	1478	173,333,173,333
1526405497.563573569	110	40	48	1	2	0	2	-61	127033	8	0	1596	1478	173,333,173,333
1526405497.575372193	110	40	48	1	2	0	2	-60	127034	8	0	1596	1478	173,333,173,333
1526405497.587044204	110	40	48	1	2	0	2	-60	127035	8	0	1596	1478	173,333,173,333
1526405497.598878727	110	40	48	1	2	0	2	-60	127036	8	0	1596	1478	173,333,173,333
1526405497.610655395	110	40	48	1	2	0	2	-59	127037	8	0	1596	1478	173,333,173,333
1526405497.622485996	110	40	48	1	2	0	2	-60	127038	8	0	1596	1478	173,333,173,333
1526405497.634266192	110	40	48	1	2	0	2	-60	127039	8	0	1596	1478	173,333,173,333
1526405497.645935324	110	40	48	1	2	0	2	-60	127040	8	0	1596	1478	173,333,173,333
1526405497.657780778	110	40	48	1	2	0	2	-60	127041	8	0	1596	1478	173,333,173,333
1526405497.669549897	110	40	48	1	2	0	2	-60	127042	8	0	1596	1478	173,333,173,333
1526405497.681322517	110	40	48	1	2	0	2	-60	127043	8	0	1596	1478	173,333,173,333
1526405497.693055112	110	40	48	1	2	0	2	-60	127044	8	0	1596	1478	173,333,173,333
1526405497.704828802	110	40	48	1	2	0	2	-61	127045	8	0	1596	1478	173,333,173,333
1526405497.716595874	110	40	48	1	2	0	2	-61	127046	8	0	1596	1478	173,333,173,333
1526405497.728339587	110	40	48	1	2	0	2	-61	127047	8	0	1596	1478	173,333,173,333
1526405497.740064812	110	40	48	1	2	0	2	-61	127048	8	0	1596	1478	173,333,173,333
1526405497.751881528	110	40	48	1	2	0	2	-61	127049	8	0	1596	1478	173,333,173,333
1526405497.763646198	110	40	48	1	2	0	2	-61	127050	8	0	1596	1478	173,333,173,333
1526405497.775391966	110	40	48	1	2	0	2	-61	127051	8	0	1596	1478	173,333,173,333
1526405497.787176920	110	40	48	1	2	0	2	-60	127052	8	0	1596	1478	173,333,173,333
1526405497.798902913	110	40	48	1	2	0	2	-61	127053	8	0	1596	1478	173,333,173,333
1526405497.810668191	110	40	48	1	2	0	2	-61	127054	8	0	1596	1478	173,333,173,333
1526405497.822324058	110	40	48	1	2	0	2	-61	127055	8	0	1596	1478	173,333,173,333
1526405497.834110145	110	40	48	1	2	0	2	-61	127056	8	0	1596	1478	173,333,173,333
1526405497.845961386	110	40	48	1	2	0	2	-61	127057	8	0	1596	1478	173,333,173,333
1526405497.858001894	110	40	48	1	2	0	2	-61	127059	8	0	1596	1478	173,333,173,333
1526405497.869478703	110	40	48	1	2	0	2	-61	127060	8	0	1596	1478	173,333,173,333
1526405497.881522675	110	40	48	1	2	0	2	-60	127062	8	0	1596	1478	173,333,173,333
1526405497.892795200	110	40	48	1	2	0	2	-61	127063	8	0	1596	1478	173,333,173,333
1526405497.904772938	110	40	48	1	2	0	2	-61	127064	8	0	1596	1478	173,333,173,333
1526405497.916437449	110	40	48	1	2	0	2	-61	127065	8	0	1596	1478	173,333,173,333
1526405497.928161325	110	40	48	1	2	0	2	-61	127066	8	0	1596	1478	173,333,173,333
1526405497.939942489	110	40	48	1	2	0	2	-61	127067	8	0	1596	1478	173,333,173,333
1526405497.951716386	110	40	48	1	2	0	2	-62	127068	8	0	1596	1478	173,333,173,333
1526405497.963555598	110	40	48	1	2	0	2	-61	127069	8	0	1596	1478	173,333,173,333
1526405497.975321280	110	40	48	1	2	0	2	-61	127070	8	0	1596	1478	173,333,173,333
1526405497.987100749	110	40	48	1	2	0	2	-62	127071	8	0	1596	1478	173,333,173,333
1526405497.998746162	110	40	48	1	2	0	2	-61	127072	8	0	1596	1478	173,333,173,333
1526405498.010597564	110	40	48	1	2	0	2	-62	127073	8	0	1596	1478	173,333,173,333
1526405498.022371012	110	40	48	1	2	0	2	-61	127074	8	0	1596	1478	173,333,173,333
1526405498.033999894	110	40	48	1	2	0	2	-61	127075	8	0	1596	1478	173,333,173,333
1526405498.045814177	110	40	48	1	2	0	2	-61	127076	8	0	1596	1478	173,333,173,333
1526405498.057624270	110	40	48	1	2	0	2	-61	127077	8	0	1596	1478	173,333,173,333
1526405498.069334264	110	40	48	1	2	0	2	-61	127078	8	0	1596	1478	173,333,173,333
1526405498.081144939	110	40	48	1	2	0	2	-61	127079	8	0	1596	1478	173,333,173,333
1526405498.092900297	110	40	48	1	2	0	2	-61	127080	8	0	1596	1478	173,333,173,333
1526405498.104685380	110	40	48	1	2	0	2	-60	127081	8	0	1596	1478	173,333,173,333
1526405498.116412370	110	40	48	1	2	0	2	-61	127082	8	0	1596	1478	173,333,173,333
1526405498.128200177	110	40	48	1	2	0	2	-61	127083	8	0	1596	1478	173,333,173,333
1526405498.139821511	110	40	48	1	2	0	2	-61	127084	8	0	1596	1478	173,333,173,333
1526405498.151624380	110	40	48	1	2	0	2	-61	127085	8	0	1596	1478	173,333,173,333
1526405498.163463348	110	40	48	1	2	0	2	-61	127086	8	0	1596	1478	173,333,173,333
1526405498.175241619	110	40	48	1	2	0	2	-60	127087	8	0	1596	1478	173,333,173,333
1526405498.186998412	110	40	48	1	2	0	2	-61	127088	8	0	1596	1478	173,333,173,333
1526405498.198703841	110	40	48	1	2	0	2	-60	127089	8	0	1596	1478	173,333,173,333
1526405498.210520847	110	40	48	1	2	0	2	-60	127090	8	0	1596	1478	173,333,173,333
1526405498.222298566	110	40	48	1	2	0	2	-61	127091	8	0	1596	1478	173,333,173,333
1526405498.234019930	110	40	48	1	2	0	2	-60	127092	8	0	1596	1478	173,333,173,333
1526405498.245785080	110	40	48	1	2	0	2	-61	127093	8	0	1596	1478	173,333,173,333
1526405498.257561197	110	40	48	1	2	0	2	-61	127094	8	0	1596	1478	173,333,173,333
1526405498.269319627	110	40	48	1	2	0	2	-61	127095	8	0	1596	1478	173,333,173,333
1526405498.281069681	110	40	48	1	2	0	2	-61	127096	8	0	1596	1478	173,333,173,333
1526405498.292860628	110	40	48	1	2	0	2	-61	127097	8	0	1596	1478	173,333,173,333
1526405498.304585945	110	40	48	1	2	0	2	-61	127098	8	0	1596	1478	173,333,173,333
1526405498.316765420	110	40	48	1	2	0	2	-60	127100	8	0	1596	1478	173,333,173,333
