1526405440.373589263	158	40	48	0	2	0	2	-45	125295	5	0	1596	1478	104,104
1526405440.373630162	158	40	48	0	2	0	2	-45	125295	5	0	1596	1478	104,104
1526405440.373643338	158	40	48	0	2	0	2	-45	125295	5	0	1596	1478	104,104
1526405440.373650706	158	40	48	0	2	0	2	-45	125295	5	0	1596	1478	104,104
1526405440.373657502	158	40	48	0	2	0	2	-45	125295	5	0	1596	1478	104,104
1526405440.373665403	158	40	48	0	2	0	2	-45	125295	5	0	1596	1478	104,104
1526405440.373672111	158	40	48	0	2	0	2	-45	125295	5	0	1596	1478	104,104
1526405440.373677976	158	40	48	0	2	0	2	-45	125295	5	0	1596	1478	104,104
1526405440.373684293	158	40	48	0	2	0	2	-45	125295	5	0	1596	1478	104,104
1526405440.373689971	158	40	48	0	2	0	2	-45	125295	5	0	1596	1478	104,104
1526405440.373696513	158	40	48	0	2	0	2	-45	125295	5	0	1596	1478	104,104
1526405440.374371252	158	40	48	0	2	0	2	-45	125296	5	0	1596	1478	104,104
1526405440.385598401	158	40	48	0	2	0	2	-45	125297	5	0	1596	1478	104,104
1526405440.397433966	158	40	48	0	2	0	2	-45	125298	5	0	1596	1478	104,104
1526405440.409211480	144	40	48	0	2	0	2	-45	125299	6	0	1596	1478	117,117
1526405440.420946157	144	40	48	0	2	0	2	-45	125300	6	0	1596	1478	117,117
1526405440.432829838	144	40	48	0	2	0	2	-44	125301	6	0	1596	1478	117,117
1526405440.444607543	144	40	48	0	2	0	2	-44	125302	6	0	1596	1478	117,117
1526405440.456356069	144	40	48	0	2	0	2	-44	125303	6	0	1596	1478	117,117
1526405440.468111645	124	40	48	1	2	0	2	-45	125304	7	0	1596	1478	144,444,144,444
1526405440.479857451	124	40	48	1	2	0	2	-44	125305	7	0	1596	1478	144,444,144,444
1526405440.491641433	124	40	48	1	2	0	2	-44	125306	7	0	1596	1478	144,444,144,444
1526405440.503392310	124	40	48	1	2	0	2	-44	125307	7	0	1596	1478	144,444,144,444
1526405440.515136899	124	40	48	1	2	0	2	-44	125308	7	0	1596	1478	144,444,144,444
1526405440.526880161	110	40	48	1	2	0	2	-48	125309	8	0	1596	1478	173,333,173,333
1526405440.538642900	110	40	48	1	2	0	2	-48	125310	8	0	1596	1478	173,333,173,333
1526405440.550412826	110	40	48	1	2	0	2	-48	125311	8	0	1596	1478	173,333,173,333
1526405440.562172845	110	40	48	1	2	0	2	-48	125312	8	0	1596	1478	173,333,173,333
1526405440.573927389	110	40	48	1	2	0	2	-48	125313	8	0	1596	1478	173,333,173,333
1526405440.585692034	110	40	48	1	2	0	2	-48	125314	8	0	1596	1478	173,333,173,333
1526405440.597448461	110	40	48	1	2	0	2	-48	125315	8	0	1596	1478	173,333,173,333
1526405440.609199463	110	40	48	1	2	0	2	-48	125316	8	0	1596	1478	173,333,173,333
1526405440.620817972	110	40	48	1	2	0	2	-48	125317	8	0	1596	1478	173,333,173,333
1526405440.632765808	110	40	48	1	2	0	2	-49	125318	8	0	1596	1478	173,333,173,333
1526405440.644538238	110	40	48	1	2	0	2	-49	125319	8	0	1596	1478	173,333,173,333
1526405440.656290614	110	40	48	1	2	0	2	-49	125320	8	0	1596	1478	173,333,173,333
1526405440.668060153	110	40	48	1	2	0	2	-49	125321	8	0	1596	1478	173,333,173,333
1526405440.679813676	110	40	48	1	2	0	2	-49	125322	8	0	1596	1478	173,333,173,333
1526405440.691579771	110	40	48	1	2	0	2	-49	125323	8	0	1596	1478	173,333,173,333
1526405440.703327019	110	40	48	1	2	0	2	-50	125324	8	0	1596	1478	173,333,173,333
1526405440.715107268	110	40	48	1	2	0	2	-50	125325	8	0	1596	1478	173,333,173,333
1526405440.726855172	110	40	48	1	2	0	2	-50	125326	8	0	1596	1478	173,333,173,333
1526405440.738608427	110	40	48	1	2	0	2	-50	125327	8	0	1596	1478	173,333,173,333
1526405440.750378317	110	40	48	1	2	0	2	-50	125328	8	0	1596	1478	173,333,173,333
1526405440.762131004	110	40	48	1	2	0	2	-50	125329	8	0	1596	1478	173,333,173,333
1526405440.773885475	110	40	48	1	2	0	2	-51	125330	8	0	1596	1478	173,333,173,333
1526405440.785666871	110	40	48	1	2	0	2	-50	125331	8	0	1596	1478	173,333,173,333
1526405440.797413822	110	40	48	1	2	0	2	-49	125332	8	0	1596	1478	173,333,173,333
1526405440.809200058	110	40	48	1	2	0	2	-50	125333	8	0	1596	1478	173,333,173,333
1526405440.820918147	110	40	48	1	2	0	2	-50	125334	8	0	1596	1478	173,333,173,333
1526405440.832894780	110	40	48	1	2	0	2	-49	125335	8	0	1596	1478	173,333,173,333
1526405440.844400556	110	40	48	1	2	0	2	-49	125336	8	0	1596	1478	173,333,173,333
1526405440.856071264	110	40	48	1	2	0	2	-49	125337	8	0	1596	1478	173,333,173,333
1526405440.867809084	110	40	48	1	2	0	2	-48	125338	8	0	1596	1478	173,333,173,333
1526405440.880241916	110	40	48	1	2	0	2	-48	125339	8	0	1596	1478	173,333,173,333
1526405440.891368798	110	40	48	1	2	0	2	-48	125340	8	0	1596	1478	173,333,173,333
1526405440.903231977	110	40	48	1	2	0	2	-48	125341	8	0	1596	1478	173,333,173,333
1526405440.915014052	110	40	48	1	2	0	2	-48	125342	8	0	1596	1478	173,333,173,333
1526405440.926658344	110	40	48	1	2	0	2	-48	125343	8	0	1596	1478	173,333,173,333
1526405440.938395358	110	40	48	1	2	0	2	-48	125344	8	0	1596	1478	173,333,173,333
1526405440.950194368	110	40	48	1	2	0	2	-48	125345	8	0	1596	1478	173,333,173,333
1526405440.962002613	110	40	48	1	2	0	2	-49	125346	8	0	1596	1478	173,333,173,333
1526405440.973785471	110	40	48	1	2	0	2	-48	125347	8	0	1596	1478	173,333,173,333
1526405440.985533904	110	40	48	1	2	0	2	-48	125348	8	0	1596	1478	173,333,173,333
1526405440.997116972	110	40	48	1	2	0	2	-48	125349	8	0	1596	1478	173,333,173,333
1526405441.008895886	110	40	48	1	2	0	2	-48	125350	8	0	1596	1478	173,333,173,333
1526405441.020795648	110	40	48	1	2	0	2	-48	125351	8	0	1596	1478	173,333,173,333
1526405441.032436599	110	40	48	1	2	0	2	-49	125352	8	0	1596	1478	173,333,173,333
1526405441.044211886	110	40	48	1	2	0	2	-49	125353	8	0	1596	1478	173,333,173,333
1526405441.055997823	110	40	48	1	2	0	2	-49	125354	8	0	1596	1478	173,333,173,333
1526405441.067768247	110	40	48	1	2	0	2	-49	125355	8	0	1596	1478	173,333,173,333
1526405441.079600092	110	40	48	1	2	0	2	-49	125356	8	0	1596	1478	173,333,173,333
1526405441.091374520	110	40	48	1	2	0	2	-49	125357	8	0	1596	1478	173,333,173,333
1526405441.103153729	110	40	48	1	2	0	2	-49	125358	8	0	1596	1478	173,333,173,333
1526405441.114872563	110	40	48	1	2	0	2	-50	125359	8	0	1596	1478	173,333,173,333
1526405441.126635411	110	40	48	1	2	0	2	-49	125360	8	0	1596	1478	173,333,173,333
1526405441.138401703	110	40	48	1	2	0	2	-49	125361	8	0	1596	1478	173,333,173,333
1526405441.150170679	110	40	48	1	2	0	2	-49	125362	8	0	1596	1478	173,333,173,333
1526405441.161872076	110	40	48	1	2	0	2	-49	125363	8	0	1596	1478	173,333,173,333
1526405441.173680368	110	40	48	1	2	0	2	-50	125364	8	0	1596	1478	173,333,173,333
1526405441.185459254	110	40	48	1	2	0	2	-50	125365	8	0	1596	1478	173,333,173,333
1526405441.197205602	110	40	48	1	2	0	2	-50	125366	8	0	1596	1478	173,333,173,333
1526405441.208912493	110	40	48	1	2	0	2	-50	125367	8	0	1596	1478	173,333,173,333
1526405441.220727750	110	40	48	1	2	0	2	-50	125368	8	0	1596	1478	173,333,173,333
1526405441.232490666	110	40	48	1	2	0	2	-50	125369	8	0	1596	1478	173,333,173,333
1526405441.244272318	110	40	48	1	2	0	2	-50	125370	8	0	1596	1478	173,333,173,333
1526405441.256011443	110	40	48	1	2	0	2	-50	125371	8	0	1596	1478	173,333,173,333
1526405441.267766350	110	40	48	1	2	0	2	-50	125372	8	0	1596	1478	173,333,173,333
1526405441.279543858	110	40	48	1	2	0	2	-51	125373	8	0	1596	1478	173,333,173,333
1526405441.291281246	110	40	48	1	2	0	2	-50	125374	8	0	1596	1478	173,333,173,333
1526405441.302977003	110	40	48	1	2	0	2	-51	125375	8	0	1596	1478	173,333,173,333
1526405441.314814611	110	40	48	1	2	0	2	-50	125376	8	0	1596	1478	173,333,173,333
1526405441.326576836	110	40	48	1	2	0	2	-50	125377	8	0	1596	1478	173,333,173,333
1526405441.338332681	110	40	48	1	2	0	2	-50	125378	8	0	1596	1478	173,333,173,333
1526405441.350093148	110	40	48	1	2	0	2	-50	125379	8	0	1596	1478	173,333,173,333
1526405441.361743523	110	40	48	1	2	0	2	-50	125380	8	0	1596	1478	173,333,173,333
1526405441.373617434	110	40	48	1	2	0	2	-50	125381	8	0	1596	1478	173,333,173,333
1526405441.385373637	110	40	48	1	2	0	2	-50	125382	8	0	1596	1478	173,333,173,333
1526405441.397130591	110	40	48	1	2	0	2	-50	125383	8	0	1596	1478	173,333,173,333
1526405441.408881666	110	40	48	1	2	0	2	-50	125384	8	0	1596	1478	173,333,173,333
1526405441.420656079	110	40	48	1	2	0	2	-50	125385	8	0	1596	1478	173,333,173,333
1526405441.432397937	110	40	48	1	2	0	2	-50	125386	8	0	1596	1478	173,333,173,333
1526405441.444091542	110	40	48	1	2	0	2	-50	125387	8	0	1596	1478	173,333,173,333
1526405441.455855665	110	40	48	1	2	0	2	-50	125388	8	0	1596	1478	173,333,173,333
1526405441.467698184	110	40	48	1	2	0	2	-51	125389	8	0	1596	1478	173,333,173,333
1526405441.479460574	110	40	48	1	2	0	2	-51	125390	8	0	1596	1478	173,333,173,333
1526405441.491204299	110	40	48	1	2	0	2	-51	125391	8	0	1596	1478	173,333,173,333
1526405441.502864161	110	40	48	1	2	0	2	-51	125392	8	0	1596	1478	173,333,173,333
1526405441.514596507	110	40	48	1	2	0	2	-50	125393	8	0	1596	1478	173,333,173,333
1526405441.526442969	110	40	48	1	2	0	2	-50	125394	8	0	1596	1478	173,333,173,333
1526405441.538142725	110	40	48	1	2	0	2	-50	125395	8	0	1596	1478	173,333,173,333
1526405441.549997061	110	40	48	1	2	0	2	-50	125396	8	0	1596	1478	173,333,173,333
1526405441.561749891	110	40	48	1	2	0	2	-50	125397	8	0	1596	1478	173,333,173,333
1526405441.573514237	110	40	48	1	2	0	2	-50	125398	8	0	1596	1478	173,333,173,333
1526405441.585289207	110	40	48	1	2	0	2	-50	125399	8	0	1596	1478	173,333,173,333
1526405441.597455296	110	40	48	1	2	0	2	-50	125400	8	0	1596	1478	173,333,173,333
1526405441.608808524	110	40	48	1	2	0	2	-50	125401	8	0	1596	1478	173,333,173,333
1526405441.620456692	110	40	48	1	2	0	2	-50	125402	8	0	1596	1478	173,333,173,333
1526405441.632311807	110	40	48	1	2	0	2	-50	125403	8	0	1596	1478	173,333,173,333
1526405441.644097074	110	40	48	1	2	0	2	-49	125404	8	0	1596	1478	173,333,173,333
1526405441.655721820	110	40	48	1	2	0	2	-50	125405	8	0	1596	1478	173,333,173,333
1526405441.667513019	110	40	48	1	2	0	2	-49	125406	8	0	1596	1478	173,333,173,333
1526405441.679354189	110	40	48	1	2	0	2	-50	125407	8	0	1596	1478	173,333,173,333
1526405441.691103229	110	40	48	1	2	0	2	-49	125408	8	0	1596	1478	173,333,173,333
1526405441.702893128	110	40	48	1	2	0	2	-50	125409	8	0	1596	1478	173,333,173,333
1526405441.714639712	110	40	48	1	2	0	2	-49	125410	8	0	1596	1478	173,333,173,333
1526405441.726406331	110	40	48	1	2	0	2	-50	125411	8	0	1596	1478	173,333,173,333
1526405441.738094408	110	40	48	1	2	0	2	-50	125412	8	0	1596	1478	173,333,173,333
1526405441.749861795	110	40	48	1	2	0	2	-50	125413	8	0	1596	1478	173,333,173,333
1526405441.761687594	110	40	48	1	2	0	2	-50	125414	8	0	1596	1478	173,333,173,333
1526405441.773450886	110	40	48	1	2	0	2	-50	125415	8	0	1596	1478	173,333,173,333
1526405441.785218043	110	40	48	1	2	0	2	-49	125416	8	0	1596	1478	173,333,173,333
1526405441.796980675	110	40	48	1	2	0	2	-50	125417	8	0	1596	1478	173,333,173,333
1526405441.808745266	110	40	48	1	2	0	2	-50	125418	8	0	1596	1478	173,333,173,333
1526405441.820476053	110	40	48	1	2	0	2	-50	125419	8	0	1596	1478	173,333,173,333
1526405441.832163809	110	40	48	1	2	0	2	-50	125420	8	0	1596	1478	173,333,173,333
1526405441.844019466	110	40	48	1	2	0	2	-50	125421	8	0	1596	1478	173,333,173,333
1526405441.855786362	110	40	48	1	2	0	2	-50	125422	8	0	1596	1478	173,333,173,333
1526405441.867540135	110	40	48	1	2	0	2	-50	125423	8	0	1596	1478	173,333,173,333
1526405441.879284640	110	40	48	1	2	0	2	-50	125424	8	0	1596	1478	173,333,173,333
1526405441.890970010	110	40	48	1	2	0	2	-49	125425	8	0	1596	1478	173,333,173,333
1526405441.902823288	110	40	48	1	2	0	2	-49	125426	8	0	1596	1478	173,333,173,333
1526405441.914452234	110	40	48	1	2	0	2	-50	125427	8	0	1596	1478	173,333,173,333
1526405441.926342586	110	40	48	1	2	0	2	-49	125428	8	0	1596	1478	173,333,173,333
1526405441.938027256	110	40	48	1	2	0	2	-50	125429	8	0	1596	1478	173,333,173,333
1526405441.949784619	110	40	48	1	2	0	2	-49	125430	8	0	1596	1478	173,333,173,333
1526405441.961606941	110	40	48	1	2	0	2	-50	125431	8	0	1596	1478	173,333,173,333
1526405441.973297177	110	40	48	1	2	0	2	-50	125432	8	0	1596	1478	173,333,173,333
1526405441.985074467	110	40	48	1	2	0	2	-50	125433	8	0	1596	1478	173,333,173,333
1526405441.996907882	110	40	48	1	2	0	2	-50	125434	8	0	1596	1478	173,333,173,333
1526405442.008572175	110	40	48	1	2	0	2	-50	125435	8	0	1596	1478	173,333,173,333
1526405442.020105480	110	40	48	1	2	0	2	-49	125436	8	0	1596	1478	173,333,173,333
1526405442.031945409	110	40	48	1	2	0	2	-50	125437	8	0	1596	1478	173,333,173,333
1526405442.043857780	110	40	48	1	2	0	2	-50	125438	8	0	1596	1478	173,333,173,333
1526405442.055690553	110	40	48	1	2	0	2	-50	125439	8	0	1596	1478	173,333,173,333
1526405442.067438063	110	40	48	1	2	0	2	-50	125440	8	0	1596	1478	173,333,173,333
1526405442.079208360	110	40	48	1	2	0	2	-50	125441	8	0	1596	1478	173,333,173,333
1526405442.090962548	110	40	48	1	2	0	2	-49	125442	8	0	1596	1478	173,333,173,333
1526405442.102770602	110	40	48	1	2	0	2	-50	125443	8	0	1596	1478	173,333,173,333
1526405442.114490923	110	40	48	1	2	0	2	-50	125444	8	0	1596	1478	173,333,173,333
1526405442.126250044	110	40	48	1	2	0	2	-50	125445	8	0	1596	1478	173,333,173,333
1526405442.138011147	110	40	48	1	2	0	2	-50	125446	8	0	1596	1478	173,333,173,333
1526405442.149768197	110	40	48	1	2	0	2	-49	125447	8	0	1596	1478	173,333,173,333
1526405442.161533715	110	40	48	1	2	0	2	-49	125448	8	0	1596	1478	173,333,173,333
1526405442.173286872	110	40	48	1	2	0	2	-49	125449	8	0	1596	1478	173,333,173,333
1526405442.185056920	110	40	48	1	2	0	2	-49	125450	8	0	1596	1478	173,333,173,333
1526405442.196780896	110	40	48	1	2	0	2	-50	125451	8	0	1596	1478	173,333,173,333
1526405442.208508789	110	40	48	1	2	0	2	-49	125452	8	0	1596	1478	173,333,173,333
1526405442.220337975	110	40	48	1	2	0	2	-49	125453	8	0	1596	1478	173,333,173,333
1526405442.232100789	110	40	48	1	2	0	2	-49	125454	8	0	1596	1478	173,333,173,333
1526405442.243855752	110	40	48	1	2	0	2	-49	125455	8	0	1596	1478	173,333,173,333
1526405442.255557468	110	40	48	1	2	0	2	-49	125456	8	0	1596	1478	173,333,173,333
1526405442.267362174	110	40	48	1	2	0	2	-49	125457	8	0	1596	1478	173,333,173,333
1526405442.279144735	110	40	48	1	2	0	2	-49	125458	8	0	1596	1478	173,333,173,333
1526405442.290900254	110	40	48	1	2	0	2	-49	125459	8	0	1596	1478	173,333,173,333
1526405442.302656773	110	40	48	1	2	0	2	-49	125460	8	0	1596	1478	173,333,173,333
1526405442.314418912	110	40	48	1	2	0	2	-49	125461	8	0	1596	1478	173,333,173,333
1526405442.326171619	110	40	48	1	2	0	2	-49	125462	8	0	1596	1478	173,333,173,333
1526405442.337942459	110	40	48	1	2	0	2	-49	125463	8	0	1596	1478	173,333,173,333
1526405442.349672627	110	40	48	1	2	0	2	-48	125464	8	0	1596	1478	173,333,173,333
1526405442.361452723	110	40	48	1	2	0	2	-48	125465	8	0	1596	1478	173,333,173,333
1526405442.373233712	110	40	48	1	2	0	2	-48	125466	8	0	1596	1478	173,333,173,333
1526405442.384969403	110	40	48	1	2	0	2	-48	125467	8	0	1596	1478	173,333,173,333
1526405442.396727513	110	40	48	1	2	0	2	-48	125468	8	0	1596	1478	173,333,173,333
1526405442.408485340	110	40	48	1	2	0	2	-48	125469	8	0	1596	1478	173,333,173,333
1526405442.420244048	110	40	48	1	2	0	2	-48	125470	8	0	1596	1478	173,333,173,333
1526405442.432022860	110	40	48	1	2	0	2	-48	125471	8	0	1596	1478	173,333,173,333
1526405442.443764613	110	40	48	1	2	0	2	-48	125472	8	0	1596	1478	173,333,173,333
1526405442.455539426	110	40	48	1	2	0	2	-48	125473	8	0	1596	1478	173,333,173,333
1526405442.467323685	110	40	48	1	2	0	2	-48	125474	8	0	1596	1478	173,333,173,333
1526405442.478980082	110	40	48	1	2	0	2	-48	125475	8	0	1596	1478	173,333,173,333
1526405442.490790259	110	40	48	1	2	0	2	-49	125476	8	0	1596	1478	173,333,173,333
1526405442.502565901	110	40	48	1	2	0	2	-48	125477	8	0	1596	1478	173,333,173,333
1526405442.514315846	110	40	48	1	2	0	2	-49	125478	8	0	1596	1478	173,333,173,333
1526405442.525943348	110	40	48	1	2	0	2	-48	125479	8	0	1596	1478	173,333,173,333
1526405442.537696335	110	40	48	1	2	0	2	-49	125480	8	0	1596	1478	173,333,173,333
1526405442.549613174	110	40	48	1	2	0	2	-49	125481	8	0	1596	1478	173,333,173,333
1526405442.561267128	110	40	48	1	2	0	2	-48	125482	8	0	1596	1478	173,333,173,333
1526405442.573129186	110	40	48	1	2	0	2	-48	125483	8	0	1596	1478	173,333,173,333
1526405442.584879088	110	40	48	1	2	0	2	-48	125484	8	0	1596	1478	173,333,173,333
1526405442.596636084	110	40	48	1	2	0	2	-48	125485	8	0	1596	1478	173,333,173,333
1526405442.608412821	110	40	48	1	2	0	2	-48	125486	8	0	1596	1478	173,333,173,333
1526405442.620188691	110	40	48	1	2	0	2	-48	125487	8	0	1596	1478	173,333,173,333
1526405442.631928402	110	40	48	1	2	0	2	-48	125488	8	0	1596	1478	173,333,173,333
1526405442.643697629	110	40	48	1	2	0	2	-48	125489	8	0	1596	1478	173,333,173,333
1526405442.655444732	110	40	48	1	2	0	2	-48	125490	8	0	1596	1478	173,333,173,333
1526405442.667234727	110	40	48	1	2	0	2	-48	125491	8	0	1596	1478	173,333,173,333
1526405442.678961236	110	40	48	1	2	0	2	-48	125492	8	0	1596	1478	173,333,173,333
1526405442.690670058	110	40	48	1	2	0	2	-47	125493	8	0	1596	1478	173,333,173,333
1526405442.702449463	110	40	48	1	2	0	2	-48	125494	8	0	1596	1478	173,333,173,333
1526405442.714254772	110	40	48	1	2	0	2	-47	125495	8	0	1596	1478	173,333,173,333
1526405442.726014579	110	40	48	1	2	0	2	-47	125496	8	0	1596	1478	173,333,173,333
1526405442.737759858	110	40	48	1	2	0	2	-48	125497	8	0	1596	1478	173,333,173,333
1526405442.749528780	110	40	48	1	2	0	2	-48	125498	8	0	1596	1478	173,333,173,333
1526405442.761299412	110	40	48	1	2	0	2	-48	125499	8	0	1596	1478	173,333,173,333
1526405442.773044270	110	40	48	1	2	0	2	-48	125500	8	0	1596	1478	173,333,173,333
1526405442.784812466	110	40	48	1	2	0	2	-48	125501	8	0	1596	1478	173,333,173,333
1526405442.796566987	110	40	48	1	2	0	2	-48	125502	8	0	1596	1478	173,333,173,333
1526405442.808252414	110	40	48	1	2	0	2	-48	125503	8	0	1596	1478	173,333,173,333
1526405442.820094117	110	40	48	1	2	0	2	-48	125504	8	0	1596	1478	173,333,173,333
1526405442.831859430	110	40	48	1	2	0	2	-48	125505	8	0	1596	1478	173,333,173,333
1526405442.843627917	110	40	48	1	2	0	2	-49	125506	8	0	1596	1478	173,333,173,333
1526405442.855362787	110	40	48	1	2	0	2	-49	125507	8	0	1596	1478	173,333,173,333
1526405442.867148121	110	40	48	1	2	0	2	-48	125508	8	0	1596	1478	173,333,173,333
1526405442.878898644	110	40	48	1	2	0	2	-48	125509	8	0	1596	1478	173,333,173,333
1526405442.890644712	110	40	48	1	2	0	2	-48	125510	8	0	1596	1478	173,333,173,333
1526405442.902425316	110	40	48	1	2	0	2	-48	125511	8	0	1596	1478	173,333,173,333
1526405442.914189737	110	40	48	1	2	0	2	-48	125512	8	0	1596	1478	173,333,173,333
1526405442.925940913	110	40	48	1	2	0	2	-49	125513	8	0	1596	1478	173,333,173,333
1526405442.937586033	110	40	48	1	2	0	2	-48	125514	8	0	1596	1478	173,333,173,333
1526405442.949370661	110	40	48	1	2	0	2	-48	125515	8	0	1596	1478	173,333,173,333
1526405442.961203278	110	40	48	1	2	0	2	-49	125516	8	0	1596	1478	173,333,173,333
1526405442.972968440	110	40	48	1	2	0	2	-49	125517	8	0	1596	1478	173,333,173,333
1526405442.984630187	110	40	48	1	2	0	2	-49	125518	8	0	1596	1478	173,333,173,333
1526405442.996404335	110	40	48	1	2	0	2	-49	125519	8	0	1596	1478	173,333,173,333
1526405443.008140902	110	40	48	1	2	0	2	-49	125520	8	0	1596	1478	173,333,173,333
1526405443.019911998	110	40	48	1	2	0	2	-49	125521	8	0	1596	1478	173,333,173,333
1526405443.031685443	110	40	48	1	2	0	2	-49	125522	8	0	1596	1478	173,333,173,333
1526405443.043433638	110	40	48	1	2	0	2	-49	125523	8	0	1596	1478	173,333,173,333
1526405443.055301184	110	40	48	1	2	0	2	-49	125524	8	0	1596	1478	173,333,173,333
1526405443.067035635	110	40	48	1	2	0	2	-49	125525	8	0	1596	1478	173,333,173,333
1526405443.078788367	110	40	48	1	2	0	2	-49	125526	8	0	1596	1478	173,333,173,333
1526405443.090569130	110	40	48	1	2	0	2	-49	125527	8	0	1596	1478	173,333,173,333
1526405443.102340604	110	40	48	1	2	0	2	-49	125528	8	0	1596	1478	173,333,173,333
1526405443.114101959	110	40	48	1	2	0	2	-49	125529	8	0	1596	1478	173,333,173,333
1526405443.125837890	110	40	48	1	2	0	2	-49	125530	8	0	1596	1478	173,333,173,333
1526405443.137514608	110	40	48	1	2	0	2	-49	125531	8	0	1596	1478	173,333,173,333
1526405443.149279532	110	40	48	1	2	0	2	-49	125532	8	0	1596	1478	173,333,173,333
1526405443.161032351	110	40	48	1	2	0	2	-49	125533	8	0	1596	1478	173,333,173,333
1526405443.172862890	110	40	48	1	2	0	2	-49	125534	8	0	1596	1478	173,333,173,333
1526405443.184655203	110	40	48	1	2	0	2	-49	125535	8	0	1596	1478	173,333,173,333
1526405443.196419859	110	40	48	1	2	0	2	-49	125536	8	0	1596	1478	173,333,173,333
1526405443.208159579	110	40	48	1	2	0	2	-49	125537	8	0	1596	1478	173,333,173,333
1526405443.219937767	110	40	48	1	2	0	2	-49	125538	8	0	1596	1478	173,333,173,333
1526405443.231696600	110	40	48	1	2	0	2	-49	125539	8	0	1596	1478	173,333,173,333
1526405443.243464338	110	40	48	1	2	0	2	-49	125540	8	0	1596	1478	173,333,173,333
1526405443.255215961	110	40	48	1	2	0	2	-49	125541	8	0	1596	1478	173,333,173,333
1526405443.266988449	110	40	48	1	2	0	2	-49	125542	8	0	1596	1478	173,333,173,333
1526405443.278654302	110	40	48	1	2	0	2	-49	125543	8	0	1596	1478	173,333,173,333
1526405443.290517978	110	40	48	1	2	0	2	-49	125544	8	0	1596	1478	173,333,173,333
1526405443.302298964	110	40	48	1	2	0	2	-49	125545	8	0	1596	1478	173,333,173,333
1526405443.314018715	110	40	48	1	2	0	2	-50	125546	8	0	1596	1478	173,333,173,333
1526405443.325764092	110	40	48	1	2	0	2	-49	125547	8	0	1596	1478	173,333,173,333
1526405443.337880628	110	40	48	1	2	0	2	-50	125548	8	0	1596	1478	173,333,173,333
1526405443.349299800	110	40	48	1	2	0	2	-49	125549	8	0	1596	1478	173,333,173,333
1526405443.361044505	110	40	48	1	2	0	2	-49	125550	8	0	1596	1478	173,333,173,333
1526405443.372810170	110	40	48	1	2	0	2	-49	125551	8	0	1596	1478	173,333,173,333
1526405443.384562269	110	40	48	1	2	0	2	-49	125552	8	0	1596	1478	173,333,173,333
1526405443.396331764	110	40	48	1	2	0	2	-49	125553	8	0	1596	1478	173,333,173,333
1526405443.408089542	110	40	48	1	2	0	2	-49	125554	8	0	1596	1478	173,333,173,333
1526405443.419854158	110	40	48	1	2	0	2	-49	125555	8	0	1596	1478	173,333,173,333
1526405443.431538954	110	40	48	1	2	0	2	-49	125556	8	0	1596	1478	173,333,173,333
1526405443.443379890	110	40	48	1	2	0	2	-49	125557	8	0	1596	1478	173,333,173,333
1526405443.455129416	110	40	48	1	2	0	2	-49	125558	8	0	1596	1478	173,333,173,333
1526405443.466915803	110	40	48	1	2	0	2	-50	125559	8	0	1596	1478	173,333,173,333
1526405443.478653695	110	40	48	1	2	0	2	-49	125560	8	0	1596	1478	173,333,173,333
1526405443.490386353	110	40	48	1	2	0	2	-49	125561	8	0	1596	1478	173,333,173,333
1526405443.502191845	110	40	48	1	2	0	2	-49	125562	8	0	1596	1478	173,333,173,333
1526405443.513952753	110	40	48	1	2	0	2	-49	125563	8	0	1596	1478	173,333,173,333
1526405443.525712191	110	40	48	1	2	0	2	-49	125564	8	0	1596	1478	173,333,173,333
1526405443.537448734	110	40	48	1	2	0	2	-49	125565	8	0	1596	1478	173,333,173,333
1526405443.549126580	110	40	48	1	2	0	2	-49	125566	8	0	1596	1478	173,333,173,333
1526405443.560857449	110	40	48	1	2	0	2	-49	125567	8	0	1596	1478	173,333,173,333
1526405443.572716175	110	40	48	1	2	0	2	-49	125568	8	0	1596	1478	173,333,173,333
1526405443.584417104	110	40	48	1	2	0	2	-49	125569	8	0	1596	1478	173,333,173,333
1526405443.596241046	110	40	48	1	2	0	2	-49	125570	8	0	1596	1478	173,333,173,333
1526405443.607991834	110	40	48	1	2	0	2	-49	125571	8	0	1596	1478	173,333,173,333
1526405443.619755099	110	40	48	1	2	0	2	-49	125572	8	0	1596	1478	173,333,173,333
1526405443.631404928	110	40	48	1	2	0	2	-49	125573	8	0	1596	1478	173,333,173,333
1526405443.643149348	110	40	48	1	2	0	2	-49	125574	8	0	1596	1478	173,333,173,333
1526405443.655043505	110	40	48	1	2	0	2	-49	125575	8	0	1596	1478	173,333,173,333
1526405443.666803031	110	40	48	1	2	0	2	-49	125576	8	0	1596	1478	173,333,173,333
1526405443.678570403	110	40	48	1	2	0	2	-49	125577	8	0	1596	1478	173,333,173,333
1526405443.690327310	110	40	48	1	2	0	2	-49	125578	8	0	1596	1478	173,333,173,333
1526405443.702105237	110	40	48	1	2	0	2	-49	125579	8	0	1596	1478	173,333,173,333
1526405443.713862031	110	40	48	1	2	0	2	-49	125580	8	0	1596	1478	173,333,173,333
1526405443.725608985	110	40	48	1	2	0	2	-49	125581	8	0	1596	1478	173,333,173,333
1526405443.737315746	110	40	48	1	2	0	2	-49	125582	8	0	1596	1478	173,333,173,333
1526405443.749129374	110	40	48	1	2	0	2	-49	125583	8	0	1596	1478	173,333,173,333
1526405443.760879499	110	40	48	1	2	0	2	-49	125584	8	0	1596	1478	173,333,173,333
1526405443.772643527	110	40	48	1	2	0	2	-49	125585	8	0	1596	1478	173,333,173,333
1526405443.784430366	110	40	48	1	2	0	2	-49	125586	8	0	1596	1478	173,333,173,333
1526405443.796170254	110	40	48	1	2	0	2	-49	125587	8	0	1596	1478	173,333,173,333
1526405443.807917190	110	40	48	1	2	0	2	-49	125588	8	0	1596	1478	173,333,173,333
1526405443.819678007	110	40	48	1	2	0	2	-49	125589	8	0	1596	1478	173,333,173,333
1526405443.831462597	110	40	48	1	2	0	2	-49	125590	8	0	1596	1478	173,333,173,333
1526405443.843221465	110	40	48	1	2	0	2	-49	125591	8	0	1596	1478	173,333,173,333
1526405443.854957626	110	40	48	1	2	0	2	-49	125592	8	0	1596	1478	173,333,173,333
1526405443.866718010	110	40	48	1	2	0	2	-49	125593	8	0	1596	1478	173,333,173,333
1526405443.878488049	110	40	48	1	2	0	2	-49	125594	8	0	1596	1478	173,333,173,333
1526405443.890181457	110	40	48	1	2	0	2	-49	125595	8	0	1596	1478	173,333,173,333
1526405443.902054572	110	40	48	1	2	0	2	-49	125596	8	0	1596	1478	173,333,173,333
1526405443.913814247	110	40	48	1	2	0	2	-49	125597	8	0	1596	1478	173,333,173,333
1526405443.925453974	110	40	48	1	2	0	2	-49	125598	8	0	1596	1478	173,333,173,333
1526405443.937202677	110	40	48	1	2	0	2	-49	125599	8	0	1596	1478	173,333,173,333
1526405443.949023832	110	40	48	1	2	0	2	-49	125600	8	0	1596	1478	173,333,173,333
1526405443.960693932	110	40	48	1	2	0	2	-50	125601	8	0	1596	1478	173,333,173,333
1526405443.972469377	110	40	48	1	2	0	2	-50	125602	8	0	1596	1478	173,333,173,333
1526405443.984224356	110	40	48	1	2	0	2	-50	125603	8	0	1596	1478	173,333,173,333
1526405443.995993322	110	40	48	1	2	0	2	-50	125604	8	0	1596	1478	173,333,173,333
1526405444.007737053	110	40	48	1	2	0	2	-50	125605	8	0	1596	1478	173,333,173,333
1526405444.019441452	110	40	48	1	2	0	2	-50	125606	8	0	1596	1478	173,333,173,333
1526405444.031269274	110	40	48	1	2	0	2	-50	125607	8	0	1596	1478	173,333,173,333
1526405444.043177198	110	40	48	1	2	0	2	-50	125608	8	0	1596	1478	173,333,173,333
1526405444.055090614	110	40	48	1	2	0	2	-50	125609	8	0	1596	1478	173,333,173,333
1526405444.066578364	110	40	48	1	2	0	2	-50	125610	8	0	1596	1478	173,333,173,333
1526405444.078401558	110	40	48	1	2	0	2	-50	125611	8	0	1596	1478	173,333,173,333
1526405444.090076696	110	40	48	1	2	0	2	-50	125612	8	0	1596	1478	173,333,173,333
1526405444.101826472	110	40	48	1	2	0	2	-50	125613	8	0	1596	1478	173,333,173,333
1526405444.113709578	110	40	48	1	2	0	2	-50	125614	8	0	1596	1478	173,333,173,333
1526405444.125458539	110	40	48	1	2	0	2	-50	125615	8	0	1596	1478	173,333,173,333
1526405444.137090881	110	40	48	1	2	0	2	-49	125616	8	0	1596	1478	173,333,173,333
1526405444.148967854	110	40	48	1	2	0	2	-50	125617	8	0	1596	1478	173,333,173,333
1526405444.160573493	110	40	48	1	2	0	2	-50	125618	8	0	1596	1478	173,333,173,333
1526405444.172478259	110	40	48	1	2	0	2	-49	125619	8	0	1596	1478	173,333,173,333
1526405444.184258988	110	40	48	1	2	0	2	-49	125620	8	0	1596	1478	173,333,173,333
1526405444.195936609	110	40	48	1	2	0	2	-49	125621	8	0	1596	1478	173,333,173,333
1526405444.207809530	110	40	48	1	2	0	2	-49	125622	8	0	1596	1478	173,333,173,333
1526405444.219530637	110	40	48	1	2	0	2	-49	125623	8	0	1596	1478	173,333,173,333
1526405444.231295472	110	40	48	1	2	0	2	-49	125624	8	0	1596	1478	173,333,173,333
1526405444.243046993	110	40	48	1	2	0	2	-49	125625	8	0	1596	1478	173,333,173,333
1526405444.254807379	110	40	48	1	2	0	2	-49	125626	8	0	1596	1478	173,333,173,333
1526405444.266562884	110	40	48	1	2	0	2	-49	125627	8	0	1596	1478	173,333,173,333
1526405444.278326374	110	40	48	1	2	0	2	-49	125628	8	0	1596	1478	173,333,173,333
1526405444.290112177	110	40	48	1	2	0	2	-49	125629	8	0	1596	1478	173,333,173,333
1526405444.301864306	110	40	48	1	2	0	2	-49	125630	8	0	1596	1478	173,333,173,333
1526405444.313513969	110	40	48	1	2	0	2	-49	125631	8	0	1596	1478	173,333,173,333
1526405444.325368523	110	40	48	1	2	0	2	-49	125632	8	0	1596	1478	173,333,173,333
1526405444.337139893	110	40	48	1	2	0	2	-49	125633	8	0	1596	1478	173,333,173,333
1526405444.348810344	110	40	48	1	2	0	2	-49	125634	8	0	1596	1478	173,333,173,333
1526405444.360660506	110	40	48	1	2	0	2	-49	125635	8	0	1596	1478	173,333,173,333
1526405444.372428747	110	40	48	1	2	0	2	-49	125636	8	0	1596	1478	173,333,173,333
1526405444.384179942	110	40	48	1	2	0	2	-49	125637	8	0	1596	1478	173,333,173,333
1526405444.395920739	110	40	48	1	2	0	2	-49	125638	8	0	1596	1478	173,333,173,333
1526405444.407706451	110	40	48	1	2	0	2	-49	125639	8	0	1596	1478	173,333,173,333
1526405444.419462456	110	40	48	1	2	0	2	-49	125640	8	0	1596	1478	173,333,173,333
1526405444.431217732	110	40	48	1	2	0	2	-49	125641	8	0	1596	1478	173,333,173,333
1526405444.442974949	110	40	48	1	2	0	2	-49	125642	8	0	1596	1478	173,333,173,333
1526405444.454626704	110	40	48	1	2	0	2	-49	125643	8	0	1596	1478	173,333,173,333
1526405444.466482872	110	40	48	1	2	0	2	-49	125644	8	0	1596	1478	173,333,173,333
1526405444.478117051	110	40	48	1	2	0	2	-49	125645	8	0	1596	1478	173,333,173,333
1526405444.490012244	110	40	48	1	2	0	2	-49	125646	8	0	1596	1478	173,333,173,333
1526405444.501696230	110	40	48	1	2	0	2	-49	125647	8	0	1596	1478	173,333,173,333
1526405444.513561379	110	40	48	1	2	0	2	-49	125648	8	0	1596	1478	173,333,173,333
1526405444.525304172	110	40	48	1	2	0	2	-49	125649	8	0	1596	1478	173,333,173,333
1526405444.537046668	110	40	48	1	2	0	2	-49	125650	8	0	1596	1478	173,333,173,333
1526405444.548782851	110	40	48	1	2	0	2	-49	125651	8	0	1596	1478	173,333,173,333
1526405444.560558927	110	40	48	1	2	0	2	-49	125652	8	0	1596	1478	173,333,173,333
1526405444.572158691	110	40	48	1	2	0	2	-49	125653	8	0	1596	1478	173,333,173,333
1526405444.583934216	110	40	48	1	2	0	2	-49	125654	8	0	1596	1478	173,333,173,333
1526405444.595849629	110	40	48	1	2	0	2	-49	125655	8	0	1596	1478	173,333,173,333
1526405444.607601318	110	40	48	1	2	0	2	-49	125656	8	0	1596	1478	173,333,173,333
1526405444.619275006	110	40	48	1	2	0	2	-49	125657	8	0	1596	1478	173,333,173,333
1526405444.631004735	110	40	48	1	2	0	2	-49	125658	8	0	1596	1478	173,333,173,333
1526405444.642734322	110	40	48	1	2	0	2	-49	125659	8	0	1596	1478	173,333,173,333
1526405444.654565693	110	40	48	1	2	0	2	-50	125660	8	0	1596	1478	173,333,173,333
1526405444.666411558	110	40	48	1	2	0	2	-50	125661	8	0	1596	1478	173,333,173,333
1526405444.678162144	110	40	48	1	2	0	2	-49	125662	8	0	1596	1478	173,333,173,333
1526405444.689938525	110	40	48	1	2	0	2	-50	125663	8	0	1596	1478	173,333,173,333
1526405444.701707488	110	40	48	1	2	0	2	-50	125664	8	0	1596	1478	173,333,173,333
1526405444.713458894	110	40	48	1	2	0	2	-50	125665	8	0	1596	1478	173,333,173,333
1526405444.725211516	110	40	48	1	2	0	2	-50	125666	8	0	1596	1478	173,333,173,333
1526405444.736975283	110	40	48	1	2	0	2	-50	125667	8	0	1596	1478	173,333,173,333
1526405444.748728105	110	40	48	1	2	0	2	-50	125668	8	0	1596	1478	173,333,173,333
1526405444.760480058	110	40	48	1	2	0	2	-50	125669	8	0	1596	1478	173,333,173,333
1526405444.772250697	110	40	48	1	2	0	2	-50	125670	8	0	1596	1478	173,333,173,333
1526405444.784044496	110	40	48	1	2	0	2	-50	125671	8	0	1596	1478	173,333,173,333
1526405444.795786457	110	40	48	1	2	0	2	-50	125672	8	0	1596	1478	173,333,173,333
1526405444.807496471	110	40	48	1	2	0	2	-50	125673	8	0	1596	1478	173,333,173,333
1526405444.819302062	110	40	48	1	2	0	2	-49	125674	8	0	1596	1478	173,333,173,333
1526405444.831057568	110	40	48	1	2	0	2	-49	125675	8	0	1596	1478	173,333,173,333
1526405444.842815730	110	40	48	1	2	0	2	-49	125676	8	0	1596	1478	173,333,173,333
1526405444.854566622	110	40	48	1	2	0	2	-49	125677	8	0	1596	1478	173,333,173,333
1526405444.866344791	110	40	48	1	2	0	2	-49	125678	8	0	1596	1478	173,333,173,333
1526405444.878091559	110	40	48	1	2	0	2	-49	125679	8	0	1596	1478	173,333,173,333
1526405444.890080184	110	40	48	1	2	0	2	-49	125680	8	0	1596	1478	173,333,173,333
1526405444.901552553	110	40	48	1	2	0	2	-49	125681	8	0	1596	1478	173,333,173,333
1526405444.913376696	110	40	48	1	2	0	2	-49	125682	8	0	1596	1478	173,333,173,333
1526405444.925148007	110	40	48	1	2	0	2	-49	125683	8	0	1596	1478	173,333,173,333
1526405444.936722313	110	40	48	1	2	0	2	-49	125684	8	0	1596	1478	173,333,173,333
1526405444.948550274	110	40	48	1	2	0	2	-49	125685	8	0	1596	1478	173,333,173,333
1526405444.960256505	110	40	48	1	2	0	2	-49	125686	8	0	1596	1478	173,333,173,333
1526405444.972075568	110	40	48	1	2	0	2	-49	125687	8	0	1596	1478	173,333,173,333
1526405444.983817644	110	40	48	1	2	0	2	-49	125688	8	0	1596	1478	173,333,173,333
1526405444.995587924	110	40	48	1	2	0	2	-49	125689	8	0	1596	1478	173,333,173,333
1526405445.007345639	110	40	48	1	2	0	2	-49	125690	8	0	1596	1478	173,333,173,333
1526405445.018983231	110	40	48	1	2	0	2	-49	125691	8	0	1596	1478	173,333,173,333
1526405445.030855757	110	40	48	1	2	0	2	-49	125692	8	0	1596	1478	173,333,173,333
1526405445.042725099	110	40	48	1	2	0	2	-49	125693	8	0	1596	1478	173,333,173,333
1526405445.054432263	110	40	48	1	2	0	2	-49	125694	8	0	1596	1478	173,333,173,333
1526405445.066238537	110	40	48	1	2	0	2	-49	125695	8	0	1596	1478	173,333,173,333
1526405445.078704406	110	40	48	1	2	0	2	-49	125696	8	0	1596	1478	173,333,173,333
1526405445.089683739	110	40	48	1	2	0	2	-49	125697	8	0	1596	1478	173,333,173,333
1526405445.101527208	110	40	48	1	2	0	2	-49	125698	8	0	1596	1478	173,333,173,333
1526405445.113219650	110	40	48	1	2	0	2	-49	125699	8	0	1596	1478	173,333,173,333
1526405445.125031178	110	40	48	1	2	0	2	-49	125700	8	0	1596	1478	173,333,173,333
1526405445.136651915	110	40	48	1	2	0	2	-49	125701	8	0	1596	1478	173,333,173,333
1526405445.148557470	110	40	48	1	2	0	2	-49	125702	8	0	1596	1478	173,333,173,333
1526405445.160321366	110	40	48	1	2	0	2	-49	125703	8	0	1596	1478	173,333,173,333
1526405445.172020237	110	40	48	1	2	0	2	-49	125704	8	0	1596	1478	173,333,173,333
1526405445.183830986	110	40	48	1	2	0	2	-49	125705	8	0	1596	1478	173,333,173,333
1526405445.195604190	110	40	48	1	2	0	2	-49	125706	8	0	1596	1478	173,333,173,333
1526405445.207375949	110	40	48	1	2	0	2	-49	125707	8	0	1596	1478	173,333,173,333
1526405445.219130603	110	40	48	1	2	0	2	-49	125708	8	0	1596	1478	173,333,173,333
1526405445.230886428	110	40	48	1	2	0	2	-49	125709	8	0	1596	1478	173,333,173,333
1526405445.242656246	110	40	48	1	2	0	2	-49	125710	8	0	1596	1478	173,333,173,333
1526405445.254319717	110	40	48	1	2	0	2	-49	125711	8	0	1596	1478	173,333,173,333
1526405445.266095779	110	40	48	1	2	0	2	-49	125712	8	0	1596	1478	173,333,173,333
1526405445.277926638	110	40	48	1	2	0	2	-49	125713	8	0	1596	1478	173,333,173,333
1526405445.289723388	110	40	48	1	2	0	2	-49	125714	8	0	1596	1478	173,333,173,333
1526405445.301446766	110	40	48	1	2	0	2	-49	125715	8	0	1596	1478	173,333,173,333
1526405445.313226936	110	40	48	1	2	0	2	-49	125716	8	0	1596	1478	173,333,173,333
1526405445.324966491	110	40	48	1	2	0	2	-49	125717	8	0	1596	1478	173,333,173,333
1526405445.336472361	110	40	48	1	2	0	2	-49	125719	8	0	1596	1478	173,333,173,333
1526405445.348480575	110	40	48	1	2	0	2	-49	125720	8	0	1596	1478	173,333,173,333
1526405445.360234145	110	40	48	1	2	0	2	-49	125721	8	0	1596	1478	173,333,173,333
1526405445.371995420	110	40	48	1	2	0	2	-49	125722	8	0	1596	1478	173,333,173,333
1526405445.383774104	110	40	48	1	2	0	2	-49	125723	8	0	1596	1478	173,333,173,333
1526405445.395530760	110	40	48	1	2	0	2	-49	125724	8	0	1596	1478	173,333,173,333
1526405445.407294345	110	40	48	1	2	0	2	-49	125725	8	0	1596	1478	173,333,173,333
1526405445.418968671	110	40	48	1	2	0	2	-49	125726	8	0	1596	1478	173,333,173,333
1526405445.430812492	110	40	48	1	2	0	2	-49	125727	8	0	1596	1478	173,333,173,333
1526405445.442597156	110	40	48	1	2	0	2	-49	125728	8	0	1596	1478	173,333,173,333
1526405445.454321839	110	40	48	1	2	0	2	-49	125729	8	0	1596	1478	173,333,173,333
1526405445.466095175	110	40	48	1	2	0	2	-49	125730	8	0	1596	1478	173,333,173,333
1526405445.477849544	110	40	48	1	2	0	2	-49	125731	8	0	1596	1478	173,333,173,333
1526405445.489614491	110	40	48	1	2	0	2	-49	125732	8	0	1596	1478	173,333,173,333
1526405445.501379118	110	40	48	1	2	0	2	-49	125733	8	0	1596	1478	173,333,173,333
1526405445.513146050	110	40	48	1	2	0	2	-49	125734	8	0	1596	1478	173,333,173,333
1526405445.524885504	110	40	48	1	2	0	2	-49	125735	8	0	1596	1478	173,333,173,333
1526405445.536545489	110	40	48	1	2	0	2	-49	125736	8	0	1596	1478	173,333,173,333
1526405445.548401598	110	40	48	1	2	0	2	-49	125737	8	0	1596	1478	173,333,173,333
1526405445.560077969	110	40	48	1	2	0	2	-49	125738	8	0	1596	1478	173,333,173,333
1526405445.571845572	110	40	48	1	2	0	2	-49	125739	8	0	1596	1478	173,333,173,333
1526405445.583698649	110	40	48	1	2	0	2	-49	125740	8	0	1596	1478	173,333,173,333
1526405445.595361743	110	40	48	1	2	0	2	-49	125741	8	0	1596	1478	173,333,173,333
1526405445.607041728	110	40	48	1	2	0	2	-48	125742	8	0	1596	1478	173,333,173,333
1526405445.618784466	110	40	48	1	2	0	2	-48	125743	8	0	1596	1478	173,333,173,333
1526405445.630609216	110	40	48	1	2	0	2	-48	125744	8	0	1596	1478	173,333,173,333
1526405445.642444653	110	40	48	1	2	0	2	-49	125745	8	0	1596	1478	173,333,173,333
1526405445.654121044	110	40	48	1	2	0	2	-48	125746	8	0	1596	1478	173,333,173,333
1526405445.665963567	110	40	48	1	2	0	2	-48	125747	8	0	1596	1478	173,333,173,333
1526405445.677808582	110	40	48	1	2	0	2	-49	125748	8	0	1596	1478	173,333,173,333
1526405445.689601720	110	40	48	1	2	0	2	-48	125749	8	0	1596	1478	173,333,173,333
1526405445.701374534	110	40	48	1	2	0	2	-48	125750	8	0	1596	1478	173,333,173,333
1526405445.713098854	110	40	48	1	2	0	2	-48	125751	8	0	1596	1478	173,333,173,333
1526405445.724792734	110	40	48	1	2	0	2	-48	125752	8	0	1596	1478	173,333,173,333
1526405445.736560411	110	40	48	1	2	0	2	-48	125753	8	0	1596	1478	173,333,173,333
1526405445.748376568	110	40	48	1	2	0	2	-48	125754	8	0	1596	1478	173,333,173,333
1526405445.760146799	110	40	48	1	2	0	2	-48	125755	8	0	1596	1478	173,333,173,333
1526405445.771905447	110	40	48	1	2	0	2	-48	125756	8	0	1596	1478	173,333,173,333
1526405445.783668148	110	40	48	1	2	0	2	-48	125757	8	0	1596	1478	173,333,173,333
1526405445.795672215	110	40	48	1	2	0	2	-48	125758	8	0	1596	1478	173,333,173,333
1526405445.807177485	110	40	48	1	2	0	2	-48	125759	8	0	1596	1478	173,333,173,333
1526405445.818951242	110	40	48	1	2	0	2	-48	125760	8	0	1596	1478	173,333,173,333
1526405445.830694479	110	40	48	1	2	0	2	-48	125761	8	0	1596	1478	173,333,173,333
1526405445.842241386	110	40	48	1	2	0	2	-48	125762	8	0	1596	1478	173,333,173,333
1526405445.853967605	110	40	48	1	2	0	2	-48	125763	8	0	1596	1478	173,333,173,333
1526405445.865821513	110	40	48	1	2	0	2	-48	125764	8	0	1596	1478	173,333,173,333
1526405445.877529864	110	40	48	1	2	0	2	-48	125765	8	0	1596	1478	173,333,173,333
1526405445.889336370	110	40	48	1	2	0	2	-48	125766	8	0	1596	1478	173,333,173,333
1526405445.901091391	110	40	48	1	2	0	2	-48	125767	8	0	1596	1478	173,333,173,333
1526405445.912854762	110	40	48	1	2	0	2	-48	125768	8	0	1596	1478	173,333,173,333
1526405445.924629699	110	40	48	1	2	0	2	-47	125769	8	0	1596	1478	173,333,173,333
1526405445.936384607	110	40	48	1	2	0	2	-48	125770	8	0	1596	1478	173,333,173,333
1526405445.948050966	110	40	48	1	2	0	2	-48	125771	8	0	1596	1478	173,333,173,333
1526405445.959915629	110	40	48	1	2	0	2	-48	125772	8	0	1596	1478	173,333,173,333
1526405445.971586014	110	40	48	1	2	0	2	-48	125773	8	0	1596	1478	173,333,173,333
1526405445.983425243	110	40	48	1	2	0	2	-48	125774	8	0	1596	1478	173,333,173,333
1526405445.995196431	110	40	48	1	2	0	2	-48	125775	8	0	1596	1478	173,333,173,333
1526405446.006935089	110	40	48	1	2	0	2	-49	125776	8	0	1596	1478	173,333,173,333
1526405446.018713963	110	40	48	1	2	0	2	-48	125777	8	0	1596	1478	173,333,173,333
1526405446.030422770	110	40	48	1	2	0	2	-49	125778	8	0	1596	1478	173,333,173,333
1526405446.042332283	110	40	48	1	2	0	2	-48	125779	8	0	1596	1478	173,333,173,333
1526405446.054100175	110	40	48	1	2	0	2	-48	125780	8	0	1596	1478	173,333,173,333
1526405446.065850174	110	40	48	1	2	0	2	-48	125781	8	0	1596	1478	173,333,173,333
1526405446.077607410	110	40	48	1	2	0	2	-48	125782	8	0	1596	1478	173,333,173,333
1526405446.089351006	110	40	48	1	2	0	2	-48	125783	8	0	1596	1478	173,333,173,333
1526405446.101071777	110	40	48	1	2	0	2	-47	125784	8	0	1596	1478	173,333,173,333
1526405446.112763295	110	40	48	1	2	0	2	-48	125785	8	0	1596	1478	173,333,173,333
1526405446.124623979	110	40	48	1	2	0	2	-48	125786	8	0	1596	1478	173,333,173,333
1526405446.136299747	110	40	48	1	2	0	2	-48	125787	8	0	1596	1478	173,333,173,333
1526405446.148068191	110	40	48	1	2	0	2	-47	125788	8	0	1596	1478	173,333,173,333
1526405446.159767774	110	40	48	1	2	0	2	-47	125789	8	0	1596	1478	173,333,173,333
1526405446.171686370	110	40	48	1	2	0	2	-47	125790	8	0	1596	1478	173,333,173,333
1526405446.183421731	110	40	48	1	2	0	2	-48	125791	8	0	1596	1478	173,333,173,333
1526405446.195207343	110	40	48	1	2	0	2	-48	125792	8	0	1596	1478	173,333,173,333
1526405446.206949722	110	40	48	1	2	0	2	-48	125793	8	0	1596	1478	173,333,173,333
1526405446.218721154	110	40	48	1	2	0	2	-48	125794	8	0	1596	1478	173,333,173,333
1526405446.230487379	110	40	48	1	2	0	2	-48	125795	8	0	1596	1478	173,333,173,333
1526405446.242245800	110	40	48	1	2	0	2	-48	125796	8	0	1596	1478	173,333,173,333
1526405446.253941073	110	40	48	1	2	0	2	-48	125797	8	0	1596	1478	173,333,173,333
1526405446.265752127	110	40	48	1	2	0	2	-48	125798	8	0	1596	1478	173,333,173,333
1526405446.277512210	110	40	48	1	2	0	2	-48	125799	8	0	1596	1478	173,333,173,333
1526405446.289326382	110	40	48	1	2	0	2	-49	125800	8	0	1596	1478	173,333,173,333
1526405446.301067305	110	40	48	1	2	0	2	-49	125801	8	0	1596	1478	173,333,173,333
1526405446.312802052	110	40	48	1	2	0	2	-49	125802	8	0	1596	1478	173,333,173,333
1526405446.324579879	110	40	48	1	2	0	2	-48	125803	8	0	1596	1478	173,333,173,333
1526405446.336235825	110	40	48	1	2	0	2	-49	125804	8	0	1596	1478	173,333,173,333
1526405446.348003734	110	40	48	1	2	0	2	-49	125805	8	0	1596	1478	173,333,173,333
1526405446.359839612	110	40	48	1	2	0	2	-49	125806	8	0	1596	1478	173,333,173,333
1526405446.371625446	110	40	48	1	2	0	2	-49	125807	8	0	1596	1478	173,333,173,333
1526405446.383374688	110	40	48	1	2	0	2	-48	125808	8	0	1596	1478	173,333,173,333
1526405446.395127607	110	40	48	1	2	0	2	-48	125809	8	0	1596	1478	173,333,173,333
1526405446.406926722	110	40	48	1	2	0	2	-48	125810	8	0	1596	1478	173,333,173,333
1526405446.418657734	110	40	48	1	2	0	2	-48	125811	8	0	1596	1478	173,333,173,333
1526405446.430403690	110	40	48	1	2	0	2	-48	125812	8	0	1596	1478	173,333,173,333
1526405446.442160851	110	40	48	1	2	0	2	-47	125813	8	0	1596	1478	173,333,173,333
1526405446.453923572	110	40	48	1	2	0	2	-48	125814	8	0	1596	1478	173,333,173,333
1526405446.465690004	110	40	48	1	2	0	2	-48	125815	8	0	1596	1478	173,333,173,333
1526405446.477358612	110	40	48	1	2	0	2	-48	125816	8	0	1596	1478	173,333,173,333
1526405446.489097143	110	40	48	1	2	0	2	-48	125817	8	0	1596	1478	173,333,173,333
1526405446.500855963	110	40	48	1	2	0	2	-48	125818	8	0	1596	1478	173,333,173,333
1526405446.512947154	110	40	48	1	2	0	2	-48	125819	8	0	1596	1478	173,333,173,333
1526405446.524499667	110	40	48	1	2	0	2	-48	125820	8	0	1596	1478	173,333,173,333
1526405446.536170169	110	40	48	1	2	0	2	-48	125821	8	0	1596	1478	173,333,173,333
1526405446.547996136	110	40	48	1	2	0	2	-48	125822	8	0	1596	1478	173,333,173,333
1526405446.559644703	110	40	48	1	2	0	2	-48	125823	8	0	1596	1478	173,333,173,333
1526405446.571537406	110	40	48	1	2	0	2	-48	125824	8	0	1596	1478	173,333,173,333
1526405446.583279555	110	40	48	1	2	0	2	-48	125825	8	0	1596	1478	173,333,173,333
1526405446.595035699	110	40	48	1	2	0	2	-48	125826	8	0	1596	1478	173,333,173,333
1526405446.606822709	110	40	48	1	2	0	2	-48	125827	8	0	1596	1478	173,333,173,333
1526405446.618454666	110	40	48	1	2	0	2	-49	125828	8	0	1596	1478	173,333,173,333
1526405446.630202707	110	40	48	1	2	0	2	-49	125829	8	0	1596	1478	173,333,173,333
1526405446.642019879	110	40	48	1	2	0	2	-49	125830	8	0	1596	1478	173,333,173,333
1526405446.653836467	110	40	48	1	2	0	2	-49	125831	8	0	1596	1478	173,333,173,333
1526405446.665598507	110	40	48	1	2	0	2	-49	125832	8	0	1596	1478	173,333,173,333
1526405446.677349100	110	40	48	1	2	0	2	-49	125833	8	0	1596	1478	173,333,173,333
1526405446.689130052	110	40	48	1	2	0	2	-49	125834	8	0	1596	1478	173,333,173,333
1526405446.700887533	110	40	48	1	2	0	2	-49	125835	8	0	1596	1478	173,333,173,333
1526405446.712643358	110	40	48	1	2	0	2	-49	125836	8	0	1596	1478	173,333,173,333
1526405446.724418862	110	40	48	1	2	0	2	-49	125837	8	0	1596	1478	173,333,173,333
1526405446.736179612	110	40	48	1	2	0	2	-49	125838	8	0	1596	1478	173,333,173,333
1526405446.747940575	110	40	48	1	2	0	2	-49	125839	8	0	1596	1478	173,333,173,333
1526405446.759674174	110	40	48	1	2	0	2	-49	125840	8	0	1596	1478	173,333,173,333
1526405446.771444267	110	40	48	1	2	0	2	-49	125841	8	0	1596	1478	173,333,173,333
1526405446.783223279	110	40	48	1	2	0	2	-49	125842	8	0	1596	1478	173,333,173,333
1526405446.794963730	110	40	48	1	2	0	2	-49	125843	8	0	1596	1478	173,333,173,333
1526405446.806712727	110	40	48	1	2	0	2	-49	125844	8	0	1596	1478	173,333,173,333
1526405446.818486323	110	40	48	1	2	0	2	-49	125845	8	0	1596	1478	173,333,173,333
1526405446.830170879	110	40	48	1	2	0	2	-49	125846	8	0	1596	1478	173,333,173,333
1526405446.841933473	110	40	48	1	2	0	2	-49	125847	8	0	1596	1478	173,333,173,333
1526405446.854227811	110	40	48	1	2	0	2	-48	125848	8	0	1596	1478	173,333,173,333
1526405446.865500042	110	40	48	1	2	0	2	-48	125849	8	0	1596	1478	173,333,173,333
1526405446.877201665	110	40	48	1	2	0	2	-48	125850	8	0	1596	1478	173,333,173,333
1526405446.888943249	110	40	48	1	2	0	2	-48	125851	8	0	1596	1478	173,333,173,333
1526405446.900710971	110	40	48	1	2	0	2	-48	125852	8	0	1596	1478	173,333,173,333
1526405446.912458721	110	40	48	1	2	0	2	-48	125853	8	0	1596	1478	173,333,173,333
1526405446.924233530	110	40	48	1	2	0	2	-48	125854	8	0	1596	1478	173,333,173,333
1526405446.935975038	110	40	48	1	2	0	2	-48	125855	8	0	1596	1478	173,333,173,333
1526405446.947756094	110	40	48	1	2	0	2	-48	125856	8	0	1596	1478	173,333,173,333
1526405446.959442236	110	40	48	1	2	0	2	-48	125857	8	0	1596	1478	173,333,173,333
1526405446.971270807	110	40	48	1	2	0	2	-48	125858	8	0	1596	1478	173,333,173,333
1526405446.983052233	110	40	48	1	2	0	2	-48	125859	8	0	1596	1478	173,333,173,333
1526405446.994775526	110	40	48	1	2	0	2	-48	125860	8	0	1596	1478	173,333,173,333
1526405447.006517447	110	40	48	1	2	0	2	-48	125861	8	0	1596	1478	173,333,173,333
1526405447.018305402	110	40	48	1	2	0	2	-48	125862	8	0	1596	1478	173,333,173,333
1526405447.030005181	110	40	48	1	2	0	2	-48	125863	8	0	1596	1478	173,333,173,333
1526405447.041911409	110	40	48	1	2	0	2	-48	125864	8	0	1596	1478	173,333,173,333
1526405447.053671727	110	40	48	1	2	0	2	-48	125865	8	0	1596	1478	173,333,173,333
1526405447.065439131	110	40	48	1	2	0	2	-48	125866	8	0	1596	1478	173,333,173,333
1526405447.077197340	110	40	48	1	2	0	2	-48	125867	8	0	1596	1478	173,333,173,333
1526405447.088967477	110	40	48	1	2	0	2	-48	125868	8	0	1596	1478	173,333,173,333
1526405447.100724586	110	40	48	1	2	0	2	-49	125869	8	0	1596	1478	173,333,173,333
1526405447.112478532	110	40	48	1	2	0	2	-49	125870	8	0	1596	1478	173,333,173,333
1526405447.124263147	110	40	48	1	2	0	2	-49	125871	8	0	1596	1478	173,333,173,333
1526405447.135907395	110	40	48	1	2	0	2	-48	125872	8	0	1596	1478	173,333,173,333
1526405447.147762794	110	40	48	1	2	0	2	-48	125873	8	0	1596	1478	173,333,173,333
1526405447.159406330	110	40	48	1	2	0	2	-49	125874	8	0	1596	1478	173,333,173,333
1526405447.171277644	110	40	48	1	2	0	2	-49	125875	8	0	1596	1478	173,333,173,333
1526405447.183044929	110	40	48	1	2	0	2	-49	125876	8	0	1596	1478	173,333,173,333
1526405447.194818404	110	40	48	1	2	0	2	-49	125877	8	0	1596	1478	173,333,173,333
1526405447.206573106	110	40	48	1	2	0	2	-48	125878	8	0	1596	1478	173,333,173,333
1526405447.218348704	110	40	48	1	2	0	2	-49	125879	8	0	1596	1478	173,333,173,333
1526405447.229969331	110	40	48	1	2	0	2	-49	125880	8	0	1596	1478	173,333,173,333
1526405447.241714957	110	40	48	1	2	0	2	-49	125881	8	0	1596	1478	173,333,173,333
1526405447.253595245	110	40	48	1	2	0	2	-49	125882	8	0	1596	1478	173,333,173,333
1526405447.265352753	110	40	48	1	2	0	2	-49	125883	8	0	1596	1478	173,333,173,333
1526405447.277122042	110	40	48	1	2	0	2	-49	125884	8	0	1596	1478	173,333,173,333
1526405447.288906477	110	40	48	1	2	0	2	-49	125885	8	0	1596	1478	173,333,173,333
1526405447.300633444	110	40	48	1	2	0	2	-49	125886	8	0	1596	1478	173,333,173,333
1526405447.312383191	110	40	48	1	2	0	2	-49	125887	8	0	1596	1478	173,333,173,333
1526405447.324150807	110	40	48	1	2	0	2	-49	125888	8	0	1596	1478	173,333,173,333
1526405447.335929675	110	40	48	1	2	0	2	-49	125889	8	0	1596	1478	173,333,173,333
1526405447.347582713	110	40	48	1	2	0	2	-48	125890	8	0	1596	1478	173,333,173,333
1526405447.359451399	110	40	48	1	2	0	2	-49	125891	8	0	1596	1478	173,333,173,333
1526405447.371198024	110	40	48	1	2	0	2	-49	125892	8	0	1596	1478	173,333,173,333
1526405447.382960425	110	40	48	1	2	0	2	-48	125893	8	0	1596	1478	173,333,173,333
1526405447.394737420	110	40	48	1	2	0	2	-49	125894	8	0	1596	1478	173,333,173,333
1526405447.406494065	110	40	48	1	2	0	2	-49	125895	8	0	1596	1478	173,333,173,333
1526405447.418251090	110	40	48	1	2	0	2	-48	125896	8	0	1596	1478	173,333,173,333
1526405447.430017983	110	40	48	1	2	0	2	-49	125897	8	0	1596	1478	173,333,173,333
1526405447.441777287	110	40	48	1	2	0	2	-48	125898	8	0	1596	1478	173,333,173,333
1526405447.453536433	110	40	48	1	2	0	2	-49	125899	8	0	1596	1478	173,333,173,333
1526405447.465236585	110	40	48	1	2	0	2	-49	125900	8	0	1596	1478	173,333,173,333
1526405447.477051541	110	40	48	1	2	0	2	-49	125901	8	0	1596	1478	173,333,173,333
1526405447.488827486	110	40	48	1	2	0	2	-49	125902	8	0	1596	1478	173,333,173,333
1526405447.500573652	110	40	48	1	2	0	2	-49	125903	8	0	1596	1478	173,333,173,333
1526405447.512326211	110	40	48	1	2	0	2	-49	125904	8	0	1596	1478	173,333,173,333
1526405447.524082482	110	40	48	1	2	0	2	-48	125905	8	0	1596	1478	173,333,173,333
1526405447.536339720	110	40	48	1	2	0	2	-49	125906	8	0	1596	1478	173,333,173,333
1526405447.547597803	110	40	48	1	2	0	2	-49	125907	8	0	1596	1478	173,333,173,333
1526405447.559278457	110	40	48	1	2	0	2	-49	125908	8	0	1596	1478	173,333,173,333
1526405447.571138907	110	40	48	1	2	0	2	-49	125909	8	0	1596	1478	173,333,173,333
1526405447.582899568	110	40	48	1	2	0	2	-48	125910	8	0	1596	1478	173,333,173,333
1526405447.594647357	110	40	48	1	2	0	2	-48	125911	8	0	1596	1478	173,333,173,333
1526405447.606415859	110	40	48	1	2	0	2	-49	125912	8	0	1596	1478	173,333,173,333
1526405447.618089332	110	40	48	1	2	0	2	-49	125913	8	0	1596	1478	173,333,173,333
1526405447.629926781	110	40	48	1	2	0	2	-49	125914	8	0	1596	1478	173,333,173,333
1526405447.641609115	110	40	48	1	2	0	2	-49	125915	8	0	1596	1478	173,333,173,333
1526405447.653314998	110	40	48	1	2	0	2	-49	125916	8	0	1596	1478	173,333,173,333
1526405447.665057880	110	40	48	1	2	0	2	-49	125917	8	0	1596	1478	173,333,173,333
1526405447.676955859	110	40	48	1	2	0	2	-48	125918	8	0	1596	1478	173,333,173,333
1526405447.688725576	110	40	48	1	2	0	2	-49	125919	8	0	1596	1478	173,333,173,333
1526405447.700392918	110	40	48	1	2	0	2	-49	125920	8	0	1596	1478	173,333,173,333
1526405447.712254374	110	40	48	1	2	0	2	-49	125921	8	0	1596	1478	173,333,173,333
1526405447.724016313	110	40	48	1	2	0	2	-49	125922	8	0	1596	1478	173,333,173,333
1526405447.735661437	110	40	48	1	2	0	2	-49	125923	8	0	1596	1478	173,333,173,333
1526405447.747530707	110	40	48	1	2	0	2	-49	125924	8	0	1596	1478	173,333,173,333
1526405447.759197888	110	40	48	1	2	0	2	-49	125925	8	0	1596	1478	173,333,173,333
1526405447.770965120	110	40	48	1	2	0	2	-49	125926	8	0	1596	1478	173,333,173,333
1526405447.782784042	110	40	48	1	2	0	2	-49	125927	8	0	1596	1478	173,333,173,333
1526405447.794602161	110	40	48	1	2	0	2	-49	125928	8	0	1596	1478	173,333,173,333
1526405447.806279873	110	40	48	1	2	0	2	-48	125929	8	0	1596	1478	173,333,173,333
1526405447.818106735	110	40	48	1	2	0	2	-48	125930	8	0	1596	1478	173,333,173,333
1526405447.829775740	110	40	48	1	2	0	2	-49	125931	8	0	1596	1478	173,333,173,333
1526405447.841603803	110	40	48	1	2	0	2	-48	125932	8	0	1596	1478	173,333,173,333
1526405447.853272089	110	40	48	1	2	0	2	-48	125933	8	0	1596	1478	173,333,173,333
1526405447.865032400	110	40	48	1	2	0	2	-48	125934	8	0	1596	1478	173,333,173,333
1526405447.876791203	110	40	48	1	2	0	2	-48	125935	8	0	1596	1478	173,333,173,333
1526405447.888546635	110	40	48	1	2	0	2	-48	125936	8	0	1596	1478	173,333,173,333
1526405447.900192293	110	40	48	1	2	0	2	-48	125937	8	0	1596	1478	173,333,173,333
1526405447.912062775	110	40	48	1	2	0	2	-48	125938	8	0	1596	1478	173,333,173,333
1526405447.923741722	110	40	48	1	2	0	2	-48	125939	8	0	1596	1478	173,333,173,333
1526405447.935612103	110	40	48	1	2	0	2	-48	125940	8	0	1596	1478	173,333,173,333
1526405447.947352171	110	40	48	1	2	0	2	-48	125941	8	0	1596	1478	173,333,173,333
1526405447.959105771	110	40	48	1	2	0	2	-48	125942	8	0	1596	1478	173,333,173,333
1526405447.970962006	110	40	48	1	2	0	2	-48	125943	8	0	1596	1478	173,333,173,333
1526405447.982723673	110	40	48	1	2	0	2	-48	125944	8	0	1596	1478	173,333,173,333
1526405447.994477737	110	40	48	1	2	0	2	-48	125945	8	0	1596	1478	173,333,173,333
1526405448.006237358	110	40	48	1	2	0	2	-48	125946	8	0	1596	1478	173,333,173,333
1526405448.018012735	110	40	48	1	2	0	2	-48	125947	8	0	1596	1478	173,333,173,333
1526405448.029685966	110	40	48	1	2	0	2	-48	125948	8	0	1596	1478	173,333,173,333
1526405448.041527792	110	40	48	1	2	0	2	-48	125949	8	0	1596	1478	173,333,173,333
1526405448.053283180	110	40	48	1	2	0	2	-48	125950	8	0	1596	1478	173,333,173,333
1526405448.065050545	110	40	48	1	2	0	2	-48	125951	8	0	1596	1478	173,333,173,333
1526405448.076745536	110	40	48	1	2	0	2	-48	125952	8	0	1596	1478	173,333,173,333
1526405448.088567805	110	40	48	1	2	0	2	-48	125953	8	0	1596	1478	173,333,173,333
1526405448.100324076	110	40	48	1	2	0	2	-48	125954	8	0	1596	1478	173,333,173,333
1526405448.112086918	110	40	48	1	2	0	2	-48	125955	8	0	1596	1478	173,333,173,333
1526405448.123870389	110	40	48	1	2	0	2	-48	125956	8	0	1596	1478	173,333,173,333
1526405448.135514435	110	40	48	1	2	0	2	-49	125957	8	0	1596	1478	173,333,173,333
1526405448.147254426	110	40	48	1	2	0	2	-49	125958	8	0	1596	1478	173,333,173,333
1526405448.159020289	110	40	48	1	2	0	2	-49	125959	8	0	1596	1478	173,333,173,333
1526405448.170798813	110	40	48	1	2	0	2	-48	125960	8	0	1596	1478	173,333,173,333
1526405448.182500808	110	40	48	1	2	0	2	-49	125961	8	0	1596	1478	173,333,173,333
1526405448.194404369	110	40	48	1	2	0	2	-48	125962	8	0	1596	1478	173,333,173,333
1526405448.206167957	110	40	48	1	2	0	2	-49	125963	8	0	1596	1478	173,333,173,333
1526405448.217934772	110	40	48	1	2	0	2	-48	125964	8	0	1596	1478	173,333,173,333
1526405448.229779248	110	40	48	1	2	0	2	-49	125965	8	0	1596	1478	173,333,173,333
1526405448.241349123	110	40	48	1	2	0	2	-48	125966	8	0	1596	1478	173,333,173,333
1526405448.253495242	110	40	48	1	2	0	2	-48	125967	8	0	1596	1478	173,333,173,333
1526405448.264955387	110	40	48	1	2	0	2	-48	125968	8	0	1596	1478	173,333,173,333
1526405448.276721661	110	40	48	1	2	0	2	-48	125969	8	0	1596	1478	173,333,173,333
1526405448.288493279	110	40	48	1	2	0	2	-48	125970	8	0	1596	1478	173,333,173,333
1526405448.300238456	110	40	48	1	2	0	2	-48	125971	8	0	1596	1478	173,333,173,333
1526405448.312003113	110	40	48	1	2	0	2	-48	125972	8	0	1596	1478	173,333,173,333
1526405448.323782267	110	40	48	1	2	0	2	-48	125973	8	0	1596	1478	173,333,173,333
1526405448.335531000	110	40	48	1	2	0	2	-48	125974	8	0	1596	1478	173,333,173,333
1526405448.347247925	110	40	48	1	2	0	2	-48	125975	8	0	1596	1478	173,333,173,333
1526405448.359064946	110	40	48	1	2	0	2	-48	125976	8	0	1596	1478	173,333,173,333
1526405448.370810347	110	40	48	1	2	0	2	-48	125977	8	0	1596	1478	173,333,173,333
1526405448.382490785	110	40	48	1	2	0	2	-48	125978	8	0	1596	1478	173,333,173,333
1526405448.394341566	110	40	48	1	2	0	2	-48	125979	8	0	1596	1478	173,333,173,333
1526405448.406103741	110	40	48	1	2	0	2	-48	125980	8	0	1596	1478	173,333,173,333
1526405448.417846899	110	40	48	1	2	0	2	-48	125981	8	0	1596	1478	173,333,173,333
1526405448.429604159	110	40	48	1	2	0	2	-47	125982	8	0	1596	1478	173,333,173,333
1526405448.441354653	110	40	48	1	2	0	2	-47	125983	8	0	1596	1478	173,333,173,333
1526405448.453034413	110	40	48	1	2	0	2	-47	125984	8	0	1596	1478	173,333,173,333
1526405448.464884217	110	40	48	1	2	0	2	-47	125985	8	0	1596	1478	173,333,173,333
1526405448.476653380	110	40	48	1	2	0	2	-47	125986	8	0	1596	1478	173,333,173,333
1526405448.488421041	110	40	48	1	2	0	2	-47	125987	8	0	1596	1478	173,333,173,333
1526405448.500166030	110	40	48	1	2	0	2	-47	125988	8	0	1596	1478	173,333,173,333
1526405448.511942913	110	40	48	1	2	0	2	-47	125989	8	0	1596	1478	173,333,173,333
1526405448.523693210	110	40	48	1	2	0	2	-47	125990	8	0	1596	1478	173,333,173,333
1526405448.535337534	110	40	48	1	2	0	2	-48	125991	8	0	1596	1478	173,333,173,333
1526405448.547226725	110	40	48	1	2	0	2	-48	125992	8	0	1596	1478	173,333,173,333
1526405448.558959074	110	40	48	1	2	0	2	-48	125993	8	0	1596	1478	173,333,173,333
1526405448.570729230	110	40	48	1	2	0	2	-48	125994	8	0	1596	1478	173,333,173,333
1526405448.582495157	110	40	48	1	2	0	2	-48	125995	8	0	1596	1478	173,333,173,333
1526405448.594255983	110	40	48	1	2	0	2	-47	125996	8	0	1596	1478	173,333,173,333
1526405448.605998199	110	40	48	1	2	0	2	-48	125997	8	0	1596	1478	173,333,173,333
1526405448.617787328	110	40	48	1	2	0	2	-48	125998	8	0	1596	1478	173,333,173,333
1526405448.629537707	110	40	48	1	2	0	2	-47	125999	8	0	1596	1478	173,333,173,333
1526405448.641318387	110	40	48	1	2	0	2	-47	126000	8	0	1596	1478	173,333,173,333
1526405448.653047703	110	40	48	1	2	0	2	-47	126001	8	0	1596	1478	173,333,173,333
1526405448.664819157	110	40	48	1	2	0	2	-47	126002	8	0	1596	1478	173,333,173,333
1526405448.676461513	110	40	48	1	2	0	2	-47	126003	8	0	1596	1478	173,333,173,333
1526405448.688116853	110	40	48	1	2	0	2	-47	126004	8	0	1596	1478	173,333,173,333
1526405448.700044702	110	40	48	1	2	0	2	-47	126005	8	0	1596	1478	173,333,173,333
1526405448.711835988	110	40	48	1	2	0	2	-47	126006	8	0	1596	1478	173,333,173,333
1526405448.723623631	110	40	48	1	2	0	2	-47	126007	8	0	1596	1478	173,333,173,333
1526405448.735288295	110	40	48	1	2	0	2	-46	126008	8	0	1596	1478	173,333,173,333
1526405448.747035583	110	40	48	1	2	0	2	-47	126009	8	0	1596	1478	173,333,173,333
1526405448.758874590	110	40	48	1	2	0	2	-46	126010	8	0	1596	1478	173,333,173,333
1526405448.770635594	110	40	48	1	2	0	2	-47	126011	8	0	1596	1478	173,333,173,333
1526405448.782336786	110	40	48	1	2	0	2	-46	126012	8	0	1596	1478	173,333,173,333
1526405448.794183494	110	40	48	1	2	0	2	-47	126013	8	0	1596	1478	173,333,173,333
1526405448.805904654	110	40	48	1	2	0	2	-47	126014	8	0	1596	1478	173,333,173,333
1526405448.817611413	110	40	48	1	2	0	2	-47	126015	8	0	1596	1478	173,333,173,333
1526405448.829342172	110	40	48	1	2	0	2	-46	126016	8	0	1596	1478	173,333,173,333
1526405448.841188593	110	40	48	1	2	0	2	-47	126017	8	0	1596	1478	173,333,173,333
1526405448.852970742	110	40	48	1	2	0	2	-47	126018	8	0	1596	1478	173,333,173,333
1526405448.864719751	110	40	48	1	2	0	2	-47	126019	8	0	1596	1478	173,333,173,333
1526405448.876431813	110	40	48	1	2	0	2	-47	126020	8	0	1596	1478	173,333,173,333
1526405448.888246470	110	40	48	1	2	0	2	-47	126021	8	0	1596	1478	173,333,173,333
1526405448.899993667	110	40	48	1	2	0	2	-47	126022	8	0	1596	1478	173,333,173,333
1526405448.911776353	110	40	48	1	2	0	2	-47	126023	8	0	1596	1478	173,333,173,333
1526405448.923518338	110	40	48	1	2	0	2	-47	126024	8	0	1596	1478	173,333,173,333
1526405448.935263476	110	40	48	1	2	0	2	-47	126025	8	0	1596	1478	173,333,173,333
1526405448.947060174	110	40	48	1	2	0	2	-47	126026	8	0	1596	1478	173,333,173,333
1526405448.958806771	110	40	48	1	2	0	2	-47	126027	8	0	1596	1478	173,333,173,333
1526405448.970570994	110	40	48	1	2	0	2	-47	126028	8	0	1596	1478	173,333,173,333
1526405448.982306169	110	40	48	1	2	0	2	-47	126029	8	0	1596	1478	173,333,173,333
1526405448.994071620	110	40	48	1	2	0	2	-47	126030	8	0	1596	1478	173,333,173,333
1526405449.005853454	110	40	48	1	2	0	2	-47	126031	8	0	1596	1478	173,333,173,333
1526405449.017611327	110	40	48	1	2	0	2	-47	126032	8	0	1596	1478	173,333,173,333
1526405449.029278554	110	40	48	1	2	0	2	-47	126033	8	0	1596	1478	173,333,173,333
1526405449.041160655	110	40	48	1	2	0	2	-47	126034	8	0	1596	1478	173,333,173,333
1526405449.052875084	110	40	48	1	2	0	2	-47	126035	8	0	1596	1478	173,333,173,333
1526405449.064649300	110	40	48	1	2	0	2	-47	126036	8	0	1596	1478	173,333,173,333
1526405449.076342135	110	40	48	1	2	0	2	-47	126037	8	0	1596	1478	173,333,173,333
1526405449.088181020	110	40	48	1	2	0	2	-47	126038	8	0	1596	1478	173,333,173,333
1526405449.099920302	110	40	48	1	2	0	2	-47	126039	8	0	1596	1478	173,333,173,333
1526405449.111695183	110	40	48	1	2	0	2	-47	126040	8	0	1596	1478	173,333,173,333
1526405449.123450124	110	40	48	1	2	0	2	-47	126041	8	0	1596	1478	173,333,173,333
1526405449.135144439	110	40	48	1	2	0	2	-47	126042	8	0	1596	1478	173,333,173,333
1526405449.146964717	110	40	48	1	2	0	2	-47	126043	8	0	1596	1478	173,333,173,333
1526405449.158745088	110	40	48	1	2	0	2	-47	126044	8	0	1596	1478	173,333,173,333
1526405449.170484461	110	40	48	1	2	0	2	-47	126045	8	0	1596	1478	173,333,173,333
1526405449.182123691	110	40	48	1	2	0	2	-47	126046	8	0	1596	1478	173,333,173,333
1526405449.193901054	110	40	48	1	2	0	2	-47	126047	8	0	1596	1478	173,333,173,333
1526405449.205686880	110	40	48	1	2	0	2	-47	126048	8	0	1596	1478	173,333,173,333
1526405449.217506426	110	40	48	1	2	0	2	-47	126049	8	0	1596	1478	173,333,173,333
1526405449.229209619	110	40	48	1	2	0	2	-47	126050	8	0	1596	1478	173,333,173,333
1526405449.240955460	110	40	48	1	2	0	2	-47	126051	8	0	1596	1478	173,333,173,333
1526405449.252693651	110	40	48	1	2	0	2	-47	126052	8	0	1596	1478	173,333,173,333
1526405449.264564151	110	40	48	1	2	0	2	-47	126053	8	0	1596	1478	173,333,173,333
1526405449.276333733	110	40	48	1	2	0	2	-47	126054	8	0	1596	1478	173,333,173,333
1526405449.288265334	110	40	48	1	2	0	2	-48	126055	8	0	1596	1478	173,333,173,333
1526405449.299780508	110	40	48	1	2	0	2	-48	126056	8	0	1596	1478	173,333,173,333
1526405449.311609937	110	40	48	1	2	0	2	-47	126057	8	0	1596	1478	173,333,173,333
1526405449.323391752	110	40	48	1	2	0	2	-48	126058	8	0	1596	1478	173,333,173,333
1526405449.335148785	110	40	48	1	2	0	2	-48	126059	8	0	1596	1478	173,333,173,333
1526405449.346891187	110	40	48	1	2	0	2	-48	126060	8	0	1596	1478	173,333,173,333
1526405449.358639126	110	40	48	1	2	0	2	-47	126061	8	0	1596	1478	173,333,173,333
1526405449.370398940	110	40	48	1	2	0	2	-47	126062	8	0	1596	1478	173,333,173,333
1526405449.382091701	110	40	48	1	2	0	2	-48	126063	8	0	1596	1478	173,333,173,333
1526405449.393937253	110	40	48	1	2	0	2	-47	126064	8	0	1596	1478	173,333,173,333
1526405449.405691536	110	40	48	1	2	0	2	-47	126065	8	0	1596	1478	173,333,173,333
1526405449.417447348	110	40	48	1	2	0	2	-47	126066	8	0	1596	1478	173,333,173,333
1526405449.429198687	110	40	48	1	2	0	2	-47	126067	8	0	1596	1478	173,333,173,333
1526405449.440957055	110	40	48	1	2	0	2	-47	126068	8	0	1596	1478	173,333,173,333
1526405449.452657519	110	40	48	1	2	0	2	-47	126069	8	0	1596	1478	173,333,173,333
1526405449.464476247	110	40	48	1	2	0	2	-47	126070	8	0	1596	1478	173,333,173,333
1526405449.476252868	110	40	48	1	2	0	2	-47	126071	8	0	1596	1478	173,333,173,333
1526405449.488007249	110	40	48	1	2	0	2	-47	126072	8	0	1596	1478	173,333,173,333
1526405449.499774247	110	40	48	1	2	0	2	-47	126073	8	0	1596	1478	173,333,173,333
1526405449.511533982	110	40	48	1	2	0	2	-47	126074	8	0	1596	1478	173,333,173,333
1526405449.523291092	110	40	48	1	2	0	2	-47	126075	8	0	1596	1478	173,333,173,333
1526405449.534970619	110	40	48	1	2	0	2	-47	126076	8	0	1596	1478	173,333,173,333
1526405449.546803288	110	40	48	1	2	0	2	-47	126077	8	0	1596	1478	173,333,173,333
1526405449.558578306	110	40	48	1	2	0	2	-47	126078	8	0	1596	1478	173,333,173,333
1526405449.570328907	110	40	48	1	2	0	2	-47	126079	8	0	1596	1478	173,333,173,333
1526405449.582094451	110	40	48	1	2	0	2	-46	126080	8	0	1596	1478	173,333,173,333
1526405449.593858088	110	40	48	1	2	0	2	-47	126081	8	0	1596	1478	173,333,173,333
1526405449.605532976	110	40	48	1	2	0	2	-47	126082	8	0	1596	1478	173,333,173,333
1526405449.617376222	110	40	48	1	2	0	2	-47	126083	8	0	1596	1478	173,333,173,333
1526405449.629141460	110	40	48	1	2	0	2	-47	126084	8	0	1596	1478	173,333,173,333
1526405449.640888306	110	40	48	1	2	0	2	-47	126085	8	0	1596	1478	173,333,173,333
1526405449.652630531	110	40	48	1	2	0	2	-47	126086	8	0	1596	1478	173,333,173,333
1526405449.664316358	110	40	48	1	2	0	2	-47	126087	8	0	1596	1478	173,333,173,333
1526405449.676065565	110	40	48	1	2	0	2	-47	126088	8	0	1596	1478	173,333,173,333
1526405449.687920908	110	40	48	1	2	0	2	-47	126089	8	0	1596	1478	173,333,173,333
1526405449.699616926	110	40	48	1	2	0	2	-47	126090	8	0	1596	1478	173,333,173,333
1526405449.711463114	110	40	48	1	2	0	2	-47	126091	8	0	1596	1478	173,333,173,333
1526405449.723212349	110	40	48	1	2	0	2	-47	126092	8	0	1596	1478	173,333,173,333
1526405449.734857558	110	40	48	1	2	0	2	-47	126093	8	0	1596	1478	173,333,173,333
1526405449.746634547	110	40	48	1	2	0	2	-47	126094	8	0	1596	1478	173,333,173,333
1526405449.758456278	110	40	48	1	2	0	2	-47	126095	8	0	1596	1478	173,333,173,333
1526405449.770236135	110	40	48	1	2	0	2	-47	126096	8	0	1596	1478	173,333,173,333
1526405449.781988265	110	40	48	1	2	0	2	-47	126097	8	0	1596	1478	173,333,173,333
1526405449.793777997	110	40	48	1	2	0	2	-47	126098	8	0	1596	1478	173,333,173,333
1526405449.805360787	110	40	48	1	2	0	2	-47	126099	8	0	1596	1478	173,333,173,333
1526405449.817189989	110	40	48	1	2	0	2	-47	126100	8	0	1596	1478	173,333,173,333
1526405449.828937799	110	40	48	1	2	0	2	-47	126101	8	0	1596	1478	173,333,173,333
1526405449.840705698	110	40	48	1	2	0	2	-46	126102	8	0	1596	1478	173,333,173,333
1526405449.852468733	110	40	48	1	2	0	2	-47	126103	8	0	1596	1478	173,333,173,333
1526405449.864163941	110	40	48	1	2	0	2	-47	126104	8	0	1596	1478	173,333,173,333
1526405449.875989189	110	40	48	1	2	0	2	-47	126105	8	0	1596	1478	173,333,173,333
1526405449.887774816	110	40	48	1	2	0	2	-47	126106	8	0	1596	1478	173,333,173,333
1526405449.899524989	110	40	48	1	2	0	2	-47	126107	8	0	1596	1478	173,333,173,333
1526405449.911253162	110	40	48	1	2	0	2	-47	126108	8	0	1596	1478	173,333,173,333
1526405449.923019172	110	40	48	1	2	0	2	-47	126109	8	0	1596	1478	173,333,173,333
1526405449.934789261	110	40	48	1	2	0	2	-47	126110	8	0	1596	1478	173,333,173,333
1526405449.946543012	110	40	48	1	2	0	2	-47	126111	8	0	1596	1478	173,333,173,333
1526405449.958387060	110	40	48	1	2	0	2	-47	126112	8	0	1596	1478	173,333,173,333
1526405449.970155755	110	40	48	1	2	0	2	-47	126113	8	0	1596	1478	173,333,173,333
1526405449.981942115	110	40	48	1	2	0	2	-47	126114	8	0	1596	1478	173,333,173,333
1526405449.994095752	110	40	48	1	2	0	2	-46	126115	8	0	1596	1478	173,333,173,333
1526405450.005455017	110	40	48	1	2	0	2	-46	126116	8	0	1596	1478	173,333,173,333
1526405450.017205563	110	40	48	1	2	0	2	-46	126117	8	0	1596	1478	173,333,173,333
1526405450.028886680	110	40	48	1	2	0	2	-47	126118	8	0	1596	1478	173,333,173,333
1526405450.040723311	110	40	48	1	2	0	2	-47	126119	8	0	1596	1478	173,333,173,333
1526405450.052538679	110	40	48	1	2	0	2	-47	126120	8	0	1596	1478	173,333,173,333
1526405450.064250125	110	40	48	1	2	0	2	-46	126121	8	0	1596	1478	173,333,173,333
1526405450.076008258	110	40	48	1	2	0	2	-46	126122	8	0	1596	1478	173,333,173,333
1526405450.087770612	110	40	48	1	2	0	2	-46	126123	8	0	1596	1478	173,333,173,333
1526405450.099523072	110	40	48	1	2	0	2	-46	126124	8	0	1596	1478	173,333,173,333
1526405450.111269810	110	40	48	1	2	0	2	-46	126125	8	0	1596	1478	173,333,173,333
1526405450.123049742	110	40	48	1	2	0	2	-46	126126	8	0	1596	1478	173,333,173,333
1526405450.134806484	110	40	48	1	2	0	2	-46	126127	8	0	1596	1478	173,333,173,333
1526405450.146565572	110	40	48	1	2	0	2	-46	126128	8	0	1596	1478	173,333,173,333
1526405450.158335380	110	40	48	1	2	0	2	-46	126129	8	0	1596	1478	173,333,173,333
1526405450.170107240	110	40	48	1	2	0	2	-46	126130	8	0	1596	1478	173,333,173,333
1526405450.181839894	110	40	48	1	2	0	2	-46	126131	8	0	1596	1478	173,333,173,333
1526405450.193607171	110	40	48	1	2	0	2	-46	126132	8	0	1596	1478	173,333,173,333
1526405450.205239242	110	40	48	1	2	0	2	-46	126133	8	0	1596	1478	173,333,173,333
1526405450.217088924	110	40	48	1	2	0	2	-46	126134	8	0	1596	1478	173,333,173,333
1526405450.228767920	110	40	48	1	2	0	2	-46	126135	8	0	1596	1478	173,333,173,333
1526405450.240526304	110	40	48	1	2	0	2	-46	126136	8	0	1596	1478	173,333,173,333
1526405450.252350285	110	40	48	1	2	0	2	-46	126137	8	0	1596	1478	173,333,173,333
1526405450.264168462	110	40	48	1	2	0	2	-46	126138	8	0	1596	1478	173,333,173,333
