1526405638.405135647	96	40	48	0	2	0	2	-55	129134	5	1	1596	1478	216,216
1526405638.405184314	96	40	48	0	2	0	2	-55	129134	5	1	1596	1478	216,216
1526405638.405195840	96	40	48	0	2	0	2	-55	129134	5	1	1596	1478	216,216
1526405638.405203929	96	40	48	0	2	0	2	-55	129134	5	1	1596	1478	216,216
1526405638.405213048	96	40	48	0	2	0	2	-55	129134	5	1	1596	1478	216,216
1526405638.405222192	96	40	48	0	2	0	2	-55	129134	5	1	1596	1478	216,216
1526405638.405230514	96	40	48	0	2	0	2	-55	129134	5	1	1596	1478	216,216
1526405638.405238828	96	40	48	0	2	0	2	-55	129134	5	1	1596	1478	216,216
1526405638.416066539	96	40	48	0	2	0	2	-56	129135	5	1	1596	1478	216,216
1526405638.427922955	96	40	48	0	2	0	2	-56	129136	5	1	1596	1478	216,216
1526405638.439539428	96	40	48	0	2	0	2	-56	129137	5	1	1596	1478	216,216
1526405638.451277017	90	40	48	0	2	0	2	-57	129138	6	1	1596	1478	243,243
1526405638.463185598	90	40	48	0	2	0	2	-57	129139	6	1	1596	1478	243,243
1526405638.474944584	90	40	48	0	2	0	2	-57	129140	6	1	1596	1478	243,243
1526405638.486717906	90	40	48	0	2	0	2	-57	129141	6	1	1596	1478	243,243
1526405638.498454817	90	40	48	0	2	0	2	-57	129142	6	1	1596	1478	243,243
1526405638.510203284	80	40	48	1	2	0	2	-57	129143	7	1	1596	1478	300,300
1526405638.522014909	80	40	48	1	2	0	2	-57	129144	7	1	1596	1478	300,300
1526405638.533653410	80	40	48	1	2	0	2	-57	129145	7	1	1596	1478	300,300
1526405638.545398816	80	40	48	1	2	0	2	-56	129146	7	1	1596	1478	300,300
1526405638.557155950	80	40	48	1	2	0	2	-56	129147	7	1	1596	1478	300,300
1526405638.568928104	74	40	48	1	2	0	2	-56	129148	8	1	1596	1478	360,360
1526405638.580655485	74	40	48	1	2	0	2	-56	129149	8	1	1596	1478	360,360
1526405638.592419542	74	40	48	1	2	0	2	-56	129150	8	1	1596	1478	360,360
1526405638.604189438	74	40	48	1	2	0	2	-56	129151	8	1	1596	1478	360,360
1526405638.615948776	74	40	48	1	2	0	2	-56	129152	8	1	1596	1478	360,360
1526405638.627815830	70	40	48	1	2	0	2	-56	129153	9	1	1596	1478	400,400
1526405638.639505713	70	40	48	1	2	0	2	-56	129154	9	1	1596	1478	400,400
1526405638.651316267	70	40	48	1	2	0	2	-56	129155	9	1	1596	1478	400,400
1526405638.663108757	70	40	48	1	2	0	2	-56	129156	9	1	1596	1478	400,400
1526405638.674857696	70	40	48	1	2	0	2	-56	129157	9	1	1596	1478	400,400
1526405638.686611621	70	40	48	1	2	0	2	-56	129158	9	1	1596	1478	400,400
1526405638.698383627	70	40	48	1	2	0	2	-56	129159	9	1	1596	1478	400,400
1526405638.710128787	70	40	48	1	2	0	2	-56	129160	9	1	1596	1478	400,400
1526405638.721898946	70	40	48	1	2	0	2	-56	129161	9	1	1596	1478	400,400
1526405638.733668160	70	40	48	1	2	0	2	-56	129162	9	1	1596	1478	400,400
1526405638.745423590	70	40	48	1	2	0	2	-56	129163	9	1	1596	1478	400,400
1526405638.757208631	70	40	48	1	2	0	2	-56	129164	9	1	1596	1478	400,400
1526405638.768901005	70	40	48	1	2	0	2	-56	129165	9	1	1596	1478	400,400
1526405638.780688194	70	40	48	1	2	0	2	-56	129166	9	1	1596	1478	400,400
1526405638.792442343	70	40	48	1	2	0	2	-56	129167	9	1	1596	1478	400,400
1526405638.804088640	70	40	48	1	2	0	2	-56	129168	9	1	1596	1478	400,400
1526405638.815820147	70	40	48	1	2	0	2	-55	129169	9	1	1596	1478	400,400
1526405638.828186754	70	40	48	1	2	0	2	-56	129170	9	1	1596	1478	400,400
1526405638.839490359	70	40	48	1	2	0	2	-55	129171	9	1	1596	1478	400,400
1526405638.851256666	70	40	48	1	2	0	2	-55	129172	9	1	1596	1478	400,400
1526405638.862993908	70	40	48	1	2	0	2	-55	129173	9	1	1596	1478	400,400
1526405638.874697792	70	40	48	1	2	0	2	-56	129174	9	1	1596	1478	400,400
1526405638.886438580	70	40	48	1	2	0	2	-56	129175	9	1	1596	1478	400,400
1526405638.898189033	70	40	48	1	2	0	2	-56	129176	9	1	1596	1478	400,400
1526405638.909985873	70	40	48	1	2	0	2	-56	129177	9	1	1596	1478	400,400
1526405638.921730179	70	40	48	1	2	0	2	-56	129178	9	1	1596	1478	400,400
1526405638.933497501	70	40	48	1	2	0	2	-56	129179	9	1	1596	1478	400,400
1526405638.945292940	70	40	48	1	2	0	2	-56	129180	9	1	1596	1478	400,400
1526405638.957086617	70	40	48	1	2	0	2	-56	129181	9	1	1596	1478	400,400
1526405638.968859566	70	40	48	1	2	0	2	-56	129182	9	1	1596	1478	400,400
1526405638.980624405	70	40	48	1	2	0	2	-56	129183	9	1	1596	1478	400,400
1526405638.992637415	70	40	48	1	2	0	2	-56	129184	9	1	1596	1478	400,400
1526405639.004129891	70	40	48	1	2	0	2	-56	129185	9	1	1596	1478	400,400
1526405639.015634782	70	40	48	1	2	0	2	-56	129186	9	1	1596	1478	400,400
1526405639.027630335	70	40	48	1	2	0	2	-56	129187	9	1	1596	1478	400,400
1526405639.039341910	70	40	48	1	2	0	2	-56	129188	9	1	1596	1478	400,400
1526405639.051167573	70	40	48	1	2	0	2	-56	129189	9	1	1596	1478	400,400
1526405639.062919877	70	40	48	1	2	0	2	-56	129190	9	1	1596	1478	400,400
1526405639.074707924	70	40	48	1	2	0	2	-56	129191	9	1	1596	1478	400,400
1526405639.086447561	70	40	48	1	2	0	2	-56	129192	9	1	1596	1478	400,400
1526405639.098202877	70	40	48	1	2	0	2	-56	129193	9	1	1596	1478	400,400
1526405639.109965425	70	40	48	1	2	0	2	-55	129194	9	1	1596	1478	400,400
1526405639.121730876	70	40	48	1	2	0	2	-55	129195	9	1	1596	1478	400,400
1526405639.133491170	70	40	48	1	2	0	2	-55	129196	9	1	1596	1478	400,400
1526405639.145222198	70	40	48	1	2	0	2	-55	129197	9	1	1596	1478	400,400
1526405639.157026043	70	40	48	1	2	0	2	-55	129198	9	1	1596	1478	400,400
1526405639.168763919	70	40	48	1	2	0	2	-56	129199	9	1	1596	1478	400,400
1526405639.180552521	70	40	48	1	2	0	2	-56	129200	9	1	1596	1478	400,400
1526405639.192285910	70	40	48	1	2	0	2	-56	129201	9	1	1596	1478	400,400
1526405639.204046431	70	40	48	1	2	0	2	-56	129202	9	1	1596	1478	400,400
1526405639.215824032	70	40	48	1	2	0	2	-56	129203	9	1	1596	1478	400,400
1526405639.227561344	70	40	48	1	2	0	2	-56	129204	9	1	1596	1478	400,400
1526405639.239362127	70	40	48	1	2	0	2	-56	129205	9	1	1596	1478	400,400
1526405639.251093833	70	40	48	1	2	0	2	-56	129206	9	1	1596	1478	400,400
1526405639.262861475	70	40	48	1	2	0	2	-56	129207	9	1	1596	1478	400,400
1526405639.274594192	70	40	48	1	2	0	2	-56	129208	9	1	1596	1478	400,400
1526405639.286388851	70	40	48	1	2	0	2	-56	129209	9	1	1596	1478	400,400
1526405639.298072869	70	40	48	1	2	0	2	-56	129210	9	1	1596	1478	400,400
1526405639.309911946	70	40	48	1	2	0	2	-56	129211	9	1	1596	1478	400,400
1526405639.322003195	70	40	48	1	2	0	2	-56	129212	9	1	1596	1478	400,400
1526405639.333242790	70	40	48	1	2	0	2	-56	129213	9	1	1596	1478	400,400
1526405639.345084414	70	40	48	1	2	0	2	-57	129214	9	1	1596	1478	400,400
1526405639.356843283	70	40	48	1	2	0	2	-57	129215	9	1	1596	1478	400,400
1526405639.368684840	70	40	48	1	2	0	2	-57	129216	9	1	1596	1478	400,400
1526405639.380447564	70	40	48	1	2	0	2	-57	129217	9	1	1596	1478	400,400
1526405639.392188775	70	40	48	1	2	0	2	-56	129218	9	1	1596	1478	400,400
1526405639.403973913	70	40	48	1	2	0	2	-56	129219	9	1	1596	1478	400,400
1526405639.416062685	70	40	48	1	2	0	2	-56	129220	9	1	1596	1478	400,400
1526405639.427407643	70	40	48	1	2	0	2	-56	129221	9	1	1596	1478	400,400
1526405639.439252448	70	40	48	1	2	0	2	-56	129222	9	1	1596	1478	400,400
1526405639.451009229	70	40	48	1	2	0	2	-56	129223	9	1	1596	1478	400,400
1526405639.462764617	70	40	48	1	2	0	2	-56	129224	9	1	1596	1478	400,400
1526405639.474508789	70	40	48	1	2	0	2	-56	129225	9	1	1596	1478	400,400
1526405639.486294105	70	40	48	1	2	0	2	-56	129226	9	1	1596	1478	400,400
1526405639.498077505	70	40	48	1	2	0	2	-56	129227	9	1	1596	1478	400,400
1526405639.509728366	70	40	48	1	2	0	2	-56	129228	9	1	1596	1478	400,400
1526405639.521477971	70	40	48	1	2	0	2	-56	129229	9	1	1596	1478	400,400
1526405639.533255202	70	40	48	1	2	0	2	-56	129230	9	1	1596	1478	400,400
1526405639.545133834	70	40	48	1	2	0	2	-56	129231	9	1	1596	1478	400,400
1526405639.556880849	70	40	48	1	2	0	2	-56	129232	9	1	1596	1478	400,400
1526405639.568613005	70	40	48	1	2	0	2	-56	129233	9	1	1596	1478	400,400
1526405639.580362282	70	40	48	1	2	0	2	-55	129234	9	1	1596	1478	400,400
1526405639.592125362	70	40	48	1	2	0	2	-55	129235	9	1	1596	1478	400,400
1526405639.603880958	70	40	48	1	2	0	2	-55	129236	9	1	1596	1478	400,400
1526405639.615657390	70	40	48	1	2	0	2	-55	129237	9	1	1596	1478	400,400
1526405639.627401368	70	40	48	1	2	0	2	-55	129238	9	1	1596	1478	400,400
1526405639.639171625	70	40	48	1	2	0	2	-55	129239	9	1	1596	1478	400,400
1526405639.650943176	70	40	48	1	2	0	2	-55	129240	9	1	1596	1478	400,400
1526405639.662680298	70	40	48	1	2	0	2	-55	129241	9	1	1596	1478	400,400
1526405639.674387113	70	40	48	1	2	0	2	-55	129242	9	1	1596	1478	400,400
1526405639.686210956	70	40	48	1	2	0	2	-55	129243	9	1	1596	1478	400,400
1526405639.697988365	70	40	48	1	2	0	2	-56	129244	9	1	1596	1478	400,400
1526405639.709736040	70	40	48	1	2	0	2	-56	129245	9	1	1596	1478	400,400
1526405639.721476444	70	40	48	1	2	0	2	-56	129246	9	1	1596	1478	400,400
1526405639.733295326	70	40	48	1	2	0	2	-56	129247	9	1	1596	1478	400,400
1526405639.744996855	70	40	48	1	2	0	2	-56	129248	9	1	1596	1478	400,400
1526405639.756787801	70	40	48	1	2	0	2	-56	129249	9	1	1596	1478	400,400
1526405639.768543468	70	40	48	1	2	0	2	-56	129250	9	1	1596	1478	400,400
1526405639.780272649	70	40	48	1	2	0	2	-56	129251	9	1	1596	1478	400,400
1526405639.792056759	70	40	48	1	2	0	2	-56	129252	9	1	1596	1478	400,400
1526405639.803805781	70	40	48	1	2	0	2	-56	129253	9	1	1596	1478	400,400
1526405639.815956532	70	40	48	1	2	0	2	-56	129254	9	1	1596	1478	400,400
1526405639.827300122	70	40	48	1	2	0	2	-56	129255	9	1	1596	1478	400,400
1526405639.838992712	70	40	48	1	2	0	2	-56	129256	9	1	1596	1478	400,400
1526405639.850715914	70	40	48	1	2	0	2	-56	129257	9	1	1596	1478	400,400
1526405639.862558940	70	40	48	1	2	0	2	-56	129258	9	1	1596	1478	400,400
1526405639.874359554	70	40	48	1	2	0	2	-56	129259	9	1	1596	1478	400,400
1526405639.886130643	70	40	48	1	2	0	2	-55	129260	9	1	1596	1478	400,400
1526405639.897752332	70	40	48	1	2	0	2	-56	129261	9	1	1596	1478	400,400
1526405639.909668330	70	40	48	1	2	0	2	-55	129262	9	1	1596	1478	400,400
1526405639.921313521	70	40	48	1	2	0	2	-56	129263	9	1	1596	1478	400,400
1526405639.933046196	70	40	48	1	2	0	2	-56	129264	9	1	1596	1478	400,400
1526405639.944822684	70	40	48	1	2	0	2	-56	129265	9	1	1596	1478	400,400
1526405639.956616369	70	40	48	1	2	0	2	-56	129266	9	1	1596	1478	400,400
1526405639.968398450	70	40	48	1	2	0	2	-56	129267	9	1	1596	1478	400,400
1526405639.980116125	70	40	48	1	2	0	2	-56	129268	9	1	1596	1478	400,400
1526405639.991992934	70	40	48	1	2	0	2	-56	129269	9	1	1596	1478	400,400
1526405640.003738282	70	40	48	1	2	0	2	-55	129270	9	1	1596	1478	400,400
1526405640.015495086	70	40	48	1	2	0	2	-55	129271	9	1	1596	1478	400,400
1526405640.027241378	70	40	48	1	2	0	2	-55	129272	9	1	1596	1478	400,400
1526405640.039380472	70	40	48	1	2	0	2	-55	129273	9	1	1596	1478	400,400
1526405640.050763619	70	40	48	1	2	0	2	-56	129274	9	1	1596	1478	400,400
1526405640.062551230	70	40	48	1	2	0	2	-56	129275	9	1	1596	1478	400,400
1526405640.074280401	70	40	48	1	2	0	2	-56	129276	9	1	1596	1478	400,400
1526405640.085862449	70	40	48	1	2	0	2	-56	129277	9	1	1596	1478	400,400
1526405640.097699906	70	40	48	1	2	0	2	-56	129278	9	1	1596	1478	400,400
1526405640.109553119	70	40	48	1	2	0	2	-56	129279	9	1	1596	1478	400,400
1526405640.121352626	70	40	48	1	2	0	2	-55	129280	9	1	1596	1478	400,400
1526405640.133050102	70	40	48	1	2	0	2	-55	129281	9	1	1596	1478	400,400
1526405640.144760000	70	40	48	1	2	0	2	-55	129282	9	1	1596	1478	400,400
1526405640.156604724	70	40	48	1	2	0	2	-55	129283	9	1	1596	1478	400,400
1526405640.168405313	70	40	48	1	2	0	2	-55	129284	9	1	1596	1478	400,400
1526405640.180125783	70	40	48	1	2	0	2	-55	129285	9	1	1596	1478	400,400
1526405640.191865340	70	40	48	1	2	0	2	-55	129286	9	1	1596	1478	400,400
1526405640.203646941	70	40	48	1	2	0	2	-55	129287	9	1	1596	1478	400,400
1526405640.215410537	70	40	48	1	2	0	2	-55	129288	9	1	1596	1478	400,400
1526405640.227162780	70	40	48	1	2	0	2	-55	129289	9	1	1596	1478	400,400
1526405640.238918520	70	40	48	1	2	0	2	-55	129290	9	1	1596	1478	400,400
1526405640.250664734	70	40	48	1	2	0	2	-55	129291	9	1	1596	1478	400,400
1526405640.262472916	70	40	48	1	2	0	2	-55	129292	9	1	1596	1478	400,400
1526405640.274212682	70	40	48	1	2	0	2	-55	129293	9	1	1596	1478	400,400
1526405640.285962426	70	40	48	1	2	0	2	-55	129294	9	1	1596	1478	400,400
1526405640.297736948	70	40	48	1	2	0	2	-55	129295	9	1	1596	1478	400,400
1526405640.309494282	70	40	48	1	2	0	2	-55	129296	9	1	1596	1478	400,400
1526405640.321261108	70	40	48	1	2	0	2	-55	129297	9	1	1596	1478	400,400
1526405640.332988874	70	40	48	1	2	0	2	-54	129298	9	1	1596	1478	400,400
1526405640.344640045	70	40	48	1	2	0	2	-54	129299	9	1	1596	1478	400,400
1526405640.356367244	70	40	48	1	2	0	2	-54	129300	9	1	1596	1478	400,400
1526405640.368302249	70	40	48	1	2	0	2	-54	129301	9	1	1596	1478	400,400
1526405640.379917972	70	40	48	1	2	0	2	-54	129302	9	1	1596	1478	400,400
1526405640.391740473	70	40	48	1	2	0	2	-55	129303	9	1	1596	1478	400,400
1526405640.403471601	70	40	48	1	2	0	2	-55	129304	9	1	1596	1478	400,400
1526405640.415308574	70	40	48	1	2	0	2	-55	129305	9	1	1596	1478	400,400
1526405640.427113362	70	40	48	1	2	0	2	-55	129306	9	1	1596	1478	400,400
1526405640.438693987	70	40	48	1	2	0	2	-54	129307	9	1	1596	1478	400,400
1526405640.450471140	70	40	48	1	2	0	2	-54	129308	9	1	1596	1478	400,400
1526405640.462235471	70	40	48	1	2	0	2	-54	129309	9	1	1596	1478	400,400
1526405640.474146053	70	40	48	1	2	0	2	-54	129310	9	1	1596	1478	400,400
1526405640.485805402	70	40	48	1	2	0	2	-54	129311	9	1	1596	1478	400,400
1526405640.497544410	70	40	48	1	2	0	2	-54	129312	9	1	1596	1478	400,400
1526405640.509323693	70	40	48	1	2	0	2	-54	129313	9	1	1596	1478	400,400
1526405640.521181638	70	40	48	1	2	0	2	-54	129314	9	1	1596	1478	400,400
1526405640.532850623	70	40	48	1	2	0	2	-54	129315	9	1	1596	1478	400,400
1526405640.544686464	70	40	48	1	2	0	2	-54	129316	9	1	1596	1478	400,400
1526405640.556443582	70	40	48	1	2	0	2	-54	129317	9	1	1596	1478	400,400
1526405640.569340309	70	40	48	1	2	0	2	-54	129318	9	1	1596	1478	400,400
1526405640.579984373	70	40	48	1	2	0	2	-54	129319	9	1	1596	1478	400,400
1526405640.591741070	70	40	48	1	2	0	2	-54	129320	9	1	1596	1478	400,400
1526405640.603405098	70	40	48	1	2	0	2	-54	129321	9	1	1596	1478	400,400
1526405640.615254290	70	40	48	1	2	0	2	-54	129322	9	1	1596	1478	400,400
1526405640.626990649	70	40	48	1	2	0	2	-54	129323	9	1	1596	1478	400,400
1526405640.638752124	70	40	48	1	2	0	2	-54	129324	9	1	1596	1478	400,400
1526405640.650525947	70	40	48	1	2	0	2	-54	129325	9	1	1596	1478	400,400
1526405640.662291918	70	40	48	1	2	0	2	-54	129326	9	1	1596	1478	400,400
1526405640.674036109	70	40	48	1	2	0	2	-54	129327	9	1	1596	1478	400,400
1526405640.685815216	70	40	48	1	2	0	2	-55	129328	9	1	1596	1478	400,400
1526405640.697584152	70	40	48	1	2	0	2	-55	129329	9	1	1596	1478	400,400
1526405640.709353390	70	40	48	1	2	0	2	-55	129330	9	1	1596	1478	400,400
1526405640.721049200	70	40	48	1	2	0	2	-55	129331	9	1	1596	1478	400,400
1526405640.732851456	70	40	48	1	2	0	2	-56	129332	9	1	1596	1478	400,400
1526405640.744528477	70	40	48	1	2	0	2	-56	129333	9	1	1596	1478	400,400
1526405640.756988208	70	40	48	1	2	0	2	-56	129335	9	1	1596	1478	400,400
1526405640.769305430	70	40	48	1	2	0	2	-56	129337	9	1	1596	1478	400,400
1526405640.779915441	70	40	48	1	2	0	2	-57	129338	9	1	1596	1478	400,400
1526405640.791699096	70	40	48	1	2	0	2	-56	129339	9	1	1596	1478	400,400
1526405640.803448824	70	40	48	1	2	0	2	-56	129340	9	1	1596	1478	400,400
1526405640.815151919	70	40	48	1	2	0	2	-55	129341	9	1	1596	1478	400,400
1526405640.826956741	70	40	48	1	2	0	2	-56	129342	9	1	1596	1478	400,400
1526405640.838720115	70	40	48	1	2	0	2	-55	129343	9	1	1596	1478	400,400
1526405640.850503352	70	40	48	1	2	0	2	-54	129344	9	1	1596	1478	400,400
1526405640.862032528	70	40	48	1	2	0	2	-54	129345	9	1	1596	1478	400,400
1526405640.874214074	70	40	48	1	2	0	2	-54	129347	9	1	1596	1478	400,400
1526405640.887014545	74	40	48	1	2	0	2	-55	129349	8	1	1596	1478	360,360
1526405640.897539293	74	40	48	1	2	0	2	-55	129350	8	1	1596	1478	360,360
1526405640.909285531	74	40	48	1	2	0	2	-54	129351	8	1	1596	1478	360,360
1526405640.921068049	74	40	48	1	2	0	2	-54	129352	8	1	1596	1478	360,360
1526405640.932681569	74	40	48	1	2	0	2	-55	129353	8	1	1596	1478	360,360
1526405640.944461539	74	40	48	1	2	0	2	-55	129354	8	1	1596	1478	360,360
1526405640.956259673	74	40	48	1	2	0	2	-56	129355	8	1	1596	1478	360,360
1526405640.968041730	74	40	48	1	2	0	2	-56	129356	8	1	1596	1478	360,360
1526405640.979970776	74	40	48	0	2	0	2	-56	129357	9	1	1596	1478	360,360
1526405640.991832555	74	40	48	1	2	0	2	-56	129358	8	1	1596	1478	360,360
1526405641.003213218	74	40	48	1	2	0	2	-56	129359	8	1	1596	1478	360,360
1526405641.015386081	74	40	48	1	2	0	2	-56	129360	8	1	1596	1478	360,360
1526405641.026787102	74	40	48	1	2	0	2	-56	129361	8	1	1596	1478	360,360
1526405641.038577257	74	40	48	0	2	0	2	-56	129362	9	1	1596	1478	360,360
1526405641.050355675	74	40	48	1	2	0	2	-55	129363	8	1	1596	1478	360,360
1526405641.062923787	74	40	48	1	2	0	2	-55	129364	8	1	1596	1478	360,360
1526405641.073878564	74	40	48	1	2	0	2	-56	129365	8	1	1596	1478	360,360
1526405641.085629047	74	40	48	1	2	0	2	-56	129366	8	1	1596	1478	360,360
1526405641.097422472	74	40	48	0	2	0	2	-56	129367	9	1	1596	1478	360,360
1526405641.109173942	74	40	48	1	2	0	2	-56	129368	8	1	1596	1478	360,360
1526405641.120969526	74	40	48	1	2	0	2	-56	129369	8	1	1596	1478	360,360
1526405641.132676113	74	40	48	1	2	0	2	-56	129370	8	1	1596	1478	360,360
1526405641.144431248	74	40	48	1	2	0	2	-56	129371	8	1	1596	1478	360,360
1526405641.156213910	74	40	48	0	2	0	2	-56	129372	9	1	1596	1478	360,360
1526405641.167956121	70	40	48	1	2	0	2	-56	129373	9	1	1596	1478	400,400
1526405641.179717109	70	40	48	1	2	0	2	-56	129374	9	1	1596	1478	400,400
1526405641.191503957	70	40	48	1	2	0	2	-56	129375	9	1	1596	1478	400,400
1526405641.203238896	70	40	48	1	2	0	2	-56	129376	9	1	1596	1478	400,400
1526405641.214928100	70	40	48	1	2	0	2	-56	129377	9	1	1596	1478	400,400
1526405641.226747475	70	40	48	1	2	0	2	-56	129378	9	1	1596	1478	400,400
1526405641.238538463	70	40	48	1	2	0	2	-56	129379	9	1	1596	1478	400,400
1526405641.250307861	70	40	48	1	2	0	2	-56	129380	9	1	1596	1478	400,400
1526405641.262052327	70	40	48	1	2	0	2	-56	129381	9	1	1596	1478	400,400
1526405641.273802930	70	40	48	1	2	0	2	-56	129382	9	1	1596	1478	400,400
1526405641.285945759	70	40	48	1	2	0	2	-56	129383	9	1	1596	1478	400,400
1526405641.297243547	70	40	48	1	2	0	2	-56	129384	9	1	1596	1478	400,400
1526405641.309020826	70	40	48	1	2	0	2	-56	129385	9	1	1596	1478	400,400
1526405641.320724894	70	40	48	1	2	0	2	-56	129386	9	1	1596	1478	400,400
1526405641.332584518	70	40	48	1	2	0	2	-56	129387	9	1	1596	1478	400,400
1526405641.344301142	70	40	48	1	2	0	2	-56	129388	9	1	1596	1478	400,400
1526405641.356157890	70	40	48	1	2	0	2	-56	129389	9	1	1596	1478	400,400
1526405641.367634235	70	40	48	1	2	0	2	-56	129390	9	1	1596	1478	400,400
1526405641.379532698	70	40	48	1	2	0	2	-56	129391	9	1	1596	1478	400,400
1526405641.391230079	70	40	48	1	2	0	2	-57	129392	9	1	1596	1478	400,400
1526405641.403147968	70	40	48	1	2	0	2	-56	129393	9	1	1596	1478	400,400
1526405641.415449643	70	40	48	1	2	0	2	-56	129394	9	1	1596	1478	400,400
1526405641.426692255	70	40	48	1	2	0	2	-56	129395	9	1	1596	1478	400,400
1526405641.438235701	70	40	48	1	2	0	2	-57	129396	9	1	1596	1478	400,400
1526405641.450004680	70	40	48	1	2	0	2	-57	129397	9	1	1596	1478	400,400
1526405641.461785279	70	40	48	1	2	0	2	-57	129398	9	1	1596	1478	400,400
1526405641.473619794	70	40	48	1	2	0	2	-57	129399	9	1	1596	1478	400,400
1526405641.485479796	70	40	48	1	2	0	2	-57	129400	9	1	1596	1478	400,400
1526405641.497270562	70	40	48	1	2	0	2	-56	129401	9	1	1596	1478	400,400
1526405641.508997629	70	40	48	1	2	0	2	-56	129402	9	1	1596	1478	400,400
1526405641.520756821	70	40	48	1	2	0	2	-57	129403	9	1	1596	1478	400,400
1526405641.532424581	70	40	48	1	2	0	2	-57	129404	9	1	1596	1478	400,400
1526405641.544211335	70	40	48	1	2	0	2	-57	129405	9	1	1596	1478	400,400
1526405641.556047509	70	40	48	1	2	0	2	-57	129406	9	1	1596	1478	400,400
1526405641.567846843	70	40	48	1	2	0	2	-57	129407	9	1	1596	1478	400,400
1526405641.579557325	70	40	48	1	2	0	2	-57	129408	9	1	1596	1478	400,400
1526405641.592607690	74	40	48	1	2	0	2	-57	129411	8	1	1596	1478	360,360
1526405641.603099714	74	40	48	1	2	0	2	-56	129412	8	1	1596	1478	360,360
1526405641.614864905	74	40	48	1	2	0	2	-55	129413	8	1	1596	1478	360,360
1526405641.626601754	74	40	48	1	2	0	2	-55	129414	8	1	1596	1478	360,360
1526405641.638362067	74	40	48	1	2	0	2	-55	129415	8	1	1596	1478	360,360
1526405641.650048497	74	40	48	1	2	0	2	-55	129416	8	1	1596	1478	360,360
1526405641.661893899	74	40	48	1	2	0	2	-55	129417	8	1	1596	1478	360,360
1526405641.673639428	74	40	48	1	2	0	2	-56	129418	8	1	1596	1478	360,360
1526405641.685407763	74	40	48	0	2	0	2	-57	129419	9	1	1596	1478	360,360
1526405641.697210179	74	40	48	1	2	0	2	-57	129420	8	1	1596	1478	360,360
1526405641.708971097	74	40	48	1	2	0	2	-56	129421	8	1	1596	1478	360,360
1526405641.720682678	74	40	48	1	2	0	2	-56	129422	8	1	1596	1478	360,360
1526405641.732443002	74	40	48	1	2	0	2	-55	129423	8	1	1596	1478	360,360
1526405641.744207468	74	40	48	0	2	0	2	-55	129424	9	1	1596	1478	360,360
1526405641.755966799	74	40	48	1	2	0	2	-55	129425	8	1	1596	1478	360,360
1526405641.767735164	74	40	48	1	2	0	2	-55	129426	8	1	1596	1478	360,360
1526405641.779988738	74	40	48	1	2	0	2	-55	129427	8	1	1596	1478	360,360
1526405641.791243163	74	40	48	1	2	0	2	-55	129428	8	1	1596	1478	360,360
1526405641.802944935	74	40	48	0	2	0	2	-56	129429	9	1	1596	1478	360,360
1526405641.814769554	74	40	48	1	2	0	2	-55	129430	8	1	1596	1478	360,360
1526405641.826543637	74	40	48	1	2	0	2	-55	129431	8	1	1596	1478	360,360
1526405641.838299418	74	40	48	1	2	0	2	-56	129432	8	1	1596	1478	360,360
1526405641.850068184	74	40	48	1	2	0	2	-56	129433	8	1	1596	1478	360,360
1526405641.861804672	74	40	48	0	2	0	2	-57	129434	9	1	1596	1478	360,360
1526405641.873579980	70	40	48	1	2	0	2	-57	129435	9	1	1596	1478	400,400
1526405641.885191518	70	40	48	1	2	0	2	-57	129436	9	1	1596	1478	400,400
1526405641.897057845	70	40	48	1	2	0	2	-58	129437	9	1	1596	1478	400,400
1526405641.908772745	70	40	48	1	2	0	2	-58	129438	9	1	1596	1478	400,400
1526405641.920605158	70	40	48	1	2	0	2	-57	129439	9	1	1596	1478	400,400
1526405641.932174729	70	40	48	1	2	0	2	-57	129440	9	1	1596	1478	400,400
1526405641.943993214	70	40	48	1	2	0	2	-59	129441	9	1	1596	1478	400,400
1526405641.955754499	70	40	48	1	2	0	2	-57	129442	9	1	1596	1478	400,400
1526405641.967620342	70	40	48	1	2	0	2	-56	129443	9	1	1596	1478	400,400
1526405641.979274255	70	40	48	1	2	0	2	-57	129444	9	1	1596	1478	400,400
1526405641.991173491	70	40	48	1	2	0	2	-56	129445	9	1	1596	1478	400,400
1526405642.002947199	70	40	48	1	2	0	2	-56	129446	9	1	1596	1478	400,400
1526405642.014681931	70	40	48	1	2	0	2	-56	129447	9	1	1596	1478	400,400
1526405642.026453406	70	40	48	1	2	0	2	-55	129448	9	1	1596	1478	400,400
1526405642.038052347	70	40	48	1	2	0	2	-55	129449	9	1	1596	1478	400,400
1526405642.049964911	70	40	48	1	2	0	2	-54	129450	9	1	1596	1478	400,400
1526405642.061620925	70	40	48	1	2	0	2	-55	129451	9	1	1596	1478	400,400
1526405642.073466054	70	40	48	1	2	0	2	-54	129452	9	1	1596	1478	400,400
1526405642.085248488	70	40	48	1	2	0	2	-55	129453	9	1	1596	1478	400,400
1526405642.096996775	70	40	48	1	2	0	2	-55	129454	9	1	1596	1478	400,400
1526405642.108713295	70	40	48	1	2	0	2	-55	129455	9	1	1596	1478	400,400
1526405642.120514645	70	40	48	1	2	0	2	-55	129456	9	1	1596	1478	400,400
1526405642.132286227	70	40	48	1	2	0	2	-55	129457	9	1	1596	1478	400,400
1526405642.144036004	70	40	48	1	2	0	2	-55	129458	9	1	1596	1478	400,400
1526405642.155819992	70	40	48	1	2	0	2	-56	129459	9	1	1596	1478	400,400
1526405642.167467437	70	40	48	1	2	0	2	-55	129460	9	1	1596	1478	400,400
1526405642.179230336	70	40	48	1	2	0	2	-55	129461	9	1	1596	1478	400,400
1526405642.190980673	70	40	48	1	2	0	2	-55	129462	9	1	1596	1478	400,400
1526405642.202847179	70	40	48	1	2	0	2	-54	129463	9	1	1596	1478	400,400
1526405642.214630702	70	40	48	1	2	0	2	-53	129464	9	1	1596	1478	400,400
1526405642.226367225	70	40	48	1	2	0	2	-53	129465	9	1	1596	1478	400,400
1526405642.238161816	70	40	48	1	2	0	2	-53	129466	9	1	1596	1478	400,400
1526405642.249875573	70	40	48	1	2	0	2	-54	129467	9	1	1596	1478	400,400
1526405642.261639081	70	40	48	1	2	0	2	-54	129468	9	1	1596	1478	400,400
1526405642.273393664	70	40	48	1	2	0	2	-54	129469	9	1	1596	1478	400,400
1526405642.285197621	70	40	48	1	2	0	2	-54	129470	9	1	1596	1478	400,400
1526405642.296938983	70	40	48	1	2	0	2	-54	129471	9	1	1596	1478	400,400
1526405642.308677131	70	40	48	1	2	0	2	-54	129472	9	1	1596	1478	400,400
1526405642.320464040	70	40	48	1	2	0	2	-53	129473	9	1	1596	1478	400,400
1526405642.332135428	70	40	48	1	2	0	2	-53	129474	9	1	1596	1478	400,400
1526405642.343838110	70	40	48	1	2	0	2	-54	129475	9	1	1596	1478	400,400
1526405642.355618453	70	40	48	1	2	0	2	-54	129476	9	1	1596	1478	400,400
1526405642.367469438	70	40	48	1	2	0	2	-54	129477	9	1	1596	1478	400,400
1526405642.379239867	70	40	48	1	2	0	2	-55	129478	9	1	1596	1478	400,400
1526405642.390882407	70	40	48	1	2	0	2	-55	129479	9	1	1596	1478	400,400
1526405642.402627239	70	40	48	1	2	0	2	-54	129480	9	1	1596	1478	400,400
1526405642.414377823	70	40	48	1	2	0	2	-54	129481	9	1	1596	1478	400,400
1526405642.426192604	70	40	48	1	2	0	2	-55	129482	9	1	1596	1478	400,400
1526405642.437910434	70	40	48	1	2	0	2	-56	129483	9	1	1596	1478	400,400
1526405642.449788310	70	40	48	1	2	0	2	-55	129484	9	1	1596	1478	400,400
1526405642.461456158	70	40	48	1	2	0	2	-54	129485	9	1	1596	1478	400,400
1526405642.473326232	70	40	48	1	2	0	2	-53	129486	9	1	1596	1478	400,400
1526405642.485087117	70	40	48	1	2	0	2	-54	129487	9	1	1596	1478	400,400
1526405642.497008569	70	40	48	1	2	0	2	-55	129488	9	1	1596	1478	400,400
1526405642.508625390	70	40	48	1	2	0	2	-55	129489	9	1	1596	1478	400,400
1526405642.520405423	70	40	48	1	2	0	2	-55	129490	9	1	1596	1478	400,400
1526405642.531963789	70	40	48	1	2	0	2	-55	129491	9	1	1596	1478	400,400
1526405642.543788747	70	40	48	1	2	0	2	-55	129492	9	1	1596	1478	400,400
1526405642.555643880	70	40	48	1	2	0	2	-55	129493	9	1	1596	1478	400,400
1526405642.567240110	70	40	48	1	2	0	2	-56	129494	9	1	1596	1478	400,400
1526405642.579178811	70	40	48	1	2	0	2	-56	129495	9	1	1596	1478	400,400
1526405642.590929928	70	40	48	1	2	0	2	-55	129496	9	1	1596	1478	400,400
1526405642.602676739	70	40	48	1	2	0	2	-55	129497	9	1	1596	1478	400,400
1526405642.614437398	70	40	48	1	2	0	2	-57	129498	9	1	1596	1478	400,400
1526405642.626223032	70	40	48	1	2	0	2	-55	129499	9	1	1596	1478	400,400
1526405642.637948041	70	40	48	1	2	0	2	-54	129500	9	1	1596	1478	400,400
1526405642.649727795	70	40	48	1	2	0	2	-56	129501	9	1	1596	1478	400,400
1526405642.661481819	70	40	48	1	2	0	2	-55	129502	9	1	1596	1478	400,400
1526405642.673230224	70	40	48	1	2	0	2	-55	129503	9	1	1596	1478	400,400
1526405642.685008783	70	40	48	1	2	0	2	-55	129504	9	1	1596	1478	400,400
1526405642.696771183	70	40	48	1	2	0	2	-52	129505	9	1	1596	1478	400,400
1526405642.708543264	70	40	48	1	2	0	2	-53	129506	9	1	1596	1478	400,400
1526405642.720400480	70	40	48	1	2	0	2	-54	129507	9	1	1596	1478	400,400
1526405642.732035187	70	40	48	1	2	0	2	-53	129508	9	1	1596	1478	400,400
1526405642.743808251	70	40	48	1	2	0	2	-53	129509	9	1	1596	1478	400,400
1526405642.755514050	70	40	48	1	2	0	2	-55	129510	9	1	1596	1478	400,400
1526405642.767339452	70	40	48	1	2	0	2	-55	129511	9	1	1596	1478	400,400
1526405642.779087680	70	40	48	1	2	0	2	-54	129512	9	1	1596	1478	400,400
1526405642.790783436	70	40	48	1	2	0	2	-54	129513	9	1	1596	1478	400,400
1526405642.802597562	70	40	48	1	2	0	2	-54	129514	9	1	1596	1478	400,400
1526405642.814368451	70	40	48	1	2	0	2	-55	129515	9	1	1596	1478	400,400
1526405642.826168676	70	40	48	1	2	0	2	-55	129516	9	1	1596	1478	400,400
1526405642.837811253	70	40	48	1	2	0	2	-54	129517	9	1	1596	1478	400,400
1526405642.849643584	70	40	48	1	2	0	2	-53	129518	9	1	1596	1478	400,400
1526405642.861392205	70	40	48	1	2	0	2	-55	129519	9	1	1596	1478	400,400
1526405642.873085231	70	40	48	1	2	0	2	-54	129520	9	1	1596	1478	400,400
1526405642.884958819	70	40	48	1	2	0	2	-53	129521	9	1	1596	1478	400,400
1526405642.896693880	70	40	48	1	2	0	2	-53	129522	9	1	1596	1478	400,400
1526405642.908275970	70	40	48	1	2	0	2	-54	129523	9	1	1596	1478	400,400
1526405642.920217022	70	40	48	1	2	0	2	-55	129524	9	1	1596	1478	400,400
1526405642.931873776	70	40	48	1	2	0	2	-54	129525	9	1	1596	1478	400,400
1526405642.943626411	70	40	48	1	2	0	2	-53	129526	9	1	1596	1478	400,400
1526405642.955407208	70	40	48	1	2	0	2	-54	129527	9	1	1596	1478	400,400
1526405642.967244287	70	40	48	1	2	0	2	-56	129528	9	1	1596	1478	400,400
1526405642.979003076	70	40	48	1	2	0	2	-54	129529	9	1	1596	1478	400,400
1526405642.990758613	70	40	48	1	2	0	2	-53	129530	9	1	1596	1478	400,400
1526405643.002525367	70	40	48	1	2	0	2	-53	129531	9	1	1596	1478	400,400
1526405643.014212765	70	40	48	1	2	0	2	-53	129532	9	1	1596	1478	400,400
1526405643.026971055	70	40	48	1	2	0	2	-54	129533	9	1	1596	1478	400,400
1526405643.037760752	70	40	48	1	2	0	2	-54	129534	9	1	1596	1478	400,400
1526405643.049559029	70	40	48	1	2	0	2	-54	129535	9	1	1596	1478	400,400
1526405643.061307269	70	40	48	1	2	0	2	-54	129536	9	1	1596	1478	400,400
1526405643.073088181	70	40	48	1	2	0	2	-54	129537	9	1	1596	1478	400,400
1526405643.084880645	70	40	48	1	2	0	2	-53	129538	9	1	1596	1478	400,400
1526405643.096860164	70	40	48	1	2	0	2	-52	129539	9	1	1596	1478	400,400
1526405643.108614738	70	40	48	1	2	0	2	-54	129540	9	1	1596	1478	400,400
1526405643.120129705	70	40	48	1	2	0	2	-54	129541	9	1	1596	1478	400,400
1526405643.131857773	70	40	48	1	2	0	2	-53	129542	9	1	1596	1478	400,400
1526405643.143654951	70	40	48	1	2	0	2	-54	129543	9	1	1596	1478	400,400
1526405643.155410847	70	40	48	1	2	0	2	-54	129544	9	1	1596	1478	400,400
1526405643.167173145	70	40	48	1	2	0	2	-53	129545	9	1	1596	1478	400,400
1526405643.178933060	70	40	48	1	2	0	2	-55	129546	9	1	1596	1478	400,400
1526405643.190706000	70	40	48	1	2	0	2	-53	129547	9	1	1596	1478	400,400
1526405643.202371566	70	40	48	1	2	0	2	-53	129548	9	1	1596	1478	400,400
1526405643.214131134	70	40	48	1	2	0	2	-55	129549	9	1	1596	1478	400,400
1526405643.225878905	70	40	48	1	2	0	2	-54	129550	9	1	1596	1478	400,400
1526405643.237614730	70	40	48	1	2	0	2	-54	129551	9	1	1596	1478	400,400
1526405643.249387501	70	40	48	1	2	0	2	-54	129552	9	1	1596	1478	400,400
1526405643.261129317	70	40	48	1	2	0	2	-55	129553	9	1	1596	1478	400,400
1526405643.272894547	70	40	48	1	2	0	2	-54	129554	9	1	1596	1478	400,400
1526405643.284631921	70	40	48	1	2	0	2	-54	129555	9	1	1596	1478	400,400
1526405643.296411077	70	40	48	1	2	0	2	-54	129556	9	1	1596	1478	400,400
1526405643.308175088	70	40	48	1	2	0	2	-55	129557	9	1	1596	1478	400,400
1526405643.319897313	70	40	48	1	2	0	2	-55	129558	9	1	1596	1478	400,400
1526405643.331682885	70	40	48	1	2	0	2	-54	129559	9	1	1596	1478	400,400
1526405643.343473452	70	40	48	1	2	0	2	-55	129560	9	1	1596	1478	400,400
1526405643.355193246	70	40	48	1	2	0	2	-54	129561	9	1	1596	1478	400,400
1526405643.366963137	70	40	48	1	2	0	2	-54	129562	9	1	1596	1478	400,400
1526405643.378730705	70	40	48	1	2	0	2	-55	129563	9	1	1596	1478	400,400
1526405643.390470381	70	40	48	1	2	0	2	-55	129564	9	1	1596	1478	400,400
1526405643.402144264	70	40	48	1	2	0	2	-54	129565	9	1	1596	1478	400,400
1526405643.413906943	70	40	48	1	2	0	2	-55	129566	9	1	1596	1478	400,400
1526405643.425691407	70	40	48	1	2	0	2	-55	129567	9	1	1596	1478	400,400
1526405643.437468487	70	40	48	1	2	0	2	-55	129568	9	1	1596	1478	400,400
1526405643.449177226	70	40	48	1	2	0	2	-54	129569	9	1	1596	1478	400,400
1526405643.460978864	70	40	48	1	2	0	2	-54	129570	9	1	1596	1478	400,400
1526405643.472748856	70	40	48	1	2	0	2	-55	129571	9	1	1596	1478	400,400
1526405643.484545902	70	40	48	1	2	0	2	-54	129573	9	1	1596	1478	400,400
1526405643.496498381	70	40	48	1	2	0	2	-55	129574	9	1	1596	1478	400,400
1526405643.508086002	70	40	48	1	2	0	2	-54	129575	9	1	1596	1478	400,400
1526405643.520536626	70	40	48	1	2	0	2	-54	129576	9	1	1596	1478	400,400
1526405643.531518253	70	40	48	1	2	0	2	-55	129577	9	1	1596	1478	400,400
1526405643.543255029	70	40	48	1	2	0	2	-55	129578	9	1	1596	1478	400,400
1526405643.555128496	70	40	48	1	2	0	2	-56	129579	9	1	1596	1478	400,400
1526405643.566877863	70	40	48	1	2	0	2	-56	129580	9	1	1596	1478	400,400
1526405643.578643778	70	40	48	1	2	0	2	-56	129581	9	1	1596	1478	400,400
1526405643.590400397	70	40	48	1	2	0	2	-56	129582	9	1	1596	1478	400,400
1526405643.602161517	70	40	48	1	2	0	2	-56	129583	9	1	1596	1478	400,400
1526405643.613856465	70	40	48	1	2	0	2	-56	129584	9	1	1596	1478	400,400
1526405643.625653365	70	40	48	1	2	0	2	-56	129585	9	1	1596	1478	400,400
1526405643.637390420	70	40	48	1	2	0	2	-56	129586	9	1	1596	1478	400,400
1526405643.649227303	70	40	48	1	2	0	2	-56	129587	9	1	1596	1478	400,400
1526405643.660956751	70	40	48	1	2	0	2	-55	129588	9	1	1596	1478	400,400
1526405643.673323387	70	40	48	1	2	0	2	-56	129590	9	1	1596	1478	400,400
1526405643.684493367	70	40	48	1	2	0	2	-55	129591	9	1	1596	1478	400,400
1526405643.696238096	70	40	48	1	2	0	2	-55	129592	9	1	1596	1478	400,400
1526405643.708704142	70	40	48	1	2	0	2	-55	129594	9	1	1596	1478	400,400
1526405643.719775180	70	40	48	1	2	0	2	-55	129595	9	1	1596	1478	400,400
1526405643.731534181	70	40	48	1	2	0	2	-55	129596	9	1	1596	1478	400,400
1526405643.743388807	70	40	48	1	2	0	2	-56	129597	9	1	1596	1478	400,400
1526405643.755180157	70	40	48	1	2	0	2	-54	129598	9	1	1596	1478	400,400
1526405643.766929125	70	40	48	1	2	0	2	-55	129599	9	1	1596	1478	400,400
1526405643.778698925	70	40	48	1	2	0	2	-55	129600	9	1	1596	1478	400,400
1526405643.790453147	70	40	48	1	2	0	2	-55	129601	9	1	1596	1478	400,400
1526405643.802218333	70	40	48	1	2	0	2	-54	129602	9	1	1596	1478	400,400
1526405643.813956564	70	40	48	1	2	0	2	-55	129603	9	1	1596	1478	400,400
1526405643.825664857	70	40	48	1	2	0	2	-54	129604	9	1	1596	1478	400,400
1526405643.837468509	70	40	48	1	2	0	2	-56	129605	9	1	1596	1478	400,400
1526405643.849282712	70	40	48	1	2	0	2	-55	129606	9	1	1596	1478	400,400
1526405643.861009346	70	40	48	1	2	0	2	-55	129607	9	1	1596	1478	400,400
1526405643.872746779	70	40	48	1	2	0	2	-55	129608	9	1	1596	1478	400,400
1526405643.884533857	70	40	48	1	2	0	2	-55	129609	9	1	1596	1478	400,400
1526405643.896307716	70	40	48	1	2	0	2	-55	129610	9	1	1596	1478	400,400
1526405643.908058902	70	40	48	1	2	0	2	-56	129611	9	1	1596	1478	400,400
1526405643.919813971	70	40	48	1	2	0	2	-55	129612	9	1	1596	1478	400,400
1526405643.931462571	70	40	48	1	2	0	2	-54	129613	9	1	1596	1478	400,400
1526405643.943206194	70	40	48	1	2	0	2	-56	129614	9	1	1596	1478	400,400
1526405643.955112701	70	40	48	1	2	0	2	-56	129615	9	1	1596	1478	400,400
1526405643.966853379	70	40	48	1	2	0	2	-55	129616	9	1	1596	1478	400,400
1526405643.978485847	70	40	48	1	2	0	2	-55	129617	9	1	1596	1478	400,400
1526405643.990359169	70	40	48	1	2	0	2	-56	129618	9	1	1596	1478	400,400
1526405644.002119903	70	40	48	1	2	0	2	-56	129619	9	1	1596	1478	400,400
1526405644.013872218	70	40	48	1	2	0	2	-55	129620	9	1	1596	1478	400,400
1526405644.025654351	70	40	48	1	2	0	2	-55	129621	9	1	1596	1478	400,400
1526405644.037334020	70	40	48	1	2	0	2	-56	129622	9	1	1596	1478	400,400
1526405644.049173204	70	40	48	1	2	0	2	-55	129623	9	1	1596	1478	400,400
1526405644.060826572	70	40	48	1	2	0	2	-55	129624	9	1	1596	1478	400,400
1526405644.072691595	70	40	48	1	2	0	2	-55	129625	9	1	1596	1478	400,400
1526405644.084470472	70	40	48	1	2	0	2	-55	129626	9	1	1596	1478	400,400
1526405644.096226322	70	40	48	1	2	0	2	-56	129627	9	1	1596	1478	400,400
1526405644.107962874	70	40	48	1	2	0	2	-56	129628	9	1	1596	1478	400,400
1526405644.119731139	70	40	48	1	2	0	2	-56	129629	9	1	1596	1478	400,400
1526405644.131507374	70	40	48	1	2	0	2	-56	129630	9	1	1596	1478	400,400
1526405644.143245233	70	40	48	1	2	0	2	-55	129631	9	1	1596	1478	400,400
1526405644.155040554	70	40	48	1	2	0	2	-55	129632	9	1	1596	1478	400,400
1526405644.166760390	70	40	48	1	2	0	2	-56	129633	9	1	1596	1478	400,400
1526405644.178522081	70	40	48	1	2	0	2	-55	129634	9	1	1596	1478	400,400
1526405644.190291517	70	40	48	1	2	0	2	-55	129635	9	1	1596	1478	400,400
1526405644.202226927	70	40	48	1	2	0	2	-56	129636	9	1	1596	1478	400,400
1526405644.213819382	70	40	48	1	2	0	2	-56	129637	9	1	1596	1478	400,400
1526405644.225575781	70	40	48	1	2	0	2	-54	129638	9	1	1596	1478	400,400
1526405644.237563769	70	40	48	1	2	0	2	-55	129639	9	1	1596	1478	400,400
1526405644.249100427	70	40	48	1	2	0	2	-55	129640	9	1	1596	1478	400,400
1526405644.260873341	70	40	48	1	2	0	2	-54	129641	9	1	1596	1478	400,400
1526405644.272590649	70	40	48	1	2	0	2	-55	129642	9	1	1596	1478	400,400
1526405644.284280533	70	40	48	1	2	0	2	-54	129643	9	1	1596	1478	400,400
1526405644.296020795	70	40	48	1	2	0	2	-54	129644	9	1	1596	1478	400,400
1526405644.307863189	70	40	48	1	2	0	2	-55	129645	9	1	1596	1478	400,400
1526405644.319632277	70	40	48	1	2	0	2	-55	129646	9	1	1596	1478	400,400
1526405644.331412403	70	40	48	1	2	0	2	-55	129647	9	1	1596	1478	400,400
1526405644.343165144	70	40	48	1	2	0	2	-55	129648	9	1	1596	1478	400,400
1526405644.354967558	70	40	48	1	2	0	2	-54	129649	9	1	1596	1478	400,400
1526405644.366679573	70	40	48	1	2	0	2	-55	129650	9	1	1596	1478	400,400
1526405644.378356770	70	40	48	1	2	0	2	-55	129651	9	1	1596	1478	400,400
1526405644.390103309	70	40	48	1	2	0	2	-55	129652	9	1	1596	1478	400,400
1526405644.401866049	70	40	48	1	2	0	2	-55	129653	9	1	1596	1478	400,400
1526405644.413618885	70	40	48	1	2	0	2	-54	129654	9	1	1596	1478	400,400
1526405644.425400953	70	40	48	1	2	0	2	-55	129655	9	1	1596	1478	400,400
1526405644.437166496	70	40	48	1	2	0	2	-55	129656	9	1	1596	1478	400,400
1526405644.448854004	70	40	48	1	2	0	2	-55	129657	9	1	1596	1478	400,400
1526405644.460716875	70	40	48	1	2	0	2	-54	129658	9	1	1596	1478	400,400
1526405644.472510136	70	40	48	1	2	0	2	-55	129659	9	1	1596	1478	400,400
1526405644.484268454	70	40	48	1	2	0	2	-55	129660	9	1	1596	1478	400,400
1526405644.496066142	70	40	48	1	2	0	2	-55	129661	9	1	1596	1478	400,400
1526405644.507832764	70	40	48	1	2	0	2	-54	129662	9	1	1596	1478	400,400
1526405644.519502147	70	40	48	1	2	0	2	-54	129663	9	1	1596	1478	400,400
1526405644.531193319	70	40	48	1	2	0	2	-55	129664	9	1	1596	1478	400,400
1526405644.542956894	70	40	48	1	2	0	2	-54	129665	9	1	1596	1478	400,400
1526405644.554758518	70	40	48	1	2	0	2	-54	129666	9	1	1596	1478	400,400
1526405644.566630162	70	40	48	1	2	0	2	-54	129667	9	1	1596	1478	400,400
1526405644.578360982	70	40	48	1	2	0	2	-54	129668	9	1	1596	1478	400,400
1526405644.590110274	70	40	48	1	2	0	2	-54	129669	9	1	1596	1478	400,400
1526405644.601887606	70	40	48	1	2	0	2	-54	129670	9	1	1596	1478	400,400
1526405644.613647102	70	40	48	1	2	0	2	-55	129671	9	1	1596	1478	400,400
1526405644.625426353	70	40	48	1	2	0	2	-55	129672	9	1	1596	1478	400,400
1526405644.637215838	70	40	48	1	2	0	2	-55	129673	9	1	1596	1478	400,400
1526405644.648952911	70	40	48	1	2	0	2	-55	129674	9	1	1596	1478	400,400
1526405644.660671407	70	40	48	1	2	0	2	-55	129675	9	1	1596	1478	400,400
1526405644.672452911	70	40	48	1	2	0	2	-55	129676	9	1	1596	1478	400,400
1526405644.684220152	70	40	48	1	2	0	2	-55	129677	9	1	1596	1478	400,400
1526405644.695977060	70	40	48	1	2	0	2	-55	129678	9	1	1596	1478	400,400
1526405644.707725682	70	40	48	1	2	0	2	-56	129679	9	1	1596	1478	400,400
1526405644.719493239	70	40	48	1	2	0	2	-55	129680	9	1	1596	1478	400,400
1526405644.731250972	70	40	48	1	2	0	2	-55	129681	9	1	1596	1478	400,400
1526405644.743031209	70	40	48	1	2	0	2	-55	129682	9	1	1596	1478	400,400
1526405644.754772306	70	40	48	1	2	0	2	-55	129683	9	1	1596	1478	400,400
1526405644.767473673	70	40	48	1	2	0	2	-55	129684	9	1	1596	1478	400,400
1526405644.778310682	70	40	48	1	2	0	2	-55	129685	9	1	1596	1478	400,400
1526405644.790045556	70	40	48	1	2	0	2	-55	129686	9	1	1596	1478	400,400
1526405644.801793885	70	40	48	1	2	0	2	-55	129687	9	1	1596	1478	400,400
1526405644.813568772	70	40	48	1	2	0	2	-56	129688	9	1	1596	1478	400,400
1526405644.825312693	70	40	48	1	2	0	2	-55	129689	9	1	1596	1478	400,400
1526405644.837095493	70	40	48	1	2	0	2	-56	129690	9	1	1596	1478	400,400
1526405644.848845945	70	40	48	1	2	0	2	-55	129691	9	1	1596	1478	400,400
1526405644.860608294	70	40	48	1	2	0	2	-55	129692	9	1	1596	1478	400,400
1526405644.872389555	70	40	48	1	2	0	2	-56	129693	9	1	1596	1478	400,400
1526405644.884134617	70	40	48	1	2	0	2	-55	129694	9	1	1596	1478	400,400
1526405644.895888439	70	40	48	1	2	0	2	-56	129695	9	1	1596	1478	400,400
1526405644.907651709	70	40	48	1	2	0	2	-56	129696	9	1	1596	1478	400,400
1526405644.919407694	70	40	48	1	2	0	2	-57	129697	9	1	1596	1478	400,400
1526405644.931172744	70	40	48	1	2	0	2	-56	129698	9	1	1596	1478	400,400
1526405644.942946949	70	40	48	1	2	0	2	-57	129699	9	1	1596	1478	400,400
1526405644.954566455	70	40	48	1	2	0	2	-57	129700	9	1	1596	1478	400,400
1526405644.966465305	70	40	48	1	2	0	2	-56	129701	9	1	1596	1478	400,400
1526405644.978157835	70	40	48	1	2	0	2	-57	129702	9	1	1596	1478	400,400
1526405644.989950237	70	40	48	1	2	0	2	-57	129703	9	1	1596	1478	400,400
1526405645.001746241	70	40	48	1	2	0	2	-57	129704	9	1	1596	1478	400,400
1526405645.013382561	70	40	48	1	2	0	2	-57	129705	9	1	1596	1478	400,400
1526405645.025225980	70	40	48	1	2	0	2	-57	129706	9	1	1596	1478	400,400
1526405645.036874937	70	40	48	1	2	0	2	-57	129707	9	1	1596	1478	400,400
1526405645.048689054	70	40	48	1	2	0	2	-57	129708	9	1	1596	1478	400,400
1526405645.060512258	70	40	48	1	2	0	2	-56	129709	9	1	1596	1478	400,400
1526405645.072269746	70	40	48	1	2	0	2	-57	129710	9	1	1596	1478	400,400
1526405645.084078552	70	40	48	1	2	0	2	-56	129711	9	1	1596	1478	400,400
1526405645.096163277	70	40	48	1	2	0	2	-56	129712	9	1	1596	1478	400,400
1526405645.107565880	70	40	48	1	2	0	2	-56	129713	9	1	1596	1478	400,400
1526405645.119327428	70	40	48	1	2	0	2	-57	129714	9	1	1596	1478	400,400
1526405645.131013573	70	40	48	1	2	0	2	-57	129715	9	1	1596	1478	400,400
1526405645.142753504	70	40	48	1	2	0	2	-56	129716	9	1	1596	1478	400,400
1526405645.154605502	70	40	48	1	2	0	2	-56	129717	9	1	1596	1478	400,400
1526405645.166299938	70	40	48	1	2	0	2	-56	129718	9	1	1596	1478	400,400
1526405645.178130212	70	40	48	1	2	0	2	-56	129719	9	1	1596	1478	400,400
1526405645.189898538	70	40	48	1	2	0	2	-56	129720	9	1	1596	1478	400,400
1526405645.201637993	70	40	48	1	2	0	2	-56	129721	9	1	1596	1478	400,400
1526405645.213406935	70	40	48	1	2	0	2	-55	129722	9	1	1596	1478	400,400
1526405645.225183098	70	40	48	1	2	0	2	-55	129723	9	1	1596	1478	400,400
1526405645.236948329	70	40	48	1	2	0	2	-55	129724	9	1	1596	1478	400,400
1526405645.248686005	70	40	48	1	2	0	2	-55	129725	9	1	1596	1478	400,400
1526405645.260380260	70	40	48	1	2	0	2	-55	129726	9	1	1596	1478	400,400
1526405645.272204993	70	40	48	1	2	0	2	-54	129727	9	1	1596	1478	400,400
1526405645.283921506	70	40	48	1	2	0	2	-54	129728	9	1	1596	1478	400,400
1526405645.295665739	70	40	48	1	2	0	2	-54	129729	9	1	1596	1478	400,400
1526405645.307400480	70	40	48	1	2	0	2	-54	129730	9	1	1596	1478	400,400
1526405645.319239999	70	40	48	1	2	0	2	-54	129731	9	1	1596	1478	400,400
1526405645.330987466	70	40	48	1	2	0	2	-55	129732	9	1	1596	1478	400,400
1526405645.342776406	70	40	48	1	2	0	2	-55	129733	9	1	1596	1478	400,400
1526405645.354512655	70	40	48	1	2	0	2	-55	129734	9	1	1596	1478	400,400
1526405645.366198138	70	40	48	1	2	0	2	-55	129735	9	1	1596	1478	400,400
1526405645.377947815	70	40	48	1	2	0	2	-55	129736	9	1	1596	1478	400,400
1526405645.389729303	70	40	48	1	2	0	2	-55	129737	9	1	1596	1478	400,400
1526405645.401552509	70	40	48	1	2	0	2	-55	129738	9	1	1596	1478	400,400
1526405645.413238696	70	40	48	1	2	0	2	-55	129739	9	1	1596	1478	400,400
1526405645.425112954	70	40	48	1	2	0	2	-55	129740	9	1	1596	1478	400,400
1526405645.436770967	70	40	48	1	2	0	2	-55	129741	9	1	1596	1478	400,400
1526405645.448599700	70	40	48	1	2	0	2	-55	129742	9	1	1596	1478	400,400
1526405645.460373231	70	40	48	1	2	0	2	-55	129743	9	1	1596	1478	400,400
1526405645.472037905	70	40	48	1	2	0	2	-55	129744	9	1	1596	1478	400,400
1526405645.483899429	70	40	48	1	2	0	2	-55	129745	9	1	1596	1478	400,400
1526405645.495644745	70	40	48	1	2	0	2	-55	129746	9	1	1596	1478	400,400
1526405645.507420214	70	40	48	1	2	0	2	-55	129747	9	1	1596	1478	400,400
1526405645.519170116	70	40	48	1	2	0	2	-55	129748	9	1	1596	1478	400,400
1526405645.530734766	70	40	48	1	2	0	2	-55	129749	9	1	1596	1478	400,400
1526405645.542568689	70	40	48	1	2	0	2	-55	129750	9	1	1596	1478	400,400
1526405645.554448006	70	40	48	1	2	0	2	-55	129751	9	1	1596	1478	400,400
1526405645.566210017	70	40	48	1	2	0	2	-55	129752	9	1	1596	1478	400,400
1526405645.577820712	70	40	48	1	2	0	2	-55	129753	9	1	1596	1478	400,400
1526405645.589702235	70	40	48	1	2	0	2	-55	129754	9	1	1596	1478	400,400
1526405645.601475938	70	40	48	1	2	0	2	-54	129755	9	1	1596	1478	400,400
1526405645.613248054	70	40	48	1	2	0	2	-54	129756	9	1	1596	1478	400,400
1526405645.625001080	70	40	48	1	2	0	2	-54	129757	9	1	1596	1478	400,400
1526405645.636755563	70	40	48	1	2	0	2	-54	129758	9	1	1596	1478	400,400
1526405645.648506980	70	40	48	1	2	0	2	-54	129759	9	1	1596	1478	400,400
1526405645.660200778	70	40	48	1	2	0	2	-54	129760	9	1	1596	1478	400,400
1526405645.671963437	70	40	48	1	2	0	2	-54	129761	9	1	1596	1478	400,400
1526405645.683809970	70	40	48	1	2	0	2	-54	129762	9	1	1596	1478	400,400
1526405645.695602482	70	40	48	1	2	0	2	-54	129763	9	1	1596	1478	400,400
1526405645.707322715	70	40	48	1	2	0	2	-54	129764	9	1	1596	1478	400,400
1526405645.719086245	70	40	48	1	2	0	2	-55	129765	9	1	1596	1478	400,400
1526405645.730846345	70	40	48	1	2	0	2	-55	129766	9	1	1596	1478	400,400
1526405645.742605791	70	40	48	1	2	0	2	-55	129767	9	1	1596	1478	400,400
1526405645.754354842	70	40	48	1	2	0	2	-55	129768	9	1	1596	1478	400,400
1526405645.766186241	70	40	48	1	2	0	2	-55	129769	9	1	1596	1478	400,400
1526405645.777935195	70	40	48	1	2	0	2	-55	129770	9	1	1596	1478	400,400
1526405645.789719620	70	40	48	1	2	0	2	-55	129771	9	1	1596	1478	400,400
1526405645.801454395	70	40	48	1	2	0	2	-55	129772	9	1	1596	1478	400,400
1526405645.813240287	70	40	48	1	2	0	2	-55	129773	9	1	1596	1478	400,400
1526405645.824968941	70	40	48	1	2	0	2	-55	129774	9	1	1596	1478	400,400
1526405645.836735619	70	40	48	1	2	0	2	-55	129775	9	1	1596	1478	400,400
1526405645.848487382	70	40	48	1	2	0	2	-55	129776	9	1	1596	1478	400,400
1526405645.860261686	70	40	48	1	2	0	2	-55	129777	9	1	1596	1478	400,400
1526405645.872017281	70	40	48	1	2	0	2	-55	129778	9	1	1596	1478	400,400
1526405645.883779557	70	40	48	1	2	0	2	-55	129779	9	1	1596	1478	400,400
1526405645.895525571	70	40	48	1	2	0	2	-54	129780	9	1	1596	1478	400,400
1526405645.907296228	70	40	48	1	2	0	2	-54	129781	9	1	1596	1478	400,400
1526405645.919199907	70	40	48	1	2	0	2	-54	129782	9	1	1596	1478	400,400
1526405645.930814534	70	40	48	1	2	0	2	-54	129783	9	1	1596	1478	400,400
1526405645.942609474	70	40	48	1	2	0	2	-55	129784	9	1	1596	1478	400,400
1526405645.954334537	70	40	48	1	2	0	2	-55	129785	9	1	1596	1478	400,400
1526405645.966094345	70	40	48	1	2	0	2	-55	129786	9	1	1596	1478	400,400
1526405645.978372407	70	40	48	1	2	0	2	-55	129787	9	1	1596	1478	400,400
1526405645.989497156	70	40	48	1	2	0	2	-55	129788	9	1	1596	1478	400,400
1526405646.001257766	70	40	48	1	2	0	2	-55	129789	9	1	1596	1478	400,400
1526405646.012956542	70	40	48	1	2	0	2	-55	129790	9	1	1596	1478	400,400
1526405646.024720682	70	40	48	1	2	0	2	-55	129791	9	1	1596	1478	400,400
1526405646.036425979	70	40	48	1	2	0	2	-55	129792	9	1	1596	1478	400,400
1526405646.048170800	70	40	48	1	2	0	2	-55	129793	9	1	1596	1478	400,400
1526405646.059984851	70	40	48	1	2	0	2	-55	129794	9	1	1596	1478	400,400
1526405646.071907436	70	40	48	1	2	0	2	-55	129795	9	1	1596	1478	400,400
1526405646.083665710	70	40	48	1	2	0	2	-55	129796	9	1	1596	1478	400,400
1526405646.095414973	70	40	48	1	2	0	2	-55	129797	9	1	1596	1478	400,400
1526405646.107203027	70	40	48	1	2	0	2	-55	129798	9	1	1596	1478	400,400
1526405646.118920858	70	40	48	1	2	0	2	-55	129799	9	1	1596	1478	400,400
1526405646.130670082	70	40	48	1	2	0	2	-55	129800	9	1	1596	1478	400,400
1526405646.142338976	70	40	48	1	2	0	2	-55	129801	9	1	1596	1478	400,400
1526405646.154151780	70	40	48	1	2	0	2	-56	129802	9	1	1596	1478	400,400
1526405646.165836350	70	40	48	1	2	0	2	-56	129803	9	1	1596	1478	400,400
1526405646.177651605	70	40	48	1	2	0	2	-55	129804	9	1	1596	1478	400,400
1526405646.189484910	70	40	48	1	2	0	2	-56	129805	9	1	1596	1478	400,400
1526405646.201257450	70	40	48	1	2	0	2	-56	129806	9	1	1596	1478	400,400
1526405646.212929772	70	40	48	1	2	0	2	-56	129807	9	1	1596	1478	400,400
1526405646.224792896	70	40	48	1	2	0	2	-56	129808	9	1	1596	1478	400,400
1526405646.236439520	70	40	48	1	2	0	2	-56	129809	9	1	1596	1478	400,400
1526405646.248275972	70	40	48	1	2	0	2	-56	129810	9	1	1596	1478	400,400
1526405646.260039327	70	40	48	1	2	0	2	-56	129811	9	1	1596	1478	400,400
1526405646.271794296	70	40	48	1	2	0	2	-55	129812	9	1	1596	1478	400,400
1526405646.283560635	70	40	48	1	2	0	2	-56	129813	9	1	1596	1478	400,400
1526405646.295258753	70	40	48	1	2	0	2	-55	129814	9	1	1596	1478	400,400
1526405646.307011837	70	40	48	1	2	0	2	-55	129815	9	1	1596	1478	400,400
1526405646.318754432	70	40	48	1	2	0	2	-55	129816	9	1	1596	1478	400,400
1526405646.330515623	70	40	48	1	2	0	2	-55	129817	9	1	1596	1478	400,400
1526405646.342264266	70	40	48	1	2	0	2	-55	129818	9	1	1596	1478	400,400
1526405646.354018812	70	40	48	1	2	0	2	-55	129819	9	1	1596	1478	400,400
1526405646.365797181	70	40	48	1	2	0	2	-55	129820	9	1	1596	1478	400,400
1526405646.377546665	70	40	48	1	2	0	2	-55	129821	9	1	1596	1478	400,400
1526405646.389295323	70	40	48	1	2	0	2	-55	129822	9	1	1596	1478	400,400
1526405646.401068368	70	40	48	1	2	0	2	-56	129823	9	1	1596	1478	400,400
1526405646.412854495	70	40	48	1	2	0	2	-55	129824	9	1	1596	1478	400,400
1526405646.424536970	70	40	48	1	2	0	2	-55	129825	9	1	1596	1478	400,400
1526405646.436353274	70	40	48	1	2	0	2	-55	129826	9	1	1596	1478	400,400
1526405646.448103746	70	40	48	1	2	0	2	-55	129827	9	1	1596	1478	400,400
1526405646.459860910	70	40	48	1	2	0	2	-56	129828	9	1	1596	1478	400,400
1526405646.471616260	70	40	48	1	2	0	2	-56	129829	9	1	1596	1478	400,400
1526405646.483383228	70	40	48	1	2	0	2	-56	129830	9	1	1596	1478	400,400
1526405646.495122927	70	40	48	1	2	0	2	-56	129831	9	1	1596	1478	400,400
1526405646.506890693	70	40	48	1	2	0	2	-56	129832	9	1	1596	1478	400,400
1526405646.518787666	70	40	48	1	2	0	2	-55	129833	9	1	1596	1478	400,400
1526405646.530410801	70	40	48	1	2	0	2	-55	129834	9	1	1596	1478	400,400
1526405646.542138271	70	40	48	1	2	0	2	-55	129835	9	1	1596	1478	400,400
1526405646.554038272	70	40	48	1	2	0	2	-55	129836	9	1	1596	1478	400,400
1526405646.565802726	70	40	48	1	2	0	2	-55	129837	9	1	1596	1478	400,400
1526405646.577498605	70	40	48	1	2	0	2	-55	129838	9	1	1596	1478	400,400
1526405646.589326388	70	40	48	1	2	0	2	-55	129839	9	1	1596	1478	400,400
1526405646.601088096	70	40	48	1	2	0	2	-55	129840	9	1	1596	1478	400,400
1526405646.612869856	70	40	48	1	2	0	2	-55	129841	9	1	1596	1478	400,400
1526405646.624522285	70	40	48	1	2	0	2	-55	129842	9	1	1596	1478	400,400
1526405646.636357523	70	40	48	1	2	0	2	-56	129843	9	1	1596	1478	400,400
1526405646.648117400	70	40	48	1	2	0	2	-56	129844	9	1	1596	1478	400,400
1526405646.659814734	70	40	48	1	2	0	2	-56	129845	9	1	1596	1478	400,400
1526405646.671659276	70	40	48	1	2	0	2	-57	129846	9	1	1596	1478	400,400
1526405646.683403434	70	40	48	1	2	0	2	-57	129847	9	1	1596	1478	400,400
1526405646.695433969	70	40	48	1	2	0	2	-58	129848	9	1	1596	1478	400,400
1526405646.706926325	70	40	48	1	2	0	2	-57	129849	9	1	1596	1478	400,400
1526405646.718712595	70	40	48	1	2	0	2	-57	129850	9	1	1596	1478	400,400
1526405646.730370919	70	40	48	1	2	0	2	-57	129851	9	1	1596	1478	400,400
1526405646.742189378	70	40	48	1	2	0	2	-56	129852	9	1	1596	1478	400,400
1526405646.753987508	70	40	48	1	2	0	2	-56	129853	9	1	1596	1478	400,400
1526405646.765750551	70	40	48	1	2	0	2	-57	129854	9	1	1596	1478	400,400
1526405646.777494647	70	40	48	1	2	0	2	-56	129855	9	1	1596	1478	400,400
1526405646.789242032	70	40	48	1	2	0	2	-56	129856	9	1	1596	1478	400,400
1526405646.800975964	70	40	48	1	2	0	2	-56	129857	9	1	1596	1478	400,400
1526405646.812777548	70	40	48	1	2	0	2	-56	129858	9	1	1596	1478	400,400
1526405646.824555936	70	40	48	1	2	0	2	-56	129859	9	1	1596	1478	400,400
1526405646.836286885	70	40	48	1	2	0	2	-56	129860	9	1	1596	1478	400,400
1526405646.848032404	70	40	48	1	2	0	2	-57	129861	9	1	1596	1478	400,400
1526405646.859807464	70	40	48	1	2	0	2	-57	129862	9	1	1596	1478	400,400
1526405646.871585666	70	40	48	1	2	0	2	-57	129863	9	1	1596	1478	400,400
1526405646.883248867	70	40	48	1	2	0	2	-56	129864	9	1	1596	1478	400,400
1526405646.895103654	70	40	48	1	2	0	2	-56	129865	9	1	1596	1478	400,400
1526405646.906852593	70	40	48	1	2	0	2	-56	129866	9	1	1596	1478	400,400
1526405646.918570277	70	40	48	1	2	0	2	-57	129867	9	1	1596	1478	400,400
1526405646.930358104	70	40	48	1	2	0	2	-57	129868	9	1	1596	1478	400,400
1526405646.942111786	70	40	48	1	2	0	2	-57	129869	9	1	1596	1478	400,400
1526405646.953878541	70	40	48	1	2	0	2	-58	129870	9	1	1596	1478	400,400
1526405646.965653706	70	40	48	1	2	0	2	-57	129871	9	1	1596	1478	400,400
1526405646.977412940	70	40	48	1	2	0	2	-57	129872	9	1	1596	1478	400,400
1526405646.989200051	70	40	48	1	2	0	2	-57	129873	9	1	1596	1478	400,400
1526405647.000893097	70	40	48	1	2	0	2	-57	129874	9	1	1596	1478	400,400
1526405647.012558345	70	40	48	1	2	0	2	-57	129875	9	1	1596	1478	400,400
1526405647.024384603	70	40	48	1	2	0	2	-57	129876	9	1	1596	1478	400,400
1526405647.036006957	70	40	48	1	2	0	2	-57	129877	9	1	1596	1478	400,400
1526405647.047967082	70	40	48	1	2	0	2	-57	129878	9	1	1596	1478	400,400
1526405647.059729570	70	40	48	1	2	0	2	-56	129879	9	1	1596	1478	400,400
1526405647.071490836	70	40	48	1	2	0	2	-56	129880	9	1	1596	1478	400,400
1526405647.083233191	70	40	48	1	2	0	2	-55	129881	9	1	1596	1478	400,400
1526405647.095542758	70	40	48	1	2	0	2	-55	129882	9	1	1596	1478	400,400
1526405647.106785087	70	40	48	1	2	0	2	-55	129883	9	1	1596	1478	400,400
1526405647.118518655	70	40	48	1	2	0	2	-55	129884	9	1	1596	1478	400,400
1526405647.130316551	70	40	48	1	2	0	2	-55	129885	9	1	1596	1478	400,400
1526405647.142055259	70	40	48	1	2	0	2	-55	129886	9	1	1596	1478	400,400
1526405647.153803257	70	40	48	1	2	0	2	-56	129887	9	1	1596	1478	400,400
1526405647.165565934	70	40	48	1	2	0	2	-56	129888	9	1	1596	1478	400,400
1526405647.177219872	70	40	48	1	2	0	2	-56	129889	9	1	1596	1478	400,400
1526405647.188995675	70	40	48	1	2	0	2	-56	129890	9	1	1596	1478	400,400
1526405647.200787751	70	40	48	1	2	0	2	-56	129891	9	1	1596	1478	400,400
1526405647.212534810	70	40	48	1	2	0	2	-56	129892	9	1	1596	1478	400,400
1526405647.224330329	70	40	48	1	2	0	2	-56	129893	9	1	1596	1478	400,400
1526405647.236275506	70	40	48	1	2	0	2	-56	129894	9	1	1596	1478	400,400
1526405647.247887218	70	40	48	1	2	0	2	-56	129895	9	1	1596	1478	400,400
1526405647.259436178	70	40	48	1	2	0	2	-56	129896	9	1	1596	1478	400,400
1526405647.271403651	70	40	48	1	2	0	2	-56	129897	9	1	1596	1478	400,400
1526405647.283178122	70	40	48	1	2	0	2	-56	129898	9	1	1596	1478	400,400
1526405647.294777957	70	40	48	1	2	0	2	-56	129899	9	1	1596	1478	400,400
1526405647.306593839	70	40	48	1	2	0	2	-56	129900	9	1	1596	1478	400,400
1526405647.318496210	70	40	48	1	2	0	2	-56	129901	9	1	1596	1478	400,400
1526405647.330116954	70	40	48	1	2	0	2	-56	129902	9	1	1596	1478	400,400
1526405647.341824509	70	40	48	1	2	0	2	-56	129903	9	1	1596	1478	400,400
1526405647.353642290	70	40	48	1	2	0	2	-55	129904	9	1	1596	1478	400,400
1526405647.365412916	70	40	48	1	2	0	2	-55	129905	9	1	1596	1478	400,400
1526405647.377146418	70	40	48	1	2	0	2	-56	129906	9	1	1596	1478	400,400
1526405647.388938376	70	40	48	1	2	0	2	-56	129907	9	1	1596	1478	400,400
1526405647.400645922	70	40	48	1	2	0	2	-56	129908	9	1	1596	1478	400,400
1526405647.412513117	70	40	48	1	2	0	2	-56	129909	9	1	1596	1478	400,400
1526405647.424299850	70	40	48	1	2	0	2	-56	129910	9	1	1596	1478	400,400
1526405647.436071266	70	40	48	1	2	0	2	-56	129911	9	1	1596	1478	400,400
1526405647.447769228	70	40	48	1	2	0	2	-55	129912	9	1	1596	1478	400,400
1526405647.459562831	70	40	48	1	2	0	2	-56	129913	9	1	1596	1478	400,400
1526405647.471326729	70	40	48	1	2	0	2	-56	129914	9	1	1596	1478	400,400
1526405647.483109009	70	40	48	1	2	0	2	-55	129915	9	1	1596	1478	400,400
1526405647.494843026	70	40	48	1	2	0	2	-55	129916	9	1	1596	1478	400,400
1526405647.506624298	70	40	48	1	2	0	2	-55	129917	9	1	1596	1478	400,400
1526405647.518275668	70	40	48	1	2	0	2	-56	129918	9	1	1596	1478	400,400
1526405647.530001140	70	40	48	1	2	0	2	-56	129919	9	1	1596	1478	400,400
1526405647.541804732	70	40	48	1	2	0	2	-55	129920	9	1	1596	1478	400,400
1526405647.553631891	70	40	48	1	2	0	2	-56	129921	9	1	1596	1478	400,400
1526405647.565403001	70	40	48	1	2	0	2	-56	129922	9	1	1596	1478	400,400
1526405647.577164251	70	40	48	1	2	0	2	-56	129923	9	1	1596	1478	400,400
1526405647.588939770	70	40	48	1	2	0	2	-55	129924	9	1	1596	1478	400,400
1526405647.600686293	70	40	48	1	2	0	2	-55	129925	9	1	1596	1478	400,400
1526405647.612449386	70	40	48	1	2	0	2	-56	129926	9	1	1596	1478	400,400
1526405647.624120995	70	40	48	1	2	0	2	-56	129927	9	1	1596	1478	400,400
1526405647.635982922	70	40	48	1	2	0	2	-56	129928	9	1	1596	1478	400,400
1526405647.647737042	70	40	48	1	2	0	2	-56	129929	9	1	1596	1478	400,400
1526405647.659359912	70	40	48	1	2	0	2	-56	129930	9	1	1596	1478	400,400
1526405647.671239008	70	40	48	1	2	0	2	-56	129931	9	1	1596	1478	400,400
1526405647.682993152	70	40	48	1	2	0	2	-56	129932	9	1	1596	1478	400,400
1526405647.694769396	70	40	48	1	2	0	2	-56	129933	9	1	1596	1478	400,400
1526405647.706513987	70	40	48	1	2	0	2	-56	129934	9	1	1596	1478	400,400
1526405647.718964985	70	40	48	1	2	0	2	-56	129935	9	1	1596	1478	400,400
1526405647.730033607	70	40	48	1	2	0	2	-56	129936	9	1	1596	1478	400,400
1526405647.741848762	70	40	48	1	2	0	2	-56	129937	9	1	1596	1478	400,400
1526405647.753571746	70	40	48	1	2	0	2	-56	129938	9	1	1596	1478	400,400
1526405647.765338559	70	40	48	1	2	0	2	-56	129939	9	1	1596	1478	400,400
1526405647.777077492	70	40	48	1	2	0	2	-56	129940	9	1	1596	1478	400,400
1526405647.789154906	70	40	48	1	2	0	2	-55	129942	9	1	1596	1478	400,400
1526405647.800528698	70	40	48	1	2	0	2	-56	129943	9	1	1596	1478	400,400
1526405647.812375637	70	40	48	1	2	0	2	-55	129944	9	1	1596	1478	400,400
1526405647.824121595	70	40	48	1	2	0	2	-55	129945	9	1	1596	1478	400,400
1526405647.835880957	70	40	48	1	2	0	2	-55	129946	9	1	1596	1478	400,400
1526405647.847679054	70	40	48	1	2	0	2	-55	129947	9	1	1596	1478	400,400
1526405647.859393112	70	40	48	1	2	0	2	-55	129948	9	1	1596	1478	400,400
1526405647.871169458	70	40	48	1	2	0	2	-55	129949	9	1	1596	1478	400,400
1526405647.882923478	70	40	48	1	2	0	2	-55	129950	9	1	1596	1478	400,400
1526405647.894685988	70	40	48	1	2	0	2	-55	129951	9	1	1596	1478	400,400
1526405647.906444531	70	40	48	1	2	0	2	-55	129952	9	1	1596	1478	400,400
1526405647.918211670	70	40	48	1	2	0	2	-55	129953	9	1	1596	1478	400,400
1526405647.929876950	70	40	48	1	2	0	2	-55	129954	9	1	1596	1478	400,400
1526405647.942622694	70	40	48	1	2	0	2	-55	129955	9	1	1596	1478	400,400
1526405647.953424977	70	40	48	1	2	0	2	-55	129956	9	1	1596	1478	400,400
1526405647.965254589	70	40	48	1	2	0	2	-55	129957	9	1	1596	1478	400,400
1526405647.977013097	70	40	48	1	2	0	2	-55	129958	9	1	1596	1478	400,400
1526405647.988785685	70	40	48	1	2	0	2	-56	129959	9	1	1596	1478	400,400
1526405648.000527340	70	40	48	1	2	0	2	-56	129960	9	1	1596	1478	400,400
1526405648.012287071	70	40	48	1	2	0	2	-56	129961	9	1	1596	1478	400,400
1526405648.023959815	70	40	48	1	2	0	2	-56	129962	9	1	1596	1478	400,400
1526405648.035679606	70	40	48	1	2	0	2	-56	129963	9	1	1596	1478	400,400
1526405648.047499136	70	40	48	1	2	0	2	-56	129964	9	1	1596	1478	400,400
1526405648.059118699	70	40	48	1	2	0	2	-56	129965	9	1	1596	1478	400,400
1526405648.071091717	70	40	48	1	2	0	2	-56	129966	9	1	1596	1478	400,400
1526405648.082832204	70	40	48	1	2	0	2	-56	129967	9	1	1596	1478	400,400
1526405648.094625185	70	40	48	1	2	0	2	-56	129968	9	1	1596	1478	400,400
1526405648.106285348	70	40	48	1	2	0	2	-55	129969	9	1	1596	1478	400,400
1526405648.118119502	70	40	48	1	2	0	2	-55	129970	9	1	1596	1478	400,400
1526405648.129893876	70	40	48	1	2	0	2	-55	129971	9	1	1596	1478	400,400
1526405648.141540291	70	40	48	1	2	0	2	-56	129972	9	1	1596	1478	400,400
1526405648.153429308	70	40	48	1	2	0	2	-56	129973	9	1	1596	1478	400,400
1526405648.165095911	70	40	48	1	2	0	2	-57	129974	9	1	1596	1478	400,400
1526405648.176838903	70	40	48	1	2	0	2	-57	129975	9	1	1596	1478	400,400
1526405648.188956894	70	40	48	1	2	0	2	-56	129976	9	1	1596	1478	400,400
1526405648.201820300	74	40	48	1	2	0	2	-56	129980	8	1	1596	1478	360,360
1526405648.212136281	74	40	48	1	2	0	2	-55	129981	8	1	1596	1478	360,360
1526405648.223869664	74	40	48	1	2	0	2	-55	129982	8	1	1596	1478	360,360
1526405648.235714534	74	40	48	1	2	0	2	-56	129983	8	1	1596	1478	360,360
1526405648.247486910	74	40	48	1	2	0	2	-56	129984	8	1	1596	1478	360,360
1526405648.259321170	74	40	48	1	2	0	2	-57	129985	8	1	1596	1478	360,360
1526405648.270926910	74	40	48	1	2	0	2	-57	129986	8	1	1596	1478	360,360
1526405648.282663103	74	40	48	1	2	0	2	-57	129987	8	1	1596	1478	360,360
1526405648.294381916	74	40	48	0	2	0	2	-57	129988	9	1	1596	1478	360,360
1526405648.306189712	74	40	48	1	2	0	2	-57	129989	8	1	1596	1478	360,360
1526405648.317945652	74	40	48	1	2	0	2	-57	129990	8	1	1596	1478	360,360
1526405648.329704071	74	40	48	1	2	0	2	-57	129991	8	1	1596	1478	360,360
1526405648.341345239	74	40	48	1	2	0	2	-57	129992	8	1	1596	1478	360,360
