1526405591.561730787	96	40	48	0	2	0	2	-49	128185	5	1	1596	1478	216,216
1526405591.561775685	96	40	48	0	2	0	2	-49	128185	5	1	1596	1478	216,216
1526405591.561786671	96	40	48	0	2	0	2	-49	128185	5	1	1596	1478	216,216
1526405591.561793911	96	40	48	0	2	0	2	-49	128185	5	1	1596	1478	216,216
1526405591.561802036	96	40	48	0	2	0	2	-49	128185	5	1	1596	1478	216,216
1526405591.561809960	96	40	48	0	2	0	2	-49	128185	5	1	1596	1478	216,216
1526405591.561818639	96	40	48	0	2	0	2	-49	128185	5	1	1596	1478	216,216
1526405591.561825905	96	40	48	0	2	0	2	-49	128185	5	1	1596	1478	216,216
1526405591.561834142	96	40	48	0	2	0	2	-49	128185	5	1	1596	1478	216,216
1526405591.561841935	96	40	48	0	2	0	2	-49	128185	5	1	1596	1478	216,216
1526405591.561851018	96	40	48	0	2	0	2	-49	128185	5	1	1596	1478	216,216
1526405591.561858396	96	40	48	0	2	0	2	-49	128185	5	1	1596	1478	216,216
1526405591.561872905	96	40	48	0	2	0	2	-49	128185	5	1	1596	1478	216,216
1526405591.561881777	96	40	48	0	2	0	2	-49	128185	5	1	1596	1478	216,216
1526405591.561888965	96	40	48	0	2	0	2	-49	128185	5	1	1596	1478	216,216
1526405591.567130102	96	40	48	0	2	0	2	-49	128186	5	1	1596	1478	216,216
1526405591.578800632	96	40	48	0	2	0	2	-49	128187	5	1	1596	1478	216,216
1526405591.590636813	96	40	48	0	2	0	2	-48	128188	5	1	1596	1478	216,216
1526405591.602483226	90	40	48	0	2	0	2	-48	128189	6	1	1596	1478	243,243
1526405591.614241737	90	40	48	0	2	0	2	-48	128190	6	1	1596	1478	243,243
1526405591.626051591	90	40	48	0	2	0	2	-48	128191	6	1	1596	1478	243,243
1526405591.637760803	90	40	48	0	2	0	2	-48	128192	6	1	1596	1478	243,243
1526405591.649525688	90	40	48	0	2	0	2	-47	128193	6	1	1596	1478	243,243
1526405591.661288763	80	40	48	1	2	0	2	-47	128194	7	1	1596	1478	300,300
1526405591.673026588	80	40	48	1	2	0	2	-47	128195	7	1	1596	1478	300,300
1526405591.684791203	80	40	48	1	2	0	2	-47	128196	7	1	1596	1478	300,300
1526405591.696493486	80	40	48	1	2	0	2	-47	128197	7	1	1596	1478	300,300
1526405591.708309078	80	40	48	1	2	0	2	-48	128198	7	1	1596	1478	300,300
1526405591.720061474	74	40	48	1	2	0	2	-48	128199	8	1	1596	1478	360,360
1526405591.731874995	74	40	48	1	2	0	2	-48	128200	8	1	1596	1478	360,360
1526405591.743587038	74	40	48	1	2	0	2	-48	128201	8	1	1596	1478	360,360
1526405591.755376052	74	40	48	1	2	0	2	-49	128202	8	1	1596	1478	360,360
1526405591.767055680	74	40	48	1	2	0	2	-48	128203	8	1	1596	1478	360,360
1526405591.778767203	70	40	48	1	2	0	2	-50	128204	9	1	1596	1478	400,400
1526405591.790499612	70	40	48	1	2	0	2	-50	128205	9	1	1596	1478	400,400
1526405591.802268333	70	40	48	1	2	0	2	-49	128206	9	1	1596	1478	400,400
1526405591.814016753	70	40	48	1	2	0	2	-49	128207	9	1	1596	1478	400,400
1526405591.826685393	70	40	48	1	2	0	2	-49	128208	9	1	1596	1478	400,400
1526405591.837453358	70	40	48	1	2	0	2	-48	128209	9	1	1596	1478	400,400
1526405591.849198582	70	40	48	1	2	0	2	-49	128210	9	1	1596	1478	400,400
1526405591.861063484	70	40	48	1	2	0	2	-49	128211	9	1	1596	1478	400,400
1526405591.872821492	70	40	48	1	2	0	2	-49	128212	9	1	1596	1478	400,400
1526405591.884563556	70	40	48	1	2	0	2	-48	128213	9	1	1596	1478	400,400
1526405591.896562374	70	40	48	1	2	0	2	-48	128214	9	1	1596	1478	400,400
1526405591.908109631	70	40	48	1	2	0	2	-48	128215	9	1	1596	1478	400,400
1526405591.920069044	70	40	48	1	2	0	2	-48	128216	9	1	1596	1478	400,400
1526405591.932041179	70	40	48	1	2	0	2	-48	128217	9	1	1596	1478	400,400
1526405591.943251315	70	40	48	1	2	0	2	-49	128218	9	1	1596	1478	400,400
1526405591.955237295	70	40	48	1	2	0	2	-49	128219	9	1	1596	1478	400,400
1526405591.966930634	70	40	48	1	2	0	2	-49	128220	9	1	1596	1478	400,400
1526405591.978748614	70	40	48	1	2	0	2	-49	128221	9	1	1596	1478	400,400
1526405591.990455846	70	40	48	1	2	0	2	-49	128222	9	1	1596	1478	400,400
1526405592.002262236	70	40	48	1	2	0	2	-48	128223	9	1	1596	1478	400,400
1526405592.014089787	70	40	48	1	2	0	2	-48	128224	9	1	1596	1478	400,400
1526405592.025839981	70	40	48	1	2	0	2	-48	128225	9	1	1596	1478	400,400
1526405592.037616058	70	40	48	1	2	0	2	-49	128226	9	1	1596	1478	400,400
1526405592.049344473	70	40	48	1	2	0	2	-50	128227	9	1	1596	1478	400,400
1526405592.060913218	70	40	48	1	2	0	2	-49	128228	9	1	1596	1478	400,400
1526405592.072861189	70	40	48	1	2	0	2	-48	128229	9	1	1596	1478	400,400
1526405592.084636451	70	40	48	1	2	0	2	-47	128230	9	1	1596	1478	400,400
1526405592.096392102	70	40	48	1	2	0	2	-47	128231	9	1	1596	1478	400,400
1526405592.108144182	70	40	48	1	2	0	2	-47	128232	9	1	1596	1478	400,400
1526405592.119900092	70	40	48	1	2	0	2	-48	128233	9	1	1596	1478	400,400
1526405592.131670054	70	40	48	1	2	0	2	-48	128234	9	1	1596	1478	400,400
1526405592.143376510	70	40	48	1	2	0	2	-48	128235	9	1	1596	1478	400,400
1526405592.155194735	70	40	48	1	2	0	2	-49	128236	9	1	1596	1478	400,400
1526405592.166947503	70	40	48	1	2	0	2	-48	128237	9	1	1596	1478	400,400
1526405592.178705174	70	40	48	1	2	0	2	-48	128238	9	1	1596	1478	400,400
1526405592.190466872	70	40	48	1	2	0	2	-48	128239	9	1	1596	1478	400,400
1526405592.202237425	70	40	48	1	2	0	2	-48	128240	9	1	1596	1478	400,400
1526405592.213946432	70	40	48	1	2	0	2	-48	128241	9	1	1596	1478	400,400
1526405592.225677292	70	40	48	1	2	0	2	-48	128242	9	1	1596	1478	400,400
1526405592.237547155	70	40	48	1	2	0	2	-48	128243	9	1	1596	1478	400,400
1526405592.249257988	70	40	48	1	2	0	2	-48	128244	9	1	1596	1478	400,400
1526405592.261018903	70	40	48	1	2	0	2	-48	128245	9	1	1596	1478	400,400
1526405592.272796944	70	40	48	1	2	0	2	-47	128246	9	1	1596	1478	400,400
1526405592.284553902	70	40	48	1	2	0	2	-47	128247	9	1	1596	1478	400,400
1526405592.296215521	70	40	48	1	2	0	2	-47	128248	9	1	1596	1478	400,400
1526405592.308298367	70	40	48	1	2	0	2	-47	128249	9	1	1596	1478	400,400
1526405592.319828174	70	40	48	1	2	0	2	-47	128250	9	1	1596	1478	400,400
1526405592.331461954	70	40	48	1	2	0	2	-47	128251	9	1	1596	1478	400,400
1526405592.343364899	70	40	48	1	2	0	2	-47	128252	9	1	1596	1478	400,400
1526405592.355178402	70	40	48	1	2	0	2	-48	128253	9	1	1596	1478	400,400
1526405592.366800869	70	40	48	1	2	0	2	-48	128254	9	1	1596	1478	400,400
1526405592.378492079	70	40	48	1	2	0	2	-49	128255	9	1	1596	1478	400,400
1526405592.390390752	70	40	48	1	2	0	2	-49	128256	9	1	1596	1478	400,400
1526405592.402143439	70	40	48	1	2	0	2	-49	128257	9	1	1596	1478	400,400
1526405592.413904342	70	40	48	1	2	0	2	-49	128258	9	1	1596	1478	400,400
1526405592.425688475	70	40	48	1	2	0	2	-49	128259	9	1	1596	1478	400,400
1526405592.437380721	70	40	48	1	2	0	2	-49	128260	9	1	1596	1478	400,400
1526405592.449188269	70	40	48	1	2	0	2	-49	128261	9	1	1596	1478	400,400
1526405592.460965194	70	40	48	1	2	0	2	-49	128262	9	1	1596	1478	400,400
1526405592.472710429	70	40	48	1	2	0	2	-49	128263	9	1	1596	1478	400,400
1526405592.484472080	70	40	48	1	2	0	2	-49	128264	9	1	1596	1478	400,400
1526405592.496231825	70	40	48	1	2	0	2	-49	128265	9	1	1596	1478	400,400
1526405592.507994255	70	40	48	1	2	0	2	-48	128266	9	1	1596	1478	400,400
1526405592.519679907	70	40	48	1	2	0	2	-49	128267	9	1	1596	1478	400,400
1526405592.531380139	70	40	48	1	2	0	2	-48	128268	9	1	1596	1478	400,400
1526405592.543231349	70	40	48	1	2	0	2	-48	128269	9	1	1596	1478	400,400
1526405592.555027902	70	40	48	1	2	0	2	-48	128270	9	1	1596	1478	400,400
1526405592.566812655	70	40	48	1	2	0	2	-48	128271	9	1	1596	1478	400,400
1526405592.578555293	70	40	48	1	2	0	2	-48	128272	9	1	1596	1478	400,400
1526405592.590239635	70	40	48	1	2	0	2	-48	128273	9	1	1596	1478	400,400
1526405592.601973719	70	40	48	1	2	0	2	-48	128274	9	1	1596	1478	400,400
1526405592.613848867	70	40	48	1	2	0	2	-48	128275	9	1	1596	1478	400,400
1526405592.625575533	70	40	48	1	2	0	2	-48	128276	9	1	1596	1478	400,400
1526405592.637342733	70	40	48	1	2	0	2	-47	128277	9	1	1596	1478	400,400
1526405592.649115505	70	40	48	1	2	0	2	-47	128278	9	1	1596	1478	400,400
1526405592.660820959	70	40	48	1	2	0	2	-47	128279	9	1	1596	1478	400,400
1526405592.672598914	70	40	48	1	2	0	2	-47	128280	9	1	1596	1478	400,400
1526405592.684459967	70	40	48	1	2	0	2	-47	128281	9	1	1596	1478	400,400
1526405592.696072087	70	40	48	1	2	0	2	-47	128282	9	1	1596	1478	400,400
1526405592.707877697	70	40	48	1	2	0	2	-47	128283	9	1	1596	1478	400,400
1526405592.719614348	70	40	48	1	2	0	2	-47	128284	9	1	1596	1478	400,400
1526405592.731284771	70	40	48	1	2	0	2	-48	128285	9	1	1596	1478	400,400
1526405592.743065038	70	40	48	1	2	0	2	-48	128286	9	1	1596	1478	400,400
1526405592.754838526	70	40	48	1	2	0	2	-48	128287	9	1	1596	1478	400,400
1526405592.766600797	70	40	48	1	2	0	2	-49	128288	9	1	1596	1478	400,400
1526405592.778345925	70	40	48	1	2	0	2	-49	128289	9	1	1596	1478	400,400
1526405592.790101576	70	40	48	1	2	0	2	-49	128290	9	1	1596	1478	400,400
1526405592.801854513	70	40	48	1	2	0	2	-49	128291	9	1	1596	1478	400,400
1526405592.813483642	70	40	48	1	2	0	2	-49	128292	9	1	1596	1478	400,400
1526405592.825318604	70	40	48	1	2	0	2	-49	128293	9	1	1596	1478	400,400
1526405592.837111992	70	40	48	1	2	0	2	-49	128294	9	1	1596	1478	400,400
1526405592.848908079	70	40	48	1	2	0	2	-49	128295	9	1	1596	1478	400,400
1526405592.861868350	74	40	48	1	2	0	2	-48	128300	8	1	1596	1478	360,360
1526405592.872395612	74	40	48	1	2	0	2	-48	128301	8	1	1596	1478	360,360
1526405592.884183234	74	40	48	1	2	0	2	-47	128302	8	1	1596	1478	360,360
1526405592.895918014	74	40	48	1	2	0	2	-47	128303	8	1	1596	1478	360,360
1526405592.907686739	74	40	48	1	2	0	2	-47	128304	8	1	1596	1478	360,360
1526405592.919459148	74	40	48	1	2	0	2	-47	128305	8	1	1596	1478	360,360
1526405592.931210675	74	40	48	1	2	0	2	-47	128306	8	1	1596	1478	360,360
1526405592.942976484	74	40	48	1	2	0	2	-47	128307	8	1	1596	1478	360,360
1526405592.954850556	74	40	48	0	2	0	2	-48	128308	9	1	1596	1478	360,360
1526405592.966549363	74	40	48	1	2	0	2	-47	128309	8	1	1596	1478	360,360
1526405592.978383754	74	40	48	1	2	0	2	-47	128310	8	1	1596	1478	360,360
1526405592.990465852	74	40	48	1	2	0	2	-47	128311	8	1	1596	1478	360,360
1526405593.001898285	74	40	48	1	2	0	2	-47	128312	8	1	1596	1478	360,360
1526405593.013626337	74	40	48	0	2	0	2	-48	128313	9	1	1596	1478	360,360
1526405593.025425341	74	40	48	1	2	0	2	-47	128314	8	1	1596	1478	360,360
1526405593.037142120	74	40	48	1	2	0	2	-47	128315	8	1	1596	1478	360,360
1526405593.048950509	74	40	48	1	2	0	2	-47	128316	8	1	1596	1478	360,360
1526405593.060718834	74	40	48	1	2	0	2	-48	128317	8	1	1596	1478	360,360
1526405593.072459148	74	40	48	0	2	0	2	-49	128318	9	1	1596	1478	360,360
1526405593.084236270	74	40	48	1	2	0	2	-48	128319	8	1	1596	1478	360,360
1526405593.098909861	74	40	48	1	2	0	2	-48	128320	8	1	1596	1478	360,360
1526405593.107722090	74	40	48	1	2	0	2	-48	128321	8	1	1596	1478	360,360
1526405593.119435454	74	40	48	1	2	0	2	-48	128322	8	1	1596	1478	360,360
1526405593.131272951	74	40	48	0	2	0	2	-49	128323	9	1	1596	1478	360,360
1526405593.143013279	70	40	48	1	2	0	2	-50	128324	9	1	1596	1478	400,400
1526405593.154772699	70	40	48	1	2	0	2	-50	128325	9	1	1596	1478	400,400
1526405593.166570194	70	40	48	1	2	0	2	-50	128326	9	1	1596	1478	400,400
1526405593.178325575	70	40	48	1	2	0	2	-50	128327	9	1	1596	1478	400,400
1526405593.190001270	70	40	48	1	2	0	2	-50	128328	9	1	1596	1478	400,400
1526405593.201654316	70	40	48	1	2	0	2	-50	128329	9	1	1596	1478	400,400
1526405593.213581960	70	40	48	1	2	0	2	-49	128330	9	1	1596	1478	400,400
1526405593.225336765	70	40	48	1	2	0	2	-49	128331	9	1	1596	1478	400,400
1526405593.237147248	70	40	48	1	2	0	2	-49	128332	9	1	1596	1478	400,400
1526405593.250197590	74	40	48	1	2	0	2	-48	128336	8	1	1596	1478	360,360
1526405593.277705754	74	40	48	1	2	0	2	-48	128337	8	1	1596	1478	360,360
1526405593.277888231	74	40	48	1	2	0	2	-48	128338	8	1	1596	1478	360,360
1526405593.284151563	74	40	48	1	2	0	2	-48	128339	8	1	1596	1478	360,360
1526405593.295933277	74	40	48	1	2	0	2	-48	128340	8	1	1596	1478	360,360
1526405593.307665754	74	40	48	1	2	0	2	-48	128341	8	1	1596	1478	360,360
1526405593.319295737	74	40	48	1	2	0	2	-48	128342	8	1	1596	1478	360,360
1526405593.331049887	74	40	48	1	2	0	2	-48	128343	8	1	1596	1478	360,360
1526405593.342827370	74	40	48	0	2	0	2	-49	128344	9	1	1596	1478	360,360
1526405593.354568172	74	40	48	1	2	0	2	-48	128345	8	1	1596	1478	360,360
1526405593.366487490	74	40	48	1	2	0	2	-48	128346	8	1	1596	1478	360,360
1526405593.378212064	74	40	48	1	2	0	2	-48	128347	8	1	1596	1478	360,360
1526405593.389983192	74	40	48	1	2	0	2	-47	128348	8	1	1596	1478	360,360
1526405593.401740364	74	40	48	0	2	0	2	-48	128349	9	1	1596	1478	360,360
1526405593.413450562	74	40	48	1	2	0	2	-47	128350	8	1	1596	1478	360,360
1526405593.425149712	74	40	48	1	2	0	2	-47	128351	8	1	1596	1478	360,360
1526405593.437028362	74	40	48	1	2	0	2	-46	128352	8	1	1596	1478	360,360
1526405593.448782877	74	40	48	1	2	0	2	-46	128353	8	1	1596	1478	360,360
1526405593.460557546	74	40	48	0	2	0	2	-47	128354	9	1	1596	1478	360,360
1526405593.472327444	74	40	48	1	2	0	2	-46	128355	8	1	1596	1478	360,360
1526405593.484065662	74	40	48	1	2	0	2	-46	128356	8	1	1596	1478	360,360
1526405593.495839727	74	40	48	1	2	0	2	-46	128357	8	1	1596	1478	360,360
1526405593.507594308	74	40	48	1	2	0	2	-46	128358	8	1	1596	1478	360,360
1526405593.519359703	74	40	48	0	2	0	2	-48	128359	9	1	1596	1478	360,360
1526405593.531026732	70	40	48	1	2	0	2	-48	128360	9	1	1596	1478	400,400
1526405593.542886228	70	40	48	1	2	0	2	-48	128361	9	1	1596	1478	400,400
1526405593.554643802	70	40	48	1	2	0	2	-48	128362	9	1	1596	1478	400,400
1526405593.566311018	70	40	48	1	2	0	2	-48	128363	9	1	1596	1478	400,400
1526405593.578085024	70	40	48	1	2	0	2	-48	128364	9	1	1596	1478	400,400
1526405593.589917735	70	40	48	1	2	0	2	-48	128365	9	1	1596	1478	400,400
1526405593.601680929	70	40	48	1	2	0	2	-48	128366	9	1	1596	1478	400,400
1526405593.613438677	70	40	48	1	2	0	2	-48	128367	9	1	1596	1478	400,400
1526405593.625193655	70	40	48	1	2	0	2	-47	128368	9	1	1596	1478	400,400
1526405593.636937731	70	40	48	1	2	0	2	-48	128369	9	1	1596	1478	400,400
1526405593.648696840	70	40	48	1	2	0	2	-47	128370	9	1	1596	1478	400,400
1526405593.660445593	70	40	48	1	2	0	2	-47	128371	9	1	1596	1478	400,400
1526405593.672257108	70	40	48	1	2	0	2	-47	128372	9	1	1596	1478	400,400
1526405593.684009013	70	40	48	1	2	0	2	-47	128373	9	1	1596	1478	400,400
1526405593.695698777	70	40	48	1	2	0	2	-47	128374	9	1	1596	1478	400,400
1526405593.707731098	70	40	48	1	2	0	2	-47	128375	9	1	1596	1478	400,400
1526405593.719157294	70	40	48	1	2	0	2	-47	128376	9	1	1596	1478	400,400
1526405593.730925906	70	40	48	1	2	0	2	-47	128377	9	1	1596	1478	400,400
1526405593.742676140	70	40	48	1	2	0	2	-47	128378	9	1	1596	1478	400,400
1526405593.754428826	70	40	48	1	2	0	2	-47	128379	9	1	1596	1478	400,400
1526405593.766205177	70	40	48	1	2	0	2	-47	128380	9	1	1596	1478	400,400
1526405593.777962129	70	40	48	1	2	0	2	-47	128381	9	1	1596	1478	400,400
1526405593.789599784	70	40	48	1	2	0	2	-47	128382	9	1	1596	1478	400,400
1526405593.801385634	70	40	48	1	2	0	2	-47	128383	9	1	1596	1478	400,400
1526405593.813303144	70	40	48	1	2	0	2	-47	128384	9	1	1596	1478	400,400
1526405593.825100629	70	40	48	1	2	0	2	-47	128385	9	1	1596	1478	400,400
1526405593.836774871	70	40	48	1	2	0	2	-47	128386	9	1	1596	1478	400,400
1526405593.848545914	70	40	48	1	2	0	2	-47	128387	9	1	1596	1478	400,400
1526405593.860353843	70	40	48	1	2	0	2	-47	128388	9	1	1596	1478	400,400
1526405593.872127446	70	40	48	1	2	0	2	-47	128389	9	1	1596	1478	400,400
1526405593.883925547	70	40	48	1	2	0	2	-47	128390	9	1	1596	1478	400,400
1526405593.895929215	70	40	48	1	2	0	2	-47	128391	9	1	1596	1478	400,400
1526405593.907468452	70	40	48	1	2	0	2	-47	128392	9	1	1596	1478	400,400
1526405593.919178411	70	40	48	1	2	0	2	-47	128393	9	1	1596	1478	400,400
1526405593.930948271	70	40	48	1	2	0	2	-47	128394	9	1	1596	1478	400,400
1526405593.942634192	70	40	48	1	2	0	2	-47	128395	9	1	1596	1478	400,400
1526405593.954476042	70	40	48	1	2	0	2	-47	128396	9	1	1596	1478	400,400
1526405593.966160227	70	40	48	1	2	0	2	-47	128397	9	1	1596	1478	400,400
1526405593.978090477	70	40	48	1	2	0	2	-47	128398	9	1	1596	1478	400,400
1526405593.989729728	70	40	48	1	2	0	2	-47	128399	9	1	1596	1478	400,400
1526405594.001511945	70	40	48	1	2	0	2	-47	128400	9	1	1596	1478	400,400
1526405594.013271547	70	40	48	1	2	0	2	-47	128401	9	1	1596	1478	400,400
1526405594.025049122	70	40	48	1	2	0	2	-47	128402	9	1	1596	1478	400,400
1526405594.036768093	70	40	48	1	2	0	2	-47	128403	9	1	1596	1478	400,400
1526405594.048532769	70	40	48	1	2	0	2	-47	128404	9	1	1596	1478	400,400
1526405594.060307910	70	40	48	1	2	0	2	-47	128405	9	1	1596	1478	400,400
1526405594.071977120	70	40	48	1	2	0	2	-47	128406	9	1	1596	1478	400,400
1526405594.083848524	70	40	48	1	2	0	2	-47	128407	9	1	1596	1478	400,400
1526405594.095515585	70	40	48	1	2	0	2	-47	128408	9	1	1596	1478	400,400
1526405594.107351392	70	40	48	1	2	0	2	-47	128409	9	1	1596	1478	400,400
1526405594.119100859	70	40	48	1	2	0	2	-47	128410	9	1	1596	1478	400,400
1526405594.130856623	70	40	48	1	2	0	2	-47	128411	9	1	1596	1478	400,400
1526405594.142615863	70	40	48	1	2	0	2	-47	128412	9	1	1596	1478	400,400
1526405594.154375236	70	40	48	1	2	0	2	-47	128413	9	1	1596	1478	400,400
1526405594.166161050	70	40	48	1	2	0	2	-47	128414	9	1	1596	1478	400,400
1526405594.177910532	70	40	48	1	2	0	2	-47	128415	9	1	1596	1478	400,400
1526405594.189688194	70	40	48	1	2	0	2	-47	128416	9	1	1596	1478	400,400
1526405594.201428001	70	40	48	1	2	0	2	-47	128417	9	1	1596	1478	400,400
1526405594.213206613	70	40	48	1	2	0	2	-47	128418	9	1	1596	1478	400,400
1526405594.224941286	70	40	48	1	2	0	2	-47	128419	9	1	1596	1478	400,400
1526405594.236708422	70	40	48	1	2	0	2	-47	128420	9	1	1596	1478	400,400
1526405594.248448107	70	40	48	1	2	0	2	-48	128421	9	1	1596	1478	400,400
1526405594.260160346	70	40	48	1	2	0	2	-48	128422	9	1	1596	1478	400,400
1526405594.271993528	70	40	48	1	2	0	2	-48	128423	9	1	1596	1478	400,400
1526405594.283751879	70	40	48	1	2	0	2	-48	128424	9	1	1596	1478	400,400
1526405594.295529684	70	40	48	1	2	0	2	-48	128425	9	1	1596	1478	400,400
1526405594.307264633	70	40	48	1	2	0	2	-48	128426	9	1	1596	1478	400,400
1526405594.319032459	70	40	48	1	2	0	2	-48	128427	9	1	1596	1478	400,400
1526405594.330785155	70	40	48	1	2	0	2	-48	128428	9	1	1596	1478	400,400
1526405594.342459543	70	40	48	1	2	0	2	-48	128429	9	1	1596	1478	400,400
1526405594.354180439	70	40	48	1	2	0	2	-48	128430	9	1	1596	1478	400,400
1526405594.366047862	70	40	48	1	2	0	2	-48	128431	9	1	1596	1478	400,400
1526405594.377817049	70	40	48	1	2	0	2	-48	128432	9	1	1596	1478	400,400
1526405594.389601359	70	40	48	1	2	0	2	-48	128433	9	1	1596	1478	400,400
1526405594.401344259	70	40	48	1	2	0	2	-48	128434	9	1	1596	1478	400,400
1526405594.413090687	70	40	48	1	2	0	2	-47	128435	9	1	1596	1478	400,400
1526405594.424904837	70	40	48	1	2	0	2	-47	128436	9	1	1596	1478	400,400
1526405594.436532993	70	40	48	1	2	0	2	-47	128437	9	1	1596	1478	400,400
1526405594.448289388	70	40	48	1	2	0	2	-47	128438	9	1	1596	1478	400,400
1526405594.459941185	70	40	48	1	2	0	2	-47	128439	9	1	1596	1478	400,400
1526405594.471906969	70	40	48	1	2	0	2	-46	128440	9	1	1596	1478	400,400
1526405594.483694600	70	40	48	1	2	0	2	-46	128441	9	1	1596	1478	400,400
1526405594.495458669	70	40	48	1	2	0	2	-46	128442	9	1	1596	1478	400,400
1526405594.507193890	70	40	48	1	2	0	2	-46	128443	9	1	1596	1478	400,400
1526405594.518955159	70	40	48	1	2	0	2	-46	128444	9	1	1596	1478	400,400
1526405594.530646036	70	40	48	1	2	0	2	-47	128445	9	1	1596	1478	400,400
1526405594.542475136	70	40	48	1	2	0	2	-47	128446	9	1	1596	1478	400,400
1526405594.554156794	70	40	48	1	2	0	2	-47	128447	9	1	1596	1478	400,400
1526405594.565988033	70	40	48	1	2	0	2	-47	128448	9	1	1596	1478	400,400
1526405594.577734100	70	40	48	1	2	0	2	-47	128449	9	1	1596	1478	400,400
1526405594.589507205	70	40	48	1	2	0	2	-47	128450	9	1	1596	1478	400,400
1526405594.601299412	70	40	48	1	2	0	2	-47	128451	9	1	1596	1478	400,400
1526405594.613034523	70	40	48	1	2	0	2	-47	128452	9	1	1596	1478	400,400
1526405594.624795250	70	40	48	1	2	0	2	-47	128453	9	1	1596	1478	400,400
1526405594.636461951	70	40	48	1	2	0	2	-47	128454	9	1	1596	1478	400,400
1526405594.648292722	70	40	48	1	2	0	2	-47	128455	9	1	1596	1478	400,400
1526405594.660080034	70	40	48	1	2	0	2	-47	128456	9	1	1596	1478	400,400
1526405594.671828237	70	40	48	1	2	0	2	-47	128457	9	1	1596	1478	400,400
1526405594.683511297	70	40	48	1	2	0	2	-47	128458	9	1	1596	1478	400,400
1526405594.695278084	70	40	48	1	2	0	2	-47	128459	9	1	1596	1478	400,400
1526405594.706976865	70	40	48	1	2	0	2	-47	128460	9	1	1596	1478	400,400
1526405594.718736589	70	40	48	1	2	0	2	-47	128461	9	1	1596	1478	400,400
1526405594.731285631	70	40	48	1	2	0	2	-47	128462	9	1	1596	1478	400,400
1526405594.742251217	70	40	48	1	2	0	2	-47	128463	9	1	1596	1478	400,400
1526405594.754027247	70	40	48	1	2	0	2	-47	128464	9	1	1596	1478	400,400
1526405594.765682143	70	40	48	1	2	0	2	-47	128465	9	1	1596	1478	400,400
1526405594.777450028	70	40	48	1	2	0	2	-47	128466	9	1	1596	1478	400,400
1526405594.789192207	70	40	48	1	2	0	2	-48	128467	9	1	1596	1478	400,400
1526405594.801046203	70	40	48	1	2	0	2	-48	128468	9	1	1596	1478	400,400
1526405594.812799063	70	40	48	1	2	0	2	-48	128469	9	1	1596	1478	400,400
1526405594.824655588	70	40	48	1	2	0	2	-48	128470	9	1	1596	1478	400,400
1526405594.836457355	70	40	48	1	2	0	2	-48	128471	9	1	1596	1478	400,400
1526405594.848237917	70	40	48	1	2	0	2	-47	128472	9	1	1596	1478	400,400
1526405594.859910609	70	40	48	1	2	0	2	-48	128473	9	1	1596	1478	400,400
1526405594.871658867	70	40	48	1	2	0	2	-48	128474	9	1	1596	1478	400,400
1526405594.883498869	70	40	48	1	2	0	2	-48	128475	9	1	1596	1478	400,400
1526405594.895258967	70	40	48	1	2	0	2	-48	128476	9	1	1596	1478	400,400
1526405594.907047418	70	40	48	1	2	0	2	-47	128477	9	1	1596	1478	400,400
1526405594.918776517	70	40	48	1	2	0	2	-47	128478	9	1	1596	1478	400,400
1526405594.930577976	70	40	48	1	2	0	2	-47	128479	9	1	1596	1478	400,400
1526405594.942096456	70	40	48	1	2	0	2	-47	128480	9	1	1596	1478	400,400
1526405594.953972371	70	40	48	1	2	0	2	-47	128481	9	1	1596	1478	400,400
1526405594.965824474	70	40	48	1	2	0	2	-47	128482	9	1	1596	1478	400,400
1526405594.977569437	70	40	48	1	2	0	2	-47	128483	9	1	1596	1478	400,400
1526405594.989351596	70	40	48	1	2	0	2	-47	128484	9	1	1596	1478	400,400
1526405595.001088283	70	40	48	1	2	0	2	-48	128485	9	1	1596	1478	400,400
1526405595.012871871	70	40	48	1	2	0	2	-48	128486	9	1	1596	1478	400,400
1526405595.024619953	70	40	48	1	2	0	2	-48	128487	9	1	1596	1478	400,400
1526405595.036385582	70	40	48	1	2	0	2	-48	128488	9	1	1596	1478	400,400
1526405595.048140767	70	40	48	1	2	0	2	-48	128489	9	1	1596	1478	400,400
1526405595.059909498	70	40	48	1	2	0	2	-48	128490	9	1	1596	1478	400,400
1526405595.071667054	70	40	48	1	2	0	2	-49	128491	9	1	1596	1478	400,400
1526405595.083437823	70	40	48	1	2	0	2	-49	128492	9	1	1596	1478	400,400
1526405595.095178749	70	40	48	1	2	0	2	-49	128493	9	1	1596	1478	400,400
1526405595.106965286	70	40	48	1	2	0	2	-50	128494	9	1	1596	1478	400,400
1526405595.118720866	70	40	48	1	2	0	2	-50	128495	9	1	1596	1478	400,400
1526405595.130460047	70	40	48	1	2	0	2	-49	128496	9	1	1596	1478	400,400
1526405595.142226256	70	40	48	1	2	0	2	-49	128497	9	1	1596	1478	400,400
1526405595.153998441	70	40	48	1	2	0	2	-49	128498	9	1	1596	1478	400,400
1526405595.165745483	70	40	48	1	2	0	2	-49	128499	9	1	1596	1478	400,400
1526405595.177517452	70	40	48	1	2	0	2	-49	128500	9	1	1596	1478	400,400
1526405595.189319001	70	40	48	1	2	0	2	-49	128501	9	1	1596	1478	400,400
1526405595.201046257	70	40	48	1	2	0	2	-49	128502	9	1	1596	1478	400,400
1526405595.212814475	70	40	48	1	2	0	2	-49	128503	9	1	1596	1478	400,400
1526405595.224532949	70	40	48	1	2	0	2	-49	128504	9	1	1596	1478	400,400
1526405595.236309509	70	40	48	1	2	0	2	-49	128505	9	1	1596	1478	400,400
1526405595.248067282	70	40	48	1	2	0	2	-49	128506	9	1	1596	1478	400,400
1526405595.259838589	70	40	48	1	2	0	2	-48	128507	9	1	1596	1478	400,400
1526405595.271578323	70	40	48	1	2	0	2	-48	128508	9	1	1596	1478	400,400
1526405595.283338959	70	40	48	1	2	0	2	-48	128509	9	1	1596	1478	400,400
1526405595.295126912	70	40	48	1	2	0	2	-48	128510	9	1	1596	1478	400,400
1526405595.306884000	70	40	48	1	2	0	2	-49	128511	9	1	1596	1478	400,400
1526405595.318660229	70	40	48	1	2	0	2	-49	128512	9	1	1596	1478	400,400
1526405595.330393242	70	40	48	1	2	0	2	-49	128513	9	1	1596	1478	400,400
1526405595.342159810	70	40	48	1	2	0	2	-49	128514	9	1	1596	1478	400,400
1526405595.353875550	70	40	48	1	2	0	2	-48	128515	9	1	1596	1478	400,400
1526405595.365579021	70	40	48	1	2	0	2	-48	128516	9	1	1596	1478	400,400
1526405595.377312508	70	40	48	1	2	0	2	-48	128517	9	1	1596	1478	400,400
1526405595.389190978	70	40	48	1	2	0	2	-48	128518	9	1	1596	1478	400,400
1526405595.400956185	70	40	48	1	2	0	2	-48	128519	9	1	1596	1478	400,400
1526405595.412724943	70	40	48	1	2	0	2	-48	128520	9	1	1596	1478	400,400
1526405595.424495586	70	40	48	1	2	0	2	-48	128521	9	1	1596	1478	400,400
1526405595.436074347	70	40	48	1	2	0	2	-48	128522	9	1	1596	1478	400,400
1526405595.448311184	70	40	48	1	2	0	2	-48	128523	9	1	1596	1478	400,400
1526405595.459725641	70	40	48	1	2	0	2	-48	128524	9	1	1596	1478	400,400
1526405595.471486112	70	40	48	1	2	0	2	-48	128525	9	1	1596	1478	400,400
1526405595.483281109	70	40	48	1	2	0	2	-48	128526	9	1	1596	1478	400,400
1526405595.495328547	70	40	48	1	2	0	2	-49	128527	9	1	1596	1478	400,400
1526405595.506785035	70	40	48	1	2	0	2	-49	128528	9	1	1596	1478	400,400
1526405595.518558553	70	40	48	1	2	0	2	-49	128529	9	1	1596	1478	400,400
1526405595.530209710	70	40	48	1	2	0	2	-49	128530	9	1	1596	1478	400,400
1526405595.542060166	70	40	48	1	2	0	2	-49	128531	9	1	1596	1478	400,400
1526405595.553824553	70	40	48	1	2	0	2	-49	128532	9	1	1596	1478	400,400
1526405595.565588378	70	40	48	1	2	0	2	-49	128533	9	1	1596	1478	400,400
1526405595.577325831	70	40	48	1	2	0	2	-49	128534	9	1	1596	1478	400,400
1526405595.589092611	70	40	48	1	2	0	2	-50	128535	9	1	1596	1478	400,400
1526405595.600875428	70	40	48	1	2	0	2	-50	128536	9	1	1596	1478	400,400
1526405595.612623277	70	40	48	1	2	0	2	-50	128537	9	1	1596	1478	400,400
1526405595.624400508	70	40	48	1	2	0	2	-50	128538	9	1	1596	1478	400,400
1526405595.636143780	70	40	48	1	2	0	2	-49	128539	9	1	1596	1478	400,400
1526405595.647916765	70	40	48	1	2	0	2	-50	128540	9	1	1596	1478	400,400
1526405595.659801772	70	40	48	1	2	0	2	-50	128541	9	1	1596	1478	400,400
1526405595.671461561	70	40	48	1	2	0	2	-50	128542	9	1	1596	1478	400,400
1526405595.683224291	70	40	48	1	2	0	2	-50	128543	9	1	1596	1478	400,400
1526405595.694991083	70	40	48	1	2	0	2	-50	128544	9	1	1596	1478	400,400
1526405595.706758742	70	40	48	1	2	0	2	-50	128545	9	1	1596	1478	400,400
1526405595.719263603	70	40	48	1	2	0	2	-50	128546	9	1	1596	1478	400,400
1526405595.730175380	70	40	48	1	2	0	2	-50	128547	9	1	1596	1478	400,400
1526405595.741939179	70	40	48	1	2	0	2	-50	128548	9	1	1596	1478	400,400
1526405595.753701516	70	40	48	1	2	0	2	-50	128549	9	1	1596	1478	400,400
1526405595.765554327	70	40	48	1	2	0	2	-50	128550	9	1	1596	1478	400,400
1526405595.777333832	70	40	48	1	2	0	2	-50	128551	9	1	1596	1478	400,400
1526405595.789081304	70	40	48	1	2	0	2	-50	128552	9	1	1596	1478	400,400
1526405595.800847380	70	40	48	1	2	0	2	-50	128553	9	1	1596	1478	400,400
1526405595.812592414	70	40	48	1	2	0	2	-50	128554	9	1	1596	1478	400,400
1526405595.824346414	70	40	48	1	2	0	2	-50	128555	9	1	1596	1478	400,400
1526405595.836115853	70	40	48	1	2	0	2	-50	128556	9	1	1596	1478	400,400
1526405595.847853838	70	40	48	1	2	0	2	-50	128557	9	1	1596	1478	400,400
1526405595.859665128	70	40	48	1	2	0	2	-50	128558	9	1	1596	1478	400,400
1526405595.871359602	70	40	48	1	2	0	2	-50	128559	9	1	1596	1478	400,400
1526405595.882968315	70	40	48	1	2	0	2	-51	128560	9	1	1596	1478	400,400
1526405595.894846214	70	40	48	1	2	0	2	-51	128561	9	1	1596	1478	400,400
1526405595.906515715	70	40	48	1	2	0	2	-51	128562	9	1	1596	1478	400,400
1526405595.918313716	70	40	48	1	2	0	2	-51	128563	9	1	1596	1478	400,400
1526405595.929958920	70	40	48	1	2	0	2	-51	128564	9	1	1596	1478	400,400
1526405595.941794724	70	40	48	1	2	0	2	-51	128565	9	1	1596	1478	400,400
1526405595.953624104	70	40	48	1	2	0	2	-51	128566	9	1	1596	1478	400,400
1526405595.965355235	70	40	48	1	2	0	2	-51	128567	9	1	1596	1478	400,400
1526405595.976918842	70	40	48	1	2	0	2	-50	128568	9	1	1596	1478	400,400
1526405595.988906910	70	40	48	1	2	0	2	-50	128569	9	1	1596	1478	400,400
1526405596.000708452	70	40	48	1	2	0	2	-50	128570	9	1	1596	1478	400,400
1526405596.012464873	70	40	48	1	2	0	2	-50	128571	9	1	1596	1478	400,400
1526405596.025100990	70	40	48	1	2	0	2	-50	128572	9	1	1596	1478	400,400
1526405596.035976764	70	40	48	1	2	0	2	-50	128573	9	1	1596	1478	400,400
1526405596.047764192	70	40	48	1	2	0	2	-50	128574	9	1	1596	1478	400,400
1526405596.059233766	70	40	48	1	2	0	2	-49	128575	9	1	1596	1478	400,400
1526405596.071261602	70	40	48	1	2	0	2	-49	128576	9	1	1596	1478	400,400
1526405596.083018630	70	40	48	1	2	0	2	-48	128577	9	1	1596	1478	400,400
1526405596.094779025	70	40	48	1	2	0	2	-49	128578	9	1	1596	1478	400,400
1526405596.106549640	70	40	48	1	2	0	2	-49	128579	9	1	1596	1478	400,400
1526405596.118306164	70	40	48	1	2	0	2	-49	128580	9	1	1596	1478	400,400
1526405596.130076443	70	40	48	1	2	0	2	-49	128581	9	1	1596	1478	400,400
1526405596.141737431	70	40	48	1	2	0	2	-50	128582	9	1	1596	1478	400,400
1526405596.153577652	70	40	48	1	2	0	2	-50	128583	9	1	1596	1478	400,400
1526405596.165361596	70	40	48	1	2	0	2	-49	128584	9	1	1596	1478	400,400
1526405596.177111739	70	40	48	1	2	0	2	-50	128585	9	1	1596	1478	400,400
1526405596.188879767	70	40	48	1	2	0	2	-50	128586	9	1	1596	1478	400,400
1526405596.200567275	70	40	48	1	2	0	2	-50	128587	9	1	1596	1478	400,400
1526405596.212382334	70	40	48	1	2	0	2	-50	128588	9	1	1596	1478	400,400
1526405596.224140431	70	40	48	1	2	0	2	-50	128589	9	1	1596	1478	400,400
1526405596.235935351	70	40	48	1	2	0	2	-50	128590	9	1	1596	1478	400,400
1526405596.247671360	70	40	48	1	2	0	2	-49	128591	9	1	1596	1478	400,400
1526405596.259428603	70	40	48	1	2	0	2	-49	128592	9	1	1596	1478	400,400
1526405596.271183098	70	40	48	1	2	0	2	-49	128593	9	1	1596	1478	400,400
1526405596.282876089	70	40	48	1	2	0	2	-49	128594	9	1	1596	1478	400,400
1526405596.294697611	70	40	48	1	2	0	2	-49	128595	9	1	1596	1478	400,400
1526405596.306462221	70	40	48	1	2	0	2	-49	128596	9	1	1596	1478	400,400
1526405596.318220795	70	40	48	1	2	0	2	-49	128597	9	1	1596	1478	400,400
1526405596.329891989	70	40	48	1	2	0	2	-49	128598	9	1	1596	1478	400,400
1526405596.341780952	70	40	48	1	2	0	2	-49	128599	9	1	1596	1478	400,400
1526405596.353513470	70	40	48	1	2	0	2	-49	128600	9	1	1596	1478	400,400
1526405596.365269100	70	40	48	1	2	0	2	-49	128601	9	1	1596	1478	400,400
1526405596.377023305	70	40	48	1	2	0	2	-49	128602	9	1	1596	1478	400,400
1526405596.388715094	70	40	48	1	2	0	2	-49	128603	9	1	1596	1478	400,400
1526405596.400438020	70	40	48	1	2	0	2	-49	128604	9	1	1596	1478	400,400
1526405596.412320386	70	40	48	1	2	0	2	-49	128605	9	1	1596	1478	400,400
1526405596.424070205	70	40	48	1	2	0	2	-49	128606	9	1	1596	1478	400,400
1526405596.435736432	70	40	48	1	2	0	2	-49	128607	9	1	1596	1478	400,400
1526405596.447496411	70	40	48	1	2	0	2	-49	128608	9	1	1596	1478	400,400
1526405596.459228915	70	40	48	1	2	0	2	-49	128609	9	1	1596	1478	400,400
1526405596.471140149	70	40	48	1	2	0	2	-49	128610	9	1	1596	1478	400,400
1526405596.482866768	70	40	48	1	2	0	2	-48	128611	9	1	1596	1478	400,400
1526405596.494626160	70	40	48	1	2	0	2	-48	128612	9	1	1596	1478	400,400
1526405596.506385240	70	40	48	1	2	0	2	-48	128613	9	1	1596	1478	400,400
1526405596.518089272	70	40	48	1	2	0	2	-48	128614	9	1	1596	1478	400,400
1526405596.529826151	70	40	48	1	2	0	2	-48	128615	9	1	1596	1478	400,400
1526405596.541581964	70	40	48	1	2	0	2	-47	128616	9	1	1596	1478	400,400
1526405596.553444221	70	40	48	1	2	0	2	-47	128617	9	1	1596	1478	400,400
1526405596.565200609	70	40	48	1	2	0	2	-47	128618	9	1	1596	1478	400,400
1526405596.576948037	70	40	48	1	2	0	2	-47	128619	9	1	1596	1478	400,400
1526405596.588703950	70	40	48	1	2	0	2	-47	128620	9	1	1596	1478	400,400
1526405596.600485732	70	40	48	1	2	0	2	-47	128621	9	1	1596	1478	400,400
1526405596.612251524	70	40	48	1	2	0	2	-48	128622	9	1	1596	1478	400,400
1526405596.623994013	70	40	48	1	2	0	2	-48	128623	9	1	1596	1478	400,400
1526405596.635592675	70	40	48	1	2	0	2	-48	128625	9	1	1596	1478	400,400
1526405596.647349870	70	40	48	1	2	0	2	-48	128626	9	1	1596	1478	400,400
1526405596.659152965	70	40	48	1	2	0	2	-48	128627	9	1	1596	1478	400,400
1526405596.670998291	70	40	48	1	2	0	2	-48	128628	9	1	1596	1478	400,400
1526405596.682786609	70	40	48	1	2	0	2	-48	128629	9	1	1596	1478	400,400
1526405596.694520185	70	40	48	1	2	0	2	-49	128630	9	1	1596	1478	400,400
1526405596.706209806	70	40	48	1	2	0	2	-49	128631	9	1	1596	1478	400,400
1526405596.717892883	70	40	48	1	2	0	2	-49	128632	9	1	1596	1478	400,400
1526405596.729700286	70	40	48	1	2	0	2	-49	128633	9	1	1596	1478	400,400
1526405596.741375345	70	40	48	1	2	0	2	-49	128634	9	1	1596	1478	400,400
1526405596.753194113	70	40	48	1	2	0	2	-48	128635	9	1	1596	1478	400,400
1526405596.764972233	70	40	48	1	2	0	2	-48	128636	9	1	1596	1478	400,400
1526405596.776751059	70	40	48	1	2	0	2	-48	128637	9	1	1596	1478	400,400
1526405596.788512475	70	40	48	1	2	0	2	-48	128638	9	1	1596	1478	400,400
1526405596.800168355	70	40	48	1	2	0	2	-48	128639	9	1	1596	1478	400,400
1526405596.811965248	70	40	48	1	2	0	2	-48	128640	9	1	1596	1478	400,400
1526405596.823800565	70	40	48	1	2	0	2	-48	128641	9	1	1596	1478	400,400
1526405596.835566723	70	40	48	1	2	0	2	-47	128642	9	1	1596	1478	400,400
1526405596.847348651	70	40	48	1	2	0	2	-48	128643	9	1	1596	1478	400,400
1526405596.859086679	70	40	48	1	2	0	2	-48	128644	9	1	1596	1478	400,400
1526405596.870835868	70	40	48	1	2	0	2	-49	128645	9	1	1596	1478	400,400
1526405596.882605920	70	40	48	1	2	0	2	-49	128646	9	1	1596	1478	400,400
1526405596.894296853	70	40	48	1	2	0	2	-49	128647	9	1	1596	1478	400,400
1526405596.906128156	70	40	48	1	2	0	2	-49	128648	9	1	1596	1478	400,400
1526405596.917977104	70	40	48	1	2	0	2	-49	128649	9	1	1596	1478	400,400
1526405596.929932927	70	40	48	1	2	0	2	-49	128651	9	1	1596	1478	400,400
1526405596.942619613	74	40	48	1	2	0	2	-48	128656	8	1	1596	1478	360,360
1526405596.953285994	74	40	48	1	2	0	2	-48	128657	8	1	1596	1478	360,360
1526405596.965013158	74	40	48	1	2	0	2	-48	128658	8	1	1596	1478	360,360
1526405596.976808385	74	40	48	1	2	0	2	-48	128659	8	1	1596	1478	360,360
1526405596.988567531	74	40	48	1	2	0	2	-48	128660	8	1	1596	1478	360,360
1526405597.000228986	74	40	48	1	2	0	2	-48	128661	8	1	1596	1478	360,360
1526405597.012063025	74	40	48	1	2	0	2	-47	128662	8	1	1596	1478	360,360
1526405597.023836799	74	40	48	1	2	0	2	-47	128663	8	1	1596	1478	360,360
1526405597.035511636	74	40	48	0	2	0	2	-48	128664	9	1	1596	1478	360,360
1526405597.047206403	74	40	48	1	2	0	2	-47	128665	8	1	1596	1478	360,360
1526405597.059055183	74	40	48	1	2	0	2	-47	128666	8	1	1596	1478	360,360
1526405597.070884657	74	40	48	1	2	0	2	-46	128667	8	1	1596	1478	360,360
1526405597.082647606	74	40	48	1	2	0	2	-46	128668	8	1	1596	1478	360,360
1526405597.094379870	74	40	48	0	2	0	2	-48	128669	9	1	1596	1478	360,360
1526405597.106159183	74	40	48	1	2	0	2	-46	128670	8	1	1596	1478	360,360
1526405597.117884375	74	40	48	1	2	0	2	-46	128671	8	1	1596	1478	360,360
1526405597.129669499	74	40	48	1	2	0	2	-46	128672	8	1	1596	1478	360,360
1526405597.141420440	74	40	48	1	2	0	2	-46	128673	8	1	1596	1478	360,360
1526405597.153224412	74	40	48	0	2	0	2	-47	128674	9	1	1596	1478	360,360
1526405597.164956227	74	40	48	1	2	0	2	-46	128675	8	1	1596	1478	360,360
1526405597.176601052	74	40	48	1	2	0	2	-46	128676	8	1	1596	1478	360,360
1526405597.188888454	74	40	48	1	2	0	2	-46	128677	8	1	1596	1478	360,360
1526405597.200167582	74	40	48	1	2	0	2	-46	128678	8	1	1596	1478	360,360
1526405597.211991775	74	40	48	0	2	0	2	-47	128679	9	1	1596	1478	360,360
1526405597.223759415	70	40	48	1	2	0	2	-47	128680	9	1	1596	1478	400,400
1526405597.235504220	70	40	48	1	2	0	2	-47	128681	9	1	1596	1478	400,400
1526405597.247267671	70	40	48	1	2	0	2	-47	128682	9	1	1596	1478	400,400
1526405597.259049353	70	40	48	1	2	0	2	-47	128683	9	1	1596	1478	400,400
1526405597.270779132	70	40	48	1	2	0	2	-47	128684	9	1	1596	1478	400,400
1526405597.282552757	70	40	48	1	2	0	2	-47	128685	9	1	1596	1478	400,400
1526405597.294303701	70	40	48	1	2	0	2	-47	128686	9	1	1596	1478	400,400
1526405597.306066067	70	40	48	1	2	0	2	-47	128687	9	1	1596	1478	400,400
1526405597.317833762	70	40	48	1	2	0	2	-47	128688	9	1	1596	1478	400,400
1526405597.329590844	70	40	48	1	2	0	2	-47	128689	9	1	1596	1478	400,400
1526405597.341350694	70	40	48	1	2	0	2	-47	128690	9	1	1596	1478	400,400
1526405597.353070391	70	40	48	1	2	0	2	-47	128691	9	1	1596	1478	400,400
1526405597.364908881	70	40	48	1	2	0	2	-47	128692	9	1	1596	1478	400,400
1526405597.376629588	70	40	48	1	2	0	2	-47	128693	9	1	1596	1478	400,400
1526405597.388396551	70	40	48	1	2	0	2	-47	128694	9	1	1596	1478	400,400
1526405597.400154966	70	40	48	1	2	0	2	-47	128695	9	1	1596	1478	400,400
1526405597.411686510	70	40	48	1	2	0	2	-47	128696	9	1	1596	1478	400,400
1526405597.423521293	70	40	48	1	2	0	2	-47	128697	9	1	1596	1478	400,400
1526405597.435339236	70	40	48	1	2	0	2	-47	128698	9	1	1596	1478	400,400
1526405597.447230669	70	40	48	1	2	0	2	-47	128699	9	1	1596	1478	400,400
1526405597.458859429	70	40	48	1	2	0	2	-47	128700	9	1	1596	1478	400,400
1526405597.470697487	70	40	48	1	2	0	2	-47	128701	9	1	1596	1478	400,400
1526405597.482452998	70	40	48	1	2	0	2	-47	128702	9	1	1596	1478	400,400
1526405597.494212139	70	40	48	1	2	0	2	-47	128703	9	1	1596	1478	400,400
1526405597.505920507	70	40	48	1	2	0	2	-47	128704	9	1	1596	1478	400,400
1526405597.517752244	70	40	48	1	2	0	2	-47	128705	9	1	1596	1478	400,400
1526405597.529397810	70	40	48	1	2	0	2	-47	128706	9	1	1596	1478	400,400
1526405597.541157890	70	40	48	1	2	0	2	-47	128707	9	1	1596	1478	400,400
1526405597.553010757	70	40	48	1	2	0	2	-47	128708	9	1	1596	1478	400,400
1526405597.564804944	70	40	48	1	2	0	2	-47	128709	9	1	1596	1478	400,400
1526405597.576589119	70	40	48	1	2	0	2	-47	128710	9	1	1596	1478	400,400
1526405597.588323212	70	40	48	1	2	0	2	-47	128711	9	1	1596	1478	400,400
1526405597.600079955	70	40	48	1	2	0	2	-47	128712	9	1	1596	1478	400,400
1526405597.611706709	70	40	48	1	2	0	2	-47	128713	9	1	1596	1478	400,400
1526405597.623324594	70	40	48	1	2	0	2	-47	128714	9	1	1596	1478	400,400
1526405597.635150098	70	40	48	1	2	0	2	-47	128715	9	1	1596	1478	400,400
1526405597.647051247	70	40	48	1	2	0	2	-48	128716	9	1	1596	1478	400,400
1526405597.658677453	70	40	48	1	2	0	2	-48	128717	9	1	1596	1478	400,400
1526405597.670651532	70	40	48	1	2	0	2	-48	128718	9	1	1596	1478	400,400
1526405597.682291846	70	40	48	1	2	0	2	-48	128719	9	1	1596	1478	400,400
1526405597.694162955	70	40	48	1	2	0	2	-48	128720	9	1	1596	1478	400,400
1526405597.705890214	70	40	48	1	2	0	2	-48	128721	9	1	1596	1478	400,400
1526405597.717578811	70	40	48	1	2	0	2	-48	128722	9	1	1596	1478	400,400
1526405597.729421994	70	40	48	1	2	0	2	-48	128723	9	1	1596	1478	400,400
1526405597.741186299	70	40	48	1	2	0	2	-48	128724	9	1	1596	1478	400,400
1526405597.752938606	70	40	48	1	2	0	2	-48	128725	9	1	1596	1478	400,400
1526405597.764716592	70	40	48	1	2	0	2	-48	128726	9	1	1596	1478	400,400
1526405597.776493300	70	40	48	1	2	0	2	-48	128727	9	1	1596	1478	400,400
1526405597.788249507	70	40	48	1	2	0	2	-48	128728	9	1	1596	1478	400,400
1526405597.799994541	70	40	48	1	2	0	2	-48	128729	9	1	1596	1478	400,400
1526405597.811754740	70	40	48	1	2	0	2	-48	128730	9	1	1596	1478	400,400
1526405597.823518452	70	40	48	1	2	0	2	-48	128731	9	1	1596	1478	400,400
1526405597.835259985	70	40	48	1	2	0	2	-48	128732	9	1	1596	1478	400,400
1526405597.847027605	70	40	48	1	2	0	2	-48	128733	9	1	1596	1478	400,400
1526405597.858789286	70	40	48	1	2	0	2	-48	128734	9	1	1596	1478	400,400
1526405597.870562303	70	40	48	1	2	0	2	-48	128735	9	1	1596	1478	400,400
1526405597.882307909	70	40	48	1	2	0	2	-48	128736	9	1	1596	1478	400,400
1526405597.894076788	70	40	48	1	2	0	2	-48	128737	9	1	1596	1478	400,400
1526405597.906183620	70	40	48	1	2	0	2	-48	128738	9	1	1596	1478	400,400
1526405597.917595654	70	40	48	1	2	0	2	-47	128739	9	1	1596	1478	400,400
1526405597.929209665	70	40	48	1	2	0	2	-47	128740	9	1	1596	1478	400,400
1526405597.940976856	70	40	48	1	2	0	2	-47	128741	9	1	1596	1478	400,400
1526405597.952863211	70	40	48	1	2	0	2	-48	128742	9	1	1596	1478	400,400
1526405597.964602910	70	40	48	1	2	0	2	-47	128743	9	1	1596	1478	400,400
1526405597.976714744	70	40	48	1	2	0	2	-47	128744	9	1	1596	1478	400,400
1526405597.988145955	70	40	48	1	2	0	2	-47	128745	9	1	1596	1478	400,400
1526405597.999814799	70	40	48	1	2	0	2	-47	128746	9	1	1596	1478	400,400
1526405598.011685481	70	40	48	1	2	0	2	-48	128747	9	1	1596	1478	400,400
1526405598.023648617	70	40	48	1	2	0	2	-47	128748	9	1	1596	1478	400,400
1526405598.035099174	70	40	48	1	2	0	2	-48	128749	9	1	1596	1478	400,400
1526405598.046945740	70	40	48	1	2	0	2	-48	128750	9	1	1596	1478	400,400
1526405598.058574836	70	40	48	1	2	0	2	-48	128751	9	1	1596	1478	400,400
1526405598.070495806	70	40	48	1	2	0	2	-47	128752	9	1	1596	1478	400,400
1526405598.082158526	70	40	48	1	2	0	2	-48	128753	9	1	1596	1478	400,400
1526405598.093896236	70	40	48	1	2	0	2	-48	128754	9	1	1596	1478	400,400
1526405598.105733996	70	40	48	1	2	0	2	-48	128755	9	1	1596	1478	400,400
1526405598.117503618	70	40	48	1	2	0	2	-48	128756	9	1	1596	1478	400,400
1526405598.129265978	70	40	48	1	2	0	2	-48	128757	9	1	1596	1478	400,400
1526405598.140930443	70	40	48	1	2	0	2	-48	128758	9	1	1596	1478	400,400
1526405598.152771993	70	40	48	1	2	0	2	-48	128759	9	1	1596	1478	400,400
1526405598.164516497	70	40	48	1	2	0	2	-48	128760	9	1	1596	1478	400,400
1526405598.176253999	70	40	48	1	2	0	2	-48	128761	9	1	1596	1478	400,400
1526405598.188052488	70	40	48	1	2	0	2	-48	128762	9	1	1596	1478	400,400
1526405598.199820585	70	40	48	1	2	0	2	-48	128763	9	1	1596	1478	400,400
1526405598.211594767	70	40	48	1	2	0	2	-48	128764	9	1	1596	1478	400,400
1526405598.223349789	70	40	48	1	2	0	2	-48	128765	9	1	1596	1478	400,400
1526405598.235037754	70	40	48	1	2	0	2	-47	128766	9	1	1596	1478	400,400
1526405598.246864096	70	40	48	1	2	0	2	-48	128767	9	1	1596	1478	400,400
1526405598.258629416	70	40	48	1	2	0	2	-47	128768	9	1	1596	1478	400,400
1526405598.270309392	70	40	48	1	2	0	2	-48	128769	9	1	1596	1478	400,400
1526405598.282181104	70	40	48	1	2	0	2	-48	128770	9	1	1596	1478	400,400
1526405598.293904073	70	40	48	1	2	0	2	-48	128771	9	1	1596	1478	400,400
1526405598.305673740	70	40	48	1	2	0	2	-48	128772	9	1	1596	1478	400,400
1526405598.317426185	70	40	48	1	2	0	2	-48	128773	9	1	1596	1478	400,400
1526405598.329188951	70	40	48	1	2	0	2	-48	128774	9	1	1596	1478	400,400
1526405598.340937347	70	40	48	1	2	0	2	-48	128775	9	1	1596	1478	400,400
1526405598.352711874	70	40	48	1	2	0	2	-48	128776	9	1	1596	1478	400,400
1526405598.364493821	70	40	48	1	2	0	2	-48	128777	9	1	1596	1478	400,400
1526405598.376241414	70	40	48	1	2	0	2	-48	128778	9	1	1596	1478	400,400
1526405598.388027593	70	40	48	1	2	0	2	-48	128779	9	1	1596	1478	400,400
1526405598.399661030	70	40	48	1	2	0	2	-48	128780	9	1	1596	1478	400,400
1526405598.411517824	70	40	48	1	2	0	2	-48	128781	9	1	1596	1478	400,400
1526405598.423207582	70	40	48	1	2	0	2	-48	128782	9	1	1596	1478	400,400
1526405598.434948971	70	40	48	1	2	0	2	-48	128783	9	1	1596	1478	400,400
1526405598.446667962	70	40	48	1	2	0	2	-48	128784	9	1	1596	1478	400,400
1526405598.458432893	70	40	48	1	2	0	2	-48	128785	9	1	1596	1478	400,400
1526405598.470324084	70	40	48	1	2	0	2	-48	128786	9	1	1596	1478	400,400
1526405598.483145757	70	40	48	1	2	0	2	-48	128787	9	1	1596	1478	400,400
1526405598.493845350	70	40	48	1	2	0	2	-48	128788	9	1	1596	1478	400,400
1526405598.505597379	70	40	48	1	2	0	2	-48	128789	9	1	1596	1478	400,400
1526405598.517376991	70	40	48	1	2	0	2	-48	128790	9	1	1596	1478	400,400
1526405598.529015643	70	40	48	1	2	0	2	-48	128791	9	1	1596	1478	400,400
1526405598.540776886	70	40	48	1	2	0	2	-48	128792	9	1	1596	1478	400,400
1526405598.552539582	70	40	48	1	2	0	2	-48	128793	9	1	1596	1478	400,400
1526405598.564379188	70	40	48	1	2	0	2	-48	128794	9	1	1596	1478	400,400
1526405598.576055693	70	40	48	1	2	0	2	-48	128795	9	1	1596	1478	400,400
1526405598.587920830	70	40	48	1	2	0	2	-48	128796	9	1	1596	1478	400,400
1526405598.599573121	70	40	48	1	2	0	2	-48	128797	9	1	1596	1478	400,400
1526405598.611415774	70	40	48	1	2	0	2	-48	128798	9	1	1596	1478	400,400
1526405598.623215541	70	40	48	1	2	0	2	-48	128799	9	1	1596	1478	400,400
1526405598.634951350	70	40	48	1	2	0	2	-48	128800	9	1	1596	1478	400,400
1526405598.646704567	70	40	48	1	2	0	2	-48	128801	9	1	1596	1478	400,400
1526405598.658375366	70	40	48	1	2	0	2	-48	128802	9	1	1596	1478	400,400
1526405598.670131848	70	40	48	1	2	0	2	-48	128803	9	1	1596	1478	400,400
1526405598.681884094	70	40	48	1	2	0	2	-48	128804	9	1	1596	1478	400,400
1526405598.693674999	70	40	48	1	2	0	2	-47	128805	9	1	1596	1478	400,400
1526405598.705289852	70	40	48	1	2	0	2	-47	128806	9	1	1596	1478	400,400
1526405598.717181998	70	40	48	1	2	0	2	-47	128807	9	1	1596	1478	400,400
1526405598.728928264	70	40	48	1	2	0	2	-48	128808	9	1	1596	1478	400,400
1526405598.740787828	70	40	48	1	2	0	2	-47	128809	9	1	1596	1478	400,400
1526405598.752535450	70	40	48	1	2	0	2	-47	128810	9	1	1596	1478	400,400
1526405598.764316959	70	40	48	1	2	0	2	-47	128811	9	1	1596	1478	400,400
1526405598.776058096	70	40	48	1	2	0	2	-47	128812	9	1	1596	1478	400,400
1526405598.787832431	70	40	48	1	2	0	2	-47	128813	9	1	1596	1478	400,400
1526405598.799615476	70	40	48	1	2	0	2	-47	128814	9	1	1596	1478	400,400
1526405598.811264772	70	40	48	1	2	0	2	-48	128815	9	1	1596	1478	400,400
1526405598.823010529	70	40	48	1	2	0	2	-48	128816	9	1	1596	1478	400,400
1526405598.834845645	70	40	48	1	2	0	2	-48	128817	9	1	1596	1478	400,400
1526405598.846639033	70	40	48	1	2	0	2	-48	128818	9	1	1596	1478	400,400
1526405598.858375539	70	40	48	1	2	0	2	-48	128819	9	1	1596	1478	400,400
1526405598.870149931	70	40	48	1	2	0	2	-48	128820	9	1	1596	1478	400,400
1526405598.881912481	70	40	48	1	2	0	2	-48	128821	9	1	1596	1478	400,400
1526405598.893714165	70	40	48	1	2	0	2	-48	128822	9	1	1596	1478	400,400
1526405598.905381554	70	40	48	1	2	0	2	-48	128823	9	1	1596	1478	400,400
1526405598.917106854	70	40	48	1	2	0	2	-48	128824	9	1	1596	1478	400,400
1526405598.928849686	70	40	48	1	2	0	2	-48	128825	9	1	1596	1478	400,400
1526405598.940684837	70	40	48	1	2	0	2	-48	128826	9	1	1596	1478	400,400
1526405598.952323678	70	40	48	1	2	0	2	-48	128827	9	1	1596	1478	400,400
1526405598.964217058	70	40	48	1	2	0	2	-48	128828	9	1	1596	1478	400,400
1526405598.975974732	70	40	48	1	2	0	2	-48	128829	9	1	1596	1478	400,400
1526405598.987730618	70	40	48	1	2	0	2	-48	128830	9	1	1596	1478	400,400
1526405598.999540768	70	40	48	1	2	0	2	-48	128831	9	1	1596	1478	400,400
1526405599.011258914	70	40	48	1	2	0	2	-48	128832	9	1	1596	1478	400,400
1526405599.022947550	70	40	48	1	2	0	2	-48	128833	9	1	1596	1478	400,400
1526405599.034712150	70	40	48	1	2	0	2	-48	128834	9	1	1596	1478	400,400
1526405599.046442056	70	40	48	1	2	0	2	-48	128835	9	1	1596	1478	400,400
1526405599.059750389	74	40	48	1	2	0	2	-47	128840	8	1	1596	1478	360,360
1526405599.070034209	74	40	48	1	2	0	2	-47	128841	8	1	1596	1478	360,360
1526405599.081812140	74	40	48	1	2	0	2	-47	128842	8	1	1596	1478	360,360
1526405599.093598883	74	40	48	1	2	0	2	-47	128843	8	1	1596	1478	360,360
1526405599.105716470	74	40	48	1	2	0	2	-47	128844	8	1	1596	1478	360,360
1526405599.117127491	74	40	48	1	2	0	2	-47	128845	8	1	1596	1478	360,360
1526405599.128869420	74	40	48	1	2	0	2	-47	128846	8	1	1596	1478	360,360
1526405599.140631411	74	40	48	1	2	0	2	-46	128847	8	1	1596	1478	360,360
1526405599.152386114	74	40	48	0	2	0	2	-48	128848	9	1	1596	1478	360,360
1526405599.164141473	74	40	48	1	2	0	2	-47	128849	8	1	1596	1478	360,360
1526405599.176135210	74	40	48	1	2	0	2	-47	128850	8	1	1596	1478	360,360
1526405599.187677477	74	40	48	1	2	0	2	-47	128851	8	1	1596	1478	360,360
1526405599.199469139	74	40	48	1	2	0	2	-47	128852	8	1	1596	1478	360,360
1526405599.211225077	74	40	48	0	2	0	2	-48	128853	9	1	1596	1478	360,360
1526405599.222920543	74	40	48	1	2	0	2	-47	128854	8	1	1596	1478	360,360
1526405599.234731669	74	40	48	1	2	0	2	-47	128855	8	1	1596	1478	360,360
1526405599.246480627	74	40	48	1	2	0	2	-46	128856	8	1	1596	1478	360,360
1526405599.258243868	74	40	48	1	2	0	2	-47	128857	8	1	1596	1478	360,360
1526405599.270356931	74	40	48	1	2	0	2	-47	128859	8	1	1596	1478	360,360
1526405599.281756706	74	40	48	1	2	0	2	-47	128860	8	1	1596	1478	360,360
1526405599.293493082	74	40	48	1	2	0	2	-47	128861	8	1	1596	1478	360,360
1526405599.305290781	74	40	48	1	2	0	2	-47	128862	8	1	1596	1478	360,360
1526405599.317023749	74	40	48	1	2	0	2	-47	128863	8	1	1596	1478	360,360
1526405599.328718288	74	40	48	1	2	0	2	-47	128864	8	1	1596	1478	360,360
1526405599.340563112	74	40	48	1	2	0	2	-47	128865	8	1	1596	1478	360,360
1526405599.352318036	74	40	48	1	2	0	2	-47	128866	8	1	1596	1478	360,360
1526405599.364071697	74	40	48	1	2	0	2	-47	128867	8	1	1596	1478	360,360
1526405599.375753366	74	40	48	1	2	0	2	-48	128868	8	1	1596	1478	360,360
1526405599.387596614	74	40	48	1	2	0	2	-48	128869	8	1	1596	1478	360,360
1526405599.399280477	74	40	48	1	2	0	2	-48	128870	8	1	1596	1478	360,360
1526405599.411131529	74	40	48	1	2	0	2	-48	128871	8	1	1596	1478	360,360
1526405599.422861230	74	40	48	1	2	0	2	-48	128872	8	1	1596	1478	360,360
1526405599.434643093	74	40	48	0	2	0	2	-49	128873	9	1	1596	1478	360,360
1526405599.446397238	74	40	48	1	2	0	2	-48	128874	8	1	1596	1478	360,360
1526405599.458064931	74	40	48	1	2	0	2	-49	128875	8	1	1596	1478	360,360
1526405599.469783682	74	40	48	1	2	0	2	-49	128876	8	1	1596	1478	360,360
1526405599.481581347	74	40	48	1	2	0	2	-49	128877	8	1	1596	1478	360,360
1526405599.493429370	74	40	48	0	2	0	2	-50	128878	9	1	1596	1478	360,360
1526405599.505196234	70	40	48	1	2	0	2	-49	128879	9	1	1596	1478	400,400
1526405599.517939063	70	40	48	1	2	0	2	-49	128880	9	1	1596	1478	400,400
1526405599.528629403	70	40	48	1	2	0	2	-49	128881	9	1	1596	1478	400,400
1526405599.540325493	70	40	48	1	2	0	2	-49	128882	9	1	1596	1478	400,400
1526405599.552150863	70	40	48	1	2	0	2	-49	128883	9	1	1596	1478	400,400
1526405599.563875722	70	40	48	1	2	0	2	-49	128884	9	1	1596	1478	400,400
1526405599.575626840	70	40	48	1	2	0	2	-49	128885	9	1	1596	1478	400,400
1526405599.587386867	70	40	48	1	2	0	2	-49	128886	9	1	1596	1478	400,400
1526405599.599136011	70	40	48	1	2	0	2	-49	128887	9	1	1596	1478	400,400
1526405599.610917477	70	40	48	1	2	0	2	-49	128888	9	1	1596	1478	400,400
1526405599.622567752	70	40	48	1	2	0	2	-49	128889	9	1	1596	1478	400,400
1526405599.634324344	70	40	48	1	2	0	2	-49	128890	9	1	1596	1478	400,400
1526405599.646439978	70	40	48	1	2	0	2	-49	128891	9	1	1596	1478	400,400
1526405599.657708558	70	40	48	1	2	0	2	-49	128892	9	1	1596	1478	400,400
1526405599.669599199	70	40	48	1	2	0	2	-48	128893	9	1	1596	1478	400,400
1526405599.681361384	70	40	48	1	2	0	2	-48	128894	9	1	1596	1478	400,400
1526405599.693110800	70	40	48	1	2	0	2	-48	128895	9	1	1596	1478	400,400
1526405599.704871442	70	40	48	1	2	0	2	-48	128896	9	1	1596	1478	400,400
1526405599.716754040	70	40	48	1	2	0	2	-48	128897	9	1	1596	1478	400,400
1526405599.728482912	70	40	48	1	2	0	2	-48	128898	9	1	1596	1478	400,400
1526405599.740252433	70	40	48	1	2	0	2	-48	128899	9	1	1596	1478	400,400
1526405599.752000709	70	40	48	1	2	0	2	-48	128900	9	1	1596	1478	400,400
1526405599.763793804	70	40	48	1	2	0	2	-48	128901	9	1	1596	1478	400,400
1526405599.775534133	70	40	48	1	2	0	2	-48	128902	9	1	1596	1478	400,400
1526405599.787308725	70	40	48	1	2	0	2	-48	128903	9	1	1596	1478	400,400
1526405599.799048321	70	40	48	1	2	0	2	-48	128904	9	1	1596	1478	400,400
1526405599.810844142	70	40	48	1	2	0	2	-48	128905	9	1	1596	1478	400,400
1526405599.822719985	70	40	48	1	2	0	2	-48	128906	9	1	1596	1478	400,400
1526405599.834395238	70	40	48	1	2	0	2	-47	128907	9	1	1596	1478	400,400
1526405599.846220951	70	40	48	1	2	0	2	-47	128908	9	1	1596	1478	400,400
1526405599.857984302	70	40	48	1	2	0	2	-47	128909	9	1	1596	1478	400,400
1526405599.869750739	70	40	48	1	2	0	2	-47	128910	9	1	1596	1478	400,400
1526405599.881504326	70	40	48	1	2	0	2	-47	128911	9	1	1596	1478	400,400
1526405599.893266085	70	40	48	1	2	0	2	-48	128912	9	1	1596	1478	400,400
1526405599.905027956	70	40	48	1	2	0	2	-47	128913	9	1	1596	1478	400,400
1526405599.916752564	70	40	48	1	2	0	2	-47	128914	9	1	1596	1478	400,400
1526405599.928548304	70	40	48	1	2	0	2	-47	128915	9	1	1596	1478	400,400
1526405599.940320929	70	40	48	1	2	0	2	-48	128916	9	1	1596	1478	400,400
1526405599.952062289	70	40	48	1	2	0	2	-47	128917	9	1	1596	1478	400,400
1526405599.963832000	70	40	48	1	2	0	2	-48	128918	9	1	1596	1478	400,400
1526405599.975454989	70	40	48	1	2	0	2	-47	128919	9	1	1596	1478	400,400
1526405599.987257783	70	40	48	1	2	0	2	-48	128920	9	1	1596	1478	400,400
1526405599.998938730	70	40	48	1	2	0	2	-48	128921	9	1	1596	1478	400,400
1526405600.010875711	70	40	48	1	2	0	2	-48	128922	9	1	1596	1478	400,400
1526405600.022675793	70	40	48	1	2	0	2	-48	128923	9	1	1596	1478	400,400
1526405600.034239275	70	40	48	1	2	0	2	-48	128924	9	1	1596	1478	400,400
1526405600.046145808	70	40	48	1	2	0	2	-48	128925	9	1	1596	1478	400,400
1526405600.057717660	70	40	48	1	2	0	2	-48	128926	9	1	1596	1478	400,400
1526405600.069658751	70	40	48	1	2	0	2	-48	128927	9	1	1596	1478	400,400
1526405600.081423533	70	40	48	1	2	0	2	-48	128928	9	1	1596	1478	400,400
1526405600.093202084	70	40	48	1	2	0	2	-49	128929	9	1	1596	1478	400,400
1526405600.104939518	70	40	48	1	2	0	2	-48	128930	9	1	1596	1478	400,400
1526405600.116719118	70	40	48	1	2	0	2	-49	128931	9	1	1596	1478	400,400
1526405600.128404874	70	40	48	1	2	0	2	-49	128932	9	1	1596	1478	400,400
1526405600.140037299	70	40	48	1	2	0	2	-49	128933	9	1	1596	1478	400,400
1526405600.151909093	70	40	48	1	2	0	2	-49	128934	9	1	1596	1478	400,400
1526405600.163754979	70	40	48	1	2	0	2	-49	128935	9	1	1596	1478	400,400
1526405600.175507055	70	40	48	1	2	0	2	-49	128936	9	1	1596	1478	400,400
1526405600.187286024	70	40	48	1	2	0	2	-49	128937	9	1	1596	1478	400,400
1526405600.199047708	70	40	48	1	2	0	2	-49	128938	9	1	1596	1478	400,400
1526405600.210779181	70	40	48	1	2	0	2	-50	128939	9	1	1596	1478	400,400
1526405600.223754343	70	40	48	1	2	0	2	-49	128940	9	1	1596	1478	400,400
1526405600.234321996	70	40	48	1	2	0	2	-49	128941	9	1	1596	1478	400,400
1526405600.246076052	70	40	48	1	2	0	2	-50	128942	9	1	1596	1478	400,400
1526405600.257819057	70	40	48	1	2	0	2	-49	128943	9	1	1596	1478	400,400
1526405600.269594996	70	40	48	1	2	0	2	-49	128944	9	1	1596	1478	400,400
1526405600.281327832	70	40	48	1	2	0	2	-49	128945	9	1	1596	1478	400,400
1526405600.293098663	70	40	48	1	2	0	2	-49	128946	9	1	1596	1478	400,400
1526405600.304877540	70	40	48	1	2	0	2	-49	128947	9	1	1596	1478	400,400
1526405600.316639512	70	40	48	1	2	0	2	-49	128948	9	1	1596	1478	400,400
1526405600.328278081	70	40	48	1	2	0	2	-49	128949	9	1	1596	1478	400,400
1526405600.340153510	70	40	48	1	2	0	2	-49	128950	9	1	1596	1478	400,400
1526405600.351901226	70	40	48	1	2	0	2	-49	128951	9	1	1596	1478	400,400
1526405600.363799150	70	40	48	1	2	0	2	-49	128952	9	1	1596	1478	400,400
1526405600.375420150	70	40	48	1	2	0	2	-49	128953	9	1	1596	1478	400,400
1526405600.387199051	70	40	48	1	2	0	2	-49	128954	9	1	1596	1478	400,400
1526405600.398956437	70	40	48	1	2	0	2	-49	128955	9	1	1596	1478	400,400
1526405600.410696026	70	40	48	1	2	0	2	-49	128956	9	1	1596	1478	400,400
1526405600.422477413	70	40	48	1	2	0	2	-49	128957	9	1	1596	1478	400,400
1526405600.434245580	70	40	48	1	2	0	2	-48	128958	9	1	1596	1478	400,400
1526405600.446028563	70	40	48	1	2	0	2	-49	128959	9	1	1596	1478	400,400
1526405600.457759229	70	40	48	1	2	0	2	-48	128960	9	1	1596	1478	400,400
1526405600.469427696	70	40	48	1	2	0	2	-48	128961	9	1	1596	1478	400,400
1526405600.481184329	70	40	48	1	2	0	2	-48	128962	9	1	1596	1478	400,400
1526405600.492857700	70	40	48	1	2	0	2	-48	128963	9	1	1596	1478	400,400
1526405600.504690122	70	40	48	1	2	0	2	-48	128964	9	1	1596	1478	400,400
1526405600.516480967	70	40	48	1	2	0	2	-48	128965	9	1	1596	1478	400,400
1526405600.528049449	70	40	48	1	2	0	2	-48	128966	9	1	1596	1478	400,400
1526405600.539880759	70	40	48	1	2	0	2	-47	128967	9	1	1596	1478	400,400
1526405600.551714092	70	40	48	1	2	0	2	-48	128968	9	1	1596	1478	400,400
1526405600.563574465	70	40	48	1	2	0	2	-47	128969	9	1	1596	1478	400,400
1526405600.575336291	70	40	48	1	2	0	2	-47	128970	9	1	1596	1478	400,400
1526405600.587111142	70	40	48	1	2	0	2	-47	128971	9	1	1596	1478	400,400
1526405600.598775909	70	40	48	1	2	0	2	-47	128972	9	1	1596	1478	400,400
1526405600.610521024	70	40	48	1	2	0	2	-47	128973	9	1	1596	1478	400,400
1526405600.622291852	70	40	48	1	2	0	2	-47	128974	9	1	1596	1478	400,400
1526405600.634064351	70	40	48	1	2	0	2	-47	128975	9	1	1596	1478	400,400
1526405600.645730491	70	40	48	1	2	0	2	-47	128976	9	1	1596	1478	400,400
1526405600.657669624	70	40	48	1	2	0	2	-47	128977	9	1	1596	1478	400,400
1526405600.669401977	70	40	48	1	2	0	2	-47	128978	9	1	1596	1478	400,400
1526405600.681260728	70	40	48	1	2	0	2	-47	128979	9	1	1596	1478	400,400
1526405600.692998978	70	40	48	1	2	0	2	-47	128980	9	1	1596	1478	400,400
1526405600.704672233	70	40	48	1	2	0	2	-47	128981	9	1	1596	1478	400,400
1526405600.716514710	70	40	48	1	2	0	2	-47	128982	9	1	1596	1478	400,400
1526405600.728190438	70	40	48	1	2	0	2	-47	128983	9	1	1596	1478	400,400
1526405600.740038445	70	40	48	1	2	0	2	-47	128984	9	1	1596	1478	400,400
1526405600.751741320	70	40	48	1	2	0	2	-47	128985	9	1	1596	1478	400,400
1526405600.763563936	70	40	48	1	2	0	2	-47	128986	9	1	1596	1478	400,400
1526405600.775324086	70	40	48	1	2	0	2	-47	128987	9	1	1596	1478	400,400
1526405600.787109653	70	40	48	1	2	0	2	-47	128988	9	1	1596	1478	400,400
1526405600.798850608	70	40	48	1	2	0	2	-47	128989	9	1	1596	1478	400,400
1526405600.810587449	70	40	48	1	2	0	2	-46	128990	9	1	1596	1478	400,400
1526405600.822301101	70	40	48	1	2	0	2	-47	128991	9	1	1596	1478	400,400
1526405600.834123061	70	40	48	1	2	0	2	-47	128992	9	1	1596	1478	400,400
1526405600.845908566	70	40	48	1	2	0	2	-47	128993	9	1	1596	1478	400,400
1526405600.857654577	70	40	48	1	2	0	2	-47	128994	9	1	1596	1478	400,400
1526405600.869401041	70	40	48	1	2	0	2	-47	128995	9	1	1596	1478	400,400
1526405600.880949929	70	40	48	1	2	0	2	-47	128996	9	1	1596	1478	400,400
1526405600.893034282	70	40	48	1	2	0	2	-48	128997	9	1	1596	1478	400,400
1526405600.904574997	70	40	48	1	2	0	2	-48	128998	9	1	1596	1478	400,400
1526405600.916285539	70	40	48	1	2	0	2	-48	128999	9	1	1596	1478	400,400
1526405600.928048511	70	40	48	1	2	0	2	-48	129000	9	1	1596	1478	400,400
1526405600.939778245	70	40	48	1	2	0	2	-48	129001	9	1	1596	1478	400,400
1526405600.951555691	70	40	48	1	2	0	2	-48	129002	9	1	1596	1478	400,400
1526405600.963326893	70	40	48	1	2	0	2	-48	129003	9	1	1596	1478	400,400
1526405600.975177257	70	40	48	1	2	0	2	-48	129004	9	1	1596	1478	400,400
1526405600.986943519	70	40	48	1	2	0	2	-48	129005	9	1	1596	1478	400,400
1526405600.998615391	70	40	48	1	2	0	2	-48	129006	9	1	1596	1478	400,400
1526405601.010394169	70	40	48	1	2	0	2	-47	129007	9	1	1596	1478	400,400
1526405601.022232247	70	40	48	1	2	0	2	-47	129008	9	1	1596	1478	400,400
1526405601.033879707	70	40	48	1	2	0	2	-48	129009	9	1	1596	1478	400,400
1526405601.045778208	70	40	48	1	2	0	2	-48	129010	9	1	1596	1478	400,400
1526405601.057473084	70	40	48	1	2	0	2	-48	129011	9	1	1596	1478	400,400
1526405601.069260946	70	40	48	1	2	0	2	-48	129012	9	1	1596	1478	400,400
1526405601.081021468	70	40	48	1	2	0	2	-48	129013	9	1	1596	1478	400,400
1526405601.092778797	70	40	48	1	2	0	2	-49	129014	9	1	1596	1478	400,400
1526405601.104560406	70	40	48	1	2	0	2	-48	129015	9	1	1596	1478	400,400
1526405601.116299693	70	40	48	1	2	0	2	-48	129016	9	1	1596	1478	400,400
1526405601.127927020	70	40	48	1	2	0	2	-48	129017	9	1	1596	1478	400,400
1526405601.139830565	70	40	48	1	2	0	2	-47	129018	9	1	1596	1478	400,400
1526405601.151617454	70	40	48	1	2	0	2	-47	129019	9	1	1596	1478	400,400
1526405601.163342090	70	40	48	1	2	0	2	-47	129020	9	1	1596	1478	400,400
1526405601.175442747	70	40	48	1	2	0	2	-47	129021	9	1	1596	1478	400,400
1526405601.186877777	70	40	48	1	2	0	2	-47	129022	9	1	1596	1478	400,400
1526405601.198631550	70	40	48	1	2	0	2	-47	129023	9	1	1596	1478	400,400
1526405601.210316540	70	40	48	1	2	0	2	-46	129024	9	1	1596	1478	400,400
1526405601.222164553	70	40	48	1	2	0	2	-46	129025	9	1	1596	1478	400,400
1526405601.233919349	70	40	48	1	2	0	2	-46	129026	9	1	1596	1478	400,400
1526405601.245660746	70	40	48	1	2	0	2	-46	129027	9	1	1596	1478	400,400
1526405601.257238451	70	40	48	1	2	0	2	-46	129028	9	1	1596	1478	400,400
1526405601.269190695	70	40	48	1	2	0	2	-46	129029	9	1	1596	1478	400,400
1526405601.280836220	70	40	48	1	2	0	2	-46	129030	9	1	1596	1478	400,400
1526405601.292713632	70	40	48	1	2	0	2	-47	129031	9	1	1596	1478	400,400
1526405601.304485263	70	40	48	1	2	0	2	-47	129032	9	1	1596	1478	400,400
1526405601.316220169	70	40	48	1	2	0	2	-47	129033	9	1	1596	1478	400,400
1526405601.327907674	70	40	48	1	2	0	2	-47	129034	9	1	1596	1478	400,400
1526405601.339661134	70	40	48	1	2	0	2	-47	129035	9	1	1596	1478	400,400
1526405601.351535760	70	40	48	1	2	0	2	-47	129036	9	1	1596	1478	400,400
1526405601.363192813	70	40	48	1	2	0	2	-48	129037	9	1	1596	1478	400,400
1526405601.375033566	70	40	48	1	2	0	2	-48	129038	9	1	1596	1478	400,400
1526405601.387350641	70	40	48	1	2	0	2	-48	129039	9	1	1596	1478	400,400
1526405601.398533665	70	40	48	1	2	0	2	-49	129040	9	1	1596	1478	400,400
1526405601.410324235	70	40	48	1	2	0	2	-49	129041	9	1	1596	1478	400,400
