1526405703.946236453	96	40	48	0	2	0	2	-63	130111	5	1	1596	1478	216,216
1526405703.946278220	96	40	48	0	2	0	2	-63	130111	5	1	1596	1478	216,216
1526405703.946288148	96	40	48	0	2	0	2	-63	130111	5	1	1596	1478	216,216
1526405703.946294362	96	40	48	0	2	0	2	-63	130111	5	1	1596	1478	216,216
1526405703.946301309	96	40	48	0	2	0	2	-63	130111	5	1	1596	1478	216,216
1526405703.946307004	96	40	48	0	2	0	2	-63	130111	5	1	1596	1478	216,216
1526405703.946314920	96	40	48	0	2	0	2	-63	130111	5	1	1596	1478	216,216
1526405703.946322792	96	40	48	0	2	0	2	-63	130111	5	1	1596	1478	216,216
1526405703.946329601	96	40	48	0	2	0	2	-63	130111	5	1	1596	1478	216,216
1526405703.946335302	96	40	48	0	2	0	2	-63	130111	5	1	1596	1478	216,216
1526405703.946348646	96	40	48	0	2	0	2	-63	130111	5	1	1596	1478	216,216
1526405703.946355318	96	40	48	0	2	0	2	-63	130111	5	1	1596	1478	216,216
1526405703.946362098	96	40	48	0	2	0	2	-63	130111	5	1	1596	1478	216,216
1526405703.946369386	96	40	48	0	2	0	2	-63	130111	5	1	1596	1478	216,216
1526405703.946376433	96	40	48	0	2	0	2	-63	130111	5	1	1596	1478	216,216
1526405703.946382234	96	40	48	0	2	0	2	-63	130111	5	1	1596	1478	216,216
1526405703.946388879	96	40	48	0	2	0	2	-63	130111	5	1	1596	1478	216,216
1526405703.955486420	96	40	48	0	2	0	2	-63	130112	5	1	1596	1478	216,216
1526405703.967124244	96	40	48	0	2	0	2	-63	130113	5	1	1596	1478	216,216
1526405703.978891232	96	40	48	0	2	0	2	-63	130114	5	1	1596	1478	216,216
1526405703.990723640	90	40	48	0	2	0	2	-63	130115	6	1	1596	1478	243,243
1526405704.002494475	90	40	48	0	2	0	2	-63	130116	6	1	1596	1478	243,243
1526405704.014257792	90	40	48	0	2	0	2	-63	130117	6	1	1596	1478	243,243
1526405704.026035233	90	40	48	0	2	0	2	-63	130118	6	1	1596	1478	243,243
1526405704.037774079	90	40	48	0	2	0	2	-63	130119	6	1	1596	1478	243,243
1526405704.049497804	80	40	48	1	2	0	2	-63	130120	7	1	1596	1478	300,300
1526405704.061298905	80	40	48	1	2	0	2	-62	130121	7	1	1596	1478	300,300
1526405704.072943903	80	40	48	1	2	0	2	-61	130122	7	1	1596	1478	300,300
1526405704.084789870	80	40	48	1	2	0	2	-61	130123	7	1	1596	1478	300,300
1526405704.096613942	80	40	48	1	2	0	2	-61	130124	7	1	1596	1478	300,300
1526405704.108380920	74	40	48	1	2	0	2	-61	130125	8	1	1596	1478	360,360
1526405704.120104472	74	40	48	1	2	0	2	-61	130126	8	1	1596	1478	360,360
1526405704.131888623	74	40	48	1	2	0	2	-61	130127	8	1	1596	1478	360,360
1526405704.144325433	74	40	48	1	2	0	2	-61	130129	8	1	1596	1478	360,360
1526405704.156657580	80	40	48	1	2	0	2	-62	130131	7	1	1596	1478	300,300
1526405704.167158234	80	40	48	1	2	0	2	-62	130132	7	1	1596	1478	300,300
1526405704.178940507	80	40	48	1	2	0	2	-62	130133	7	1	1596	1478	300,300
1526405704.190691533	80	40	48	1	2	0	2	-62	130134	7	1	1596	1478	300,300
1526405704.202440462	80	40	48	1	2	0	2	-63	130135	7	1	1596	1478	300,300
1526405704.214249652	80	40	48	1	2	0	2	-63	130136	7	1	1596	1478	300,300
1526405704.226001307	80	40	48	1	2	0	2	-64	130137	7	1	1596	1478	300,300
1526405704.237726852	80	40	48	1	2	0	2	-64	130138	7	1	1596	1478	300,300
1526405704.249837706	80	40	48	1	2	0	2	-63	130139	7	1	1596	1478	300,300
1526405704.262050180	80	40	48	1	2	0	2	-63	130140	7	1	1596	1478	300,300
1526405704.273020124	80	40	48	1	2	0	2	-63	130141	7	1	1596	1478	300,300
1526405704.284771799	80	40	48	1	2	0	2	-63	130142	7	1	1596	1478	300,300
1526405704.300667532	96	40	48	0	2	0	2	-63	130145	5	1	1596	1478	216,216
1526405704.308723878	96	40	48	0	2	0	2	-62	130147	5	1	1596	1478	216,216
1526405704.325044492	115	40	48	0	2	0	2	-62	130150	4	1	1596	1478	162,162
1526405704.331682872	115	40	48	0	2	0	2	-61	130151	4	1	1596	1478	162,162
1526405704.343437121	115	40	48	0	2	0	2	-61	130152	4	1	1596	1478	162,162
1526405704.355087918	115	40	48	0	2	0	2	-61	130153	4	1	1596	1478	162,162
1526405704.366976397	115	40	48	0	2	0	2	-62	130154	4	1	1596	1478	162,162
1526405704.378803008	115	40	48	0	2	0	2	-63	130155	4	1	1596	1478	162,162
1526405704.390586122	115	40	48	0	2	0	2	-64	130156	4	1	1596	1478	162,162
1526405704.402333192	115	40	48	0	2	0	2	-63	130157	4	1	1596	1478	162,162
1526405704.414148955	96	40	48	0	2	0	2	-63	130158	5	1	1596	1478	216,216
1526405704.425901758	96	40	48	0	2	0	2	-63	130159	5	1	1596	1478	216,216
1526405704.437475784	96	40	48	0	2	0	2	-62	130160	5	1	1596	1478	216,216
1526405704.449397988	96	40	48	0	2	0	2	-62	130161	5	1	1596	1478	216,216
1526405704.461112137	96	40	48	0	2	0	2	-62	130162	5	1	1596	1478	216,216
1526405704.472823268	90	40	48	0	2	0	2	-63	130163	6	1	1596	1478	243,243
1526405704.484630295	90	40	48	0	2	0	2	-63	130164	6	1	1596	1478	243,243
1526405704.496388346	90	40	48	0	2	0	2	-62	130165	6	1	1596	1478	243,243
1526405704.508083620	90	40	48	0	2	0	2	-62	130166	6	1	1596	1478	243,243
1526405704.519919056	90	40	48	0	2	0	2	-62	130167	6	1	1596	1478	243,243
1526405704.531582086	85	40	48	0	2	0	2	-62	130168	7	1	1596	1478	270,270
1526405704.543437589	90	40	48	0	2	0	2	-62	130169	6	1	1596	1478	243,243
1526405704.555609032	90	40	48	0	2	0	2	-61	130170	6	1	1596	1478	243,243
1526405704.566956843	90	40	48	0	2	0	2	-62	130171	6	1	1596	1478	243,243
1526405704.578737015	90	40	48	0	2	0	2	-62	130172	6	1	1596	1478	243,243
1526405704.590405994	85	40	48	0	2	0	2	-62	130173	7	1	1596	1478	270,270
1526405704.602144433	90	40	48	0	2	0	2	-61	130174	6	1	1596	1478	243,243
1526405704.613884500	90	40	48	0	2	0	2	-61	130175	6	1	1596	1478	243,243
1526405704.625631419	90	40	48	0	2	0	2	-61	130176	6	1	1596	1478	243,243
1526405704.637310830	90	40	48	0	2	0	2	-62	130177	6	1	1596	1478	243,243
1526405704.649065713	85	40	48	0	2	0	2	-62	130178	7	1	1596	1478	270,270
1526405704.660894418	90	40	48	0	2	0	2	-63	130179	6	1	1596	1478	243,243
1526405704.672695358	90	40	48	0	2	0	2	-63	130180	6	1	1596	1478	243,243
1526405704.684326311	90	40	48	0	2	0	2	-63	130181	6	1	1596	1478	243,243
1526405704.696121558	90	40	48	0	2	0	2	-62	130182	6	1	1596	1478	243,243
1526405704.707952618	85	40	48	0	2	0	2	-61	130183	7	1	1596	1478	270,270
1526405704.719727170	80	40	48	1	2	0	2	-61	130184	7	1	1596	1478	300,300
1526405704.731475928	80	40	48	1	2	0	2	-62	130185	7	1	1596	1478	300,300
1526405704.743254240	80	40	48	1	2	0	2	-62	130186	7	1	1596	1478	300,300
1526405704.755007150	80	40	48	1	2	0	2	-63	130187	7	1	1596	1478	300,300
1526405704.766650304	77	40	48	0	2	0	2	-63	130188	8	1	1596	1478	324,324
1526405704.778559304	80	40	48	1	2	0	2	-64	130189	7	1	1596	1478	300,300
1526405704.790284493	80	40	48	1	2	0	2	-64	130190	7	1	1596	1478	300,300
1526405704.802052705	80	40	48	1	2	0	2	-64	130191	7	1	1596	1478	300,300
1526405704.813701497	80	40	48	1	2	0	2	-64	130192	7	1	1596	1478	300,300
1526405704.825557408	77	40	48	0	2	0	2	-64	130193	8	1	1596	1478	324,324
1526405704.837219553	77	40	48	0	2	0	2	-63	130194	8	1	1596	1478	324,324
1526405704.849000359	77	40	48	0	2	0	2	-62	130195	8	1	1596	1478	324,324
1526405704.860822859	77	40	48	0	2	0	2	-63	130196	8	1	1596	1478	324,324
1526405704.872595629	74	40	48	1	2	0	2	-62	130197	8	1	1596	1478	360,360
1526405704.884469714	74	40	48	0	2	0	2	-63	130198	9	1	1596	1478	360,360
1526405704.896217476	74	40	48	1	2	0	2	-62	130199	8	1	1596	1478	360,360
1526405704.907978315	74	40	48	1	2	0	2	-62	130200	8	1	1596	1478	360,360
1526405704.919767268	74	40	48	1	2	0	2	-62	130201	8	1	1596	1478	360,360
1526405704.931345039	74	40	48	1	2	0	2	-62	130202	8	1	1596	1478	360,360
1526405704.943096986	74	40	48	0	2	0	2	-62	130203	9	1	1596	1478	360,360
1526405704.954846995	74	40	48	1	2	0	2	-61	130204	8	1	1596	1478	360,360
1526405704.966704821	74	40	48	1	2	0	2	-61	130205	8	1	1596	1478	360,360
1526405704.978551792	74	40	48	1	2	0	2	-61	130206	8	1	1596	1478	360,360
1526405704.990292574	74	40	48	1	2	0	2	-61	130207	8	1	1596	1478	360,360
1526405705.001990810	74	40	48	0	2	0	2	-61	130208	9	1	1596	1478	360,360
1526405705.013717091	74	40	48	1	2	0	2	-61	130209	8	1	1596	1478	360,360
1526405705.025515017	74	40	48	1	2	0	2	-61	130210	8	1	1596	1478	360,360
1526405705.037337314	74	40	48	1	2	0	2	-61	130211	8	1	1596	1478	360,360
1526405705.049106742	74	40	48	1	2	0	2	-62	130212	8	1	1596	1478	360,360
1526405705.060866159	74	40	48	0	2	0	2	-62	130213	9	1	1596	1478	360,360
1526405705.072513448	70	40	48	1	2	0	2	-62	130214	9	1	1596	1478	400,400
1526405705.084409926	70	40	48	1	2	0	2	-61	130215	9	1	1596	1478	400,400
1526405705.096128381	70	40	48	1	2	0	2	-62	130216	9	1	1596	1478	400,400
1526405705.107941014	70	40	48	1	2	0	2	-62	130217	9	1	1596	1478	400,400
1526405705.119574321	70	40	48	1	2	0	2	-62	130218	9	1	1596	1478	400,400
1526405705.131458000	70	40	48	1	2	0	2	-62	130219	9	1	1596	1478	400,400
1526405705.143186063	70	40	48	1	2	0	2	-62	130220	9	1	1596	1478	400,400
1526405705.154932810	70	40	48	1	2	0	2	-62	130221	9	1	1596	1478	400,400
1526405705.166700863	70	40	48	1	2	0	2	-62	130222	9	1	1596	1478	400,400
1526405705.178238658	70	40	48	1	2	0	2	-62	130223	9	1	1596	1478	400,400
1526405705.190218468	70	40	48	1	2	0	2	-62	130224	9	1	1596	1478	400,400
1526405705.201983060	70	40	48	1	2	0	2	-62	130225	9	1	1596	1478	400,400
1526405705.213747666	70	40	48	1	2	0	2	-62	130226	9	1	1596	1478	400,400
1526405705.225515576	70	40	48	1	2	0	2	-63	130227	9	1	1596	1478	400,400
1526405705.237267024	70	40	48	1	2	0	2	-62	130228	9	1	1596	1478	400,400
1526405705.249007703	70	40	48	1	2	0	2	-62	130229	9	1	1596	1478	400,400
1526405705.260796780	70	40	48	1	2	0	2	-62	130230	9	1	1596	1478	400,400
1526405705.272863405	70	40	48	1	2	0	2	-62	130231	9	1	1596	1478	400,400
1526405705.284285878	70	40	48	1	2	0	2	-62	130232	9	1	1596	1478	400,400
1526405705.296092929	70	40	48	1	2	0	2	-62	130233	9	1	1596	1478	400,400
1526405705.308192268	70	40	48	1	2	0	2	-62	130234	9	1	1596	1478	400,400
1526405705.319597242	70	40	48	1	2	0	2	-62	130235	9	1	1596	1478	400,400
1526405705.331231480	70	40	48	1	2	0	2	-62	130236	9	1	1596	1478	400,400
1526405705.343100081	70	40	48	1	2	0	2	-63	130237	9	1	1596	1478	400,400
1526405705.354883508	70	40	48	1	2	0	2	-63	130238	9	1	1596	1478	400,400
1526405705.366629176	70	40	48	1	2	0	2	-63	130239	9	1	1596	1478	400,400
1526405705.378669087	70	40	48	1	2	0	2	-63	130240	9	1	1596	1478	400,400
1526405705.390025359	70	40	48	1	2	0	2	-62	130241	9	1	1596	1478	400,400
1526405705.401883789	70	40	48	1	2	0	2	-62	130242	9	1	1596	1478	400,400
1526405705.413639690	70	40	48	1	2	0	2	-62	130243	9	1	1596	1478	400,400
1526405705.425434304	70	40	48	1	2	0	2	-62	130244	9	1	1596	1478	400,400
1526405705.437147503	70	40	48	1	2	0	2	-61	130245	9	1	1596	1478	400,400
1526405705.448896967	70	40	48	1	2	0	2	-61	130246	9	1	1596	1478	400,400
1526405705.460696362	70	40	48	1	2	0	2	-61	130247	9	1	1596	1478	400,400
1526405705.472358399	70	40	48	1	2	0	2	-62	130248	9	1	1596	1478	400,400
1526405705.484582991	70	40	48	1	2	0	2	-62	130250	9	1	1596	1478	400,400
1526405705.495997959	70	40	48	1	2	0	2	-62	130251	9	1	1596	1478	400,400
1526405705.507766454	70	40	48	1	2	0	2	-62	130252	9	1	1596	1478	400,400
1526405705.520831346	74	40	48	1	2	0	2	-63	130255	8	1	1596	1478	360,360
1526405705.531517252	74	40	48	1	2	0	2	-63	130257	8	1	1596	1478	360,360
1526405705.543032519	74	40	48	1	2	0	2	-62	130258	8	1	1596	1478	360,360
1526405705.554729439	74	40	48	1	2	0	2	-62	130259	8	1	1596	1478	360,360
1526405705.566468733	74	40	48	1	2	0	2	-62	130260	8	1	1596	1478	360,360
1526405705.578046132	74	40	48	1	2	0	2	-62	130261	8	1	1596	1478	360,360
1526405705.589930299	74	40	48	1	2	0	2	-62	130262	8	1	1596	1478	360,360
1526405705.601747754	74	40	48	1	2	0	2	-62	130263	8	1	1596	1478	360,360
1526405705.613463595	74	40	48	0	2	0	2	-62	130264	9	1	1596	1478	360,360
1526405705.625203968	74	40	48	1	2	0	2	-62	130265	8	1	1596	1478	360,360
1526405705.636972218	74	40	48	1	2	0	2	-62	130266	8	1	1596	1478	360,360
1526405705.648718886	74	40	48	1	2	0	2	-62	130267	8	1	1596	1478	360,360
1526405705.660396017	74	40	48	1	2	0	2	-62	130268	8	1	1596	1478	360,360
1526405705.672158912	74	40	48	0	2	0	2	-63	130269	9	1	1596	1478	360,360
1526405705.683917326	74	40	48	1	2	0	2	-63	130270	8	1	1596	1478	360,360
1526405705.695677500	74	40	48	1	2	0	2	-62	130271	8	1	1596	1478	360,360
1526405705.707426872	74	40	48	1	2	0	2	-63	130272	8	1	1596	1478	360,360
1526405705.719189550	74	40	48	1	2	0	2	-62	130273	8	1	1596	1478	360,360
1526405705.730943409	74	40	48	0	2	0	2	-63	130274	9	1	1596	1478	360,360
1526405705.742708766	74	40	48	1	2	0	2	-62	130275	8	1	1596	1478	360,360
1526405705.754468660	74	40	48	1	2	0	2	-62	130276	8	1	1596	1478	360,360
1526405705.766232595	74	40	48	1	2	0	2	-62	130277	8	1	1596	1478	360,360
1526405705.777991470	74	40	48	1	2	0	2	-62	130278	8	1	1596	1478	360,360
1526405705.789756192	74	40	48	0	2	0	2	-62	130279	9	1	1596	1478	360,360
1526405705.801534719	70	40	48	1	2	0	2	-62	130280	9	1	1596	1478	400,400
1526405705.813220495	70	40	48	1	2	0	2	-62	130281	9	1	1596	1478	400,400
1526405705.825024938	70	40	48	1	2	0	2	-62	130282	9	1	1596	1478	400,400
1526405705.836780247	70	40	48	1	2	0	2	-63	130283	9	1	1596	1478	400,400
1526405705.849833957	74	40	48	1	2	0	2	-63	130287	8	1	1596	1478	360,360
1526405705.860303718	74	40	48	1	2	0	2	-64	130288	8	1	1596	1478	360,360
1526405705.872066322	74	40	48	1	2	0	2	-65	130289	8	1	1596	1478	360,360
1526405705.884813835	74	40	48	1	2	0	2	-64	130293	8	1	1596	1478	360,360
1526405705.895608042	74	40	48	1	2	0	2	-65	130294	8	1	1596	1478	360,360
1526405705.907478611	74	40	48	1	2	0	2	-65	130295	8	1	1596	1478	360,360
1526405705.919194656	74	40	48	1	2	0	2	-65	130296	8	1	1596	1478	360,360
1526405705.930872683	74	40	48	1	2	0	2	-65	130297	8	1	1596	1478	360,360
1526405705.943115400	74	40	48	1	2	0	2	-64	130299	8	1	1596	1478	360,360
1526405705.954479038	74	40	48	1	2	0	2	-64	130300	8	1	1596	1478	360,360
1526405705.966253598	74	40	48	1	2	0	2	-64	130301	8	1	1596	1478	360,360
1526405705.977983384	74	40	48	1	2	0	2	-63	130302	8	1	1596	1478	360,360
1526405705.989769756	74	40	48	1	2	0	2	-63	130303	8	1	1596	1478	360,360
1526405706.001537306	74	40	48	1	2	0	2	-63	130304	8	1	1596	1478	360,360
1526405706.013319666	74	40	48	1	2	0	2	-64	130305	8	1	1596	1478	360,360
1526405706.025061418	74	40	48	1	2	0	2	-64	130306	8	1	1596	1478	360,360
1526405706.036801565	74	40	48	1	2	0	2	-63	130307	8	1	1596	1478	360,360
1526405706.048569390	74	40	48	1	2	0	2	-64	130308	8	1	1596	1478	360,360
1526405706.060343586	74	40	48	1	2	0	2	-64	130309	8	1	1596	1478	360,360
1526405706.072116255	74	40	48	1	2	0	2	-63	130310	8	1	1596	1478	360,360
1526405706.083863889	74	40	48	1	2	0	2	-63	130311	8	1	1596	1478	360,360
1526405706.095708990	74	40	48	1	2	0	2	-63	130312	8	1	1596	1478	360,360
1526405706.107865295	74	40	48	1	2	0	2	-63	130313	8	1	1596	1478	360,360
1526405706.119252979	74	40	48	1	2	0	2	-63	130314	8	1	1596	1478	360,360
1526405706.131033363	74	40	48	1	2	0	2	-63	130315	8	1	1596	1478	360,360
1526405706.142772488	74	40	48	1	2	0	2	-62	130316	8	1	1596	1478	360,360
1526405706.154532231	74	40	48	1	2	0	2	-63	130317	8	1	1596	1478	360,360
1526405706.166314052	74	40	48	1	2	0	2	-63	130318	8	1	1596	1478	360,360
1526405706.178062888	74	40	48	1	2	0	2	-63	130319	8	1	1596	1478	360,360
1526405706.189825491	74	40	48	1	2	0	2	-63	130320	8	1	1596	1478	360,360
1526405706.201524059	74	40	48	1	2	0	2	-62	130321	8	1	1596	1478	360,360
1526405706.213273339	74	40	48	1	2	0	2	-62	130322	8	1	1596	1478	360,360
1526405706.225115522	74	40	48	1	2	0	2	-62	130323	8	1	1596	1478	360,360
1526405706.236878472	74	40	48	1	2	0	2	-62	130324	8	1	1596	1478	360,360
1526405706.248616124	74	40	48	1	2	0	2	-62	130325	8	1	1596	1478	360,360
1526405706.260409361	74	40	48	1	2	0	2	-63	130326	8	1	1596	1478	360,360
1526405706.272152848	74	40	48	0	2	0	2	-63	130327	9	1	1596	1478	360,360
1526405706.283935694	74	40	48	1	2	0	2	-63	130328	8	1	1596	1478	360,360
1526405706.296409252	74	40	48	1	2	0	2	-63	130329	8	1	1596	1478	360,360
1526405706.307258992	74	40	48	1	2	0	2	-63	130330	8	1	1596	1478	360,360
1526405706.319830741	74	40	48	1	2	0	2	-64	130332	8	1	1596	1478	360,360
1526405706.332389578	74	40	48	1	2	0	2	-64	130336	8	1	1596	1478	360,360
1526405706.342713929	80	40	48	1	2	0	2	-64	130337	7	1	1596	1478	300,300
1526405706.354480953	80	40	48	1	2	0	2	-64	130338	7	1	1596	1478	300,300
1526405706.366161947	80	40	48	1	2	0	2	-64	130339	7	1	1596	1478	300,300
1526405706.377919250	80	40	48	1	2	0	2	-64	130340	7	1	1596	1478	300,300
1526405706.389752891	80	40	48	1	2	0	2	-64	130341	7	1	1596	1478	300,300
1526405706.401373571	80	40	48	1	2	0	2	-65	130342	7	1	1596	1478	300,300
1526405706.413303460	80	40	48	1	2	0	2	-64	130343	7	1	1596	1478	300,300
1526405706.425027608	80	40	48	1	2	0	2	-64	130344	7	1	1596	1478	300,300
1526405706.436701362	80	40	48	1	2	0	2	-64	130345	7	1	1596	1478	300,300
1526405706.448565763	80	40	48	1	2	0	2	-64	130346	7	1	1596	1478	300,300
1526405706.460301742	80	40	48	1	2	0	2	-64	130347	7	1	1596	1478	300,300
1526405706.472029913	80	40	48	1	2	0	2	-65	130348	7	1	1596	1478	300,300
1526405706.483812742	80	40	48	1	2	0	2	-65	130349	7	1	1596	1478	300,300
1526405706.495602572	77	40	48	0	2	0	2	-65	130350	8	1	1596	1478	324,324
1526405706.507345661	80	40	48	1	2	0	2	-64	130351	7	1	1596	1478	300,300
1526405706.519136136	80	40	48	1	2	0	2	-64	130352	7	1	1596	1478	300,300
1526405706.530738743	80	40	48	1	2	0	2	-63	130353	7	1	1596	1478	300,300
1526405706.542536421	80	40	48	1	2	0	2	-63	130354	7	1	1596	1478	300,300
1526405706.554280960	77	40	48	0	2	0	2	-63	130355	8	1	1596	1478	324,324
1526405706.566058636	77	40	48	0	2	0	2	-64	130356	8	1	1596	1478	324,324
1526405706.577780829	77	40	48	0	2	0	2	-64	130357	8	1	1596	1478	324,324
1526405706.589553508	74	40	48	1	2	0	2	-65	130358	8	1	1596	1478	360,360
1526405706.601292196	74	40	48	1	2	0	2	-64	130359	8	1	1596	1478	360,360
1526405706.613403707	74	40	48	1	2	0	2	-65	130361	8	1	1596	1478	360,360
1526405706.624832008	74	40	48	1	2	0	2	-65	130362	8	1	1596	1478	360,360
1526405706.636473205	74	40	48	1	2	0	2	-66	130363	8	1	1596	1478	360,360
1526405706.648239570	74	40	48	1	2	0	2	-66	130364	8	1	1596	1478	360,360
1526405706.659998967	74	40	48	1	2	0	2	-66	130365	8	1	1596	1478	360,360
1526405706.671761286	74	40	48	1	2	0	2	-64	130366	8	1	1596	1478	360,360
1526405706.683506469	74	40	48	1	2	0	2	-64	130367	8	1	1596	1478	360,360
1526405706.695261868	74	40	48	1	2	0	2	-64	130368	8	1	1596	1478	360,360
1526405706.707034965	74	40	48	1	2	0	2	-64	130369	8	1	1596	1478	360,360
1526405706.720006842	74	40	48	1	2	0	2	-64	130370	8	1	1596	1478	360,360
1526405706.730560894	74	40	48	1	2	0	2	-64	130371	8	1	1596	1478	360,360
1526405706.742307990	74	40	48	1	2	0	2	-64	130372	8	1	1596	1478	360,360
1526405706.754055696	74	40	48	1	2	0	2	-64	130373	8	1	1596	1478	360,360
1526405706.765848766	74	40	48	1	2	0	2	-64	130374	8	1	1596	1478	360,360
1526405706.777999314	74	40	48	1	2	0	2	-64	130375	8	1	1596	1478	360,360
1526405706.789348358	74	40	48	1	2	0	2	-64	130376	8	1	1596	1478	360,360
1526405706.801113520	74	40	48	1	2	0	2	-63	130377	8	1	1596	1478	360,360
1526405706.814201928	80	40	48	1	2	0	2	-64	130378	7	1	1596	1478	300,300
1526405706.824657000	80	40	48	1	2	0	2	-64	130379	7	1	1596	1478	300,300
1526405706.836774390	80	40	48	1	2	0	2	-64	130381	7	1	1596	1478	300,300
1526405706.848249138	80	40	48	1	2	0	2	-65	130382	7	1	1596	1478	300,300
1526405706.860014067	80	40	48	1	2	0	2	-65	130383	7	1	1596	1478	300,300
1526405706.871726401	80	40	48	1	2	0	2	-66	130384	7	1	1596	1478	300,300
1526405706.883507461	80	40	48	1	2	0	2	-65	130385	7	1	1596	1478	300,300
1526405706.895314193	80	40	48	1	2	0	2	-65	130386	7	1	1596	1478	300,300
1526405706.906972090	80	40	48	1	2	0	2	-65	130387	7	1	1596	1478	300,300
1526405706.918669546	80	40	48	1	2	0	2	-65	130388	7	1	1596	1478	300,300
1526405706.930481639	80	40	48	1	2	0	2	-65	130389	7	1	1596	1478	300,300
1526405706.942688261	80	40	48	1	2	0	2	-65	130390	7	1	1596	1478	300,300
1526405706.954098194	80	40	48	1	2	0	2	-64	130391	7	1	1596	1478	300,300
1526405706.965843414	80	40	48	1	2	0	2	-63	130392	7	1	1596	1478	300,300
1526405706.977723000	80	40	48	1	2	0	2	-63	130393	7	1	1596	1478	300,300
1526405706.989492130	80	40	48	1	2	0	2	-64	130394	7	1	1596	1478	300,300
1526405707.001256431	80	40	48	1	2	0	2	-64	130395	7	1	1596	1478	300,300
1526405707.013267952	80	40	48	1	2	0	2	-64	130396	7	1	1596	1478	300,300
1526405707.024800655	80	40	48	1	2	0	2	-63	130397	7	1	1596	1478	300,300
1526405707.036564637	80	40	48	1	2	0	2	-63	130398	7	1	1596	1478	300,300
1526405707.048224620	80	40	48	1	2	0	2	-63	130399	7	1	1596	1478	300,300
1526405707.060066955	80	40	48	1	2	0	2	-63	130400	7	1	1596	1478	300,300
1526405707.071837158	80	40	48	1	2	0	2	-62	130401	7	1	1596	1478	300,300
1526405707.083584826	80	40	48	1	2	0	2	-61	130402	7	1	1596	1478	300,300
1526405707.095347592	80	40	48	1	2	0	2	-60	130403	7	1	1596	1478	300,300
1526405707.107118896	77	40	48	0	2	0	2	-60	130404	8	1	1596	1478	324,324
1526405707.118872975	80	40	48	1	2	0	2	-60	130405	7	1	1596	1478	300,300
1526405707.130659186	80	40	48	1	2	0	2	-61	130406	7	1	1596	1478	300,300
1526405707.142389122	80	40	48	1	2	0	2	-61	130407	7	1	1596	1478	300,300
1526405707.154143159	80	40	48	1	2	0	2	-61	130408	7	1	1596	1478	300,300
1526405707.165907427	77	40	48	0	2	0	2	-61	130409	8	1	1596	1478	324,324
1526405707.177662708	77	40	48	0	2	0	2	-61	130410	8	1	1596	1478	324,324
1526405707.189411436	77	40	48	0	2	0	2	-61	130411	8	1	1596	1478	324,324
1526405707.201192466	77	40	48	0	2	0	2	-61	130412	8	1	1596	1478	324,324
1526405707.213351833	74	40	48	1	2	0	2	-61	130414	8	1	1596	1478	360,360
1526405707.224713554	74	40	48	0	2	0	2	-60	130415	9	1	1596	1478	360,360
1526405707.236508016	74	40	48	1	2	0	2	-60	130416	8	1	1596	1478	360,360
1526405707.248241483	74	40	48	1	2	0	2	-60	130417	8	1	1596	1478	360,360
1526405707.259874346	74	40	48	1	2	0	2	-60	130418	8	1	1596	1478	360,360
1526405707.271741649	74	40	48	1	2	0	2	-60	130419	8	1	1596	1478	360,360
1526405707.283512342	74	40	48	0	2	0	2	-60	130420	9	1	1596	1478	360,360
1526405707.295256489	74	40	48	1	2	0	2	-60	130421	8	1	1596	1478	360,360
1526405707.307031686	74	40	48	1	2	0	2	-61	130422	8	1	1596	1478	360,360
1526405707.318777911	74	40	48	1	2	0	2	-61	130423	8	1	1596	1478	360,360
1526405707.330550761	74	40	48	1	2	0	2	-61	130424	8	1	1596	1478	360,360
1526405707.342322828	74	40	48	0	2	0	2	-62	130425	9	1	1596	1478	360,360
1526405707.354059829	74	40	48	1	2	0	2	-62	130426	8	1	1596	1478	360,360
1526405707.365778680	74	40	48	1	2	0	2	-63	130427	8	1	1596	1478	360,360
1526405707.377581525	74	40	48	1	2	0	2	-63	130428	8	1	1596	1478	360,360
1526405707.389344371	74	40	48	1	2	0	2	-63	130429	8	1	1596	1478	360,360
1526405707.401102453	74	40	48	0	2	0	2	-63	130430	9	1	1596	1478	360,360
1526405707.412848666	70	40	48	1	2	0	2	-63	130431	9	1	1596	1478	400,400
1526405707.424472740	70	40	48	1	2	0	2	-64	130432	9	1	1596	1478	400,400
1526405707.438242868	70	40	48	1	2	0	2	-64	130433	9	1	1596	1478	400,400
1526405707.448157822	70	40	48	1	2	0	2	-64	130434	9	1	1596	1478	400,400
1526405707.459814394	70	40	48	1	2	0	2	-64	130435	9	1	1596	1478	400,400
1526405707.471662399	70	40	48	1	2	0	2	-64	130436	9	1	1596	1478	400,400
1526405707.483400376	70	40	48	1	2	0	2	-63	130437	9	1	1596	1478	400,400
1526405707.495166657	70	40	48	1	2	0	2	-62	130438	9	1	1596	1478	400,400
1526405707.506857823	70	40	48	1	2	0	2	-62	130439	9	1	1596	1478	400,400
1526405707.518614331	70	40	48	1	2	0	2	-62	130440	9	1	1596	1478	400,400
1526405707.530244159	70	40	48	1	2	0	2	-62	130441	9	1	1596	1478	400,400
1526405707.542154811	70	40	48	1	2	0	2	-62	130442	9	1	1596	1478	400,400
1526405707.553854723	70	40	48	1	2	0	2	-62	130443	9	1	1596	1478	400,400
1526405707.565624792	70	40	48	1	2	0	2	-63	130444	9	1	1596	1478	400,400
1526405707.577367417	70	40	48	1	2	0	2	-63	130445	9	1	1596	1478	400,400
1526405707.589121293	70	40	48	1	2	0	2	-62	130446	9	1	1596	1478	400,400
1526405707.600883234	70	40	48	1	2	0	2	-62	130447	9	1	1596	1478	400,400
1526405707.612545404	70	40	48	1	2	0	2	-62	130448	9	1	1596	1478	400,400
1526405707.624317307	70	40	48	1	2	0	2	-62	130449	9	1	1596	1478	400,400
1526405707.636081869	70	40	48	1	2	0	2	-62	130450	9	1	1596	1478	400,400
1526405707.647946730	70	40	48	1	2	0	2	-62	130451	9	1	1596	1478	400,400
1526405707.659567529	70	40	48	1	2	0	2	-62	130452	9	1	1596	1478	400,400
1526405707.671446023	70	40	48	1	2	0	2	-62	130453	9	1	1596	1478	400,400
1526405707.683216785	70	40	48	1	2	0	2	-62	130454	9	1	1596	1478	400,400
1526405707.696371159	74	40	48	1	2	0	2	-62	130459	8	1	1596	1478	360,360
1526405707.706733587	74	40	48	1	2	0	2	-63	130460	8	1	1596	1478	360,360
1526405707.718498766	74	40	48	1	2	0	2	-63	130461	8	1	1596	1478	360,360
1526405707.730493983	74	40	48	1	2	0	2	-63	130462	8	1	1596	1478	360,360
1526405707.742288305	74	40	48	1	2	0	2	-63	130464	8	1	1596	1478	360,360
1526405707.754822518	74	40	48	1	2	0	2	-63	130468	8	1	1596	1478	360,360
1526405707.766886326	80	40	48	1	2	0	2	-63	130471	7	1	1596	1478	300,300
1526405707.777307397	80	40	48	1	2	0	2	-63	130472	7	1	1596	1478	300,300
1526405707.789060459	80	40	48	1	2	0	2	-63	130473	7	1	1596	1478	300,300
1526405707.800819061	80	40	48	1	2	0	2	-63	130474	7	1	1596	1478	300,300
1526405707.812580883	80	40	48	1	2	0	2	-63	130475	7	1	1596	1478	300,300
1526405707.824351621	80	40	48	1	2	0	2	-63	130476	7	1	1596	1478	300,300
1526405707.836182793	80	40	48	1	2	0	2	-63	130477	7	1	1596	1478	300,300
1526405707.847995761	80	40	48	1	2	0	2	-63	130478	7	1	1596	1478	300,300
1526405707.859759087	77	40	48	0	2	0	2	-62	130479	8	1	1596	1478	324,324
1526405707.871490553	80	40	48	1	2	0	2	-63	130480	7	1	1596	1478	300,300
1526405707.883272991	80	40	48	1	2	0	2	-62	130481	7	1	1596	1478	300,300
1526405707.895039974	80	40	48	1	2	0	2	-62	130482	7	1	1596	1478	300,300
1526405707.906805197	80	40	48	1	2	0	2	-62	130483	7	1	1596	1478	300,300
1526405707.918562799	77	40	48	0	2	0	2	-62	130484	8	1	1596	1478	324,324
1526405707.930243770	77	40	48	0	2	0	2	-62	130485	8	1	1596	1478	324,324
1526405707.941966023	77	40	48	0	2	0	2	-62	130486	8	1	1596	1478	324,324
1526405707.953774926	77	40	48	0	2	0	2	-62	130487	8	1	1596	1478	324,324
1526405707.965523057	74	40	48	1	2	0	2	-62	130488	8	1	1596	1478	360,360
1526405707.977621481	74	40	48	1	2	0	2	-62	130489	8	1	1596	1478	360,360
1526405707.989028296	74	40	48	1	2	0	2	-62	130490	8	1	1596	1478	360,360
1526405708.000869535	74	40	48	1	2	0	2	-62	130491	8	1	1596	1478	360,360
1526405708.012617623	74	40	48	1	2	0	2	-62	130492	8	1	1596	1478	360,360
1526405708.024370691	74	40	48	1	2	0	2	-62	130493	8	1	1596	1478	360,360
1526405708.036065722	74	40	48	1	2	0	2	-62	130494	8	1	1596	1478	360,360
1526405708.047801211	74	40	48	1	2	0	2	-62	130495	8	1	1596	1478	360,360
1526405708.059673996	74	40	48	1	2	0	2	-62	130496	8	1	1596	1478	360,360
1526405708.071441683	74	40	48	1	2	0	2	-61	130497	8	1	1596	1478	360,360
1526405708.083186717	74	40	48	1	2	0	2	-62	130498	8	1	1596	1478	360,360
1526405708.094840223	74	40	48	1	2	0	2	-61	130499	8	1	1596	1478	360,360
1526405708.106706190	74	40	48	1	2	0	2	-62	130500	8	1	1596	1478	360,360
1526405708.118473522	74	40	48	1	2	0	2	-62	130501	8	1	1596	1478	360,360
1526405708.130231420	74	40	48	1	2	0	2	-62	130502	8	1	1596	1478	360,360
1526405708.141985941	74	40	48	0	2	0	2	-62	130503	9	1	1596	1478	360,360
1526405708.154186242	74	40	48	1	2	0	2	-62	130504	8	1	1596	1478	360,360
1526405708.165507328	74	40	48	1	2	0	2	-62	130505	8	1	1596	1478	360,360
1526405708.177249018	74	40	48	1	2	0	2	-62	130506	8	1	1596	1478	360,360
1526405708.189040679	74	40	48	1	2	0	2	-62	130507	8	1	1596	1478	360,360
1526405708.200786037	74	40	48	0	2	0	2	-62	130508	9	1	1596	1478	360,360
1526405708.212558361	74	40	48	1	2	0	2	-62	130509	8	1	1596	1478	360,360
1526405708.224298972	74	40	48	1	2	0	2	-61	130510	8	1	1596	1478	360,360
1526405708.236074919	74	40	48	1	2	0	2	-61	130511	8	1	1596	1478	360,360
1526405708.247745569	74	40	48	1	2	0	2	-62	130512	8	1	1596	1478	360,360
1526405708.259610504	74	40	48	0	2	0	2	-61	130513	9	1	1596	1478	360,360
1526405708.271369381	74	40	48	1	2	0	2	-62	130514	8	1	1596	1478	360,360
1526405708.283103377	74	40	48	1	2	0	2	-62	130515	8	1	1596	1478	360,360
1526405708.294863269	74	40	48	1	2	0	2	-62	130516	8	1	1596	1478	360,360
1526405708.306573935	74	40	48	1	2	0	2	-62	130517	8	1	1596	1478	360,360
1526405708.318384352	74	40	48	0	2	0	2	-62	130518	9	1	1596	1478	360,360
1526405708.330125079	70	40	48	1	2	0	2	-62	130519	9	1	1596	1478	400,400
1526405708.341922695	70	40	48	1	2	0	2	-62	130520	9	1	1596	1478	400,400
1526405708.353660727	70	40	48	1	2	0	2	-61	130521	9	1	1596	1478	400,400
1526405708.365842605	70	40	48	1	2	0	2	-61	130523	9	1	1596	1478	400,400
1526405708.377434011	70	40	48	1	2	0	2	-61	130524	9	1	1596	1478	400,400
1526405708.388954752	70	40	48	1	2	0	2	-61	130525	9	1	1596	1478	400,400
1526405708.400636835	70	40	48	1	2	0	2	-61	130526	9	1	1596	1478	400,400
1526405708.412460911	70	40	48	1	2	0	2	-61	130527	9	1	1596	1478	400,400
1526405708.424215802	70	40	48	1	2	0	2	-61	130528	9	1	1596	1478	400,400
1526405708.435979555	70	40	48	1	2	0	2	-61	130529	9	1	1596	1478	400,400
1526405708.447963716	70	40	48	1	2	0	2	-61	130531	9	1	1596	1478	400,400
1526405708.459256648	70	40	48	1	2	0	2	-61	130532	9	1	1596	1478	400,400
1526405708.471290791	70	40	48	1	2	0	2	-61	130533	9	1	1596	1478	400,400
1526405708.482931317	70	40	48	1	2	0	2	-61	130534	9	1	1596	1478	400,400
1526405708.494675231	70	40	48	1	2	0	2	-61	130535	9	1	1596	1478	400,400
1526405708.506416317	70	40	48	1	2	0	2	-61	130536	9	1	1596	1478	400,400
1526405708.518175100	70	40	48	1	2	0	2	-61	130537	9	1	1596	1478	400,400
1526405708.529847260	70	40	48	1	2	0	2	-61	130538	9	1	1596	1478	400,400
1526405708.541601136	70	40	48	1	2	0	2	-61	130539	9	1	1596	1478	400,400
1526405708.553311994	70	40	48	1	2	0	2	-62	130540	9	1	1596	1478	400,400
1526405708.565235742	70	40	48	1	2	0	2	-62	130541	9	1	1596	1478	400,400
1526405708.576983997	70	40	48	1	2	0	2	-61	130542	9	1	1596	1478	400,400
1526405708.588726308	70	40	48	1	2	0	2	-62	130543	9	1	1596	1478	400,400
1526405708.600511537	70	40	48	1	2	0	2	-62	130544	9	1	1596	1478	400,400
1526405708.612310101	70	40	48	1	2	0	2	-62	130545	9	1	1596	1478	400,400
1526405708.624104102	70	40	48	1	2	0	2	-62	130546	9	1	1596	1478	400,400
1526405708.635894706	70	40	48	1	2	0	2	-62	130547	9	1	1596	1478	400,400
1526405708.647667885	70	40	48	1	2	0	2	-61	130548	9	1	1596	1478	400,400
1526405708.659332825	70	40	48	1	2	0	2	-62	130549	9	1	1596	1478	400,400
1526405708.671164134	70	40	48	1	2	0	2	-61	130550	9	1	1596	1478	400,400
1526405708.682928784	70	40	48	1	2	0	2	-61	130551	9	1	1596	1478	400,400
1526405708.694679247	70	40	48	1	2	0	2	-61	130552	9	1	1596	1478	400,400
1526405708.706448460	70	40	48	1	2	0	2	-61	130553	9	1	1596	1478	400,400
1526405708.718228735	70	40	48	1	2	0	2	-62	130554	9	1	1596	1478	400,400
1526405708.729992358	70	40	48	1	2	0	2	-61	130555	9	1	1596	1478	400,400
1526405708.741736297	70	40	48	1	2	0	2	-61	130556	9	1	1596	1478	400,400
1526405708.754072318	70	40	48	1	2	0	2	-62	130557	9	1	1596	1478	400,400
1526405708.765280862	70	40	48	1	2	0	2	-61	130559	9	1	1596	1478	400,400
1526405708.776978885	70	40	48	1	2	0	2	-62	130560	9	1	1596	1478	400,400
1526405708.788795237	70	40	48	1	2	0	2	-62	130561	9	1	1596	1478	400,400
1526405708.800542376	70	40	48	1	2	0	2	-62	130562	9	1	1596	1478	400,400
1526405708.812304814	70	40	48	1	2	0	2	-61	130563	9	1	1596	1478	400,400
1526405708.824070656	70	40	48	1	2	0	2	-61	130564	9	1	1596	1478	400,400
1526405708.835821438	70	40	48	1	2	0	2	-61	130565	9	1	1596	1478	400,400
1526405708.847580464	70	40	48	1	2	0	2	-61	130566	9	1	1596	1478	400,400
1526405708.859358513	70	40	48	1	2	0	2	-61	130567	9	1	1596	1478	400,400
1526405708.871152897	70	40	48	1	2	0	2	-61	130568	9	1	1596	1478	400,400
1526405708.882855028	70	40	48	1	2	0	2	-61	130569	9	1	1596	1478	400,400
1526405708.894684830	70	40	48	1	2	0	2	-61	130570	9	1	1596	1478	400,400
1526405708.906391647	70	40	48	1	2	0	2	-61	130571	9	1	1596	1478	400,400
1526405708.918136834	70	40	48	1	2	0	2	-61	130572	9	1	1596	1478	400,400
1526405708.929923071	70	40	48	1	2	0	2	-61	130573	9	1	1596	1478	400,400
1526405708.941672497	70	40	48	1	2	0	2	-61	130574	9	1	1596	1478	400,400
1526405708.953436851	70	40	48	1	2	0	2	-61	130575	9	1	1596	1478	400,400
1526405708.965092183	70	40	48	1	2	0	2	-61	130576	9	1	1596	1478	400,400
1526405708.976844784	70	40	48	1	2	0	2	-61	130577	9	1	1596	1478	400,400
1526405708.988665137	70	40	48	1	2	0	2	-61	130578	9	1	1596	1478	400,400
1526405709.000350400	70	40	48	1	2	0	2	-61	130579	9	1	1596	1478	400,400
1526405709.012215253	70	40	48	1	2	0	2	-61	130580	9	1	1596	1478	400,400
1526405709.023950347	70	40	48	1	2	0	2	-61	130581	9	1	1596	1478	400,400
1526405709.035653634	70	40	48	1	2	0	2	-61	130582	9	1	1596	1478	400,400
1526405709.047398143	70	40	48	1	2	0	2	-61	130583	9	1	1596	1478	400,400
1526405709.059143007	70	40	48	1	2	0	2	-61	130584	9	1	1596	1478	400,400
1526405709.071056310	70	40	48	1	2	0	2	-61	130585	9	1	1596	1478	400,400
1526405709.082757901	70	40	48	1	2	0	2	-61	130586	9	1	1596	1478	400,400
1526405709.094433461	70	40	48	1	2	0	2	-61	130587	9	1	1596	1478	400,400
1526405709.106294168	70	40	48	1	2	0	2	-61	130588	9	1	1596	1478	400,400
1526405709.118109051	70	40	48	1	2	0	2	-62	130589	9	1	1596	1478	400,400
1526405709.129869062	70	40	48	1	2	0	2	-62	130590	9	1	1596	1478	400,400
1526405709.141669030	70	40	48	1	2	0	2	-62	130591	9	1	1596	1478	400,400
1526405709.153388214	70	40	48	1	2	0	2	-62	130592	9	1	1596	1478	400,400
1526405709.165086285	70	40	48	1	2	0	2	-62	130593	9	1	1596	1478	400,400
1526405709.177206480	70	40	48	1	2	0	2	-62	130594	9	1	1596	1478	400,400
1526405709.188667627	70	40	48	1	2	0	2	-62	130595	9	1	1596	1478	400,400
1526405709.200441413	70	40	48	1	2	0	2	-62	130596	9	1	1596	1478	400,400
1526405709.212195612	70	40	48	1	2	0	2	-62	130597	9	1	1596	1478	400,400
1526405709.224002283	70	40	48	1	2	0	2	-62	130598	9	1	1596	1478	400,400
1526405709.235680611	70	40	48	1	2	0	2	-62	130599	9	1	1596	1478	400,400
1526405709.247482900	70	40	48	1	2	0	2	-62	130600	9	1	1596	1478	400,400
1526405709.259228049	70	40	48	1	2	0	2	-62	130601	9	1	1596	1478	400,400
1526405709.271155350	70	40	48	1	2	0	2	-61	130602	9	1	1596	1478	400,400
1526405709.282752592	70	40	48	1	2	0	2	-61	130603	9	1	1596	1478	400,400
1526405709.294519325	70	40	48	1	2	0	2	-61	130604	9	1	1596	1478	400,400
1526405709.306208311	70	40	48	1	2	0	2	-61	130605	9	1	1596	1478	400,400
1526405709.317832213	70	40	48	1	2	0	2	-62	130606	9	1	1596	1478	400,400
1526405709.329570602	70	40	48	1	2	0	2	-61	130607	9	1	1596	1478	400,400
1526405709.341263749	70	40	48	1	2	0	2	-62	130608	9	1	1596	1478	400,400
1526405709.353197891	70	40	48	1	2	0	2	-62	130609	9	1	1596	1478	400,400
1526405709.364961147	70	40	48	1	2	0	2	-61	130610	9	1	1596	1478	400,400
1526405709.376725519	70	40	48	1	2	0	2	-61	130611	9	1	1596	1478	400,400
1526405709.388511171	70	40	48	1	2	0	2	-61	130612	9	1	1596	1478	400,400
1526405709.400308346	70	40	48	1	2	0	2	-61	130613	9	1	1596	1478	400,400
1526405709.411966763	70	40	48	1	2	0	2	-61	130614	9	1	1596	1478	400,400
1526405709.423819634	70	40	48	1	2	0	2	-61	130615	9	1	1596	1478	400,400
1526405709.435587629	70	40	48	1	2	0	2	-61	130616	9	1	1596	1478	400,400
1526405709.447347933	70	40	48	1	2	0	2	-62	130617	9	1	1596	1478	400,400
1526405709.458967933	70	40	48	1	2	0	2	-61	130618	9	1	1596	1478	400,400
1526405709.470953351	70	40	48	1	2	0	2	-62	130619	9	1	1596	1478	400,400
1526405709.482578401	70	40	48	1	2	0	2	-62	130620	9	1	1596	1478	400,400
1526405709.494381918	70	40	48	1	2	0	2	-62	130621	9	1	1596	1478	400,400
1526405709.506129895	70	40	48	1	2	0	2	-62	130622	9	1	1596	1478	400,400
1526405709.517867893	70	40	48	1	2	0	2	-62	130623	9	1	1596	1478	400,400
1526405709.529583909	70	40	48	1	2	0	2	-62	130624	9	1	1596	1478	400,400
1526405709.541325758	70	40	48	1	2	0	2	-62	130625	9	1	1596	1478	400,400
1526405709.553122026	70	40	48	1	2	0	2	-62	130626	9	1	1596	1478	400,400
1526405709.564875683	70	40	48	1	2	0	2	-62	130627	9	1	1596	1478	400,400
1526405709.576699309	70	40	48	1	2	0	2	-62	130628	9	1	1596	1478	400,400
1526405709.588479092	70	40	48	1	2	0	2	-62	130629	9	1	1596	1478	400,400
1526405709.600237788	70	40	48	1	2	0	2	-62	130630	9	1	1596	1478	400,400
1526405709.611910481	70	40	48	1	2	0	2	-62	130631	9	1	1596	1478	400,400
1526405709.623734250	70	40	48	1	2	0	2	-62	130632	9	1	1596	1478	400,400
1526405709.635436332	70	40	48	1	2	0	2	-62	130633	9	1	1596	1478	400,400
1526405709.647538794	70	40	48	1	2	0	2	-62	130635	9	1	1596	1478	400,400
1526405709.659011707	70	40	48	1	2	0	2	-62	130636	9	1	1596	1478	400,400
1526405709.670788574	70	40	48	1	2	0	2	-62	130637	9	1	1596	1478	400,400
1526405709.683206079	70	40	48	1	2	0	2	-62	130640	9	1	1596	1478	400,400
1526405709.694328609	70	40	48	1	2	0	2	-63	130641	9	1	1596	1478	400,400
1526405709.707469394	74	40	48	1	2	0	2	-63	130645	8	1	1596	1478	360,360
1526405709.717814729	74	40	48	1	2	0	2	-63	130646	8	1	1596	1478	360,360
1526405709.729569845	74	40	48	1	2	0	2	-63	130647	8	1	1596	1478	360,360
1526405709.741237856	74	40	48	1	2	0	2	-63	130648	8	1	1596	1478	360,360
1526405709.753094124	74	40	48	1	2	0	2	-62	130649	8	1	1596	1478	360,360
1526405709.764809716	74	40	48	1	2	0	2	-62	130650	8	1	1596	1478	360,360
1526405709.776563125	74	40	48	1	2	0	2	-62	130651	8	1	1596	1478	360,360
1526405709.788382319	74	40	48	1	2	0	2	-62	130652	8	1	1596	1478	360,360
1526405709.800174997	74	40	48	0	2	0	2	-62	130653	9	1	1596	1478	360,360
1526405709.811926066	74	40	48	1	2	0	2	-62	130654	8	1	1596	1478	360,360
1526405709.823679015	74	40	48	1	2	0	2	-62	130655	8	1	1596	1478	360,360
1526405709.835346151	74	40	48	1	2	0	2	-62	130656	8	1	1596	1478	360,360
1526405709.847193458	74	40	48	1	2	0	2	-62	130657	8	1	1596	1478	360,360
1526405709.859291482	74	40	48	1	2	0	2	-62	130658	8	1	1596	1478	360,360
1526405709.870703864	74	40	48	1	2	0	2	-62	130659	8	1	1596	1478	360,360
1526405709.882477321	74	40	48	1	2	0	2	-61	130660	8	1	1596	1478	360,360
1526405709.894242879	74	40	48	1	2	0	2	-61	130661	8	1	1596	1478	360,360
1526405709.905997992	74	40	48	1	2	0	2	-61	130662	8	1	1596	1478	360,360
1526405709.917619061	74	40	48	1	2	0	2	-61	130663	8	1	1596	1478	360,360
1526405709.929528717	74	40	48	1	2	0	2	-60	130664	8	1	1596	1478	360,360
1526405709.941275925	74	40	48	1	2	0	2	-61	130665	8	1	1596	1478	360,360
1526405709.953011516	74	40	48	1	2	0	2	-61	130666	8	1	1596	1478	360,360
1526405709.964776423	74	40	48	1	2	0	2	-60	130667	8	1	1596	1478	360,360
1526405709.976532760	74	40	48	1	2	0	2	-61	130668	8	1	1596	1478	360,360
1526405709.988206819	74	40	48	1	2	0	2	-61	130669	8	1	1596	1478	360,360
1526405710.000006563	74	40	48	1	2	0	2	-61	130670	8	1	1596	1478	360,360
1526405710.011821171	74	40	48	1	2	0	2	-61	130671	8	1	1596	1478	360,360
1526405710.023586796	74	40	48	0	2	0	2	-61	130672	9	1	1596	1478	360,360
1526405710.035233951	74	40	48	1	2	0	2	-61	130673	8	1	1596	1478	360,360
1526405710.047002082	74	40	48	1	2	0	2	-61	130674	8	1	1596	1478	360,360
1526405710.058751869	74	40	48	1	2	0	2	-61	130675	8	1	1596	1478	360,360
1526405710.070613346	74	40	48	1	2	0	2	-62	130676	8	1	1596	1478	360,360
1526405710.082412100	74	40	48	0	2	0	2	-62	130677	9	1	1596	1478	360,360
1526405710.094156042	74	40	48	1	2	0	2	-62	130678	8	1	1596	1478	360,360
1526405710.105950027	74	40	48	1	2	0	2	-62	130679	8	1	1596	1478	360,360
1526405710.117662241	74	40	48	1	2	0	2	-62	130680	8	1	1596	1478	360,360
1526405710.129405069	74	40	48	1	2	0	2	-62	130681	8	1	1596	1478	360,360
1526405710.141112560	74	40	48	0	2	0	2	-62	130682	9	1	1596	1478	360,360
1526405710.152949936	70	40	48	1	2	0	2	-62	130683	9	1	1596	1478	400,400
1526405710.164685011	70	40	48	1	2	0	2	-62	130684	9	1	1596	1478	400,400
1526405710.176477841	70	40	48	1	2	0	2	-62	130685	9	1	1596	1478	400,400
1526405710.188222247	70	40	48	1	2	0	2	-63	130686	9	1	1596	1478	400,400
1526405710.199970120	70	40	48	1	2	0	2	-63	130687	9	1	1596	1478	400,400
1526405710.213285263	74	40	48	1	2	0	2	-63	130691	8	1	1596	1478	360,360
1526405710.223486582	74	40	48	1	2	0	2	-64	130692	8	1	1596	1478	360,360
1526405710.235272830	74	40	48	1	2	0	2	-64	130693	8	1	1596	1478	360,360
1526405710.247012730	74	40	48	1	2	0	2	-63	130694	8	1	1596	1478	360,360
1526405710.258786876	74	40	48	1	2	0	2	-63	130695	8	1	1596	1478	360,360
1526405710.270552098	74	40	48	1	2	0	2	-63	130696	8	1	1596	1478	360,360
1526405710.282299531	74	40	48	1	2	0	2	-63	130697	8	1	1596	1478	360,360
1526405710.294035439	74	40	48	1	2	0	2	-63	130698	8	1	1596	1478	360,360
1526405710.306294397	74	40	48	1	2	0	2	-64	130699	8	1	1596	1478	360,360
1526405710.317484960	74	40	48	1	2	0	2	-64	130700	8	1	1596	1478	360,360
1526405710.329252109	74	40	48	1	2	0	2	-64	130701	8	1	1596	1478	360,360
1526405710.341095962	74	40	48	1	2	0	2	-63	130702	8	1	1596	1478	360,360
1526405710.352857951	74	40	48	1	2	0	2	-63	130703	8	1	1596	1478	360,360
1526405710.364548178	74	40	48	1	2	0	2	-63	130704	8	1	1596	1478	360,360
1526405710.376738011	74	40	48	1	2	0	2	-62	130705	8	1	1596	1478	360,360
1526405710.388138879	74	40	48	1	2	0	2	-62	130706	8	1	1596	1478	360,360
1526405710.399911099	74	40	48	1	2	0	2	-62	130707	8	1	1596	1478	360,360
1526405710.411704614	74	40	48	1	2	0	2	-62	130708	8	1	1596	1478	360,360
1526405710.423399647	74	40	48	1	2	0	2	-62	130709	8	1	1596	1478	360,360
1526405710.435108203	74	40	48	1	2	0	2	-62	130710	8	1	1596	1478	360,360
1526405710.446789983	74	40	48	1	2	0	2	-61	130711	8	1	1596	1478	360,360
1526405710.458597406	74	40	48	1	2	0	2	-61	130712	8	1	1596	1478	360,360
1526405710.470334257	74	40	48	0	2	0	2	-61	130713	9	1	1596	1478	360,360
1526405710.482097856	74	40	48	1	2	0	2	-61	130714	8	1	1596	1478	360,360
1526405710.493768977	74	40	48	1	2	0	2	-62	130715	8	1	1596	1478	360,360
1526405710.505523084	74	40	48	1	2	0	2	-62	130716	8	1	1596	1478	360,360
1526405710.517257445	74	40	48	1	2	0	2	-62	130717	8	1	1596	1478	360,360
1526405710.529040933	74	40	48	0	2	0	2	-62	130718	9	1	1596	1478	360,360
1526405710.540805063	74	40	48	1	2	0	2	-62	130719	8	1	1596	1478	360,360
1526405710.552377400	74	40	48	1	2	0	2	-62	130720	8	1	1596	1478	360,360
1526405710.564412719	74	40	48	1	2	0	2	-62	130721	8	1	1596	1478	360,360
1526405710.576175903	74	40	48	1	2	0	2	-63	130722	8	1	1596	1478	360,360
1526405710.587919672	74	40	48	0	2	0	2	-63	130723	9	1	1596	1478	360,360
1526405710.599691009	74	40	48	1	2	0	2	-63	130724	8	1	1596	1478	360,360
1526405710.611470289	74	40	48	1	2	0	2	-63	130725	8	1	1596	1478	360,360
1526405710.623503506	74	40	48	1	2	0	2	-63	130727	8	1	1596	1478	360,360
1526405710.634971709	74	40	48	1	2	0	2	-63	130728	8	1	1596	1478	360,360
1526405710.646733447	74	40	48	0	2	0	2	-63	130729	9	1	1596	1478	360,360
1526405710.658485294	70	40	48	1	2	0	2	-62	130730	9	1	1596	1478	400,400
1526405710.670594206	70	40	48	1	2	0	2	-62	130732	9	1	1596	1478	400,400
1526405710.681997500	70	40	48	1	2	0	2	-62	130733	9	1	1596	1478	400,400
1526405710.693774681	70	40	48	1	2	0	2	-62	130734	9	1	1596	1478	400,400
1526405710.705527344	70	40	48	1	2	0	2	-61	130735	9	1	1596	1478	400,400
1526405710.717321467	70	40	48	1	2	0	2	-61	130736	9	1	1596	1478	400,400
1526405710.729040247	70	40	48	1	2	0	2	-61	130737	9	1	1596	1478	400,400
1526405710.740789300	70	40	48	1	2	0	2	-61	130738	9	1	1596	1478	400,400
1526405710.752651202	70	40	48	1	2	0	2	-61	130739	9	1	1596	1478	400,400
1526405710.764460214	70	40	48	1	2	0	2	-61	130740	9	1	1596	1478	400,400
1526405710.776624748	70	40	48	1	2	0	2	-61	130741	9	1	1596	1478	400,400
1526405710.787975755	70	40	48	1	2	0	2	-61	130742	9	1	1596	1478	400,400
1526405710.799733705	70	40	48	1	2	0	2	-61	130743	9	1	1596	1478	400,400
1526405710.811435297	70	40	48	1	2	0	2	-61	130744	9	1	1596	1478	400,400
1526405710.823273322	70	40	48	1	2	0	2	-61	130745	9	1	1596	1478	400,400
1526405710.835019868	70	40	48	1	2	0	2	-61	130746	9	1	1596	1478	400,400
1526405710.846787406	70	40	48	1	2	0	2	-61	130747	9	1	1596	1478	400,400
1526405710.858527096	70	40	48	1	2	0	2	-61	130748	9	1	1596	1478	400,400
1526405710.870307477	70	40	48	1	2	0	2	-61	130749	9	1	1596	1478	400,400
1526405710.882057225	70	40	48	1	2	0	2	-62	130750	9	1	1596	1478	400,400
1526405710.893733226	70	40	48	1	2	0	2	-61	130751	9	1	1596	1478	400,400
1526405710.905594096	70	40	48	1	2	0	2	-62	130752	9	1	1596	1478	400,400
1526405710.917928821	70	40	48	1	2	0	2	-62	130753	9	1	1596	1478	400,400
1526405710.929106764	70	40	48	1	2	0	2	-62	130754	9	1	1596	1478	400,400
1526405710.941257467	70	40	48	1	2	0	2	-62	130756	9	1	1596	1478	400,400
1526405710.952607140	70	40	48	1	2	0	2	-63	130757	9	1	1596	1478	400,400
1526405710.964349278	70	40	48	1	2	0	2	-63	130758	9	1	1596	1478	400,400
1526405710.976834731	70	40	48	1	2	0	2	-63	130761	9	1	1596	1478	400,400
1526405710.988198911	70	40	48	1	2	0	2	-63	130762	9	1	1596	1478	400,400
1526405711.001047678	74	40	48	1	2	0	2	-63	130764	8	1	1596	1478	360,360
1526405711.011396365	74	40	48	1	2	0	2	-63	130765	8	1	1596	1478	360,360
1526405711.023067433	74	40	48	1	2	0	2	-63	130766	8	1	1596	1478	360,360
1526405711.034818995	74	40	48	1	2	0	2	-63	130767	8	1	1596	1478	360,360
1526405711.048078818	80	40	48	1	2	0	2	-64	130772	7	1	1596	1478	300,300
1526405711.058332963	80	40	48	1	2	0	2	-63	130773	7	1	1596	1478	300,300
1526405711.070177078	80	40	48	1	2	0	2	-63	130774	7	1	1596	1478	300,300
1526405711.081943104	80	40	48	1	2	0	2	-63	130775	7	1	1596	1478	300,300
1526405711.093710069	80	40	48	1	2	0	2	-63	130776	7	1	1596	1478	300,300
1526405711.105515254	80	40	48	1	2	0	2	-63	130777	7	1	1596	1478	300,300
1526405711.117253014	80	40	48	1	2	0	2	-64	130778	7	1	1596	1478	300,300
1526405711.129045914	80	40	48	1	2	0	2	-63	130779	7	1	1596	1478	300,300
1526405711.141142626	80	40	48	1	2	0	2	-63	130780	7	1	1596	1478	300,300
1526405711.152541004	80	40	48	1	2	0	2	-63	130781	7	1	1596	1478	300,300
1526405711.164322717	80	40	48	1	2	0	2	-63	130782	7	1	1596	1478	300,300
1526405711.176084072	80	40	48	1	2	0	2	-63	130783	7	1	1596	1478	300,300
1526405711.187829633	80	40	48	1	2	0	2	-63	130784	7	1	1596	1478	300,300
1526405711.199582167	80	40	48	1	2	0	2	-63	130785	7	1	1596	1478	300,300
1526405711.211699136	80	40	48	1	2	0	2	-63	130786	7	1	1596	1478	300,300
1526405711.223105854	80	40	48	1	2	0	2	-63	130787	7	1	1596	1478	300,300
1526405711.234891466	80	40	48	1	2	0	2	-63	130788	7	1	1596	1478	300,300
1526405711.246499952	80	40	48	1	2	0	2	-63	130789	7	1	1596	1478	300,300
1526405711.258380237	80	40	48	1	2	0	2	-62	130790	7	1	1596	1478	300,300
1526405711.270072620	80	40	48	1	2	0	2	-62	130791	7	1	1596	1478	300,300
1526405711.281901645	80	40	48	1	2	0	2	-62	130792	7	1	1596	1478	300,300
1526405711.293683401	80	40	48	1	2	0	2	-62	130793	7	1	1596	1478	300,300
1526405711.305809858	80	40	48	1	2	0	2	-62	130795	7	1	1596	1478	300,300
1526405711.317207016	80	40	48	1	2	0	2	-63	130796	7	1	1596	1478	300,300
1526405711.328986775	80	40	48	1	2	0	2	-63	130797	7	1	1596	1478	300,300
1526405711.340699620	80	40	48	1	2	0	2	-63	130798	7	1	1596	1478	300,300
1526405711.352372499	80	40	48	1	2	0	2	-63	130799	7	1	1596	1478	300,300
1526405711.364233204	80	40	48	1	2	0	2	-63	130800	7	1	1596	1478	300,300
1526405711.376003711	80	40	48	1	2	0	2	-62	130801	7	1	1596	1478	300,300
1526405711.387742547	80	40	48	1	2	0	2	-63	130802	7	1	1596	1478	300,300
1526405711.399430857	80	40	48	1	2	0	2	-63	130803	7	1	1596	1478	300,300
1526405711.411179923	80	40	48	1	2	0	2	-63	130804	7	1	1596	1478	300,300
1526405711.422799527	80	40	48	1	2	0	2	-63	130805	7	1	1596	1478	300,300
1526405711.434684278	80	40	48	1	2	0	2	-63	130806	7	1	1596	1478	300,300
1526405711.446432657	80	40	48	1	2	0	2	-63	130807	7	1	1596	1478	300,300
1526405711.458184908	80	40	48	1	2	0	2	-63	130808	7	1	1596	1478	300,300
1526405711.469929608	77	40	48	0	2	0	2	-63	130809	8	1	1596	1478	324,324
1526405711.481709623	80	40	48	1	2	0	2	-63	130810	7	1	1596	1478	300,300
1526405711.493359165	80	40	48	1	2	0	2	-63	130811	7	1	1596	1478	300,300
1526405711.505131094	80	40	48	1	2	0	2	-64	130812	7	1	1596	1478	300,300
1526405711.516891627	80	40	48	1	2	0	2	-64	130813	7	1	1596	1478	300,300
1526405711.528620579	77	40	48	0	2	0	2	-64	130814	8	1	1596	1478	324,324
1526405711.540510303	77	40	48	0	2	0	2	-63	130815	8	1	1596	1478	324,324
1526405711.552106779	77	40	48	0	2	0	2	-64	130816	8	1	1596	1478	324,324
1526405711.564019625	77	40	48	0	2	0	2	-64	130817	8	1	1596	1478	324,324
1526405711.575853184	74	40	48	1	2	0	2	-64	130818	8	1	1596	1478	360,360
1526405711.587653025	74	40	48	0	2	0	2	-64	130819	9	1	1596	1478	360,360
1526405711.599432536	74	40	48	1	2	0	2	-64	130820	8	1	1596	1478	360,360
1526405711.611214519	74	40	48	1	2	0	2	-64	130821	8	1	1596	1478	360,360
1526405711.622962286	74	40	48	1	2	0	2	-63	130822	8	1	1596	1478	360,360
1526405711.634585828	74	40	48	1	2	0	2	-63	130823	8	1	1596	1478	360,360
1526405711.646462974	74	40	48	0	2	0	2	-63	130824	9	1	1596	1478	360,360
1526405711.658226114	74	40	48	1	2	0	2	-63	130825	8	1	1596	1478	360,360
1526405711.669929153	74	40	48	1	2	0	2	-63	130826	8	1	1596	1478	360,360
1526405711.681739744	74	40	48	1	2	0	2	-63	130827	8	1	1596	1478	360,360
1526405711.693764270	74	40	48	1	2	0	2	-63	130829	8	1	1596	1478	360,360
1526405711.706022546	74	40	48	1	2	0	2	-63	130832	8	1	1596	1478	360,360
1526405711.717656770	74	40	48	1	2	0	2	-63	130835	8	1	1596	1478	360,360
1526405711.728758112	74	40	48	1	2	0	2	-63	130836	8	1	1596	1478	360,360
1526405711.741620148	74	40	48	1	2	0	2	-63	130838	8	1	1596	1478	360,360
1526405711.752309151	74	40	48	1	2	0	2	-63	130839	8	1	1596	1478	360,360
1526405711.764054534	74	40	48	1	2	0	2	-63	130840	8	1	1596	1478	360,360
1526405711.775822453	74	40	48	1	2	0	2	-63	130841	8	1	1596	1478	360,360
1526405711.787583799	74	40	48	1	2	0	2	-63	130842	8	1	1596	1478	360,360
1526405711.799342529	74	40	48	1	2	0	2	-63	130843	8	1	1596	1478	360,360
1526405711.811101061	74	40	48	1	2	0	2	-63	130844	8	1	1596	1478	360,360
1526405711.822766569	74	40	48	1	2	0	2	-63	130845	8	1	1596	1478	360,360
1526405711.834616952	74	40	48	1	2	0	2	-63	130846	8	1	1596	1478	360,360
1526405711.846415403	74	40	48	1	2	0	2	-63	130847	8	1	1596	1478	360,360
1526405711.858143212	74	40	48	1	2	0	2	-63	130848	8	1	1596	1478	360,360
1526405711.869841918	74	40	48	0	2	0	2	-63	130849	9	1	1596	1478	360,360
1526405711.881670538	74	40	48	1	2	0	2	-63	130850	8	1	1596	1478	360,360
1526405711.893407915	74	40	48	1	2	0	2	-63	130851	8	1	1596	1478	360,360
1526405711.905227771	74	40	48	1	2	0	2	-63	130852	8	1	1596	1478	360,360
1526405711.916993255	74	40	48	1	2	0	2	-63	130853	8	1	1596	1478	360,360
1526405711.928958877	74	40	48	0	2	0	2	-62	130854	9	1	1596	1478	360,360
1526405711.940560220	70	40	48	1	2	0	2	-62	130855	9	1	1596	1478	400,400
1526405711.952251547	70	40	48	1	2	0	2	-62	130856	9	1	1596	1478	400,400
1526405711.963967430	70	40	48	1	2	0	2	-61	130857	9	1	1596	1478	400,400
1526405711.975745096	70	40	48	1	2	0	2	-61	130858	9	1	1596	1478	400,400
1526405711.987512603	70	40	48	1	2	0	2	-61	130859	9	1	1596	1478	400,400
1526405711.999258869	70	40	48	1	2	0	2	-61	130860	9	1	1596	1478	400,400
1526405712.011014515	70	40	48	1	2	0	2	-60	130861	9	1	1596	1478	400,400
1526405712.022758257	70	40	48	1	2	0	2	-60	130862	9	1	1596	1478	400,400
1526405712.034421228	70	40	48	1	2	0	2	-61	130863	9	1	1596	1478	400,400
1526405712.046339118	70	40	48	1	2	0	2	-61	130864	9	1	1596	1478	400,400
1526405712.058039972	70	40	48	1	2	0	2	-61	130865	9	1	1596	1478	400,400
1526405712.069811069	70	40	48	1	2	0	2	-61	130866	9	1	1596	1478	400,400
1526405712.081583925	70	40	48	1	2	0	2	-61	130867	9	1	1596	1478	400,400
1526405712.093350714	70	40	48	1	2	0	2	-61	130868	9	1	1596	1478	400,400
1526405712.105099220	70	40	48	1	2	0	2	-61	130869	9	1	1596	1478	400,400
1526405712.116852574	70	40	48	1	2	0	2	-61	130870	9	1	1596	1478	400,400
1526405712.128882627	70	40	48	1	2	0	2	-61	130871	9	1	1596	1478	400,400
1526405712.140382600	70	40	48	1	2	0	2	-61	130872	9	1	1596	1478	400,400
1526405712.152158613	70	40	48	1	2	0	2	-62	130873	9	1	1596	1478	400,400
1526405712.163916494	70	40	48	1	2	0	2	-62	130874	9	1	1596	1478	400,400
1526405712.175686732	70	40	48	1	2	0	2	-62	130875	9	1	1596	1478	400,400
1526405712.187424231	70	40	48	1	2	0	2	-61	130876	9	1	1596	1478	400,400
1526405712.199188953	70	40	48	1	2	0	2	-61	130877	9	1	1596	1478	400,400
1526405712.210947017	70	40	48	1	2	0	2	-61	130878	9	1	1596	1478	400,400
1526405712.222696502	70	40	48	1	2	0	2	-61	130879	9	1	1596	1478	400,400
1526405712.234458784	70	40	48	1	2	0	2	-61	130880	9	1	1596	1478	400,400
1526405712.246221197	70	40	48	1	2	0	2	-61	130881	9	1	1596	1478	400,400
1526405712.259159028	70	40	48	1	2	0	2	-62	130883	9	1	1596	1478	400,400
1526405712.269738117	70	40	48	1	2	0	2	-61	130884	9	1	1596	1478	400,400
1526405712.281504791	70	40	48	1	2	0	2	-62	130885	9	1	1596	1478	400,400
1526405712.293259685	70	40	48	1	2	0	2	-61	130886	9	1	1596	1478	400,400
1526405712.305033686	70	40	48	1	2	0	2	-62	130887	9	1	1596	1478	400,400
1526405712.316779157	70	40	48	1	2	0	2	-61	130888	9	1	1596	1478	400,400
1526405712.328519989	70	40	48	1	2	0	2	-61	130889	9	1	1596	1478	400,400
1526405712.340299654	70	40	48	1	2	0	2	-61	130890	9	1	1596	1478	400,400
1526405712.352102973	70	40	48	1	2	0	2	-61	130891	9	1	1596	1478	400,400
1526405712.363833555	70	40	48	1	2	0	2	-61	130892	9	1	1596	1478	400,400
1526405712.375517464	70	40	48	1	2	0	2	-61	130893	9	1	1596	1478	400,400
1526405712.387250970	70	40	48	1	2	0	2	-61	130894	9	1	1596	1478	400,400
1526405712.398981531	70	40	48	1	2	0	2	-61	130895	9	1	1596	1478	400,400
1526405712.410742129	70	40	48	1	2	0	2	-61	130896	9	1	1596	1478	400,400
1526405712.422825352	70	40	48	1	2	0	2	-61	130898	9	1	1596	1478	400,400
1526405712.434261251	70	40	48	1	2	0	2	-61	130899	9	1	1596	1478	400,400
1526405712.446018484	70	40	48	1	2	0	2	-61	130900	9	1	1596	1478	400,400
1526405712.458099159	70	40	48	1	2	0	2	-61	130902	9	1	1596	1478	400,400
1526405712.469436481	70	40	48	1	2	0	2	-61	130903	9	1	1596	1478	400,400
1526405712.481193670	70	40	48	1	2	0	2	-61	130904	9	1	1596	1478	400,400
1526405712.493231182	70	40	48	1	2	0	2	-61	130906	9	1	1596	1478	400,400
1526405712.504795438	70	40	48	1	2	0	2	-61	130907	9	1	1596	1478	400,400
1526405712.516575992	70	40	48	1	2	0	2	-62	130908	9	1	1596	1478	400,400
1526405712.528287416	70	40	48	1	2	0	2	-62	130909	9	1	1596	1478	400,400
1526405712.540001313	70	40	48	1	2	0	2	-62	130910	9	1	1596	1478	400,400
1526405712.551719982	70	40	48	1	2	0	2	-62	130911	9	1	1596	1478	400,400
1526405712.563639275	70	40	48	1	2	0	2	-62	130912	9	1	1596	1478	400,400
1526405712.575362198	70	40	48	1	2	0	2	-62	130913	9	1	1596	1478	400,400
1526405712.588155427	70	40	48	1	2	0	2	-63	130917	9	1	1596	1478	400,400
1526405712.599204650	70	40	48	1	2	0	2	-63	130919	9	1	1596	1478	400,400
1526405712.611258304	70	40	48	1	2	0	2	-63	130922	9	1	1596	1478	400,400
1526405712.622407276	70	40	48	1	2	0	2	-63	130923	9	1	1596	1478	400,400
1526405712.634085042	70	40	48	1	2	0	2	-63	130924	9	1	1596	1478	400,400
1526405712.645841936	70	40	48	1	2	0	2	-63	130925	9	1	1596	1478	400,400
1526405712.657596884	70	40	48	1	2	0	2	-63	130926	9	1	1596	1478	400,400
1526405712.669468044	70	40	48	1	2	0	2	-63	130927	9	1	1596	1478	400,400
1526405712.681211657	70	40	48	1	2	0	2	-63	130928	9	1	1596	1478	400,400
1526405712.692988869	70	40	48	1	2	0	2	-64	130929	9	1	1596	1478	400,400
1526405712.705373292	70	40	48	1	2	0	2	-64	130931	9	1	1596	1478	400,400
1526405712.717835272	74	40	48	1	2	0	2	-65	130933	8	1	1596	1478	360,360
1526405712.728172717	74	40	48	1	2	0	2	-64	130934	8	1	1596	1478	360,360
1526405712.740771850	74	40	48	1	2	0	2	-65	130937	8	1	1596	1478	360,360
1526405712.753174932	80	40	48	1	2	0	2	-65	130941	7	1	1596	1478	300,300
1526405712.763561538	80	40	48	1	2	0	2	-65	130942	7	1	1596	1478	300,300
1526405712.775319246	80	40	48	1	2	0	2	-65	130943	7	1	1596	1478	300,300
1526405712.787184251	80	40	48	1	2	0	2	-66	130944	7	1	1596	1478	300,300
1526405712.798959271	80	40	48	1	2	0	2	-66	130945	7	1	1596	1478	300,300
1526405712.810693395	80	40	48	1	2	0	2	-66	130946	7	1	1596	1478	300,300
1526405712.822383570	80	40	48	1	2	0	2	-65	130947	7	1	1596	1478	300,300
1526405712.834241500	80	40	48	1	2	0	2	-65	130948	7	1	1596	1478	300,300
1526405712.846341714	80	40	48	1	2	0	2	-65	130949	7	1	1596	1478	300,300
1526405712.857772592	80	40	48	1	2	0	2	-65	130950	7	1	1596	1478	300,300
1526405712.869466025	80	40	48	1	2	0	2	-65	130951	7	1	1596	1478	300,300
1526405712.881270538	80	40	48	1	2	0	2	-65	130952	7	1	1596	1478	300,300
1526405712.893037212	80	40	48	1	2	0	2	-65	130953	7	1	1596	1478	300,300
1526405712.904787700	80	40	48	1	2	0	2	-64	130954	7	1	1596	1478	300,300
1526405712.916484999	80	40	48	1	2	0	2	-64	130955	7	1	1596	1478	300,300
1526405712.928314654	80	40	48	1	2	0	2	-63	130956	7	1	1596	1478	300,300
1526405712.940074151	80	40	48	1	2	0	2	-63	130957	7	1	1596	1478	300,300
1526405712.952502926	80	40	48	1	2	0	2	-63	130958	7	1	1596	1478	300,300
1526405712.963601582	80	40	48	1	2	0	2	-63	130959	7	1	1596	1478	300,300
1526405712.975367778	80	40	48	1	2	0	2	-63	130960	7	1	1596	1478	300,300
1526405712.987107765	80	40	48	1	2	0	2	-63	130961	7	1	1596	1478	300,300
1526405712.998846412	80	40	48	1	2	0	2	-63	130962	7	1	1596	1478	300,300
1526405713.010646039	77	40	48	0	2	0	2	-63	130963	8	1	1596	1478	324,324
1526405713.022376523	80	40	48	1	2	0	2	-63	130964	7	1	1596	1478	300,300
1526405713.034066817	80	40	48	1	2	0	2	-63	130965	7	1	1596	1478	300,300
1526405713.045923100	80	40	48	1	2	0	2	-63	130966	7	1	1596	1478	300,300
1526405713.057530376	80	40	48	1	2	0	2	-63	130967	7	1	1596	1478	300,300
1526405713.069497231	77	40	48	0	2	0	2	-64	130968	8	1	1596	1478	324,324
1526405713.081057361	77	40	48	0	2	0	2	-64	130969	8	1	1596	1478	324,324
1526405713.092898496	77	40	48	0	2	0	2	-64	130970	8	1	1596	1478	324,324
1526405713.104700399	77	40	48	0	2	0	2	-64	130971	8	1	1596	1478	324,324
1526405713.116468775	74	40	48	1	2	0	2	-64	130972	8	1	1596	1478	360,360
1526405713.128785200	74	40	48	1	2	0	2	-64	130974	8	1	1596	1478	360,360
1526405713.139879477	74	40	48	1	2	0	2	-64	130975	8	1	1596	1478	360,360
1526405713.151645898	74	40	48	1	2	0	2	-64	130976	8	1	1596	1478	360,360
1526405713.163492754	74	40	48	1	2	0	2	-64	130977	8	1	1596	1478	360,360
1526405713.175306029	74	40	48	1	2	0	2	-64	130978	8	1	1596	1478	360,360
1526405713.187021833	74	40	48	1	2	0	2	-64	130979	8	1	1596	1478	360,360
1526405713.198710820	74	40	48	1	2	0	2	-64	130980	8	1	1596	1478	360,360
1526405713.210556748	74	40	48	1	2	0	2	-64	130981	8	1	1596	1478	360,360
1526405713.222247137	74	40	48	1	2	0	2	-64	130982	8	1	1596	1478	360,360
1526405713.233989186	74	40	48	1	2	0	2	-64	130983	8	1	1596	1478	360,360
1526405713.245825642	74	40	48	1	2	0	2	-64	130984	8	1	1596	1478	360,360
1526405713.257563653	74	40	48	1	2	0	2	-64	130985	8	1	1596	1478	360,360
1526405713.269362658	74	40	48	1	2	0	2	-64	130986	8	1	1596	1478	360,360
1526405713.281132884	74	40	48	1	2	0	2	-63	130987	8	1	1596	1478	360,360
1526405713.292869113	74	40	48	0	2	0	2	-64	130988	9	1	1596	1478	360,360
1526405713.304616115	74	40	48	1	2	0	2	-64	130989	8	1	1596	1478	360,360
1526405713.316391582	74	40	48	1	2	0	2	-64	130990	8	1	1596	1478	360,360
1526405713.328121294	74	40	48	1	2	0	2	-64	130991	8	1	1596	1478	360,360
1526405713.339887116	74	40	48	1	2	0	2	-63	130992	8	1	1596	1478	360,360
1526405713.351606343	74	40	48	0	2	0	2	-64	130993	9	1	1596	1478	360,360
1526405713.363311739	74	40	48	1	2	0	2	-64	130994	8	1	1596	1478	360,360
1526405713.375139811	74	40	48	1	2	0	2	-64	130995	8	1	1596	1478	360,360
1526405713.386929038	74	40	48	1	2	0	2	-64	130996	8	1	1596	1478	360,360
1526405713.398543151	74	40	48	1	2	0	2	-64	130997	8	1	1596	1478	360,360
1526405713.410462482	74	40	48	0	2	0	2	-64	130998	9	1	1596	1478	360,360
1526405713.422222303	74	40	48	1	2	0	2	-64	130999	8	1	1596	1478	360,360
1526405713.433991266	74	40	48	1	2	0	2	-64	131000	8	1	1596	1478	360,360
1526405713.445654043	74	40	48	1	2	0	2	-64	131001	8	1	1596	1478	360,360
1526405713.457430204	74	40	48	1	2	0	2	-64	131002	8	1	1596	1478	360,360
1526405713.469170815	74	40	48	0	2	0	2	-64	131003	9	1	1596	1478	360,360
1526405713.482421605	74	40	48	1	2	0	2	-64	131007	8	1	1596	1478	360,360
1526405713.492776829	74	40	48	1	2	0	2	-64	131008	8	1	1596	1478	360,360
1526405713.504567659	74	40	48	1	2	0	2	-64	131009	8	1	1596	1478	360,360
1526405713.516308722	74	40	48	1	2	0	2	-64	131010	8	1	1596	1478	360,360
1526405713.528042786	74	40	48	1	2	0	2	-63	131011	8	1	1596	1478	360,360
1526405713.539819837	74	40	48	1	2	0	2	-64	131012	8	1	1596	1478	360,360
1526405713.551568295	74	40	48	1	2	0	2	-63	131013	8	1	1596	1478	360,360
1526405713.563262902	74	40	48	1	2	0	2	-63	131014	8	1	1596	1478	360,360
1526405713.574948250	74	40	48	0	2	0	2	-63	131015	9	1	1596	1478	360,360
1526405713.586806900	74	40	48	1	2	0	2	-63	131016	8	1	1596	1478	360,360
1526405713.598620835	74	40	48	1	2	0	2	-63	131017	8	1	1596	1478	360,360
1526405713.610383565	74	40	48	1	2	0	2	-63	131018	8	1	1596	1478	360,360
1526405713.622144218	74	40	48	1	2	0	2	-63	131019	8	1	1596	1478	360,360
1526405713.633775917	74	40	48	0	2	0	2	-63	131020	9	1	1596	1478	360,360
1526405713.645524312	74	40	48	1	2	0	2	-63	131021	8	1	1596	1478	360,360
1526405713.657338147	74	40	48	1	2	0	2	-63	131022	8	1	1596	1478	360,360
1526405713.669890219	74	40	48	1	2	0	2	-63	131023	8	1	1596	1478	360,360
1526405713.680944344	74	40	48	1	2	0	2	-63	131024	8	1	1596	1478	360,360
1526405713.692737369	74	40	48	0	2	0	2	-63	131025	9	1	1596	1478	360,360
1526405713.704466738	74	40	48	1	2	0	2	-63	131026	8	1	1596	1478	360,360
1526405713.716246365	74	40	48	1	2	0	2	-63	131027	8	1	1596	1478	360,360
1526405713.727990070	74	40	48	1	2	0	2	-63	131028	8	1	1596	1478	360,360
1526405713.739744561	74	40	48	1	2	0	2	-63	131029	8	1	1596	1478	360,360
1526405713.751515701	74	40	48	0	2	0	2	-63	131030	9	1	1596	1478	360,360
1526405713.763278830	74	40	48	1	2	0	2	-63	131031	8	1	1596	1478	360,360
1526405713.775027074	74	40	48	1	2	0	2	-63	131032	8	1	1596	1478	360,360
