1526391500.079370507	512	40	60	0	2	0	2	-90	73748	1	0	1596	1478	26,26
1526391500.079416824	512	40	60	0	2	0	2	-90	73748	1	0	1596	1478	26,26
1526391500.081033489	512	40	60	0	2	0	2	-90	73748	1	0	1596	1478	26,26
1526391500.081044073	512	40	60	0	2	0	2	-90	73748	1	0	1596	1478	26,26
1526391500.081049329	512	40	60	0	2	0	2	-90	73748	1	0	1596	1478	26,26
1526391500.095885373	512	40	60	0	2	0	2	-92	73751	1	0	1596	1478	26,26
1526391500.117085290	512	40	48	0	1	1	2	-89	73752	3	0	1596	1478	26,26
1526391500.117098964	512	40	48	0	1	1	2	-89	73752	3	0	1596	1478	26,26
1526391500.117105810	512	40	48	0	1	1	2	-89	73752	3	0	1596	1478	26,26
1526391500.118824458	512	40	48	0	1	1	2	-89	73752	3	0	1596	1478	26,26
1526391500.118837511	512	40	48	0	1	1	2	-89	73752	3	0	1596	1478	26,26
1526391500.125353909	512	40	48	0	1	1	2	-90	73753	3	0	1596	1478	26,26
1526391500.125424055	512	40	48	0	1	1	2	-90	73753	3	0	1596	1478	26,26
1526391500.125432399	512	40	48	0	1	1	2	-90	73753	3	0	1596	1478	26,26
1526391500.127078336	512	40	48	0	1	1	2	-90	73753	3	0	1596	1478	26,26
1526391500.127091966	512	40	48	0	1	1	2	-90	73753	3	0	1596	1478	26,26
1526391500.127095674	512	40	48	0	1	1	2	-90	73753	3	0	1596	1478	26,26
1526391500.127108613	512	40	48	0	1	1	2	-90	73753	3	0	1596	1478	26,26
1526391500.129702208	512	40	48	0	1	1	2	-89	73754	3	0	1596	1478	26,26
1526391500.129758448	512	40	48	0	1	1	2	-89	73754	3	0	1596	1478	26,26
1526391500.129765406	512	40	48	0	1	1	2	-89	73754	3	0	1596	1478	26,26
1526391500.131449479	512	40	48	0	1	1	2	-89	73754	3	0	1596	1478	26,26
1526391500.131463430	512	40	48	0	1	1	2	-89	73754	3	0	1596	1478	26,26
1526391500.131468356	512	40	48	0	1	1	2	-89	73754	3	0	1596	1478	26,26
1526391500.134089704	512	40	48	0	1	1	2	-89	73755	3	0	1596	1478	26,26
1526391500.134137113	512	40	48	0	1	1	2	-89	73755	3	0	1596	1478	26,26
1526391500.134165628	512	40	48	0	1	1	2	-89	73755	3	0	1596	1478	26,26
1526391500.134172077	512	40	48	0	1	1	2	-89	73755	3	0	1596	1478	26,26
1526391500.135831680	512	40	48	0	1	1	2	-89	73755	3	0	1596	1478	26,26
1526391500.135876125	512	40	48	0	1	1	2	-89	73755	3	0	1596	1478	26,26
1526391500.135885143	512	40	48	0	1	1	2	-89	73755	3	0	1596	1478	26,26
1526391500.135892631	512	40	48	0	1	1	2	-89	73755	3	0	1596	1478	26,26
1526391500.138382798	512	40	48	0	1	1	2	-90	73756	3	0	1596	1478	26,26
1526391500.138419044	512	40	48	0	1	1	2	-90	73756	3	0	1596	1478	26,26
1526391500.138427942	512	40	48	0	1	1	2	-90	73756	3	0	1596	1478	26,26
1526391500.138434267	512	40	48	0	1	1	2	-90	73756	3	0	1596	1478	26,26
1526391500.140112336	512	40	48	0	1	1	2	-90	73756	3	0	1596	1478	26,26
1526391500.140123015	512	40	48	0	1	1	2	-90	73756	3	0	1596	1478	26,26
1526391500.140128219	512	40	48	0	1	1	2	-90	73756	3	0	1596	1478	26,26
1526391500.142673821	512	40	48	0	1	1	2	-88	73757	3	0	1596	1478	26,26
1526391500.142710976	512	40	48	0	1	1	2	-88	73757	3	0	1596	1478	26,26
1526391500.144464635	512	40	48	0	1	1	2	-88	73757	3	0	1596	1478	26,26
1526391500.144502844	512	40	48	0	1	1	2	-88	73757	3	0	1596	1478	26,26
1526391500.144521143	512	40	48	0	1	1	2	-88	73757	3	0	1596	1478	26,26
1526391500.144528893	512	40	48	0	1	1	2	-88	73757	3	0	1596	1478	26,26
1526391500.144538966	512	40	48	0	1	1	2	-88	73757	3	0	1596	1478	26,26
1526391500.144546935	512	40	48	0	1	1	2	-88	73757	3	0	1596	1478	26,26
1526391500.146870044	512	40	48	0	1	1	2	-88	73758	3	0	1596	1478	26,26
1526391500.146894540	512	40	48	0	1	1	2	-88	73758	3	0	1596	1478	26,26
1526391500.146902704	512	40	48	0	1	1	2	-88	73758	3	0	1596	1478	26,26
1526391500.146909442	512	40	48	0	1	1	2	-88	73758	3	0	1596	1478	26,26
1526391500.148633420	512	40	48	0	1	1	2	-88	73758	3	0	1596	1478	26,26
1526391500.148657368	512	40	48	0	1	1	2	-88	73758	3	0	1596	1478	26,26
1526391500.148663386	512	40	48	0	1	1	2	-88	73758	3	0	1596	1478	26,26
1526391500.151093002	512	40	48	0	1	1	2	-88	73759	3	0	1596	1478	26,26
1526391500.151136086	512	40	48	0	1	1	2	-88	73759	3	0	1596	1478	26,26
1526391500.151144476	512	40	48	0	1	1	2	-88	73759	3	0	1596	1478	26,26
1526391500.151149995	512	40	48	0	1	1	2	-88	73759	3	0	1596	1478	26,26
1526391500.152861544	512	40	48	0	1	1	2	-88	73759	3	0	1596	1478	26,26
1526391500.152897067	512	40	48	0	1	1	2	-88	73759	3	0	1596	1478	26,26
1526391500.152905092	512	40	48	0	1	1	2	-88	73759	3	0	1596	1478	26,26
1526391500.152911659	512	40	48	0	1	1	2	-88	73759	3	0	1596	1478	26,26
1526391500.161289365	512	40	48	0	1	1	2	-89	73760	3	0	1596	1478	26,26
1526391500.161303651	512	40	48	0	1	1	2	-89	73760	3	0	1596	1478	26,26
1526391500.163663177	512	40	48	0	1	1	2	-88	73761	3	0	1596	1478	26,26
1526391500.163676495	512	40	48	0	1	1	2	-88	73761	3	0	1596	1478	26,26
1526391500.165424107	512	40	48	0	1	1	2	-88	73761	3	0	1596	1478	26,26
1526391500.165438317	512	40	48	0	1	1	2	-88	73761	3	0	1596	1478	26,26
1526391500.165444708	512	40	48	0	1	1	2	-88	73761	3	0	1596	1478	26,26
1526391500.176539608	512	40	48	0	1	1	2	-89	73763	3	0	1596	1478	26,26
1526391500.176581549	512	40	48	0	1	1	2	-89	73763	3	0	1596	1478	26,26
1526391500.176605416	512	40	48	0	1	1	2	-89	73763	3	0	1596	1478	26,26
1526391500.176623185	512	40	48	0	1	1	2	-89	73763	3	0	1596	1478	26,26
1526391500.178288295	512	40	48	0	1	1	2	-89	73763	3	0	1596	1478	26,26
1526391500.178301831	512	40	48	0	1	1	2	-89	73763	3	0	1596	1478	26,26
1526391500.181226208	512	40	48	0	1	1	2	-87	73764	3	0	1596	1478	26,26
1526391500.182985093	512	40	48	0	1	1	2	-87	73764	3	0	1596	1478	26,26
1526391500.182998019	512	40	48	0	1	1	2	-87	73764	3	0	1596	1478	26,26
1526391500.189435864	512	40	48	0	1	1	2	-91	73766	3	0	1596	1478	26,26
1526391500.189481458	512	40	48	0	1	1	2	-91	73766	3	0	1596	1478	26,26
1526391500.189497444	512	40	48	0	1	1	2	-91	73766	3	0	1596	1478	26,26
1526391500.189505078	512	40	48	0	1	1	2	-91	73766	3	0	1596	1478	26,26
1526391500.191158136	512	40	48	0	1	1	2	-91	73766	3	0	1596	1478	26,26
1526391500.191207943	512	40	48	0	1	1	2	-91	73766	3	0	1596	1478	26,26
1526391500.191215430	512	40	48	0	1	1	2	-91	73766	3	0	1596	1478	26,26
1526391500.191228103	512	40	48	0	1	1	2	-91	73766	3	0	1596	1478	26,26
1526391500.197847287	512	40	48	0	1	1	2	-89	73768	3	0	1596	1478	26,26
1526391500.197888901	984	40	48	0	1	1	2	-89	73768	3	0	3130	1478,1478	26,26
1526391500.199592864	984	40	48	0	1	1	2	-89	73768	3	0	3130	1478,1478	26,26
1526391500.199640292	512	40	48	0	1	1	2	-89	73768	3	0	1596	1478	26,26
1526391500.199650156	512	40	48	0	1	1	2	-89	73768	3	0	1596	1478	26,26
1526391500.199658240	512	40	48	0	1	1	2	-89	73768	3	0	1596	1478	26,26
1526391500.203728923	984	40	48	0	1	1	2	-89	73769	3	0	3130	1478,1478	26,26
1526391500.203745278	512	40	48	0	1	1	2	-89	73769	3	0	1596	1478	26,26
1526391500.203749357	512	40	48	0	1	1	2	-89	73769	3	0	1596	1478	26,26
1526391500.203761756	512	40	48	0	1	1	2	-89	73769	3	0	1596	1478	26,26
1526391500.206330025	512	40	48	0	1	1	2	-90	73770	3	0	1596	1478	26,26
1526391500.208057640	512	40	48	0	1	1	2	-90	73770	3	0	1596	1478	26,26
1526391500.231026890	984	40	48	0	1	1	2	-90	73774	3	0	3130	1478,1478	26,26
1526391500.231097160	512	40	48	0	1	1	2	-90	73774	3	0	1596	1478	26,26
1526391500.231108194	512	40	48	0	1	1	2	-90	73774	3	0	1596	1478	26,26
1526391500.232762851	984	40	48	0	1	1	2	-90	73774	3	0	3130	1478,1478	26,26
1526391500.232809628	512	40	48	0	1	1	2	-90	73774	3	0	1596	1478	26,26
1526391500.239114707	512	40	48	0	1	1	2	-88	73775	3	0	1596	1478	26,26
1526391500.239127982	512	40	48	0	1	1	2	-88	73775	3	0	1596	1478	26,26
1526391500.239138398	512	40	48	0	1	1	2	-88	73775	3	0	1596	1478	26,26
1526391500.240936891	512	40	48	0	1	1	2	-88	73775	3	0	1596	1478	26,26
1526391500.240950088	512	40	48	0	1	1	2	-88	73775	3	0	1596	1478	26,26
1526391500.240955151	512	40	48	0	1	1	2	-88	73775	3	0	1596	1478	26,26
1526391500.244713248	512	40	48	0	1	1	2	-89	73777	3	0	1596	1478	26,26
1526391500.244768332	512	40	48	0	1	1	2	-89	73777	3	0	1596	1478	26,26
1526391500.244786322	512	40	48	0	1	1	2	-89	73777	3	0	1596	1478	26,26
1526391500.248690193	512	40	48	0	1	1	2	-89	73780	3	0	1596	1478	26,26
1526391500.248729357	512	40	48	0	1	1	2	-89	73780	3	0	1596	1478	26,26
1526391500.251601026	512	40	48	0	1	1	2	-90	73782	3	0	1596	1478	26,26
1526391500.258528440	512	40	48	0	1	1	2	-89	73783	3	0	1596	1478	26,26
1526391500.270425726	512	40	48	0	1	1	2	-89	73784	3	0	1596	1478	26,26
1526391500.282197308	512	40	48	0	1	1	2	-87	73785	3	0	1596	1478	26,26
1526391500.294556221	512	40	48	0	1	1	2	-87	73786	3	0	1596	1478	26,26
1526391500.307494435	512	40	48	0	1	1	2	-88	73788	3	0	1596	1478	26,26
1526391500.317445457	512	40	48	0	1	1	2	-89	73789	3	0	1596	1478	26,26
1526391500.329233142	512	40	48	0	1	1	2	-88	73790	3	0	1596	1478	26,26
1526391500.341621296	512	40	48	0	1	1	2	-88	73791	3	0	1596	1478	26,26
1526391500.352751477	512	40	48	0	1	1	2	-89	73792	3	0	1596	1478	26,26
1526391500.365826180	512	40	48	0	1	1	2	-89	73794	3	0	1596	1478	26,26
1526391500.376347710	512	40	48	0	1	1	2	-86	73795	3	0	1596	1478	26,26
1526391500.388117710	512	40	48	0	1	1	2	-87	73796	3	0	1596	1478	26,26
1526391500.399820914	512	40	48	0	1	1	2	-87	73797	3	0	1596	1478	26,26
1526391500.411541768	512	40	48	0	1	1	2	-87	73798	3	0	1596	1478	26,26
1526391500.423322914	512	40	48	0	1	1	2	-88	73799	3	0	1596	1478	26,26
1526391500.435009599	512	40	48	0	1	1	2	-88	73800	3	0	1596	1478	26,26
1526391500.448354354	512	40	48	0	1	1	2	-88	73802	3	0	1596	1478	26,26
1526391500.458595422	512	40	48	0	1	1	2	-88	73803	3	0	1596	1478	26,26
1526391500.470299981	512	40	48	0	1	1	2	-87	73804	3	0	1596	1478	26,26
1526391500.482117241	512	40	48	0	1	1	2	-87	73805	3	0	1596	1478	26,26
1526391500.493852083	512	40	48	0	1	1	2	-87	73806	3	0	1596	1478	26,26
1526391500.505642426	512	40	48	0	1	1	2	-87	73807	3	0	1596	1478	26,26
1526391500.517318202	512	40	48	0	1	1	2	-86	73808	3	0	1596	1478	26,26
1526391500.529150802	512	40	48	0	1	1	2	-87	73809	3	0	1596	1478	26,26
1526391500.543072081	512	40	48	0	1	1	2	-87	73812	3	0	1596	1478	26,26
1526391500.552581570	512	40	48	0	1	1	2	-88	73813	3	0	1596	1478	26,26
1526391500.564335424	512	40	48	0	1	1	2	-87	73814	3	0	1596	1478	26,26
1526391500.576210539	512	40	48	0	1	1	2	-87	73815	3	0	1596	1478	26,26
1526391500.587962288	512	40	48	0	1	1	2	-87	73816	3	0	1596	1478	26,26
1526391500.600500138	512	40	48	0	1	1	2	-88	73818	3	0	1596	1478	26,26
1526391500.612137487	512	40	48	0	1	1	2	-88	73819	3	0	1596	1478	26,26
1526391500.612996976	512	40	48	0	1	1	2	-87	73820	3	0	1596	1478	26,26
1526391500.623248118	512	40	48	0	1	1	2	-88	73821	3	0	1596	1478	26,26
1526391500.635204877	512	40	48	0	1	1	2	-87	73822	3	0	1596	1478	26,26
1526391500.646741683	512	40	48	0	1	1	2	-87	73823	3	0	1596	1478	26,26
1526391500.658535993	512	40	48	0	1	1	2	-87	73824	3	0	1596	1478	26,26
1526391500.670276731	512	40	48	0	1	1	2	-86	73825	3	0	1596	1478	26,26
1526391500.682086224	512	40	48	0	1	1	2	-88	73826	3	0	1596	1478	26,26
1526391500.693803384	512	40	48	0	1	1	2	-87	73827	3	0	1596	1478	26,26
1526391500.705556514	512	40	48	0	1	1	2	-88	73828	3	0	1596	1478	26,26
1526391500.717326833	512	40	48	0	1	1	2	-88	73829	3	0	1596	1478	26,26
1526391500.729083226	512	40	48	0	1	1	2	-88	73830	3	0	1596	1478	26,26
1526391500.741012099	512	40	48	0	1	1	2	-87	73831	3	0	1596	1478	26,26
1526391500.752590247	512	40	48	0	1	1	2	-88	73832	3	0	1596	1478	26,26
1526391500.764351191	512	40	48	0	1	1	2	-87	73833	3	0	1596	1478	26,26
1526391500.776710787	512	40	48	0	1	1	2	-87	73834	3	0	1596	1478	26,26
1526391500.791438826	512	40	48	0	1	1	2	-88	73836	3	0	1596	1478	26,26
1526391500.800352368	512	40	48	0	1	1	2	-88	73838	3	0	1596	1478	26,26
1526391500.812608227	512	40	48	0	1	1	2	-88	73839	3	0	1596	1478	26,26
1526391500.823142352	512	40	48	0	1	1	2	-88	73840	3	0	1596	1478	26,26
1526391500.834902912	512	40	48	0	1	1	2	-88	73841	3	0	1596	1478	26,26
1526391500.846661868	512	40	48	0	1	1	2	-88	73842	3	0	1596	1478	26,26
1526391500.858419767	512	40	48	0	1	1	2	-89	73843	3	0	1596	1478	26,26
1526391500.870214846	512	40	48	0	1	1	2	-88	73844	3	0	1596	1478	26,26
1526391500.881945090	512	40	48	0	1	1	2	-88	73845	3	0	1596	1478	26,26
1526391500.893776445	512	40	48	0	1	1	2	-89	73846	3	0	1596	1478	26,26
1526391500.905471782	512	40	48	0	1	1	2	-89	73847	3	0	1596	1478	26,26
1526391500.917245423	512	40	48	0	1	1	2	-88	73848	3	0	1596	1478	26,26
1526391500.928871319	512	40	48	0	1	1	2	-89	73849	3	0	1596	1478	26,26
1526391500.955009012	512	40	48	0	1	1	2	-89	73853	3	0	1596	1478	26,26
1526391500.956191016	512	40	48	0	1	1	2	-88	73854	3	0	1596	1478	26,26
1526391500.964198166	512	40	48	0	1	1	2	-89	73855	3	0	1596	1478	26,26
1526391500.976041696	512	40	48	0	1	1	2	-89	73856	3	0	1596	1478	26,26
1526391501.010536942	984	40	84	0	2	0	2	-91	73859	0	0	1596	1478	13,13
1526391501.010556885	984	40	84	0	2	0	2	-91	73859	0	0	1596	1478	13,13
1526391501.012068242	984	40	84	0	2	0	2	-93	73860	0	0	1596	1478	13,13
1526391501.023538378	984	40	84	0	2	0	2	-91	73861	0	0	1596	1478	13,13
1526391501.059122185	669	40	60	0	1	1	2	-89	73868	2	0	1596	1478	19,5,19,5
1526391501.059145204	669	40	60	0	1	1	2	-89	73868	2	0	1596	1478	19,5,19,5
1526391501.061039055	669	40	60	0	1	1	2	-91	73869	2	0	1596	1478	19,5,19,5
1526391501.070237717	669	40	60	0	1	1	2	-90	73870	2	0	1596	1478	19,5,19,5
1526391501.097450033	984	40	84	0	2	0	2	-91	73874	0	0	1596	1478	13,13
1526391501.098977829	984	40	84	0	2	0	2	-91	73875	0	0	1596	1478	13,13
1526391501.105879560	984	40	84	0	2	0	2	-93	73876	0	0	1596	1478	13,13
1526391501.117611428	984	40	84	0	2	0	2	-91	73877	0	0	1596	1478	13,13
1526391501.151741727	1928	40	84	0	1	1	2	-89	73880	0	0	1596	1478	6,5,6,5
1526391501.151780453	1928	40	84	0	1	1	2	-89	73880	0	0	1596	1478	6,5,6,5
1526391501.154403283	1928	40	84	0	1	1	2	-90	73881	0	0	1596	1478	6,5,6,5
1526391501.165598692	1928	40	84	0	1	1	2	-91	73882	0	0	1596	1478	6,5,6,5
1526391501.177674306	1928	40	84	0	1	1	2	-90	73883	0	0	1596	1478	6,5,6,5
1526391501.189043283	1928	40	84	0	1	1	2	-89	73884	0	0	1596	1478	6,5,6,5
1526391501.200911860	1928	40	84	0	1	1	2	-90	73885	0	0	1596	1478	6,5,6,5
1526391501.212914811	1928	40	84	0	1	1	2	-90	73886	0	0	1596	1478	6,5,6,5
1526391501.248940099	1928	40	84	0	1	1	2	-89	73892	0	0	1596	1478	6,5,6,5
1526391501.250585402	1928	40	84	0	1	1	2	-89	73892	0	0	1596	1478	6,5,6,5
1526391501.253177111	1928	40	84	0	1	1	2	-90	73893	0	0	1596	1478	6,5,6,5
1526391501.259661622	1928	40	84	0	1	1	2	-89	73894	0	0	1596	1478	6,5,6,5
1526391501.286902272	1928	40	84	0	1	1	2	-89	73896	0	0	1596	1478	6,5,6,5
1526391501.289469877	1928	40	84	0	1	1	2	-88	73897	0	0	1596	1478	6,5,6,5
1526391501.295218317	1928	40	84	0	1	1	2	-90	73898	0	0	1596	1478	6,5,6,5
1526391501.307167544	1928	40	84	0	1	1	2	-89	73899	0	0	1596	1478	6,5,6,5
1526391501.326474907	1928	40	84	0	1	1	2	-89	73900	0	0	1596	1478	6,5,6,5
1526391501.332805732	1928	40	84	0	1	1	2	-89	73901	0	0	1596	1478	6,5,6,5
1526391501.342011449	1928	40	84	0	1	1	2	-88	73902	0	0	1596	1478	6,5,6,5
1526391501.353773235	1928	40	84	0	1	1	2	-90	73903	0	0	1596	1478	6,5,6,5
1526391501.364581687	984	40	60	0	1	1	2	-90	73904	1	0	1596	1478	13,13
1526391501.376341044	984	40	60	0	1	1	2	-88	73905	1	0	1596	1478	13,13
1526391501.388130794	984	40	60	0	1	1	2	-89	73906	1	0	1596	1478	13,13
1526391501.399880088	984	40	60	0	1	1	2	-88	73907	1	0	1596	1478	13,13
1526391501.411633565	984	40	60	0	1	1	2	-88	73908	1	0	1596	1478	13,13
1526391501.422961654	669	40	60	0	1	1	2	-89	73909	2	0	1596	1478	19,5,19,5
1526391501.434808298	669	40	60	0	1	1	2	-89	73910	2	0	1596	1478	19,5,19,5
1526391501.446576221	669	40	60	0	1	1	2	-89	73911	2	0	1596	1478	19,5,19,5
1526391501.458310082	669	40	60	0	1	1	2	-89	73912	2	0	1596	1478	19,5,19,5
1526391501.470109238	669	40	60	0	1	1	2	-90	73913	2	0	1596	1478	19,5,19,5
1526391501.482658573	669	40	60	0	1	1	2	-89	73915	2	0	1596	1478	19,5,19,5
1526391501.493551375	669	40	60	0	1	1	2	-88	73916	2	0	1596	1478	19,5,19,5
1526391501.505371052	669	40	60	0	1	1	2	-89	73917	2	0	1596	1478	19,5,19,5
1526391501.517132513	669	40	60	0	1	1	2	-88	73918	2	0	1596	1478	19,5,19,5
1526391501.528734200	512	40	60	0	2	0	2	-90	73919	1	0	1596	1478	26,26
1526391501.541909508	512	40	60	0	2	0	2	-90	73922	1	0	1596	1478	26,26
1526391501.553668456	512	40	60	0	2	0	2	-91	73925	1	0	1596	1478	26,26
1526391501.564690727	512	40	60	0	2	0	2	-89	73927	1	0	1596	1478	26,26
1526391501.576503847	512	40	60	0	2	0	2	-89	73928	1	0	1596	1478	26,26
1526391501.588163333	512	40	60	0	2	0	2	-89	73929	1	0	1596	1478	26,26
1526391501.600003538	512	40	60	0	2	0	2	-89	73931	1	0	1596	1478	26,26
1526391501.611702831	512	40	60	0	2	0	2	-90	73932	1	0	1596	1478	26,26
1526391501.622778165	512	40	60	0	2	0	2	-90	73933	1	0	1596	1478	26,26
1526391501.634623490	512	40	60	0	2	0	2	-90	73934	1	0	1596	1478	26,26
1526391501.649490830	512	40	60	0	2	0	2	-89	73938	1	0	1596	1478	26,26
1526391501.658076726	512	40	60	0	2	0	2	-89	73939	1	0	1596	1478	26,26
1526391501.671418972	512	40	60	0	2	0	2	-90	73942	1	0	1596	1478	26,26
1526391501.682278855	512	40	60	0	2	0	2	-91	73944	1	0	1596	1478	26,26
1526391501.694110867	512	40	60	0	2	0	2	-92	73945	1	0	1596	1478	26,26
1526391501.705079914	512	40	60	0	2	0	2	-90	73946	1	0	1596	1478	26,26
1526391501.716866746	512	40	60	0	2	0	2	-90	73948	1	0	1596	1478	26,26
1526391501.730183293	512	40	60	0	2	0	2	-91	73950	1	0	1596	1478	26,26
1526391501.740384340	512	40	48	0	1	1	2	-88	73951	3	0	1596	1478	26,26
1526391501.754364409	512	40	60	0	2	0	2	-90	73953	1	0	1596	1478	26,26
1526391501.765261612	512	40	60	0	2	0	2	-91	73955	1	0	1596	1478	26,26
1526391501.776414493	512	40	60	0	2	0	2	-90	73957	1	0	1596	1478	26,26
1526391501.787448739	512	40	60	0	2	0	2	-90	73958	1	0	1596	1478	26,26
1526391501.788948101	512	40	60	0	2	0	2	-91	73959	1	0	1596	1478	26,26
1526391501.800621438	512	40	60	0	2	0	2	-89	73960	1	0	1596	1478	26,26
1526391501.811688072	512	40	60	0	2	0	2	-90	73961	1	0	1596	1478	26,26
1526391501.822699270	512	40	60	0	2	0	2	-90	73962	1	0	1596	1478	26,26
1526391501.837656517	512	40	48	0	1	1	2	-88	73963	3	0	1596	1478	26,26
1526391501.846271884	512	40	48	0	1	1	2	-88	73964	3	0	1596	1478	26,26
1526391501.858003174	512	40	48	0	1	1	2	-89	73965	3	0	1596	1478	26,26
1526391501.869802704	512	40	48	0	1	1	2	-87	73966	3	0	1596	1478	26,26
1526391501.881597855	512	40	48	0	1	1	2	-88	73967	3	0	1596	1478	26,26
1526391501.894065379	512	40	48	0	1	1	2	-88	73969	3	0	1596	1478	26,26
1526391501.905067072	512	40	48	0	1	1	2	-89	73970	3	0	1596	1478	26,26
1526391501.919095322	512	40	48	0	1	1	2	-88	73974	3	0	1596	1478	26,26
1526391501.929314184	512	40	48	0	1	1	2	-88	73975	3	0	1596	1478	26,26
1526391501.943535211	669	40	60	0	1	1	2	-88	73979	2	0	1596	1478	19,5,19,5
1526391501.952252817	669	40	60	0	1	1	2	-89	73980	2	0	1596	1478	19,5,19,5
1526391501.964001317	669	40	60	0	1	1	2	-89	73981	2	0	1596	1478	19,5,19,5
1526391501.975755955	669	40	60	0	1	1	2	-89	73982	2	0	1596	1478	19,5,19,5
1526391501.987525988	669	40	60	0	1	1	2	-89	73983	2	0	1596	1478	19,5,19,5
1526391501.999497854	669	40	60	0	1	1	2	-89	73984	2	0	1596	1478	19,5,19,5
1526391502.010969860	669	40	60	0	1	1	2	-90	73985	2	0	1596	1478	19,5,19,5
1526391502.023912015	669	40	60	0	1	1	2	-89	73986	2	0	1596	1478	19,5,19,5
1526391502.034780293	669	40	60	0	1	1	2	-90	73987	2	0	1596	1478	19,5,19,5
1526391502.046203338	669	40	60	0	1	1	2	-90	73988	2	0	1596	1478	19,5,19,5
1526391502.058076456	669	40	60	0	1	1	2	-89	73989	2	0	1596	1478	19,5,19,5
1526391502.059006514	669	40	60	0	1	1	2	-88	73990	2	0	1596	1478	19,5,19,5
1526391502.069916144	669	40	60	0	1	1	2	-89	73991	2	0	1596	1478	19,5,19,5
1526391502.081639037	669	40	60	0	1	1	2	-89	73992	2	0	1596	1478	19,5,19,5
1526391502.094072828	669	40	60	0	1	1	2	-91	73993	2	0	1596	1478	19,5,19,5
1526391502.105121084	669	40	60	0	1	1	2	-91	73994	2	0	1596	1478	19,5,19,5
1526391502.116898705	669	40	60	0	1	1	2	-90	73995	2	0	1596	1478	19,5,19,5
1526391502.128512036	669	40	60	0	1	1	2	-90	73996	2	0	1596	1478	19,5,19,5
1526391502.141121469	669	40	60	0	1	1	2	-89	73997	2	0	1596	1478	19,5,19,5
1526391502.152192918	669	40	60	0	1	1	2	-89	73998	2	0	1596	1478	19,5,19,5
1526391502.163926520	669	40	60	0	1	1	2	-91	73999	2	0	1596	1478	19,5,19,5
1526391502.175694973	669	40	60	0	1	1	2	-89	74000	2	0	1596	1478	19,5,19,5
1526391502.187432385	669	40	60	0	1	1	2	-89	74001	2	0	1596	1478	19,5,19,5
1526391502.199187937	669	40	60	0	1	1	2	-90	74002	2	0	1596	1478	19,5,19,5
1526391502.211889450	669	40	60	0	1	1	2	-90	74003	2	0	1596	1478	19,5,19,5
1526391502.222727463	669	40	60	0	1	1	2	-90	74004	2	0	1596	1478	19,5,19,5
1526391502.235353233	669	40	60	0	1	1	2	-90	74006	2	0	1596	1478	19,5,19,5
1526391502.247107685	669	40	60	0	1	1	2	-91	74008	2	0	1596	1478	19,5,19,5
1526391502.258760268	669	40	60	0	1	1	2	-89	74009	2	0	1596	1478	19,5,19,5
1526391502.269735891	669	40	60	0	1	1	2	-89	74010	2	0	1596	1478	19,5,19,5
1526391502.281489362	669	40	60	0	1	1	2	-90	74011	2	0	1596	1478	19,5,19,5
1526391502.293264579	669	40	60	0	1	1	2	-89	74012	2	0	1596	1478	19,5,19,5
1526391502.305021961	669	40	60	0	1	1	2	-89	74013	2	0	1596	1478	19,5,19,5
1526391502.305975671	669	40	60	0	1	1	2	-89	74014	2	0	1596	1478	19,5,19,5
1526391502.316770580	669	40	60	0	1	1	2	-89	74015	2	0	1596	1478	19,5,19,5
1526391502.328548404	669	40	60	0	1	1	2	-91	74016	2	0	1596	1478	19,5,19,5
1526391502.340277084	669	40	60	0	1	1	2	-89	74017	2	0	1596	1478	19,5,19,5
1526391502.352915998	669	40	60	0	1	1	2	-91	74018	2	0	1596	1478	19,5,19,5
1526391502.363849037	669	40	60	0	1	1	2	-89	74019	2	0	1596	1478	19,5,19,5
1526391502.376539469	669	40	60	0	1	1	2	-90	74021	2	0	1596	1478	19,5,19,5
1526391502.388301737	669	40	60	0	1	1	2	-89	74022	2	0	1596	1478	19,5,19,5
1526391502.399102347	669	40	60	0	1	1	2	-91	74023	2	0	1596	1478	19,5,19,5
1526391502.410878843	669	40	60	0	1	1	2	-90	74024	2	0	1596	1478	19,5,19,5
1526391502.422798390	669	40	60	0	1	1	2	-91	74025	2	0	1596	1478	19,5,19,5
1526391502.434409748	669	40	60	0	1	1	2	-89	74026	2	0	1596	1478	19,5,19,5
1526391502.446185269	669	40	60	0	1	1	2	-90	74027	2	0	1596	1478	19,5,19,5
1526391502.457953644	669	40	60	0	1	1	2	-89	74028	2	0	1596	1478	19,5,19,5
1526391502.469702967	669	40	60	0	1	1	2	-90	74029	2	0	1596	1478	19,5,19,5
1526391502.481460046	669	40	60	0	1	1	2	-91	74030	2	0	1596	1478	19,5,19,5
1526391502.493175068	669	40	60	0	1	1	2	-88	74031	2	0	1596	1478	19,5,19,5
1526391502.504795164	512	40	48	0	1	1	2	-89	74032	3	0	1596	1478	26,26
1526391502.516627017	669	40	60	0	1	1	2	-89	74033	2	0	1596	1478	19,5,19,5
1526391502.528389397	669	40	60	0	1	1	2	-90	74034	2	0	1596	1478	19,5,19,5
1526391502.540159364	669	40	60	0	1	1	2	-90	74035	2	0	1596	1478	19,5,19,5
1526391502.551883903	669	40	60	0	1	1	2	-89	74036	2	0	1596	1478	19,5,19,5
1526391502.564543348	669	40	60	0	1	1	2	-89	74038	2	0	1596	1478	19,5,19,5
1526391502.575480542	669	40	60	0	1	1	2	-89	74039	2	0	1596	1478	19,5,19,5
1526391502.587267267	669	40	60	0	1	1	2	-89	74040	2	0	1596	1478	19,5,19,5
1526391502.599036799	669	40	60	0	1	1	2	-89	74041	2	0	1596	1478	19,5,19,5
1526391502.610789697	669	40	60	0	1	1	2	-88	74042	2	0	1596	1478	19,5,19,5
1526391502.622575660	669	40	60	0	1	1	2	-88	74043	2	0	1596	1478	19,5,19,5
1526391502.634266486	669	40	60	0	1	1	2	-88	74044	2	0	1596	1478	19,5,19,5
1526391502.646034300	669	40	60	0	1	1	2	-88	74045	2	0	1596	1478	19,5,19,5
1526391502.661247926	669	40	60	0	1	1	2	-88	74048	2	0	1596	1478	19,5,19,5
1526391502.669707501	669	40	60	0	1	1	2	-89	74049	2	0	1596	1478	19,5,19,5
1526391502.681442010	669	40	60	0	1	1	2	-87	74050	2	0	1596	1478	19,5,19,5
1526391502.694185738	669	40	60	0	1	1	2	-89	74052	2	0	1596	1478	19,5,19,5
1526391502.704917363	669	40	60	0	1	1	2	-86	74053	2	0	1596	1478	19,5,19,5
1526391502.716651347	669	40	60	0	1	1	2	-88	74054	2	0	1596	1478	19,5,19,5
1526391502.728134194	512	40	48	0	1	1	2	-87	74055	3	0	1596	1478	26,26
1526391502.740026031	512	40	48	0	1	1	2	-88	74056	3	0	1596	1478	26,26
1526391502.751775940	512	40	48	0	1	1	2	-90	74057	3	0	1596	1478	26,26
1526391502.763578042	512	40	48	0	1	1	2	-88	74058	3	0	1596	1478	26,26
1526391502.775285329	512	40	48	0	1	1	2	-87	74059	3	0	1596	1478	26,26
1526391502.787623042	512	40	48	0	1	1	2	-89	74060	3	0	1596	1478	26,26
1526391502.798781281	512	40	48	0	1	1	2	-87	74061	3	0	1596	1478	26,26
1526391502.810596424	512	40	48	0	1	1	2	-89	74062	3	0	1596	1478	26,26
1526391502.822355238	512	40	48	0	1	1	2	-88	74063	3	0	1596	1478	26,26
1526391502.834366388	512	40	48	0	1	1	2	-87	74064	3	0	1596	1478	26,26
1526391502.845839354	512	40	48	0	1	1	2	-88	74065	3	0	1596	1478	26,26
1526391502.857562739	512	40	48	0	1	1	2	-87	74066	3	0	1596	1478	26,26
1526391502.869342943	512	40	48	0	1	1	2	-87	74067	3	0	1596	1478	26,26
1526391502.881128552	512	40	48	0	1	1	2	-88	74068	3	0	1596	1478	26,26
1526391502.893537563	512	40	48	0	1	1	2	-89	74069	3	0	1596	1478	26,26
1526391502.904789249	512	40	48	0	1	1	2	-87	74070	3	0	1596	1478	26,26
1526391502.916402299	512	40	48	0	1	1	2	-88	74071	3	0	1596	1478	26,26
1526391502.929398868	512	40	48	0	1	1	2	-88	74073	3	0	1596	1478	26,26
1526391502.949015678	512	40	48	0	1	1	2	-88	74080	3	0	1596	1478	26,26
1526391502.953240283	512	40	48	0	1	1	2	-89	74083	3	0	1596	1478	26,26
1526391502.963445428	512	40	48	0	1	1	2	-89	74084	3	0	1596	1478	26,26
1526391502.975971475	512	40	48	0	1	1	2	-88	74086	3	0	1596	1478	26,26
1526391502.987012287	512	40	48	0	1	1	2	-89	74087	3	0	1596	1478	26,26
1526391502.999604954	512	40	48	0	1	1	2	-89	74089	3	0	1596	1478	26,26
1526391503.010525845	512	40	48	0	1	1	2	-87	74090	3	0	1596	1478	26,26
1526391503.023003623	512	40	48	0	1	1	2	-88	74092	3	0	1596	1478	26,26
1526391503.053349327	512	40	48	0	1	1	2	-89	74097	3	0	1596	1478	26,26
1526391503.053364408	512	40	48	0	1	1	2	-89	74097	3	0	1596	1478	26,26
1526391503.057547354	512	40	48	0	1	1	2	-88	74098	3	0	1596	1478	26,26
1526391503.069330859	512	40	48	0	1	1	2	-88	74099	3	0	1596	1478	26,26
1526391503.096742100	984	40	60	0	1	1	2	-91	74103	1	0	1596	1478	13,13
1526391503.096766670	984	40	60	0	1	1	2	-91	74103	1	0	1596	1478	13,13
1526391503.104987485	984	40	60	0	1	1	2	-89	74104	1	0	1596	1478	13,13
1526391503.116810862	984	40	60	0	1	1	2	-90	74105	1	0	1596	1478	13,13
1526391503.146584146	984	40	84	0	2	0	2	-90	74109	0	0	1596	1478	13,13
1526391503.146623090	984	40	84	0	2	0	2	-90	74109	0	0	1596	1478	13,13
1526391503.153268283	984	40	84	0	2	0	2	-93	74111	0	0	1596	1478	13,13
1526391503.163863966	984	40	84	0	2	0	2	-92	74112	0	0	1596	1478	13,13
1526391503.190907495	984	40	84	0	2	0	2	-91	74115	0	0	1596	1478	13,13
1526391503.190958095	984	40	84	0	2	0	2	-91	74115	0	0	1596	1478	13,13
1526391503.199048950	984	40	84	0	2	0	2	-92	74116	0	0	1596	1478	13,13
1526391503.210922352	984	40	84	0	2	0	2	-91	74117	0	0	1596	1478	13,13
1526391503.236667322	1928	40	84	0	1	1	2	-90	74120	0	0	1596	1478	6,5,6,5
1526391503.239171852	1928	40	84	0	1	1	2	-89	74121	0	0	1596	1478	6,5,6,5
1526391503.247119529	1928	40	84	0	1	1	2	-90	74122	0	0	1596	1478	6,5,6,5
1526391503.263982223	1928	40	84	0	1	1	2	-89	74124	0	0	1596	1478	6,5,6,5
1526391503.270636920	1928	40	84	0	1	1	2	-90	74125	0	0	1596	1478	6,5,6,5
1526391503.282517266	1928	40	84	0	1	1	2	-90	74126	0	0	1596	1478	6,5,6,5
1526391503.294191332	1928	40	84	0	1	1	2	-89	74127	0	0	1596	1478	6,5,6,5
1526391503.305964479	1928	40	84	0	1	1	2	-90	74128	0	0	1596	1478	6,5,6,5
1526391503.333860089	984	40	84	0	2	0	2	-91	74132	0	0	1596	1478	13,13
1526391503.333899430	984	40	84	0	2	0	2	-91	74132	0	0	1596	1478	13,13
1526391503.340255706	984	40	84	0	2	0	2	-92	74133	0	0	1596	1478	13,13
1526391503.352016617	984	40	84	0	2	0	2	-92	74134	0	0	1596	1478	13,13
1526391503.372850918	984	40	84	0	2	0	2	-91	74138	0	0	1596	1478	13,13
1526391503.375424135	984	40	84	0	2	0	2	-91	74139	0	0	1596	1478	13,13
1526391503.387355085	984	40	84	0	2	0	2	-92	74140	0	0	1596	1478	13,13
1526391503.402288782	984	40	84	0	2	0	2	-91	74142	0	0	1596	1478	13,13
1526391503.413967220	984	40	84	0	2	0	2	-91	74144	0	0	1596	1478	13,13
1526391503.422568649	984	40	84	0	2	0	2	-91	74145	0	0	1596	1478	13,13
1526391503.434360069	984	40	84	0	2	0	2	-90	74146	0	0	1596	1478	13,13
1526391503.446128143	984	40	84	0	2	0	2	-91	74147	0	0	1596	1478	13,13
1526391503.458673941	984	40	84	0	2	0	2	-91	74148	0	0	1596	1478	13,13
1526391503.469625649	984	40	84	0	2	0	2	-92	74149	0	0	1596	1478	13,13
1526391503.470993089	984	40	84	0	2	0	2	-91	74150	0	0	1596	1478	13,13
1526391503.481347408	984	40	84	0	2	0	2	-90	74151	0	0	1596	1478	13,13
1526391503.493140307	984	40	84	0	2	0	2	-90	74152	0	0	1596	1478	13,13
1526391503.504915428	984	40	60	0	1	1	2	-88	74153	1	0	1596	1478	13,13
1526391503.516665084	984	40	84	0	2	0	2	-91	74154	0	0	1596	1478	13,13
1526391503.528426211	984	40	84	0	2	0	2	-91	74155	0	0	1596	1478	13,13
1526391503.540113480	984	40	84	0	2	0	2	-90	74156	0	0	1596	1478	13,13
1526391503.551937622	984	40	84	0	2	0	2	-90	74157	0	0	1596	1478	13,13
1526391503.563684228	984	40	84	0	2	0	2	-90	74158	0	0	1596	1478	13,13
1526391503.575145065	669	40	60	0	1	1	2	-89	74159	2	0	1596	1478	19,5,19,5
1526391503.586915743	669	40	60	0	1	1	2	-88	74160	2	0	1596	1478	19,5,19,5
1526391503.598857443	669	40	60	0	1	1	2	-87	74161	2	0	1596	1478	19,5,19,5
1526391503.610438315	669	40	60	0	1	1	2	-86	74162	2	0	1596	1478	19,5,19,5
1526391503.622208360	669	40	60	0	1	1	2	-87	74163	2	0	1596	1478	19,5,19,5
1526391503.633763421	512	40	48	0	1	1	2	-87	74164	3	0	1596	1478	26,26
1526391503.645481026	512	40	48	0	1	1	2	-87	74165	3	0	1596	1478	26,26
1526391503.657300456	512	40	48	0	1	1	2	-87	74166	3	0	1596	1478	26,26
1526391503.669081114	512	40	48	0	1	1	2	-88	74167	3	0	1596	1478	26,26
1526391503.680831806	512	40	48	0	1	1	2	-88	74168	3	0	1596	1478	26,26
1526391503.694822746	512	40	48	0	1	1	2	-88	74170	3	0	1596	1478	26,26
1526391503.704212788	512	40	48	0	1	1	2	-89	74171	3	0	1596	1478	26,26
1526391503.718654310	512	40	48	0	1	1	2	-87	74175	3	0	1596	1478	26,26
1526391503.731159232	669	40	60	0	1	1	2	-88	74178	2	0	1596	1478	19,5,19,5
1526391503.739692326	669	40	60	0	1	1	2	-88	74179	2	0	1596	1478	19,5,19,5
1526391503.751457901	669	40	60	0	1	1	2	-89	74180	2	0	1596	1478	19,5,19,5
1526391503.763835804	669	40	60	0	1	1	2	-87	74181	2	0	1596	1478	19,5,19,5
1526391503.774977550	669	40	60	0	1	1	2	-89	74182	2	0	1596	1478	19,5,19,5
1526391503.789457909	669	40	60	0	1	1	2	-88	74184	2	0	1596	1478	19,5,19,5
1526391503.798505606	669	40	60	0	1	1	2	-88	74185	2	0	1596	1478	19,5,19,5
1526391503.810690765	669	40	60	0	1	1	2	-90	74186	2	0	1596	1478	19,5,19,5
1526391503.821929007	512	40	60	0	2	0	2	-90	74187	1	0	1596	1478	26,26
1526391503.836026290	669	40	60	0	1	1	2	-88	74188	2	0	1596	1478	19,5,19,5
1526391503.845654011	669	40	60	0	1	1	2	-89	74189	2	0	1596	1478	19,5,19,5
1526391503.857372933	669	40	60	0	1	1	2	-89	74190	2	0	1596	1478	19,5,19,5
1526391503.869146278	669	40	60	0	1	1	2	-89	74191	2	0	1596	1478	19,5,19,5
1526391503.883884137	669	40	60	0	1	1	2	-90	74195	2	0	1596	1478	19,5,19,5
1526391503.892655321	669	40	60	0	1	1	2	-88	74196	2	0	1596	1478	19,5,19,5
1526391503.904548502	669	40	60	0	1	1	2	-88	74197	2	0	1596	1478	19,5,19,5
1526391503.916299185	669	40	60	0	1	1	2	-89	74198	2	0	1596	1478	19,5,19,5
1526391503.929879159	669	40	60	0	1	1	2	-87	74200	2	0	1596	1478	19,5,19,5
1526391503.941628156	669	40	60	0	1	1	2	-88	74203	2	0	1596	1478	19,5,19,5
1526391503.952733220	669	40	60	0	1	1	2	-89	74205	2	0	1596	1478	19,5,19,5
1526391503.963227483	669	40	60	0	1	1	2	-89	74206	2	0	1596	1478	19,5,19,5
1526391503.976149393	669	40	60	0	1	1	2	-88	74207	2	0	1596	1478	19,5,19,5
1526391503.987832309	669	40	60	0	1	1	2	-89	74208	2	0	1596	1478	19,5,19,5
1526391503.998894739	669	40	60	0	1	1	2	-88	74209	2	0	1596	1478	19,5,19,5
1526391504.014063865	669	40	60	0	1	1	2	-88	74211	2	0	1596	1478	19,5,19,5
1526391504.022058974	669	40	60	0	1	1	2	-88	74212	2	0	1596	1478	19,5,19,5
1526391504.034492374	669	40	60	0	1	1	2	-88	74214	2	0	1596	1478	19,5,19,5
1526391504.045560592	669	40	60	0	1	1	2	-88	74215	2	0	1596	1478	19,5,19,5
1526391504.057233664	669	40	60	0	1	1	2	-89	74216	2	0	1596	1478	19,5,19,5
1526391504.069062543	669	40	60	0	1	1	2	-88	74217	2	0	1596	1478	19,5,19,5
1526391504.080807543	669	40	60	0	1	1	2	-88	74218	2	0	1596	1478	19,5,19,5
1526391504.092577197	669	40	60	0	1	1	2	-87	74219	2	0	1596	1478	19,5,19,5
1526391504.104348920	669	40	60	0	1	1	2	-88	74220	2	0	1596	1478	19,5,19,5
1526391504.116221135	669	40	60	0	1	1	2	-87	74221	2	0	1596	1478	19,5,19,5
1526391504.129928060	669	40	60	0	1	1	2	-87	74222	2	0	1596	1478	19,5,19,5
1526391504.140411307	669	40	60	0	1	1	2	-88	74224	2	0	1596	1478	19,5,19,5
1526391504.151259442	669	40	60	0	1	1	2	-88	74225	2	0	1596	1478	19,5,19,5
1526391504.163021808	669	40	60	0	1	1	2	-87	74226	2	0	1596	1478	19,5,19,5
1526391504.174715540	669	40	60	0	1	1	2	-88	74227	2	0	1596	1478	19,5,19,5
1526391504.186613396	669	40	60	0	1	1	2	-87	74228	2	0	1596	1478	19,5,19,5
1526391504.198214438	512	40	48	0	1	1	2	-87	74229	3	0	1596	1478	26,26
1526391504.210189487	669	40	60	0	1	1	2	-87	74230	2	0	1596	1478	19,5,19,5
1526391504.221951188	669	40	60	0	1	1	2	-87	74231	2	0	1596	1478	19,5,19,5
1526391504.233709373	669	40	60	0	1	1	2	-88	74232	2	0	1596	1478	19,5,19,5
1526391504.245421675	669	40	60	0	1	1	2	-87	74233	2	0	1596	1478	19,5,19,5
1526391504.257019900	512	40	48	0	1	1	2	-87	74234	3	0	1596	1478	26,26
1526391504.268814016	512	40	48	0	1	1	2	-88	74235	3	0	1596	1478	26,26
1526391504.281335248	512	40	48	0	1	1	2	-88	74237	3	0	1596	1478	26,26
1526391504.292308532	512	40	48	0	1	1	2	-89	74238	3	0	1596	1478	26,26
1526391504.297040544	669	40	60	0	1	1	2	-89	74241	2	0	1596	1478	19,5,19,5
1526391504.298193516	669	40	60	0	1	1	2	-89	74242	2	0	1596	1478	19,5,19,5
1526391504.304262280	669	40	60	0	1	1	2	-88	74243	2	0	1596	1478	19,5,19,5
1526391504.316092087	669	40	60	0	1	1	2	-89	74244	2	0	1596	1478	19,5,19,5
1526391504.328923373	669	40	60	0	1	1	2	-88	74246	2	0	1596	1478	19,5,19,5
1526391504.340896404	669	40	60	0	1	1	2	-88	74248	2	0	1596	1478	19,5,19,5
1526391504.351274104	669	40	60	0	1	1	2	-89	74249	2	0	1596	1478	19,5,19,5
1526391504.363095021	669	40	60	0	1	1	2	-88	74250	2	0	1596	1478	19,5,19,5
1526391504.375708240	669	40	60	0	1	1	2	-88	74252	2	0	1596	1478	19,5,19,5
1526391504.387051799	669	40	60	0	1	1	2	-88	74253	2	0	1596	1478	19,5,19,5
1526391504.398286403	669	40	60	0	1	1	2	-88	74254	2	0	1596	1478	19,5,19,5
1526391504.410183328	669	40	60	0	1	1	2	-88	74255	2	0	1596	1478	19,5,19,5
1526391504.421840957	669	40	60	0	1	1	2	-89	74256	2	0	1596	1478	19,5,19,5
1526391504.434538993	669	40	60	0	1	1	2	-86	74257	2	0	1596	1478	19,5,19,5
1526391504.445472941	669	40	60	0	1	1	2	-87	74258	2	0	1596	1478	19,5,19,5
1526391504.457130494	669	40	60	0	1	1	2	-87	74259	2	0	1596	1478	19,5,19,5
1526391504.469020020	669	40	60	0	1	1	2	-88	74260	2	0	1596	1478	19,5,19,5
1526391504.482844904	669	40	60	0	1	1	2	-88	74262	2	0	1596	1478	19,5,19,5
1526391504.492375593	669	40	60	0	1	1	2	-88	74263	2	0	1596	1478	19,5,19,5
1526391504.504459145	669	40	60	0	1	1	2	-89	74264	2	0	1596	1478	19,5,19,5
1526391504.516130032	669	40	60	0	1	1	2	-87	74265	2	0	1596	1478	19,5,19,5
1526391504.527798007	669	40	60	0	1	1	2	-87	74266	2	0	1596	1478	19,5,19,5
1526391504.539263895	512	40	60	0	2	0	2	-88	74267	1	0	1596	1478	26,26
1526391504.551265911	512	40	60	0	2	0	2	-89	74268	1	0	1596	1478	26,26
1526391504.562702849	512	40	60	0	2	0	2	-87	74269	1	0	1596	1478	26,26
1526391504.575257167	512	40	60	0	2	0	2	-88	74270	1	0	1596	1478	26,26
1526391504.586219807	512	40	60	0	2	0	2	-89	74271	1	0	1596	1478	26,26
1526391504.598675028	512	40	60	0	2	0	2	-89	74272	1	0	1596	1478	26,26
1526391504.609803134	512	40	60	0	2	0	2	-89	74273	1	0	1596	1478	26,26
1526391504.624009148	512	40	60	0	2	0	2	-89	74276	1	0	1596	1478	26,26
1526391504.633385558	512	40	60	0	2	0	2	-90	74277	1	0	1596	1478	26,26
1526391504.647384874	512	40	60	0	2	0	2	-89	74279	1	0	1596	1478	26,26
1526391504.658396540	512	40	60	0	2	0	2	-88	74281	1	0	1596	1478	26,26
1526391504.673281636	512	40	60	0	2	0	2	-89	74287	1	0	1596	1478	26,26
1526391504.681090734	512	40	60	0	2	0	2	-89	74288	1	0	1596	1478	26,26
1526391504.692993354	512	40	60	0	2	0	2	-88	74289	1	0	1596	1478	26,26
1526391504.704764721	512	40	60	0	2	0	2	-88	74291	1	0	1596	1478	26,26
1526391504.718683042	669	40	60	0	1	1	2	-87	74293	2	0	1596	1478	19,5,19,5
1526391504.727574758	669	40	60	0	1	1	2	-89	74294	2	0	1596	1478	19,5,19,5
1526391504.739417989	669	40	60	0	1	1	2	-87	74295	2	0	1596	1478	19,5,19,5
1526391504.751166814	669	40	60	0	1	1	2	-88	74296	2	0	1596	1478	19,5,19,5
1526391504.762948921	669	40	60	0	1	1	2	-88	74297	2	0	1596	1478	19,5,19,5
1526391504.774724162	669	40	60	0	1	1	2	-89	74298	2	0	1596	1478	19,5,19,5
1526391504.786488122	669	40	60	0	1	1	2	-87	74299	2	0	1596	1478	19,5,19,5
1526391504.798200039	669	40	60	0	1	1	2	-87	74300	2	0	1596	1478	19,5,19,5
1526391504.811624486	669	40	60	0	1	1	2	-88	74302	2	0	1596	1478	19,5,19,5
1526391504.821730800	669	40	60	0	1	1	2	-87	74303	2	0	1596	1478	19,5,19,5
1526391504.833513105	669	40	60	0	1	1	2	-88	74304	2	0	1596	1478	19,5,19,5
1526391504.845148027	669	40	60	0	1	1	2	-89	74305	2	0	1596	1478	19,5,19,5
1526391504.857840261	669	40	60	0	1	1	2	-88	74307	2	0	1596	1478	19,5,19,5
1526391504.873954500	512	40	48	0	1	1	2	-88	74310	3	0	1596	1478	26,26
1526391504.881150724	512	40	48	0	1	1	2	-89	74311	3	0	1596	1478	26,26
1526391504.892141614	512	40	48	0	1	1	2	-87	74312	3	0	1596	1478	26,26
1526391504.907132769	512	40	48	0	1	1	2	-88	74313	3	0	1596	1478	26,26
1526391504.915908918	512	40	48	0	1	1	2	-89	74314	3	0	1596	1478	26,26
1526391504.927365901	512	40	48	0	1	1	2	-88	74315	3	0	1596	1478	26,26
1526391504.939127977	512	40	48	0	1	1	2	-89	74316	3	0	1596	1478	26,26
1526391504.955812046	512	40	48	0	1	1	2	-88	74318	3	0	1596	1478	26,26
1526391504.962692675	512	40	48	0	1	1	2	-89	74319	3	0	1596	1478	26,26
1526391504.975743560	512	40	48	0	1	1	2	-88	74321	3	0	1596	1478	26,26
1526391504.986919926	512	40	48	0	1	1	2	-88	74323	3	0	1596	1478	26,26
1526391505.007386287	512	40	48	0	1	1	2	-89	74325	3	0	1596	1478	26,26
1526391505.010440925	512	40	48	0	1	1	2	-89	74327	3	0	1596	1478	26,26
1526391505.022509192	512	40	48	0	1	1	2	-89	74329	3	0	1596	1478	26,26
1526391505.034935679	512	40	48	0	1	1	2	-89	74330	3	0	1596	1478	26,26
1526391505.052748374	669	40	60	0	1	1	2	-88	74332	2	0	1596	1478	19,5,19,5
1526391505.056923881	669	40	60	0	1	1	2	-89	74333	2	0	1596	1478	19,5,19,5
1526391505.068632328	669	40	60	0	1	1	2	-89	74334	2	0	1596	1478	19,5,19,5
1526391505.081591746	669	40	60	0	1	1	2	-88	74335	2	0	1596	1478	19,5,19,5
1526391505.095125508	669	40	60	0	1	1	2	-89	74337	2	0	1596	1478	19,5,19,5
1526391505.103885691	669	40	60	0	1	1	2	-87	74338	2	0	1596	1478	19,5,19,5
1526391505.116802530	669	40	60	0	1	1	2	-88	74340	2	0	1596	1478	19,5,19,5
1526391505.128911322	669	40	60	0	1	1	2	-88	74341	2	0	1596	1478	19,5,19,5
1526391505.155751947	669	40	60	0	1	1	2	-88	74343	2	0	1596	1478	19,5,19,5
1526391505.157024087	669	40	60	0	1	1	2	-87	74344	2	0	1596	1478	19,5,19,5
1526391505.162495098	669	40	60	0	1	1	2	-87	74345	2	0	1596	1478	19,5,19,5
1526391505.175488742	669	40	60	0	1	1	2	-88	74347	2	0	1596	1478	19,5,19,5
1526391505.196110290	984	40	84	0	2	0	2	-89	74353	0	0	1596	1478	13,13
1526391505.198305528	984	40	84	0	2	0	2	-89	74354	0	0	1596	1478	13,13
1526391505.210003320	984	40	84	0	2	0	2	-88	74355	0	0	1596	1478	13,13
1526391505.221807634	984	40	84	0	2	0	2	-87	74356	0	0	1596	1478	13,13
1526391505.242390813	984	40	60	0	1	1	2	-88	74358	1	0	1596	1478	13,13
1526391505.245356892	984	40	60	0	1	1	2	-88	74359	1	0	1596	1478	13,13
1526391505.257111522	984	40	60	0	1	1	2	-88	74360	1	0	1596	1478	13,13
1526391505.268847212	984	40	60	0	1	1	2	-88	74361	1	0	1596	1478	13,13
1526391505.293196467	669	40	60	0	1	1	2	-88	74365	2	0	1596	1478	19,5,19,5
1526391505.294611559	669	40	60	0	1	1	2	-88	74366	2	0	1596	1478	19,5,19,5
1526391505.303805813	669	40	60	0	1	1	2	-87	74367	2	0	1596	1478	19,5,19,5
1526391505.315626372	669	40	60	0	1	1	2	-88	74368	2	0	1596	1478	19,5,19,5
1526391505.328355383	669	40	60	0	1	1	2	-87	74369	2	0	1596	1478	19,5,19,5
1526391505.339134312	669	40	60	0	1	1	2	-88	74370	2	0	1596	1478	19,5,19,5
1526391505.350847899	669	40	60	0	1	1	2	-87	74371	2	0	1596	1478	19,5,19,5
1526391505.362519230	669	40	60	0	1	1	2	-87	74372	2	0	1596	1478	19,5,19,5
1526391505.375106570	669	40	60	0	1	1	2	-88	74374	2	0	1596	1478	19,5,19,5
1526391505.386164225	669	40	60	0	1	1	2	-87	74375	2	0	1596	1478	19,5,19,5
1526391505.397929423	669	40	60	0	1	1	2	-89	74376	2	0	1596	1478	19,5,19,5
1526391505.409714879	669	40	60	0	1	1	2	-88	74377	2	0	1596	1478	19,5,19,5
1526391505.422228652	669	40	60	0	1	1	2	-87	74378	2	0	1596	1478	19,5,19,5
1526391505.433173657	669	40	60	0	1	1	2	-88	74379	2	0	1596	1478	19,5,19,5
1526391505.444945603	669	40	60	0	1	1	2	-88	74380	2	0	1596	1478	19,5,19,5
1526391505.456594100	669	40	60	0	1	1	2	-89	74381	2	0	1596	1478	19,5,19,5
1526391505.468493331	669	40	60	0	1	1	2	-88	74382	2	0	1596	1478	19,5,19,5
1526391505.480281082	669	40	60	0	1	1	2	-87	74383	2	0	1596	1478	19,5,19,5
1526391505.492263357	669	40	60	0	1	1	2	-88	74384	2	0	1596	1478	19,5,19,5
1526391505.504430960	669	40	60	0	1	1	2	-88	74385	2	0	1596	1478	19,5,19,5
1526391505.515568249	669	40	60	0	1	1	2	-88	74386	2	0	1596	1478	19,5,19,5
1526391505.527259996	669	40	60	0	1	1	2	-88	74387	2	0	1596	1478	19,5,19,5
1526391505.539790824	669	40	60	0	1	1	2	-88	74388	2	0	1596	1478	19,5,19,5
1526391505.550799076	669	40	60	0	1	1	2	-89	74389	2	0	1596	1478	19,5,19,5
1526391505.562548756	669	40	60	0	1	1	2	-88	74390	2	0	1596	1478	19,5,19,5
1526391505.574852206	669	40	60	0	1	1	2	-88	74391	2	0	1596	1478	19,5,19,5
1526391505.585947486	669	40	60	0	1	1	2	-88	74392	2	0	1596	1478	19,5,19,5
1526391505.597924141	669	40	60	0	1	1	2	-87	74393	2	0	1596	1478	19,5,19,5
1526391505.609493361	669	40	60	0	1	1	2	-87	74394	2	0	1596	1478	19,5,19,5
1526391505.622314690	669	40	60	0	1	1	2	-87	74396	2	0	1596	1478	19,5,19,5
1526391505.633363550	512	40	60	0	2	0	2	-89	74397	1	0	1596	1478	26,26
1526391505.644740172	669	40	60	0	1	1	2	-88	74398	2	0	1596	1478	19,5,19,5
1526391505.656626899	669	40	60	0	1	1	2	-87	74399	2	0	1596	1478	19,5,19,5
1526391505.668792102	669	40	60	0	1	1	2	-88	74400	2	0	1596	1478	19,5,19,5
1526391505.680155317	669	40	60	0	1	1	2	-87	74401	2	0	1596	1478	19,5,19,5
1526391505.691938939	669	40	60	0	1	1	2	-87	74402	2	0	1596	1478	19,5,19,5
1526391505.703525921	512	40	48	0	1	1	2	-86	74403	3	0	1596	1478	26,26
1526391505.715261347	512	40	48	0	1	1	2	-87	74404	3	0	1596	1478	26,26
1526391505.727016383	512	40	48	0	1	1	2	-88	74405	3	0	1596	1478	26,26
1526391505.738830066	512	40	48	0	1	1	2	-87	74406	3	0	1596	1478	26,26
1526391505.750805673	512	40	48	0	1	1	2	-87	74407	3	0	1596	1478	26,26
1526391505.763865860	512	40	48	0	1	1	2	-88	74409	3	0	1596	1478	26,26
1526391505.774091837	512	40	48	0	1	1	2	-86	74410	3	0	1596	1478	26,26
1526391505.785854881	512	40	48	0	1	1	2	-87	74411	3	0	1596	1478	26,26
1526391505.797584798	512	40	48	0	1	1	2	-87	74412	3	0	1596	1478	26,26
1526391505.809545255	512	40	48	0	1	1	2	-87	74413	3	0	1596	1478	26,26
1526391505.821062897	512	40	48	0	1	1	2	-87	74414	3	0	1596	1478	26,26
1526391505.832865581	512	40	48	0	1	1	2	-88	74415	3	0	1596	1478	26,26
1526391505.846211460	512	40	48	0	1	1	2	-87	74417	3	0	1596	1478	26,26
1526391505.856408655	512	40	48	0	1	1	2	-88	74418	3	0	1596	1478	26,26
1526391505.868154271	512	40	48	0	1	1	2	-86	74419	3	0	1596	1478	26,26
1526391505.879901723	512	40	48	0	1	1	2	-86	74420	3	0	1596	1478	26,26
1526391505.891680176	512	40	48	0	1	1	2	-88	74421	3	0	1596	1478	26,26
1526391505.903502906	512	40	48	0	1	1	2	-87	74422	3	0	1596	1478	26,26
1526391505.915941910	512	40	48	0	1	1	2	-87	74423	3	0	1596	1478	26,26
1526391505.927632186	512	40	48	0	1	1	2	-88	74424	3	0	1596	1478	26,26
1526391505.941008993	512	40	48	0	1	1	2	-87	74426	3	0	1596	1478	26,26
1526391505.941964092	669	40	60	0	1	1	2	-88	74427	2	0	1596	1478	19,5,19,5
1526391505.950620500	669	40	60	0	1	1	2	-88	74428	2	0	1596	1478	19,5,19,5
1526391505.962438973	669	40	60	0	1	1	2	-88	74429	2	0	1596	1478	19,5,19,5
1526391505.974165900	669	40	60	0	1	1	2	-88	74430	2	0	1596	1478	19,5,19,5
1526391505.985900697	669	40	60	0	1	1	2	-88	74431	2	0	1596	1478	19,5,19,5
1526391505.997662302	669	40	60	0	1	1	2	-88	74432	2	0	1596	1478	19,5,19,5
1526391506.009447559	669	40	60	0	1	1	2	-88	74433	2	0	1596	1478	19,5,19,5
1526391506.021200980	669	40	60	0	1	1	2	-88	74434	2	0	1596	1478	19,5,19,5
1526391506.033761451	669	40	60	0	1	1	2	-88	74436	2	0	1596	1478	19,5,19,5
1526391506.044720856	669	40	60	0	1	1	2	-87	74437	2	0	1596	1478	19,5,19,5
1526391506.056458701	669	40	60	0	1	1	2	-88	74438	2	0	1596	1478	19,5,19,5
1526391506.068238666	669	40	60	0	1	1	2	-89	74439	2	0	1596	1478	19,5,19,5
1526391506.079993939	669	40	60	0	1	1	2	-87	74440	2	0	1596	1478	19,5,19,5
1526391506.091560812	512	40	48	0	1	1	2	-87	74441	3	0	1596	1478	26,26
1526391506.103244668	512	40	48	0	1	1	2	-87	74442	3	0	1596	1478	26,26
1526391506.115072326	512	40	48	0	1	1	2	-88	74443	3	0	1596	1478	26,26
1526391506.126797782	512	40	48	0	1	1	2	-88	74444	3	0	1596	1478	26,26
1526391506.138852403	512	40	48	0	1	1	2	-87	74445	3	0	1596	1478	26,26
1526391506.150876354	512	40	48	0	1	1	2	-88	74446	3	0	1596	1478	26,26
1526391506.162038562	512	40	48	0	1	1	2	-88	74447	3	0	1596	1478	26,26
1526391506.173868834	512	40	48	0	1	1	2	-87	74448	3	0	1596	1478	26,26
1526391506.185663450	512	40	48	0	1	1	2	-87	74449	3	0	1596	1478	26,26
1526391506.197416091	512	40	48	0	1	1	2	-87	74450	3	0	1596	1478	26,26
1526391506.209144514	512	40	48	0	1	1	2	-87	74451	3	0	1596	1478	26,26
1526391506.221197716	512	40	48	0	1	1	2	-86	74452	3	0	1596	1478	26,26
1526391506.232674049	512	40	48	0	1	1	2	-87	74453	3	0	1596	1478	26,26
1526391506.244457937	512	40	48	0	1	1	2	-87	74454	3	0	1596	1478	26,26
1526391506.256211865	512	40	48	0	1	1	2	-88	74455	3	0	1596	1478	26,26
1526391506.267964497	512	40	48	0	1	1	2	-87	74456	3	0	1596	1478	26,26
1526391506.279720795	512	40	48	0	1	1	2	-88	74457	3	0	1596	1478	26,26
1526391506.292192868	512	40	48	0	1	1	2	-87	74459	3	0	1596	1478	26,26
1526391506.303241941	512	40	48	0	1	1	2	-87	74460	3	0	1596	1478	26,26
1526391506.315641967	512	40	48	0	1	1	2	-86	74461	3	0	1596	1478	26,26
1526391506.326747434	512	40	48	0	1	1	2	-88	74462	3	0	1596	1478	26,26
1526391506.338534213	512	40	48	0	1	1	2	-87	74463	3	0	1596	1478	26,26
1526391506.350302157	512	40	48	0	1	1	2	-87	74464	3	0	1596	1478	26,26
1526391506.362038513	512	40	48	0	1	1	2	-88	74465	3	0	1596	1478	26,26
1526391506.373789474	512	40	48	0	1	1	2	-88	74466	3	0	1596	1478	26,26
1526391506.385563708	512	40	48	0	1	1	2	-88	74467	3	0	1596	1478	26,26
1526391506.400486180	669	40	60	0	1	1	2	-88	74472	2	0	1596	1478	19,5,19,5
1526391506.409254241	669	40	60	0	1	1	2	-88	74473	2	0	1596	1478	19,5,19,5
1526391506.421066233	669	40	60	0	1	1	2	-88	74474	2	0	1596	1478	19,5,19,5
1526391506.432760082	669	40	60	0	1	1	2	-89	74475	2	0	1596	1478	19,5,19,5
1526391506.444515110	669	40	60	0	1	1	2	-88	74476	2	0	1596	1478	19,5,19,5
1526391506.456277653	669	40	60	0	1	1	2	-88	74477	2	0	1596	1478	19,5,19,5
1526391506.468028466	669	40	60	0	1	1	2	-89	74478	2	0	1596	1478	19,5,19,5
1526391506.479832178	669	40	60	0	1	1	2	-88	74479	2	0	1596	1478	19,5,19,5
1526391506.491453382	512	40	48	0	1	1	2	-87	74480	3	0	1596	1478	26,26
1526391506.503943840	512	40	48	0	1	1	2	-87	74482	3	0	1596	1478	26,26
1526391506.515127979	512	40	48	0	1	1	2	-88	74483	3	0	1596	1478	26,26
1526391506.526684895	512	40	48	0	1	1	2	-89	74484	3	0	1596	1478	26,26
1526391506.538434907	512	40	48	0	1	1	2	-88	74485	3	0	1596	1478	26,26
1526391506.550900646	512	40	48	0	1	1	2	-88	74486	3	0	1596	1478	26,26
1526391506.562853887	512	40	48	0	1	1	2	-88	74488	3	0	1596	1478	26,26
1526391506.573790386	512	40	48	0	1	1	2	-88	74489	3	0	1596	1478	26,26
1526391506.585496743	512	40	48	0	1	1	2	-88	74490	3	0	1596	1478	26,26
1526391506.597973253	512	40	48	0	1	1	2	-88	74491	3	0	1596	1478	26,26
1526391506.609795159	512	40	48	0	1	1	2	-88	74493	3	0	1596	1478	26,26
1526391506.620727751	512	40	48	0	1	1	2	-88	74494	3	0	1596	1478	26,26
1526391506.632582549	512	40	48	0	1	1	2	-89	74495	3	0	1596	1478	26,26
1526391506.644212991	512	40	48	0	1	1	2	-89	74496	3	0	1596	1478	26,26
1526391506.656011193	512	40	48	0	1	1	2	-87	74497	3	0	1596	1478	26,26
1526391506.668635190	512	40	48	0	1	1	2	-88	74498	3	0	1596	1478	26,26
1526391506.679617356	512	40	48	0	1	1	2	-89	74499	3	0	1596	1478	26,26
1526391506.691391504	512	40	48	0	1	1	2	-89	74500	3	0	1596	1478	26,26
1526391506.703111274	512	40	48	0	1	1	2	-88	74501	3	0	1596	1478	26,26
1526391506.715050572	512	40	48	0	1	1	2	-89	74502	3	0	1596	1478	26,26
1526391506.726657479	512	40	48	0	1	1	2	-87	74503	3	0	1596	1478	26,26
1526391506.739444024	512	40	48	0	1	1	2	-88	74505	3	0	1596	1478	26,26
1526391506.750191178	512	40	48	0	1	1	2	-89	74506	3	0	1596	1478	26,26
1526391506.762670826	512	40	48	0	1	1	2	-88	74508	3	0	1596	1478	26,26
1526391506.775105641	512	40	48	0	1	1	2	-87	74509	3	0	1596	1478	26,26
1526391506.785551755	512	40	48	0	1	1	2	-88	74510	3	0	1596	1478	26,26
1526391506.797865869	512	40	48	0	1	1	2	-88	74511	3	0	1596	1478	26,26
1526391506.808964921	512	40	48	0	1	1	2	-87	74512	3	0	1596	1478	26,26
1526391506.820733973	512	40	48	0	1	1	2	-87	74513	3	0	1596	1478	26,26
1526391506.836264505	512	40	48	0	1	1	2	-89	74516	3	0	1596	1478	26,26
1526391506.844271071	512	40	48	0	1	1	2	-88	74517	3	0	1596	1478	26,26
1526391506.856010077	512	40	48	0	1	1	2	-86	74518	3	0	1596	1478	26,26
1526391506.867770415	512	40	48	0	1	1	2	-89	74519	3	0	1596	1478	26,26
1526391506.883879556	512	40	48	0	1	1	2	-89	74520	3	0	1596	1478	26,26
1526391506.891446356	669	40	60	0	1	1	2	-88	74521	2	0	1596	1478	19,5,19,5
1526391506.903216880	669	40	60	0	1	1	2	-88	74522	2	0	1596	1478	19,5,19,5
1526391506.914986291	669	40	60	0	1	1	2	-87	74523	2	0	1596	1478	19,5,19,5
1526391506.935000338	512	40	48	0	1	1	2	-87	74525	3	0	1596	1478	26,26
1526391506.938441208	512	40	48	0	1	1	2	-88	74526	3	0	1596	1478	26,26
1526391506.950053693	512	40	48	0	1	1	2	-89	74527	3	0	1596	1478	26,26
1526391506.961865889	512	40	48	0	1	1	2	-87	74528	3	0	1596	1478	26,26
1526391506.987411314	512	40	48	0	1	1	2	-87	74533	3	0	1596	1478	26,26
1526391506.987900131	512	40	48	0	1	1	2	-87	74533	3	0	1596	1478	26,26
1526391506.997126125	512	40	48	0	1	1	2	-88	74534	3	0	1596	1478	26,26
1526391507.008880817	512	40	48	0	1	1	2	-87	74535	3	0	1596	1478	26,26
1526391507.034602522	984	40	60	0	1	1	2	-87	74539	1	0	1596	1478	13,13
1526391507.035936752	984	40	60	0	1	1	2	-88	74540	1	0	1596	1478	13,13
1526391507.044645697	984	40	60	0	1	1	2	-87	74541	1	0	1596	1478	13,13
1526391507.056297700	984	40	60	0	1	1	2	-88	74542	1	0	1596	1478	13,13
1526391507.080210627	984	40	84	0	2	0	2	-89	74546	0	0	1596	1478	13,13
1526391507.081931079	984	40	60	0	1	1	2	-88	74547	1	0	1596	1478	13,13
1526391507.091681805	984	40	60	0	1	1	2	-89	74548	1	0	1596	1478	13,13
1526391507.103463941	984	40	60	0	1	1	2	-88	74549	1	0	1596	1478	13,13
1526391507.125979184	984	40	84	0	2	0	2	-88	74552	0	0	1596	1478	13,13
1526391507.127586697	984	40	84	0	2	0	2	-89	74553	0	0	1596	1478	13,13
1526391507.138642906	984	40	84	0	2	0	2	-89	74554	0	0	1596	1478	13,13
1526391507.150422216	984	40	84	0	2	0	2	-88	74555	0	0	1596	1478	13,13
1526391507.162242929	984	40	84	0	2	0	2	-89	74556	0	0	1596	1478	13,13
1526391507.179192325	984	40	84	0	2	0	2	-91	74559	0	0	1596	1478	13,13
1526391507.185795340	984	40	84	0	2	0	2	-90	74560	0	0	1596	1478	13,13
1526391507.197520252	984	40	84	0	2	0	2	-90	74561	0	0	1596	1478	13,13
1526391507.223230882	984	40	60	0	1	1	2	-88	74564	1	0	1596	1478	13,13
1526391507.223267780	984	40	60	0	1	1	2	-88	74564	1	0	1596	1478	13,13
1526391507.232813456	984	40	60	0	1	1	2	-88	74565	1	0	1596	1478	13,13
1526391507.244567251	984	40	60	0	1	1	2	-88	74566	1	0	1596	1478	13,13
1526391507.263231191	1928	40	84	0	1	1	2	-89	74569	0	0	1596	1478	6,5,6,5
1526391507.269033170	1928	40	84	0	1	1	2	-88	74570	0	0	1596	1478	6,5,6,5
1526391507.280801557	1928	40	84	0	1	1	2	-86	74571	0	0	1596	1478	6,5,6,5
1526391507.283017221	1928	40	84	0	1	1	2	-88	74572	0	0	1596	1478	6,5,6,5
1526391507.292570726	1928	40	84	0	1	1	2	-87	74573	0	0	1596	1478	6,5,6,5
1526391507.304657420	1928	40	84	0	1	1	2	-86	74574	0	0	1596	1478	6,5,6,5
1526391507.319281202	1928	40	84	0	1	1	2	-87	74575	0	0	1596	1478	6,5,6,5
1526391507.327739087	1928	40	84	0	1	1	2	-86	74576	0	0	1596	1478	6,5,6,5
1526391507.339596770	1928	40	84	0	1	1	2	-88	74577	0	0	1596	1478	6,5,6,5
1526391507.351551450	1928	40	84	0	1	1	2	-87	74578	0	0	1596	1478	6,5,6,5
1526391507.363317917	1928	40	84	0	1	1	2	-88	74579	0	0	1596	1478	6,5,6,5
1526391507.374928601	1928	40	84	0	1	1	2	-88	74580	0	0	1596	1478	6,5,6,5
1526391507.386640028	1928	40	84	0	1	1	2	-88	74581	0	0	1596	1478	6,5,6,5
1526391507.397440128	984	40	84	0	2	0	2	-89	74582	0	0	1596	1478	13,13
1526391507.409214528	984	40	84	0	2	0	2	-90	74583	0	0	1596	1478	13,13
1526391507.420968795	984	40	84	0	2	0	2	-89	74584	0	0	1596	1478	13,13
1526391507.432736592	984	40	84	0	2	0	2	-89	74585	0	0	1596	1478	13,13
1526391507.444521997	984	40	84	0	2	0	2	-89	74586	0	0	1596	1478	13,13
1526391507.455773553	512	40	60	0	2	0	2	-88	74587	1	0	1596	1478	26,26
1526391507.469002446	512	40	60	0	2	0	2	-88	74589	1	0	1596	1478	26,26
1526391507.479281652	512	40	60	0	2	0	2	-89	74590	1	0	1596	1478	26,26
1526391507.491845184	512	40	60	0	2	0	2	-89	74592	1	0	1596	1478	26,26
1526391507.502799816	512	40	60	0	2	0	2	-88	74593	1	0	1596	1478	26,26
1526391507.515232379	512	40	60	0	2	0	2	-88	74594	1	0	1596	1478	26,26
1526391507.526330912	512	40	60	0	2	0	2	-89	74595	1	0	1596	1478	26,26
1526391507.538084541	512	40	60	0	2	0	2	-88	74596	1	0	1596	1478	26,26
1526391507.549824720	512	40	60	0	2	0	2	-88	74597	1	0	1596	1478	26,26
1526391507.562244925	512	40	60	0	2	0	2	-88	74598	1	0	1596	1478	26,26
1526391507.574139858	512	40	60	0	2	0	2	-89	74599	1	0	1596	1478	26,26
1526391507.585142653	512	40	60	0	2	0	2	-88	74600	1	0	1596	1478	26,26
1526391507.596775334	512	40	60	0	2	0	2	-88	74601	1	0	1596	1478	26,26
1526391507.608657028	512	40	60	0	2	0	2	-89	74602	1	0	1596	1478	26,26
1526391507.620424470	512	40	60	0	2	0	2	-87	74603	1	0	1596	1478	26,26
1526391507.632181994	512	40	60	0	2	0	2	-89	74604	1	0	1596	1478	26,26
1526391507.643854263	512	40	60	0	2	0	2	-88	74605	1	0	1596	1478	26,26
1526391507.655595986	512	40	60	0	2	0	2	-88	74606	1	0	1596	1478	26,26
1526391507.667510438	512	40	60	0	2	0	2	-88	74607	1	0	1596	1478	26,26
1526391507.679835073	512	40	60	0	2	0	2	-89	74608	1	0	1596	1478	26,26
1526391507.690977603	512	40	60	0	2	0	2	-89	74609	1	0	1596	1478	26,26
1526391507.704264012	512	40	60	0	2	0	2	-88	74611	1	0	1596	1478	26,26
1526391507.714465894	512	40	60	0	2	0	2	-90	74612	1	0	1596	1478	26,26
1526391507.726272091	512	40	60	0	2	0	2	-88	74613	1	0	1596	1478	26,26
1526391507.738029534	512	40	60	0	2	0	2	-89	74614	1	0	1596	1478	26,26
1526391507.749790022	512	40	60	0	2	0	2	-88	74615	1	0	1596	1478	26,26
1526391507.761530411	512	40	60	0	2	0	2	-88	74616	1	0	1596	1478	26,26
1526391507.773959772	512	40	60	0	2	0	2	-88	74617	1	0	1596	1478	26,26
1526391507.785054157	512	40	60	0	2	0	2	-89	74618	1	0	1596	1478	26,26
1526391507.796797228	512	40	60	0	2	0	2	-88	74619	1	0	1596	1478	26,26
1526391507.808583153	512	40	60	0	2	0	2	-88	74620	1	0	1596	1478	26,26
1526391507.820338144	512	40	60	0	2	0	2	-89	74621	1	0	1596	1478	26,26
1526391507.832083253	512	40	60	0	2	0	2	-89	74622	1	0	1596	1478	26,26
1526391507.844559181	512	40	60	0	2	0	2	-89	74623	1	0	1596	1478	26,26
1526391507.855609306	512	40	60	0	2	0	2	-88	74624	1	0	1596	1478	26,26
1526391507.867392065	512	40	60	0	2	0	2	-88	74625	1	0	1596	1478	26,26
1526391507.879149723	512	40	60	0	2	0	2	-88	74626	1	0	1596	1478	26,26
1526391507.890892984	512	40	60	0	2	0	2	-88	74627	1	0	1596	1478	26,26
1526391507.902655944	512	40	60	0	2	0	2	-89	74628	1	0	1596	1478	26,26
1526391507.914416480	512	40	60	0	2	0	2	-89	74629	1	0	1596	1478	26,26
1526391507.915221026	512	40	60	0	2	0	2	-87	74630	1	0	1596	1478	26,26
1526391507.926171974	512	40	60	0	2	0	2	-89	74631	1	0	1596	1478	26,26
1526391507.937939922	512	40	60	0	2	0	2	-88	74632	1	0	1596	1478	26,26
1526391507.949686043	512	40	60	0	2	0	2	-88	74633	1	0	1596	1478	26,26
1526391507.961931510	512	40	60	0	2	0	2	-88	74634	1	0	1596	1478	26,26
1526391507.973205198	512	40	60	0	2	0	2	-89	74635	1	0	1596	1478	26,26
1526391507.985137556	512	40	60	0	2	0	2	-89	74636	1	0	1596	1478	26,26
1526391507.996739093	512	40	60	0	2	0	2	-88	74637	1	0	1596	1478	26,26
1526391508.009839820	512	40	60	0	2	0	2	-88	74641	1	0	1596	1478	26,26
1526391508.020200626	512	40	60	0	2	0	2	-88	74642	1	0	1596	1478	26,26
1526391508.032007051	512	40	60	0	2	0	2	-90	74643	1	0	1596	1478	26,26
1526391508.043766614	512	40	60	0	2	0	2	-89	74644	1	0	1596	1478	26,26
1526391508.057045185	512	40	60	0	2	0	2	-89	74646	1	0	1596	1478	26,26
1526391508.068004548	512	40	60	0	2	0	2	-88	74648	1	0	1596	1478	26,26
1526391508.079058935	512	40	60	0	2	0	2	-89	74649	1	0	1596	1478	26,26
1526391508.091220786	512	40	60	0	2	0	2	-88	74650	1	0	1596	1478	26,26
1526391508.103286625	512	40	60	0	2	0	2	-90	74651	1	0	1596	1478	26,26
1526391508.114324340	512	40	60	0	2	0	2	-90	74652	1	0	1596	1478	26,26
1526391508.126074631	512	40	60	0	2	0	2	-88	74653	1	0	1596	1478	26,26
1526391508.138643177	512	40	60	0	2	0	2	-89	74654	1	0	1596	1478	26,26
1526391508.150234059	512	40	60	0	2	0	2	-90	74655	1	0	1596	1478	26,26
1526391508.161293250	512	40	60	0	2	0	2	-88	74656	1	0	1596	1478	26,26
1526391508.173781133	512	40	60	0	2	0	2	-90	74657	1	0	1596	1478	26,26
1526391508.184873195	512	40	60	0	2	0	2	-90	74658	1	0	1596	1478	26,26
1526391508.197371241	512	40	60	0	2	0	2	-89	74659	1	0	1596	1478	26,26
1526391508.209966263	512	40	60	0	2	0	2	-90	74661	1	0	1596	1478	26,26
1526391508.223166723	512	40	60	0	2	0	2	-90	74664	1	0	1596	1478	26,26
1526391508.231918714	512	40	60	0	2	0	2	-89	74665	1	0	1596	1478	26,26
1526391508.243600100	512	40	60	0	2	0	2	-89	74666	1	0	1596	1478	26,26
1526391508.255360728	512	40	60	0	2	0	2	-90	74667	1	0	1596	1478	26,26
1526391508.270602634	512	40	60	0	2	0	2	-89	74671	1	0	1596	1478	26,26
1526391508.278958444	512	40	60	0	2	0	2	-90	74672	1	0	1596	1478	26,26
1526391508.294350797	984	40	84	0	2	0	2	-89	74675	0	0	1596	1478	13,13
1526391508.302956063	984	40	84	0	2	0	2	-90	74676	0	0	1596	1478	13,13
1526391508.314731411	984	40	84	0	2	0	2	-89	74677	0	0	1596	1478	13,13
1526391508.326492558	984	40	84	0	2	0	2	-90	74678	0	0	1596	1478	13,13
1526391508.338229214	984	40	84	0	2	0	2	-89	74679	0	0	1596	1478	13,13
1526391508.349979258	984	40	84	0	2	0	2	-89	74680	0	0	1596	1478	13,13
1526391508.361770845	984	40	84	0	2	0	2	-90	74681	0	0	1596	1478	13,13
1526391508.373520061	984	40	84	0	2	0	2	-90	74682	0	0	1596	1478	13,13
1526391508.386054773	984	40	84	0	2	0	2	-90	74683	0	0	1596	1478	13,13
1526391508.397090392	984	40	84	0	2	0	2	-90	74684	0	0	1596	1478	13,13
1526391508.408802563	984	40	84	0	2	0	2	-90	74685	0	0	1596	1478	13,13
1526391508.420549537	984	40	84	0	2	0	2	-91	74686	0	0	1596	1478	13,13
1526391508.432331772	984	40	84	0	2	0	2	-90	74687	0	0	1596	1478	13,13
1526391508.446925422	984	40	84	0	2	0	2	-91	74690	0	0	1596	1478	13,13
1526391508.455830492	984	40	84	0	2	0	2	-89	74691	0	0	1596	1478	13,13
1526391508.467610134	984	40	84	0	2	0	2	-89	74692	0	0	1596	1478	13,13
1526391508.479365733	984	40	84	0	2	0	2	-90	74693	0	0	1596	1478	13,13
1526391508.491111779	984	40	84	0	2	0	2	-89	74694	0	0	1596	1478	13,13
1526391508.502889648	984	40	84	0	2	0	2	-90	74695	0	0	1596	1478	13,13
1526391508.514654325	984	40	84	0	2	0	2	-89	74696	0	0	1596	1478	13,13
1526391508.526414571	984	40	84	0	2	0	2	-89	74697	0	0	1596	1478	13,13
1526391508.538187841	984	40	84	0	2	0	2	-90	74698	0	0	1596	1478	13,13
1526391508.550709658	984	40	84	0	2	0	2	-90	74700	0	0	1596	1478	13,13
1526391508.561548528	984	40	84	0	2	0	2	-89	74701	0	0	1596	1478	13,13
1526391508.573316219	984	40	84	0	2	0	2	-91	74702	0	0	1596	1478	13,13
1526391508.586323046	984	40	84	0	2	0	2	-89	74704	0	0	1596	1478	13,13
1526391508.596972186	984	40	84	0	2	0	2	-90	74705	0	0	1596	1478	13,13
1526391508.608725466	984	40	84	0	2	0	2	-89	74706	0	0	1596	1478	13,13
1526391508.620400575	984	40	84	0	2	0	2	-89	74707	0	0	1596	1478	13,13
1526391508.631913780	669	40	60	0	1	1	2	-88	74708	2	0	1596	1478	19,5,19,5
1526391508.643564387	669	40	60	0	1	1	2	-87	74709	2	0	1596	1478	19,5,19,5
1526391508.655457915	669	40	60	0	1	1	2	-87	74710	2	0	1596	1478	19,5,19,5
1526391508.667142483	669	40	60	0	1	1	2	-88	74711	2	0	1596	1478	19,5,19,5
1526391508.679226726	669	40	60	0	1	1	2	-86	74712	2	0	1596	1478	19,5,19,5
1526391508.690573651	512	40	48	0	1	1	2	-87	74713	3	0	1596	1478	26,26
1526391508.703887456	512	40	48	0	1	1	2	-87	74715	3	0	1596	1478	26,26
1526391508.714079206	512	40	48	0	1	1	2	-87	74716	3	0	1596	1478	26,26
1526391508.726596186	512	40	48	0	1	1	2	-88	74718	3	0	1596	1478	26,26
1526391508.737592887	512	40	48	0	1	1	2	-87	74719	3	0	1596	1478	26,26
1526391508.749854053	512	40	48	0	1	1	2	-87	74720	3	0	1596	1478	26,26
1526391508.761167276	512	40	48	0	1	1	2	-88	74721	3	0	1596	1478	26,26
1526391508.773002301	512	40	48	0	1	1	2	-87	74722	3	0	1596	1478	26,26
1526391508.784613496	512	40	48	0	1	1	2	-88	74723	3	0	1596	1478	26,26
1526391508.797037548	512	40	48	0	1	1	2	-88	74724	3	0	1596	1478	26,26
1526391508.808146162	512	40	48	0	1	1	2	-88	74725	3	0	1596	1478	26,26
1526391508.819889019	512	40	48	0	1	1	2	-88	74726	3	0	1596	1478	26,26
1526391508.832886035	512	40	48	0	1	1	2	-88	74727	3	0	1596	1478	26,26
1526391508.843476368	512	40	48	0	1	1	2	-87	74728	3	0	1596	1478	26,26
1526391508.856739865	512	40	48	0	1	1	2	-86	74731	3	0	1596	1478	26,26
1526391508.866972035	512	40	48	0	1	1	2	-86	74732	3	0	1596	1478	26,26
