1526391571.056281704	153	40	48	0	2	0	2	-76	74951	3	1	1596	1478	108,108
1526391571.058754020	153	40	48	0	1	1	2	-71	74952	5	1	1596	1478	108,108
1526391571.058768117	153	40	48	0	1	1	2	-71	74952	5	1	1596	1478	108,108
1526391571.058772562	153	40	48	0	1	1	2	-71	74952	5	1	1596	1478	108,108
1526391571.058775902	153	40	48	0	1	1	2	-71	74952	5	1	1596	1478	108,108
1526391571.058789440	153	40	48	0	1	1	2	-71	74952	5	1	1596	1478	108,108
1526391571.058792988	153	40	48	0	1	1	2	-71	74952	5	1	1596	1478	108,108
1526391571.058797202	153	40	48	0	1	1	2	-71	74952	5	1	1596	1478	108,108
1526391571.058800607	153	40	48	0	1	1	2	-71	74952	5	1	1596	1478	108,108
1526391571.058805016	153	40	48	0	1	1	2	-71	74952	5	1	1596	1478	108,108
1526391571.058808011	153	40	48	0	1	1	2	-71	74952	5	1	1596	1478	108,108
1526391571.058811533	153	40	48	0	1	1	2	-71	74952	5	1	1596	1478	108,108
1526391571.058814433	153	40	48	0	1	1	2	-71	74952	5	1	1596	1478	108,108
1526391571.061446033	153	40	48	0	1	1	2	-72	74953	5	1	1596	1478	108,108
1526391571.061488546	153	40	48	0	1	1	2	-72	74953	5	1	1596	1478	108,108
1526391571.061534319	153	40	48	0	1	1	2	-72	74953	5	1	1596	1478	108,108
1526391571.061541165	153	40	48	0	1	1	2	-72	74953	5	1	1596	1478	108,108
1526391571.061548766	153	40	48	0	1	1	2	-72	74953	5	1	1596	1478	108,108
1526391571.061555189	153	40	48	0	1	1	2	-72	74953	5	1	1596	1478	108,108
1526391571.062472031	153	40	48	0	1	1	2	-71	74954	5	1	1596	1478	108,108
1526391571.073564303	153	40	48	0	1	1	2	-70	74955	5	1	1596	1478	108,108
1526391571.085426876	153	40	48	0	1	1	2	-71	74956	5	1	1596	1478	108,108
1526391571.097176001	153	40	48	0	1	1	2	-72	74957	5	1	1596	1478	108,108
1526391571.109835039	153	40	48	0	1	1	2	-72	74960	5	1	1596	1478	108,108
1526391571.120580191	153	40	48	0	1	1	2	-71	74961	5	1	1596	1478	108,108
1526391571.132468035	153	40	48	0	1	1	2	-71	74962	5	1	1596	1478	108,108
1526391571.148763061	191	40	60	0	2	0	2	-77	74969	2	1	1596	1478	81,81
1526391571.157942427	197	40	48	0	2	0	2	-73	74970	4	0	1596	1478	78,78
1526391571.168636690	197	40	48	0	2	0	2	-73	74971	4	0	1596	1478	78,78
1526391571.179541190	197	40	48	0	2	0	2	-74	74972	4	0	1596	1478	78,78
1526391571.191299907	197	40	48	0	2	0	2	-74	74973	4	0	1596	1478	78,78
1526391571.203072685	197	40	48	0	2	0	2	-75	74974	4	0	1596	1478	78,78
1526391571.215309770	197	40	48	0	2	0	2	-73	74976	4	0	1596	1478	78,78
1526391571.226902817	197	40	48	0	2	0	2	-75	74977	4	0	1596	1478	78,78
1526391571.238328051	197	40	48	0	2	0	2	-75	74978	4	0	1596	1478	78,78
1526391571.250506455	191	40	60	0	2	0	2	-78	74980	2	1	1596	1478	81,81
1526391571.261804928	153	40	48	0	1	1	2	-72	74981	5	1	1596	1478	108,108
1526391571.273602574	153	40	48	0	1	1	2	-72	74982	5	1	1596	1478	108,108
1526391571.285332557	153	40	48	0	1	1	2	-72	74983	5	1	1596	1478	108,108
1526391571.297006364	153	40	48	0	1	1	2	-72	74984	5	1	1596	1478	108,108
1526391571.308781468	153	40	48	0	1	1	2	-72	74985	5	1	1596	1478	108,108
1526391571.320621465	153	40	48	0	1	1	2	-72	74986	5	1	1596	1478	108,108
1526391571.332395180	153	40	48	0	1	1	2	-73	74987	5	1	1596	1478	108,108
1526391571.344565780	153	40	48	0	1	1	2	-73	74988	5	1	1596	1478	108,108
1526391571.355901677	153	40	48	0	1	1	2	-72	74989	5	1	1596	1478	108,108
1526391571.367775047	153	40	48	0	1	1	2	-72	74990	5	1	1596	1478	108,108
1526391571.379406963	153	40	48	0	1	1	2	-73	74991	5	1	1596	1478	108,108
1526391571.391184634	153	40	48	0	1	1	2	-73	74992	5	1	1596	1478	108,108
1526391571.402934342	153	40	48	0	1	1	2	-73	74993	5	1	1596	1478	108,108
1526391571.414689282	153	40	48	0	1	1	2	-73	74994	5	1	1596	1478	108,108
1526391571.426454664	153	40	48	0	1	1	2	-73	74995	5	1	1596	1478	108,108
1526391571.438134853	141	40	48	0	1	1	2	-72	74996	6	1	1596	1478	121,5,121,5
1526391571.449887538	141	40	48	0	1	1	2	-72	74997	6	1	1596	1478	121,5,121,5
1526391571.461670602	141	40	48	0	1	1	2	-72	74998	6	1	1596	1478	121,5,121,5
1526391571.473520967	141	40	48	0	1	1	2	-72	74999	6	1	1596	1478	121,5,121,5
1526391571.485298911	141	40	48	0	1	1	2	-72	75000	6	1	1596	1478	121,5,121,5
1526391571.496926421	121	40	48	1	1	1	2	-72	75001	7	1	1596	1478	150,150
1526391571.509128664	121	40	48	1	1	1	2	-72	75002	7	1	1596	1478	150,150
1526391571.521654405	121	40	48	1	1	1	2	-72	75004	7	1	1596	1478	150,150
1526391571.532691734	121	40	48	1	1	1	2	-72	75006	7	1	1596	1478	150,150
1526391571.544021491	121	40	48	1	1	1	2	-72	75007	7	1	1596	1478	150,150
1526391571.556633175	121	40	48	1	1	1	2	-73	75008	7	1	1596	1478	150,150
1526391571.567537036	121	40	48	1	1	1	2	-73	75009	7	1	1596	1478	150,150
1526391571.580528684	121	40	48	1	1	1	2	-72	75013	7	1	1596	1478	150,150
1526391571.592226358	121	40	48	1	1	1	2	-73	75017	7	1	1596	1478	150,150
1526391571.603601609	121	40	48	1	1	1	2	-74	75018	7	1	1596	1478	150,150
1526391571.614585743	121	40	48	1	1	1	2	-73	75019	7	1	1596	1478	150,150
1526391571.626357051	121	40	48	1	1	1	2	-72	75020	7	1	1596	1478	150,150
1526391571.638110472	121	40	48	1	1	1	2	-73	75021	7	1	1596	1478	150,150
1526391571.650102014	121	40	48	1	1	1	2	-72	75023	7	1	1596	1478	150,150
1526391571.662906795	121	40	48	1	1	1	2	-72	75026	7	1	1596	1478	150,150
1526391571.677307599	141	40	48	0	1	1	2	-73	75029	6	1	1596	1478	121,5,121,5
1526391571.685077302	141	40	48	0	1	1	2	-73	75030	6	1	1596	1478	121,5,121,5
1526391571.696917287	141	40	48	0	1	1	2	-73	75031	6	1	1596	1478	121,5,121,5
1526391571.708661324	141	40	48	0	1	1	2	-73	75032	6	1	1596	1478	121,5,121,5
1526391571.720443680	141	40	48	0	1	1	2	-72	75033	6	1	1596	1478	121,5,121,5
1526391571.732224991	141	40	48	0	1	1	2	-72	75034	6	1	1596	1478	121,5,121,5
1526391571.743827229	141	40	48	0	1	1	2	-73	75035	6	1	1596	1478	121,5,121,5
1526391571.755627549	141	40	48	0	1	1	2	-74	75036	6	1	1596	1478	121,5,121,5
1526391571.767330821	130	40	48	0	1	1	2	-73	75037	7	1	1596	1478	135,135
1526391571.779130724	141	40	48	0	1	1	2	-74	75038	6	1	1596	1478	121,5,121,5
1526391571.790756187	141	40	48	0	1	1	2	-73	75039	6	1	1596	1478	121,5,121,5
1526391571.802498187	141	40	48	0	1	1	2	-73	75040	6	1	1596	1478	121,5,121,5
1526391571.814400374	141	40	48	0	1	1	2	-73	75041	6	1	1596	1478	121,5,121,5
1526391571.826574017	141	40	48	0	1	1	2	-73	75043	6	1	1596	1478	121,5,121,5
1526391571.837903194	141	40	48	0	1	1	2	-73	75044	6	1	1596	1478	121,5,121,5
1526391571.849664960	141	40	48	0	1	1	2	-72	75045	6	1	1596	1478	121,5,121,5
1526391571.861338645	141	40	48	0	1	1	2	-72	75046	6	1	1596	1478	121,5,121,5
1526391571.873181016	141	40	48	0	1	1	2	-73	75047	6	1	1596	1478	121,5,121,5
1526391571.884976995	141	40	48	0	1	1	2	-73	75048	6	1	1596	1478	121,5,121,5
1526391571.896615080	141	40	48	0	1	1	2	-73	75049	6	1	1596	1478	121,5,121,5
1526391571.908465900	141	40	48	0	1	1	2	-73	75050	6	1	1596	1478	121,5,121,5
1526391571.920234407	141	40	48	0	1	1	2	-73	75051	6	1	1596	1478	121,5,121,5
1526391571.932235226	141	40	48	0	1	1	2	-73	75052	6	1	1596	1478	121,5,121,5
1526391571.943740638	141	40	48	0	1	1	2	-72	75053	6	1	1596	1478	121,5,121,5
1526391571.955495366	141	40	48	0	1	1	2	-73	75054	6	1	1596	1478	121,5,121,5
1526391571.967268369	141	40	48	0	1	1	2	-73	75055	6	1	1596	1478	121,5,121,5
1526391571.979016823	141	40	48	0	1	1	2	-73	75056	6	1	1596	1478	121,5,121,5
1526391571.991093658	130	40	48	0	1	1	2	-73	75057	7	1	1596	1478	135,135
1526391572.002542211	141	40	48	0	1	1	2	-73	75058	6	1	1596	1478	121,5,121,5
1526391572.014306569	141	40	48	0	1	1	2	-73	75059	6	1	1596	1478	121,5,121,5
1526391572.026078988	141	40	48	0	1	1	2	-72	75060	6	1	1596	1478	121,5,121,5
1526391572.037807758	141	40	48	0	1	1	2	-73	75061	6	1	1596	1478	121,5,121,5
1526391572.253557479	221	40	48	0	1	1	2	-71	75062	7	1	3130	1478,1478	135,135
1526391572.253574306	221	40	48	0	1	1	2	-71	75062	7	1	3130	1478,1478	135,135
1526391572.253578945	221	40	48	0	1	1	2	-71	75062	7	1	3130	1478,1478	135,135
1526391572.255103565	221	40	48	0	1	1	2	-71	75062	7	1	3130	1478,1478	135,135
1526391572.255122453	242	40	48	0	1	1	2	-71	75063	6	1	3130	1478,1478	121,5,121,5
1526391572.255128942	242	40	48	0	1	1	2	-71	75063	6	1	3130	1478,1478	121,5,121,5
1526391572.255133351	242	40	48	0	1	1	2	-71	75063	6	1	3130	1478,1478	121,5,121,5
1526391572.255136998	242	40	48	0	1	1	2	-71	75063	6	1	3130	1478,1478	121,5,121,5
1526391572.255140497	242	40	48	0	1	1	2	-71	75063	6	1	3130	1478,1478	121,5,121,5
1526391572.261721925	141	40	48	0	1	1	2	-70	75064	6	1	1596	1478	121,5,121,5
1526391572.314164610	141	40	48	0	1	1	2	-70	75065	6	1	1596	1478	121,5,121,5
1526391572.314858796	242	40	48	0	1	1	2	-70	75066	6	1	3130	1478,1478	121,5,121,5
1526391572.314900139	141	40	48	0	1	1	2	-70	75066	6	1	1596	1478	121,5,121,5
1526391572.320597681	130	40	48	0	1	1	2	-70	75067	7	1	1596	1478	135,135
1526391572.332312036	121	40	48	1	1	1	2	-70	75069	7	1	1596	1478	150,150
1526391572.663835336	203	40	48	1	1	1	2	-72	75070	7	1	3130	1478,1478	150,150
1526391572.663879398	203	40	48	1	1	1	2	-72	75070	7	1	3130	1478,1478	150,150
1526391572.663891955	203	40	48	1	1	1	2	-72	75070	7	1	3130	1478,1478	150,150
1526391572.663902082	203	40	48	1	1	1	2	-72	75070	7	1	3130	1478,1478	150,150
1526391572.663915623	203	40	48	1	1	1	2	-72	75070	7	1	3130	1478,1478	150,150
1526391572.663925488	203	40	48	1	1	1	2	-72	75070	7	1	3130	1478,1478	150,150
1526391572.663941293	203	40	48	1	1	1	2	-72	75070	7	1	3130	1478,1478	150,150
1526391572.664866076	203	40	48	1	1	1	2	-72	75070	7	1	3130	1478,1478	150,150
1526391572.664909465	203	40	48	1	1	1	2	-72	75070	7	1	3130	1478,1478	150,150
1526391572.664921802	203	40	48	1	1	1	2	-72	75070	7	1	3130	1478,1478	150,150
1526391572.664931783	203	40	48	1	1	1	2	-72	75070	7	1	3130	1478,1478	150,150
1526391572.664942335	203	40	48	1	1	1	2	-72	75070	7	1	3130	1478,1478	150,150
1526391572.664955560	203	40	48	1	1	1	2	-72	75070	7	1	3130	1478,1478	150,150
1526391572.665460104	203	40	48	1	1	1	2	-71	75071	7	1	3130	1478,1478	150,150
1526391572.876347782	242	40	48	0	1	1	2	-71	75074	6	1	3130	1478,1478	121,5,121,5
1526391572.876393034	242	40	48	0	1	1	2	-71	75074	6	1	3130	1478,1478	121,5,121,5
1526391572.876404933	242	40	48	0	1	1	2	-71	75074	6	1	3130	1478,1478	121,5,121,5
1526391572.876417421	242	40	48	0	1	1	2	-71	75074	6	1	3130	1478,1478	121,5,121,5
1526391572.876429457	242	40	48	0	1	1	2	-71	75074	6	1	3130	1478,1478	121,5,121,5
1526391572.876440338	242	40	48	0	1	1	2	-71	75074	6	1	3130	1478,1478	121,5,121,5
1526391572.876646488	242	40	48	0	1	1	2	-71	75074	6	1	3130	1478,1478	121,5,121,5
1526391572.876680749	242	40	48	0	1	1	2	-71	75074	6	1	3130	1478,1478	121,5,121,5
1526391572.876701072	141	40	48	0	1	1	2	-71	75074	6	1	1596	1478	121,5,121,5
1526391572.877105413	141	40	48	0	1	1	2	-71	75075	6	1	1596	1478	121,5,121,5
1526391572.909702223	141	40	48	0	1	1	2	-71	75076	6	1	1596	1478	121,5,121,5
1526391572.909744113	242	40	48	0	1	1	2	-71	75076	6	1	3130	1478,1478	121,5,121,5
1526391572.920788641	141	40	48	0	1	1	2	-71	75078	6	1	1596	1478	121,5,121,5
1526391572.931705753	141	40	48	0	1	1	2	-71	75079	6	1	1596	1478	121,5,121,5
1526391573.073255937	242	40	48	0	1	1	2	-71	75080	6	1	3130	1478,1478	121,5,121,5
1526391573.073300974	242	40	48	0	1	1	2	-71	75080	6	1	3130	1478,1478	121,5,121,5
1526391573.073318128	242	40	48	0	1	1	2	-71	75080	6	1	3130	1478,1478	121,5,121,5
1526391573.073333700	242	40	48	0	1	1	2	-71	75080	6	1	3130	1478,1478	121,5,121,5
1526391573.073346307	242	40	48	0	1	1	2	-71	75080	6	1	3130	1478,1478	121,5,121,5
1526391573.073358416	141	40	48	0	1	1	2	-71	75080	6	1	1596	1478	121,5,121,5
1526391573.074082211	141	40	48	0	1	1	2	-72	75081	6	1	1596	1478	121,5,121,5
1526391573.278553018	242	40	48	0	1	1	2	-72	75082	6	1	3130	1478,1478	121,5,121,5
1526391573.278577038	242	40	48	0	1	1	2	-72	75082	6	1	3130	1478,1478	121,5,121,5
1526391573.278584050	242	40	48	0	1	1	2	-72	75082	6	1	3130	1478,1478	121,5,121,5
1526391573.278591271	242	40	48	0	1	1	2	-72	75082	6	1	3130	1478,1478	121,5,121,5
1526391573.278596169	242	40	48	0	1	1	2	-72	75082	6	1	3130	1478,1478	121,5,121,5
1526391573.278600497	242	40	48	0	1	1	2	-72	75082	6	1	3130	1478,1478	121,5,121,5
1526391573.278604812	242	40	48	0	1	1	2	-72	75082	6	1	3130	1478,1478	121,5,121,5
1526391573.278610675	242	40	48	0	1	1	2	-72	75082	6	1	3130	1478,1478	121,5,121,5
1526391573.278683326	141	40	48	0	1	1	2	-72	75082	6	1	1596	1478	121,5,121,5
1526391573.284918853	141	40	48	0	1	1	2	-72	75084	6	1	1596	1478	121,5,121,5
1526391573.483353218	242	40	48	0	1	1	2	-72	75085	6	1	3130	1478,1478	121,5,121,5
1526391573.483405413	242	40	48	0	1	1	2	-72	75085	6	1	3130	1478,1478	121,5,121,5
1526391573.483420049	242	40	48	0	1	1	2	-72	75085	6	1	3130	1478,1478	121,5,121,5
1526391573.483430860	242	40	48	0	1	1	2	-72	75085	6	1	3130	1478,1478	121,5,121,5
1526391573.483441276	242	40	48	0	1	1	2	-72	75085	6	1	3130	1478,1478	121,5,121,5
1526391573.483452569	242	40	48	0	1	1	2	-72	75085	6	1	3130	1478,1478	121,5,121,5
1526391573.483465382	242	40	48	0	1	1	2	-72	75085	6	1	3130	1478,1478	121,5,121,5
1526391573.483526819	242	40	48	0	1	1	2	-72	75085	6	1	3130	1478,1478	121,5,121,5
1526391573.484257336	141	40	48	0	1	1	2	-72	75086	6	1	1596	1478	121,5,121,5
1526391573.688237844	242	40	48	0	1	1	2	-72	75087	6	1	3130	1478,1478	121,5,121,5
1526391573.688283307	242	40	48	0	1	1	2	-72	75087	6	1	3130	1478,1478	121,5,121,5
1526391573.688296194	242	40	48	0	1	1	2	-72	75087	6	1	3130	1478,1478	121,5,121,5
1526391573.688309239	242	40	48	0	1	1	2	-72	75087	6	1	3130	1478,1478	121,5,121,5
1526391573.688319693	242	40	48	0	1	1	2	-72	75087	6	1	3130	1478,1478	121,5,121,5
1526391573.688331408	242	40	48	0	1	1	2	-72	75087	6	1	3130	1478,1478	121,5,121,5
1526391573.688343473	242	40	48	0	1	1	2	-72	75087	6	1	3130	1478,1478	121,5,121,5
1526391573.688410108	242	40	48	0	1	1	2	-72	75087	6	1	3130	1478,1478	121,5,121,5
1526391573.688434608	141	40	48	0	1	1	2	-72	75087	6	1	1596	1478	121,5,121,5
1526391573.892091850	221	40	48	0	1	1	2	-73	75088	7	1	3130	1478,1478	135,135
1526391573.892108467	221	40	48	0	1	1	2	-73	75088	7	1	3130	1478,1478	135,135
1526391573.893738291	242	40	48	0	1	1	2	-72	75089	6	1	3130	1478,1478	121,5,121,5
1526391573.893784017	242	40	48	0	1	1	2	-72	75089	6	1	3130	1478,1478	121,5,121,5
1526391573.893814853	242	40	48	0	1	1	2	-72	75089	6	1	3130	1478,1478	121,5,121,5
1526391573.893827448	242	40	48	0	1	1	2	-72	75089	6	1	3130	1478,1478	121,5,121,5
1526391573.893838775	242	40	48	0	1	1	2	-72	75089	6	1	3130	1478,1478	121,5,121,5
1526391573.893855767	242	40	48	0	1	1	2	-72	75089	6	1	3130	1478,1478	121,5,121,5
1526391573.893867514	141	40	48	0	1	1	2	-72	75089	6	1	1596	1478	121,5,121,5
1526391573.895915745	141	40	48	0	1	1	2	-73	75090	6	1	1596	1478	121,5,121,5
1526391574.097783740	242	40	48	0	1	1	2	-72	75091	6	1	3130	1478,1478	121,5,121,5
1526391574.097829355	242	40	48	0	1	1	2	-72	75091	6	1	3130	1478,1478	121,5,121,5
1526391574.097841637	242	40	48	0	1	1	2	-72	75091	6	1	3130	1478,1478	121,5,121,5
1526391574.097854440	242	40	48	0	1	1	2	-72	75091	6	1	3130	1478,1478	121,5,121,5
1526391574.097868608	242	40	48	0	1	1	2	-72	75091	6	1	3130	1478,1478	121,5,121,5
1526391574.097888304	242	40	48	0	1	1	2	-72	75091	6	1	3130	1478,1478	121,5,121,5
1526391574.097900191	242	40	48	0	1	1	2	-72	75091	6	1	3130	1478,1478	121,5,121,5
1526391574.097911755	242	40	48	0	1	1	2	-72	75091	6	1	3130	1478,1478	121,5,121,5
1526391574.097973633	141	40	48	0	1	1	2	-72	75091	6	1	1596	1478	121,5,121,5
1526391574.302542406	242	40	48	0	1	1	2	-71	75092	6	1	3130	1478,1478	121,5,121,5
1526391574.302583224	242	40	48	0	1	1	2	-71	75092	6	1	3130	1478,1478	121,5,121,5
1526391574.302595319	242	40	48	0	1	1	2	-71	75092	6	1	3130	1478,1478	121,5,121,5
1526391574.302604069	242	40	48	0	1	1	2	-71	75092	6	1	3130	1478,1478	121,5,121,5
1526391574.302619296	242	40	48	0	1	1	2	-71	75092	6	1	3130	1478,1478	121,5,121,5
1526391574.302628499	242	40	48	0	1	1	2	-71	75092	6	1	3130	1478,1478	121,5,121,5
1526391574.302718393	242	40	48	0	1	1	2	-71	75092	6	1	3130	1478,1478	121,5,121,5
1526391574.302742726	242	40	48	0	1	1	2	-71	75092	6	1	3130	1478,1478	121,5,121,5
1526391574.302752918	141	40	48	0	1	1	2	-71	75092	6	1	1596	1478	121,5,121,5
1526391574.307528462	130	40	48	0	1	1	2	-71	75093	7	1	1596	1478	135,135
1526391574.507352128	242	40	48	0	1	1	2	-70	75094	6	1	3130	1478,1478	121,5,121,5
1526391574.507398924	242	40	48	0	1	1	2	-70	75094	6	1	3130	1478,1478	121,5,121,5
1526391574.507417102	242	40	48	0	1	1	2	-70	75094	6	1	3130	1478,1478	121,5,121,5
1526391574.507428780	242	40	48	0	1	1	2	-70	75094	6	1	3130	1478,1478	121,5,121,5
1526391574.507439628	242	40	48	0	1	1	2	-70	75094	6	1	3130	1478,1478	121,5,121,5
1526391574.507454378	242	40	48	0	1	1	2	-70	75094	6	1	3130	1478,1478	121,5,121,5
1526391574.507472407	242	40	48	0	1	1	2	-70	75094	6	1	3130	1478,1478	121,5,121,5
1526391574.507587673	242	40	48	0	1	1	2	-70	75094	6	1	3130	1478,1478	121,5,121,5
1526391574.508140256	141	40	48	0	1	1	2	-70	75095	6	1	1596	1478	121,5,121,5
1526391574.712563491	242	40	48	0	1	1	2	-71	75096	6	1	3130	1478,1478	121,5,121,5
1526391574.712605855	242	40	48	0	1	1	2	-71	75096	6	1	3130	1478,1478	121,5,121,5
1526391574.712688196	242	40	48	0	1	1	2	-71	75096	6	1	3130	1478,1478	121,5,121,5
1526391574.712700744	242	40	48	0	1	1	2	-71	75096	6	1	3130	1478,1478	121,5,121,5
1526391574.712710481	242	40	48	0	1	1	2	-71	75096	6	1	3130	1478,1478	121,5,121,5
1526391574.712721200	242	40	48	0	1	1	2	-71	75096	6	1	3130	1478,1478	121,5,121,5
1526391574.712730346	242	40	48	0	1	1	2	-71	75096	6	1	3130	1478,1478	121,5,121,5
1526391574.712739722	242	40	48	0	1	1	2	-71	75096	6	1	3130	1478,1478	121,5,121,5
1526391574.712751208	141	40	48	0	1	1	2	-71	75096	6	1	1596	1478	121,5,121,5
1526391574.719208366	141	40	48	0	1	1	2	-71	75097	6	1	1596	1478	121,5,121,5
1526391574.916088231	221	40	48	0	1	1	2	-72	75098	7	1	3130	1478,1478	135,135
1526391574.916133055	221	40	48	0	1	1	2	-72	75098	7	1	3130	1478,1478	135,135
1526391574.916145201	221	40	48	0	1	1	2	-72	75098	7	1	3130	1478,1478	135,135
1526391574.916160323	221	40	48	0	1	1	2	-72	75098	7	1	3130	1478,1478	135,135
1526391574.917322020	242	40	48	0	1	1	2	-72	75099	6	1	3130	1478,1478	121,5,121,5
1526391574.917367267	242	40	48	0	1	1	2	-72	75099	6	1	3130	1478,1478	121,5,121,5
1526391574.917380868	242	40	48	0	1	1	2	-72	75099	6	1	3130	1478,1478	121,5,121,5
1526391574.917396225	242	40	48	0	1	1	2	-72	75099	6	1	3130	1478,1478	121,5,121,5
1526391574.919027972	141	40	48	0	1	1	2	-72	75100	6	1	1596	1478	121,5,121,5
1526391575.121785364	242	40	48	0	1	1	2	-73	75101	6	1	3130	1478,1478	121,5,121,5
1526391575.121830620	242	40	48	0	1	1	2	-73	75101	6	1	3130	1478,1478	121,5,121,5
1526391575.121843387	242	40	48	0	1	1	2	-73	75101	6	1	3130	1478,1478	121,5,121,5
1526391575.121854361	242	40	48	0	1	1	2	-73	75101	6	1	3130	1478,1478	121,5,121,5
1526391575.121865937	242	40	48	0	1	1	2	-73	75101	6	1	3130	1478,1478	121,5,121,5
1526391575.121877797	242	40	48	0	1	1	2	-73	75101	6	1	3130	1478,1478	121,5,121,5
1526391575.121897811	242	40	48	0	1	1	2	-73	75101	6	1	3130	1478,1478	121,5,121,5
1526391575.121959043	242	40	48	0	1	1	2	-73	75101	6	1	3130	1478,1478	121,5,121,5
1526391575.121978029	141	40	48	0	1	1	2	-73	75101	6	1	1596	1478	121,5,121,5
1526391575.326592971	242	40	48	0	1	1	2	-73	75102	6	1	3130	1478,1478	121,5,121,5
1526391575.326637948	242	40	48	0	1	1	2	-73	75102	6	1	3130	1478,1478	121,5,121,5
1526391575.326650270	242	40	48	0	1	1	2	-73	75102	6	1	3130	1478,1478	121,5,121,5
1526391575.326665270	242	40	48	0	1	1	2	-73	75102	6	1	3130	1478,1478	121,5,121,5
1526391575.326676716	242	40	48	0	1	1	2	-73	75102	6	1	3130	1478,1478	121,5,121,5
1526391575.326688723	242	40	48	0	1	1	2	-73	75102	6	1	3130	1478,1478	121,5,121,5
1526391575.326699307	242	40	48	0	1	1	2	-73	75102	6	1	3130	1478,1478	121,5,121,5
1526391575.326711966	242	40	48	0	1	1	2	-73	75102	6	1	3130	1478,1478	121,5,121,5
1526391575.326768758	141	40	48	0	1	1	2	-73	75102	6	1	1596	1478	121,5,121,5
1526391575.331834170	141	40	48	0	1	1	2	-73	75105	6	1	1596	1478	121,5,121,5
1526391575.531388837	242	40	48	0	1	1	2	-72	75106	6	1	3130	1478,1478	121,5,121,5
1526391575.531437423	242	40	48	0	1	1	2	-72	75106	6	1	3130	1478,1478	121,5,121,5
1526391575.531453449	242	40	48	0	1	1	2	-72	75106	6	1	3130	1478,1478	121,5,121,5
1526391575.531463357	242	40	48	0	1	1	2	-72	75106	6	1	3130	1478,1478	121,5,121,5
1526391575.531472944	242	40	48	0	1	1	2	-72	75106	6	1	3130	1478,1478	121,5,121,5
1526391575.531484502	242	40	48	0	1	1	2	-72	75106	6	1	3130	1478,1478	121,5,121,5
1526391575.531495644	242	40	48	0	1	1	2	-72	75106	6	1	3130	1478,1478	121,5,121,5
1526391575.531555958	242	40	48	0	1	1	2	-72	75106	6	1	3130	1478,1478	121,5,121,5
1526391575.532202023	141	40	48	0	1	1	2	-72	75107	6	1	1596	1478	121,5,121,5
1526391575.573148177	141	40	48	0	1	1	2	-72	75108	6	1	1596	1478	121,5,121,5
1526391575.573668545	221	40	48	0	1	1	2	-71	75109	7	1	3130	1478,1478	135,135
1526391575.577476802	141	40	48	0	1	1	2	-72	75110	6	1	1596	1478	121,5,121,5
1526391575.589295405	141	40	48	0	1	1	2	-72	75111	6	1	1596	1478	121,5,121,5
1526391575.601061569	141	40	48	0	1	1	2	-72	75112	6	1	1596	1478	121,5,121,5
1526391575.612863316	141	40	48	0	1	1	2	-72	75113	6	1	1596	1478	121,5,121,5
1526391575.625109561	141	40	48	0	1	1	2	-72	75115	6	1	1596	1478	121,5,121,5
1526391575.636374994	141	40	48	0	1	1	2	-73	75116	6	1	1596	1478	121,5,121,5
1526391575.648067957	141	40	48	0	1	1	2	-71	75117	6	1	1596	1478	121,5,121,5
1526391575.660005022	141	40	48	0	1	1	2	-72	75118	6	1	1596	1478	121,5,121,5
1526391575.672122764	141	40	48	0	1	1	2	-72	75119	6	1	1596	1478	121,5,121,5
1526391575.683418007	141	40	48	0	1	1	2	-72	75120	6	1	1596	1478	121,5,121,5
1526391575.695072147	141	40	48	0	1	1	2	-72	75121	6	1	1596	1478	121,5,121,5
1526391575.707082797	141	40	48	0	1	1	2	-71	75122	6	1	1596	1478	121,5,121,5
1526391575.718755884	141	40	48	0	1	1	2	-71	75123	6	1	1596	1478	121,5,121,5
1526391575.730581878	141	40	48	0	1	1	2	-71	75124	6	1	1596	1478	121,5,121,5
1526391575.742349927	141	40	48	0	1	1	2	-71	75125	6	1	1596	1478	121,5,121,5
1526391575.753917232	141	40	48	0	1	1	2	-71	75126	6	1	1596	1478	121,5,121,5
1526391575.765699474	141	40	48	0	1	1	2	-70	75127	6	1	1596	1478	121,5,121,5
1526391575.777662429	141	40	48	0	1	1	2	-71	75128	6	1	1596	1478	121,5,121,5
1526391575.789368296	130	40	48	0	1	1	2	-71	75129	7	1	1596	1478	135,135
1526391575.801145301	141	40	48	0	1	1	2	-71	75130	6	1	1596	1478	121,5,121,5
1526391575.812903970	141	40	48	0	1	1	2	-71	75131	6	1	1596	1478	121,5,121,5
1526391575.824615752	141	40	48	0	1	1	2	-71	75132	6	1	1596	1478	121,5,121,5
1526391575.836753235	141	40	48	0	1	1	2	-71	75134	6	1	1596	1478	121,5,121,5
1526391575.848041318	130	40	48	0	1	1	2	-71	75135	7	1	1596	1478	135,135
1526391575.859867168	121	40	48	1	1	1	2	-71	75136	7	1	1596	1478	150,150
1526391575.876120381	141	40	48	0	1	1	2	-71	75140	6	1	1596	1478	121,5,121,5
1526391575.883416766	141	40	48	0	1	1	2	-70	75141	6	1	1596	1478	121,5,121,5
1526391575.895227600	141	40	48	0	1	1	2	-70	75142	6	1	1596	1478	121,5,121,5
1526391575.906981485	141	40	48	0	1	1	2	-71	75143	6	1	1596	1478	121,5,121,5
1526391575.918752414	141	40	48	0	1	1	2	-70	75144	6	1	1596	1478	121,5,121,5
1526391575.930520388	141	40	48	0	1	1	2	-71	75145	6	1	1596	1478	121,5,121,5
1526391575.942268908	141	40	48	0	1	1	2	-70	75146	6	1	1596	1478	121,5,121,5
1526391575.954025992	141	40	48	0	1	1	2	-70	75147	6	1	1596	1478	121,5,121,5
1526391575.966005222	141	40	48	0	1	1	2	-70	75149	6	1	1596	1478	121,5,121,5
1526391575.977560655	141	40	48	0	1	1	2	-70	75150	6	1	1596	1478	121,5,121,5
1526391575.989328696	141	40	48	0	1	1	2	-71	75151	6	1	1596	1478	121,5,121,5
1526391576.001003070	141	40	48	0	1	1	2	-71	75152	6	1	1596	1478	121,5,121,5
1526391576.012833960	141	40	48	0	1	1	2	-71	75153	6	1	1596	1478	121,5,121,5
1526391576.024577947	130	40	48	0	1	1	2	-70	75154	7	1	1596	1478	135,135
1526391576.036360158	141	40	48	0	1	1	2	-71	75155	6	1	1596	1478	121,5,121,5
1526391576.048109048	141	40	48	0	1	1	2	-71	75156	6	1	1596	1478	121,5,121,5
1526391576.059875296	141	40	48	0	1	1	2	-71	75157	6	1	1596	1478	121,5,121,5
1526391576.071625825	141	40	48	0	1	1	2	-71	75158	6	1	1596	1478	121,5,121,5
1526391576.084313250	130	40	48	0	1	1	2	-71	75159	7	1	1596	1478	135,135
1526391576.095009635	141	40	48	0	1	1	2	-71	75160	6	1	1596	1478	121,5,121,5
1526391576.106902251	141	40	48	0	1	1	2	-71	75161	6	1	1596	1478	121,5,121,5
1526391576.118679543	141	40	48	0	1	1	2	-71	75162	6	1	1596	1478	121,5,121,5
1526391576.130424153	141	40	48	0	1	1	2	-70	75163	6	1	1596	1478	121,5,121,5
1526391576.142193895	130	40	48	0	1	1	2	-71	75164	7	1	1596	1478	135,135
1526391576.153976182	141	40	48	0	1	1	2	-70	75165	6	1	1596	1478	121,5,121,5
1526391576.165627041	141	40	48	0	1	1	2	-71	75166	6	1	1596	1478	121,5,121,5
1526391576.177461334	141	40	48	0	1	1	2	-70	75167	6	1	1596	1478	121,5,121,5
1526391576.189263721	141	40	48	0	1	1	2	-71	75168	6	1	1596	1478	121,5,121,5
1526391576.201461653	141	40	48	0	1	1	2	-71	75170	6	1	1596	1478	121,5,121,5
1526391576.212747317	141	40	48	0	1	1	2	-70	75171	6	1	1596	1478	121,5,121,5
1526391576.224851428	141	40	48	0	1	1	2	-71	75173	6	1	1596	1478	121,5,121,5
1526391576.236261733	141	40	48	0	1	1	2	-71	75174	6	1	1596	1478	121,5,121,5
1526391576.248417925	141	40	48	0	1	1	2	-71	75175	6	1	1596	1478	121,5,121,5
1526391576.259770942	141	40	48	0	1	1	2	-71	75176	6	1	1596	1478	121,5,121,5
1526391576.271433384	141	40	48	0	1	1	2	-71	75177	6	1	1596	1478	121,5,121,5
1526391576.284131008	141	40	48	0	1	1	2	-71	75178	6	1	1596	1478	121,5,121,5
1526391576.295068312	141	40	48	0	1	1	2	-71	75179	6	1	1596	1478	121,5,121,5
1526391576.306823661	141	40	48	0	1	1	2	-71	75180	6	1	1596	1478	121,5,121,5
1526391576.318601381	141	40	48	0	1	1	2	-71	75181	6	1	1596	1478	121,5,121,5
1526391576.330368545	141	40	48	0	1	1	2	-70	75182	6	1	1596	1478	121,5,121,5
1526391576.342039953	141	40	48	0	1	1	2	-71	75183	6	1	1596	1478	121,5,121,5
1526391576.353707561	141	40	48	0	1	1	2	-71	75184	6	1	1596	1478	121,5,121,5
1526391576.365543741	130	40	48	0	1	1	2	-71	75185	7	1	1596	1478	135,135
1526391576.378917050	141	40	48	0	1	1	2	-71	75186	6	1	1596	1478	121,5,121,5
1526391576.389165199	141	40	48	0	1	1	2	-70	75187	6	1	1596	1478	121,5,121,5
1526391576.400912853	141	40	48	0	1	1	2	-71	75188	6	1	1596	1478	121,5,121,5
1526391576.412680813	141	40	48	0	1	1	2	-71	75189	6	1	1596	1478	121,5,121,5
1526391576.424444721	141	40	48	0	1	1	2	-71	75190	6	1	1596	1478	121,5,121,5
1526391576.436187681	141	40	48	0	1	1	2	-71	75191	6	1	1596	1478	121,5,121,5
1526391576.447891204	141	40	48	0	1	1	2	-71	75192	6	1	1596	1478	121,5,121,5
1526391576.459703954	141	40	48	0	1	1	2	-71	75193	6	1	1596	1478	121,5,121,5
1526391576.471506077	130	40	48	0	1	1	2	-72	75194	7	1	1596	1478	135,135
1526391576.483225145	141	40	48	0	1	1	2	-71	75195	6	1	1596	1478	121,5,121,5
1526391576.495015232	141	40	48	0	1	1	2	-72	75196	6	1	1596	1478	121,5,121,5
1526391576.506752656	141	40	48	0	1	1	2	-71	75197	6	1	1596	1478	121,5,121,5
1526391576.518420695	141	40	48	0	1	1	2	-73	75198	6	1	1596	1478	121,5,121,5
1526391576.530267257	130	40	48	0	1	1	2	-73	75199	7	1	1596	1478	135,135
1526391576.542031553	141	40	48	0	1	1	2	-73	75200	6	1	1596	1478	121,5,121,5
1526391576.553777870	141	40	48	0	1	1	2	-72	75201	6	1	1596	1478	121,5,121,5
1526391576.565541495	141	40	48	0	1	1	2	-72	75202	6	1	1596	1478	121,5,121,5
1526391576.577334676	141	40	48	0	1	1	2	-73	75203	6	1	1596	1478	121,5,121,5
1526391576.590458356	141	40	48	0	1	1	2	-73	75205	6	1	1596	1478	121,5,121,5
1526391576.601363486	141	40	48	0	1	1	2	-72	75206	6	1	1596	1478	121,5,121,5
1526391576.612509857	141	40	48	0	1	1	2	-72	75207	6	1	1596	1478	121,5,121,5
1526391576.624247115	141	40	48	0	1	1	2	-72	75208	6	1	1596	1478	121,5,121,5
1526391576.635986406	141	40	48	0	1	1	2	-73	75209	6	1	1596	1478	121,5,121,5
1526391576.647759199	141	40	48	0	1	1	2	-72	75210	6	1	1596	1478	121,5,121,5
1526391576.659779113	141	40	48	0	1	1	2	-73	75211	6	1	1596	1478	121,5,121,5
1526391576.671645601	141	40	48	0	1	1	2	-73	75212	6	1	1596	1478	121,5,121,5
1526391576.683072965	141	40	48	0	1	1	2	-73	75213	6	1	1596	1478	121,5,121,5
1526391576.694811565	141	40	48	0	1	1	2	-72	75214	6	1	1596	1478	121,5,121,5
1526391576.706955683	141	40	48	0	1	1	2	-73	75215	6	1	1596	1478	121,5,121,5
1526391576.718301910	141	40	48	0	1	1	2	-73	75216	6	1	1596	1478	121,5,121,5
1526391576.730053851	141	40	48	0	1	1	2	-72	75217	6	1	1596	1478	121,5,121,5
1526391576.741827785	141	40	48	0	1	1	2	-73	75218	6	1	1596	1478	121,5,121,5
1526391576.753583594	141	40	48	0	1	1	2	-73	75219	6	1	1596	1478	121,5,121,5
1526391576.765327590	141	40	48	0	1	1	2	-73	75220	6	1	1596	1478	121,5,121,5
1526391576.777012219	141	40	48	0	1	1	2	-72	75221	6	1	1596	1478	121,5,121,5
1526391576.788866205	141	40	48	0	1	1	2	-73	75222	6	1	1596	1478	121,5,121,5
1526391576.801035872	141	40	48	0	1	1	2	-72	75224	6	1	1596	1478	121,5,121,5
1526391576.812386217	141	40	48	0	1	1	2	-72	75225	6	1	1596	1478	121,5,121,5
1526391576.824141269	141	40	48	0	1	1	2	-72	75226	6	1	1596	1478	121,5,121,5
1526391576.835901922	141	40	48	0	1	1	2	-72	75227	6	1	1596	1478	121,5,121,5
1526391576.848290778	141	40	48	0	1	1	2	-73	75228	6	1	1596	1478	121,5,121,5
1526391576.859448740	141	40	48	0	1	1	2	-72	75229	6	1	1596	1478	121,5,121,5
1526391576.871706235	141	40	48	0	1	1	2	-71	75231	6	1	1596	1478	121,5,121,5
1526391576.883537834	141	40	48	0	1	1	2	-72	75233	6	1	1596	1478	121,5,121,5
1526391576.894744445	141	40	48	0	1	1	2	-73	75234	6	1	1596	1478	121,5,121,5
1526391576.907669497	141	40	48	0	1	1	2	-72	75235	6	1	1596	1478	121,5,121,5
1526391576.918311471	141	40	48	0	1	1	2	-72	75236	6	1	1596	1478	121,5,121,5
1526391576.930542293	141	40	48	0	1	1	2	-72	75238	6	1	1596	1478	121,5,121,5
1526391576.943519538	153	40	48	0	1	1	2	-72	75240	5	1	1596	1478	108,108
1526391576.953632488	153	40	48	0	1	1	2	-72	75241	5	1	1596	1478	108,108
1526391576.965428772	153	40	48	0	1	1	2	-72	75242	5	1	1596	1478	108,108
1526391576.977168994	153	40	48	0	1	1	2	-72	75243	5	1	1596	1478	108,108
1526391576.989277497	153	40	48	0	1	1	2	-72	75244	5	1	1596	1478	108,108
1526391577.001827394	153	40	48	0	1	1	2	-72	75245	5	1	1596	1478	108,108
1526391577.012422779	153	40	48	0	1	1	2	-73	75246	5	1	1596	1478	108,108
1526391577.024212077	153	40	48	0	1	1	2	-73	75247	5	1	1596	1478	108,108
1526391577.036731480	153	40	48	0	1	1	2	-72	75248	5	1	1596	1478	108,108
1526391577.047710390	153	40	48	0	1	1	2	-72	75249	5	1	1596	1478	108,108
1526391577.059494062	153	40	48	0	1	1	2	-73	75250	5	1	1596	1478	108,108
1526391577.071245316	153	40	48	0	1	1	2	-73	75251	5	1	1596	1478	108,108
1526391577.083397250	153	40	48	0	1	1	2	-72	75252	5	1	1596	1478	108,108
1526391577.094752375	153	40	48	0	1	1	2	-73	75253	5	1	1596	1478	108,108
1526391577.106554916	153	40	48	0	1	1	2	-72	75254	5	1	1596	1478	108,108
1526391577.118292806	153	40	48	0	1	1	2	-74	75255	5	1	1596	1478	108,108
1526391577.130046697	153	40	48	0	1	1	2	-73	75256	5	1	1596	1478	108,108
1526391577.141630130	153	40	48	0	1	1	2	-73	75257	5	1	1596	1478	108,108
1526391577.153599555	153	40	48	0	1	1	2	-73	75258	5	1	1596	1478	108,108
1526391577.165716427	153	40	48	0	1	1	2	-73	75259	5	1	1596	1478	108,108
1526391577.177083767	153	40	48	0	1	1	2	-73	75260	5	1	1596	1478	108,108
1526391577.188827576	153	40	48	0	1	1	2	-73	75261	5	1	1596	1478	108,108
1526391577.200551754	141	40	48	0	1	1	2	-73	75262	6	1	1596	1478	121,5,121,5
1526391577.212391160	153	40	48	0	1	1	2	-72	75263	5	1	1596	1478	108,108
1526391577.224133622	153	40	48	0	1	1	2	-74	75264	5	1	1596	1478	108,108
1526391577.235817393	153	40	48	0	1	1	2	-73	75265	5	1	1596	1478	108,108
1526391577.247497783	153	40	48	0	1	1	2	-72	75266	5	1	1596	1478	108,108
1526391577.259442176	141	40	48	0	1	1	2	-72	75267	6	1	1596	1478	121,5,121,5
1526391577.271218368	153	40	48	0	1	1	2	-73	75268	5	1	1596	1478	108,108
1526391577.282892625	153	40	48	0	1	1	2	-73	75269	5	1	1596	1478	108,108
1526391577.294758735	153	40	48	0	1	1	2	-73	75270	5	1	1596	1478	108,108
1526391577.306467905	153	40	48	0	1	1	2	-72	75271	5	1	1596	1478	108,108
1526391577.318234706	141	40	48	0	1	1	2	-72	75272	6	1	1596	1478	121,5,121,5
1526391577.330025565	153	40	48	0	1	1	2	-73	75273	5	1	1596	1478	108,108
1526391577.341708474	153	40	48	0	1	1	2	-73	75274	5	1	1596	1478	108,108
1526391577.353371992	153	40	48	0	1	1	2	-72	75275	5	1	1596	1478	108,108
1526391577.365225251	153	40	48	0	1	1	2	-72	75276	5	1	1596	1478	108,108
1526391577.377081047	141	40	48	0	1	1	2	-73	75277	6	1	1596	1478	121,5,121,5
1526391577.388788542	141	40	48	0	1	1	2	-72	75278	6	1	1596	1478	121,5,121,5
1526391577.401006778	141	40	48	0	1	1	2	-73	75279	6	1	1596	1478	121,5,121,5
1526391577.413264920	141	40	48	0	1	1	2	-73	75280	6	1	1596	1478	121,5,121,5
1526391577.424090108	141	40	48	0	1	1	2	-72	75281	6	1	1596	1478	121,5,121,5
1526391577.435823729	130	40	48	0	1	1	2	-72	75282	7	1	1596	1478	135,135
1526391577.448202429	141	40	48	0	1	1	2	-73	75283	6	1	1596	1478	121,5,121,5
1526391577.459272477	141	40	48	0	1	1	2	-73	75284	6	1	1596	1478	121,5,121,5
1526391577.470959015	141	40	48	0	1	1	2	-73	75285	6	1	1596	1478	121,5,121,5
1526391577.482666720	141	40	48	0	1	1	2	-72	75286	6	1	1596	1478	121,5,121,5
1526391577.494461920	130	40	48	0	1	1	2	-72	75287	7	1	1596	1478	135,135
1526391577.506093445	141	40	48	0	1	1	2	-72	75288	6	1	1596	1478	121,5,121,5
1526391577.518844983	141	40	48	0	1	1	2	-72	75289	6	1	1596	1478	121,5,121,5
1526391577.529848545	141	40	48	0	1	1	2	-71	75290	6	1	1596	1478	121,5,121,5
1526391577.541623203	141	40	48	0	1	1	2	-71	75291	6	1	1596	1478	121,5,121,5
1526391577.553772742	141	40	48	0	1	1	2	-70	75293	6	1	1596	1478	121,5,121,5
1526391577.565159793	141	40	48	0	1	1	2	-71	75294	6	1	1596	1478	121,5,121,5
1526391577.576931761	141	40	48	0	1	1	2	-72	75295	6	1	1596	1478	121,5,121,5
1526391577.588533720	141	40	48	0	1	1	2	-72	75296	6	1	1596	1478	121,5,121,5
1526391577.600695635	141	40	48	0	1	1	2	-71	75297	6	1	1596	1478	121,5,121,5
1526391577.612119187	141	40	48	0	1	1	2	-71	75298	6	1	1596	1478	121,5,121,5
1526391577.623833008	141	40	48	0	1	1	2	-71	75299	6	1	1596	1478	121,5,121,5
1526391577.635575447	141	40	48	0	1	1	2	-71	75300	6	1	1596	1478	121,5,121,5
1526391577.647448640	141	40	48	0	1	1	2	-71	75301	6	1	1596	1478	121,5,121,5
1526391577.659117350	141	40	48	0	1	1	2	-71	75302	6	1	1596	1478	121,5,121,5
1526391577.671023984	141	40	48	0	1	1	2	-71	75303	6	1	1596	1478	121,5,121,5
1526391577.682762916	141	40	48	0	1	1	2	-70	75304	6	1	1596	1478	121,5,121,5
1526391577.694506461	141	40	48	0	1	1	2	-70	75305	6	1	1596	1478	121,5,121,5
1526391577.706268036	141	40	48	0	1	1	2	-71	75306	6	1	1596	1478	121,5,121,5
1526391577.718974669	141	40	48	0	1	1	2	-70	75308	6	1	1596	1478	121,5,121,5
1526391577.729719540	141	40	48	0	1	1	2	-70	75309	6	1	1596	1478	121,5,121,5
1526391577.741559401	141	40	48	0	1	1	2	-71	75310	6	1	1596	1478	121,5,121,5
1526391577.753311792	141	40	48	0	1	1	2	-71	75311	6	1	1596	1478	121,5,121,5
1526391577.764969265	141	40	48	0	1	1	2	-71	75312	6	1	1596	1478	121,5,121,5
1526391577.776715006	141	40	48	0	1	1	2	-71	75313	6	1	1596	1478	121,5,121,5
1526391577.788586672	141	40	48	0	1	1	2	-71	75314	6	1	1596	1478	121,5,121,5
1526391577.800218482	141	40	48	0	1	1	2	-71	75315	6	1	1596	1478	121,5,121,5
1526391577.812107360	141	40	48	0	1	1	2	-71	75316	6	1	1596	1478	121,5,121,5
1526391577.823893598	141	40	48	0	1	1	2	-71	75317	6	1	1596	1478	121,5,121,5
1526391577.835621006	141	40	48	0	1	1	2	-71	75318	6	1	1596	1478	121,5,121,5
1526391577.847262054	141	40	48	0	1	1	2	-71	75319	6	1	1596	1478	121,5,121,5
1526391577.859154622	141	40	48	0	1	1	2	-71	75320	6	1	1596	1478	121,5,121,5
1526391577.870935140	141	40	48	0	1	1	2	-70	75321	6	1	1596	1478	121,5,121,5
1526391577.882977236	130	40	48	0	1	1	2	-71	75322	7	1	1596	1478	135,135
1526391577.894427857	141	40	48	0	1	1	2	-72	75323	6	1	1596	1478	121,5,121,5
1526391577.906197862	141	40	48	0	1	1	2	-72	75324	6	1	1596	1478	121,5,121,5
1526391577.917995576	141	40	48	0	1	1	2	-71	75325	6	1	1596	1478	121,5,121,5
1526391577.929735602	141	40	48	0	1	1	2	-71	75326	6	1	1596	1478	121,5,121,5
1526391577.941876504	141	40	48	0	1	1	2	-71	75328	6	1	1596	1478	121,5,121,5
1526391577.953236435	141	40	48	0	1	1	2	-71	75329	6	1	1596	1478	121,5,121,5
1526391577.964921218	141	40	48	0	1	1	2	-71	75330	6	1	1596	1478	121,5,121,5
1526391577.976751300	141	40	48	0	1	1	2	-72	75331	6	1	1596	1478	121,5,121,5
1526391577.988521050	141	40	48	0	1	1	2	-71	75332	6	1	1596	1478	121,5,121,5
1526391578.000281846	141	40	48	0	1	1	2	-71	75333	6	1	1596	1478	121,5,121,5
1526391578.012425402	141	40	48	0	1	1	2	-72	75334	6	1	1596	1478	121,5,121,5
1526391578.024980443	141	40	48	0	1	1	2	-71	75336	6	1	1596	1478	121,5,121,5
1526391578.035471580	141	40	48	0	1	1	2	-71	75337	6	1	1596	1478	121,5,121,5
1526391578.047239797	141	40	48	0	1	1	2	-71	75338	6	1	1596	1478	121,5,121,5
1526391578.059081854	141	40	48	0	1	1	2	-71	75339	6	1	1596	1478	121,5,121,5
1526391578.070812198	141	40	48	0	1	1	2	-71	75340	6	1	1596	1478	121,5,121,5
1526391578.082597323	141	40	48	0	1	1	2	-71	75341	6	1	1596	1478	121,5,121,5
1526391578.094373037	141	40	48	0	1	1	2	-71	75342	6	1	1596	1478	121,5,121,5
1526391578.106517031	141	40	48	0	1	1	2	-71	75344	6	1	1596	1478	121,5,121,5
1526391578.117866215	141	40	48	0	1	1	2	-72	75345	6	1	1596	1478	121,5,121,5
1526391578.129658535	141	40	48	0	1	1	2	-72	75346	6	1	1596	1478	121,5,121,5
1526391578.141358314	141	40	48	0	1	1	2	-71	75347	6	1	1596	1478	121,5,121,5
1526391578.153127580	141	40	48	0	1	1	2	-72	75348	6	1	1596	1478	121,5,121,5
1526391578.164888602	141	40	48	0	1	1	2	-72	75349	6	1	1596	1478	121,5,121,5
1526391578.176917693	141	40	48	0	1	1	2	-72	75351	6	1	1596	1478	121,5,121,5
1526391578.188423934	141	40	48	0	1	1	2	-71	75352	6	1	1596	1478	121,5,121,5
1526391578.200216788	141	40	48	0	1	1	2	-71	75353	6	1	1596	1478	121,5,121,5
1526391578.211939371	141	40	48	0	1	1	2	-72	75354	6	1	1596	1478	121,5,121,5
1526391578.223692989	141	40	48	0	1	1	2	-73	75355	6	1	1596	1478	121,5,121,5
1526391578.235507462	141	40	48	0	1	1	2	-73	75356	6	1	1596	1478	121,5,121,5
1526391578.247208854	141	40	48	0	1	1	2	-72	75357	6	1	1596	1478	121,5,121,5
1526391578.258987024	141	40	48	0	1	1	2	-71	75358	6	1	1596	1478	121,5,121,5
1526391578.270996024	130	40	48	0	1	1	2	-72	75359	7	1	1596	1478	135,135
1526391578.284090224	141	40	48	0	1	1	2	-72	75360	6	1	1596	1478	121,5,121,5
1526391578.294137634	141	40	48	0	1	1	2	-73	75361	6	1	1596	1478	121,5,121,5
1526391578.305929999	141	40	48	0	1	1	2	-71	75362	6	1	1596	1478	121,5,121,5
1526391578.317710569	141	40	48	0	1	1	2	-72	75363	6	1	1596	1478	121,5,121,5
1526391578.331740141	141	40	48	0	1	1	2	-73	75365	6	1	1596	1478	121,5,121,5
1526391578.341121429	141	40	48	0	1	1	2	-72	75366	6	1	1596	1478	121,5,121,5
1526391578.352978807	141	40	48	0	1	1	2	-73	75367	6	1	1596	1478	121,5,121,5
1526391578.364723828	141	40	48	0	1	1	2	-72	75368	6	1	1596	1478	121,5,121,5
1526391578.376567359	130	40	48	0	1	1	2	-71	75369	7	1	1596	1478	135,135
1526391578.388351249	141	40	48	0	1	1	2	-72	75370	6	1	1596	1478	121,5,121,5
1526391578.400111296	141	40	48	0	1	1	2	-72	75371	6	1	1596	1478	121,5,121,5
1526391578.412274914	141	40	48	0	1	1	2	-71	75372	6	1	1596	1478	121,5,121,5
1526391578.423620417	141	40	48	0	1	1	2	-73	75373	6	1	1596	1478	121,5,121,5
1526391578.436337995	141	40	48	0	1	1	2	-72	75374	6	1	1596	1478	121,5,121,5
1526391578.447290563	141	40	48	0	1	1	2	-72	75375	6	1	1596	1478	121,5,121,5
1526391578.458904738	141	40	48	0	1	1	2	-73	75376	6	1	1596	1478	121,5,121,5
1526391578.470674262	141	40	48	0	1	1	2	-72	75377	6	1	1596	1478	121,5,121,5
1526391578.482815769	141	40	48	0	1	1	2	-73	75378	6	1	1596	1478	121,5,121,5
1526391578.494066498	141	40	48	0	1	1	2	-73	75379	6	1	1596	1478	121,5,121,5
1526391578.505959861	141	40	48	0	1	1	2	-72	75380	6	1	1596	1478	121,5,121,5
1526391578.517711357	141	40	48	0	1	1	2	-73	75381	6	1	1596	1478	121,5,121,5
1526391578.529914370	141	40	48	0	1	1	2	-71	75383	6	1	1596	1478	121,5,121,5
1526391578.541265571	141	40	48	0	1	1	2	-72	75384	6	1	1596	1478	121,5,121,5
1526391578.553022137	141	40	48	0	1	1	2	-72	75385	6	1	1596	1478	121,5,121,5
1526391578.564606878	141	40	48	0	1	1	2	-72	75386	6	1	1596	1478	121,5,121,5
1526391578.576358429	141	40	48	0	1	1	2	-72	75387	6	1	1596	1478	121,5,121,5
1526391578.588069337	141	40	48	0	1	1	2	-73	75388	6	1	1596	1478	121,5,121,5
1526391578.599872568	141	40	48	0	1	1	2	-72	75389	6	1	1596	1478	121,5,121,5
1526391578.611645382	141	40	48	0	1	1	2	-72	75390	6	1	1596	1478	121,5,121,5
1526391578.623544385	141	40	48	0	1	1	2	-72	75391	6	1	1596	1478	121,5,121,5
1526391578.635295931	141	40	48	0	1	1	2	-73	75392	6	1	1596	1478	121,5,121,5
1526391578.647082767	141	40	48	0	1	1	2	-72	75393	6	1	1596	1478	121,5,121,5
1526391578.658667055	141	40	48	0	1	1	2	-72	75394	6	1	1596	1478	121,5,121,5
1526391578.670508396	141	40	48	0	1	1	2	-73	75395	6	1	1596	1478	121,5,121,5
1526391578.682338575	141	40	48	0	1	1	2	-72	75396	6	1	1596	1478	121,5,121,5
1526391578.694099615	130	40	48	0	1	1	2	-72	75397	7	1	1596	1478	135,135
1526391578.705872994	141	40	48	0	1	1	2	-73	75398	6	1	1596	1478	121,5,121,5
1526391578.717629284	141	40	48	0	1	1	2	-72	75399	6	1	1596	1478	121,5,121,5
1526391578.729388432	141	40	48	0	1	1	2	-72	75400	6	1	1596	1478	121,5,121,5
1526391578.743897445	141	40	48	0	1	1	2	-72	75401	6	1	1596	1478	121,5,121,5
1526391578.753868657	141	40	48	0	1	1	2	-72	75402	6	1	1596	1478	121,5,121,5
1526391578.765915589	141	40	48	0	1	1	2	-72	75404	6	1	1596	1478	121,5,121,5
1526391578.776608450	141	40	48	0	1	1	2	-71	75405	6	1	1596	1478	121,5,121,5
1526391578.788200889	141	40	48	0	1	1	2	-72	75406	6	1	1596	1478	121,5,121,5
1526391578.799939626	141	40	48	0	1	1	2	-72	75407	6	1	1596	1478	121,5,121,5
1526391578.812797803	141	40	48	0	1	1	2	-72	75409	6	1	1596	1478	121,5,121,5
1526391578.823381665	141	40	48	0	1	1	2	-72	75410	6	1	1596	1478	121,5,121,5
1526391578.835223029	141	40	48	0	1	1	2	-73	75411	6	1	1596	1478	121,5,121,5
1526391578.846939182	141	40	48	0	1	1	2	-72	75412	6	1	1596	1478	121,5,121,5
1526391578.859009360	141	40	48	0	1	1	2	-72	75413	6	1	1596	1478	121,5,121,5
1526391578.870442262	141	40	48	0	1	1	2	-73	75414	6	1	1596	1478	121,5,121,5
1526391578.870933384	141	40	48	0	1	1	2	-73	75415	6	1	1596	1478	121,5,121,5
1526391578.882251845	141	40	48	0	1	1	2	-72	75416	6	1	1596	1478	121,5,121,5
1526391578.894585728	141	40	48	0	1	1	2	-72	75417	6	1	1596	1478	121,5,121,5
1526391578.906637795	141	40	48	0	1	1	2	-72	75418	6	1	1596	1478	121,5,121,5
1526391578.917542868	141	40	48	0	1	1	2	-73	75419	6	1	1596	1478	121,5,121,5
1526391578.929312502	141	40	48	0	1	1	2	-72	75420	6	1	1596	1478	121,5,121,5
1526391578.941806590	141	40	48	0	1	1	2	-72	75422	6	1	1596	1478	121,5,121,5
1526391578.952861169	141	40	48	0	1	1	2	-73	75423	6	1	1596	1478	121,5,121,5
1526391578.964617111	141	40	48	0	1	1	2	-73	75424	6	1	1596	1478	121,5,121,5
1526391578.976280717	141	40	48	0	1	1	2	-73	75425	6	1	1596	1478	121,5,121,5
1526391578.988357111	141	40	48	0	1	1	2	-73	75426	6	1	1596	1478	121,5,121,5
1526391578.999873239	141	40	48	0	1	1	2	-73	75427	6	1	1596	1478	121,5,121,5
1526391579.011626861	141	40	48	0	1	1	2	-73	75428	6	1	1596	1478	121,5,121,5
1526391579.023372846	141	40	48	0	1	1	2	-73	75429	6	1	1596	1478	121,5,121,5
1526391579.036281346	141	40	48	0	1	1	2	-73	75430	6	1	1596	1478	121,5,121,5
1526391579.047184259	141	40	48	0	1	1	2	-73	75431	6	1	1596	1478	121,5,121,5
1526391579.058667905	141	40	48	0	1	1	2	-73	75432	6	1	1596	1478	121,5,121,5
1526391579.070443277	141	40	48	0	1	1	2	-73	75433	6	1	1596	1478	121,5,121,5
1526391579.082199178	141	40	48	0	1	1	2	-74	75434	6	1	1596	1478	121,5,121,5
1526391579.093871927	141	40	48	0	1	1	2	-74	75435	6	1	1596	1478	121,5,121,5
1526391579.106132773	141	40	48	0	1	1	2	-73	75436	6	1	1596	1478	121,5,121,5
1526391579.117481786	141	40	48	0	1	1	2	-74	75437	6	1	1596	1478	121,5,121,5
1526391579.129704751	141	40	48	0	1	1	2	-74	75439	6	1	1596	1478	121,5,121,5
1526391579.140908916	141	40	48	0	1	1	2	-73	75440	6	1	1596	1478	121,5,121,5
1526391579.152779056	141	40	48	0	1	1	2	-73	75441	6	1	1596	1478	121,5,121,5
1526391579.164533214	141	40	48	0	1	1	2	-73	75442	6	1	1596	1478	121,5,121,5
1526391579.176259726	141	40	48	0	1	1	2	-72	75443	6	1	1596	1478	121,5,121,5
1526391579.188046451	141	40	48	0	1	1	2	-72	75444	6	1	1596	1478	121,5,121,5
1526391579.199795204	141	40	48	0	1	1	2	-72	75445	6	1	1596	1478	121,5,121,5
1526391579.211818015	141	40	48	0	1	1	2	-71	75446	6	1	1596	1478	121,5,121,5
1526391579.223326459	141	40	48	0	1	1	2	-72	75447	6	1	1596	1478	121,5,121,5
1526391579.235081722	141	40	48	0	1	1	2	-71	75448	6	1	1596	1478	121,5,121,5
1526391579.246817172	141	40	48	0	1	1	2	-72	75449	6	1	1596	1478	121,5,121,5
1526391579.258620183	141	40	48	0	1	1	2	-72	75450	6	1	1596	1478	121,5,121,5
1526391579.270767545	141	40	48	0	1	1	2	-72	75452	6	1	1596	1478	121,5,121,5
1526391579.282094610	141	40	48	0	1	1	2	-72	75453	6	1	1596	1478	121,5,121,5
1526391579.293883262	141	40	48	0	1	1	2	-72	75454	6	1	1596	1478	121,5,121,5
1526391579.305667342	141	40	48	0	1	1	2	-72	75455	6	1	1596	1478	121,5,121,5
1526391579.317808847	141	40	48	0	1	1	2	-72	75456	6	1	1596	1478	121,5,121,5
1526391579.329049878	141	40	48	0	1	1	2	-73	75457	6	1	1596	1478	121,5,121,5
1526391579.340794696	141	40	48	0	1	1	2	-73	75458	6	1	1596	1478	121,5,121,5
1526391579.352547498	141	40	48	0	1	1	2	-72	75459	6	1	1596	1478	121,5,121,5
1526391579.364446499	141	40	48	0	1	1	2	-72	75460	6	1	1596	1478	121,5,121,5
1526391579.376186501	141	40	48	0	1	1	2	-71	75461	6	1	1596	1478	121,5,121,5
1526391579.387952586	141	40	48	0	1	1	2	-71	75462	6	1	1596	1478	121,5,121,5
1526391579.399674339	141	40	48	0	1	1	2	-71	75463	6	1	1596	1478	121,5,121,5
1526391579.411480401	141	40	48	0	1	1	2	-71	75464	6	1	1596	1478	121,5,121,5
1526391579.423239783	141	40	48	0	1	1	2	-71	75465	6	1	1596	1478	121,5,121,5
1526391579.434967553	130	40	48	0	1	1	2	-70	75466	7	1	1596	1478	135,135
1526391579.446747713	141	40	48	0	1	1	2	-71	75467	6	1	1596	1478	121,5,121,5
1526391579.458934059	141	40	48	0	1	1	2	-70	75468	6	1	1596	1478	121,5,121,5
1526391579.470270378	141	40	48	0	1	1	2	-71	75469	6	1	1596	1478	121,5,121,5
1526391579.482009776	141	40	48	0	1	1	2	-71	75470	6	1	1596	1478	121,5,121,5
1526391579.493791004	130	40	48	0	1	1	2	-71	75471	7	1	1596	1478	135,135
1526391579.505547873	141	40	48	0	1	1	2	-71	75472	6	1	1596	1478	121,5,121,5
1526391579.517288234	141	40	48	0	1	1	2	-72	75473	6	1	1596	1478	121,5,121,5
1526391579.528941994	141	40	48	0	1	1	2	-72	75474	6	1	1596	1478	121,5,121,5
1526391579.540716008	141	40	48	0	1	1	2	-71	75475	6	1	1596	1478	121,5,121,5
1526391579.552542704	130	40	48	0	1	1	2	-71	75476	7	1	1596	1478	135,135
1526391579.566218484	141	40	48	0	1	1	2	-71	75479	6	1	1596	1478	121,5,121,5
1526391579.576418310	141	40	48	0	1	1	2	-71	75480	6	1	1596	1478	121,5,121,5
1526391579.587856237	141	40	48	0	1	1	2	-72	75481	6	1	1596	1478	121,5,121,5
1526391579.599557476	141	40	48	0	1	1	2	-71	75482	6	1	1596	1478	121,5,121,5
1526391579.611379661	141	40	48	0	1	1	2	-72	75483	6	1	1596	1478	121,5,121,5
1526391579.623394353	141	40	48	0	1	1	2	-73	75484	6	1	1596	1478	121,5,121,5
1526391579.634823366	141	40	48	0	1	1	2	-72	75485	6	1	1596	1478	121,5,121,5
1526391579.646597462	141	40	48	0	1	1	2	-72	75486	6	1	1596	1478	121,5,121,5
1526391579.658430825	130	40	48	0	1	1	2	-72	75487	7	1	1596	1478	135,135
1526391579.670407851	141	40	48	0	1	1	2	-72	75488	6	1	1596	1478	121,5,121,5
1526391579.681964488	141	40	48	0	1	1	2	-72	75489	6	1	1596	1478	121,5,121,5
1526391579.693743571	141	40	48	0	1	1	2	-72	75490	6	1	1596	1478	121,5,121,5
1526391579.705393317	141	40	48	0	1	1	2	-72	75491	6	1	1596	1478	121,5,121,5
1526391579.717231428	130	40	48	0	1	1	2	-72	75492	7	1	1596	1478	135,135
1526391579.728998888	141	40	48	0	1	1	2	-72	75493	6	1	1596	1478	121,5,121,5
1526391579.740734199	141	40	48	0	1	1	2	-72	75494	6	1	1596	1478	121,5,121,5
1526391579.752511131	141	40	48	0	1	1	2	-72	75495	6	1	1596	1478	121,5,121,5
1526391579.765054614	141	40	48	0	1	1	2	-72	75496	6	1	1596	1478	121,5,121,5
1526391579.775953539	130	40	48	0	1	1	2	-72	75497	7	1	1596	1478	135,135
1526391579.787785415	141	40	48	0	1	1	2	-72	75498	6	1	1596	1478	121,5,121,5
1526391579.799569016	141	40	48	0	1	1	2	-71	75499	6	1	1596	1478	121,5,121,5
1526391579.811310266	141	40	48	0	1	1	2	-72	75500	6	1	1596	1478	121,5,121,5
1526391579.823072525	141	40	48	0	1	1	2	-73	75501	6	1	1596	1478	121,5,121,5
1526391579.834824612	130	40	48	0	1	1	2	-72	75502	7	1	1596	1478	135,135
1526391579.846480203	141	40	48	0	1	1	2	-72	75503	6	1	1596	1478	121,5,121,5
1526391579.858357479	141	40	48	0	1	1	2	-72	75504	6	1	1596	1478	121,5,121,5
1526391579.870154843	141	40	48	0	1	1	2	-72	75505	6	1	1596	1478	121,5,121,5
1526391579.881722703	141	40	48	0	1	1	2	-72	75506	6	1	1596	1478	121,5,121,5
1526391579.893470382	130	40	48	0	1	1	2	-72	75507	7	1	1596	1478	135,135
1526391579.906942465	141	40	48	0	1	1	2	-72	75510	6	1	1596	1478	121,5,121,5
1526391579.917141365	141	40	48	0	1	1	2	-71	75511	6	1	1596	1478	121,5,121,5
1526391579.928914244	141	40	48	0	1	1	2	-72	75512	6	1	1596	1478	121,5,121,5
1526391579.940572586	141	40	48	0	1	1	2	-72	75513	6	1	1596	1478	121,5,121,5
1526391579.952326264	141	40	48	0	1	1	2	-72	75514	6	1	1596	1478	121,5,121,5
1526391579.964049232	141	40	48	0	1	1	2	-72	75515	6	1	1596	1478	121,5,121,5
1526391579.978364634	153	40	48	0	1	1	2	-72	75516	5	1	1596	1478	108,108
1526391579.987696800	153	40	48	0	1	1	2	-72	75517	5	1	1596	1478	108,108
1526391579.999490284	153	40	48	0	1	1	2	-72	75518	5	1	1596	1478	108,108
1526391580.011228616	153	40	48	0	1	1	2	-72	75519	5	1	1596	1478	108,108
1526391580.022931449	153	40	48	0	1	1	2	-71	75520	5	1	1596	1478	108,108
1526391580.034654440	153	40	48	0	1	1	2	-71	75521	5	1	1596	1478	108,108
1526391580.046514226	153	40	48	0	1	1	2	-71	75522	5	1	1596	1478	108,108
1526391580.058294804	153	40	48	0	1	1	2	-71	75523	5	1	1596	1478	108,108
1526391580.071188830	141	40	48	0	1	1	2	-71	75524	6	1	1596	1478	121,5,121,5
1526391580.081816851	153	40	48	0	1	1	2	-71	75525	5	1	1596	1478	108,108
1526391580.093568392	153	40	48	0	1	1	2	-71	75526	5	1	1596	1478	108,108
1526391580.105346774	153	40	48	0	1	1	2	-71	75527	5	1	1596	1478	108,108
1526391580.117062676	153	40	48	0	1	1	2	-71	75528	5	1	1596	1478	108,108
1526391580.128824174	141	40	48	0	1	1	2	-71	75529	6	1	1596	1478	121,5,121,5
1526391580.140517214	153	40	48	0	1	1	2	-70	75530	5	1	1596	1478	108,108
1526391580.152290456	153	40	48	0	1	1	2	-71	75531	5	1	1596	1478	108,108
1526391580.164412035	153	40	48	0	1	1	2	-70	75533	5	1	1596	1478	108,108
1526391580.176763764	153	40	48	0	1	1	2	-70	75534	5	1	1596	1478	108,108
1526391580.187636710	141	40	48	0	1	1	2	-71	75535	6	1	1596	1478	121,5,121,5
1526391580.199400935	153	40	48	0	1	1	2	-70	75536	5	1	1596	1478	108,108
1526391580.211164871	153	40	48	0	1	1	2	-71	75537	5	1	1596	1478	108,108
1526391580.222938026	153	40	48	0	1	1	2	-71	75538	5	1	1596	1478	108,108
1526391580.234691472	153	40	48	0	1	1	2	-70	75539	5	1	1596	1478	108,108
1526391580.246336583	141	40	48	0	1	1	2	-71	75540	6	1	1596	1478	121,5,121,5
1526391580.258188964	141	40	48	0	1	1	2	-71	75541	6	1	1596	1478	121,5,121,5
1526391580.269927681	141	40	48	0	1	1	2	-71	75542	6	1	1596	1478	121,5,121,5
1526391580.284422097	141	40	48	0	1	1	2	-71	75543	6	1	1596	1478	121,5,121,5
1526391580.293456372	141	40	48	0	1	1	2	-71	75544	6	1	1596	1478	121,5,121,5
1526391580.305640422	141	40	48	0	1	1	2	-72	75546	6	1	1596	1478	121,5,121,5
1526391580.317025216	141	40	48	0	1	1	2	-71	75547	6	1	1596	1478	121,5,121,5
1526391580.328745768	141	40	48	0	1	1	2	-71	75548	6	1	1596	1478	121,5,121,5
1526391580.340623912	141	40	48	0	1	1	2	-71	75549	6	1	1596	1478	121,5,121,5
1526391580.352656326	141	40	48	0	1	1	2	-71	75550	6	1	1596	1478	121,5,121,5
1526391580.363936496	141	40	48	0	1	1	2	-71	75551	6	1	1596	1478	121,5,121,5
1526391580.375693175	141	40	48	0	1	1	2	-72	75552	6	1	1596	1478	121,5,121,5
1526391580.387568382	141	40	48	0	1	1	2	-71	75553	6	1	1596	1478	121,5,121,5
1526391580.399306614	141	40	48	0	1	1	2	-72	75554	6	1	1596	1478	121,5,121,5
1526391580.411095722	141	40	48	0	1	1	2	-72	75555	6	1	1596	1478	121,5,121,5
1526391580.422821492	141	40	48	0	1	1	2	-72	75556	6	1	1596	1478	121,5,121,5
1526391580.434593206	141	40	48	0	1	1	2	-72	75557	6	1	1596	1478	121,5,121,5
1526391580.446262243	141	40	48	0	1	1	2	-72	75558	6	1	1596	1478	121,5,121,5
1526391580.458008730	141	40	48	0	1	1	2	-73	75559	6	1	1596	1478	121,5,121,5
1526391580.470273086	141	40	48	0	1	1	2	-73	75561	6	1	1596	1478	121,5,121,5
1526391580.482767728	141	40	48	0	1	1	2	-74	75562	6	1	1596	1478	121,5,121,5
1526391580.493393272	141	40	48	0	1	1	2	-73	75563	6	1	1596	1478	121,5,121,5
1526391580.505086779	141	40	48	0	1	1	2	-73	75564	6	1	1596	1478	121,5,121,5
1526391580.516822967	141	40	48	0	1	1	2	-73	75565	6	1	1596	1478	121,5,121,5
1526391580.528556911	141	40	48	0	1	1	2	-72	75566	6	1	1596	1478	121,5,121,5
1526391580.540310161	141	40	48	0	1	1	2	-73	75567	6	1	1596	1478	121,5,121,5
1526391580.551942269	141	40	48	0	1	1	2	-72	75568	6	1	1596	1478	121,5,121,5
1526391580.563819215	141	40	48	0	1	1	2	-73	75569	6	1	1596	1478	121,5,121,5
1526391580.575903022	141	40	48	0	1	1	2	-73	75571	6	1	1596	1478	121,5,121,5
1526391580.587596261	141	40	48	0	1	1	2	-74	75572	6	1	1596	1478	121,5,121,5
1526391580.599093750	141	40	48	0	1	1	2	-73	75573	6	1	1596	1478	121,5,121,5
1526391580.610867092	141	40	48	0	1	1	2	-74	75574	6	1	1596	1478	121,5,121,5
1526391580.622636159	141	40	48	0	1	1	2	-74	75575	6	1	1596	1478	121,5,121,5
1526391580.634775329	141	40	48	0	1	1	2	-73	75577	6	1	1596	1478	121,5,121,5
1526391580.646066399	141	40	48	0	1	1	2	-72	75578	6	1	1596	1478	121,5,121,5
1526391580.657893084	141	40	48	0	1	1	2	-73	75579	6	1	1596	1478	121,5,121,5
1526391580.669668008	141	40	48	0	1	1	2	-73	75580	6	1	1596	1478	121,5,121,5
1526391580.681406339	141	40	48	0	1	1	2	-74	75581	6	1	1596	1478	121,5,121,5
1526391580.693311840	141	40	48	0	1	1	2	-73	75582	6	1	1596	1478	121,5,121,5
1526391580.705986910	141	40	48	0	1	1	2	-73	75584	6	1	1596	1478	121,5,121,5
1526391580.716681144	141	40	48	0	1	1	2	-72	75585	6	1	1596	1478	121,5,121,5
1526391580.728617732	141	40	48	0	1	1	2	-73	75586	6	1	1596	1478	121,5,121,5
1526391580.740234249	141	40	48	0	1	1	2	-73	75587	6	1	1596	1478	121,5,121,5
1526391580.754811598	153	40	48	0	1	1	2	-72	75591	5	1	1596	1478	108,108
1526391580.763741952	153	40	48	0	1	1	2	-73	75592	5	1	1596	1478	108,108
1526391580.775500182	153	40	48	0	1	1	2	-73	75593	5	1	1596	1478	108,108
1526391580.787749174	153	40	48	0	1	1	2	-73	75594	5	1	1596	1478	108,108
1526391580.799407041	153	40	48	0	1	1	2	-73	75596	5	1	1596	1478	108,108
1526391580.811609556	153	40	48	0	1	1	2	-73	75598	5	1	1596	1478	108,108
1526391580.822570578	153	40	48	0	1	1	2	-72	75599	5	1	1596	1478	108,108
1526391580.834409848	153	40	48	0	1	1	2	-72	75600	5	1	1596	1478	108,108
1526391580.846646262	153	40	48	0	1	1	2	-72	75602	5	1	1596	1478	108,108
1526391580.857943585	153	40	48	0	1	1	2	-72	75603	5	1	1596	1478	108,108
