1526391707.341183365	109	40	48	0	1	1	2	-80	78155	4	4	1596	1478	175,5,175,5
1526391707.341226396	109	40	48	0	1	1	2	-80	78155	4	4	1596	1478	175,5,175,5
1526391707.341236567	109	40	48	0	1	1	2	-80	78155	4	4	1596	1478	175,5,175,5
1526391707.341243160	109	40	48	0	1	1	2	-80	78155	4	4	1596	1478	175,5,175,5
1526391707.341250899	109	40	48	0	1	1	2	-80	78155	4	4	1596	1478	175,5,175,5
1526391707.341257978	109	40	48	0	1	1	2	-80	78155	4	4	1596	1478	175,5,175,5
1526391707.341269650	109	40	48	0	1	1	2	-80	78155	4	4	1596	1478	175,5,175,5
1526391707.341276455	109	40	48	0	1	1	2	-80	78155	4	4	1596	1478	175,5,175,5
1526391707.341283694	109	40	48	0	1	1	2	-80	78155	4	4	1596	1478	175,5,175,5
1526391707.341291501	109	40	48	0	1	1	2	-80	78155	4	4	1596	1478	175,5,175,5
1526391707.341299697	109	40	48	0	1	1	2	-80	78155	4	4	1596	1478	175,5,175,5
1526391707.341307709	109	40	48	0	1	1	2	-80	78155	4	4	1596	1478	175,5,175,5
1526391707.341315262	109	40	48	0	1	1	2	-80	78155	4	4	1596	1478	175,5,175,5
1526391707.341321318	109	40	48	0	1	1	2	-80	78155	4	4	1596	1478	175,5,175,5
1526391707.341493292	109	40	48	0	1	1	2	-80	78155	4	4	1596	1478	175,5,175,5
1526391707.341517670	109	40	48	0	1	1	2	-80	78155	4	4	1596	1478	175,5,175,5
1526391707.341526924	109	40	48	0	1	1	2	-80	78155	4	4	1596	1478	175,5,175,5
1526391707.349041817	153	40	48	0	2	0	2	-80	78156	3	1	1596	1478	108,108
1526391707.354970814	153	40	48	0	2	0	2	-80	78157	3	1	1596	1478	108,108
1526391707.366574656	153	40	48	0	2	0	2	-80	78158	3	1	1596	1478	108,108
1526391707.378309221	153	40	48	0	2	0	2	-80	78159	3	1	1596	1478	108,108
1526391707.390113908	153	40	48	0	2	0	2	-81	78160	3	1	1596	1478	108,108
1526391707.401856739	153	40	48	0	2	0	2	-81	78161	3	1	1596	1478	108,108
1526391707.413606982	153	40	48	0	2	0	2	-81	78162	3	1	1596	1478	108,108
1526391707.425370657	153	40	48	0	2	0	2	-81	78163	3	1	1596	1478	108,108
1526391707.437543140	144	40	60	0	2	0	2	-81	78164	1	4	1596	1478	117,117
1526391707.450233157	109	40	48	0	1	1	2	-80	78165	4	4	1596	1478	175,5,175,5
1526391707.461583380	109	40	48	0	1	1	2	-80	78166	4	4	1596	1478	175,5,175,5
1526391707.472392302	109	40	48	0	1	1	2	-80	78167	4	4	1596	1478	175,5,175,5
1526391707.484126315	109	40	48	0	1	1	2	-80	78168	4	4	1596	1478	175,5,175,5
1526391707.496638178	109	40	48	0	1	1	2	-80	78169	4	4	1596	1478	175,5,175,5
1526391707.507656195	109	40	48	0	1	1	2	-80	78170	4	4	1596	1478	175,5,175,5
1526391707.519449911	109	40	48	0	1	1	2	-80	78171	4	4	1596	1478	175,5,175,5
1526391707.531269787	109	40	48	0	1	1	2	-80	78172	4	4	1596	1478	175,5,175,5
1526391707.543321270	109	40	48	0	1	1	2	-80	78173	4	4	1596	1478	175,5,175,5
1526391707.554715753	109	40	48	0	1	1	2	-79	78174	4	4	1596	1478	175,5,175,5
1526391707.566473944	109	40	48	0	1	1	2	-79	78175	4	4	1596	1478	175,5,175,5
1526391707.578216303	109	40	48	0	1	1	2	-80	78176	4	4	1596	1478	175,5,175,5
1526391707.589971629	109	40	48	0	1	1	2	-79	78177	4	4	1596	1478	175,5,175,5
1526391707.601684544	109	40	48	0	1	1	2	-80	78178	4	4	1596	1478	175,5,175,5
1526391707.613521031	109	40	48	0	1	1	2	-80	78179	4	4	1596	1478	175,5,175,5
1526391707.625792507	109	40	48	0	1	1	2	-74	78180	4	4	1596	1478	175,5,175,5
1526391707.637003806	109	40	48	0	1	1	2	-79	78181	4	4	1596	1478	175,5,175,5
1526391707.648771702	109	40	48	0	1	1	2	-79	78182	4	4	1596	1478	175,5,175,5
1526391707.661587807	109	40	48	0	1	1	2	-79	78183	4	4	1596	1478	175,5,175,5
1526391707.672306537	109	40	48	0	1	1	2	-79	78184	4	4	1596	1478	175,5,175,5
1526391707.684054364	109	40	48	0	1	1	2	-79	78185	4	4	1596	1478	175,5,175,5
1526391707.695832665	109	40	48	0	1	1	2	-79	78186	4	4	1596	1478	175,5,175,5
1526391707.707582407	109	40	48	0	1	1	2	-79	78187	4	4	1596	1478	175,5,175,5
1526391707.719365295	109	40	48	0	1	1	2	-79	78188	4	4	1596	1478	175,5,175,5
1526391707.731116607	109	40	48	0	1	1	2	-79	78189	4	4	1596	1478	175,5,175,5
1526391707.742804522	109	40	48	0	1	1	2	-79	78190	4	4	1596	1478	175,5,175,5
1526391707.754873045	109	40	48	0	1	1	2	-79	78191	4	4	1596	1478	175,5,175,5
1526391707.766406412	109	40	48	0	1	1	2	-79	78192	4	4	1596	1478	175,5,175,5
1526391707.778129581	109	40	48	0	1	1	2	-79	78193	4	4	1596	1478	175,5,175,5
1526391707.789874676	109	40	48	0	1	1	2	-79	78194	4	4	1596	1478	175,5,175,5
1526391707.802023364	109	40	48	0	1	1	2	-79	78195	4	4	1596	1478	175,5,175,5
1526391707.813414438	109	40	48	0	1	1	2	-79	78196	4	4	1596	1478	175,5,175,5
1526391707.825258230	109	40	48	0	1	1	2	-79	78197	4	4	1596	1478	175,5,175,5
1526391707.836800305	109	40	48	0	1	1	2	-79	78198	4	4	1596	1478	175,5,175,5
1526391707.848587233	109	40	48	0	1	1	2	-80	78199	4	4	1596	1478	175,5,175,5
1526391707.860460105	109	40	48	0	1	1	2	-80	78200	4	4	1596	1478	175,5,175,5
1526391707.872164226	109	40	48	0	1	1	2	-79	78201	4	4	1596	1478	175,5,175,5
1526391707.883967779	109	40	48	0	1	1	2	-79	78202	4	4	1596	1478	175,5,175,5
1526391707.895720032	109	40	48	0	1	1	2	-80	78203	4	4	1596	1478	175,5,175,5
1526391707.907503463	109	40	48	0	1	1	2	-80	78204	4	4	1596	1478	175,5,175,5
1526391707.919169716	109	40	48	0	1	1	2	-80	78205	4	4	1596	1478	175,5,175,5
1526391707.931011859	109	40	48	0	1	1	2	-80	78206	4	4	1596	1478	175,5,175,5
1526391707.942727290	109	40	48	0	1	1	2	-81	78207	4	4	1596	1478	175,5,175,5
1526391707.954523492	109	40	48	0	1	1	2	-80	78208	4	4	1596	1478	175,5,175,5
1526391707.966648393	109	40	48	0	1	1	2	-80	78209	4	4	1596	1478	175,5,175,5
1526391707.978099403	109	40	48	0	1	1	2	-80	78210	4	4	1596	1478	175,5,175,5
1526391707.989687655	109	40	48	0	1	1	2	-80	78211	4	4	1596	1478	175,5,175,5
1526391708.001457991	109	40	48	0	1	1	2	-80	78212	4	4	1596	1478	175,5,175,5
1526391708.013326542	109	40	48	0	1	1	2	-80	78213	4	4	1596	1478	175,5,175,5
1526391708.025137805	109	40	48	0	1	1	2	-79	78214	4	4	1596	1478	175,5,175,5
1526391708.037042301	109	40	48	0	1	1	2	-79	78215	4	4	1596	1478	175,5,175,5
1526391708.048610202	109	40	48	0	1	1	2	-80	78216	4	4	1596	1478	175,5,175,5
1526391708.060506752	109	40	48	0	1	1	2	-79	78217	4	4	1596	1478	175,5,175,5
1526391708.076807572	109	40	48	0	1	1	2	-79	78219	4	4	1596	1478	175,5,175,5
1526391708.083902339	109	40	48	0	1	1	2	-80	78220	4	4	1596	1478	175,5,175,5
1526391708.095539968	109	40	48	0	1	1	2	-79	78221	4	4	1596	1478	175,5,175,5
1526391708.107409160	109	40	48	0	1	1	2	-80	78222	4	4	1596	1478	175,5,175,5
1526391708.119170202	109	40	48	0	1	1	2	-80	78223	4	4	1596	1478	175,5,175,5
1526391708.130933568	109	40	48	0	1	1	2	-80	78224	4	4	1596	1478	175,5,175,5
1526391708.142565413	109	40	48	0	1	1	2	-80	78225	4	4	1596	1478	175,5,175,5
1526391708.154477759	109	40	48	0	1	1	2	-80	78226	4	4	1596	1478	175,5,175,5
1526391708.166422355	109	40	48	0	1	1	2	-80	78227	4	4	1596	1478	175,5,175,5
1526391708.177977930	109	40	48	0	1	1	2	-80	78228	4	4	1596	1478	175,5,175,5
1526391708.189734941	109	40	48	0	1	1	2	-79	78229	4	4	1596	1478	175,5,175,5
1526391708.201492864	109	40	48	0	1	1	2	-79	78230	4	4	1596	1478	175,5,175,5
1526391708.213641954	109	40	48	0	1	1	2	-79	78231	4	4	1596	1478	175,5,175,5
1526391708.225021858	109	40	48	0	1	1	2	-79	78232	4	4	1596	1478	175,5,175,5
1526391708.236771361	109	40	48	0	1	1	2	-79	78233	4	4	1596	1478	175,5,175,5
1526391708.248444050	109	40	48	0	1	1	2	-80	78234	4	4	1596	1478	175,5,175,5
1526391708.260289553	109	40	48	0	1	1	2	-79	78235	4	4	1596	1478	175,5,175,5
1526391708.272493108	109	40	48	0	1	1	2	-79	78236	4	4	1596	1478	175,5,175,5
1526391708.283764590	109	40	48	0	1	1	2	-80	78237	4	4	1596	1478	175,5,175,5
1526391708.295575662	109	40	48	0	1	1	2	-79	78238	4	4	1596	1478	175,5,175,5
1526391708.307337829	109	40	48	0	1	1	2	-79	78239	4	4	1596	1478	175,5,175,5
1526391708.319116454	109	40	48	0	1	1	2	-79	78240	4	4	1596	1478	175,5,175,5
1526391708.331250692	109	40	48	0	1	1	2	-79	78241	4	4	1596	1478	175,5,175,5
1526391708.342897049	109	40	48	0	1	1	2	-74	78242	4	4	1596	1478	175,5,175,5
1526391708.354287921	109	40	48	0	1	1	2	-79	78243	4	4	1596	1478	175,5,175,5
1526391708.366130605	109	40	48	0	1	1	2	-79	78244	4	4	1596	1478	175,5,175,5
1526391708.379220786	109	40	48	0	1	1	2	-80	78245	4	4	1596	1478	175,5,175,5
1526391708.389685960	109	40	48	0	1	1	2	-79	78246	4	4	1596	1478	175,5,175,5
1526391708.401397048	109	40	48	0	1	1	2	-79	78247	4	4	1596	1478	175,5,175,5
1526391708.413151274	109	40	48	0	1	1	2	-79	78248	4	4	1596	1478	175,5,175,5
1526391708.424941178	109	40	48	0	1	1	2	-79	78249	4	4	1596	1478	175,5,175,5
1526391708.436719300	109	40	48	0	1	1	2	-79	78250	4	4	1596	1478	175,5,175,5
1526391708.448634839	109	40	48	0	1	1	2	-79	78251	4	4	1596	1478	175,5,175,5
1526391708.460136981	109	40	48	0	1	1	2	-79	78252	4	4	1596	1478	175,5,175,5
1526391708.471967670	109	40	48	0	1	1	2	-79	78253	4	4	1596	1478	175,5,175,5
1526391708.483758023	109	40	48	0	1	1	2	-79	78254	4	4	1596	1478	175,5,175,5
1526391708.495753496	109	40	48	0	1	1	2	-79	78255	4	4	1596	1478	175,5,175,5
1526391708.507231325	109	40	48	0	1	1	2	-79	78256	4	4	1596	1478	175,5,175,5
1526391708.519032624	109	40	48	0	1	1	2	-79	78257	4	4	1596	1478	175,5,175,5
1526391708.531133395	109	40	48	0	1	1	2	-79	78258	4	4	1596	1478	175,5,175,5
1526391708.544524045	109	40	48	0	1	1	2	-79	78261	4	4	1596	1478	175,5,175,5
1526391708.554295349	109	40	48	0	1	1	2	-79	78262	4	4	1596	1478	175,5,175,5
1526391708.566055007	109	40	48	0	1	1	2	-79	78263	4	4	1596	1478	175,5,175,5
1526391708.578160293	109	40	48	0	1	1	2	-79	78264	4	4	1596	1478	175,5,175,5
1526391708.591664188	144	40	48	0	1	1	2	-79	78266	3	4	1596	1478	117,117
1526391708.601322904	144	40	48	0	1	1	2	-79	78267	3	4	1596	1478	117,117
1526391708.613149358	144	40	48	0	1	1	2	-79	78268	3	4	1596	1478	117,117
1526391708.624880111	144	40	48	0	1	1	2	-80	78269	3	4	1596	1478	117,117
1526391708.636784125	144	40	48	0	1	1	2	-79	78270	3	4	1596	1478	117,117
1526391708.650780454	109	40	48	0	1	1	2	-79	78272	4	4	1596	1478	175,5,175,5
1526391708.660086189	109	40	48	0	1	1	2	-78	78273	4	4	1596	1478	175,5,175,5
1526391708.671890402	109	40	48	0	1	1	2	-79	78274	4	4	1596	1478	175,5,175,5
1526391708.683658998	109	40	48	0	1	1	2	-79	78275	4	4	1596	1478	175,5,175,5
1526391708.695893816	109	40	48	0	1	1	2	-78	78276	4	4	1596	1478	175,5,175,5
1526391708.707159741	109	40	48	0	1	1	2	-79	78277	4	4	1596	1478	175,5,175,5
1526391708.718928005	109	40	48	0	1	1	2	-79	78278	4	4	1596	1478	175,5,175,5
1526391708.731758044	109	40	48	0	1	1	2	-79	78279	4	4	1596	1478	175,5,175,5
1526391708.742774835	109	40	48	0	1	1	2	-79	78280	4	4	1596	1478	175,5,175,5
1526391708.754226998	109	40	48	0	1	1	2	-79	78281	4	4	1596	1478	175,5,175,5
1526391708.765972647	109	40	48	0	1	1	2	-79	78282	4	4	1596	1478	175,5,175,5
1526391708.777785589	109	40	48	0	1	1	2	-79	78283	4	4	1596	1478	175,5,175,5
1526391708.789721469	109	40	48	0	1	1	2	-79	78284	4	4	1596	1478	175,5,175,5
1526391708.801265843	109	40	48	0	1	1	2	-79	78285	4	4	1596	1478	175,5,175,5
1526391708.813150560	109	40	48	0	1	1	2	-79	78286	4	4	1596	1478	175,5,175,5
1526391708.824766149	109	40	48	0	1	1	2	-79	78287	4	4	1596	1478	175,5,175,5
1526391708.836542730	109	40	48	0	1	1	2	-78	78288	4	4	1596	1478	175,5,175,5
1526391708.848753991	109	40	48	0	1	1	2	-78	78289	4	4	1596	1478	175,5,175,5
1526391708.859962601	109	40	48	0	1	1	2	-78	78290	4	4	1596	1478	175,5,175,5
1526391708.871693814	109	40	48	0	1	1	2	-79	78291	4	4	1596	1478	175,5,175,5
1526391708.883581917	109	40	48	0	1	1	2	-78	78292	4	4	1596	1478	175,5,175,5
1526391708.895671043	109	40	48	0	1	1	2	-78	78293	4	4	1596	1478	175,5,175,5
1526391708.907015732	109	40	48	0	1	1	2	-79	78294	4	4	1596	1478	175,5,175,5
1526391708.918839077	109	40	48	0	1	1	2	-79	78295	4	4	1596	1478	175,5,175,5
1526391708.930890848	109	40	48	0	1	1	2	-79	78296	4	4	1596	1478	175,5,175,5
1526391708.942614963	109	40	48	0	1	1	2	-79	78297	4	4	1596	1478	175,5,175,5
1526391708.954040078	109	40	48	0	1	1	2	-79	78298	4	4	1596	1478	175,5,175,5
1526391708.965692440	109	40	48	0	1	1	2	-79	78299	4	4	1596	1478	175,5,175,5
1526391708.977539006	109	40	48	0	1	1	2	-79	78300	4	4	1596	1478	175,5,175,5
1526391708.989427040	109	40	48	0	1	1	2	-79	78301	4	4	1596	1478	175,5,175,5
1526391709.001198047	109	40	48	0	1	1	2	-79	78302	4	4	1596	1478	175,5,175,5
1526391709.012924032	109	40	48	0	1	1	2	-79	78303	4	4	1596	1478	175,5,175,5
1526391709.024696535	109	40	48	0	1	1	2	-79	78304	4	4	1596	1478	175,5,175,5
1526391709.036463210	109	40	48	0	1	1	2	-79	78305	4	4	1596	1478	175,5,175,5
1526391709.048217297	109	40	48	0	1	1	2	-79	78306	4	4	1596	1478	175,5,175,5
1526391709.059830689	109	40	48	0	1	1	2	-79	78307	4	4	1596	1478	175,5,175,5
1526391709.071735373	109	40	48	0	1	1	2	-79	78308	4	4	1596	1478	175,5,175,5
1526391709.083479260	109	40	48	0	1	1	2	-78	78309	4	4	1596	1478	175,5,175,5
1526391709.095489331	109	40	48	0	1	1	2	-79	78310	4	4	1596	1478	175,5,175,5
1526391709.107432010	109	40	48	0	1	1	2	-79	78311	4	4	1596	1478	175,5,175,5
1526391709.118673840	109	40	48	0	1	1	2	-78	78312	4	4	1596	1478	175,5,175,5
1526391709.130534226	109	40	48	0	1	1	2	-79	78313	4	4	1596	1478	175,5,175,5
1526391709.142198189	109	40	48	0	1	1	2	-79	78314	4	4	1596	1478	175,5,175,5
1526391709.154378406	109	40	48	0	1	1	2	-79	78315	4	4	1596	1478	175,5,175,5
1526391709.165807014	109	40	48	0	1	1	2	-79	78316	4	4	1596	1478	175,5,175,5
1526391709.177564619	109	40	48	0	1	1	2	-79	78317	4	4	1596	1478	175,5,175,5
1526391709.189330508	109	40	48	0	1	1	2	-79	78318	4	4	1596	1478	175,5,175,5
1526391709.201053416	109	40	48	0	1	1	2	-79	78319	4	4	1596	1478	175,5,175,5
1526391709.212771281	109	40	48	0	1	1	2	-79	78320	4	4	1596	1478	175,5,175,5
1526391709.224573133	109	40	48	0	1	1	2	-79	78321	4	4	1596	1478	175,5,175,5
1526391709.237524684	109	40	48	0	1	1	2	-79	78323	4	4	1596	1478	175,5,175,5
1526391709.248124034	109	40	48	0	1	1	2	-79	78324	4	4	1596	1478	175,5,175,5
1526391709.259873441	109	40	48	0	1	1	2	-78	78325	4	4	1596	1478	175,5,175,5
1526391709.272045559	109	40	48	0	1	1	2	-78	78327	4	4	1596	1478	175,5,175,5
1526391709.283397568	109	40	48	0	1	1	2	-78	78328	4	4	1596	1478	175,5,175,5
1526391709.295583112	109	40	48	0	1	1	2	-78	78329	4	4	1596	1478	175,5,175,5
1526391709.306972137	109	40	48	0	1	1	2	-79	78330	4	4	1596	1478	175,5,175,5
1526391709.318709313	109	40	48	0	1	1	2	-79	78331	4	4	1596	1478	175,5,175,5
1526391709.330451640	109	40	48	0	1	1	2	-79	78332	4	4	1596	1478	175,5,175,5
1526391709.342217492	109	40	48	0	1	1	2	-79	78333	4	4	1596	1478	175,5,175,5
1526391709.353962259	109	40	48	0	1	1	2	-79	78334	4	4	1596	1478	175,5,175,5
1526391709.366565158	109	40	48	0	1	1	2	-79	78335	4	4	1596	1478	175,5,175,5
1526391709.377405489	109	40	48	0	1	1	2	-79	78336	4	4	1596	1478	175,5,175,5
1526391709.389154655	109	40	48	0	1	1	2	-78	78337	4	4	1596	1478	175,5,175,5
1526391709.404491249	109	40	48	0	1	1	2	-79	78338	4	4	1596	1478	175,5,175,5
1526391709.412753060	109	40	48	0	1	1	2	-79	78339	4	4	1596	1478	175,5,175,5
1526391709.424535504	109	40	48	0	1	1	2	-79	78340	4	4	1596	1478	175,5,175,5
1526391709.436676550	109	40	48	0	1	1	2	-78	78341	4	4	1596	1478	175,5,175,5
1526391709.447959585	109	40	48	0	1	1	2	-78	78342	4	4	1596	1478	175,5,175,5
1526391709.459726208	109	40	48	0	1	1	2	-79	78343	4	4	1596	1478	175,5,175,5
1526391709.471560510	109	40	48	0	1	1	2	-79	78344	4	4	1596	1478	175,5,175,5
1526391709.483361022	109	40	48	0	1	1	2	-78	78345	4	4	1596	1478	175,5,175,5
1526391709.495098433	109	40	48	0	1	1	2	-79	78346	4	4	1596	1478	175,5,175,5
1526391709.507547436	109	40	48	0	1	1	2	-79	78347	4	4	1596	1478	175,5,175,5
1526391709.518644099	109	40	48	0	1	1	2	-79	78348	4	4	1596	1478	175,5,175,5
1526391709.530376922	109	40	48	0	1	1	2	-78	78349	4	4	1596	1478	175,5,175,5
1526391709.542128012	109	40	48	0	1	1	2	-79	78350	4	4	1596	1478	175,5,175,5
1526391709.554304308	109	40	48	0	1	1	2	-79	78351	4	4	1596	1478	175,5,175,5
1526391709.566478880	109	40	48	0	1	1	2	-79	78352	4	4	1596	1478	175,5,175,5
1526391709.577404336	109	40	48	0	1	1	2	-79	78353	4	4	1596	1478	175,5,175,5
1526391709.589179544	109	40	48	0	1	1	2	-79	78354	4	4	1596	1478	175,5,175,5
1526391709.600956969	109	40	48	0	1	1	2	-79	78355	4	4	1596	1478	175,5,175,5
1526391709.612708587	109	40	48	0	1	1	2	-79	78356	4	4	1596	1478	175,5,175,5
1526391709.624402282	109	40	48	0	1	1	2	-79	78357	4	4	1596	1478	175,5,175,5
1526391709.636162979	109	40	48	0	1	1	2	-79	78358	4	4	1596	1478	175,5,175,5
1526391709.648044437	109	40	48	0	1	1	2	-79	78359	4	4	1596	1478	175,5,175,5
1526391709.660107503	109	40	48	0	1	1	2	-79	78360	4	4	1596	1478	175,5,175,5
1526391709.671533824	109	40	48	0	1	1	2	-79	78361	4	4	1596	1478	175,5,175,5
1526391709.683306793	109	40	48	0	1	1	2	-79	78362	4	4	1596	1478	175,5,175,5
1526391709.695079803	109	40	48	0	1	1	2	-79	78363	4	4	1596	1478	175,5,175,5
1526391709.706836513	109	40	48	0	1	1	2	-79	78364	4	4	1596	1478	175,5,175,5
1526391709.718587766	109	40	48	0	1	1	2	-79	78365	4	4	1596	1478	175,5,175,5
1526391709.730344338	109	40	48	0	1	1	2	-80	78366	4	4	1596	1478	175,5,175,5
1526391709.742096815	109	40	48	0	1	1	2	-79	78367	4	4	1596	1478	175,5,175,5
1526391709.753871894	109	40	48	0	1	1	2	-80	78368	4	4	1596	1478	175,5,175,5
1526391709.765648001	109	40	48	0	1	1	2	-79	78369	4	4	1596	1478	175,5,175,5
1526391709.777280731	109	40	48	0	1	1	2	-79	78370	4	4	1596	1478	175,5,175,5
1526391709.789168836	109	40	48	0	1	1	2	-79	78371	4	4	1596	1478	175,5,175,5
1526391709.800904320	109	40	48	0	1	1	2	-79	78372	4	4	1596	1478	175,5,175,5
1526391709.812601560	109	40	48	0	1	1	2	-79	78373	4	4	1596	1478	175,5,175,5
1526391709.824831506	109	40	48	0	1	1	2	-80	78374	4	4	1596	1478	175,5,175,5
1526391709.836400487	109	40	48	0	1	1	2	-79	78375	4	4	1596	1478	175,5,175,5
1526391709.847885172	109	40	48	0	1	1	2	-79	78376	4	4	1596	1478	175,5,175,5
1526391709.859544987	109	40	48	0	1	1	2	-79	78377	4	4	1596	1478	175,5,175,5
1526391709.871257399	109	40	48	0	1	1	2	-79	78378	4	4	1596	1478	175,5,175,5
1526391709.883052564	109	40	48	0	1	1	2	-79	78379	4	4	1596	1478	175,5,175,5
1526391709.894693735	109	40	48	0	1	1	2	-79	78380	4	4	1596	1478	175,5,175,5
1526391709.906583852	109	40	48	0	1	1	2	-79	78381	4	4	1596	1478	175,5,175,5
1526391709.918340992	109	40	48	0	1	1	2	-79	78382	4	4	1596	1478	175,5,175,5
1526391709.930219943	109	40	48	0	1	1	2	-78	78383	4	4	1596	1478	175,5,175,5
1526391709.941828851	109	40	48	0	1	1	2	-79	78384	4	4	1596	1478	175,5,175,5
1526391709.953986759	109	40	48	0	1	1	2	-75	78385	4	4	1596	1478	175,5,175,5
1526391709.965483153	109	40	48	0	1	1	2	-79	78386	4	4	1596	1478	175,5,175,5
1526391709.977652927	109	40	48	0	1	1	2	-79	78387	4	4	1596	1478	175,5,175,5
1526391709.988956312	109	40	48	0	1	1	2	-79	78388	4	4	1596	1478	175,5,175,5
1526391710.000629002	109	40	48	0	1	1	2	-79	78389	4	4	1596	1478	175,5,175,5
1526391710.012924814	109	40	48	0	1	1	2	-79	78390	4	4	1596	1478	175,5,175,5
1526391710.024710500	109	40	48	0	1	1	2	-79	78392	4	4	1596	1478	175,5,175,5
1526391710.036059936	109	40	48	0	1	1	2	-79	78393	4	4	1596	1478	175,5,175,5
1526391710.047807663	109	40	48	0	1	1	2	-79	78394	4	4	1596	1478	175,5,175,5
1526391710.059590727	109	40	48	0	1	1	2	-79	78395	4	4	1596	1478	175,5,175,5
1526391710.071321211	109	40	48	0	1	1	2	-79	78396	4	4	1596	1478	175,5,175,5
1526391710.083093925	109	40	48	0	1	1	2	-79	78397	4	4	1596	1478	175,5,175,5
1526391710.094871572	109	40	48	0	1	1	2	-79	78398	4	4	1596	1478	175,5,175,5
1526391710.106631185	109	40	48	0	1	1	2	-79	78399	4	4	1596	1478	175,5,175,5
1526391710.120436403	109	40	48	0	1	1	2	-79	78400	4	4	1596	1478	175,5,175,5
1526391710.130132886	109	40	48	0	1	1	2	-78	78401	4	4	1596	1478	175,5,175,5
1526391710.141781602	109	40	48	0	1	1	2	-79	78402	4	4	1596	1478	175,5,175,5
1526391710.153661167	109	40	48	0	1	1	2	-79	78403	4	4	1596	1478	175,5,175,5
1526391710.165430817	109	40	48	0	1	1	2	-79	78404	4	4	1596	1478	175,5,175,5
1526391710.177093215	109	40	48	0	1	1	2	-79	78405	4	4	1596	1478	175,5,175,5
1526391710.189320544	109	40	48	0	1	1	2	-79	78406	4	4	1596	1478	175,5,175,5
1526391710.200693105	109	40	48	0	1	1	2	-79	78407	4	4	1596	1478	175,5,175,5
1526391710.212438676	109	40	48	0	1	1	2	-79	78408	4	4	1596	1478	175,5,175,5
1526391710.224252135	109	40	48	0	1	1	2	-79	78409	4	4	1596	1478	175,5,175,5
1526391710.235990488	109	40	48	0	1	1	2	-79	78410	4	4	1596	1478	175,5,175,5
1526391710.247730593	109	40	48	0	1	1	2	-79	78411	4	4	1596	1478	175,5,175,5
1526391710.259506390	109	40	48	0	1	1	2	-79	78412	4	4	1596	1478	175,5,175,5
1526391710.271267268	109	40	48	0	1	1	2	-79	78413	4	4	1596	1478	175,5,175,5
1526391710.283014155	109	40	48	0	1	1	2	-79	78414	4	4	1596	1478	175,5,175,5
1526391710.294760107	109	40	48	0	1	1	2	-79	78415	4	4	1596	1478	175,5,175,5
1526391710.306533031	109	40	48	0	1	1	2	-80	78416	4	4	1596	1478	175,5,175,5
1526391710.318661014	109	40	48	0	1	1	2	-79	78417	4	4	1596	1478	175,5,175,5
1526391710.330070021	109	40	48	0	1	1	2	-79	78418	4	4	1596	1478	175,5,175,5
1526391710.341804387	109	40	48	0	1	1	2	-80	78419	4	4	1596	1478	175,5,175,5
1526391710.354006657	109	40	48	0	1	1	2	-79	78420	4	4	1596	1478	175,5,175,5
1526391710.365344021	109	40	48	0	1	1	2	-80	78421	4	4	1596	1478	175,5,175,5
1526391710.377339141	109	40	48	0	1	1	2	-79	78422	4	4	1596	1478	175,5,175,5
1526391710.388869513	109	40	48	0	1	1	2	-79	78423	4	4	1596	1478	175,5,175,5
1526391710.400999268	109	40	48	0	1	1	2	-79	78424	4	4	1596	1478	175,5,175,5
1526391710.412371063	109	40	48	0	1	1	2	-79	78425	4	4	1596	1478	175,5,175,5
1526391710.424122014	109	40	48	0	1	1	2	-80	78426	4	4	1596	1478	175,5,175,5
1526391710.435918692	109	40	48	0	1	1	2	-80	78427	4	4	1596	1478	175,5,175,5
1526391710.447544031	109	40	48	0	1	1	2	-79	78428	4	4	1596	1478	175,5,175,5
1526391710.459445737	109	40	48	0	1	1	2	-80	78429	4	4	1596	1478	175,5,175,5
1526391710.471170028	109	40	48	0	1	1	2	-79	78430	4	4	1596	1478	175,5,175,5
1526391710.482943384	109	40	48	0	1	1	2	-79	78431	4	4	1596	1478	175,5,175,5
1526391710.494686062	109	40	48	0	1	1	2	-79	78432	4	4	1596	1478	175,5,175,5
1526391710.506475591	109	40	48	0	1	1	2	-80	78433	4	4	1596	1478	175,5,175,5
1526391710.518821552	109	40	48	0	1	1	2	-80	78434	4	4	1596	1478	175,5,175,5
1526391710.531721814	109	40	48	0	1	1	2	-80	78435	4	4	1596	1478	175,5,175,5
1526391710.541779064	109	40	48	0	1	1	2	-80	78436	4	4	1596	1478	175,5,175,5
1526391710.553490477	109	40	48	0	1	1	2	-79	78437	4	4	1596	1478	175,5,175,5
1526391710.565619500	109	40	48	0	1	1	2	-79	78439	4	4	1596	1478	175,5,175,5
1526391710.576995593	109	40	48	0	1	1	2	-79	78440	4	4	1596	1478	175,5,175,5
1526391710.589491832	109	40	48	0	1	1	2	-79	78441	4	4	1596	1478	175,5,175,5
1526391710.600907128	109	40	48	0	1	1	2	-79	78442	4	4	1596	1478	175,5,175,5
1526391710.612160488	109	40	48	0	1	1	2	-79	78443	4	4	1596	1478	175,5,175,5
1526391710.624651327	109	40	48	0	1	1	2	-79	78444	4	4	1596	1478	175,5,175,5
1526391710.635833973	109	40	48	0	1	1	2	-79	78445	4	4	1596	1478	175,5,175,5
1526391710.647508709	109	40	48	0	1	1	2	-79	78446	4	4	1596	1478	175,5,175,5
1526391710.659652317	109	40	48	0	1	1	2	-79	78448	4	4	1596	1478	175,5,175,5
1526391710.671072685	109	40	48	0	1	1	2	-80	78449	4	4	1596	1478	175,5,175,5
1526391710.682859659	109	40	48	0	1	1	2	-79	78450	4	4	1596	1478	175,5,175,5
1526391710.694618603	109	40	48	0	1	1	2	-79	78451	4	4	1596	1478	175,5,175,5
1526391710.706355780	109	40	48	0	1	1	2	-79	78452	4	4	1596	1478	175,5,175,5
1526391710.719729530	109	40	48	0	1	1	2	-79	78454	4	4	1596	1478	175,5,175,5
1526391710.729891361	109	40	48	0	1	1	2	-79	78455	4	4	1596	1478	175,5,175,5
1526391710.741691534	109	40	48	0	1	1	2	-79	78456	4	4	1596	1478	175,5,175,5
1526391710.753967449	109	40	48	0	1	1	2	-79	78457	4	4	1596	1478	175,5,175,5
1526391710.767080169	109	40	48	0	1	1	2	-79	78458	4	4	1596	1478	175,5,175,5
1526391710.776930113	109	40	48	0	1	1	2	-78	78459	4	4	1596	1478	175,5,175,5
1526391710.788689074	109	40	48	0	1	1	2	-78	78460	4	4	1596	1478	175,5,175,5
1526391710.800939474	109	40	48	0	1	1	2	-78	78461	4	4	1596	1478	175,5,175,5
1526391710.812589252	109	40	48	0	1	1	2	-78	78462	4	4	1596	1478	175,5,175,5
1526391710.823972571	109	40	48	0	1	1	2	-78	78463	4	4	1596	1478	175,5,175,5
1526391710.836569344	109	40	48	0	1	1	2	-78	78464	4	4	1596	1478	175,5,175,5
1526391710.847797861	109	40	48	0	1	1	2	-79	78465	4	4	1596	1478	175,5,175,5
1526391710.859230427	109	40	48	0	1	1	2	-78	78466	4	4	1596	1478	175,5,175,5
1526391710.871016852	109	40	48	0	1	1	2	-79	78467	4	4	1596	1478	175,5,175,5
1526391710.882752152	109	40	48	0	1	1	2	-79	78468	4	4	1596	1478	175,5,175,5
1526391710.894403769	109	40	48	0	1	1	2	-79	78469	4	4	1596	1478	175,5,175,5
1526391710.906212450	109	40	48	0	1	1	2	-79	78470	4	4	1596	1478	175,5,175,5
1526391710.918032685	109	40	48	0	1	1	2	-79	78471	4	4	1596	1478	175,5,175,5
1526391710.929687647	109	40	48	0	1	1	2	-79	78472	4	4	1596	1478	175,5,175,5
1526391710.941486184	109	40	48	0	1	1	2	-79	78473	4	4	1596	1478	175,5,175,5
1526391710.953170776	109	40	48	0	1	1	2	-78	78474	4	4	1596	1478	175,5,175,5
1526391710.965123154	109	40	48	0	1	1	2	-79	78475	4	4	1596	1478	175,5,175,5
1526391710.976839647	109	40	48	0	1	1	2	-79	78476	4	4	1596	1478	175,5,175,5
1526391710.988970464	109	40	48	0	1	1	2	-79	78478	4	4	1596	1478	175,5,175,5
1526391711.000403007	109	40	48	0	1	1	2	-79	78479	4	4	1596	1478	175,5,175,5
1526391711.012524810	109	40	48	0	1	1	2	-79	78480	4	4	1596	1478	175,5,175,5
1526391711.023913372	109	40	48	0	1	1	2	-79	78481	4	4	1596	1478	175,5,175,5
1526391711.036049555	109	40	48	0	1	1	2	-79	78482	4	4	1596	1478	175,5,175,5
1526391711.047429755	109	40	48	0	1	1	2	-79	78483	4	4	1596	1478	175,5,175,5
1526391711.059208649	109	40	48	0	1	1	2	-79	78484	4	4	1596	1478	175,5,175,5
1526391711.070951636	109	40	48	0	1	1	2	-79	78485	4	4	1596	1478	175,5,175,5
1526391711.082675366	109	40	48	0	1	1	2	-79	78486	4	4	1596	1478	175,5,175,5
1526391711.094461605	109	40	48	0	1	1	2	-79	78487	4	4	1596	1478	175,5,175,5
1526391711.108346380	109	40	48	0	1	1	2	-73	78489	4	4	1596	1478	175,5,175,5
1526391711.117978323	109	40	48	0	1	1	2	-78	78490	4	4	1596	1478	175,5,175,5
1526391711.129719357	109	40	48	0	1	1	2	-79	78491	4	4	1596	1478	175,5,175,5
1526391711.141425585	109	40	48	0	1	1	2	-79	78492	4	4	1596	1478	175,5,175,5
1526391711.153199262	109	40	48	0	1	1	2	-79	78493	4	4	1596	1478	175,5,175,5
1526391711.165012417	109	40	48	0	1	1	2	-79	78494	4	4	1596	1478	175,5,175,5
1526391711.176782589	109	40	48	0	1	1	2	-79	78495	4	4	1596	1478	175,5,175,5
1526391711.188533502	109	40	48	0	1	1	2	-79	78496	4	4	1596	1478	175,5,175,5
1526391711.200693032	109	40	48	0	1	1	2	-79	78497	4	4	1596	1478	175,5,175,5
1526391711.212377503	109	40	48	0	1	1	2	-79	78498	4	4	1596	1478	175,5,175,5
1526391711.223822877	109	40	48	0	1	1	2	-79	78499	4	4	1596	1478	175,5,175,5
1526391711.235572581	109	40	48	0	1	1	2	-79	78500	4	4	1596	1478	175,5,175,5
1526391711.247743934	109	40	48	0	1	1	2	-79	78501	4	4	1596	1478	175,5,175,5
1526391711.259014672	109	40	48	0	1	1	2	-79	78502	4	4	1596	1478	175,5,175,5
1526391711.271187582	109	40	48	0	1	1	2	-79	78504	4	4	1596	1478	175,5,175,5
1526391711.282606089	109	40	48	0	1	1	2	-79	78505	4	4	1596	1478	175,5,175,5
1526391711.294281162	109	40	48	0	1	1	2	-79	78506	4	4	1596	1478	175,5,175,5
1526391711.306485975	109	40	48	0	1	1	2	-79	78507	4	4	1596	1478	175,5,175,5
1526391711.317902109	109	40	48	0	1	1	2	-79	78508	4	4	1596	1478	175,5,175,5
1526391711.329645621	109	40	48	0	1	1	2	-79	78509	4	4	1596	1478	175,5,175,5
1526391711.341304212	109	40	48	0	1	1	2	-79	78510	4	4	1596	1478	175,5,175,5
1526391711.353184439	109	40	48	0	1	1	2	-79	78511	4	4	1596	1478	175,5,175,5
1526391711.365312401	109	40	48	0	1	1	2	-79	78512	4	4	1596	1478	175,5,175,5
1526391711.376680526	109	40	48	0	1	1	2	-79	78513	4	4	1596	1478	175,5,175,5
1526391711.388449583	109	40	48	0	1	1	2	-79	78514	4	4	1596	1478	175,5,175,5
1526391711.401011569	109	40	48	0	1	1	2	-79	78516	4	4	1596	1478	175,5,175,5
1526391711.411974402	109	40	48	0	1	1	2	-79	78517	4	4	1596	1478	175,5,175,5
1526391711.423601880	109	40	48	0	1	1	2	-79	78518	4	4	1596	1478	175,5,175,5
1526391711.435487459	109	40	48	0	1	1	2	-79	78519	4	4	1596	1478	175,5,175,5
1526391711.447247193	109	40	48	0	1	1	2	-79	78520	4	4	1596	1478	175,5,175,5
1526391711.459012971	109	40	48	0	1	1	2	-79	78521	4	4	1596	1478	175,5,175,5
1526391711.470756731	109	40	48	0	1	1	2	-79	78522	4	4	1596	1478	175,5,175,5
1526391711.482467597	109	40	48	0	1	1	2	-78	78523	4	4	1596	1478	175,5,175,5
1526391711.494272762	109	40	48	0	1	1	2	-79	78524	4	4	1596	1478	175,5,175,5
1526391711.506040529	109	40	48	0	1	1	2	-78	78525	4	4	1596	1478	175,5,175,5
1526391711.517801344	109	40	48	0	1	1	2	-79	78526	4	4	1596	1478	175,5,175,5
1526391711.529958689	109	40	48	0	1	1	2	-79	78527	4	4	1596	1478	175,5,175,5
1526391711.541350078	109	40	48	0	1	1	2	-79	78528	4	4	1596	1478	175,5,175,5
1526391711.554102967	109	40	48	0	1	1	2	-79	78529	4	4	1596	1478	175,5,175,5
1526391711.564870430	109	40	48	0	1	1	2	-79	78530	4	4	1596	1478	175,5,175,5
1526391711.576601513	109	40	48	0	1	1	2	-79	78531	4	4	1596	1478	175,5,175,5
1526391711.588342920	109	40	48	0	1	1	2	-78	78532	4	4	1596	1478	175,5,175,5
1526391711.600129290	109	40	48	0	1	1	2	-78	78533	4	4	1596	1478	175,5,175,5
1526391711.611906682	109	40	48	0	1	1	2	-78	78534	4	4	1596	1478	175,5,175,5
1526391711.623658483	109	40	48	0	1	1	2	-78	78535	4	4	1596	1478	175,5,175,5
1526391711.635349208	109	40	48	0	1	1	2	-78	78536	4	4	1596	1478	175,5,175,5
1526391711.647155843	109	40	48	0	1	1	2	-79	78537	4	4	1596	1478	175,5,175,5
1526391711.659334790	109	40	48	0	1	1	2	-78	78538	4	4	1596	1478	175,5,175,5
1526391711.670693052	109	40	48	0	1	1	2	-79	78539	4	4	1596	1478	175,5,175,5
1526391711.682470126	109	40	48	0	1	1	2	-78	78540	4	4	1596	1478	175,5,175,5
1526391711.694993938	109	40	48	0	1	1	2	-78	78541	4	4	1596	1478	175,5,175,5
1526391711.705972711	109	40	48	0	1	1	2	-79	78542	4	4	1596	1478	175,5,175,5
1526391711.717725757	109	40	48	0	1	1	2	-79	78543	4	4	1596	1478	175,5,175,5
1526391711.729492704	109	40	48	0	1	1	2	-78	78544	4	4	1596	1478	175,5,175,5
1526391711.741253498	109	40	48	0	1	1	2	-78	78545	4	4	1596	1478	175,5,175,5
1526391711.753760500	109	40	48	0	1	1	2	-78	78546	4	4	1596	1478	175,5,175,5
1526391711.764789468	109	40	48	0	1	1	2	-78	78547	4	4	1596	1478	175,5,175,5
1526391711.776540829	109	40	48	0	1	1	2	-78	78548	4	4	1596	1478	175,5,175,5
1526391711.788222574	109	40	48	0	1	1	2	-79	78549	4	4	1596	1478	175,5,175,5
1526391711.800057577	109	40	48	0	1	1	2	-78	78550	4	4	1596	1478	175,5,175,5
1526391711.811733620	109	40	48	0	1	1	2	-79	78551	4	4	1596	1478	175,5,175,5
1526391711.824689484	109	40	48	0	1	1	2	-79	78552	4	4	1596	1478	175,5,175,5
1526391711.835241308	109	40	48	0	1	1	2	-79	78553	4	4	1596	1478	175,5,175,5
1526391711.847094604	109	40	48	0	1	1	2	-79	78554	4	4	1596	1478	175,5,175,5
1526391711.859847032	109	40	48	0	1	1	2	-79	78555	4	4	1596	1478	175,5,175,5
1526391711.870613982	109	40	48	0	1	1	2	-78	78556	4	4	1596	1478	175,5,175,5
1526391711.882317921	109	40	48	0	1	1	2	-79	78557	4	4	1596	1478	175,5,175,5
1526391711.893998339	109	40	48	0	1	1	2	-79	78558	4	4	1596	1478	175,5,175,5
1526391711.905882072	109	40	48	0	1	1	2	-79	78559	4	4	1596	1478	175,5,175,5
1526391711.918057451	109	40	48	0	1	1	2	-78	78561	4	4	1596	1478	175,5,175,5
1526391711.929329044	109	40	48	0	1	1	2	-79	78562	4	4	1596	1478	175,5,175,5
1526391711.941005589	109	40	48	0	1	1	2	-79	78563	4	4	1596	1478	175,5,175,5
1526391711.952787831	109	40	48	0	1	1	2	-79	78564	4	4	1596	1478	175,5,175,5
1526391711.964715319	109	40	48	0	1	1	2	-79	78565	4	4	1596	1478	175,5,175,5
1526391711.976463383	109	40	48	0	1	1	2	-79	78566	4	4	1596	1478	175,5,175,5
1526391711.988215535	109	40	48	0	1	1	2	-79	78567	4	4	1596	1478	175,5,175,5
1526391711.999965191	109	40	48	0	1	1	2	-80	78568	4	4	1596	1478	175,5,175,5
1526391712.011740736	109	40	48	0	1	1	2	-79	78569	4	4	1596	1478	175,5,175,5
1526391712.023672078	109	40	48	0	1	1	2	-79	78570	4	4	1596	1478	175,5,175,5
1526391712.035279286	109	40	48	0	1	1	2	-79	78571	4	4	1596	1478	175,5,175,5
1526391712.047019557	109	40	48	0	1	1	2	-79	78572	4	4	1596	1478	175,5,175,5
1526391712.058775372	109	40	48	0	1	1	2	-79	78573	4	4	1596	1478	175,5,175,5
1526391712.070929014	109	40	48	0	1	1	2	-79	78574	4	4	1596	1478	175,5,175,5
1526391712.082201754	109	40	48	0	1	1	2	-79	78575	4	4	1596	1478	175,5,175,5
1526391712.093855142	109	40	48	0	1	1	2	-79	78576	4	4	1596	1478	175,5,175,5
1526391712.105830611	109	40	48	0	1	1	2	-79	78577	4	4	1596	1478	175,5,175,5
1526391712.117986777	109	40	48	0	1	1	2	-79	78578	4	4	1596	1478	175,5,175,5
1526391712.129326687	109	40	48	0	1	1	2	-79	78579	4	4	1596	1478	175,5,175,5
1526391712.141010834	109	40	48	0	1	1	2	-80	78580	4	4	1596	1478	175,5,175,5
1526391712.152712472	109	40	48	0	1	1	2	-80	78581	4	4	1596	1478	175,5,175,5
1526391712.164604159	109	40	48	0	1	1	2	-79	78582	4	4	1596	1478	175,5,175,5
1526391712.176404360	109	40	48	0	1	1	2	-79	78583	4	4	1596	1478	175,5,175,5
1526391712.188153044	109	40	48	0	1	1	2	-79	78584	4	4	1596	1478	175,5,175,5
1526391712.199899677	109	40	48	0	1	1	2	-79	78585	4	4	1596	1478	175,5,175,5
1526391712.211652439	109	40	48	0	1	1	2	-79	78586	4	4	1596	1478	175,5,175,5
1526391712.223419902	109	40	48	0	1	1	2	-79	78587	4	4	1596	1478	175,5,175,5
1526391712.235178128	109	40	48	0	1	1	2	-78	78588	4	4	1596	1478	175,5,175,5
1526391712.246913752	109	40	48	0	1	1	2	-79	78589	4	4	1596	1478	175,5,175,5
1526391712.258583863	109	40	48	0	1	1	2	-79	78590	4	4	1596	1478	175,5,175,5
1526391712.271783746	109	40	48	0	1	1	2	-78	78592	4	4	1596	1478	175,5,175,5
1526391712.282211008	109	40	48	0	1	1	2	-78	78593	4	4	1596	1478	175,5,175,5
1526391712.293974089	109	40	48	0	1	1	2	-78	78594	4	4	1596	1478	175,5,175,5
1526391712.305737454	109	40	48	0	1	1	2	-79	78595	4	4	1596	1478	175,5,175,5
1526391712.317507735	109	40	48	0	1	1	2	-78	78596	4	4	1596	1478	175,5,175,5
1526391712.331327858	109	40	48	0	1	1	2	-78	78598	4	4	1596	1478	175,5,175,5
1526391712.340921355	109	40	48	0	1	1	2	-79	78599	4	4	1596	1478	175,5,175,5
1526391712.352764581	109	40	48	0	1	1	2	-78	78600	4	4	1596	1478	175,5,175,5
1526391712.364522871	109	40	48	0	1	1	2	-78	78601	4	4	1596	1478	175,5,175,5
1526391712.376681033	109	40	48	0	1	1	2	-78	78602	4	4	1596	1478	175,5,175,5
1526391712.388041769	109	40	48	0	1	1	2	-79	78603	4	4	1596	1478	175,5,175,5
1526391712.399808804	109	40	48	0	1	1	2	-78	78604	4	4	1596	1478	175,5,175,5
1526391712.411978019	109	40	48	0	1	1	2	-78	78605	4	4	1596	1478	175,5,175,5
1526391712.423327300	109	40	48	0	1	1	2	-78	78606	4	4	1596	1478	175,5,175,5
1526391712.435509041	109	40	48	0	1	1	2	-78	78607	4	4	1596	1478	175,5,175,5
1526391712.446720297	109	40	48	0	1	1	2	-77	78608	4	4	1596	1478	175,5,175,5
1526391712.458604772	109	40	48	0	1	1	2	-78	78609	4	4	1596	1478	175,5,175,5
1526391712.470487303	109	40	48	0	1	1	2	-78	78610	4	4	1596	1478	175,5,175,5
1526391712.482532296	109	40	48	0	1	1	2	-78	78611	4	4	1596	1478	175,5,175,5
1526391712.493885288	109	40	48	0	1	1	2	-77	78612	4	4	1596	1478	175,5,175,5
1526391712.505627370	109	40	48	0	1	1	2	-78	78613	4	4	1596	1478	175,5,175,5
1526391712.517421175	109	40	48	0	1	1	2	-78	78614	4	4	1596	1478	175,5,175,5
1526391712.529980900	109	40	48	0	1	1	2	-78	78615	4	4	1596	1478	175,5,175,5
1526391712.540843751	109	40	48	0	1	1	2	-77	78616	4	4	1596	1478	175,5,175,5
1526391712.552548302	109	40	48	0	1	1	2	-78	78617	4	4	1596	1478	175,5,175,5
1526391712.565764542	109	40	48	0	1	1	2	-77	78618	4	4	1596	1478	175,5,175,5
1526391712.577145336	109	40	48	0	1	1	2	-78	78619	4	4	1596	1478	175,5,175,5
1526391712.587971085	109	40	48	0	1	1	2	-77	78620	4	4	1596	1478	175,5,175,5
1526391712.600217734	109	40	48	0	1	1	2	-78	78622	4	4	1596	1478	175,5,175,5
1526391712.611424396	109	40	48	0	1	1	2	-78	78623	4	4	1596	1478	175,5,175,5
1526391712.623276100	109	40	48	0	1	1	2	-78	78624	4	4	1596	1478	175,5,175,5
1526391712.635044666	109	40	48	0	1	1	2	-77	78625	4	4	1596	1478	175,5,175,5
1526391712.646840351	109	40	48	0	1	1	2	-78	78626	4	4	1596	1478	175,5,175,5
1526391712.659124466	109	40	48	0	1	1	2	-78	78628	4	4	1596	1478	175,5,175,5
1526391712.670288449	109	40	48	0	1	1	2	-78	78629	4	4	1596	1478	175,5,175,5
1526391712.682084454	109	40	48	0	1	1	2	-78	78630	4	4	1596	1478	175,5,175,5
1526391712.694067029	109	40	48	0	1	1	2	-78	78631	4	4	1596	1478	175,5,175,5
1526391712.705582814	109	40	48	0	1	1	2	-78	78632	4	4	1596	1478	175,5,175,5
1526391712.717324454	109	40	48	0	1	1	2	-78	78633	4	4	1596	1478	175,5,175,5
1526391712.729105064	109	40	48	0	1	1	2	-78	78634	4	4	1596	1478	175,5,175,5
1526391712.740850688	109	40	48	0	1	1	2	-78	78635	4	4	1596	1478	175,5,175,5
1526391712.752606619	109	40	48	0	1	1	2	-78	78636	4	4	1596	1478	175,5,175,5
1526391712.764747670	109	40	48	0	1	1	2	-78	78637	4	4	1596	1478	175,5,175,5
1526391712.776458142	109	40	48	0	1	1	2	-78	78638	4	4	1596	1478	175,5,175,5
1526391712.787841820	109	40	48	0	1	1	2	-79	78639	4	4	1596	1478	175,5,175,5
1526391712.799642484	109	40	48	0	1	1	2	-78	78640	4	4	1596	1478	175,5,175,5
1526391712.812309728	109	40	48	0	1	1	2	-78	78641	4	4	1596	1478	175,5,175,5
1526391712.823164388	109	40	48	0	1	1	2	-78	78642	4	4	1596	1478	175,5,175,5
1526391712.834929674	109	40	48	0	1	1	2	-78	78643	4	4	1596	1478	175,5,175,5
1526391712.849477445	109	40	48	0	1	1	2	-78	78645	4	4	1596	1478	175,5,175,5
1526391712.858266198	109	40	48	0	1	1	2	-78	78646	4	4	1596	1478	175,5,175,5
1526391712.870081645	109	40	48	0	1	1	2	-78	78647	4	4	1596	1478	175,5,175,5
1526391712.881964975	109	40	48	0	1	1	2	-78	78648	4	4	1596	1478	175,5,175,5
1526391712.893670586	109	40	48	0	1	1	2	-78	78649	4	4	1596	1478	175,5,175,5
1526391712.905491017	109	40	48	0	1	1	2	-79	78650	4	4	1596	1478	175,5,175,5
1526391712.917256505	109	40	48	0	1	1	2	-78	78651	4	4	1596	1478	175,5,175,5
1526391712.928995593	109	40	48	0	1	1	2	-78	78652	4	4	1596	1478	175,5,175,5
1526391712.941154975	109	40	48	0	1	1	2	-78	78654	4	4	1596	1478	175,5,175,5
1526391712.952410165	109	40	48	0	1	1	2	-78	78655	4	4	1596	1478	175,5,175,5
1526391712.964202466	109	40	48	0	1	1	2	-79	78656	4	4	1596	1478	175,5,175,5
1526391712.975848289	109	40	48	0	1	1	2	-78	78657	4	4	1596	1478	175,5,175,5
1526391712.988222706	109	40	48	0	1	1	2	-79	78658	4	4	1596	1478	175,5,175,5
1526391712.999562384	109	40	48	0	1	1	2	-78	78659	4	4	1596	1478	175,5,175,5
1526391713.011282521	109	40	48	0	1	1	2	-78	78660	4	4	1596	1478	175,5,175,5
1526391713.023052266	109	40	48	0	1	1	2	-78	78661	4	4	1596	1478	175,5,175,5
1526391713.034855535	109	40	48	0	1	1	2	-79	78662	4	4	1596	1478	175,5,175,5
1526391713.047143990	109	40	48	0	1	1	2	-78	78663	4	4	1596	1478	175,5,175,5
1526391713.058274026	109	40	48	0	1	1	2	-78	78664	4	4	1596	1478	175,5,175,5
1526391713.074291007	109	40	48	0	1	1	2	-78	78665	4	4	1596	1478	175,5,175,5
1526391713.081902229	109	40	48	0	1	1	2	-78	78666	4	4	1596	1478	175,5,175,5
1526391713.093669602	109	40	48	0	1	1	2	-78	78667	4	4	1596	1478	175,5,175,5
1526391713.105795999	109	40	48	0	1	1	2	-78	78668	4	4	1596	1478	175,5,175,5
1526391713.117182678	109	40	48	0	1	1	2	-78	78669	4	4	1596	1478	175,5,175,5
1526391713.128920183	109	40	48	0	1	1	2	-78	78670	4	4	1596	1478	175,5,175,5
1526391713.140616980	109	40	48	0	1	1	2	-78	78671	4	4	1596	1478	175,5,175,5
1526391713.152291856	109	40	48	0	1	1	2	-78	78672	4	4	1596	1478	175,5,175,5
1526391713.164203622	109	40	48	0	1	1	2	-78	78673	4	4	1596	1478	175,5,175,5
1526391713.175885623	109	40	48	0	1	1	2	-78	78674	4	4	1596	1478	175,5,175,5
1526391713.187731359	109	40	48	0	1	1	2	-78	78675	4	4	1596	1478	175,5,175,5
1526391713.199533194	109	40	48	0	1	1	2	-78	78676	4	4	1596	1478	175,5,175,5
1526391713.211211319	109	40	48	0	1	1	2	-78	78677	4	4	1596	1478	175,5,175,5
1526391713.223037250	109	40	48	0	1	1	2	-78	78678	4	4	1596	1478	175,5,175,5
1526391713.234793064	109	40	48	0	1	1	2	-78	78679	4	4	1596	1478	175,5,175,5
1526391713.246446413	109	40	48	0	1	1	2	-78	78680	4	4	1596	1478	175,5,175,5
1526391713.260125369	109	40	48	0	1	1	2	-78	78682	4	4	1596	1478	175,5,175,5
1526391713.270040319	109	40	48	0	1	1	2	-78	78683	4	4	1596	1478	175,5,175,5
1526391713.281805946	109	40	48	0	1	1	2	-78	78684	4	4	1596	1478	175,5,175,5
1526391713.296504849	109	40	48	0	1	1	2	-78	78685	4	4	1596	1478	175,5,175,5
1526391713.305318709	109	40	48	0	1	1	2	-78	78686	4	4	1596	1478	175,5,175,5
1526391713.317107709	109	40	48	0	1	1	2	-78	78687	4	4	1596	1478	175,5,175,5
1526391713.328777485	109	40	48	0	1	1	2	-78	78688	4	4	1596	1478	175,5,175,5
1526391713.340595224	109	40	48	0	1	1	2	-78	78689	4	4	1596	1478	175,5,175,5
1526391713.352373539	109	40	48	0	1	1	2	-78	78690	4	4	1596	1478	175,5,175,5
1526391713.364121768	109	40	48	0	1	1	2	-78	78691	4	4	1596	1478	175,5,175,5
1526391713.375880768	109	40	48	0	1	1	2	-79	78692	4	4	1596	1478	175,5,175,5
1526391713.387631065	109	40	48	0	1	1	2	-78	78693	4	4	1596	1478	175,5,175,5
1526391713.401228289	109	40	48	0	1	1	2	-78	78694	4	4	1596	1478	175,5,175,5
1526391713.411173071	109	40	48	0	1	1	2	-78	78695	4	4	1596	1478	175,5,175,5
1526391713.422939414	109	40	48	0	1	1	2	-78	78696	4	4	1596	1478	175,5,175,5
1526391713.434698339	109	40	48	0	1	1	2	-78	78697	4	4	1596	1478	175,5,175,5
1526391713.446454814	109	40	48	0	1	1	2	-78	78698	4	4	1596	1478	175,5,175,5
1526391713.458213536	109	40	48	0	1	1	2	-78	78699	4	4	1596	1478	175,5,175,5
1526391713.469867980	109	40	48	0	1	1	2	-78	78700	4	4	1596	1478	175,5,175,5
1526391713.481639102	109	40	48	0	1	1	2	-78	78701	4	4	1596	1478	175,5,175,5
1526391713.494231034	109	40	48	0	1	1	2	-78	78702	4	4	1596	1478	175,5,175,5
1526391713.505263647	109	40	48	0	1	1	2	-78	78703	4	4	1596	1478	175,5,175,5
1526391713.516991320	109	40	48	0	1	1	2	-78	78704	4	4	1596	1478	175,5,175,5
1526391713.528750671	109	40	48	0	1	1	2	-78	78705	4	4	1596	1478	175,5,175,5
1526391713.540498605	109	40	48	0	1	1	2	-78	78706	4	4	1596	1478	175,5,175,5
1526391713.552204666	109	40	48	0	1	1	2	-78	78707	4	4	1596	1478	175,5,175,5
1526391713.565099931	109	40	48	0	1	1	2	-79	78708	4	4	1596	1478	175,5,175,5
1526391713.575794953	109	40	48	0	1	1	2	-79	78709	4	4	1596	1478	175,5,175,5
1526391713.587570378	109	40	48	0	1	1	2	-79	78710	4	4	1596	1478	175,5,175,5
1526391713.599320043	109	40	48	0	1	1	2	-78	78711	4	4	1596	1478	175,5,175,5
1526391713.611115113	109	40	48	0	1	1	2	-78	78712	4	4	1596	1478	175,5,175,5
1526391713.622856646	109	40	48	0	1	1	2	-78	78713	4	4	1596	1478	175,5,175,5
1526391713.634604242	109	40	48	0	1	1	2	-78	78714	4	4	1596	1478	175,5,175,5
1526391713.646301824	109	40	48	0	1	1	2	-78	78715	4	4	1596	1478	175,5,175,5
1526391713.658560251	109	40	48	0	1	1	2	-78	78716	4	4	1596	1478	175,5,175,5
1526391713.669887225	109	40	48	0	1	1	2	-79	78717	4	4	1596	1478	175,5,175,5
1526391713.681704692	109	40	48	0	1	1	2	-78	78718	4	4	1596	1478	175,5,175,5
1526391713.695681038	109	40	48	0	1	1	2	-78	78719	4	4	1596	1478	175,5,175,5
1526391713.705507209	109	40	48	0	1	1	2	-78	78721	4	4	1596	1478	175,5,175,5
1526391713.716934979	109	40	48	0	1	1	2	-78	78722	4	4	1596	1478	175,5,175,5
1526391713.736066725	153	40	48	0	2	0	2	-79	78728	3	1	1596	1478	108,108
1526391713.744830552	191	40	48	0	1	1	2	-77	78730	4	1	1596	1478	81,81
1526391713.754168039	158	40	48	0	2	0	2	-73	78731	5	0	1596	1478	104,104
1526391713.765421746	158	40	48	0	2	0	2	-73	78732	5	0	1596	1478	104,104
1526391713.776166972	158	40	48	0	2	0	2	-73	78733	5	0	1596	1478	104,104
1526391713.787516870	158	40	48	0	2	0	2	-73	78734	5	0	1596	1478	104,104
1526391713.799716144	158	40	48	0	2	0	2	-73	78735	5	0	1596	1478	104,104
1526391713.811420558	158	40	48	0	2	0	2	-73	78737	5	0	1596	1478	104,104
1526391713.822666552	158	40	48	0	2	0	2	-73	78738	5	0	1596	1478	104,104
1526391713.834428347	158	40	48	0	2	0	2	-72	78739	5	0	1596	1478	104,104
1526391713.846322199	158	40	48	0	2	0	2	-73	78740	5	0	1596	1478	104,104
1526391713.858060408	153	40	48	0	2	0	2	-79	78741	3	1	1596	1478	108,108
1526391713.869847995	153	40	48	0	1	1	2	-76	78742	5	1	1596	1478	108,108
1526391713.881615591	153	40	48	0	1	1	2	-77	78743	5	1	1596	1478	108,108
1526391713.893355895	153	40	48	0	1	1	2	-76	78744	5	1	1596	1478	108,108
1526391713.905136282	153	40	48	0	1	1	2	-76	78745	5	1	1596	1478	108,108
1526391713.916905944	153	40	48	0	1	1	2	-76	78746	5	1	1596	1478	108,108
1526391713.928649462	153	40	48	0	1	1	2	-77	78747	5	1	1596	1478	108,108
1526391713.940404195	153	40	48	0	1	1	2	-77	78748	5	1	1596	1478	108,108
1526391713.952538132	144	40	48	0	2	0	2	-73	78749	6	0	1596	1478	117,117
1526391713.963938533	153	40	48	0	1	1	2	-77	78750	5	1	1596	1478	108,108
1526391713.975673309	144	40	48	0	2	0	2	-73	78751	6	0	1596	1478	117,117
1526391713.987274664	144	40	48	0	2	0	2	-72	78752	6	0	1596	1478	117,117
1526391713.999871175	144	40	48	0	2	0	2	-72	78755	6	0	1596	1478	117,117
1526391714.014150336	158	40	48	0	2	0	2	-73	78759	5	0	1596	1478	104,104
1526391714.022703436	158	40	48	0	2	0	2	-73	78760	5	0	1596	1478	104,104
1526391714.034482574	158	40	48	0	2	0	2	-73	78761	5	0	1596	1478	104,104
1526391714.046330918	158	40	48	0	2	0	2	-73	78762	5	0	1596	1478	104,104
1526391714.057859804	158	40	48	0	2	0	2	-73	78763	5	0	1596	1478	104,104
1526391714.069758581	153	40	48	0	2	0	2	-80	78764	3	1	1596	1478	108,108
1526391714.081537119	153	40	48	0	1	1	2	-77	78765	5	1	1596	1478	108,108
1526391714.093300945	153	40	48	0	1	1	2	-77	78766	5	1	1596	1478	108,108
1526391714.105093323	153	40	48	0	1	1	2	-76	78767	5	1	1596	1478	108,108
1526391714.116864902	153	40	48	0	1	1	2	-77	78768	5	1	1596	1478	108,108
1526391714.128561697	153	40	48	0	1	1	2	-77	78769	5	1	1596	1478	108,108
1526391714.140200325	153	40	48	0	1	1	2	-77	78770	5	1	1596	1478	108,108
1526391714.152002266	153	40	48	0	1	1	2	-75	78771	5	1	1596	1478	108,108
1526391714.163849686	153	40	48	0	1	1	2	-77	78772	5	1	1596	1478	108,108
1526391714.175480151	144	40	48	0	1	1	2	-78	78773	3	4	1596	1478	117,117
1526391714.187775286	144	40	48	0	1	1	2	-78	78774	3	4	1596	1478	117,117
1526391714.199137497	144	40	48	0	1	1	2	-78	78775	3	4	1596	1478	117,117
1526391714.211382030	144	40	48	0	1	1	2	-79	78776	3	4	1596	1478	117,117
1526391714.222676920	144	40	48	0	1	1	2	-79	78777	3	4	1596	1478	117,117
1526391714.234400262	144	40	48	0	1	1	2	-78	78778	3	4	1596	1478	117,117
1526391714.246178965	144	40	48	0	1	1	2	-78	78779	3	4	1596	1478	117,117
1526391714.257925599	144	40	48	0	1	1	2	-78	78780	3	4	1596	1478	117,117
1526391714.269689374	144	40	48	0	1	1	2	-78	78781	3	4	1596	1478	117,117
1526391714.282758697	144	40	48	0	1	1	2	-78	78782	3	4	1596	1478	117,117
1526391714.293207753	144	40	48	0	1	1	2	-78	78783	3	4	1596	1478	117,117
1526391714.304938692	144	40	48	0	1	1	2	-78	78784	3	4	1596	1478	117,117
1526391714.317479082	144	40	48	0	1	1	2	-78	78785	3	4	1596	1478	117,117
1526391714.328469208	109	40	60	0	2	0	2	-80	78786	2	4	1596	1478	175,5,175,5
1526391714.340223076	109	40	60	0	2	0	2	-80	78787	2	4	1596	1478	175,5,175,5
1526391714.351916040	109	40	60	0	2	0	2	-80	78788	2	4	1596	1478	175,5,175,5
1526391714.363749877	109	40	60	0	2	0	2	-80	78789	2	4	1596	1478	175,5,175,5
1526391714.375613454	109	40	60	0	2	0	2	-80	78790	2	4	1596	1478	175,5,175,5
1526391714.387537172	109	40	60	0	2	0	2	-81	78791	2	4	1596	1478	175,5,175,5
1526391714.399034352	109	40	60	0	2	0	2	-81	78792	2	4	1596	1478	175,5,175,5
1526391714.411049172	109	40	60	0	2	0	2	-81	78794	2	4	1596	1478	175,5,175,5
1526391714.422991081	109	40	60	0	2	0	2	-81	78795	2	4	1596	1478	175,5,175,5
1526391714.434280886	109	40	60	0	2	0	2	-81	78796	2	4	1596	1478	175,5,175,5
1526391714.446040094	109	40	60	0	2	0	2	-81	78797	2	4	1596	1478	175,5,175,5
1526391714.457752439	109	40	60	0	2	0	2	-81	78798	2	4	1596	1478	175,5,175,5
1526391714.470602693	109	40	60	0	2	0	2	-81	78800	2	4	1596	1478	175,5,175,5
1526391714.481636627	109	40	60	0	2	0	2	-81	78802	2	4	1596	1478	175,5,175,5
1526391714.493409233	109	40	60	0	2	0	2	-81	78804	2	4	1596	1478	175,5,175,5
1526391714.504841108	109	40	60	0	2	0	2	-81	78805	2	4	1596	1478	175,5,175,5
1526391714.518956594	109	40	60	0	2	0	2	-81	78807	2	4	1596	1478	175,5,175,5
1526391714.528296761	109	40	60	0	2	0	2	-81	78808	2	4	1596	1478	175,5,175,5
1526391714.539950281	109	40	60	0	2	0	2	-81	78809	2	4	1596	1478	175,5,175,5
1526391714.552188104	109	40	60	0	2	0	2	-80	78810	2	4	1596	1478	175,5,175,5
1526391714.563931404	109	40	60	0	2	0	2	-80	78811	2	4	1596	1478	175,5,175,5
1526391714.575397337	109	40	60	0	2	0	2	-80	78812	2	4	1596	1478	175,5,175,5
1526391714.587151262	109	40	60	0	2	0	2	-80	78813	2	4	1596	1478	175,5,175,5
1526391714.598916890	109	40	60	0	2	0	2	-80	78814	2	4	1596	1478	175,5,175,5
1526391714.610640594	109	40	60	0	2	0	2	-80	78815	2	4	1596	1478	175,5,175,5
1526391714.622222066	109	40	60	0	2	0	2	-80	78816	2	4	1596	1478	175,5,175,5
1526391714.634210177	109	40	60	0	2	0	2	-80	78817	2	4	1596	1478	175,5,175,5
1526391714.645925196	109	40	60	0	2	0	2	-80	78818	2	4	1596	1478	175,5,175,5
1526391714.658086979	109	40	60	0	2	0	2	-80	78820	2	4	1596	1478	175,5,175,5
1526391714.669538546	109	40	60	0	2	0	2	-80	78821	2	4	1596	1478	175,5,175,5
1526391714.681792408	109	40	60	0	2	0	2	-80	78823	2	4	1596	1478	175,5,175,5
1526391714.693361192	109	40	60	0	2	0	2	-80	78825	2	4	1596	1478	175,5,175,5
1526391714.705215063	109	40	60	0	2	0	2	-81	78826	2	4	1596	1478	175,5,175,5
1526391714.716520754	109	40	60	0	2	0	2	-81	78827	2	4	1596	1478	175,5,175,5
1526391714.728661233	109	40	60	0	2	0	2	-80	78828	2	4	1596	1478	175,5,175,5
1526391714.740441679	109	40	60	0	2	0	2	-80	78830	2	4	1596	1478	175,5,175,5
1526391714.752604393	109	40	60	0	2	0	2	-80	78831	2	4	1596	1478	175,5,175,5
1526391714.763551571	109	40	60	0	2	0	2	-80	78832	2	4	1596	1478	175,5,175,5
1526391714.775383525	109	40	60	0	2	0	2	-80	78833	2	4	1596	1478	175,5,175,5
1526391714.787148692	109	40	60	0	2	0	2	-80	78834	2	4	1596	1478	175,5,175,5
1526391714.799307071	109	40	60	0	2	0	2	-79	78835	2	4	1596	1478	175,5,175,5
1526391714.810654324	109	40	60	0	2	0	2	-80	78836	2	4	1596	1478	175,5,175,5
1526391714.822423158	109	40	60	0	2	0	2	-80	78837	2	4	1596	1478	175,5,175,5
1526391714.834042881	109	40	60	0	2	0	2	-80	78838	2	4	1596	1478	175,5,175,5
1526391714.845805942	109	40	60	0	2	0	2	-80	78839	2	4	1596	1478	175,5,175,5
1526391714.858140949	109	40	60	0	2	0	2	-80	78840	2	4	1596	1478	175,5,175,5
1526391714.869294476	109	40	60	0	2	0	2	-78	78841	2	4	1596	1478	175,5,175,5
1526391714.881088101	109	40	60	0	2	0	2	-80	78842	2	4	1596	1478	175,5,175,5
1526391714.893256825	109	40	60	0	2	0	2	-80	78843	2	4	1596	1478	175,5,175,5
1526391714.904604909	109	40	60	0	2	0	2	-80	78844	2	4	1596	1478	175,5,175,5
1526391714.916450953	109	40	60	0	2	0	2	-80	78845	2	4	1596	1478	175,5,175,5
1526391714.928120308	109	40	60	0	2	0	2	-81	78846	2	4	1596	1478	175,5,175,5
1526391714.939991357	109	40	60	0	2	0	2	-81	78847	2	4	1596	1478	175,5,175,5
1526391714.951888801	109	40	60	0	2	0	2	-81	78848	2	4	1596	1478	175,5,175,5
1526391714.963418065	109	40	60	0	2	0	2	-81	78849	2	4	1596	1478	175,5,175,5
1526391714.975043125	109	40	60	0	2	0	2	-81	78850	2	4	1596	1478	175,5,175,5
1526391714.986992865	109	40	60	0	2	0	2	-81	78851	2	4	1596	1478	175,5,175,5
1526391714.998754347	109	40	60	0	2	0	2	-81	78852	2	4	1596	1478	175,5,175,5
1526391715.010445402	109	40	60	0	2	0	2	-81	78853	2	4	1596	1478	175,5,175,5
1526391715.022183049	109	40	60	0	2	0	2	-81	78854	2	4	1596	1478	175,5,175,5
1526391715.036645595	109	40	60	0	2	0	2	-81	78855	2	4	1596	1478	175,5,175,5
1526391715.045701678	109	40	60	0	2	0	2	-81	78856	2	4	1596	1478	175,5,175,5
1526391715.057817478	109	40	60	0	2	0	2	-81	78857	2	4	1596	1478	175,5,175,5
1526391715.069243490	109	40	60	0	2	0	2	-80	78858	2	4	1596	1478	175,5,175,5
1526391715.081099073	109	40	60	0	2	0	2	-80	78859	2	4	1596	1478	175,5,175,5
1526391715.092744995	109	40	60	0	2	0	2	-81	78860	2	4	1596	1478	175,5,175,5
1526391715.104996970	109	40	60	0	2	0	2	-81	78861	2	4	1596	1478	175,5,175,5
1526391715.116364316	109	40	60	0	2	0	2	-81	78862	2	4	1596	1478	175,5,175,5
1526391715.128133619	109	40	60	0	2	0	2	-82	78863	2	4	1596	1478	175,5,175,5
1526391715.154538684	109	40	60	0	2	0	2	-81	78864	2	4	1596	1478	175,5,175,5
1526391715.154951698	109	40	60	0	2	0	2	-81	78865	2	4	1596	1478	175,5,175,5
1526391715.163431362	109	40	60	0	2	0	2	-81	78866	2	4	1596	1478	175,5,175,5
1526391715.175187350	109	40	60	0	2	0	2	-80	78867	2	4	1596	1478	175,5,175,5
1526391715.186932867	109	40	60	0	2	0	2	-80	78868	2	4	1596	1478	175,5,175,5
1526391715.198696317	109	40	60	0	2	0	2	-80	78869	2	4	1596	1478	175,5,175,5
1526391715.210374360	109	40	60	0	2	0	2	-80	78870	2	4	1596	1478	175,5,175,5
1526391715.222590958	109	40	60	0	2	0	2	-80	78871	2	4	1596	1478	175,5,175,5
1526391715.234410029	109	40	60	0	2	0	2	-80	78872	2	4	1596	1478	175,5,175,5
1526391715.234585383	109	40	60	0	2	0	2	-81	78873	2	4	1596	1478	175,5,175,5
1526391715.245764633	109	40	60	0	2	0	2	-80	78874	2	4	1596	1478	175,5,175,5
1526391715.257475150	109	40	60	0	2	0	2	-80	78875	2	4	1596	1478	175,5,175,5
1526391715.269241765	109	40	60	0	2	0	2	-80	78876	2	4	1596	1478	175,5,175,5
1526391715.281031749	109	40	60	0	2	0	2	-80	78877	2	4	1596	1478	175,5,175,5
1526391715.292750980	109	40	60	0	2	0	2	-80	78878	2	4	1596	1478	175,5,175,5
1526391715.304468825	109	40	60	0	2	0	2	-80	78879	2	4	1596	1478	175,5,175,5
1526391715.316291258	109	40	60	0	2	0	2	-80	78880	2	4	1596	1478	175,5,175,5
1526391715.328074836	109	40	60	0	2	0	2	-80	78881	2	4	1596	1478	175,5,175,5
1526391715.340025648	109	40	60	0	2	0	2	-80	78882	2	4	1596	1478	175,5,175,5
1526391715.351588558	109	40	60	0	2	0	2	-80	78883	2	4	1596	1478	175,5,175,5
1526391715.363336091	109	40	60	0	2	0	2	-81	78884	2	4	1596	1478	175,5,175,5
1526391715.374921545	109	40	60	0	2	0	2	-79	78885	2	4	1596	1478	175,5,175,5
1526391715.387249657	109	40	60	0	2	0	2	-80	78886	2	4	1596	1478	175,5,175,5
1526391715.398618297	109	40	60	0	2	0	2	-80	78887	2	4	1596	1478	175,5,175,5
1526391715.410377820	109	40	60	0	2	0	2	-80	78888	2	4	1596	1478	175,5,175,5
1526391715.422138539	109	40	60	0	2	0	2	-79	78889	2	4	1596	1478	175,5,175,5
1526391715.433836341	109	40	60	0	2	0	2	-80	78890	2	4	1596	1478	175,5,175,5
1526391715.445676320	109	40	60	0	2	0	2	-80	78891	2	4	1596	1478	175,5,175,5
1526391715.457288536	109	40	60	0	2	0	2	-80	78892	2	4	1596	1478	175,5,175,5
1526391715.469162659	109	40	60	0	2	0	2	-81	78893	2	4	1596	1478	175,5,175,5
1526391715.480929095	109	40	60	0	2	0	2	-80	78894	2	4	1596	1478	175,5,175,5
1526391715.492684788	109	40	60	0	2	0	2	-80	78895	2	4	1596	1478	175,5,175,5
1526391715.504908340	109	40	60	0	2	0	2	-80	78896	2	4	1596	1478	175,5,175,5
1526391715.516610771	109	40	60	0	2	0	2	-80	78898	2	4	1596	1478	175,5,175,5
1526391715.527907487	109	40	60	0	2	0	2	-80	78899	2	4	1596	1478	175,5,175,5
1526391715.539727398	109	40	60	0	2	0	2	-80	78900	2	4	1596	1478	175,5,175,5
1526391715.551434501	109	40	60	0	2	0	2	-80	78901	2	4	1596	1478	175,5,175,5
1526391715.563254282	109	40	60	0	2	0	2	-80	78902	2	4	1596	1478	175,5,175,5
1526391715.575016211	109	40	60	0	2	0	2	-80	78903	2	4	1596	1478	175,5,175,5
1526391715.586745860	109	40	60	0	2	0	2	-80	78904	2	4	1596	1478	175,5,175,5
1526391715.598531317	109	40	60	0	2	0	2	-80	78905	2	4	1596	1478	175,5,175,5
1526391715.610678083	109	40	60	0	2	0	2	-80	78906	2	4	1596	1478	175,5,175,5
1526391715.621933860	109	40	60	0	2	0	2	-80	78907	2	4	1596	1478	175,5,175,5
1526391715.634123531	109	40	60	0	2	0	2	-80	78909	2	4	1596	1478	175,5,175,5
1526391715.645839264	109	40	60	0	2	0	2	-80	78910	2	4	1596	1478	175,5,175,5
1526391715.657612173	109	40	60	0	2	0	2	-80	78912	2	4	1596	1478	175,5,175,5
1526391715.669089820	109	40	60	0	2	0	2	-80	78913	2	4	1596	1478	175,5,175,5
1526391715.680821184	109	40	60	0	2	0	2	-80	78914	2	4	1596	1478	175,5,175,5
1526391715.692604676	109	40	60	0	2	0	2	-80	78915	2	4	1596	1478	175,5,175,5
1526391715.704308661	109	40	60	0	2	0	2	-81	78916	2	4	1596	1478	175,5,175,5
1526391715.716111737	109	40	60	0	2	0	2	-80	78917	2	4	1596	1478	175,5,175,5
1526391715.727897512	109	40	60	0	2	0	2	-81	78918	2	4	1596	1478	175,5,175,5
1526391715.739640142	109	40	60	0	2	0	2	-80	78919	2	4	1596	1478	175,5,175,5
1526391715.756998687	109	40	60	0	2	0	2	-80	78920	2	4	1596	1478	175,5,175,5
1526391715.763114491	109	40	60	0	2	0	2	-79	78921	2	4	1596	1478	175,5,175,5
1526391715.774823683	109	40	60	0	2	0	2	-79	78922	2	4	1596	1478	175,5,175,5
1526391715.786555282	109	40	60	0	2	0	2	-80	78923	2	4	1596	1478	175,5,175,5
1526391715.798443048	109	40	60	0	2	0	2	-80	78924	2	4	1596	1478	175,5,175,5
1526391715.810202700	109	40	60	0	2	0	2	-80	78925	2	4	1596	1478	175,5,175,5
1526391715.821973964	109	40	60	0	2	0	2	-80	78926	2	4	1596	1478	175,5,175,5
1526391715.833721409	109	40	60	0	2	0	2	-80	78927	2	4	1596	1478	175,5,175,5
1526391715.845881631	109	40	60	0	2	0	2	-80	78928	2	4	1596	1478	175,5,175,5
1526391715.858927056	144	40	60	0	2	0	2	-80	78933	1	4	1596	1478	117,117
1526391715.869045251	144	40	60	0	2	0	2	-80	78934	1	4	1596	1478	117,117
1526391715.880841076	144	40	60	0	2	0	2	-80	78935	1	4	1596	1478	117,117
1526391715.893444592	144	40	60	0	2	0	2	-80	78937	1	4	1596	1478	117,117
1526391715.904335005	144	40	60	0	2	0	2	-81	78938	1	4	1596	1478	117,117
1526391715.916081649	144	40	60	0	2	0	2	-81	78939	1	4	1596	1478	117,117
1526391715.927845410	144	40	60	0	2	0	2	-80	78940	1	4	1596	1478	117,117
1526391715.939620325	144	40	60	0	2	0	2	-80	78941	1	4	1596	1478	117,117
1526391715.951829155	109	40	48	0	1	1	2	-78	78942	4	4	1596	1478	175,5,175,5
1526391715.963111996	109	40	48	0	1	1	2	-78	78943	4	4	1596	1478	175,5,175,5
1526391715.974859672	109	40	48	0	1	1	2	-78	78944	4	4	1596	1478	175,5,175,5
1526391715.986606003	109	40	48	0	1	1	2	-78	78945	4	4	1596	1478	175,5,175,5
1526391715.998373404	109	40	48	0	1	1	2	-78	78946	4	4	1596	1478	175,5,175,5
1526391716.010516061	109	40	48	0	1	1	2	-78	78947	4	4	1596	1478	175,5,175,5
1526391716.022635202	109	40	48	0	1	1	2	-78	78948	4	4	1596	1478	175,5,175,5
1526391716.033638363	109	40	48	0	1	1	2	-78	78949	4	4	1596	1478	175,5,175,5
1526391716.045422367	109	40	48	0	1	1	2	-78	78950	4	4	1596	1478	175,5,175,5
1526391716.060621415	109	40	48	0	1	1	2	-78	78951	4	4	1596	1478	175,5,175,5
1526391716.068821569	109	40	48	0	1	1	2	-78	78952	4	4	1596	1478	175,5,175,5
1526391716.080579503	109	40	48	0	1	1	2	-78	78953	4	4	1596	1478	175,5,175,5
1526391716.092440464	109	40	48	0	1	1	2	-77	78954	4	4	1596	1478	175,5,175,5
1526391716.104205546	109	40	48	0	1	1	2	-78	78955	4	4	1596	1478	175,5,175,5
1526391716.115960498	109	40	48	0	1	1	2	-77	78956	4	4	1596	1478	175,5,175,5
1526391716.127746476	109	40	48	0	1	1	2	-78	78957	4	4	1596	1478	175,5,175,5
1526391716.139413719	109	40	48	0	1	1	2	-78	78958	4	4	1596	1478	175,5,175,5
1526391716.151171642	109	40	48	0	1	1	2	-78	78959	4	4	1596	1478	175,5,175,5
1526391716.165196717	109	40	48	0	1	1	2	-78	78960	4	4	1596	1478	175,5,175,5
1526391716.174752366	109	40	48	0	1	1	2	-78	78961	4	4	1596	1478	175,5,175,5
1526391716.186530021	109	40	48	0	1	1	2	-78	78962	4	4	1596	1478	175,5,175,5
1526391716.198294254	109	40	48	0	1	1	2	-78	78963	4	4	1596	1478	175,5,175,5
1526391716.209974906	109	40	48	0	1	1	2	-78	78964	4	4	1596	1478	175,5,175,5
1526391716.222178348	109	40	48	0	1	1	2	-78	78965	4	4	1596	1478	175,5,175,5
1526391716.233580117	109	40	48	0	1	1	2	-78	78966	4	4	1596	1478	175,5,175,5
1526391716.245319008	109	40	48	0	1	1	2	-78	78967	4	4	1596	1478	175,5,175,5
1526391716.257354924	109	40	48	0	1	1	2	-78	78968	4	4	1596	1478	175,5,175,5
1526391716.268873944	109	40	48	0	1	1	2	-78	78969	4	4	1596	1478	175,5,175,5
1526391716.280623890	109	40	48	0	1	1	2	-79	78970	4	4	1596	1478	175,5,175,5
1526391716.292390066	109	40	48	0	1	1	2	-79	78971	4	4	1596	1478	175,5,175,5
1526391716.304527595	109	40	48	0	1	1	2	-79	78972	4	4	1596	1478	175,5,175,5
1526391716.315902827	109	40	48	0	1	1	2	-79	78973	4	4	1596	1478	175,5,175,5
1526391716.328427031	109	40	48	0	1	1	2	-79	78975	4	4	1596	1478	175,5,175,5
1526391716.339409423	109	40	48	0	1	1	2	-79	78976	4	4	1596	1478	175,5,175,5
1526391716.351160578	109	40	48	0	1	1	2	-79	78977	4	4	1596	1478	175,5,175,5
1526391716.362938393	109	40	48	0	1	1	2	-79	78978	4	4	1596	1478	175,5,175,5
1526391716.374719087	109	40	48	0	1	1	2	-79	78979	4	4	1596	1478	175,5,175,5
1526391716.386475399	109	40	48	0	1	1	2	-79	78980	4	4	1596	1478	175,5,175,5
1526391716.398215774	109	40	48	0	1	1	2	-79	78981	4	4	1596	1478	175,5,175,5
1526391716.409963879	109	40	48	0	1	1	2	-79	78982	4	4	1596	1478	175,5,175,5
1526391716.422051789	109	40	48	0	1	1	2	-79	78983	4	4	1596	1478	175,5,175,5
1526391716.433492134	109	40	48	0	1	1	2	-79	78984	4	4	1596	1478	175,5,175,5
1526391716.445233048	109	40	48	0	1	1	2	-79	78985	4	4	1596	1478	175,5,175,5
1526391716.458442061	109	40	48	0	1	1	2	-79	78988	4	4	1596	1478	175,5,175,5
1526391716.469267633	109	40	48	0	1	1	2	-79	78989	4	4	1596	1478	175,5,175,5
1526391716.480509758	109	40	48	0	1	1	2	-79	78990	4	4	1596	1478	175,5,175,5
1526391716.492311140	109	40	48	0	1	1	2	-79	78991	4	4	1596	1478	175,5,175,5
1526391716.504069150	109	40	48	0	1	1	2	-79	78992	4	4	1596	1478	175,5,175,5
1526391716.515925415	109	40	48	0	1	1	2	-79	78993	4	4	1596	1478	175,5,175,5
1526391716.527565272	109	40	48	0	1	1	2	-79	78994	4	4	1596	1478	175,5,175,5
1526391716.539365359	109	40	48	0	1	1	2	-79	78995	4	4	1596	1478	175,5,175,5
1526391716.551082115	109	40	48	0	1	1	2	-79	78996	4	4	1596	1478	175,5,175,5
1526391716.566641415	109	40	48	0	1	1	2	-79	78999	4	4	1596	1478	175,5,175,5
1526391716.575720013	109	40	48	0	1	1	2	-79	79000	4	4	1596	1478	175,5,175,5
1526391716.586275821	109	40	48	0	1	1	2	-79	79001	4	4	1596	1478	175,5,175,5
1526391716.598000590	109	40	48	0	1	1	2	-79	79002	4	4	1596	1478	175,5,175,5
1526391716.611588510	109	40	48	0	1	1	2	-79	79003	4	4	1596	1478	175,5,175,5
1526391716.621655741	144	40	48	0	1	1	2	-78	79004	3	4	1596	1478	117,117
1526391716.633437059	144	40	48	0	1	1	2	-79	79005	3	4	1596	1478	117,117
1526391716.645115525	144	40	48	0	1	1	2	-79	79006	3	4	1596	1478	117,117
1526391716.657735128	144	40	48	0	1	1	2	-78	79007	3	4	1596	1478	117,117
1526391716.668712093	144	40	48	0	1	1	2	-78	79008	3	4	1596	1478	117,117
1526391716.680367598	144	40	48	0	1	1	2	-78	79009	3	4	1596	1478	117,117
1526391716.692165445	144	40	48	0	1	1	2	-78	79010	3	4	1596	1478	117,117
1526391716.704755919	144	40	48	0	1	1	2	-78	79011	3	4	1596	1478	117,117
1526391716.716265708	144	40	48	0	1	1	2	-78	79012	3	4	1596	1478	117,117
1526391716.727532481	144	40	48	0	1	1	2	-78	79013	3	4	1596	1478	117,117
1526391716.740139949	144	40	48	0	1	1	2	-78	79014	3	4	1596	1478	117,117
1526391716.752285461	144	40	48	0	1	1	2	-78	79015	3	4	1596	1478	117,117
1526391716.763121926	144	40	48	0	1	1	2	-78	79017	3	4	1596	1478	117,117
1526391716.775548807	144	40	48	0	1	1	2	-78	79018	3	4	1596	1478	117,117
1526391716.786333848	144	40	48	0	1	1	2	-77	79019	3	4	1596	1478	117,117
1526391716.798034070	109	40	48	0	1	1	2	-78	79020	4	4	1596	1478	175,5,175,5
1526391716.809814984	109	40	48	0	1	1	2	-78	79021	4	4	1596	1478	175,5,175,5
1526391716.821584240	109	40	48	0	1	1	2	-78	79022	4	4	1596	1478	175,5,175,5
1526391716.833333625	109	40	48	0	1	1	2	-78	79023	4	4	1596	1478	175,5,175,5
1526391716.845099763	109	40	48	0	1	1	2	-77	79024	4	4	1596	1478	175,5,175,5
1526391716.857220539	109	40	48	0	1	1	2	-78	79025	4	4	1596	1478	175,5,175,5
1526391716.868547627	109	40	48	0	1	1	2	-78	79026	4	4	1596	1478	175,5,175,5
1526391716.880519880	109	40	48	0	1	1	2	-78	79027	4	4	1596	1478	175,5,175,5
1526391716.892045599	109	40	48	0	1	1	2	-78	79028	4	4	1596	1478	175,5,175,5
1526391716.903877339	109	40	48	0	1	1	2	-78	79029	4	4	1596	1478	175,5,175,5
1526391716.915651812	109	40	48	0	1	1	2	-78	79030	4	4	1596	1478	175,5,175,5
1526391716.927407080	109	40	48	0	1	1	2	-78	79031	4	4	1596	1478	175,5,175,5
1526391716.939151960	109	40	48	0	1	1	2	-77	79032	4	4	1596	1478	175,5,175,5
1526391716.950922243	109	40	48	0	1	1	2	-78	79033	4	4	1596	1478	175,5,175,5
1526391716.962699370	109	40	48	0	1	1	2	-78	79034	4	4	1596	1478	175,5,175,5
1526391716.974596569	109	40	48	0	1	1	2	-78	79035	4	4	1596	1478	175,5,175,5
1526391716.986222646	109	40	48	0	1	1	2	-78	79036	4	4	1596	1478	175,5,175,5
1526391716.997968126	109	40	48	0	1	1	2	-78	79037	4	4	1596	1478	175,5,175,5
1526391717.009736740	109	40	48	0	1	1	2	-78	79038	4	4	1596	1478	175,5,175,5
1526391717.021753905	109	40	48	0	1	1	2	-78	79040	4	4	1596	1478	175,5,175,5
1526391717.033234051	109	40	48	0	1	1	2	-78	79041	4	4	1596	1478	175,5,175,5
1526391717.044922455	109	40	48	0	1	1	2	-78	79042	4	4	1596	1478	175,5,175,5
1526391717.056649761	109	40	48	0	1	1	2	-78	79043	4	4	1596	1478	175,5,175,5
1526391717.068531100	109	40	48	0	1	1	2	-78	79044	4	4	1596	1478	175,5,175,5
1526391717.080301320	109	40	48	0	1	1	2	-78	79045	4	4	1596	1478	175,5,175,5
1526391717.092002502	109	40	48	0	1	1	2	-79	79046	4	4	1596	1478	175,5,175,5
1526391717.103751240	109	40	48	0	1	1	2	-78	79047	4	4	1596	1478	175,5,175,5
1526391717.115560478	109	40	48	0	1	1	2	-78	79048	4	4	1596	1478	175,5,175,5
1526391717.127320921	109	40	48	0	1	1	2	-78	79049	4	4	1596	1478	175,5,175,5
1526391717.139005747	109	40	48	0	1	1	2	-78	79050	4	4	1596	1478	175,5,175,5
1526391717.151159379	109	40	48	0	1	1	2	-78	79051	4	4	1596	1478	175,5,175,5
1526391717.162508129	109	40	48	0	1	1	2	-78	79052	4	4	1596	1478	175,5,175,5
