1526392126.705854161	984	40	60	0	1	1	2	-93	82497	1	0	1596	1478	13,13
1526392126.705899818	984	40	60	0	1	1	2	-93	82497	1	0	1596	1478	13,13
1526392126.707442500	984	40	60	0	1	1	2	-93	82497	1	0	1596	1478	13,13
1526392126.707461999	984	40	60	0	1	1	2	-93	82497	1	0	1596	1478	13,13
1526392126.709873470	984	40	60	0	1	1	2	-93	82498	1	0	1596	1478	13,13
1526392126.709887391	984	40	60	0	1	1	2	-93	82498	1	0	1596	1478	13,13
1526392126.711604086	984	40	60	0	1	1	2	-93	82498	1	0	1596	1478	13,13
1526392126.711628404	984	40	60	0	1	1	2	-93	82498	1	0	1596	1478	13,13
1526392126.714019550	984	40	60	0	1	1	2	-93	82499	1	0	1596	1478	13,13
1526392126.714043730	984	40	60	0	1	1	2	-93	82499	1	0	1596	1478	13,13
1526392126.715756620	984	40	60	0	1	1	2	-93	82499	1	0	1596	1478	13,13
1526392126.715781484	984	40	60	0	1	1	2	-93	82499	1	0	1596	1478	13,13
1526392126.718536329	984	40	60	0	1	1	2	-95	82500	1	0	1596	1478	13,13
1526392126.718560605	984	40	60	0	1	1	2	-95	82500	1	0	1596	1478	13,13
1526392126.720250506	984	40	60	0	1	1	2	-95	82500	1	0	1596	1478	13,13
1526392126.720274996	984	40	60	0	1	1	2	-95	82500	1	0	1596	1478	13,13
1526392126.722737175	984	40	60	0	1	1	2	-91	82501	1	0	1596	1478	13,13
1526392126.722769753	984	40	60	0	1	1	2	-91	82501	1	0	1596	1478	13,13
1526392126.723493699	984	40	60	0	1	1	2	-91	82501	1	0	1596	1478	13,13
1526392126.726026611	1928	40	60	0	1	1	2	-91	82502	1	0	3130	1478,1478	13,13
1526392126.727736736	1928	40	60	0	1	1	2	-91	82502	1	0	3130	1478,1478	13,13
1526392126.730282458	984	40	60	0	1	1	2	-92	82503	1	0	1596	1478	13,13
1526392126.730305628	984	40	60	0	1	1	2	-92	82503	1	0	1596	1478	13,13
1526392126.732015429	984	40	60	0	1	1	2	-92	82503	1	0	1596	1478	13,13
1526392126.732042217	984	40	60	0	1	1	2	-92	82503	1	0	1596	1478	13,13
1526392126.734527287	984	40	60	0	1	1	2	-92	82504	1	0	1596	1478	13,13
1526392126.736257662	1928	40	60	0	1	1	2	-92	82504	1	0	3130	1478,1478	13,13
1526392126.736285858	984	40	60	0	1	1	2	-92	82504	1	0	1596	1478	13,13
1526392126.741895291	984	40	60	0	1	1	2	-93	82505	1	0	1596	1478	13,13
1526392126.741930844	984	40	60	0	1	1	2	-93	82505	1	0	1596	1478	13,13
1526392126.743608453	984	40	60	0	1	1	2	-93	82505	1	0	1596	1478	13,13
1526392126.743644049	984	40	60	0	1	1	2	-93	82505	1	0	1596	1478	13,13
1526392126.754126763	984	40	60	0	1	1	2	-92	82507	1	0	1596	1478	13,13
1526392126.754172881	984	40	60	0	1	1	2	-92	82507	1	0	1596	1478	13,13
1526392126.755824188	984	40	60	0	1	1	2	-92	82507	1	0	1596	1478	13,13
1526392126.755861915	984	40	60	0	1	1	2	-92	82507	1	0	1596	1478	13,13
1526392126.758438128	984	40	60	0	1	1	2	-91	82508	1	0	1596	1478	13,13
1526392126.758463393	984	40	60	0	1	1	2	-91	82508	1	0	1596	1478	13,13
1526392126.760250181	984	40	60	0	1	1	2	-91	82508	1	0	1596	1478	13,13
1526392126.760287873	984	40	60	0	1	1	2	-91	82508	1	0	1596	1478	13,13
1526392126.762933036	984	40	60	0	1	1	2	-93	82509	1	0	1596	1478	13,13
1526392126.766285014	984	40	60	0	1	1	2	-93	82510	1	0	1596	1478	13,13
1526392126.766319919	984	40	60	0	1	1	2	-93	82510	1	0	1596	1478	13,13
1526392126.767537480	984	40	60	0	1	1	2	-92	82511	1	0	1596	1478	13,13
1526392126.775213018	984	40	60	0	1	1	2	-93	82512	1	0	1596	1478	13,13
1526392126.787134936	984	40	60	0	1	1	2	-95	82513	1	0	1596	1478	13,13
1526392126.798711252	984	40	60	0	1	1	2	-91	82514	1	0	1596	1478	13,13
1526392126.810482804	984	40	60	0	1	1	2	-93	82515	1	0	1596	1478	13,13
1526392126.822275920	984	40	60	0	1	1	2	-92	82516	1	0	1596	1478	13,13
1526392126.834104833	984	40	60	0	1	1	2	-92	82517	1	0	1596	1478	13,13
1526392126.846508771	984	40	60	0	1	1	2	-92	82518	1	0	1596	1478	13,13
1526392126.857630228	984	40	60	0	1	1	2	-93	82519	1	0	1596	1478	13,13
1526392126.869371333	984	40	60	0	1	1	2	-91	82520	1	0	1596	1478	13,13
1526392126.881146016	984	40	60	0	1	1	2	-92	82521	1	0	1596	1478	13,13
1526392126.892922823	984	40	60	0	1	1	2	-93	82522	1	0	1596	1478	13,13
1526392126.907652766	984	40	60	0	1	1	2	-93	82523	1	0	1596	1478	13,13
1526392126.916629979	984	40	60	0	1	1	2	-91	82524	1	0	1596	1478	13,13
1526392126.928209959	984	40	60	0	1	1	2	-92	82525	1	0	1596	1478	13,13
1526392126.939846161	984	40	60	0	1	1	2	-92	82526	1	0	1596	1478	13,13
1526392126.951741896	984	40	60	0	1	1	2	-91	82527	1	0	1596	1478	13,13
1526392126.963475926	984	40	60	0	1	1	2	-93	82528	1	0	1596	1478	13,13
1526392126.976171357	984	40	60	0	1	1	2	-96	82530	1	0	1596	1478	13,13
1526392126.986958763	984	40	60	0	1	1	2	-91	82531	1	0	1596	1478	13,13
1526392126.998729232	984	40	60	0	1	1	2	-91	82532	1	0	1596	1478	13,13
1526392127.010469509	984	40	60	0	1	1	2	-94	82533	1	0	1596	1478	13,13
1526392127.023332467	984	40	60	0	1	1	2	-92	82535	1	0	1596	1478	13,13
1526392127.033899420	984	40	60	0	1	1	2	-91	82536	1	0	1596	1478	13,13
1526392127.045618296	984	40	60	0	1	1	2	-94	82537	1	0	1596	1478	13,13
1526392127.058230270	984	40	60	0	1	1	2	-91	82538	1	0	1596	1478	13,13
1526392127.069192690	984	40	60	0	1	1	2	-92	82539	1	0	1596	1478	13,13
1526392127.081039027	984	40	60	0	1	1	2	-95	82540	1	0	1596	1478	13,13
1526392127.092767244	984	40	60	0	1	1	2	-94	82541	1	0	1596	1478	13,13
1526392127.105473949	984	40	60	0	1	1	2	-93	82542	1	0	1596	1478	13,13
1526392127.116324514	984	40	60	0	1	1	2	-94	82543	1	0	1596	1478	13,13
1526392127.128024119	984	40	60	0	1	1	2	-93	82544	1	0	1596	1478	13,13
1526392127.139631668	984	40	60	0	1	1	2	-94	82545	1	0	1596	1478	13,13
1526392127.151503403	984	40	60	0	1	1	2	-93	82546	1	0	1596	1478	13,13
1526392127.163153464	984	40	60	0	1	1	2	-94	82547	1	0	1596	1478	13,13
1526392127.174993762	984	40	60	0	1	1	2	-93	82548	1	0	1596	1478	13,13
1526392127.186756064	984	40	60	0	1	1	2	-94	82549	1	0	1596	1478	13,13
1526392127.198505902	984	40	60	0	1	1	2	-93	82550	1	0	1596	1478	13,13
1526392127.210264906	984	40	60	0	1	1	2	-95	82551	1	0	1596	1478	13,13
1526392127.222023119	984	40	60	0	1	1	2	-93	82552	1	0	1596	1478	13,13
1526392127.233657837	984	40	60	0	1	1	2	-93	82553	1	0	1596	1478	13,13
1526392127.246646990	984	40	60	0	1	1	2	-93	82555	1	0	1596	1478	13,13
1526392127.257289770	984	40	60	0	1	1	2	-92	82556	1	0	1596	1478	13,13
1526392127.270034360	984	40	60	0	1	1	2	-93	82558	1	0	1596	1478	13,13
1526392127.280918288	984	40	60	0	1	1	2	-91	82559	1	0	1596	1478	13,13
1526392127.292693228	984	40	60	0	1	1	2	-93	82560	1	0	1596	1478	13,13
1526392127.293874992	984	40	60	0	1	1	2	-93	82561	1	0	1596	1478	13,13
1526392127.304467463	984	40	60	0	1	1	2	-94	82562	1	0	1596	1478	13,13
1526392127.316229603	984	40	60	0	1	1	2	-93	82563	1	0	1596	1478	13,13
1526392127.327988269	984	40	60	0	1	1	2	-92	82564	1	0	1596	1478	13,13
1526392127.339743749	984	40	60	0	1	1	2	-93	82565	1	0	1596	1478	13,13
1526392127.351506108	984	40	60	0	1	1	2	-92	82566	1	0	1596	1478	13,13
1526392127.363163620	984	40	60	0	1	1	2	-93	82567	1	0	1596	1478	13,13
1526392127.375329942	984	40	60	0	1	1	2	-93	82568	1	0	1596	1478	13,13
1526392127.386791497	984	40	60	0	1	1	2	-93	82569	1	0	1596	1478	13,13
1526392127.398539908	984	40	60	0	1	1	2	-92	82570	1	0	1596	1478	13,13
1526392127.410321567	984	40	60	0	1	1	2	-94	82571	1	0	1596	1478	13,13
1526392127.421996526	984	40	60	0	1	1	2	-94	82572	1	0	1596	1478	13,13
1526392127.434714523	984	40	60	0	1	1	2	-93	82574	1	0	1596	1478	13,13
1526392127.445506596	984	40	60	0	1	1	2	-92	82575	1	0	1596	1478	13,13
1526392127.457283952	984	40	60	0	1	1	2	-93	82576	1	0	1596	1478	13,13
1526392127.470281897	984	40	60	0	1	1	2	-93	82578	1	0	1596	1478	13,13
1526392127.481318234	984	40	60	0	1	1	2	-93	82579	1	0	1596	1478	13,13
1526392127.492633965	984	40	60	0	1	1	2	-94	82580	1	0	1596	1478	13,13
1526392127.504316379	984	40	60	0	1	1	2	-94	82581	1	0	1596	1478	13,13
1526392127.516154120	984	40	60	0	1	1	2	-94	82582	1	0	1596	1478	13,13
1526392127.527928418	984	40	60	0	1	1	2	-93	82583	1	0	1596	1478	13,13
1526392127.539665221	984	40	60	0	1	1	2	-94	82584	1	0	1596	1478	13,13
1526392127.551438036	984	40	60	0	1	1	2	-92	82585	1	0	1596	1478	13,13
1526392127.563196208	984	40	60	0	1	1	2	-93	82586	1	0	1596	1478	13,13
1526392127.574765694	984	40	60	0	1	1	2	-96	82587	1	0	1596	1478	13,13
1526392127.586726451	984	40	60	0	1	1	2	-92	82588	1	0	1596	1478	13,13
1526392127.599420367	984	40	60	0	1	1	2	-93	82589	1	0	1596	1478	13,13
1526392127.610238149	984	40	60	0	1	1	2	-94	82590	1	0	1596	1478	13,13
1526392127.621981205	984	40	60	0	1	1	2	-93	82591	1	0	1596	1478	13,13
1526392127.635122399	984	40	60	0	1	1	2	-93	82592	1	0	1596	1478	13,13
1526392127.645442804	984	40	60	0	1	1	2	-93	82593	1	0	1596	1478	13,13
1526392127.657274499	984	40	60	0	1	1	2	-93	82594	1	0	1596	1478	13,13
1526392127.670313071	984	40	60	0	1	1	2	-94	82595	1	0	1596	1478	13,13
1526392127.671546450	984	40	60	0	1	1	2	-92	82596	1	0	1596	1478	13,13
1526392127.680782340	984	40	60	0	1	1	2	-93	82597	1	0	1596	1478	13,13
1526392127.692550812	984	40	60	0	1	1	2	-94	82598	1	0	1596	1478	13,13
1526392127.704342854	984	40	60	0	1	1	2	-94	82599	1	0	1596	1478	13,13
1526392127.716072401	984	40	60	0	1	1	2	-94	82600	1	0	1596	1478	13,13
1526392127.727724500	984	40	60	0	1	1	2	-93	82601	1	0	1596	1478	13,13
1526392127.739507045	984	40	60	0	1	1	2	-92	82602	1	0	1596	1478	13,13
1526392127.751263329	984	40	60	0	1	1	2	-94	82603	1	0	1596	1478	13,13
1526392127.764038999	984	40	60	0	1	1	2	-95	82604	1	0	1596	1478	13,13
1526392127.774866940	984	40	60	0	1	1	2	-93	82605	1	0	1596	1478	13,13
1526392127.786654439	984	40	60	0	1	1	2	-95	82606	1	0	1596	1478	13,13
1526392127.798395635	984	40	60	0	1	1	2	-93	82607	1	0	1596	1478	13,13
1526392127.810075533	984	40	60	0	1	1	2	-94	82608	1	0	1596	1478	13,13
1526392127.821936036	984	40	60	0	1	1	2	-93	82609	1	0	1596	1478	13,13
1526392127.833676480	984	40	60	0	1	1	2	-92	82610	1	0	1596	1478	13,13
1526392127.845380754	984	40	60	0	1	1	2	-93	82611	1	0	1596	1478	13,13
1526392127.857245266	984	40	60	0	1	1	2	-92	82612	1	0	1596	1478	13,13
1526392127.868852017	984	40	60	0	1	1	2	-92	82613	1	0	1596	1478	13,13
1526392127.881358126	984	40	60	0	1	1	2	-91	82614	1	0	1596	1478	13,13
1526392127.892477039	984	40	60	0	1	1	2	-93	82615	1	0	1596	1478	13,13
1526392127.904254605	984	40	60	0	1	1	2	-93	82616	1	0	1596	1478	13,13
1526392127.916003727	984	40	60	0	1	1	2	-93	82617	1	0	1596	1478	13,13
1526392127.927755991	984	40	60	0	1	1	2	-93	82618	1	0	1596	1478	13,13
1526392127.940628574	984	40	60	0	1	1	2	-93	82620	1	0	1596	1478	13,13
1526392127.951193672	984	40	60	0	1	1	2	-92	82621	1	0	1596	1478	13,13
1526392127.962899747	984	40	60	0	1	1	2	-94	82622	1	0	1596	1478	13,13
1526392127.977018640	984	40	60	0	1	1	2	-93	82623	1	0	1596	1478	13,13
1526392127.986529198	984	40	60	0	1	1	2	-92	82624	1	0	1596	1478	13,13
1526392127.998306800	984	40	60	0	1	1	2	-94	82625	1	0	1596	1478	13,13
1526392128.010069445	984	40	60	0	1	1	2	-93	82626	1	0	1596	1478	13,13
1526392128.021643350	984	40	60	0	1	1	2	-93	82627	1	0	1596	1478	13,13
1526392128.034067364	984	40	60	0	1	1	2	-90	82628	1	0	1596	1478	13,13
1526392128.046520295	984	40	60	0	1	1	2	-92	82629	1	0	1596	1478	13,13
1526392128.057111017	984	40	60	0	1	1	2	-93	82630	1	0	1596	1478	13,13
1526392128.068872937	984	40	60	0	1	1	2	-93	82631	1	0	1596	1478	13,13
1526392128.080634802	984	40	60	0	1	1	2	-92	82632	1	0	1596	1478	13,13
1526392128.092408755	984	40	60	0	1	1	2	-92	82633	1	0	1596	1478	13,13
1526392128.104085269	984	40	60	0	1	1	2	-92	82634	1	0	1596	1478	13,13
1526392128.116062818	984	40	60	0	1	1	2	-93	82635	1	0	1596	1478	13,13
1526392128.127541357	984	40	60	0	1	1	2	-93	82636	1	0	1596	1478	13,13
1526392128.140172444	984	40	60	0	1	1	2	-90	82638	1	0	1596	1478	13,13
1526392128.151090163	984	40	60	0	1	1	2	-93	82639	1	0	1596	1478	13,13
1526392128.162816260	984	40	60	0	1	1	2	-95	82640	1	0	1596	1478	13,13
1526392128.174578528	984	40	60	0	1	1	2	-92	82641	1	0	1596	1478	13,13
1526392128.186356974	984	40	60	0	1	1	2	-95	82642	1	0	1596	1478	13,13
1526392128.198120280	984	40	60	0	1	1	2	-94	82643	1	0	1596	1478	13,13
1526392128.209742469	984	40	60	0	1	1	2	-93	82644	1	0	1596	1478	13,13
1526392128.221627219	984	40	60	0	1	1	2	-92	82645	1	0	1596	1478	13,13
1526392128.233385238	984	40	60	0	1	1	2	-92	82646	1	0	1596	1478	13,13
1526392128.245060515	984	40	60	0	1	1	2	-93	82647	1	0	1596	1478	13,13
1526392128.256809946	984	40	60	0	1	1	2	-94	82648	1	0	1596	1478	13,13
1526392128.268651478	984	40	60	0	1	1	2	-91	82649	1	0	1596	1478	13,13
1526392128.281542664	984	40	60	0	1	1	2	-93	82651	1	0	1596	1478	13,13
1526392128.292909596	984	40	60	0	1	1	2	-94	82652	1	0	1596	1478	13,13
1526392128.303942395	984	40	60	0	1	1	2	-91	82653	1	0	1596	1478	13,13
1526392128.315697411	984	40	60	0	1	1	2	-93	82654	1	0	1596	1478	13,13
1526392128.327468240	984	40	60	0	1	1	2	-93	82655	1	0	1596	1478	13,13
1526392128.340153090	984	40	60	0	1	1	2	-95	82657	1	0	1596	1478	13,13
1526392128.350979343	984	40	60	0	1	1	2	-93	82658	1	0	1596	1478	13,13
1526392128.362743872	984	40	60	0	1	1	2	-93	82659	1	0	1596	1478	13,13
1526392128.374512380	984	40	60	0	1	1	2	-93	82660	1	0	1596	1478	13,13
1526392128.386136515	984	40	60	0	1	1	2	-92	82661	1	0	1596	1478	13,13
1526392128.398028919	984	40	60	0	1	1	2	-93	82662	1	0	1596	1478	13,13
1526392128.409782944	984	40	60	0	1	1	2	-92	82663	1	0	1596	1478	13,13
1526392128.411027395	984	40	60	0	1	1	2	-92	82664	1	0	1596	1478	13,13
1526392128.421545440	984	40	60	0	1	1	2	-92	82665	1	0	1596	1478	13,13
1526392128.433280080	984	40	60	0	1	1	2	-93	82666	1	0	1596	1478	13,13
1526392128.444983429	984	40	60	0	1	1	2	-91	82667	1	0	1596	1478	13,13
1526392128.456741176	984	40	60	0	1	1	2	-94	82668	1	0	1596	1478	13,13
1526392128.468523135	984	40	60	0	1	1	2	-92	82669	1	0	1596	1478	13,13
1526392128.480333177	984	40	60	0	1	1	2	-92	82670	1	0	1596	1478	13,13
1526392128.492098564	984	40	60	0	1	1	2	-93	82671	1	0	1596	1478	13,13
1526392128.505238768	984	40	60	0	1	1	2	-92	82673	1	0	1596	1478	13,13
1526392128.515612439	984	40	60	0	1	1	2	-93	82674	1	0	1596	1478	13,13
1526392128.527365140	984	40	60	0	1	1	2	-93	82675	1	0	1596	1478	13,13
1526392128.540449964	984	40	60	0	1	1	2	-93	82676	1	0	1596	1478	13,13
1526392128.550882572	984	40	60	0	1	1	2	-92	82677	1	0	1596	1478	13,13
1526392128.562669890	984	40	60	0	1	1	2	-93	82678	1	0	1596	1478	13,13
1526392128.574440217	984	40	60	0	1	1	2	-93	82679	1	0	1596	1478	13,13
1526392128.586183451	984	40	60	0	1	1	2	-93	82680	1	0	1596	1478	13,13
1526392128.597950890	984	40	60	0	1	1	2	-91	82681	1	0	1596	1478	13,13
1526392128.609685769	984	40	60	0	1	1	2	-92	82682	1	0	1596	1478	13,13
1526392128.621477195	984	40	60	0	1	1	2	-93	82683	1	0	1596	1478	13,13
1526392128.633233945	984	40	60	0	1	1	2	-93	82684	1	0	1596	1478	13,13
1526392128.644960705	984	40	60	0	1	1	2	-94	82685	1	0	1596	1478	13,13
1526392128.656739033	984	40	60	0	1	1	2	-91	82686	1	0	1596	1478	13,13
1526392128.669318370	984	40	60	0	1	1	2	-94	82687	1	0	1596	1478	13,13
1526392128.680250617	984	40	60	0	1	1	2	-92	82688	1	0	1596	1478	13,13
1526392128.692033389	984	40	60	0	1	1	2	-94	82689	1	0	1596	1478	13,13
1526392128.703784709	984	40	60	0	1	1	2	-94	82690	1	0	1596	1478	13,13
1526392128.716373458	984	40	60	0	1	1	2	-93	82691	1	0	1596	1478	13,13
1526392128.727300297	984	40	60	0	1	1	2	-92	82692	1	0	1596	1478	13,13
1526392128.740191800	984	40	60	0	1	1	2	-94	82694	1	0	1596	1478	13,13
1526392128.751301370	984	40	60	0	1	1	2	-92	82695	1	0	1596	1478	13,13
1526392128.762615288	984	40	60	0	1	1	2	-91	82696	1	0	1596	1478	13,13
1526392128.774471685	984	40	60	0	1	1	2	-93	82697	1	0	1596	1478	13,13
1526392128.786219324	984	40	60	0	1	1	2	-91	82698	1	0	1596	1478	13,13
1526392128.797891917	984	40	60	0	1	1	2	-94	82699	1	0	1596	1478	13,13
1526392128.809742167	984	40	60	0	1	1	2	-91	82700	1	0	1596	1478	13,13
1526392128.821497746	984	40	60	0	1	1	2	-93	82701	1	0	1596	1478	13,13
1526392128.834095896	984	40	60	0	1	1	2	-94	82702	1	0	1596	1478	13,13
1526392128.846181024	984	40	60	0	1	1	2	-92	82704	1	0	1596	1478	13,13
1526392128.856777115	984	40	60	0	1	1	2	-94	82705	1	0	1596	1478	13,13
1526392128.870979043	984	40	60	0	1	1	2	-93	82707	1	0	1596	1478	13,13
1526392128.880296417	984	40	60	0	1	1	2	-93	82708	1	0	1596	1478	13,13
1526392128.891967207	984	40	60	0	1	1	2	-92	82709	1	0	1596	1478	13,13
1526392128.903753729	984	40	60	0	1	1	2	-93	82710	1	0	1596	1478	13,13
1526392128.915415257	984	40	60	0	1	1	2	-92	82711	1	0	1596	1478	13,13
1526392128.927383186	984	40	60	0	1	1	2	-92	82712	1	0	1596	1478	13,13
1526392128.939050059	984	40	60	0	1	1	2	-93	82713	1	0	1596	1478	13,13
1526392128.950802367	984	40	60	0	1	1	2	-92	82714	1	0	1596	1478	13,13
1526392128.962501201	984	40	60	0	1	1	2	-91	82715	1	0	1596	1478	13,13
1526392128.974304360	984	40	60	0	1	1	2	-93	82716	1	0	1596	1478	13,13
1526392128.986160506	984	40	60	0	1	1	2	-94	82717	1	0	1596	1478	13,13
1526392128.998867372	984	40	60	0	1	1	2	-91	82718	1	0	1596	1478	13,13
1526392129.009672567	984	40	60	0	1	1	2	-94	82719	1	0	1596	1478	13,13
1526392129.021468766	984	40	60	0	1	1	2	-93	82720	1	0	1596	1478	13,13
1526392129.033165254	984	40	60	0	1	1	2	-94	82721	1	0	1596	1478	13,13
1526392129.044942923	984	40	60	0	1	1	2	-93	82722	1	0	1596	1478	13,13
1526392129.056923661	984	40	60	0	1	1	2	-93	82723	1	0	1596	1478	13,13
1526392129.068443117	984	40	60	0	1	1	2	-92	82724	1	0	1596	1478	13,13
1526392129.080142112	984	40	60	0	1	1	2	-91	82725	1	0	1596	1478	13,13
1526392129.091892535	984	40	60	0	1	1	2	-93	82726	1	0	1596	1478	13,13
1526392129.103633941	984	40	60	0	1	1	2	-94	82727	1	0	1596	1478	13,13
1526392129.115420899	984	40	60	0	1	1	2	-91	82728	1	0	1596	1478	13,13
1526392129.127994810	984	40	60	0	1	1	2	-95	82729	1	0	1596	1478	13,13
1526392129.138881636	984	40	60	0	1	1	2	-93	82730	1	0	1596	1478	13,13
1526392129.150811474	984	40	60	0	1	1	2	-91	82731	1	0	1596	1478	13,13
1526392129.162542637	984	40	60	0	1	1	2	-93	82732	1	0	1596	1478	13,13
1526392129.175287324	984	40	60	0	1	1	2	-93	82733	1	0	1596	1478	13,13
1526392129.185947886	984	40	60	0	1	1	2	-92	82734	1	0	1596	1478	13,13
1526392129.197831876	984	40	60	0	1	1	2	-92	82735	1	0	1596	1478	13,13
1526392129.209576418	984	40	60	0	1	1	2	-94	82736	1	0	1596	1478	13,13
1526392129.222596407	984	40	60	0	1	1	2	-93	82737	1	0	1596	1478	13,13
1526392129.233096898	984	40	60	0	1	1	2	-92	82738	1	0	1596	1478	13,13
1526392129.247250009	984	40	60	0	1	1	2	-92	82741	1	0	1596	1478	13,13
1526392129.256554948	984	40	60	0	1	1	2	-93	82742	1	0	1596	1478	13,13
1526392129.268371277	984	40	60	0	1	1	2	-92	82743	1	0	1596	1478	13,13
1526392129.280159436	984	40	60	0	1	1	2	-93	82744	1	0	1596	1478	13,13
1526392129.293063220	984	40	60	0	1	1	2	-93	82746	1	0	1596	1478	13,13
1526392129.304795151	984	40	60	0	1	1	2	-92	82748	1	0	1596	1478	13,13
1526392129.315442523	984	40	60	0	1	1	2	-92	82749	1	0	1596	1478	13,13
1526392129.327218012	984	40	60	0	1	1	2	-92	82750	1	0	1596	1478	13,13
1526392129.339901723	984	40	60	0	1	1	2	-92	82751	1	0	1596	1478	13,13
1526392129.350644237	984	40	60	0	1	1	2	-93	82752	1	0	1596	1478	13,13
1526392129.362467207	984	40	60	0	1	1	2	-92	82753	1	0	1596	1478	13,13
1526392129.363745973	984	40	60	0	1	1	2	-93	82754	1	0	1596	1478	13,13
1526392129.374237030	984	40	60	0	1	1	2	-93	82755	1	0	1596	1478	13,13
1526392129.385994714	984	40	60	0	1	1	2	-93	82756	1	0	1596	1478	13,13
1526392129.397737586	984	40	60	0	1	1	2	-91	82757	1	0	1596	1478	13,13
1526392129.409428568	984	40	60	0	1	1	2	-93	82758	1	0	1596	1478	13,13
1526392129.421278699	984	40	60	0	1	1	2	-95	82759	1	0	1596	1478	13,13
1526392129.433020466	984	40	60	0	1	1	2	-92	82760	1	0	1596	1478	13,13
1526392129.444673471	984	40	60	0	1	1	2	-93	82761	1	0	1596	1478	13,13
1526392129.456564331	984	40	60	0	1	1	2	-93	82762	1	0	1596	1478	13,13
1526392129.468320465	984	40	60	0	1	1	2	-92	82763	1	0	1596	1478	13,13
1526392129.480065547	984	40	60	0	1	1	2	-93	82764	1	0	1596	1478	13,13
1526392129.491826940	984	40	60	0	1	1	2	-92	82765	1	0	1596	1478	13,13
1526392129.504596338	984	40	60	0	1	1	2	-91	82766	1	0	1596	1478	13,13
1526392129.515339873	984	40	60	0	1	1	2	-93	82767	1	0	1596	1478	13,13
1526392129.527138430	984	40	60	0	1	1	2	-95	82768	1	0	1596	1478	13,13
1526392129.538864344	984	40	60	0	1	1	2	-93	82769	1	0	1596	1478	13,13
1526392129.551389294	984	40	60	0	1	1	2	-94	82770	1	0	1596	1478	13,13
1526392129.562410317	984	40	60	0	1	1	2	-93	82771	1	0	1596	1478	13,13
1526392129.574180401	984	40	60	0	1	1	2	-92	82772	1	0	1596	1478	13,13
1526392129.585822552	984	40	60	0	1	1	2	-92	82773	1	0	1596	1478	13,13
1526392129.597670973	984	40	60	0	1	1	2	-92	82774	1	0	1596	1478	13,13
1526392129.609467237	984	40	60	0	1	1	2	-93	82775	1	0	1596	1478	13,13
1526392129.621206786	984	40	60	0	1	1	2	-93	82776	1	0	1596	1478	13,13
1526392129.632956191	984	40	60	0	1	1	2	-92	82777	1	0	1596	1478	13,13
1526392129.644620199	984	40	60	0	1	1	2	-91	82778	1	0	1596	1478	13,13
1526392129.656401158	984	40	60	0	1	1	2	-93	82779	1	0	1596	1478	13,13
1526392129.669187104	984	40	60	0	1	1	2	-94	82780	1	0	1596	1478	13,13
1526392129.679998602	984	40	60	0	1	1	2	-91	82781	1	0	1596	1478	13,13
1526392129.691740392	984	40	60	0	1	1	2	-92	82782	1	0	1596	1478	13,13
1526392129.703443037	984	40	60	0	1	1	2	-92	82783	1	0	1596	1478	13,13
1526392129.715268418	984	40	60	0	1	1	2	-92	82784	1	0	1596	1478	13,13
1526392129.727027969	984	40	60	0	1	1	2	-94	82785	1	0	1596	1478	13,13
1526392129.738703284	984	40	60	0	1	1	2	-93	82786	1	0	1596	1478	13,13
1526392129.750506162	984	40	60	0	1	1	2	-92	82787	1	0	1596	1478	13,13
1526392129.762318052	984	40	60	0	1	1	2	-94	82788	1	0	1596	1478	13,13
1526392129.774078836	984	40	60	0	1	1	2	-92	82789	1	0	1596	1478	13,13
1526392129.785836572	984	40	60	0	1	1	2	-94	82790	1	0	1596	1478	13,13
1526392129.797583725	984	40	60	0	1	1	2	-92	82791	1	0	1596	1478	13,13
1526392129.809292142	984	40	60	0	1	1	2	-93	82792	1	0	1596	1478	13,13
1526392129.821044096	984	40	60	0	1	1	2	-92	82793	1	0	1596	1478	13,13
1526392129.833809497	984	40	60	0	1	1	2	-92	82794	1	0	1596	1478	13,13
1526392129.844624185	984	40	60	0	1	1	2	-92	82795	1	0	1596	1478	13,13
1526392129.856416468	984	40	60	0	1	1	2	-92	82796	1	0	1596	1478	13,13
1526392129.868138242	984	40	60	0	1	1	2	-92	82797	1	0	1596	1478	13,13
1526392129.879926501	984	40	60	0	1	1	2	-94	82798	1	0	1596	1478	13,13
1526392129.891617449	984	40	60	0	1	1	2	-91	82799	1	0	1596	1478	13,13
1526392129.903439603	984	40	60	0	1	1	2	-92	82800	1	0	1596	1478	13,13
1526392129.915099462	984	40	60	0	1	1	2	-92	82801	1	0	1596	1478	13,13
1526392129.926831889	984	40	60	0	1	1	2	-92	82802	1	0	1596	1478	13,13
1526392129.938645388	984	40	60	0	1	1	2	-92	82803	1	0	1596	1478	13,13
1526392129.950356456	984	40	60	0	1	1	2	-93	82804	1	0	1596	1478	13,13
1526392129.963056328	984	40	60	0	1	1	2	-92	82805	1	0	1596	1478	13,13
1526392129.973967488	984	40	60	0	1	1	2	-93	82806	1	0	1596	1478	13,13
1526392129.985756950	984	40	60	0	1	1	2	-91	82807	1	0	1596	1478	13,13
1526392129.997501307	984	40	60	0	1	1	2	-93	82808	1	0	1596	1478	13,13
1526392130.010216362	984	40	60	0	1	1	2	-95	82809	1	0	1596	1478	13,13
1526392130.021022571	984	40	60	0	1	1	2	-94	82810	1	0	1596	1478	13,13
1526392130.032784733	984	40	60	0	1	1	2	-91	82811	1	0	1596	1478	13,13
1526392130.044482321	984	40	60	0	1	1	2	-93	82812	1	0	1596	1478	13,13
1526392130.056207982	984	40	60	0	1	1	2	-94	82813	1	0	1596	1478	13,13
1526392130.067953080	984	40	60	0	1	1	2	-93	82814	1	0	1596	1478	13,13
1526392130.079727657	984	40	60	0	1	1	2	-93	82815	1	0	1596	1478	13,13
1526392130.091465123	984	40	60	0	1	1	2	-93	82816	1	0	1596	1478	13,13
1526392130.103233152	984	40	60	0	1	1	2	-93	82817	1	0	1596	1478	13,13
1526392130.114968044	984	40	60	0	1	1	2	-93	82818	1	0	1596	1478	13,13
1526392130.126747961	984	40	60	0	1	1	2	-90	82819	1	0	1596	1478	13,13
1526392130.138503523	984	40	60	0	1	1	2	-93	82820	1	0	1596	1478	13,13
1526392130.150129080	984	40	60	0	1	1	2	-93	82821	1	0	1596	1478	13,13
1526392130.162012839	984	40	60	0	1	1	2	-92	82822	1	0	1596	1478	13,13
1526392130.174652233	984	40	60	0	1	1	2	-90	82823	1	0	1596	1478	13,13
1526392130.185541932	984	40	60	0	1	1	2	-94	82824	1	0	1596	1478	13,13
1526392130.197388454	984	40	60	0	1	1	2	-93	82825	1	0	1596	1478	13,13
1526392130.210311434	984	40	60	0	1	1	2	-93	82827	1	0	1596	1478	13,13
1526392130.222181166	984	40	60	0	1	1	2	-91	82829	1	0	1596	1478	13,13
1526392130.232680162	984	40	60	0	1	1	2	-93	82830	1	0	1596	1478	13,13
1526392130.244368385	984	40	60	0	1	1	2	-92	82831	1	0	1596	1478	13,13
1526392130.256220519	984	40	60	0	1	1	2	-94	82832	1	0	1596	1478	13,13
1526392130.267964961	984	40	60	0	1	1	2	-92	82833	1	0	1596	1478	13,13
1526392130.279743555	984	40	60	0	1	1	2	-92	82834	1	0	1596	1478	13,13
1526392130.291516336	984	40	60	0	1	1	2	-93	82835	1	0	1596	1478	13,13
1526392130.303266116	984	40	60	0	1	1	2	-92	82836	1	0	1596	1478	13,13
1526392130.317444524	984	40	60	0	1	1	2	-92	82839	1	0	1596	1478	13,13
1526392130.326771015	984	40	60	0	1	1	2	-92	82840	1	0	1596	1478	13,13
1526392130.340603457	984	40	60	0	1	1	2	-93	82842	1	0	1596	1478	13,13
1526392130.350306887	984	40	60	0	1	1	2	-91	82843	1	0	1596	1478	13,13
1526392130.362095924	984	40	60	0	1	1	2	-92	82844	1	0	1596	1478	13,13
1526392130.373850407	984	40	60	0	1	1	2	-93	82845	1	0	1596	1478	13,13
1526392130.386366223	984	40	60	0	1	1	2	-93	82846	1	0	1596	1478	13,13
1526392130.397344683	984	40	60	0	1	1	2	-92	82847	1	0	1596	1478	13,13
1526392130.409111790	984	40	60	0	1	1	2	-93	82848	1	0	1596	1478	13,13
1526392130.420853076	984	40	60	0	1	1	2	-92	82849	1	0	1596	1478	13,13
1526392130.432436126	984	40	60	0	1	1	2	-93	82850	1	0	1596	1478	13,13
1526392130.444303851	984	40	60	0	1	1	2	-91	82851	1	0	1596	1478	13,13
1526392130.456090392	984	40	60	0	1	1	2	-92	82852	1	0	1596	1478	13,13
1526392130.457280752	984	40	60	0	1	1	2	-91	82853	1	0	1596	1478	13,13
1526392130.467828080	984	40	60	0	1	1	2	-93	82854	1	0	1596	1478	13,13
1526392130.479671792	984	40	60	0	1	1	2	-92	82855	1	0	1596	1478	13,13
1526392130.491847795	984	40	60	0	1	1	2	-92	82856	1	0	1596	1478	13,13
1526392130.504130535	984	40	60	0	1	1	2	-93	82857	1	0	1596	1478	13,13
1526392130.514958166	984	40	60	0	1	1	2	-92	82858	1	0	1596	1478	13,13
1526392130.526714480	984	40	60	0	1	1	2	-93	82859	1	0	1596	1478	13,13
1526392130.538514314	984	40	60	0	1	1	2	-92	82860	1	0	1596	1478	13,13
1526392130.550249981	984	40	60	0	1	1	2	-92	82861	1	0	1596	1478	13,13
1526392130.561922932	984	40	60	0	1	1	2	-92	82862	1	0	1596	1478	13,13
1526392130.573764544	984	40	60	0	1	1	2	-92	82863	1	0	1596	1478	13,13
1526392130.585511595	984	40	60	0	1	1	2	-92	82864	1	0	1596	1478	13,13
1526392130.597404844	984	40	60	0	1	1	2	-92	82865	1	0	1596	1478	13,13
1526392130.609056610	984	40	60	0	1	1	2	-94	82866	1	0	1596	1478	13,13
1526392130.620787215	984	40	60	0	1	1	2	-93	82867	1	0	1596	1478	13,13
1526392130.632535525	984	40	60	0	1	1	2	-92	82868	1	0	1596	1478	13,13
1526392130.644166981	984	40	60	0	1	1	2	-92	82869	1	0	1596	1478	13,13
1526392130.656059110	984	40	60	0	1	1	2	-92	82870	1	0	1596	1478	13,13
1526392130.668785334	984	40	60	0	1	1	2	-92	82871	1	0	1596	1478	13,13
1526392130.679595511	984	40	60	0	1	1	2	-92	82872	1	0	1596	1478	13,13
1526392130.691356805	984	40	60	0	1	1	2	-92	82873	1	0	1596	1478	13,13
1526392130.703111242	984	40	60	0	1	1	2	-92	82874	1	0	1596	1478	13,13
1526392130.718430365	984	40	60	0	1	1	2	-93	82878	1	0	1596	1478	13,13
1526392130.726529930	984	40	60	0	1	1	2	-93	82879	1	0	1596	1478	13,13
1526392130.738400035	984	40	60	0	1	1	2	-94	82880	1	0	1596	1478	13,13
1526392130.750157598	984	40	60	0	1	1	2	-93	82881	1	0	1596	1478	13,13
1526392130.761900136	984	40	60	0	1	1	2	-91	82882	1	0	1596	1478	13,13
1526392130.773671697	984	40	60	0	1	1	2	-93	82883	1	0	1596	1478	13,13
1526392130.785438472	984	40	60	0	1	1	2	-93	82884	1	0	1596	1478	13,13
1526392130.797904829	984	40	60	0	1	1	2	-92	82885	1	0	1596	1478	13,13
1526392130.808931196	984	40	60	0	1	1	2	-92	82886	1	0	1596	1478	13,13
1526392130.820724426	984	40	60	0	1	1	2	-92	82887	1	0	1596	1478	13,13
1526392130.832469826	984	40	60	0	1	1	2	-92	82888	1	0	1596	1478	13,13
1526392130.845191747	984	40	60	0	1	1	2	-92	82889	1	0	1596	1478	13,13
1526392130.855978837	984	40	60	0	1	1	2	-93	82890	1	0	1596	1478	13,13
1526392130.867662829	984	40	60	0	1	1	2	-92	82891	1	0	1596	1478	13,13
1526392130.879510422	984	40	60	0	1	1	2	-93	82892	1	0	1596	1478	13,13
1526392130.891274084	984	40	60	0	1	1	2	-93	82893	1	0	1596	1478	13,13
1526392130.903035483	984	40	60	0	1	1	2	-92	82894	1	0	1596	1478	13,13
1526392130.914781359	984	40	60	0	1	1	2	-94	82895	1	0	1596	1478	13,13
1526392130.926564348	984	40	60	0	1	1	2	-94	82896	1	0	1596	1478	13,13
1526392130.938225041	984	40	60	0	1	1	2	-93	82897	1	0	1596	1478	13,13
1526392130.949899430	984	40	60	0	1	1	2	-93	82898	1	0	1596	1478	13,13
1526392130.962960721	984	40	60	0	1	1	2	-94	82900	1	0	1596	1478	13,13
1526392130.973587298	984	40	60	0	1	1	2	-92	82901	1	0	1596	1478	13,13
1526392130.985331000	984	40	60	0	1	1	2	-92	82902	1	0	1596	1478	13,13
1526392130.997151297	984	40	60	0	1	1	2	-95	82903	1	0	1596	1478	13,13
1526392131.009872089	984	40	60	0	1	1	2	-93	82904	1	0	1596	1478	13,13
1526392131.020530156	984	40	60	0	1	1	2	-94	82905	1	0	1596	1478	13,13
1526392131.032318971	984	40	60	0	1	1	2	-93	82906	1	0	1596	1478	13,13
1526392131.044060047	984	40	60	0	1	1	2	-93	82907	1	0	1596	1478	13,13
1526392131.055794383	984	40	60	0	1	1	2	-92	82908	1	0	1596	1478	13,13
1526392131.068669182	984	40	60	0	1	1	2	-94	82909	1	0	1596	1478	13,13
1526392131.079234258	984	40	60	0	1	1	2	-92	82910	1	0	1596	1478	13,13
1526392131.091072975	984	40	60	0	1	1	2	-93	82911	1	0	1596	1478	13,13
1526392131.102816468	984	40	60	0	1	1	2	-93	82912	1	0	1596	1478	13,13
1526392131.114581237	984	40	60	0	1	1	2	-91	82913	1	0	1596	1478	13,13
1526392131.127343970	984	40	60	0	1	1	2	-93	82915	1	0	1596	1478	13,13
1526392131.137842372	984	40	60	0	1	1	2	-92	82916	1	0	1596	1478	13,13
1526392131.149862133	984	40	60	0	1	1	2	-92	82917	1	0	1596	1478	13,13
1526392131.162769770	984	40	60	0	1	1	2	-92	82919	1	0	1596	1478	13,13
1526392131.174351804	984	40	60	0	1	1	2	-93	82920	1	0	1596	1478	13,13
1526392131.185130073	984	40	60	0	1	1	2	-91	82921	1	0	1596	1478	13,13
1526392131.196898828	984	40	60	0	1	1	2	-94	82922	1	0	1596	1478	13,13
1526392131.208961825	984	40	60	0	1	1	2	-93	82923	1	0	1596	1478	13,13
1526392131.221202728	984	40	60	0	1	1	2	-94	82924	1	0	1596	1478	13,13
1526392131.231928067	984	40	60	0	1	1	2	-92	82926	1	0	1596	1478	13,13
1526392131.243841882	984	40	60	0	1	1	2	-93	82927	1	0	1596	1478	13,13
1526392131.255688916	984	40	60	0	1	1	2	-92	82928	1	0	1596	1478	13,13
1526392131.267459251	984	40	60	0	1	1	2	-93	82929	1	0	1596	1478	13,13
1526392131.279217787	984	40	60	0	1	1	2	-94	82930	1	0	1596	1478	13,13
1526392131.290975252	984	40	60	0	1	1	2	-94	82931	1	0	1596	1478	13,13
1526392131.302737116	984	40	60	0	1	1	2	-92	82932	1	0	1596	1478	13,13
1526392131.314485617	984	40	60	0	1	1	2	-93	82933	1	0	1596	1478	13,13
1526392131.326250610	984	40	60	0	1	1	2	-94	82934	1	0	1596	1478	13,13
1526392131.340059553	984	40	60	0	1	1	2	-92	82936	1	0	1596	1478	13,13
1526392131.349770445	984	40	60	0	1	1	2	-92	82937	1	0	1596	1478	13,13
1526392131.361537969	984	40	60	0	1	1	2	-92	82938	1	0	1596	1478	13,13
1526392131.374426469	984	40	60	0	1	1	2	-91	82940	1	0	1596	1478	13,13
1526392131.385055123	984	40	60	0	1	1	2	-92	82941	1	0	1596	1478	13,13
1526392131.396838827	984	40	60	0	1	1	2	-92	82942	1	0	1596	1478	13,13
1526392131.408578129	984	40	60	0	1	1	2	-92	82943	1	0	1596	1478	13,13
1526392131.420339541	984	40	60	0	1	1	2	-93	82944	1	0	1596	1478	13,13
1526392131.432107048	984	40	60	0	1	1	2	-91	82945	1	0	1596	1478	13,13
1526392131.444972390	984	40	60	0	1	1	2	-92	82947	1	0	1596	1478	13,13
1526392131.455531897	984	40	60	0	1	1	2	-96	82948	1	0	1596	1478	13,13
1526392131.467397256	984	40	60	0	1	1	2	-92	82949	1	0	1596	1478	13,13
1526392131.479129134	984	40	60	0	1	1	2	-93	82950	1	0	1596	1478	13,13
1526392131.490902250	984	40	60	0	1	1	2	-93	82951	1	0	1596	1478	13,13
1526392131.503613462	984	40	60	0	1	1	2	-93	82952	1	0	1596	1478	13,13
1526392131.514415773	984	40	60	0	1	1	2	-92	82953	1	0	1596	1478	13,13
1526392131.526185958	984	40	60	0	1	1	2	-93	82954	1	0	1596	1478	13,13
1526392131.537930068	984	40	60	0	1	1	2	-95	82955	1	0	1596	1478	13,13
1526392131.549561722	984	40	60	0	1	1	2	-94	82956	1	0	1596	1478	13,13
1526392131.561445936	984	40	60	0	1	1	2	-93	82957	1	0	1596	1478	13,13
1526392131.573357289	984	40	60	0	1	1	2	-91	82958	1	0	1596	1478	13,13
1526392131.585096591	984	40	60	0	1	1	2	-93	82959	1	0	1596	1478	13,13
1526392131.596856852	984	40	60	0	1	1	2	-92	82960	1	0	1596	1478	13,13
1526392131.608644247	984	40	60	0	1	1	2	-93	82961	1	0	1596	1478	13,13
1526392131.620389007	984	40	60	0	1	1	2	-94	82962	1	0	1596	1478	13,13
1526392131.632832202	984	40	60	0	1	1	2	-92	82963	1	0	1596	1478	13,13
1526392131.643826481	984	40	60	0	1	1	2	-93	82964	1	0	1596	1478	13,13
1526392131.655660843	984	40	60	0	1	1	2	-91	82965	1	0	1596	1478	13,13
1526392131.667430268	984	40	60	0	1	1	2	-92	82966	1	0	1596	1478	13,13
1526392131.679411959	984	40	60	0	1	1	2	-91	82967	1	0	1596	1478	13,13
1526392131.690957906	984	40	60	0	1	1	2	-92	82968	1	0	1596	1478	13,13
1526392131.702733110	984	40	60	0	1	1	2	-92	82969	1	0	1596	1478	13,13
1526392131.714497741	984	40	60	0	1	1	2	-91	82970	1	0	1596	1478	13,13
1526392131.726242517	984	40	60	0	1	1	2	-93	82971	1	0	1596	1478	13,13
1526392131.737917744	984	40	60	0	1	1	2	-91	82972	1	0	1596	1478	13,13
1526392131.749656652	984	40	60	0	1	1	2	-94	82973	1	0	1596	1478	13,13
1526392131.751905734	984	40	60	0	1	1	2	-93	82974	1	0	1596	1478	13,13
1526392131.761485726	984	40	60	0	1	1	2	-92	82975	1	0	1596	1478	13,13
1526392131.773242843	984	40	60	0	1	1	2	-92	82976	1	0	1596	1478	13,13
1526392131.785064096	984	40	60	0	1	1	2	-93	82977	1	0	1596	1478	13,13
1526392131.796837604	984	40	60	0	1	1	2	-93	82978	1	0	1596	1478	13,13
1526392131.808606728	984	40	60	0	1	1	2	-93	82979	1	0	1596	1478	13,13
1526392131.809793614	984	40	60	0	1	1	2	-92	82980	1	0	1596	1478	13,13
1526392131.820362038	984	40	60	0	1	1	2	-92	82981	1	0	1596	1478	13,13
1526392131.832052426	984	40	60	0	1	1	2	-91	82982	1	0	1596	1478	13,13
1526392131.844989646	984	40	60	0	1	1	2	-92	82984	1	0	1596	1478	13,13
1526392131.855638025	984	40	60	0	1	1	2	-92	82985	1	0	1596	1478	13,13
1526392131.867418715	984	40	60	0	1	1	2	-92	82986	1	0	1596	1478	13,13
1526392131.879190997	984	40	60	0	1	1	2	-94	82987	1	0	1596	1478	13,13
1526392131.891461538	984	40	60	0	1	1	2	-92	82988	1	0	1596	1478	13,13
1526392131.902695743	984	40	60	0	1	1	2	-92	82989	1	0	1596	1478	13,13
1526392131.915391652	984	40	60	0	1	1	2	-91	82990	1	0	1596	1478	13,13
1526392131.926111986	984	40	60	0	1	1	2	-91	82991	1	0	1596	1478	13,13
1526392131.938187731	984	40	60	0	1	1	2	-92	82992	1	0	1596	1478	13,13
1526392131.950854659	984	40	60	0	1	1	2	-90	82994	1	0	1596	1478	13,13
1526392131.961408970	984	40	60	0	1	1	2	-90	82995	1	0	1596	1478	13,13
1526392131.972977127	984	40	60	0	1	1	2	-92	82996	1	0	1596	1478	13,13
1526392131.984963202	984	40	60	0	1	1	2	-94	82997	1	0	1596	1478	13,13
1526392131.996631593	984	40	60	0	1	1	2	-91	82998	1	0	1596	1478	13,13
1526392132.013547242	984	40	60	0	1	1	2	-91	83001	1	0	1596	1478	13,13
1526392132.014802386	984	40	60	0	1	1	2	-91	83002	1	0	1596	1478	13,13
1526392132.021371459	984	40	60	0	1	1	2	-93	83004	1	0	1596	1478	13,13
1526392132.031935710	984	40	60	0	1	1	2	-92	83005	1	0	1596	1478	13,13
1526392132.043643533	984	40	60	0	1	1	2	-92	83006	1	0	1596	1478	13,13
1526392132.055353199	984	40	60	0	1	1	2	-92	83007	1	0	1596	1478	13,13
1526392132.067167335	984	40	60	0	1	1	2	-95	83008	1	0	1596	1478	13,13
1526392132.079011201	984	40	60	0	1	1	2	-91	83009	1	0	1596	1478	13,13
1526392132.091991078	984	40	60	0	1	1	2	-92	83011	1	0	1596	1478	13,13
1526392132.103373668	984	40	60	0	1	1	2	-92	83012	1	0	1596	1478	13,13
1526392132.114328058	984	40	60	0	1	1	2	-93	83013	1	0	1596	1478	13,13
1526392132.125983816	984	40	60	0	1	1	2	-92	83014	1	0	1596	1478	13,13
1526392132.137769983	984	40	60	0	1	1	2	-92	83015	1	0	1596	1478	13,13
1526392132.150359795	984	40	60	0	1	1	2	-94	83016	1	0	1596	1478	13,13
1526392132.161334293	984	40	60	0	1	1	2	-93	83017	1	0	1596	1478	13,13
1526392132.173101911	984	40	60	0	1	1	2	-93	83018	1	0	1596	1478	13,13
1526392132.184872387	984	40	60	0	1	1	2	-92	83019	1	0	1596	1478	13,13
1526392132.196605453	984	40	60	0	1	1	2	-93	83020	1	0	1596	1478	13,13
1526392132.208381551	984	40	60	0	1	1	2	-91	83021	1	0	1596	1478	13,13
1526392132.219906200	984	40	60	0	1	1	2	-92	83022	1	0	1596	1478	13,13
1526392132.232591842	984	40	60	0	1	1	2	-92	83023	1	0	1596	1478	13,13
1526392132.243591974	984	40	60	0	1	1	2	-91	83024	1	0	1596	1478	13,13
1526392132.255429740	984	40	60	0	1	1	2	-93	83025	1	0	1596	1478	13,13
1526392132.268118890	984	40	60	0	1	1	2	-91	83026	1	0	1596	1478	13,13
1526392132.278933709	984	40	60	0	1	1	2	-92	83027	1	0	1596	1478	13,13
1526392132.290691640	984	40	60	0	1	1	2	-93	83028	1	0	1596	1478	13,13
1526392132.302423197	984	40	60	0	1	1	2	-91	83029	1	0	1596	1478	13,13
1526392132.314240959	984	40	60	0	1	1	2	-92	83030	1	0	1596	1478	13,13
1526392132.325989049	984	40	60	0	1	1	2	-91	83031	1	0	1596	1478	13,13
1526392132.337682387	984	40	60	0	1	1	2	-93	83032	1	0	1596	1478	13,13
1526392132.349499716	984	40	60	0	1	1	2	-92	83033	1	0	1596	1478	13,13
1526392132.361287007	984	40	60	0	1	1	2	-92	83034	1	0	1596	1478	13,13
1526392132.372900658	984	40	60	0	1	1	2	-93	83035	1	0	1596	1478	13,13
1526392132.384781375	984	40	60	0	1	1	2	-94	83036	1	0	1596	1478	13,13
1526392132.396551574	984	40	60	0	1	1	2	-92	83037	1	0	1596	1478	13,13
1526392132.408311458	984	40	60	0	1	1	2	-93	83038	1	0	1596	1478	13,13
1526392132.420080136	984	40	60	0	1	1	2	-94	83039	1	0	1596	1478	13,13
1526392132.432786366	984	40	60	0	1	1	2	-92	83040	1	0	1596	1478	13,13
1526392132.444678806	984	40	60	0	1	1	2	-92	83042	1	0	1596	1478	13,13
1526392132.455338632	984	40	60	0	1	1	2	-93	83043	1	0	1596	1478	13,13
1526392132.467133972	984	40	60	0	1	1	2	-91	83044	1	0	1596	1478	13,13
1526392132.478794768	984	40	60	0	1	1	2	-93	83045	1	0	1596	1478	13,13
1526392132.491664378	984	40	60	0	1	1	2	-91	83047	1	0	1596	1478	13,13
1526392132.502304882	984	40	60	0	1	1	2	-93	83048	1	0	1596	1478	13,13
1526392132.514188911	984	40	60	0	1	1	2	-92	83049	1	0	1596	1478	13,13
1526392132.525909144	984	40	60	0	1	1	2	-91	83050	1	0	1596	1478	13,13
1526392132.527184397	984	40	60	0	1	1	2	-94	83051	1	0	1596	1478	13,13
1526392132.537674299	984	40	60	0	1	1	2	-92	83052	1	0	1596	1478	13,13
1526392132.549335045	984	40	60	0	1	1	2	-95	83053	1	0	1596	1478	13,13
1526392132.561903096	984	40	60	0	1	1	2	-92	83054	1	0	1596	1478	13,13
1526392132.572975911	984	40	60	0	1	1	2	-92	83055	1	0	1596	1478	13,13
1526392132.584721659	984	40	60	0	1	1	2	-92	83056	1	0	1596	1478	13,13
1526392132.596470980	984	40	60	0	1	1	2	-92	83057	1	0	1596	1478	13,13
1526392132.609172056	984	40	60	0	1	1	2	-95	83058	1	0	1596	1478	13,13
1526392132.619997309	984	40	60	0	1	1	2	-97	83059	1	0	1596	1478	13,13
1526392132.631743499	984	40	60	0	1	1	2	-92	83060	1	0	1596	1478	13,13
1526392132.643423726	984	40	60	0	1	1	2	-91	83061	1	0	1596	1478	13,13
1526392132.655241787	984	40	60	0	1	1	2	-92	83062	1	0	1596	1478	13,13
1526392132.667020730	984	40	60	0	1	1	2	-91	83063	1	0	1596	1478	13,13
1526392132.678791315	984	40	60	0	1	1	2	-92	83064	1	0	1596	1478	13,13
1526392132.690563173	984	40	60	0	1	1	2	-92	83065	1	0	1596	1478	13,13
1526392132.702302835	984	40	60	0	1	1	2	-92	83066	1	0	1596	1478	13,13
1526392132.714088631	984	40	60	0	1	1	2	-93	83067	1	0	1596	1478	13,13
1526392132.725843815	984	40	60	0	1	1	2	-91	83068	1	0	1596	1478	13,13
1526392132.737587654	984	40	60	0	1	1	2	-95	83069	1	0	1596	1478	13,13
1526392132.749342003	984	40	60	0	1	1	2	-92	83070	1	0	1596	1478	13,13
1526392132.761094457	984	40	60	0	1	1	2	-91	83071	1	0	1596	1478	13,13
1526392132.773805580	984	40	60	0	1	1	2	-91	83072	1	0	1596	1478	13,13
1526392132.784626343	984	40	60	0	1	1	2	-94	83073	1	0	1596	1478	13,13
1526392132.796395352	984	40	60	0	1	1	2	-92	83074	1	0	1596	1478	13,13
1526392132.808142211	984	40	60	0	1	1	2	-93	83075	1	0	1596	1478	13,13
1526392132.819899381	984	40	60	0	1	1	2	-94	83076	1	0	1596	1478	13,13
1526392132.831698859	984	40	60	0	1	1	2	-90	83077	1	0	1596	1478	13,13
1526392132.843435757	984	40	60	0	1	1	2	-93	83078	1	0	1596	1478	13,13
1526392132.855192397	984	40	60	0	1	1	2	-92	83079	1	0	1596	1478	13,13
1526392132.866937592	984	40	60	0	1	1	2	-93	83080	1	0	1596	1478	13,13
1526392132.878708455	984	40	60	0	1	1	2	-94	83081	1	0	1596	1478	13,13
1526392132.890470981	984	40	60	0	1	1	2	-92	83082	1	0	1596	1478	13,13
1526392132.902222257	984	40	60	0	1	1	2	-91	83083	1	0	1596	1478	13,13
1526392132.913974847	984	40	60	0	1	1	2	-91	83084	1	0	1596	1478	13,13
1526392132.925759709	984	40	60	0	1	1	2	-93	83085	1	0	1596	1478	13,13
1526392132.938451016	984	40	60	0	1	1	2	-91	83086	1	0	1596	1478	13,13
1526392132.949532956	984	40	60	0	1	1	2	-92	83087	1	0	1596	1478	13,13
1526392132.961026498	984	40	60	0	1	1	2	-92	83088	1	0	1596	1478	13,13
1526392132.972713597	984	40	60	0	1	1	2	-93	83089	1	0	1596	1478	13,13
1526392132.985135209	984	40	60	0	1	1	2	-91	83090	1	0	1596	1478	13,13
1526392132.996179702	984	40	60	0	1	1	2	-91	83091	1	0	1596	1478	13,13
1526392133.008011742	984	40	60	0	1	1	2	-91	83092	1	0	1596	1478	13,13
1526392133.019834832	984	40	60	0	1	1	2	-90	83093	1	0	1596	1478	13,13
1526392133.031517155	984	40	60	0	1	1	2	-93	83094	1	0	1596	1478	13,13
1526392133.043169864	984	40	60	0	1	1	2	-92	83095	1	0	1596	1478	13,13
1526392133.054908249	984	40	60	0	1	1	2	-93	83096	1	0	1596	1478	13,13
1526392133.066647786	984	40	60	0	1	1	2	-93	83097	1	0	1596	1478	13,13
1526392133.078464967	984	40	60	0	1	1	2	-92	83098	1	0	1596	1478	13,13
1526392133.090364709	984	40	60	0	1	1	2	-92	83099	1	0	1596	1478	13,13
1526392133.103104361	984	40	60	0	1	1	2	-91	83100	1	0	1596	1478	13,13
1526392133.113913075	984	40	60	0	1	1	2	-93	83101	1	0	1596	1478	13,13
1526392133.125670218	984	40	60	0	1	1	2	-92	83102	1	0	1596	1478	13,13
1526392133.137372134	984	40	60	0	1	1	2	-94	83103	1	0	1596	1478	13,13
1526392133.149249417	984	40	60	0	1	1	2	-91	83104	1	0	1596	1478	13,13
1526392133.160937955	984	40	60	0	1	1	2	-92	83105	1	0	1596	1478	13,13
1526392133.172700355	984	40	60	0	1	1	2	-92	83106	1	0	1596	1478	13,13
1526392133.184457974	984	40	60	0	1	1	2	-94	83107	1	0	1596	1478	13,13
1526392133.196164277	984	40	60	0	1	1	2	-92	83108	1	0	1596	1478	13,13
1526392133.207982366	984	40	60	0	1	1	2	-92	83109	1	0	1596	1478	13,13
1526392133.219750732	984	40	60	0	1	1	2	-92	83110	1	0	1596	1478	13,13
1526392133.231509682	984	40	60	0	1	1	2	-93	83111	1	0	1596	1478	13,13
1526392133.243273063	984	40	60	0	1	1	2	-93	83112	1	0	1596	1478	13,13
1526392133.255041982	984	40	60	0	1	1	2	-92	83113	1	0	1596	1478	13,13
1526392133.267661837	984	40	60	0	1	1	2	-96	83114	1	0	1596	1478	13,13
1526392133.278535113	984	40	60	0	1	1	2	-92	83115	1	0	1596	1478	13,13
1526392133.291426675	984	40	60	0	1	1	2	-94	83117	1	0	1596	1478	13,13
1526392133.302066427	984	40	60	0	1	1	2	-92	83118	1	0	1596	1478	13,13
1526392133.313829913	984	40	60	0	1	1	2	-92	83119	1	0	1596	1478	13,13
1526392133.325591371	984	40	60	0	1	1	2	-92	83120	1	0	1596	1478	13,13
1526392133.337342552	984	40	60	0	1	1	2	-93	83121	1	0	1596	1478	13,13
1526392133.349040390	984	40	60	0	1	1	2	-94	83122	1	0	1596	1478	13,13
1526392133.360871578	984	40	60	0	1	1	2	-92	83123	1	0	1596	1478	13,13
1526392133.372637487	984	40	60	0	1	1	2	-93	83124	1	0	1596	1478	13,13
1526392133.384379038	984	40	60	0	1	1	2	-93	83125	1	0	1596	1478	13,13
1526392133.396995005	984	40	60	0	1	1	2	-93	83126	1	0	1596	1478	13,13
1526392133.407919296	984	40	60	0	1	1	2	-91	83127	1	0	1596	1478	13,13
1526392133.422388275	984	40	60	0	1	1	2	-93	83129	1	0	1596	1478	13,13
1526392133.431517499	984	40	60	0	1	1	2	-92	83130	1	0	1596	1478	13,13
1526392133.444118413	984	40	60	0	1	1	2	-92	83131	1	0	1596	1478	13,13
1526392133.454948548	984	40	60	0	1	1	2	-92	83132	1	0	1596	1478	13,13
1526392133.466724507	984	40	60	0	1	1	2	-93	83133	1	0	1596	1478	13,13
1526392133.479534723	984	40	60	0	1	1	2	-93	83135	1	0	1596	1478	13,13
1526392133.490234579	984	40	60	0	1	1	2	-95	83136	1	0	1596	1478	13,13
1526392133.501901562	984	40	60	0	1	1	2	-93	83137	1	0	1596	1478	13,13
1526392133.513631787	984	40	60	0	1	1	2	-93	83138	1	0	1596	1478	13,13
1526392133.525691421	984	40	60	0	1	1	2	-91	83139	1	0	1596	1478	13,13
1526392133.537271779	984	40	60	0	1	1	2	-93	83140	1	0	1596	1478	13,13
1526392133.548907660	984	40	60	0	1	1	2	-91	83141	1	0	1596	1478	13,13
1526392133.560777039	984	40	60	0	1	1	2	-93	83142	1	0	1596	1478	13,13
1526392133.572481255	984	40	60	0	1	1	2	-91	83143	1	0	1596	1478	13,13
1526392133.584291461	984	40	60	0	1	1	2	-95	83144	1	0	1596	1478	13,13
1526392133.596067083	984	40	60	0	1	1	2	-93	83145	1	0	1596	1478	13,13
1526392133.609898298	984	40	60	0	1	1	2	-94	83147	1	0	1596	1478	13,13
1526392133.611273573	984	40	60	0	1	1	2	-94	83148	1	0	1596	1478	13,13
1526392133.620705382	984	40	60	0	1	1	2	-94	83150	1	0	1596	1478	13,13
1526392133.631351077	984	40	60	0	1	1	2	-92	83151	1	0	1596	1478	13,13
1526392133.644442114	984	40	60	0	1	1	2	-91	83153	1	0	1596	1478	13,13
1526392133.654859321	984	40	60	0	1	1	2	-93	83154	1	0	1596	1478	13,13
1526392133.666686495	984	40	60	0	1	1	2	-91	83155	1	0	1596	1478	13,13
1526392133.678377838	984	40	60	0	1	1	2	-93	83156	1	0	1596	1478	13,13
1526392133.690162473	984	40	60	0	1	1	2	-92	83157	1	0	1596	1478	13,13
1526392133.703019611	984	40	60	0	1	1	2	-91	83159	1	0	1596	1478	13,13
1526392133.713668749	984	40	60	0	1	1	2	-93	83160	1	0	1596	1478	13,13
1526392133.725456648	984	40	60	0	1	1	2	-93	83161	1	0	1596	1478	13,13
1526392133.737102287	984	40	60	0	1	1	2	-92	83162	1	0	1596	1478	13,13
1526392133.748939023	984	40	60	0	1	1	2	-92	83163	1	0	1596	1478	13,13
1526392133.760688973	984	40	60	0	1	1	2	-92	83164	1	0	1596	1478	13,13
1526392133.773432489	984	40	60	0	1	1	2	-93	83165	1	0	1596	1478	13,13
1526392133.784231773	984	40	60	0	1	1	2	-92	83166	1	0	1596	1478	13,13
1526392133.795976995	984	40	60	0	1	1	2	-92	83167	1	0	1596	1478	13,13
1526392133.807747594	984	40	60	0	1	1	2	-93	83168	1	0	1596	1478	13,13
1526392133.821394685	984	40	60	0	1	1	2	-94	83170	1	0	1596	1478	13,13
1526392133.832436296	984	40	60	0	1	1	2	-93	83172	1	0	1596	1478	13,13
1526392133.843022940	984	40	60	0	1	1	2	-92	83173	1	0	1596	1478	13,13
1526392133.855917036	984	40	60	0	1	1	2	-93	83175	1	0	1596	1478	13,13
1526392133.866582256	984	40	60	0	1	1	2	-92	83176	1	0	1596	1478	13,13
1526392133.878311609	984	40	60	0	1	1	2	-90	83177	1	0	1596	1478	13,13
1526392133.890070168	984	40	60	0	1	1	2	-92	83178	1	0	1596	1478	13,13
1526392133.901829967	984	40	60	0	1	1	2	-92	83179	1	0	1596	1478	13,13
1526392133.913581740	984	40	60	0	1	1	2	-92	83180	1	0	1596	1478	13,13
1526392133.929887826	984	40	60	0	1	1	2	-94	83184	1	0	1596	1478	13,13
1526392133.937116613	984	40	60	0	1	1	2	-92	83185	1	0	1596	1478	13,13
1526392133.948786130	984	40	60	0	1	1	2	-94	83186	1	0	1596	1478	13,13
1526392133.960531689	984	40	60	0	1	1	2	-94	83187	1	0	1596	1478	13,13
1526392133.972267911	984	40	60	0	1	1	2	-92	83188	1	0	1596	1478	13,13
1526392133.984011655	984	40	60	0	1	1	2	-93	83189	1	0	1596	1478	13,13
1526392133.995791938	984	40	60	0	1	1	2	-93	83190	1	0	1596	1478	13,13
1526392134.007527893	984	40	60	0	1	1	2	-95	83191	1	0	1596	1478	13,13
1526392134.019217574	984	40	60	0	1	1	2	-95	83192	1	0	1596	1478	13,13
1526392134.030914199	984	40	60	0	1	1	2	-94	83193	1	0	1596	1478	13,13
1526392134.042752633	984	40	60	0	1	1	2	-92	83194	1	0	1596	1478	13,13
1526392134.054694868	984	40	60	0	1	1	2	-94	83195	1	0	1596	1478	13,13
1526392134.066464819	984	40	60	0	1	1	2	-93	83196	1	0	1596	1478	13,13
1526392134.078166904	984	40	60	0	1	1	2	-92	83197	1	0	1596	1478	13,13
1526392134.090962577	984	40	60	0	1	1	2	-92	83198	1	0	1596	1478	13,13
1526392134.101655996	984	40	60	0	1	1	2	-92	83199	1	0	1596	1478	13,13
1526392134.113510504	984	40	60	0	1	1	2	-94	83200	1	0	1596	1478	13,13
1526392134.125257335	984	40	60	0	1	1	2	-94	83201	1	0	1596	1478	13,13
1526392134.137238123	984	40	60	0	1	1	2	-93	83202	1	0	1596	1478	13,13
1526392134.148772004	984	40	60	0	1	1	2	-92	83203	1	0	1596	1478	13,13
1526392134.160442160	984	40	60	0	1	1	2	-92	83204	1	0	1596	1478	13,13
1526392134.172324654	984	40	60	0	1	1	2	-93	83205	1	0	1596	1478	13,13
1526392134.184016255	984	40	60	0	1	1	2	-92	83206	1	0	1596	1478	13,13
1526392134.195834258	984	40	60	0	1	1	2	-92	83207	1	0	1596	1478	13,13
1526392134.207566085	984	40	60	0	1	1	2	-93	83208	1	0	1596	1478	13,13
1526392134.219348834	984	40	60	0	1	1	2	-94	83209	1	0	1596	1478	13,13
1526392134.231915285	984	40	60	0	1	1	2	-91	83210	1	0	1596	1478	13,13
1526392134.242864838	984	40	60	0	1	1	2	-91	83211	1	0	1596	1478	13,13
1526392134.254625785	984	40	60	0	1	1	2	-92	83212	1	0	1596	1478	13,13
1526392134.266384428	984	40	60	0	1	1	2	-92	83213	1	0	1596	1478	13,13
1526392134.279152648	984	40	60	0	1	1	2	-93	83215	1	0	1596	1478	13,13
1526392134.289914103	984	40	60	0	1	1	2	-93	83216	1	0	1596	1478	13,13
1526392134.301653542	984	40	60	0	1	1	2	-92	83217	1	0	1596	1478	13,13
1526392134.313423720	984	40	60	0	1	1	2	-92	83218	1	0	1596	1478	13,13
1526392134.325209326	984	40	60	0	1	1	2	-93	83219	1	0	1596	1478	13,13
1526392134.336940058	984	40	60	0	1	1	2	-93	83220	1	0	1596	1478	13,13
1526392134.348721541	984	40	60	0	1	1	2	-92	83221	1	0	1596	1478	13,13
1526392134.360464024	984	40	60	0	1	1	2	-93	83222	1	0	1596	1478	13,13
1526392134.372225791	984	40	60	0	1	1	2	-92	83223	1	0	1596	1478	13,13
1526392134.383997383	984	40	60	0	1	1	2	-93	83224	1	0	1596	1478	13,13
1526392134.395732774	984	40	60	0	1	1	2	-94	83225	1	0	1596	1478	13,13
1526392134.408704195	984	40	60	0	1	1	2	-92	83227	1	0	1596	1478	13,13
1526392134.419253129	984	40	60	0	1	1	2	-94	83228	1	0	1596	1478	13,13
1526392134.431015379	984	40	60	0	1	1	2	-94	83229	1	0	1596	1478	13,13
1526392134.444911979	984	40	60	0	1	1	2	-93	83231	1	0	1596	1478	13,13
1526392134.455655659	984	40	60	0	1	1	2	-93	83233	1	0	1596	1478	13,13
1526392134.466306773	984	40	60	0	1	1	2	-91	83234	1	0	1596	1478	13,13
1526392134.478064340	984	40	60	0	1	1	2	-93	83235	1	0	1596	1478	13,13
1526392134.489811715	984	40	60	0	1	1	2	-96	83236	1	0	1596	1478	13,13
1526392134.501603436	984	40	60	0	1	1	2	-93	83237	1	0	1596	1478	13,13
1526392134.513344242	984	40	60	0	1	1	2	-93	83238	1	0	1596	1478	13,13
1526392134.524966411	984	40	60	0	1	1	2	-92	83239	1	0	1596	1478	13,13
1526392134.536779428	984	40	60	0	1	1	2	-92	83240	1	0	1596	1478	13,13
1526392134.548481820	984	40	60	0	1	1	2	-95	83241	1	0	1596	1478	13,13
1526392134.560294965	984	40	60	0	1	1	2	-94	83242	1	0	1596	1478	13,13
1526392134.572160010	984	40	60	0	1	1	2	-91	83243	1	0	1596	1478	13,13
1526392134.583893938	984	40	60	0	1	1	2	-93	83244	1	0	1596	1478	13,13
1526392134.595670547	984	40	60	0	1	1	2	-93	83245	1	0	1596	1478	13,13
1526392134.608357200	984	40	60	0	1	1	2	-93	83246	1	0	1596	1478	13,13
1526392134.619187155	984	40	60	0	1	1	2	-92	83247	1	0	1596	1478	13,13
1526392134.630944349	984	40	60	0	1	1	2	-93	83248	1	0	1596	1478	13,13
1526392134.642609786	984	40	60	0	1	1	2	-92	83249	1	0	1596	1478	13,13
1526392134.655162566	984	40	60	0	1	1	2	-93	83250	1	0	1596	1478	13,13
1526392134.666270980	984	40	60	0	1	1	2	-93	83251	1	0	1596	1478	13,13
1526392134.677977807	984	40	60	0	1	1	2	-94	83252	1	0	1596	1478	13,13
1526392134.690279739	984	40	60	0	1	1	2	-94	83253	1	0	1596	1478	13,13
1526392134.701510981	984	40	60	0	1	1	2	-93	83254	1	0	1596	1478	13,13
1526392134.713245239	984	40	60	0	1	1	2	-94	83255	1	0	1596	1478	13,13
1526392134.725014798	984	40	60	0	1	1	2	-94	83256	1	0	1596	1478	13,13
1526392134.726323866	984	40	60	0	1	1	2	-93	83257	1	0	1596	1478	13,13
1526392134.736780728	984	40	60	0	1	1	2	-92	83258	1	0	1596	1478	13,13
1526392134.748413214	984	40	60	0	1	1	2	-94	83259	1	0	1596	1478	13,13
1526392134.760293357	984	40	60	0	1	1	2	-92	83260	1	0	1596	1478	13,13
1526392134.773005350	984	40	60	0	1	1	2	-92	83261	1	0	1596	1478	13,13
1526392134.783810222	984	40	60	0	1	1	2	-92	83262	1	0	1596	1478	13,13
1526392134.795606791	984	40	60	0	1	1	2	-91	83263	1	0	1596	1478	13,13
1526392134.807345613	984	40	60	0	1	1	2	-93	83264	1	0	1596	1478	13,13
1526392134.819095107	984	40	60	0	1	1	2	-92	83265	1	0	1596	1478	13,13
1526392134.830863225	984	40	60	0	1	1	2	-91	83266	1	0	1596	1478	13,13
1526392134.842629013	984	40	60	0	1	1	2	-94	83267	1	0	1596	1478	13,13
1526392134.854373407	984	40	60	0	1	1	2	-93	83268	1	0	1596	1478	13,13
1526392134.866073332	984	40	60	0	1	1	2	-92	83269	1	0	1596	1478	13,13
1526392134.877805648	984	40	60	0	1	1	2	-93	83270	1	0	1596	1478	13,13
1526392134.889673236	984	40	60	0	1	1	2	-91	83271	1	0	1596	1478	13,13
1526392134.901432498	984	40	60	0	1	1	2	-93	83272	1	0	1596	1478	13,13
1526392134.913117620	984	40	60	0	1	1	2	-92	83273	1	0	1596	1478	13,13
1526392134.924848620	984	40	60	0	1	1	2	-93	83274	1	0	1596	1478	13,13
1526392134.937545101	984	40	60	0	1	1	2	-91	83275	1	0	1596	1478	13,13
1526392134.948345088	984	40	60	0	1	1	2	-93	83276	1	0	1596	1478	13,13
1526392134.960095377	984	40	60	0	1	1	2	-94	83277	1	0	1596	1478	13,13
1526392134.971860438	984	40	60	0	1	1	2	-92	83278	1	0	1596	1478	13,13
1526392134.983629042	984	40	60	0	1	1	2	-94	83279	1	0	1596	1478	13,13
1526392134.995368535	984	40	60	0	1	1	2	-93	83280	1	0	1596	1478	13,13
1526392135.007137136	984	40	60	0	1	1	2	-93	83281	1	0	1596	1478	13,13
1526392135.018779584	984	40	60	0	1	1	2	-92	83282	1	0	1596	1478	13,13
1526392135.030744080	984	40	60	0	1	1	2	-93	83283	1	0	1596	1478	13,13
1526392135.042426504	984	40	60	0	1	1	2	-93	83284	1	0	1596	1478	13,13
1526392135.054212607	984	40	60	0	1	1	2	-95	83285	1	0	1596	1478	13,13
1526392135.066831475	984	40	60	0	1	1	2	-95	83286	1	0	1596	1478	13,13
1526392135.077797720	984	40	60	0	1	1	2	-92	83287	1	0	1596	1478	13,13
1526392135.089523145	984	40	60	0	1	1	2	-93	83288	1	0	1596	1478	13,13
1526392135.101351364	984	40	60	0	1	1	2	-91	83289	1	0	1596	1478	13,13
1526392135.113313176	984	40	60	0	1	1	2	-94	83290	1	0	1596	1478	13,13
1526392135.124856216	984	40	60	0	1	1	2	-93	83291	1	0	1596	1478	13,13
1526392135.136998849	984	40	60	0	1	1	2	-91	83292	1	0	1596	1478	13,13
1526392135.148371464	984	40	60	0	1	1	2	-92	83293	1	0	1596	1478	13,13
1526392135.161257384	984	40	60	0	1	1	2	-93	83295	1	0	1596	1478	13,13
1526392135.171932607	984	40	60	0	1	1	2	-92	83296	1	0	1596	1478	13,13
1526392135.184892126	984	40	60	0	1	1	2	-92	83297	1	0	1596	1478	13,13
1526392135.196398509	984	40	60	0	1	1	2	-92	83298	1	0	1596	1478	13,13
1526392135.207181174	984	40	60	0	1	1	2	-93	83299	1	0	1596	1478	13,13
1526392135.218960008	984	40	60	0	1	1	2	-92	83300	1	0	1596	1478	13,13
1526392135.230699092	984	40	60	0	1	1	2	-92	83301	1	0	1596	1478	13,13
1526392135.242406858	984	40	60	0	1	1	2	-92	83302	1	0	1596	1478	13,13
1526392135.255527956	984	40	60	0	1	1	2	-94	83303	1	0	1596	1478	13,13
1526392135.265972253	984	40	60	0	1	1	2	-93	83304	1	0	1596	1478	13,13
1526392135.277747910	984	40	60	0	1	1	2	-93	83305	1	0	1596	1478	13,13
1526392135.289486676	984	40	60	0	1	1	2	-92	83306	1	0	1596	1478	13,13
1526392135.301260918	984	40	60	0	1	1	2	-93	83307	1	0	1596	1478	13,13
1526392135.313013081	984	40	60	0	1	1	2	-93	83308	1	0	1596	1478	13,13
1526392135.324786609	984	40	60	0	1	1	2	-91	83309	1	0	1596	1478	13,13
1526392135.336528535	984	40	60	0	1	1	2	-93	83310	1	0	1596	1478	13,13
1526392135.348297937	984	40	60	0	1	1	2	-92	83311	1	0	1596	1478	13,13
1526392135.362124396	984	40	60	0	1	1	2	-91	83313	1	0	1596	1478	13,13
1526392135.371816549	984	40	60	0	1	1	2	-92	83314	1	0	1596	1478	13,13
1526392135.384798770	984	40	60	0	1	1	2	-93	83315	1	0	1596	1478	13,13
1526392135.395282250	984	40	60	0	1	1	2	-93	83316	1	0	1596	1478	13,13
1526392135.407508246	984	40	60	0	1	1	2	-92	83317	1	0	1596	1478	13,13
1526392135.418864174	984	40	60	0	1	1	2	-93	83318	1	0	1596	1478	13,13
1526392135.430617631	984	40	60	0	1	1	2	-93	83319	1	0	1596	1478	13,13
1526392135.442386592	984	40	60	0	1	1	2	-95	83320	1	0	1596	1478	13,13
1526392135.454140366	984	40	60	0	1	1	2	-95	83321	1	0	1596	1478	13,13
1526392135.465918879	984	40	60	0	1	1	2	-94	83322	1	0	1596	1478	13,13
1526392135.478514928	984	40	60	0	1	1	2	-93	83323	1	0	1596	1478	13,13
1526392135.489452528	984	40	60	0	1	1	2	-94	83324	1	0	1596	1478	13,13
1526392135.501194173	984	40	60	0	1	1	2	-96	83325	1	0	1596	1478	13,13
1526392135.512945298	984	40	60	0	1	1	2	-91	83326	1	0	1596	1478	13,13
1526392135.525682905	984	40	60	0	1	1	2	-95	83327	1	0	1596	1478	13,13
1526392135.536460113	984	40	60	0	1	1	2	-92	83328	1	0	1596	1478	13,13
1526392135.548106499	984	40	60	0	1	1	2	-92	83329	1	0	1596	1478	13,13
1526392135.559877045	984	40	60	0	1	1	2	-92	83330	1	0	1596	1478	13,13
1526392135.571759749	984	40	60	0	1	1	2	-92	83331	1	0	1596	1478	13,13
1526392135.583503995	984	40	60	0	1	1	2	-92	83332	1	0	1596	1478	13,13
1526392135.598818684	984	40	60	0	1	1	2	-93	83336	1	0	1596	1478	13,13
1526392135.608149477	984	40	60	0	1	1	2	-92	83338	1	0	1596	1478	13,13
1526392135.618781352	984	40	60	0	1	1	2	-92	83339	1	0	1596	1478	13,13
1526392135.630550666	984	40	60	0	1	1	2	-93	83340	1	0	1596	1478	13,13
1526392135.642214953	984	40	60	0	1	1	2	-91	83341	1	0	1596	1478	13,13
1526392135.653976181	984	40	60	0	1	1	2	-91	83342	1	0	1596	1478	13,13
1526392135.665756233	984	40	60	0	1	1	2	-94	83343	1	0	1596	1478	13,13
1526392135.677579051	984	40	60	0	1	1	2	-92	83344	1	0	1596	1478	13,13
1526392135.690315351	984	40	60	0	1	1	2	-93	83345	1	0	1596	1478	13,13
1526392135.701034291	984	40	60	0	1	1	2	-93	83346	1	0	1596	1478	13,13
1526392135.712865907	984	40	60	0	1	1	2	-93	83347	1	0	1596	1478	13,13
1526392135.724626213	984	40	60	0	1	1	2	-94	83348	1	0	1596	1478	13,13
1526392135.737520987	984	40	60	0	1	1	2	-94	83350	1	0	1596	1478	13,13
1526392135.748144464	984	40	60	0	1	1	2	-92	83351	1	0	1596	1478	13,13
1526392135.759786987	984	40	60	0	1	1	2	-92	83352	1	0	1596	1478	13,13
1526392135.771654624	984	40	60	0	1	1	2	-92	83353	1	0	1596	1478	13,13
1526392135.783328460	984	40	60	0	1	1	2	-94	83354	1	0	1596	1478	13,13
1526392135.795181414	984	40	60	0	1	1	2	-93	83355	1	0	1596	1478	13,13
1526392135.806938642	984	40	60	0	1	1	2	-93	83356	1	0	1596	1478	13,13
1526392135.818700301	984	40	60	0	1	1	2	-92	83357	1	0	1596	1478	13,13
1526392135.830456061	984	40	60	0	1	1	2	-94	83358	1	0	1596	1478	13,13
1526392135.842191584	984	40	60	0	1	1	2	-92	83359	1	0	1596	1478	13,13
1526392135.855334005	984	40	60	0	1	1	2	-93	83360	1	0	1596	1478	13,13
1526392135.865600353	984	40	60	0	1	1	2	-94	83361	1	0	1596	1478	13,13
1526392135.878900362	984	40	60	0	1	1	2	-90	83363	1	0	1596	1478	13,13
1526392135.889184636	984	40	60	0	1	1	2	-93	83364	1	0	1596	1478	13,13
1526392135.903030298	984	40	60	0	1	1	2	-93	83365	1	0	1596	1478	13,13
1526392135.913976672	984	40	60	0	1	1	2	-91	83366	1	0	1596	1478	13,13
1526392135.925575560	984	40	60	0	1	1	2	-92	83368	1	0	1596	1478	13,13
1526392135.936086390	984	40	60	0	1	1	2	-93	83369	1	0	1596	1478	13,13
1526392135.947929627	984	40	60	0	1	1	2	-92	83370	1	0	1596	1478	13,13
1526392135.959698545	984	40	60	0	1	1	2	-93	83371	1	0	1596	1478	13,13
1526392135.971452387	984	40	60	0	1	1	2	-93	83372	1	0	1596	1478	13,13
1526392135.983276023	984	40	60	0	1	1	2	-93	83373	1	0	1596	1478	13,13
1526392135.994838160	984	40	60	0	1	1	2	-93	83374	1	0	1596	1478	13,13
1526392136.006735684	984	40	60	0	1	1	2	-92	83375	1	0	1596	1478	13,13
1526392136.019444528	984	40	60	0	1	1	2	-94	83376	1	0	1596	1478	13,13
1526392136.030248884	984	40	60	0	1	1	2	-93	83377	1	0	1596	1478	13,13
1526392136.042012455	984	40	60	0	1	1	2	-93	83378	1	0	1596	1478	13,13
1526392136.053772653	984	40	60	0	1	1	2	-92	83379	1	0	1596	1478	13,13
1526392136.065477785	984	40	60	0	1	1	2	-93	83380	1	0	1596	1478	13,13
1526392136.077286594	984	40	60	0	1	1	2	-93	83381	1	0	1596	1478	13,13
1526392136.089048894	984	40	60	0	1	1	2	-92	83382	1	0	1596	1478	13,13
1526392136.100807079	984	40	60	0	1	1	2	-94	83383	1	0	1596	1478	13,13
1526392136.113677113	984	40	60	0	1	1	2	-93	83385	1	0	1596	1478	13,13
1526392136.124337152	984	40	60	0	1	1	2	-92	83386	1	0	1596	1478	13,13
1526392136.136093285	984	40	60	0	1	1	2	-91	83387	1	0	1596	1478	13,13
1526392136.147762141	984	40	60	0	1	1	2	-92	83388	1	0	1596	1478	13,13
1526392136.159518095	984	40	60	0	1	1	2	-93	83389	1	0	1596	1478	13,13
1526392136.171352117	984	40	60	0	1	1	2	-93	83390	1	0	1596	1478	13,13
1526392136.185192909	984	40	60	0	1	1	2	-92	83392	1	0	1596	1478	13,13
1526392136.194885775	984	40	60	0	1	1	2	-94	83393	1	0	1596	1478	13,13
1526392136.206663243	984	40	60	0	1	1	2	-94	83394	1	0	1596	1478	13,13
1526392136.218433084	984	40	60	0	1	1	2	-92	83395	1	0	1596	1478	13,13
1526392136.230185240	984	40	60	0	1	1	2	-92	83396	1	0	1596	1478	13,13
1526392136.241912110	984	40	60	0	1	1	2	-92	83397	1	0	1596	1478	13,13
