1526402488.871108560	96	40	48	0	2	0	2	-55	86998	5	1	1596	1478	216,216
1526402488.871149463	96	40	48	0	2	0	2	-55	86998	5	1	1596	1478	216,216
1526402488.871159586	96	40	48	0	2	0	2	-55	86998	5	1	1596	1478	216,216
1526402488.871165656	96	40	48	0	2	0	2	-55	86998	5	1	1596	1478	216,216
1526402488.871173768	96	40	48	0	2	0	2	-55	86998	5	1	1596	1478	216,216
1526402488.871179466	96	40	48	0	2	0	2	-55	86998	5	1	1596	1478	216,216
1526402488.871757548	96	40	48	0	2	0	2	-55	86999	5	1	1596	1478	216,216
1526402488.883533409	96	40	48	0	2	0	2	-55	87000	5	1	1596	1478	216,216
1526402488.895454230	96	40	48	0	2	0	2	-55	87001	5	1	1596	1478	216,216
1526402488.907512277	90	40	48	0	2	0	2	-55	87002	6	1	1596	1478	243,243
1526402488.918950735	90	40	48	0	2	0	2	-55	87003	6	1	1596	1478	243,243
1526402488.930638597	90	40	48	0	2	0	2	-55	87004	6	1	1596	1478	243,243
1526402488.942461949	90	40	48	0	2	0	2	-55	87005	6	1	1596	1478	243,243
1526402488.954222677	90	40	48	0	2	0	2	-55	87006	6	1	1596	1478	243,243
1526402488.965986904	80	40	48	1	2	0	2	-55	87007	7	1	1596	1478	300,300
1526402488.977658552	80	40	48	1	2	0	2	-54	87008	7	1	1596	1478	300,300
1526402488.989409655	80	40	48	1	2	0	2	-54	87009	7	1	1596	1478	300,300
1526402489.001140274	80	40	48	1	2	0	2	-54	87010	7	1	1596	1478	300,300
1526402489.012754853	80	40	48	1	2	0	2	-54	87011	7	1	1596	1478	300,300
1526402489.024722415	74	40	48	1	2	0	2	-54	87012	8	1	1596	1478	360,360
1526402489.036531288	74	40	48	1	2	0	2	-54	87013	8	1	1596	1478	360,360
1526402489.048263423	74	40	48	1	2	0	2	-54	87014	8	1	1596	1478	360,360
1526402489.060056444	74	40	48	1	2	0	2	-54	87015	8	1	1596	1478	360,360
1526402489.072146530	74	40	48	1	2	0	2	-54	87016	8	1	1596	1478	360,360
1526402489.083913843	74	40	48	1	2	0	2	-54	87018	8	1	1596	1478	360,360
1526402489.095316165	74	40	48	1	2	0	2	-54	87019	8	1	1596	1478	360,360
1526402489.107052480	74	40	48	1	2	0	2	-54	87020	8	1	1596	1478	360,360
1526402489.118850836	74	40	48	1	2	0	2	-54	87021	8	1	1596	1478	360,360
1526402489.130606449	74	40	48	1	2	0	2	-54	87022	8	1	1596	1478	360,360
1526402489.142370080	74	40	48	1	2	0	2	-54	87023	8	1	1596	1478	360,360
1526402489.154134768	74	40	48	1	2	0	2	-54	87024	8	1	1596	1478	360,360
1526402489.165898901	74	40	48	1	2	0	2	-54	87025	8	1	1596	1478	360,360
1526402489.177644677	74	40	48	1	2	0	2	-55	87026	8	1	1596	1478	360,360
1526402489.189436915	74	40	48	1	2	0	2	-55	87027	8	1	1596	1478	360,360
1526402489.201158557	74	40	48	1	2	0	2	-55	87028	8	1	1596	1478	360,360
1526402489.212826019	74	40	48	1	2	0	2	-54	87029	8	1	1596	1478	360,360
1526402489.224636007	74	40	48	1	2	0	2	-55	87030	8	1	1596	1478	360,360
1526402489.236439683	74	40	48	1	2	0	2	-55	87031	8	1	1596	1478	360,360
1526402489.248146347	70	40	48	1	2	0	2	-54	87032	9	1	1596	1478	400,400
1526402489.259976989	70	40	48	1	2	0	2	-55	87033	9	1	1596	1478	400,400
1526402489.271729501	70	40	48	1	2	0	2	-54	87034	9	1	1596	1478	400,400
1526402489.283486206	70	40	48	1	2	0	2	-54	87035	9	1	1596	1478	400,400
1526402489.295274503	70	40	48	1	2	0	2	-54	87036	9	1	1596	1478	400,400
1526402489.307333367	70	40	48	1	2	0	2	-55	87037	9	1	1596	1478	400,400
1526402489.318790009	70	40	48	1	2	0	2	-55	87038	9	1	1596	1478	400,400
1526402489.330526287	70	40	48	1	2	0	2	-55	87039	9	1	1596	1478	400,400
1526402489.342297723	70	40	48	1	2	0	2	-55	87040	9	1	1596	1478	400,400
1526402489.353962023	70	40	48	1	2	0	2	-55	87041	9	1	1596	1478	400,400
1526402489.366077899	70	40	48	1	2	0	2	-55	87042	9	1	1596	1478	400,400
1526402489.377584189	70	40	48	1	2	0	2	-55	87043	9	1	1596	1478	400,400
1526402489.389691703	70	40	48	1	2	0	2	-55	87044	9	1	1596	1478	400,400
1526402489.402120430	70	40	48	1	2	0	2	-55	87048	9	1	1596	1478	400,400
1526402489.413822823	70	40	48	1	2	0	2	-55	87049	9	1	1596	1478	400,400
1526402489.424624954	70	40	48	1	2	0	2	-55	87050	9	1	1596	1478	400,400
1526402489.436374021	70	40	48	1	2	0	2	-55	87051	9	1	1596	1478	400,400
1526402489.448150117	70	40	48	1	2	0	2	-55	87052	9	1	1596	1478	400,400
1526402489.460212514	70	40	48	1	2	0	2	-55	87054	9	1	1596	1478	400,400
1526402489.471897357	70	40	48	1	2	0	2	-55	87056	9	1	1596	1478	400,400
1526402489.483262270	70	40	48	1	2	0	2	-55	87057	9	1	1596	1478	400,400
1526402489.495171579	70	40	48	1	2	0	2	-55	87058	9	1	1596	1478	400,400
1526402489.506931950	70	40	48	1	2	0	2	-55	87059	9	1	1596	1478	400,400
1526402489.518708743	70	40	48	1	2	0	2	-55	87060	9	1	1596	1478	400,400
1526402489.530451810	70	40	48	1	2	0	2	-55	87061	9	1	1596	1478	400,400
1526402489.542204701	70	40	48	1	2	0	2	-55	87062	9	1	1596	1478	400,400
1526402489.554343530	70	40	48	1	2	0	2	-55	87064	9	1	1596	1478	400,400
1526402489.565997327	70	40	48	1	2	0	2	-55	87066	9	1	1596	1478	400,400
1526402489.577503816	70	40	48	1	2	0	2	-55	87067	9	1	1596	1478	400,400
1526402489.589618581	70	40	48	1	2	0	2	-54	87069	9	1	1596	1478	400,400
1526402489.602435664	74	40	48	1	2	0	2	-55	87073	8	1	1596	1478	360,360
1526402489.612765316	74	40	48	1	2	0	2	-54	87074	8	1	1596	1478	360,360
1526402489.624581284	74	40	48	1	2	0	2	-55	87075	8	1	1596	1478	360,360
1526402489.636213354	74	40	48	1	2	0	2	-54	87076	8	1	1596	1478	360,360
1526402489.648051577	74	40	48	1	2	0	2	-55	87077	8	1	1596	1478	360,360
1526402489.659803435	74	40	48	1	2	0	2	-55	87078	8	1	1596	1478	360,360
1526402489.671568071	74	40	48	1	2	0	2	-54	87079	8	1	1596	1478	360,360
1526402489.683219529	74	40	48	1	2	0	2	-55	87080	8	1	1596	1478	360,360
1526402489.695439219	74	40	48	1	2	0	2	-55	87081	8	1	1596	1478	360,360
1526402489.707210490	74	40	48	1	2	0	2	-55	87082	8	1	1596	1478	360,360
1526402489.719381953	74	40	48	1	2	0	2	-55	87083	8	1	1596	1478	360,360
1526402489.730271338	74	40	48	1	2	0	2	-55	87084	8	1	1596	1478	360,360
1526402489.742021216	74	40	48	1	2	0	2	-55	87085	8	1	1596	1478	360,360
1526402489.753864084	74	40	48	1	2	0	2	-55	87086	8	1	1596	1478	360,360
1526402489.765668592	74	40	48	1	2	0	2	-55	87087	8	1	1596	1478	360,360
1526402489.777269178	74	40	48	1	2	0	2	-55	87088	8	1	1596	1478	360,360
1526402489.789228568	74	40	48	1	2	0	2	-55	87089	8	1	1596	1478	360,360
1526402489.800943646	74	40	48	1	2	0	2	-55	87090	8	1	1596	1478	360,360
1526402489.812715712	74	40	48	1	2	0	2	-55	87091	8	1	1596	1478	360,360
1526402489.824345193	74	40	48	1	2	0	2	-55	87092	8	1	1596	1478	360,360
1526402489.836199474	74	40	48	1	2	0	2	-55	87093	8	1	1596	1478	360,360
1526402489.847972746	74	40	48	1	2	0	2	-55	87094	8	1	1596	1478	360,360
1526402489.860057226	74	40	48	1	2	0	2	-55	87096	8	1	1596	1478	360,360
1526402489.871492229	74	40	48	1	2	0	2	-55	87097	8	1	1596	1478	360,360
1526402489.883242682	74	40	48	1	2	0	2	-55	87098	8	1	1596	1478	360,360
1526402489.895011663	74	40	48	1	2	0	2	-55	87099	8	1	1596	1478	360,360
1526402489.906779726	74	40	48	1	2	0	2	-55	87100	8	1	1596	1478	360,360
1526402489.918413907	74	40	48	1	2	0	2	-55	87101	8	1	1596	1478	360,360
1526402489.930276459	74	40	48	1	2	0	2	-55	87102	8	1	1596	1478	360,360
1526402489.941931730	74	40	48	1	2	0	2	-55	87103	8	1	1596	1478	360,360
1526402489.953539554	74	40	48	1	2	0	2	-55	87104	8	1	1596	1478	360,360
1526402489.965756934	74	40	48	1	2	0	2	-55	87105	8	1	1596	1478	360,360
1526402489.977116400	74	40	48	1	2	0	2	-55	87106	8	1	1596	1478	360,360
1526402489.989040989	74	40	48	1	2	0	2	-55	87107	8	1	1596	1478	360,360
1526402490.000839267	74	40	48	1	2	0	2	-55	87108	8	1	1596	1478	360,360
1526402490.012517483	74	40	48	1	2	0	2	-55	87109	8	1	1596	1478	360,360
1526402490.024636580	74	40	48	1	2	0	2	-55	87111	8	1	1596	1478	360,360
1526402490.036138672	74	40	48	1	2	0	2	-55	87112	8	1	1596	1478	360,360
1526402490.047920733	74	40	48	1	2	0	2	-55	87113	8	1	1596	1478	360,360
1526402490.059660612	74	40	48	1	2	0	2	-55	87114	8	1	1596	1478	360,360
1526402490.071282396	74	40	48	1	2	0	2	-55	87115	8	1	1596	1478	360,360
1526402490.083019429	74	40	48	1	2	0	2	-55	87116	8	1	1596	1478	360,360
1526402490.094844941	74	40	48	1	2	0	2	-55	87117	8	1	1596	1478	360,360
1526402490.106700567	74	40	48	1	2	0	2	-55	87118	8	1	1596	1478	360,360
1526402490.118440366	74	40	48	1	2	0	2	-55	87119	8	1	1596	1478	360,360
1526402490.130226424	74	40	48	1	2	0	2	-55	87120	8	1	1596	1478	360,360
1526402490.141963390	74	40	48	1	2	0	2	-55	87121	8	1	1596	1478	360,360
1526402490.153715141	74	40	48	1	2	0	2	-55	87122	8	1	1596	1478	360,360
1526402490.165476092	74	40	48	1	2	0	2	-55	87123	8	1	1596	1478	360,360
1526402490.177265513	74	40	48	1	2	0	2	-55	87124	8	1	1596	1478	360,360
1526402490.189010657	74	40	48	0	2	0	2	-55	87125	9	1	1596	1478	360,360
1526402490.200788519	74	40	48	1	2	0	2	-55	87126	8	1	1596	1478	360,360
1526402490.212551268	74	40	48	1	2	0	2	-55	87127	8	1	1596	1478	360,360
1526402490.224273763	74	40	48	1	2	0	2	-55	87128	8	1	1596	1478	360,360
1526402490.236571570	74	40	48	1	2	0	2	-55	87129	8	1	1596	1478	360,360
1526402490.247746662	74	40	48	0	2	0	2	-55	87130	9	1	1596	1478	360,360
1526402490.259565902	74	40	48	1	2	0	2	-55	87131	8	1	1596	1478	360,360
1526402490.271311822	74	40	48	1	2	0	2	-55	87132	8	1	1596	1478	360,360
1526402490.283082764	74	40	48	1	2	0	2	-55	87133	8	1	1596	1478	360,360
1526402490.294850895	74	40	48	1	2	0	2	-55	87134	8	1	1596	1478	360,360
1526402490.306481830	74	40	48	0	2	0	2	-55	87135	9	1	1596	1478	360,360
1526402490.318354720	74	40	48	1	2	0	2	-55	87136	8	1	1596	1478	360,360
1526402490.330129704	74	40	48	1	2	0	2	-55	87137	8	1	1596	1478	360,360
1526402490.341910571	74	40	48	1	2	0	2	-55	87138	8	1	1596	1478	360,360
1526402490.353532242	74	40	48	1	2	0	2	-55	87139	8	1	1596	1478	360,360
1526402490.365406033	74	40	48	0	2	0	2	-55	87140	9	1	1596	1478	360,360
1526402490.377170942	70	40	48	1	2	0	2	-55	87141	9	1	1596	1478	400,400
1526402490.388897829	70	40	48	1	2	0	2	-55	87142	9	1	1596	1478	400,400
1526402490.400616914	70	40	48	1	2	0	2	-55	87143	9	1	1596	1478	400,400
1526402490.412429198	70	40	48	1	2	0	2	-55	87144	9	1	1596	1478	400,400
1526402490.424204166	70	40	48	1	2	0	2	-55	87145	9	1	1596	1478	400,400
1526402490.436120346	70	40	48	1	2	0	2	-55	87146	9	1	1596	1478	400,400
1526402490.447626306	70	40	48	1	2	0	2	-55	87147	9	1	1596	1478	400,400
1526402490.459480893	70	40	48	1	2	0	2	-55	87148	9	1	1596	1478	400,400
1526402490.471242026	70	40	48	1	2	0	2	-55	87149	9	1	1596	1478	400,400
1526402490.482990084	70	40	48	1	2	0	2	-54	87150	9	1	1596	1478	400,400
1526402490.494774334	70	40	48	1	2	0	2	-55	87151	9	1	1596	1478	400,400
1526402490.506549567	70	40	48	1	2	0	2	-55	87152	9	1	1596	1478	400,400
1526402490.518284565	70	40	48	1	2	0	2	-55	87153	9	1	1596	1478	400,400
1526402490.530029312	70	40	48	1	2	0	2	-55	87154	9	1	1596	1478	400,400
1526402490.541777648	70	40	48	1	2	0	2	-55	87155	9	1	1596	1478	400,400
1526402490.553550807	70	40	48	1	2	0	2	-55	87156	9	1	1596	1478	400,400
1526402490.565319600	70	40	48	1	2	0	2	-55	87157	9	1	1596	1478	400,400
1526402490.577082498	70	40	48	1	2	0	2	-55	87158	9	1	1596	1478	400,400
1526402490.588866193	70	40	48	1	2	0	2	-55	87159	9	1	1596	1478	400,400
1526402490.600604804	70	40	48	1	2	0	2	-55	87160	9	1	1596	1478	400,400
1526402490.612351461	70	40	48	1	2	0	2	-55	87161	9	1	1596	1478	400,400
1526402490.624047496	70	40	48	1	2	0	2	-55	87162	9	1	1596	1478	400,400
1526402490.635880268	70	40	48	1	2	0	2	-55	87163	9	1	1596	1478	400,400
1526402490.647666236	70	40	48	1	2	0	2	-55	87164	9	1	1596	1478	400,400
1526402490.659404131	70	40	48	1	2	0	2	-55	87165	9	1	1596	1478	400,400
1526402490.671175998	70	40	48	1	2	0	2	-55	87166	9	1	1596	1478	400,400
1526402490.682927023	70	40	48	1	2	0	2	-55	87167	9	1	1596	1478	400,400
1526402490.694584729	70	40	48	1	2	0	2	-55	87168	9	1	1596	1478	400,400
1526402490.706351222	70	40	48	1	2	0	2	-55	87169	9	1	1596	1478	400,400
1526402490.718031567	70	40	48	1	2	0	2	-55	87170	9	1	1596	1478	400,400
1526402490.729874652	70	40	48	1	2	0	2	-55	87171	9	1	1596	1478	400,400
1526402490.741614896	70	40	48	1	2	0	2	-55	87172	9	1	1596	1478	400,400
1526402490.753261664	70	40	48	1	2	0	2	-55	87173	9	1	1596	1478	400,400
1526402490.765237122	70	40	48	1	2	0	2	-55	87174	9	1	1596	1478	400,400
1526402490.776983325	70	40	48	1	2	0	2	-55	87175	9	1	1596	1478	400,400
1526402490.788768456	70	40	48	1	2	0	2	-54	87176	9	1	1596	1478	400,400
1526402490.800525162	70	40	48	1	2	0	2	-55	87177	9	1	1596	1478	400,400
1526402490.812693124	70	40	48	1	2	0	2	-55	87178	9	1	1596	1478	400,400
1526402490.824033111	70	40	48	1	2	0	2	-55	87179	9	1	1596	1478	400,400
1526402490.835725336	70	40	48	1	2	0	2	-55	87180	9	1	1596	1478	400,400
1526402490.847463343	70	40	48	1	2	0	2	-55	87181	9	1	1596	1478	400,400
1526402490.859216053	70	40	48	1	2	0	2	-55	87182	9	1	1596	1478	400,400
1526402490.871094227	70	40	48	1	2	0	2	-55	87183	9	1	1596	1478	400,400
1526402490.882843919	70	40	48	1	2	0	2	-55	87184	9	1	1596	1478	400,400
1526402490.894873047	70	40	48	1	2	0	2	-55	87186	9	1	1596	1478	400,400
1526402490.906352661	70	40	48	1	2	0	2	-55	87187	9	1	1596	1478	400,400
1526402490.918116040	70	40	48	1	2	0	2	-55	87188	9	1	1596	1478	400,400
1526402490.929751627	70	40	48	1	2	0	2	-55	87189	9	1	1596	1478	400,400
1526402490.941473360	70	40	48	1	2	0	2	-55	87190	9	1	1596	1478	400,400
1526402490.953214511	70	40	48	1	2	0	2	-55	87191	9	1	1596	1478	400,400
1526402490.965107866	70	40	48	1	2	0	2	-55	87192	9	1	1596	1478	400,400
1526402490.976900393	70	40	48	1	2	0	2	-55	87193	9	1	1596	1478	400,400
1526402490.988658481	70	40	48	1	2	0	2	-55	87194	9	1	1596	1478	400,400
1526402491.000440055	70	40	48	1	2	0	2	-55	87195	9	1	1596	1478	400,400
1526402491.012210597	70	40	48	1	2	0	2	-54	87196	9	1	1596	1478	400,400
1526402491.023956647	70	40	48	1	2	0	2	-55	87197	9	1	1596	1478	400,400
1526402491.035742744	70	40	48	1	2	0	2	-54	87198	9	1	1596	1478	400,400
1526402491.047479861	70	40	48	1	2	0	2	-55	87199	9	1	1596	1478	400,400
1526402491.059272036	70	40	48	1	2	0	2	-55	87200	9	1	1596	1478	400,400
1526402491.072033990	70	40	48	1	2	0	2	-55	87204	9	1	1596	1478	400,400
1526402491.082737717	70	40	48	1	2	0	2	-55	87205	9	1	1596	1478	400,400
1526402491.094526896	70	40	48	1	2	0	2	-55	87206	9	1	1596	1478	400,400
1526402491.106275135	70	40	48	1	2	0	2	-55	87207	9	1	1596	1478	400,400
1526402491.118387413	70	40	48	1	2	0	2	-55	87209	9	1	1596	1478	400,400
1526402491.129797680	70	40	48	1	2	0	2	-54	87210	9	1	1596	1478	400,400
1526402491.142973066	74	40	48	1	2	0	2	-54	87214	8	1	1596	1478	360,360
1526402491.153340406	74	40	48	1	2	0	2	-54	87215	8	1	1596	1478	360,360
1526402491.165086584	74	40	48	1	2	0	2	-55	87216	8	1	1596	1478	360,360
1526402491.176862382	74	40	48	1	2	0	2	-55	87217	8	1	1596	1478	360,360
1526402491.188596164	74	40	48	1	2	0	2	-55	87218	8	1	1596	1478	360,360
1526402491.200353763	74	40	48	1	2	0	2	-55	87219	8	1	1596	1478	360,360
1526402491.212060494	74	40	48	1	2	0	2	-55	87220	8	1	1596	1478	360,360
1526402491.223884427	74	40	48	1	2	0	2	-55	87221	8	1	1596	1478	360,360
1526402491.235956193	74	40	48	1	2	0	2	-55	87223	8	1	1596	1478	360,360
1526402491.247366194	74	40	48	1	2	0	2	-54	87224	8	1	1596	1478	360,360
1526402491.259129535	74	40	48	1	2	0	2	-54	87225	8	1	1596	1478	360,360
1526402491.270937041	74	40	48	1	2	0	2	-54	87226	8	1	1596	1478	360,360
1526402491.282666703	74	40	48	1	2	0	2	-54	87227	8	1	1596	1478	360,360
1526402491.294450286	74	40	48	1	2	0	2	-54	87228	8	1	1596	1478	360,360
1526402491.306188660	74	40	48	1	2	0	2	-54	87229	8	1	1596	1478	360,360
1526402491.317922597	74	40	48	1	2	0	2	-54	87230	8	1	1596	1478	360,360
1526402491.329628424	74	40	48	1	2	0	2	-54	87231	8	1	1596	1478	360,360
1526402491.341343884	74	40	48	1	2	0	2	-54	87232	8	1	1596	1478	360,360
1526402491.353148675	74	40	48	1	2	0	2	-54	87233	8	1	1596	1478	360,360
1526402491.365029202	74	40	48	1	2	0	2	-54	87234	8	1	1596	1478	360,360
1526402491.378115124	80	40	48	1	2	0	2	-54	87237	7	1	1596	1478	300,300
1526402491.388786800	80	40	48	1	2	0	2	-54	87238	7	1	1596	1478	300,300
1526402491.400298975	80	40	48	1	2	0	2	-55	87239	7	1	1596	1478	300,300
1526402491.412061575	80	40	48	1	2	0	2	-55	87240	7	1	1596	1478	300,300
1526402491.423816936	80	40	48	1	2	0	2	-55	87241	7	1	1596	1478	300,300
1526402491.435576185	80	40	48	1	2	0	2	-55	87242	7	1	1596	1478	300,300
1526402491.447328596	80	40	48	1	2	0	2	-55	87243	7	1	1596	1478	300,300
1526402491.459833273	80	40	48	1	2	0	2	-55	87244	7	1	1596	1478	300,300
1526402491.471263343	80	40	48	1	2	0	2	-55	87246	7	1	1596	1478	300,300
1526402491.482622284	80	40	48	1	2	0	2	-55	87247	7	1	1596	1478	300,300
1526402491.494779790	80	40	48	1	2	0	2	-55	87249	7	1	1596	1478	300,300
1526402491.506103537	80	40	48	1	2	0	2	-54	87250	7	1	1596	1478	300,300
1526402491.517896245	80	40	48	1	2	0	2	-55	87251	7	1	1596	1478	300,300
1526402491.529967492	80	40	48	1	2	0	2	-55	87252	7	1	1596	1478	300,300
1526402491.541432993	80	40	48	1	2	0	2	-55	87253	7	1	1596	1478	300,300
1526402491.553187472	80	40	48	1	2	0	2	-55	87254	7	1	1596	1478	300,300
1526402491.564977077	80	40	48	1	2	0	2	-55	87255	7	1	1596	1478	300,300
1526402491.576694096	80	40	48	1	2	0	2	-55	87256	7	1	1596	1478	300,300
1526402491.588451814	80	40	48	1	2	0	2	-55	87257	7	1	1596	1478	300,300
1526402491.600200970	80	40	48	1	2	0	2	-55	87258	7	1	1596	1478	300,300
1526402491.611963739	80	40	48	1	2	0	2	-55	87259	7	1	1596	1478	300,300
1526402491.623721867	80	40	48	1	2	0	2	-55	87260	7	1	1596	1478	300,300
1526402491.635871504	80	40	48	1	2	0	2	-55	87261	7	1	1596	1478	300,300
1526402491.647264917	80	40	48	1	2	0	2	-55	87262	7	1	1596	1478	300,300
1526402491.659015475	80	40	48	1	2	0	2	-55	87263	7	1	1596	1478	300,300
1526402491.670712564	80	40	48	1	2	0	2	-55	87264	7	1	1596	1478	300,300
1526402491.682458318	80	40	48	1	2	0	2	-55	87265	7	1	1596	1478	300,300
1526402491.694218839	80	40	48	1	2	0	2	-55	87266	7	1	1596	1478	300,300
1526402491.706052863	80	40	48	1	2	0	2	-55	87267	7	1	1596	1478	300,300
1526402491.717834629	80	40	48	1	2	0	2	-55	87268	7	1	1596	1478	300,300
1526402491.729585907	80	40	48	1	2	0	2	-55	87269	7	1	1596	1478	300,300
1526402491.741335891	80	40	48	1	2	0	2	-55	87270	7	1	1596	1478	300,300
1526402491.753088896	80	40	48	1	2	0	2	-55	87271	7	1	1596	1478	300,300
1526402491.764737313	80	40	48	1	2	0	2	-54	87272	7	1	1596	1478	300,300
1526402491.776534114	80	40	48	1	2	0	2	-54	87273	7	1	1596	1478	300,300
1526402491.788664481	80	40	48	1	2	0	2	-54	87274	7	1	1596	1478	300,300
1526402491.800113096	77	40	48	0	2	0	2	-55	87275	8	1	1596	1478	324,324
1526402491.811894068	80	40	48	1	2	0	2	-54	87276	7	1	1596	1478	300,300
1526402491.823887093	80	40	48	1	2	0	2	-54	87277	7	1	1596	1478	300,300
1526402491.835278285	80	40	48	1	2	0	2	-54	87278	7	1	1596	1478	300,300
1526402491.847098112	80	40	48	1	2	0	2	-54	87279	7	1	1596	1478	300,300
1526402491.858928979	77	40	48	0	2	0	2	-54	87280	8	1	1596	1478	324,324
1526402491.870865050	77	40	48	0	2	0	2	-54	87281	8	1	1596	1478	324,324
1526402491.882440656	77	40	48	0	2	0	2	-54	87282	8	1	1596	1478	324,324
1526402491.894205536	77	40	48	0	2	0	2	-54	87283	8	1	1596	1478	324,324
1526402491.905890318	74	40	48	1	2	0	2	-54	87284	8	1	1596	1478	360,360
1526402491.917640388	74	40	48	0	2	0	2	-54	87285	9	1	1596	1478	360,360
1526402491.929375689	74	40	48	1	2	0	2	-54	87286	8	1	1596	1478	360,360
1526402491.941190281	74	40	48	1	2	0	2	-54	87287	8	1	1596	1478	360,360
1526402491.952894041	74	40	48	1	2	0	2	-54	87288	8	1	1596	1478	360,360
1526402491.964621891	74	40	48	1	2	0	2	-54	87289	8	1	1596	1478	360,360
1526402491.976825692	74	40	48	1	2	0	2	-54	87291	8	1	1596	1478	360,360
1526402491.988163063	74	40	48	1	2	0	2	-54	87292	8	1	1596	1478	360,360
1526402491.999945321	74	40	48	1	2	0	2	-54	87293	8	1	1596	1478	360,360
1526402492.011687292	74	40	48	1	2	0	2	-54	87294	8	1	1596	1478	360,360
1526402492.023433624	74	40	48	1	2	0	2	-54	87295	8	1	1596	1478	360,360
1526402492.035229644	74	40	48	1	2	0	2	-54	87296	8	1	1596	1478	360,360
1526402492.047093630	74	40	48	1	2	0	2	-54	87297	8	1	1596	1478	360,360
1526402492.058831217	74	40	48	1	2	0	2	-54	87298	8	1	1596	1478	360,360
1526402492.070469631	74	40	48	1	2	0	2	-55	87299	8	1	1596	1478	360,360
1526402492.082383815	74	40	48	1	2	0	2	-55	87300	8	1	1596	1478	360,360
1526402492.094132891	74	40	48	1	2	0	2	-55	87301	8	1	1596	1478	360,360
1526402492.105870159	74	40	48	1	2	0	2	-55	87302	8	1	1596	1478	360,360
1526402492.117557650	74	40	48	1	2	0	2	-55	87303	8	1	1596	1478	360,360
1526402492.129276306	74	40	48	1	2	0	2	-55	87304	8	1	1596	1478	360,360
1526402492.141052963	74	40	48	0	2	0	2	-55	87305	9	1	1596	1478	360,360
1526402492.152809867	74	40	48	1	2	0	2	-55	87306	8	1	1596	1478	360,360
1526402492.164541732	74	40	48	1	2	0	2	-55	87307	8	1	1596	1478	360,360
1526402492.177278165	74	40	48	1	2	0	2	-56	87308	8	1	1596	1478	360,360
1526402492.188083074	74	40	48	1	2	0	2	-56	87309	8	1	1596	1478	360,360
1526402492.200114258	74	40	48	1	2	0	2	-56	87310	8	1	1596	1478	360,360
1526402492.211589377	74	40	48	1	2	0	2	-55	87311	8	1	1596	1478	360,360
1526402492.223347789	74	40	48	1	2	0	2	-55	87312	8	1	1596	1478	360,360
1526402492.235115940	74	40	48	1	2	0	2	-55	87313	8	1	1596	1478	360,360
1526402492.246881019	74	40	48	1	2	0	2	-55	87314	8	1	1596	1478	360,360
1526402492.258628797	74	40	48	1	2	0	2	-55	87315	8	1	1596	1478	360,360
1526402492.270380279	74	40	48	1	2	0	2	-55	87316	8	1	1596	1478	360,360
1526402492.282053587	74	40	48	1	2	0	2	-55	87317	8	1	1596	1478	360,360
1526402492.293792296	74	40	48	1	2	0	2	-55	87318	8	1	1596	1478	360,360
1526402492.305850904	74	40	48	1	2	0	2	-55	87320	8	1	1596	1478	360,360
1526402492.317442581	74	40	48	1	2	0	2	-55	87321	8	1	1596	1478	360,360
1526402492.329466619	74	40	48	1	2	0	2	-55	87323	8	1	1596	1478	360,360
1526402492.340811756	74	40	48	1	2	0	2	-55	87324	8	1	1596	1478	360,360
1526402492.352596882	74	40	48	1	2	0	2	-56	87325	8	1	1596	1478	360,360
1526402492.365126915	74	40	48	1	2	0	2	-56	87326	8	1	1596	1478	360,360
1526402492.376210793	74	40	48	1	2	0	2	-55	87327	8	1	1596	1478	360,360
1526402492.388442878	74	40	48	1	2	0	2	-55	87329	8	1	1596	1478	360,360
1526402492.400092497	74	40	48	1	2	0	2	-55	87331	8	1	1596	1478	360,360
1526402492.412312665	74	40	48	1	2	0	2	-55	87334	8	1	1596	1478	360,360
1526402492.423375245	74	40	48	1	2	0	2	-55	87335	8	1	1596	1478	360,360
1526402492.435294708	74	40	48	1	2	0	2	-55	87337	8	1	1596	1478	360,360
1526402492.446915016	74	40	48	1	2	0	2	-55	87338	8	1	1596	1478	360,360
1526402492.459046864	74	40	48	1	2	0	2	-55	87340	8	1	1596	1478	360,360
1526402492.470760302	74	40	48	1	2	0	2	-55	87342	8	1	1596	1478	360,360
1526402492.482219981	74	40	48	1	2	0	2	-55	87343	8	1	1596	1478	360,360
1526402492.494003229	74	40	48	1	2	0	2	-55	87344	8	1	1596	1478	360,360
1526402492.507123987	80	40	48	1	2	0	2	-55	87349	7	1	1596	1478	300,300
1526402492.517420679	80	40	48	1	2	0	2	-55	87350	7	1	1596	1478	300,300
1526402492.529254364	80	40	48	1	2	0	2	-56	87351	7	1	1596	1478	300,300
1526402492.541012603	80	40	48	1	2	0	2	-56	87352	7	1	1596	1478	300,300
1526402492.553525753	80	40	48	1	2	0	2	-56	87353	7	1	1596	1478	300,300
1526402492.564545411	80	40	48	1	2	0	2	-56	87354	7	1	1596	1478	300,300
1526402492.576280950	80	40	48	1	2	0	2	-55	87355	7	1	1596	1478	300,300
1526402492.587995823	80	40	48	1	2	0	2	-55	87356	7	1	1596	1478	300,300
1526402492.600171081	80	40	48	1	2	0	2	-55	87358	7	1	1596	1478	300,300
1526402492.611575245	80	40	48	1	2	0	2	-55	87359	7	1	1596	1478	300,300
1526402492.623326548	80	40	48	1	2	0	2	-56	87360	7	1	1596	1478	300,300
1526402492.634986405	80	40	48	1	2	0	2	-55	87361	7	1	1596	1478	300,300
1526402492.646765505	80	40	48	1	2	0	2	-55	87362	7	1	1596	1478	300,300
1526402492.658608323	80	40	48	1	2	0	2	-55	87363	7	1	1596	1478	300,300
1526402492.670370022	80	40	48	1	2	0	2	-55	87364	7	1	1596	1478	300,300
1526402492.682132807	80	40	48	1	2	0	2	-55	87365	7	1	1596	1478	300,300
1526402492.693916560	80	40	48	1	2	0	2	-55	87366	7	1	1596	1478	300,300
1526402492.705641281	80	40	48	1	2	0	2	-55	87367	7	1	1596	1478	300,300
1526402492.717405691	80	40	48	1	2	0	2	-55	87368	7	1	1596	1478	300,300
1526402492.729172668	80	40	48	1	2	0	2	-55	87369	7	1	1596	1478	300,300
1526402492.740917722	80	40	48	1	2	0	2	-55	87370	7	1	1596	1478	300,300
1526402492.752715090	80	40	48	1	2	0	2	-56	87371	7	1	1596	1478	300,300
1526402492.764818016	80	40	48	1	2	0	2	-55	87373	7	1	1596	1478	300,300
1526402492.776203689	80	40	48	1	2	0	2	-56	87374	7	1	1596	1478	300,300
1526402492.787849308	80	40	48	1	2	0	2	-56	87375	7	1	1596	1478	300,300
1526402492.799599928	80	40	48	1	2	0	2	-56	87376	7	1	1596	1478	300,300
1526402492.811490233	80	40	48	1	2	0	2	-56	87377	7	1	1596	1478	300,300
1526402492.823238655	80	40	48	1	2	0	2	-55	87378	7	1	1596	1478	300,300
1526402492.834887553	80	40	48	1	2	0	2	-56	87379	7	1	1596	1478	300,300
1526402492.846778225	80	40	48	1	2	0	2	-55	87380	7	1	1596	1478	300,300
1526402492.858539460	80	40	48	1	2	0	2	-56	87381	7	1	1596	1478	300,300
1526402492.870221640	80	40	48	1	2	0	2	-56	87382	7	1	1596	1478	300,300
1526402492.881882625	80	40	48	1	2	0	2	-56	87383	7	1	1596	1478	300,300
1526402492.893721939	80	40	48	1	2	0	2	-56	87384	7	1	1596	1478	300,300
1526402492.905463952	80	40	48	1	2	0	2	-56	87385	7	1	1596	1478	300,300
1526402492.917203047	80	40	48	1	2	0	2	-56	87386	7	1	1596	1478	300,300
1526402492.928955726	77	40	48	0	2	0	2	-55	87387	8	1	1596	1478	324,324
1526402492.940713806	80	40	48	1	2	0	2	-56	87388	7	1	1596	1478	300,300
1526402492.952463455	80	40	48	1	2	0	2	-56	87389	7	1	1596	1478	300,300
1526402492.964237792	80	40	48	1	2	0	2	-55	87390	7	1	1596	1478	300,300
1526402492.976007336	80	40	48	1	2	0	2	-55	87391	7	1	1596	1478	300,300
1526402492.987759832	77	40	48	0	2	0	2	-55	87392	8	1	1596	1478	324,324
1526402492.999542069	77	40	48	0	2	0	2	-55	87393	8	1	1596	1478	324,324
1526402493.011299201	77	40	48	0	2	0	2	-55	87394	8	1	1596	1478	324,324
1526402493.023130306	77	40	48	0	2	0	2	-55	87395	8	1	1596	1478	324,324
1526402493.034817889	74	40	48	1	2	0	2	-55	87396	8	1	1596	1478	360,360
1526402493.047056046	74	40	48	1	2	0	2	-55	87397	8	1	1596	1478	360,360
1526402493.058424152	74	40	48	1	2	0	2	-55	87398	8	1	1596	1478	360,360
1526402493.070010338	74	40	48	1	2	0	2	-55	87399	8	1	1596	1478	360,360
1526402493.082001197	74	40	48	1	2	0	2	-55	87400	8	1	1596	1478	360,360
1526402493.094068834	74	40	48	1	2	0	2	-55	87401	8	1	1596	1478	360,360
1526402493.105509225	74	40	48	1	2	0	2	-55	87402	8	1	1596	1478	360,360
1526402493.117246015	74	40	48	1	2	0	2	-55	87403	8	1	1596	1478	360,360
1526402493.130279682	80	40	48	1	2	0	2	-56	87408	7	1	1596	1478	300,300
1526402493.140765733	80	40	48	1	2	0	2	-55	87409	7	1	1596	1478	300,300
1526402493.152548682	80	40	48	1	2	0	2	-55	87410	7	1	1596	1478	300,300
1526402493.164286052	80	40	48	1	2	0	2	-55	87411	7	1	1596	1478	300,300
1526402493.176051036	80	40	48	1	2	0	2	-56	87412	7	1	1596	1478	300,300
1526402493.187655924	80	40	48	1	2	0	2	-55	87413	7	1	1596	1478	300,300
1526402493.199575780	80	40	48	1	2	0	2	-56	87414	7	1	1596	1478	300,300
1526402493.211357854	80	40	48	1	2	0	2	-55	87415	7	1	1596	1478	300,300
1526402493.223454826	80	40	48	1	2	0	2	-55	87417	7	1	1596	1478	300,300
1526402493.234867943	80	40	48	1	2	0	2	-55	87418	7	1	1596	1478	300,300
1526402493.246520360	80	40	48	1	2	0	2	-56	87419	7	1	1596	1478	300,300
1526402493.258265183	80	40	48	1	2	0	2	-55	87420	7	1	1596	1478	300,300
1526402493.270411158	80	40	48	1	2	0	2	-56	87421	7	1	1596	1478	300,300
1526402493.281811064	80	40	48	1	2	0	2	-56	87422	7	1	1596	1478	300,300
1526402493.293606005	80	40	48	1	2	0	2	-55	87423	7	1	1596	1478	300,300
1526402493.305309972	80	40	48	1	2	0	2	-56	87424	7	1	1596	1478	300,300
1526402493.317034302	80	40	48	1	2	0	2	-56	87425	7	1	1596	1478	300,300
1526402493.328833852	80	40	48	1	2	0	2	-55	87426	7	1	1596	1478	300,300
1526402493.340670349	80	40	48	1	2	0	2	-56	87427	7	1	1596	1478	300,300
1526402493.352455533	80	40	48	1	2	0	2	-56	87428	7	1	1596	1478	300,300
1526402493.364197699	80	40	48	1	2	0	2	-56	87429	7	1	1596	1478	300,300
1526402493.375886404	80	40	48	1	2	0	2	-56	87430	7	1	1596	1478	300,300
1526402493.388136432	80	40	48	1	2	0	2	-56	87431	7	1	1596	1478	300,300
1526402493.399548383	80	40	48	1	2	0	2	-56	87432	7	1	1596	1478	300,300
1526402493.411336712	80	40	48	1	2	0	2	-56	87433	7	1	1596	1478	300,300
1526402493.422975872	80	40	48	1	2	0	2	-56	87434	7	1	1596	1478	300,300
1526402493.434842112	80	40	48	1	2	0	2	-56	87435	7	1	1596	1478	300,300
1526402493.446623559	80	40	48	1	2	0	2	-56	87436	7	1	1596	1478	300,300
1526402493.458261322	80	40	48	1	2	0	2	-56	87437	7	1	1596	1478	300,300
1526402493.469954306	80	40	48	1	2	0	2	-56	87438	7	1	1596	1478	300,300
1526402493.481885905	80	40	48	1	2	0	2	-56	87439	7	1	1596	1478	300,300
1526402493.493538815	80	40	48	1	2	0	2	-56	87440	7	1	1596	1478	300,300
1526402493.505395850	80	40	48	1	2	0	2	-56	87441	7	1	1596	1478	300,300
1526402493.517133391	80	40	48	1	2	0	2	-56	87442	7	1	1596	1478	300,300
1526402493.528827410	80	40	48	1	2	0	2	-56	87443	7	1	1596	1478	300,300
1526402493.540521212	80	40	48	1	2	0	2	-56	87444	7	1	1596	1478	300,300
1526402493.552781866	80	40	48	1	2	0	2	-56	87446	7	1	1596	1478	300,300
1526402493.564314929	80	40	48	1	2	0	2	-56	87447	7	1	1596	1478	300,300
1526402493.575935889	80	40	48	1	2	0	2	-56	87448	7	1	1596	1478	300,300
1526402493.587718571	80	40	48	1	2	0	2	-56	87449	7	1	1596	1478	300,300
1526402493.599236262	80	40	48	1	2	0	2	-56	87450	7	1	1596	1478	300,300
1526402493.611392767	80	40	48	1	2	0	2	-56	87451	7	1	1596	1478	300,300
1526402493.622780307	80	40	48	1	2	0	2	-56	87452	7	1	1596	1478	300,300
1526402493.634516287	80	40	48	1	2	0	2	-56	87453	7	1	1596	1478	300,300
1526402493.646257974	80	40	48	1	2	0	2	-56	87454	7	1	1596	1478	300,300
1526402493.658001017	80	40	48	1	2	0	2	-56	87455	7	1	1596	1478	300,300
1526402493.669851029	80	40	48	1	2	0	2	-56	87456	7	1	1596	1478	300,300
1526402493.681556488	80	40	48	1	2	0	2	-56	87457	7	1	1596	1478	300,300
1526402493.693383251	80	40	48	1	2	0	2	-56	87458	7	1	1596	1478	300,300
1526402493.705157764	80	40	48	1	2	0	2	-56	87459	7	1	1596	1478	300,300
1526402493.717249327	80	40	48	1	2	0	2	-56	87460	7	1	1596	1478	300,300
1526402493.728674317	80	40	48	1	2	0	2	-56	87461	7	1	1596	1478	300,300
1526402493.740443978	80	40	48	1	2	0	2	-56	87462	7	1	1596	1478	300,300
1526402493.752185684	80	40	48	1	2	0	2	-56	87463	7	1	1596	1478	300,300
1526402493.763893089	80	40	48	1	2	0	2	-56	87464	7	1	1596	1478	300,300
1526402493.775712552	80	40	48	1	2	0	2	-56	87465	7	1	1596	1478	300,300
1526402493.787467347	80	40	48	1	2	0	2	-56	87466	7	1	1596	1478	300,300
1526402493.799152046	80	40	48	1	2	0	2	-56	87467	7	1	1596	1478	300,300
1526402493.810989746	80	40	48	1	2	0	2	-56	87468	7	1	1596	1478	300,300
1526402493.822768740	80	40	48	1	2	0	2	-56	87469	7	1	1596	1478	300,300
1526402493.834387654	80	40	48	1	2	0	2	-56	87470	7	1	1596	1478	300,300
1526402493.846232640	80	40	48	1	2	0	2	-56	87471	7	1	1596	1478	300,300
1526402493.858124871	80	40	48	1	2	0	2	-56	87472	7	1	1596	1478	300,300
1526402493.869671593	80	40	48	1	2	0	2	-56	87473	7	1	1596	1478	300,300
1526402493.881642051	77	40	48	0	2	0	2	-56	87474	8	1	1596	1478	324,324
1526402493.893402243	80	40	48	1	2	0	2	-56	87475	7	1	1596	1478	300,300
1526402493.905164579	80	40	48	1	2	0	2	-56	87476	7	1	1596	1478	300,300
1526402493.916977296	80	40	48	1	2	0	2	-55	87478	7	1	1596	1478	300,300
1526402493.928677446	80	40	48	1	2	0	2	-56	87479	7	1	1596	1478	300,300
1526402493.940440629	77	40	48	0	2	0	2	-56	87480	8	1	1596	1478	324,324
1526402493.952131234	80	40	48	1	2	0	2	-56	87481	7	1	1596	1478	300,300
1526402493.963965108	80	40	48	1	2	0	2	-56	87482	7	1	1596	1478	300,300
1526402493.975723634	80	40	48	1	2	0	2	-55	87483	7	1	1596	1478	300,300
1526402493.987621350	80	40	48	1	2	0	2	-56	87484	7	1	1596	1478	300,300
1526402493.999250782	77	40	48	0	2	0	2	-56	87485	8	1	1596	1478	324,324
1526402494.011002778	77	40	48	0	2	0	2	-55	87486	8	1	1596	1478	324,324
1526402494.022728470	74	40	48	1	2	0	2	-55	87487	8	1	1596	1478	360,360
1526402494.034903278	74	40	48	1	2	0	2	-56	87489	8	1	1596	1478	360,360
1526402494.046280562	74	40	48	1	2	0	2	-55	87490	8	1	1596	1478	360,360
1526402494.058699195	74	40	48	1	2	0	2	-55	87492	8	1	1596	1478	360,360
1526402494.070793359	74	40	48	1	2	0	2	-55	87496	8	1	1596	1478	360,360
1526402494.081854936	74	40	48	1	2	0	2	-55	87498	8	1	1596	1478	360,360
1526402494.093620291	74	40	48	1	2	0	2	-55	87500	8	1	1596	1478	360,360
1526402494.105089664	74	40	48	1	2	0	2	-55	87501	8	1	1596	1478	360,360
1526402494.116853950	74	40	48	1	2	0	2	-55	87502	8	1	1596	1478	360,360
1526402494.128608733	74	40	48	1	2	0	2	-55	87503	8	1	1596	1478	360,360
1526402494.140363216	74	40	48	1	2	0	2	-55	87504	8	1	1596	1478	360,360
1526402494.152742854	74	40	48	1	2	0	2	-55	87507	8	1	1596	1478	360,360
1526402494.163868274	74	40	48	1	2	0	2	-55	87508	8	1	1596	1478	360,360
1526402494.175637112	74	40	48	1	2	0	2	-55	87509	8	1	1596	1478	360,360
1526402494.187788512	74	40	48	1	2	0	2	-55	87511	8	1	1596	1478	360,360
1526402494.199162303	74	40	48	1	2	0	2	-55	87512	8	1	1596	1478	360,360
1526402494.211899617	74	40	48	1	2	0	2	-55	87515	8	1	1596	1478	360,360
1526402494.222705660	74	40	48	1	2	0	2	-55	87516	8	1	1596	1478	360,360
1526402494.234489307	74	40	48	1	2	0	2	-55	87517	8	1	1596	1478	360,360
1526402494.246211291	74	40	48	1	2	0	2	-55	87518	8	1	1596	1478	360,360
1526402494.257996460	74	40	48	1	2	0	2	-55	87519	8	1	1596	1478	360,360
1526402494.269743161	74	40	48	1	2	0	2	-55	87520	8	1	1596	1478	360,360
1526402494.281481072	74	40	48	1	2	0	2	-55	87521	8	1	1596	1478	360,360
1526402494.294328876	74	40	48	1	2	0	2	-55	87523	8	1	1596	1478	360,360
1526402494.305267975	74	40	48	1	2	0	2	-55	87525	8	1	1596	1478	360,360
1526402494.316785970	74	40	48	1	2	0	2	-55	87526	8	1	1596	1478	360,360
1526402494.328244300	74	40	48	1	2	0	2	-55	87527	8	1	1596	1478	360,360
1526402494.340477892	74	40	48	1	2	0	2	-55	87529	8	1	1596	1478	360,360
1526402494.353410268	80	40	48	1	2	0	2	-55	87534	7	1	1596	1478	300,300
1526402494.363789628	80	40	48	1	2	0	2	-55	87535	7	1	1596	1478	300,300
1526402494.375559922	80	40	48	1	2	0	2	-55	87536	7	1	1596	1478	300,300
1526402494.387257431	80	40	48	1	2	0	2	-55	87537	7	1	1596	1478	300,300
1526402494.399064528	80	40	48	1	2	0	2	-55	87538	7	1	1596	1478	300,300
1526402494.410858621	80	40	48	1	2	0	2	-55	87539	7	1	1596	1478	300,300
1526402494.422634279	80	40	48	1	2	0	2	-55	87540	7	1	1596	1478	300,300
1526402494.434399749	80	40	48	1	2	0	2	-55	87541	7	1	1596	1478	300,300
1526402494.446040684	77	40	48	0	2	0	2	-55	87542	8	1	1596	1478	324,324
1526402494.457791029	80	40	48	1	2	0	2	-55	87543	7	1	1596	1478	300,300
1526402494.469650185	80	40	48	1	2	0	2	-55	87544	7	1	1596	1478	300,300
1526402494.481396197	80	40	48	1	2	0	2	-55	87545	7	1	1596	1478	300,300
1526402494.493185593	80	40	48	1	2	0	2	-55	87546	7	1	1596	1478	300,300
1526402494.504936136	77	40	48	0	2	0	2	-55	87547	8	1	1596	1478	324,324
1526402494.516734578	77	40	48	0	2	0	2	-55	87548	8	1	1596	1478	324,324
1526402494.529149596	77	40	48	0	2	0	2	-55	87551	8	1	1596	1478	324,324
1526402494.540212170	77	40	48	0	2	0	2	-55	87552	8	1	1596	1478	324,324
1526402494.553374824	80	40	48	1	2	0	2	-55	87556	7	1	1596	1478	300,300
1526402494.563736883	80	40	48	1	2	0	2	-55	87557	7	1	1596	1478	300,300
1526402494.575524789	80	40	48	1	2	0	2	-55	87558	7	1	1596	1478	300,300
1526402494.587168933	80	40	48	1	2	0	2	-55	87559	7	1	1596	1478	300,300
1526402494.598930454	80	40	48	1	2	0	2	-55	87560	7	1	1596	1478	300,300
1526402494.610681761	80	40	48	1	2	0	2	-55	87561	7	1	1596	1478	300,300
1526402494.622451028	80	40	48	1	2	0	2	-55	87562	7	1	1596	1478	300,300
1526402494.634582877	80	40	48	1	2	0	2	-55	87563	7	1	1596	1478	300,300
1526402494.646063589	77	40	48	0	2	0	2	-55	87564	8	1	1596	1478	324,324
1526402494.657814822	80	40	48	1	2	0	2	-55	87565	7	1	1596	1478	300,300
1526402494.669369822	80	40	48	1	2	0	2	-55	87566	7	1	1596	1478	300,300
1526402494.681325886	80	40	48	1	2	0	2	-55	87567	7	1	1596	1478	300,300
1526402494.693090627	80	40	48	1	2	0	2	-55	87568	7	1	1596	1478	300,300
1526402494.704884244	77	40	48	0	2	0	2	-55	87569	8	1	1596	1478	324,324
1526402494.716630146	80	40	48	1	2	0	2	-55	87570	7	1	1596	1478	300,300
1526402494.728367530	80	40	48	1	2	0	2	-55	87571	7	1	1596	1478	300,300
1526402494.740148350	80	40	48	1	2	0	2	-55	87572	7	1	1596	1478	300,300
1526402494.751889363	80	40	48	1	2	0	2	-55	87573	7	1	1596	1478	300,300
1526402494.763657803	77	40	48	0	2	0	2	-55	87574	8	1	1596	1478	324,324
1526402494.775432119	77	40	48	0	2	0	2	-55	87575	8	1	1596	1478	324,324
1526402494.787178330	77	40	48	0	2	0	2	-55	87576	8	1	1596	1478	324,324
1526402494.798950578	77	40	48	0	2	0	2	-55	87577	8	1	1596	1478	324,324
1526402494.810615667	74	40	48	1	2	0	2	-55	87578	8	1	1596	1478	360,360
1526402494.822662414	74	40	48	1	2	0	2	-55	87580	8	1	1596	1478	360,360
1526402494.834033774	74	40	48	1	2	0	2	-55	87581	8	1	1596	1478	360,360
1526402494.845853422	74	40	48	1	2	0	2	-55	87582	8	1	1596	1478	360,360
1526402494.857677577	74	40	48	1	2	0	2	-55	87583	8	1	1596	1478	360,360
1526402494.869516855	74	40	48	1	2	0	2	-55	87584	8	1	1596	1478	360,360
1526402494.882548651	80	40	48	1	2	0	2	-55	87589	7	1	1596	1478	300,300
1526402494.893001136	80	40	48	1	2	0	2	-55	87590	7	1	1596	1478	300,300
1526402494.904649810	80	40	48	1	2	0	2	-55	87591	7	1	1596	1478	300,300
1526402494.916466822	80	40	48	1	2	0	2	-55	87592	7	1	1596	1478	300,300
1526402494.928212052	80	40	48	1	2	0	2	-55	87593	7	1	1596	1478	300,300
1526402494.939947163	80	40	48	1	2	0	2	-55	87594	7	1	1596	1478	300,300
1526402494.951743639	80	40	48	1	2	0	2	-55	87595	7	1	1596	1478	300,300
1526402494.963566185	80	40	48	1	2	0	2	-55	87596	7	1	1596	1478	300,300
1526402494.975332342	80	40	48	1	2	0	2	-55	87597	7	1	1596	1478	300,300
1526402494.987495429	80	40	48	1	2	0	2	-55	87599	7	1	1596	1478	300,300
1526402494.998760842	80	40	48	1	2	0	2	-55	87600	7	1	1596	1478	300,300
1526402495.011178886	80	40	48	1	2	0	2	-55	87601	7	1	1596	1478	300,300
1526402495.022384775	80	40	48	1	2	0	2	-55	87602	7	1	1596	1478	300,300
1526402495.034075581	80	40	48	1	2	0	2	-55	87603	7	1	1596	1478	300,300
1526402495.045925316	80	40	48	1	2	0	2	-55	87604	7	1	1596	1478	300,300
1526402495.057639383	80	40	48	1	2	0	2	-55	87605	7	1	1596	1478	300,300
1526402495.069400062	80	40	48	1	2	0	2	-55	87606	7	1	1596	1478	300,300
1526402495.081153047	80	40	48	1	2	0	2	-55	87607	7	1	1596	1478	300,300
1526402495.092932965	80	40	48	1	2	0	2	-55	87608	7	1	1596	1478	300,300
1526402495.104682126	80	40	48	1	2	0	2	-55	87609	7	1	1596	1478	300,300
1526402495.116428636	80	40	48	1	2	0	2	-55	87610	7	1	1596	1478	300,300
1526402495.128201185	80	40	48	1	2	0	2	-55	87611	7	1	1596	1478	300,300
1526402495.139961527	80	40	48	1	2	0	2	-55	87612	7	1	1596	1478	300,300
1526402495.151960661	80	40	48	1	2	0	2	-55	87614	7	1	1596	1478	300,300
1526402495.163433000	80	40	48	1	2	0	2	-55	87615	7	1	1596	1478	300,300
1526402495.175265147	80	40	48	1	2	0	2	-55	87616	7	1	1596	1478	300,300
1526402495.187011945	80	40	48	1	2	0	2	-55	87617	7	1	1596	1478	300,300
1526402495.198783875	80	40	48	1	2	0	2	-55	87618	7	1	1596	1478	300,300
1526402495.210518863	80	40	48	1	2	0	2	-55	87619	7	1	1596	1478	300,300
1526402495.222300551	80	40	48	1	2	0	2	-55	87620	7	1	1596	1478	300,300
1526402495.234056438	80	40	48	1	2	0	2	-55	87621	7	1	1596	1478	300,300
1526402495.245803929	80	40	48	1	2	0	2	-55	87622	7	1	1596	1478	300,300
1526402495.257598091	80	40	48	1	2	0	2	-55	87623	7	1	1596	1478	300,300
1526402495.269328555	80	40	48	1	2	0	2	-55	87624	7	1	1596	1478	300,300
1526402495.281091564	80	40	48	1	2	0	2	-55	87625	7	1	1596	1478	300,300
1526402495.292863106	80	40	48	1	2	0	2	-55	87626	7	1	1596	1478	300,300
1526402495.304595539	80	40	48	1	2	0	2	-55	87627	7	1	1596	1478	300,300
1526402495.316388598	77	40	48	0	2	0	2	-55	87628	8	1	1596	1478	324,324
1526402495.328039185	80	40	48	1	2	0	2	-55	87629	7	1	1596	1478	300,300
1526402495.339899963	80	40	48	1	2	0	2	-55	87630	7	1	1596	1478	300,300
1526402495.351829434	80	40	48	1	2	0	2	-55	87631	7	1	1596	1478	300,300
1526402495.363325552	80	40	48	1	2	0	2	-55	87632	7	1	1596	1478	300,300
1526402495.375559962	80	40	48	1	2	0	2	-55	87634	7	1	1596	1478	300,300
1526402495.386925709	80	40	48	1	2	0	2	-55	87635	7	1	1596	1478	300,300
1526402495.398685005	80	40	48	1	2	0	2	-55	87636	7	1	1596	1478	300,300
1526402495.410377420	80	40	48	1	2	0	2	-55	87637	7	1	1596	1478	300,300
1526402495.422214486	80	40	48	1	2	0	2	-55	87638	7	1	1596	1478	300,300
1526402495.433883274	80	40	48	1	2	0	2	-55	87639	7	1	1596	1478	300,300
1526402495.445603389	80	40	48	1	2	0	2	-55	87640	7	1	1596	1478	300,300
1526402495.457426042	80	40	48	1	2	0	2	-55	87641	7	1	1596	1478	300,300
1526402495.469172491	80	40	48	1	2	0	2	-55	87642	7	1	1596	1478	300,300
1526402495.481019289	80	40	48	1	2	0	2	-55	87643	7	1	1596	1478	300,300
1526402495.492789339	80	40	48	1	2	0	2	-55	87644	7	1	1596	1478	300,300
1526402495.504537592	80	40	48	1	2	0	2	-55	87645	7	1	1596	1478	300,300
1526402495.516289330	80	40	48	1	2	0	2	-55	87646	7	1	1596	1478	300,300
1526402495.527925151	80	40	48	1	2	0	2	-55	87647	7	1	1596	1478	300,300
1526402495.539805704	77	40	48	0	2	0	2	-55	87648	8	1	1596	1478	324,324
1526402495.551355746	80	40	48	1	2	0	2	-55	87649	7	1	1596	1478	300,300
1526402495.563256033	80	40	48	1	2	0	2	-55	87650	7	1	1596	1478	300,300
1526402495.575086625	80	40	48	1	2	0	2	-55	87651	7	1	1596	1478	300,300
1526402495.586802962	80	40	48	1	2	0	2	-55	87652	7	1	1596	1478	300,300
1526402495.598507571	77	40	48	0	2	0	2	-55	87653	8	1	1596	1478	324,324
1526402495.610357076	77	40	48	0	2	0	2	-55	87654	8	1	1596	1478	324,324
1526402495.622164574	77	40	48	0	2	0	2	-55	87655	8	1	1596	1478	324,324
1526402495.633888738	74	40	48	1	2	0	2	-55	87656	8	1	1596	1478	360,360
1526402495.645667056	74	40	48	1	2	0	2	-55	87657	8	1	1596	1478	360,360
1526402495.657788659	74	40	48	1	2	0	2	-55	87659	8	1	1596	1478	360,360
1526402495.669150778	74	40	48	1	2	0	2	-55	87660	8	1	1596	1478	360,360
1526402495.680913484	74	40	48	1	2	0	2	-55	87661	8	1	1596	1478	360,360
1526402495.692679669	74	40	48	1	2	0	2	-55	87662	8	1	1596	1478	360,360
1526402495.704438566	74	40	48	1	2	0	2	-55	87663	8	1	1596	1478	360,360
1526402495.716216399	74	40	48	1	2	0	2	-55	87664	8	1	1596	1478	360,360
1526402495.728292491	74	40	48	1	2	0	2	-55	87665	8	1	1596	1478	360,360
1526402495.739702596	74	40	48	1	2	0	2	-55	87666	8	1	1596	1478	360,360
1526402495.751476798	74	40	48	1	2	0	2	-55	87667	8	1	1596	1478	360,360
1526402495.763277905	74	40	48	1	2	0	2	-55	87668	8	1	1596	1478	360,360
1526402495.774995254	74	40	48	1	2	0	2	-55	87669	8	1	1596	1478	360,360
1526402495.786681911	74	40	48	1	2	0	2	-55	87670	8	1	1596	1478	360,360
1526402495.798431392	74	40	48	1	2	0	2	-55	87671	8	1	1596	1478	360,360
1526402495.810496611	74	40	48	1	2	0	2	-55	87673	8	1	1596	1478	360,360
1526402495.822262775	74	40	48	1	2	0	2	-55	87675	8	1	1596	1478	360,360
1526402495.833677910	74	40	48	1	2	0	2	-55	87676	8	1	1596	1478	360,360
1526402495.845438099	74	40	48	1	2	0	2	-55	87677	8	1	1596	1478	360,360
1526402495.857204379	74	40	48	1	2	0	2	-55	87678	8	1	1596	1478	360,360
1526402495.868859058	74	40	48	1	2	0	2	-55	87679	8	1	1596	1478	360,360
1526402495.880598130	74	40	48	1	2	0	2	-55	87680	8	1	1596	1478	360,360
1526402495.892454761	74	40	48	1	2	0	2	-55	87681	8	1	1596	1478	360,360
1526402495.904208787	74	40	48	1	2	0	2	-55	87682	8	1	1596	1478	360,360
1526402495.915993935	74	40	48	1	2	0	2	-55	87683	8	1	1596	1478	360,360
1526402495.928047838	74	40	48	1	2	0	2	-55	87685	8	1	1596	1478	360,360
1526402495.939498695	74	40	48	1	2	0	2	-55	87686	8	1	1596	1478	360,360
1526402495.951127866	74	40	48	1	2	0	2	-55	87687	8	1	1596	1478	360,360
1526402495.963148911	74	40	48	1	2	0	2	-55	87688	8	1	1596	1478	360,360
1526402495.974924049	74	40	48	1	2	0	2	-55	87689	8	1	1596	1478	360,360
1526402495.987031145	74	40	48	1	2	0	2	-55	87691	8	1	1596	1478	360,360
1526402495.998440545	74	40	48	1	2	0	2	-55	87692	8	1	1596	1478	360,360
1526402496.010202924	74	40	48	1	2	0	2	-55	87693	8	1	1596	1478	360,360
1526402496.021953794	74	40	48	1	2	0	2	-55	87694	8	1	1596	1478	360,360
1526402496.033736238	74	40	48	1	2	0	2	-55	87695	8	1	1596	1478	360,360
1526402496.045474829	74	40	48	1	2	0	2	-55	87696	8	1	1596	1478	360,360
1526402496.057238559	74	40	48	1	2	0	2	-55	87697	8	1	1596	1478	360,360
1526402496.069022069	74	40	48	1	2	0	2	-55	87698	8	1	1596	1478	360,360
1526402496.081053957	74	40	48	1	2	0	2	-55	87700	8	1	1596	1478	360,360
1526402496.092558136	74	40	48	1	2	0	2	-55	87701	8	1	1596	1478	360,360
1526402496.104271320	74	40	48	1	2	0	2	-55	87702	8	1	1596	1478	360,360
1526402496.116037291	74	40	48	1	2	0	2	-55	87703	8	1	1596	1478	360,360
1526402496.127677511	74	40	48	1	2	0	2	-55	87704	8	1	1596	1478	360,360
1526402496.139458940	74	40	48	1	2	0	2	-55	87705	8	1	1596	1478	360,360
1526402496.151540753	74	40	48	1	2	0	2	-55	87707	8	1	1596	1478	360,360
1526402496.162974464	74	40	48	1	2	0	2	-55	87708	8	1	1596	1478	360,360
1526402496.174741094	74	40	48	1	2	0	2	-55	87709	8	1	1596	1478	360,360
1526402496.186472966	74	40	48	1	2	0	2	-55	87710	8	1	1596	1478	360,360
1526402496.198243361	74	40	48	1	2	0	2	-55	87711	8	1	1596	1478	360,360
1526402496.209973280	74	40	48	1	2	0	2	-55	87712	8	1	1596	1478	360,360
1526402496.221748641	74	40	48	1	2	0	2	-55	87713	8	1	1596	1478	360,360
1526402496.233512906	74	40	48	1	2	0	2	-55	87714	8	1	1596	1478	360,360
1526402496.245266981	74	40	48	1	2	0	2	-55	87715	8	1	1596	1478	360,360
1526402496.257034890	74	40	48	1	2	0	2	-55	87716	8	1	1596	1478	360,360
1526402496.268799078	74	40	48	1	2	0	2	-55	87717	8	1	1596	1478	360,360
1526402496.280569065	74	40	48	1	2	0	2	-55	87718	8	1	1596	1478	360,360
1526402496.292661452	74	40	48	1	2	0	2	-55	87720	8	1	1596	1478	360,360
1526402496.304070765	74	40	48	1	2	0	2	-55	87721	8	1	1596	1478	360,360
1526402496.316088578	74	40	48	1	2	0	2	-55	87722	8	1	1596	1478	360,360
1526402496.327597730	74	40	48	1	2	0	2	-55	87723	8	1	1596	1478	360,360
1526402496.339358349	74	40	48	1	2	0	2	-55	87724	8	1	1596	1478	360,360
1526402496.351111365	74	40	48	1	2	0	2	-55	87725	8	1	1596	1478	360,360
1526402496.362853240	74	40	48	1	2	0	2	-55	87726	8	1	1596	1478	360,360
1526402496.374984863	74	40	48	1	2	0	2	-55	87727	8	1	1596	1478	360,360
1526402496.386299772	74	40	48	1	2	0	2	-55	87728	8	1	1596	1478	360,360
1526402496.398503422	74	40	48	1	2	0	2	-55	87730	8	1	1596	1478	360,360
1526402496.409895425	74	40	48	1	2	0	2	-55	87731	8	1	1596	1478	360,360
1526402496.421656678	74	40	48	1	2	0	2	-55	87732	8	1	1596	1478	360,360
1526402496.433341158	74	40	48	1	2	0	2	-55	87733	8	1	1596	1478	360,360
1526402496.445176769	74	40	48	1	2	0	2	-55	87734	8	1	1596	1478	360,360
1526402496.456857730	74	40	48	1	2	0	2	-55	87735	8	1	1596	1478	360,360
1526402496.468693255	74	40	48	1	2	0	2	-55	87736	8	1	1596	1478	360,360
1526402496.480849989	74	40	48	1	2	0	2	-55	87738	8	1	1596	1478	360,360
1526402496.492233190	74	40	48	1	2	0	2	-55	87739	8	1	1596	1478	360,360
1526402496.503968915	74	40	48	1	2	0	2	-55	87740	8	1	1596	1478	360,360
1526402496.515732481	74	40	48	1	2	0	2	-55	87741	8	1	1596	1478	360,360
1526402496.527410526	74	40	48	1	2	0	2	-55	87742	8	1	1596	1478	360,360
1526402496.539211847	74	40	48	1	2	0	2	-55	87743	8	1	1596	1478	360,360
1526402496.551274509	74	40	48	1	2	0	2	-55	87745	8	1	1596	1478	360,360
1526402496.562783839	74	40	48	1	2	0	2	-55	87746	8	1	1596	1478	360,360
1526402496.574537117	74	40	48	1	2	0	2	-55	87747	8	1	1596	1478	360,360
1526402496.587352661	74	40	48	1	2	0	2	-55	87750	8	1	1596	1478	360,360
1526402496.597955922	74	40	48	1	2	0	2	-55	87751	8	1	1596	1478	360,360
1526402496.609832201	74	40	48	1	2	0	2	-55	87752	8	1	1596	1478	360,360
1526402496.621986025	74	40	48	1	2	0	2	-55	87754	8	1	1596	1478	360,360
1526402496.633455693	74	40	48	1	2	0	2	-55	87755	8	1	1596	1478	360,360
1526402496.646696553	74	40	48	1	2	0	2	-55	87759	8	1	1596	1478	360,360
1526402496.656952520	80	40	48	1	2	0	2	-55	87760	7	1	1596	1478	300,300
1526402496.668777578	80	40	48	1	2	0	2	-55	87761	7	1	1596	1478	300,300
1526402496.680545241	80	40	48	1	2	0	2	-55	87762	7	1	1596	1478	300,300
1526402496.692315001	80	40	48	1	2	0	2	-55	87763	7	1	1596	1478	300,300
1526402496.704056061	80	40	48	1	2	0	2	-55	87764	7	1	1596	1478	300,300
1526402496.715829560	80	40	48	1	2	0	2	-55	87765	7	1	1596	1478	300,300
1526402496.727613836	80	40	48	1	2	0	2	-55	87766	7	1	1596	1478	300,300
1526402496.739323440	80	40	48	1	2	0	2	-55	87767	7	1	1596	1478	300,300
1526402496.750961047	80	40	48	1	2	0	2	-55	87768	7	1	1596	1478	300,300
1526402496.762796968	80	40	48	1	2	0	2	-55	87769	7	1	1596	1478	300,300
1526402496.774520031	80	40	48	1	2	0	2	-55	87770	7	1	1596	1478	300,300
1526402496.786495005	80	40	48	1	2	0	2	-55	87771	7	1	1596	1478	300,300
1526402496.798008580	80	40	48	1	2	0	2	-55	87772	7	1	1596	1478	300,300
1526402496.809774422	77	40	48	0	2	0	2	-55	87773	8	1	1596	1478	324,324
1526402496.821510212	80	40	48	1	2	0	2	-55	87774	7	1	1596	1478	300,300
1526402496.833279808	80	40	48	1	2	0	2	-55	87775	7	1	1596	1478	300,300
1526402496.845038581	80	40	48	1	2	0	2	-55	87776	7	1	1596	1478	300,300
1526402496.856806102	80	40	48	1	2	0	2	-55	87777	7	1	1596	1478	300,300
1526402496.868537687	77	40	48	0	2	0	2	-55	87778	8	1	1596	1478	324,324
1526402496.880315917	77	40	48	0	2	0	2	-55	87779	8	1	1596	1478	324,324
1526402496.892008938	77	40	48	0	2	0	2	-54	87780	8	1	1596	1478	324,324
1526402496.904088732	74	40	48	1	2	0	2	-55	87782	8	1	1596	1478	360,360
1526402496.915603919	74	40	48	1	2	0	2	-54	87783	8	1	1596	1478	360,360
1526402496.927598956	74	40	48	1	2	0	2	-54	87785	8	1	1596	1478	360,360
1526402496.938999874	74	40	48	1	2	0	2	-54	87786	8	1	1596	1478	360,360
1526402496.950876482	74	40	48	1	2	0	2	-54	87787	8	1	1596	1478	360,360
1526402496.962621063	74	40	48	1	2	0	2	-54	87788	8	1	1596	1478	360,360
1526402496.974378829	74	40	48	1	2	0	2	-55	87789	8	1	1596	1478	360,360
1526402496.986167381	74	40	48	1	2	0	2	-55	87790	8	1	1596	1478	360,360
1526402496.997940919	74	40	48	1	2	0	2	-55	87791	8	1	1596	1478	360,360
1526402497.009672534	74	40	48	1	2	0	2	-55	87792	8	1	1596	1478	360,360
1526402497.021425205	74	40	48	1	2	0	2	-55	87793	8	1	1596	1478	360,360
1526402497.033186814	74	40	48	1	2	0	2	-55	87794	8	1	1596	1478	360,360
1526402497.044948438	74	40	48	1	2	0	2	-55	87795	8	1	1596	1478	360,360
1526402497.056741788	74	40	48	1	2	0	2	-55	87796	8	1	1596	1478	360,360
1526402497.068368689	74	40	48	1	2	0	2	-55	87797	8	1	1596	1478	360,360
1526402497.080217001	74	40	48	1	2	0	2	-55	87798	8	1	1596	1478	360,360
1526402497.091996655	74	40	48	0	2	0	2	-55	87799	9	1	1596	1478	360,360
1526402497.103751267	74	40	48	1	2	0	2	-55	87800	8	1	1596	1478	360,360
1526402497.115434593	74	40	48	1	2	0	2	-55	87801	8	1	1596	1478	360,360
1526402497.127272362	74	40	48	1	2	0	2	-55	87802	8	1	1596	1478	360,360
1526402497.139020929	74	40	48	1	2	0	2	-55	87803	8	1	1596	1478	360,360
1526402497.150798429	74	40	48	0	2	0	2	-55	87804	9	1	1596	1478	360,360
1526402497.162562514	74	40	48	1	2	0	2	-55	87805	8	1	1596	1478	360,360
1526402497.174644438	74	40	48	1	2	0	2	-55	87806	8	1	1596	1478	360,360
1526402497.186173361	74	40	48	1	2	0	2	-55	87807	8	1	1596	1478	360,360
1526402497.197699718	74	40	48	1	2	0	2	-55	87808	8	1	1596	1478	360,360
1526402497.209743184	74	40	48	0	2	0	2	-55	87809	9	1	1596	1478	360,360
1526402497.221267225	74	40	48	1	2	0	2	-55	87810	8	1	1596	1478	360,360
1526402497.233284405	74	40	48	1	2	0	2	-55	87811	8	1	1596	1478	360,360
1526402497.244696949	74	40	48	1	2	0	2	-55	87812	8	1	1596	1478	360,360
1526402497.256532204	74	40	48	1	2	0	2	-55	87813	8	1	1596	1478	360,360
1526402497.268312918	74	40	48	0	2	0	2	-54	87814	9	1	1596	1478	360,360
1526402497.280242219	74	40	48	1	2	0	2	-55	87815	8	1	1596	1478	360,360
1526402497.291838697	74	40	48	1	2	0	2	-55	87816	8	1	1596	1478	360,360
1526402497.304126596	74	40	48	1	2	0	2	-55	87817	8	1	1596	1478	360,360
1526402497.315373619	74	40	48	1	2	0	2	-55	87818	8	1	1596	1478	360,360
1526402497.327382409	74	40	48	0	2	0	2	-55	87819	9	1	1596	1478	360,360
1526402497.339202267	70	40	48	1	2	0	2	-55	87820	9	1	1596	1478	400,400
1526402497.351044649	70	40	48	1	2	0	2	-55	87821	9	1	1596	1478	400,400
1526402497.362357938	70	40	48	1	2	0	2	-55	87822	9	1	1596	1478	400,400
1526402497.374310114	70	40	48	1	2	0	2	-55	87823	9	1	1596	1478	400,400
1526402497.386468543	70	40	48	1	2	0	2	-55	87825	9	1	1596	1478	400,400
1526402497.397797166	70	40	48	1	2	0	2	-55	87826	9	1	1596	1478	400,400
1526402497.409454988	70	40	48	1	2	0	2	-55	87827	9	1	1596	1478	400,400
1526402497.421370233	70	40	48	1	2	0	2	-55	87828	9	1	1596	1478	400,400
1526402497.433029192	70	40	48	1	2	0	2	-55	87829	9	1	1596	1478	400,400
1526402497.444920436	70	40	48	1	2	0	2	-55	87830	9	1	1596	1478	400,400
1526402497.456619186	70	40	48	1	2	0	2	-55	87831	9	1	1596	1478	400,400
1526402497.468822982	70	40	48	1	2	0	2	-55	87832	9	1	1596	1478	400,400
1526402497.480076052	70	40	48	1	2	0	2	-55	87833	9	1	1596	1478	400,400
1526402497.491839447	70	40	48	1	2	0	2	-55	87834	9	1	1596	1478	400,400
1526402497.503617834	70	40	48	1	2	0	2	-55	87835	9	1	1596	1478	400,400
1526402497.515378481	70	40	48	1	2	0	2	-55	87836	9	1	1596	1478	400,400
1526402497.527138350	70	40	48	1	2	0	2	-55	87837	9	1	1596	1478	400,400
1526402497.538989974	70	40	48	1	2	0	2	-55	87838	9	1	1596	1478	400,400
1526402497.550754452	70	40	48	1	2	0	2	-55	87839	9	1	1596	1478	400,400
1526402497.562431536	70	40	48	1	2	0	2	-55	87840	9	1	1596	1478	400,400
1526402497.574200267	70	40	48	1	2	0	2	-55	87841	9	1	1596	1478	400,400
1526402497.585945541	70	40	48	1	2	0	2	-55	87842	9	1	1596	1478	400,400
1526402497.597817320	70	40	48	1	2	0	2	-55	87843	9	1	1596	1478	400,400
1526402497.609529303	70	40	48	1	2	0	2	-55	87844	9	1	1596	1478	400,400
1526402497.621320987	70	40	48	1	2	0	2	-55	87845	9	1	1596	1478	400,400
1526402497.632975496	70	40	48	1	2	0	2	-55	87846	9	1	1596	1478	400,400
1526402497.644622732	70	40	48	1	2	0	2	-55	87847	9	1	1596	1478	400,400
1526402497.656595587	70	40	48	1	2	0	2	-55	87848	9	1	1596	1478	400,400
1526402497.668377664	70	40	48	1	2	0	2	-55	87849	9	1	1596	1478	400,400
1526402497.680115859	70	40	48	1	2	0	2	-55	87850	9	1	1596	1478	400,400
1526402497.691883420	70	40	48	1	2	0	2	-55	87851	9	1	1596	1478	400,400
1526402497.703640928	70	40	48	1	2	0	2	-55	87852	9	1	1596	1478	400,400
1526402497.715419876	70	40	48	1	2	0	2	-55	87853	9	1	1596	1478	400,400
1526402497.727163264	70	40	48	1	2	0	2	-55	87854	9	1	1596	1478	400,400
1526402497.738832991	70	40	48	1	2	0	2	-55	87855	9	1	1596	1478	400,400
1526402497.750571190	70	40	48	1	2	0	2	-55	87856	9	1	1596	1478	400,400
1526402497.762326317	70	40	48	1	2	0	2	-55	87857	9	1	1596	1478	400,400
1526402497.774085086	70	40	48	1	2	0	2	-55	87858	9	1	1596	1478	400,400
1526402497.785830945	70	40	48	1	2	0	2	-55	87859	9	1	1596	1478	400,400
1526402497.797588771	70	40	48	1	2	0	2	-54	87860	9	1	1596	1478	400,400
1526402497.809568832	70	40	48	1	2	0	2	-55	87861	9	1	1596	1478	400,400
1526402497.821220578	70	40	48	1	2	0	2	-55	87862	9	1	1596	1478	400,400
1526402497.833284754	70	40	48	1	2	0	2	-55	87864	9	1	1596	1478	400,400
1526402497.844764315	70	40	48	1	2	0	2	-55	87865	9	1	1596	1478	400,400
1526402497.856529161	70	40	48	1	2	0	2	-55	87866	9	1	1596	1478	400,400
1526402497.868294783	70	40	48	1	2	0	2	-55	87867	9	1	1596	1478	400,400
1526402497.880023324	70	40	48	1	2	0	2	-55	87868	9	1	1596	1478	400,400
1526402497.891807437	70	40	48	1	2	0	2	-55	87869	9	1	1596	1478	400,400
1526402497.903568086	70	40	48	1	2	0	2	-55	87870	9	1	1596	1478	400,400
1526402497.915281006	70	40	48	1	2	0	2	-55	87871	9	1	1596	1478	400,400
1526402497.927002287	70	40	48	1	2	0	2	-55	87872	9	1	1596	1478	400,400
1526402497.938779264	70	40	48	1	2	0	2	-55	87873	9	1	1596	1478	400,400
1526402497.950484626	70	40	48	1	2	0	2	-55	87874	9	1	1596	1478	400,400
1526402497.962355266	70	40	48	1	2	0	2	-55	87875	9	1	1596	1478	400,400
1526402497.974351152	70	40	48	1	2	0	2	-55	87877	9	1	1596	1478	400,400
1526402497.985852921	70	40	48	1	2	0	2	-55	87878	9	1	1596	1478	400,400
1526402497.997880443	70	40	48	1	2	0	2	-55	87880	9	1	1596	1478	400,400
1526402498.010293912	70	40	48	1	2	0	2	-55	87884	9	1	1596	1478	400,400
1526402498.021433830	70	40	48	1	2	0	2	-55	87885	9	1	1596	1478	400,400
1526402498.033549938	70	40	48	1	2	0	2	-55	87888	9	1	1596	1478	400,400
1526402498.044987742	70	40	48	1	2	0	2	-55	87890	9	1	1596	1478	400,400
1526402498.057136096	70	40	48	1	2	0	2	-55	87893	9	1	1596	1478	400,400
1526402498.068188466	70	40	48	1	2	0	2	-55	87894	9	1	1596	1478	400,400
1526402498.080700601	70	40	48	1	2	0	2	-55	87896	9	1	1596	1478	400,400
1526402498.091768691	70	40	48	1	2	0	2	-55	87897	9	1	1596	1478	400,400
1526402498.104090084	70	40	48	1	2	0	2	-55	87900	9	1	1596	1478	400,400
1526402498.115239747	70	40	48	1	2	0	2	-55	87901	9	1	1596	1478	400,400
1526402498.126987810	70	40	48	1	2	0	2	-55	87902	9	1	1596	1478	400,400
1526402498.139161863	70	40	48	1	2	0	2	-55	87904	9	1	1596	1478	400,400
1526402498.150525385	70	40	48	1	2	0	2	-55	87905	9	1	1596	1478	400,400
1526402498.162266297	70	40	48	1	2	0	2	-55	87906	9	1	1596	1478	400,400
1526402498.174028781	70	40	48	1	2	0	2	-55	87907	9	1	1596	1478	400,400
1526402498.186504243	70	40	48	1	2	0	2	-55	87908	9	1	1596	1478	400,400
1526402498.197579917	70	40	48	1	2	0	2	-55	87909	9	1	1596	1478	400,400
1526402498.209961940	70	40	48	1	2	0	2	-55	87911	9	1	1596	1478	400,400
1526402498.221583620	70	40	48	1	2	0	2	-55	87913	9	1	1596	1478	400,400
1526402498.234182903	74	40	48	1	2	0	2	-55	87917	8	1	1596	1478	360,360
1526402498.244609496	74	40	48	1	2	0	2	-55	87918	8	1	1596	1478	360,360
1526402498.256354035	74	40	48	1	2	0	2	-55	87919	8	1	1596	1478	360,360
1526402498.268697339	74	40	48	1	2	0	2	-55	87920	8	1	1596	1478	360,360
1526402498.279895291	74	40	48	1	2	0	2	-55	87921	8	1	1596	1478	360,360
1526402498.291594420	74	40	48	1	2	0	2	-55	87922	8	1	1596	1478	360,360
1526402498.303416669	74	40	48	1	2	0	2	-55	87923	8	1	1596	1478	360,360
1526402498.315159140	74	40	48	1	2	0	2	-55	87924	8	1	1596	1478	360,360
1526402498.327242785	74	40	48	1	2	0	2	-55	87926	8	1	1596	1478	360,360
1526402498.338675628	74	40	48	1	2	0	2	-55	87927	8	1	1596	1478	360,360
1526402498.350447366	74	40	48	1	2	0	2	-55	87928	8	1	1596	1478	360,360
1526402498.362212495	74	40	48	1	2	0	2	-55	87929	8	1	1596	1478	360,360
1526402498.373882326	74	40	48	1	2	0	2	-55	87930	8	1	1596	1478	360,360
1526402498.385573543	74	40	48	1	2	0	2	-55	87931	8	1	1596	1478	360,360
1526402498.397392377	74	40	48	1	2	0	2	-55	87932	8	1	1596	1478	360,360
1526402498.409612295	74	40	48	1	2	0	2	-55	87934	8	1	1596	1478	360,360
1526402498.420896515	74	40	48	1	2	0	2	-55	87935	8	1	1596	1478	360,360
1526402498.432633594	74	40	48	1	2	0	2	-55	87936	8	1	1596	1478	360,360
1526402498.444497813	74	40	48	1	2	0	2	-55	87937	8	1	1596	1478	360,360
1526402498.456232343	74	40	48	1	2	0	2	-55	87938	8	1	1596	1478	360,360
1526402498.469252238	74	40	48	1	2	0	2	-55	87939	8	1	1596	1478	360,360
1526402498.479753256	74	40	48	1	2	0	2	-55	87940	8	1	1596	1478	360,360
1526402498.491614785	74	40	48	0	2	0	2	-55	87941	9	1	1596	1478	360,360
1526402498.503365417	74	40	48	1	2	0	2	-55	87942	8	1	1596	1478	360,360
1526402498.515147993	74	40	48	1	2	0	2	-55	87943	8	1	1596	1478	360,360
1526402498.526888440	74	40	48	1	2	0	2	-55	87944	8	1	1596	1478	360,360
1526402498.538664379	74	40	48	1	2	0	2	-55	87945	8	1	1596	1478	360,360
1526402498.550779536	74	40	48	1	2	0	2	-55	87947	8	1	1596	1478	360,360
1526402498.562186860	74	40	48	1	2	0	2	-55	87948	8	1	1596	1478	360,360
1526402498.573940781	74	40	48	1	2	0	2	-55	87949	8	1	1596	1478	360,360
1526402498.585692781	74	40	48	1	2	0	2	-55	87950	8	1	1596	1478	360,360
1526402498.597456911	74	40	48	1	2	0	2	-55	87951	8	1	1596	1478	360,360
1526402498.609114930	74	40	48	1	2	0	2	-55	87952	8	1	1596	1478	360,360
1526402498.620752853	74	40	48	1	2	0	2	-55	87953	8	1	1596	1478	360,360
1526402498.632622074	74	40	48	1	2	0	2	-55	87954	8	1	1596	1478	360,360
1526402498.644336794	74	40	48	1	2	0	2	-55	87955	8	1	1596	1478	360,360
1526402498.656097956	74	40	48	1	2	0	2	-54	87956	8	1	1596	1478	360,360
1526402498.668154661	74	40	48	1	2	0	2	-54	87957	8	1	1596	1478	360,360
1526402498.679610110	74	40	48	1	2	0	2	-54	87958	8	1	1596	1478	360,360
1526402498.691493143	74	40	48	1	2	0	2	-54	87959	8	1	1596	1478	360,360
1526402498.703237921	74	40	48	1	2	0	2	-54	87960	8	1	1596	1478	360,360
1526402498.714903175	74	40	48	0	2	0	2	-54	87961	9	1	1596	1478	360,360
1526402498.726682350	74	40	48	1	2	0	2	-54	87962	8	1	1596	1478	360,360
1526402498.738468996	74	40	48	1	2	0	2	-54	87963	8	1	1596	1478	360,360
1526402498.750283178	74	40	48	1	2	0	2	-54	87964	8	1	1596	1478	360,360
1526402498.761953842	74	40	48	1	2	0	2	-54	87965	8	1	1596	1478	360,360
1526402498.773792693	74	40	48	0	2	0	2	-54	87966	9	1	1596	1478	360,360
1526402498.785502403	74	40	48	1	2	0	2	-54	87967	8	1	1596	1478	360,360
1526402498.797348975	74	40	48	1	2	0	2	-54	87968	8	1	1596	1478	360,360
1526402498.809125751	74	40	48	1	2	0	2	-54	87969	8	1	1596	1478	360,360
1526402498.820849528	74	40	48	1	2	0	2	-54	87970	8	1	1596	1478	360,360
