1539876176.598830132	110	40	48	1	2	0	2	-48	99041	8	0	1596	1478	173,333,173,333
1539876176.610820324	110	40	48	1	2	0	2	-48	99042	8	0	1596	1478	173,333,173,333
1539876176.622473942	110	40	48	1	2	0	2	-48	99043	8	0	1596	1478	173,333,173,333
1539876176.634214064	110	40	48	1	2	0	2	-48	99044	8	0	1596	1478	173,333,173,333
1539876176.646097710	110	40	48	1	2	0	2	-48	99045	8	0	1596	1478	173,333,173,333
1539876176.657848769	110	40	48	1	2	0	2	-48	99046	8	0	1596	1478	173,333,173,333
1539876176.669633478	110	40	48	1	2	0	2	-48	99047	8	0	1596	1478	173,333,173,333
1539876176.681370224	110	40	48	1	2	0	2	-48	99048	8	0	1596	1478	173,333,173,333
1539876176.693143375	110	40	48	1	2	0	2	-48	99049	8	0	1596	1478	173,333,173,333
1539876176.704924225	110	40	48	1	2	0	2	-48	99050	8	0	1596	1478	173,333,173,333
1539876176.716694712	110	40	48	1	2	0	2	-48	99051	8	0	1596	1478	173,333,173,333
1539876176.728457341	110	40	48	1	2	0	2	-48	99052	8	0	1596	1478	173,333,173,333
1539876176.740181412	110	40	48	1	2	0	2	-48	99053	8	0	1596	1478	173,333,173,333
1539876176.751995643	110	40	48	1	2	0	2	-48	99054	8	0	1596	1478	173,333,173,333
1539876176.763689460	110	40	48	1	2	0	2	-48	99055	8	0	1596	1478	173,333,173,333
1539876176.775462296	110	40	48	1	2	0	2	-48	99056	8	0	1596	1478	173,333,173,333
1539876176.787215097	110	40	48	1	2	0	2	-48	99057	8	0	1596	1478	173,333,173,333
1539876176.799004825	110	40	48	1	2	0	2	-48	99058	8	0	1596	1478	173,333,173,333
1539876176.810778221	110	40	48	1	2	0	2	-48	99059	8	0	1596	1478	173,333,173,333
1539876176.822550588	110	40	48	1	2	0	2	-48	99060	8	0	1596	1478	173,333,173,333
1539876176.834302798	110	40	48	1	2	0	2	-48	99061	8	0	1596	1478	173,333,173,333
1539876176.846006288	110	40	48	1	2	0	2	-48	99062	8	0	1596	1478	173,333,173,333
1539876176.857790102	110	40	48	1	2	0	2	-48	99063	8	0	1596	1478	173,333,173,333
1539876176.869561667	110	40	48	1	2	0	2	-48	99064	8	0	1596	1478	173,333,173,333
1539876176.881332200	110	40	48	1	2	0	2	-48	99065	8	0	1596	1478	173,333,173,333
1539876176.893083061	110	40	48	1	2	0	2	-48	99066	8	0	1596	1478	173,333,173,333
1539876176.904846837	110	40	48	1	2	0	2	-48	99067	8	0	1596	1478	173,333,173,333
1539876176.916445678	110	40	48	1	2	0	2	-48	99068	8	0	1596	1478	173,333,173,333
1539876176.928704203	110	40	48	1	2	0	2	-48	99069	8	0	1596	1478	173,333,173,333
1539876176.940120306	110	40	48	1	2	0	2	-48	99070	8	0	1596	1478	173,333,173,333
1539876176.951878962	110	40	48	1	2	0	2	-48	99071	8	0	1596	1478	173,333,173,333
1539876176.963642668	110	40	48	1	2	0	2	-48	99072	8	0	1596	1478	173,333,173,333
1539876176.975439178	110	40	48	1	2	0	2	-48	99073	8	0	1596	1478	173,333,173,333
1539876176.987225158	110	40	48	1	2	0	2	-48	99074	8	0	1596	1478	173,333,173,333
1539876176.998869656	110	40	48	1	2	0	2	-48	99075	8	0	1596	1478	173,333,173,333
1539876177.010661931	110	40	48	1	2	0	2	-48	99076	8	0	1596	1478	173,333,173,333
1539876177.022438780	110	40	48	1	2	0	2	-48	99077	8	0	1596	1478	173,333,173,333
1539876177.034203215	110	40	48	1	2	0	2	-48	99078	8	0	1596	1478	173,333,173,333
1539876177.045975047	110	40	48	1	2	0	2	-48	99079	8	0	1596	1478	173,333,173,333
1539876177.057747855	110	40	48	1	2	0	2	-48	99080	8	0	1596	1478	173,333,173,333
1539876177.069535033	110	40	48	1	2	0	2	-48	99081	8	0	1596	1478	173,333,173,333
1539876177.081111172	110	40	48	1	2	0	2	-48	99082	8	0	1596	1478	173,333,173,333
1539876177.092964069	110	40	48	1	2	0	2	-48	99083	8	0	1596	1478	173,333,173,333
1539876177.104740790	110	40	48	1	2	0	2	-48	99084	8	0	1596	1478	173,333,173,333
1539876177.116533591	110	40	48	1	2	0	2	-48	99085	8	0	1596	1478	173,333,173,333
1539876177.128305550	110	40	48	1	2	0	2	-48	99086	8	0	1596	1478	173,333,173,333
1539876177.140019359	110	40	48	1	2	0	2	-48	99087	8	0	1596	1478	173,333,173,333
1539876177.151834733	110	40	48	1	2	0	2	-48	99088	8	0	1596	1478	173,333,173,333
1539876177.163526870	110	40	48	1	2	0	2	-48	99089	8	0	1596	1478	173,333,173,333
1539876177.175303933	110	40	48	1	2	0	2	-48	99090	8	0	1596	1478	173,333,173,333
1539876177.187090137	110	40	48	1	2	0	2	-48	99091	8	0	1596	1478	173,333,173,333
1539876177.198702428	110	40	48	1	2	0	2	-48	99092	8	0	1596	1478	173,333,173,333
1539876177.210566374	110	40	48	1	2	0	2	-48	99093	8	0	1596	1478	173,333,173,333
1539876177.222315271	110	40	48	1	2	0	2	-48	99094	8	0	1596	1478	173,333,173,333
1539876177.233946292	110	40	48	1	2	0	2	-48	99095	8	0	1596	1478	173,333,173,333
1539876177.245832669	110	40	48	1	2	0	2	-48	99096	8	0	1596	1478	173,333,173,333
1539876177.257617043	110	40	48	1	2	0	2	-48	99097	8	0	1596	1478	173,333,173,333
1539876177.269371350	110	40	48	1	2	0	2	-48	99098	8	0	1596	1478	173,333,173,333
1539876177.281188199	110	40	48	1	2	0	2	-48	99099	8	0	1596	1478	173,333,173,333
1539876177.292918760	110	40	48	1	2	0	2	-48	99100	8	0	1596	1478	173,333,173,333
1539876177.304692240	110	40	48	1	2	0	2	-49	99101	8	0	1596	1478	173,333,173,333
1539876177.316384074	110	40	48	1	2	0	2	-48	99102	8	0	1596	1478	173,333,173,333
1539876177.328080479	110	40	48	1	2	0	2	-49	99103	8	0	1596	1478	173,333,173,333
1539876177.339812255	110	40	48	1	2	0	2	-48	99104	8	0	1596	1478	173,333,173,333
1539876177.351552602	110	40	48	1	2	0	2	-48	99105	8	0	1596	1478	173,333,173,333
1539876177.363333926	110	40	48	1	2	0	2	-48	99106	8	0	1596	1478	173,333,173,333
1539876177.375084724	110	40	48	1	2	0	2	-48	99107	8	0	1596	1478	173,333,173,333
1539876177.386854706	110	40	48	1	2	0	2	-48	99108	8	0	1596	1478	173,333,173,333
1539876177.398603928	110	40	48	1	2	0	2	-48	99109	8	0	1596	1478	173,333,173,333
1539876177.410365425	110	40	48	1	2	0	2	-48	99110	8	0	1596	1478	173,333,173,333
1539876177.422126152	110	40	48	1	2	0	2	-48	99111	8	0	1596	1478	173,333,173,333
1539876177.433883338	110	40	48	1	2	0	2	-47	99112	8	0	1596	1478	173,333,173,333
1539876177.445589567	110	40	48	1	2	0	2	-47	99113	8	0	1596	1478	173,333,173,333
1539876177.457348670	110	40	48	1	2	0	2	-47	99114	8	0	1596	1478	173,333,173,333
1539876177.469119932	110	40	48	1	2	0	2	-47	99115	8	0	1596	1478	173,333,173,333
1539876177.480920764	110	40	48	1	2	0	2	-47	99116	8	0	1596	1478	173,333,173,333
1539876177.492682418	110	40	48	1	2	0	2	-47	99117	8	0	1596	1478	173,333,173,333
1539876177.504438694	110	40	48	1	2	0	2	-48	99118	8	0	1596	1478	173,333,173,333
1539876177.516207949	110	40	48	1	2	0	2	-47	99119	8	0	1596	1478	173,333,173,333
1539876177.527973143	110	40	48	1	2	0	2	-47	99120	8	0	1596	1478	173,333,173,333
1539876177.539702839	110	40	48	1	2	0	2	-48	99121	8	0	1596	1478	173,333,173,333
1539876177.551480112	110	40	48	1	2	0	2	-47	99122	8	0	1596	1478	173,333,173,333
1539876177.563242832	110	40	48	1	2	0	2	-47	99123	8	0	1596	1478	173,333,173,333
1539876177.575014805	110	40	48	1	2	0	2	-48	99124	8	0	1596	1478	173,333,173,333
1539876177.586739797	110	40	48	1	2	0	2	-48	99125	8	0	1596	1478	173,333,173,333
1539876177.598528510	110	40	48	1	2	0	2	-48	99126	8	0	1596	1478	173,333,173,333
1539876177.610281177	110	40	48	1	2	0	2	-48	99127	8	0	1596	1478	173,333,173,333
1539876177.621987932	110	40	48	1	2	0	2	-49	99128	8	0	1596	1478	173,333,173,333
1539876177.633877707	110	40	48	1	2	0	2	-49	99129	8	0	1596	1478	173,333,173,333
1539876177.645668997	110	40	48	1	2	0	2	-49	99130	8	0	1596	1478	173,333,173,333
1539876177.657510307	110	40	48	1	2	0	2	-49	99131	8	0	1596	1478	173,333,173,333
1539876177.669256637	110	40	48	1	2	0	2	-49	99132	8	0	1596	1478	173,333,173,333
1539876177.681046356	110	40	48	1	2	0	2	-49	99133	8	0	1596	1478	173,333,173,333
1539876177.692722536	110	40	48	1	2	0	2	-49	99134	8	0	1596	1478	173,333,173,333
1539876177.704509522	110	40	48	1	2	0	2	-49	99135	8	0	1596	1478	173,333,173,333
1539876177.716267044	110	40	48	1	2	0	2	-48	99136	8	0	1596	1478	173,333,173,333
1539876177.728063391	110	40	48	1	2	0	2	-48	99137	8	0	1596	1478	173,333,173,333
1539876177.739837956	110	40	48	1	2	0	2	-48	99138	8	0	1596	1478	173,333,173,333
1539876177.751591521	110	40	48	1	2	0	2	-48	99139	8	0	1596	1478	173,333,173,333
1539876177.763239644	110	40	48	1	2	0	2	-48	99140	8	0	1596	1478	173,333,173,333
1539876177.775009470	110	40	48	1	2	0	2	-48	99141	8	0	1596	1478	173,333,173,333
1539876177.786786889	110	40	48	1	2	0	2	-48	99142	8	0	1596	1478	173,333,173,333
1539876177.798422417	110	40	48	1	2	0	2	-48	99143	8	0	1596	1478	173,333,173,333
1539876177.810164682	110	40	48	1	2	0	2	-47	99144	8	0	1596	1478	173,333,173,333
1539876177.822080128	110	40	48	1	2	0	2	-47	99145	8	0	1596	1478	173,333,173,333
1539876177.833828777	110	40	48	1	2	0	2	-47	99146	8	0	1596	1478	173,333,173,333
1539876177.845587620	110	40	48	1	2	0	2	-47	99147	8	0	1596	1478	173,333,173,333
1539876177.857378345	110	40	48	1	2	0	2	-47	99148	8	0	1596	1478	173,333,173,333
1539876177.869125496	110	40	48	1	2	0	2	-48	99149	8	0	1596	1478	173,333,173,333
1539876177.880877905	110	40	48	1	2	0	2	-47	99150	8	0	1596	1478	173,333,173,333
1539876177.892649149	110	40	48	1	2	0	2	-47	99151	8	0	1596	1478	173,333,173,333
1539876177.904460568	110	40	48	1	2	0	2	-48	99152	8	0	1596	1478	173,333,173,333
1539876177.916227137	110	40	48	1	2	0	2	-48	99153	8	0	1596	1478	173,333,173,333
1539876177.927908632	110	40	48	1	2	0	2	-48	99154	8	0	1596	1478	173,333,173,333
1539876177.939697494	110	40	48	1	2	0	2	-48	99155	8	0	1596	1478	173,333,173,333
1539876177.951483190	110	40	48	1	2	0	2	-47	99156	8	0	1596	1478	173,333,173,333
1539876177.963257351	110	40	48	1	2	0	2	-47	99157	8	0	1596	1478	173,333,173,333
1539876177.975023129	110	40	48	1	2	0	2	-47	99158	8	0	1596	1478	173,333,173,333
1539876177.986720205	110	40	48	1	2	0	2	-46	99159	8	0	1596	1478	173,333,173,333
1539876177.998561077	110	40	48	1	2	0	2	-46	99160	8	0	1596	1478	173,333,173,333
1539876178.010240004	110	40	48	1	2	0	2	-45	99161	8	0	1596	1478	173,333,173,333
1539876178.022023297	110	40	48	1	2	0	2	-45	99162	8	0	1596	1478	173,333,173,333
1539876178.033801123	110	40	48	1	2	0	2	-45	99163	8	0	1596	1478	173,333,173,333
1539876178.045557758	110	40	48	1	2	0	2	-45	99164	8	0	1596	1478	173,333,173,333
1539876178.057347397	110	40	48	1	2	0	2	-45	99165	8	0	1596	1478	173,333,173,333
1539876178.069103634	110	40	48	1	2	0	2	-45	99166	8	0	1596	1478	173,333,173,333
1539876178.080871520	110	40	48	1	2	0	2	-45	99167	8	0	1596	1478	173,333,173,333
1539876178.092540474	110	40	48	1	2	0	2	-45	99168	8	0	1596	1478	173,333,173,333
1539876178.104318487	110	40	48	1	2	0	2	-46	99169	8	0	1596	1478	173,333,173,333
1539876178.116078367	110	40	48	1	2	0	2	-46	99170	8	0	1596	1478	173,333,173,333
1539876178.127888209	110	40	48	1	2	0	2	-46	99171	8	0	1596	1478	173,333,173,333
1539876178.139659700	110	40	48	1	2	0	2	-46	99172	8	0	1596	1478	173,333,173,333
1539876178.151430867	110	40	48	1	2	0	2	-46	99173	8	0	1596	1478	173,333,173,333
1539876178.163049275	110	40	48	1	2	0	2	-46	99174	8	0	1596	1478	173,333,173,333
1539876178.174840900	110	40	48	1	2	0	2	-47	99175	8	0	1596	1478	173,333,173,333
1539876178.186614351	110	40	48	1	2	0	2	-46	99176	8	0	1596	1478	173,333,173,333
1539876178.198444585	110	40	48	1	2	0	2	-46	99177	8	0	1596	1478	173,333,173,333
1539876178.210224595	110	40	48	1	2	0	2	-46	99178	8	0	1596	1478	173,333,173,333
1539876178.221971643	110	40	48	1	2	0	2	-46	99179	8	0	1596	1478	173,333,173,333
1539876178.233722390	110	40	48	1	2	0	2	-46	99180	8	0	1596	1478	173,333,173,333
1539876178.245424579	110	40	48	1	2	0	2	-46	99181	8	0	1596	1478	173,333,173,333
1539876178.257219043	110	40	48	1	2	0	2	-47	99182	8	0	1596	1478	173,333,173,333
1539876178.268994608	110	40	48	1	2	0	2	-47	99183	8	0	1596	1478	173,333,173,333
1539876178.280737801	110	40	48	1	2	0	2	-46	99184	8	0	1596	1478	173,333,173,333
1539876178.292509632	110	40	48	1	2	0	2	-46	99185	8	0	1596	1478	173,333,173,333
1539876178.304146317	110	40	48	1	2	0	2	-46	99186	8	0	1596	1478	173,333,173,333
1539876178.315893476	110	40	48	1	2	0	2	-46	99187	8	0	1596	1478	173,333,173,333
1539876178.327629414	110	40	48	1	2	0	2	-46	99188	8	0	1596	1478	173,333,173,333
1539876178.339401903	110	40	48	1	2	0	2	-45	99189	8	0	1596	1478	173,333,173,333
1539876178.351124813	110	40	48	1	2	0	2	-45	99190	8	0	1596	1478	173,333,173,333
1539876178.362877110	110	40	48	1	2	0	2	-45	99191	8	0	1596	1478	173,333,173,333
1539876178.374682118	110	40	48	1	2	0	2	-45	99192	8	0	1596	1478	173,333,173,333
1539876178.386454332	110	40	48	1	2	0	2	-45	99193	8	0	1596	1478	173,333,173,333
1539876178.398210406	110	40	48	1	2	0	2	-45	99194	8	0	1596	1478	173,333,173,333
1539876178.410076329	110	40	48	1	2	0	2	-45	99195	8	0	1596	1478	173,333,173,333
1539876178.421864364	110	40	48	1	2	0	2	-46	99196	8	0	1596	1478	173,333,173,333
1539876178.433603997	110	40	48	1	2	0	2	-46	99197	8	0	1596	1478	173,333,173,333
1539876178.445371931	110	40	48	1	2	0	2	-46	99198	8	0	1596	1478	173,333,173,333
1539876178.457186234	110	40	48	1	2	0	2	-46	99199	8	0	1596	1478	173,333,173,333
1539876178.468802553	110	40	48	1	2	0	2	-45	99200	8	0	1596	1478	173,333,173,333
1539876178.480644887	110	40	48	1	2	0	2	-45	99201	8	0	1596	1478	173,333,173,333
1539876178.492426219	110	40	48	1	2	0	2	-45	99202	8	0	1596	1478	173,333,173,333
1539876178.504208232	110	40	48	1	2	0	2	-44	99203	8	0	1596	1478	173,333,173,333
1539876178.515974653	110	40	48	1	2	0	2	-45	99204	8	0	1596	1478	173,333,173,333
1539876178.527698259	110	40	48	1	2	0	2	-45	99205	8	0	1596	1478	173,333,173,333
1539876178.539451977	110	40	48	1	2	0	2	-45	99206	8	0	1596	1478	173,333,173,333
1539876178.551187506	110	40	48	1	2	0	2	-45	99207	8	0	1596	1478	173,333,173,333
1539876178.562882455	110	40	48	1	2	0	2	-45	99208	8	0	1596	1478	173,333,173,333
1539876178.574745864	110	40	48	1	2	0	2	-45	99209	8	0	1596	1478	173,333,173,333
1539876178.586482033	110	40	48	1	2	0	2	-45	99210	8	0	1596	1478	173,333,173,333
1539876178.598279881	110	40	48	1	2	0	2	-45	99211	8	0	1596	1478	173,333,173,333
1539876178.610059054	110	40	48	1	2	0	2	-45	99212	8	0	1596	1478	173,333,173,333
1539876178.621831527	110	40	48	1	2	0	2	-45	99213	8	0	1596	1478	173,333,173,333
1539876178.633529974	110	40	48	1	2	0	2	-45	99214	8	0	1596	1478	173,333,173,333
1539876178.645274322	110	40	48	1	2	0	2	-46	99215	8	0	1596	1478	173,333,173,333
1539876178.657081255	110	40	48	1	2	0	2	-45	99216	8	0	1596	1478	173,333,173,333
1539876178.669465893	110	40	48	1	2	0	2	-45	99217	8	0	1596	1478	173,333,173,333
1539876178.680611504	110	40	48	1	2	0	2	-45	99218	8	0	1596	1478	173,333,173,333
1539876178.692403956	110	40	48	1	2	0	2	-44	99219	8	0	1596	1478	173,333,173,333
1539876178.704092535	110	40	48	1	2	0	2	-44	99220	8	0	1596	1478	173,333,173,333
1539876178.715791958	110	40	48	1	2	0	2	-44	99221	8	0	1596	1478	173,333,173,333
1539876178.727577341	110	40	48	1	2	0	2	-44	99222	8	0	1596	1478	173,333,173,333
1539876178.739404741	110	40	48	1	2	0	2	-44	99223	8	0	1596	1478	173,333,173,333
1539876178.751198399	110	40	48	1	2	0	2	-44	99224	8	0	1596	1478	173,333,173,333
1539876178.762941210	110	40	48	1	2	0	2	-44	99225	8	0	1596	1478	173,333,173,333
1539876178.774700774	110	40	48	1	2	0	2	-44	99226	8	0	1596	1478	173,333,173,333
1539876178.786333881	110	40	48	1	2	0	2	-44	99227	8	0	1596	1478	173,333,173,333
1539876178.798118238	110	40	48	1	2	0	2	-44	99228	8	0	1596	1478	173,333,173,333
1539876178.809980318	110	40	48	1	2	0	2	-44	99229	8	0	1596	1478	173,333,173,333
1539876178.821726069	110	40	48	1	2	0	2	-44	99230	8	0	1596	1478	173,333,173,333
1539876178.833494248	110	40	48	1	2	0	2	-44	99231	8	0	1596	1478	173,333,173,333
1539876178.845219197	110	40	48	1	2	0	2	-45	99232	8	0	1596	1478	173,333,173,333
1539876178.857026625	110	40	48	1	2	0	2	-44	99233	8	0	1596	1478	173,333,173,333
1539876178.868701059	110	40	48	1	2	0	2	-44	99234	8	0	1596	1478	173,333,173,333
1539876178.880476619	110	40	48	1	2	0	2	-45	99235	8	0	1596	1478	173,333,173,333
1539876178.892210751	110	40	48	1	2	0	2	-45	99236	8	0	1596	1478	173,333,173,333
1539876178.903989915	110	40	48	1	2	0	2	-44	99237	8	0	1596	1478	173,333,173,333
1539876178.915778640	110	40	48	1	2	0	2	-45	99238	8	0	1596	1478	173,333,173,333
1539876178.927584689	110	40	48	1	2	0	2	-45	99239	8	0	1596	1478	173,333,173,333
1539876178.939343866	110	40	48	1	2	0	2	-45	99240	8	0	1596	1478	173,333,173,333
1539876178.951046758	110	40	48	1	2	0	2	-45	99241	8	0	1596	1478	173,333,173,333
1539876178.962819526	110	40	48	1	2	0	2	-45	99242	8	0	1596	1478	173,333,173,333
1539876178.974618994	110	40	48	1	2	0	2	-45	99243	8	0	1596	1478	173,333,173,333
1539876178.986369797	110	40	48	1	2	0	2	-45	99244	8	0	1596	1478	173,333,173,333
1539876178.998100053	110	40	48	1	2	0	2	-45	99245	8	0	1596	1478	173,333,173,333
1539876179.009856022	110	40	48	1	2	0	2	-45	99246	8	0	1596	1478	173,333,173,333
1539876179.021516431	110	40	48	1	2	0	2	-45	99247	8	0	1596	1478	173,333,173,333
1539876179.033354947	110	40	48	1	2	0	2	-45	99248	8	0	1596	1478	173,333,173,333
1539876179.045124864	110	40	48	1	2	0	2	-45	99249	8	0	1596	1478	173,333,173,333
1539876179.056941483	110	40	48	1	2	0	2	-45	99250	8	0	1596	1478	173,333,173,333
1539876179.068700997	110	40	48	1	2	0	2	-45	99251	8	0	1596	1478	173,333,173,333
1539876179.080450414	110	40	48	1	2	0	2	-45	99252	8	0	1596	1478	173,333,173,333
1539876179.092208432	110	40	48	1	2	0	2	-45	99253	8	0	1596	1478	173,333,173,333
1539876179.103894017	110	40	48	1	2	0	2	-46	99254	8	0	1596	1478	173,333,173,333
1539876179.115702011	110	40	48	1	2	0	2	-45	99255	8	0	1596	1478	173,333,173,333
1539876179.127476300	110	40	48	1	2	0	2	-45	99256	8	0	1596	1478	173,333,173,333
1539876179.139251348	110	40	48	1	2	0	2	-45	99257	8	0	1596	1478	173,333,173,333
1539876179.150996032	110	40	48	1	2	0	2	-44	99258	8	0	1596	1478	173,333,173,333
1539876179.162756101	110	40	48	1	2	0	2	-45	99259	8	0	1596	1478	173,333,173,333
1539876179.174531079	110	40	48	1	2	0	2	-45	99260	8	0	1596	1478	173,333,173,333
1539876179.186213919	110	40	48	1	2	0	2	-44	99261	8	0	1596	1478	173,333,173,333
1539876179.197897043	110	40	48	1	2	0	2	-44	99262	8	0	1596	1478	173,333,173,333
1539876179.209779931	110	40	48	1	2	0	2	-44	99263	8	0	1596	1478	173,333,173,333
1539876179.221572194	110	40	48	1	2	0	2	-44	99264	8	0	1596	1478	173,333,173,333
1539876179.233286891	110	40	48	1	2	0	2	-45	99265	8	0	1596	1478	173,333,173,333
1539876179.245086337	110	40	48	1	2	0	2	-45	99266	8	0	1596	1478	173,333,173,333
1539876179.256850519	110	40	48	1	2	0	2	-45	99267	8	0	1596	1478	173,333,173,333
1539876179.268456347	110	40	48	1	2	0	2	-45	99268	8	0	1596	1478	173,333,173,333
1539876179.280217983	110	40	48	1	2	0	2	-45	99269	8	0	1596	1478	173,333,173,333
1539876179.291975658	110	40	48	1	2	0	2	-45	99270	8	0	1596	1478	173,333,173,333
1539876179.303709319	110	40	48	1	2	0	2	-44	99271	8	0	1596	1478	173,333,173,333
1539876179.315485516	110	40	48	1	2	0	2	-45	99272	8	0	1596	1478	173,333,173,333
1539876179.327244341	110	40	48	1	2	0	2	-45	99273	8	0	1596	1478	173,333,173,333
1539876179.339002807	110	40	48	1	2	0	2	-44	99274	8	0	1596	1478	173,333,173,333
1539876179.350765893	110	40	48	1	2	0	2	-44	99275	8	0	1596	1478	173,333,173,333
1539876179.362524578	110	40	48	1	2	0	2	-45	99276	8	0	1596	1478	173,333,173,333
1539876179.374280535	110	40	48	1	2	0	2	-45	99277	8	0	1596	1478	173,333,173,333
1539876179.386281850	110	40	48	1	2	0	2	-45	99278	8	0	1596	1478	173,333,173,333
1539876179.397783920	110	40	48	1	2	0	2	-45	99279	8	0	1596	1478	173,333,173,333
1539876179.409564596	110	40	48	1	2	0	2	-45	99280	8	0	1596	1478	173,333,173,333
1539876179.421317033	110	40	48	1	2	0	2	-45	99281	8	0	1596	1478	173,333,173,333
1539876179.433067334	110	40	48	1	2	0	2	-45	99282	8	0	1596	1478	173,333,173,333
1539876179.444826905	110	40	48	1	2	0	2	-45	99283	8	0	1596	1478	173,333,173,333
1539876179.456642062	110	40	48	1	2	0	2	-45	99284	8	0	1596	1478	173,333,173,333
1539876179.468366284	110	40	48	1	2	0	2	-45	99285	8	0	1596	1478	173,333,173,333
1539876179.480111939	110	40	48	1	2	0	2	-44	99286	8	0	1596	1478	173,333,173,333
1539876179.491884160	110	40	48	1	2	0	2	-44	99287	8	0	1596	1478	173,333,173,333
1539876179.503642963	110	40	48	1	2	0	2	-44	99288	8	0	1596	1478	173,333,173,333
1539876179.515409883	110	40	48	1	2	0	2	-44	99289	8	0	1596	1478	173,333,173,333
1539876179.527171986	110	40	48	1	2	0	2	-44	99290	8	0	1596	1478	173,333,173,333
1539876179.538925863	110	40	48	1	2	0	2	-44	99291	8	0	1596	1478	173,333,173,333
1539876179.550680985	110	40	48	1	2	0	2	-44	99292	8	0	1596	1478	173,333,173,333
1539876179.562446087	110	40	48	1	2	0	2	-44	99293	8	0	1596	1478	173,333,173,333
1539876179.574206274	110	40	48	1	2	0	2	-45	99294	8	0	1596	1478	173,333,173,333
1539876179.585963690	110	40	48	1	2	0	2	-44	99295	8	0	1596	1478	173,333,173,333
1539876179.597724463	110	40	48	1	2	0	2	-44	99296	8	0	1596	1478	173,333,173,333
1539876179.609576528	110	40	48	1	2	0	2	-45	99297	8	0	1596	1478	173,333,173,333
1539876179.621354345	110	40	48	1	2	0	2	-44	99298	8	0	1596	1478	173,333,173,333
1539876179.633085470	110	40	48	1	2	0	2	-44	99299	8	0	1596	1478	173,333,173,333
1539876179.644891129	110	40	48	1	2	0	2	-44	99300	8	0	1596	1478	173,333,173,333
1539876179.656679781	110	40	48	1	2	0	2	-44	99301	8	0	1596	1478	173,333,173,333
1539876179.668442398	110	40	48	1	2	0	2	-44	99302	8	0	1596	1478	173,333,173,333
1539876179.680200124	110	40	48	1	2	0	2	-44	99303	8	0	1596	1478	173,333,173,333
1539876179.692009927	110	40	48	1	2	0	2	-44	99304	8	0	1596	1478	173,333,173,333
1539876179.703727967	110	40	48	1	2	0	2	-44	99305	8	0	1596	1478	173,333,173,333
1539876179.715467751	110	40	48	1	2	0	2	-44	99306	8	0	1596	1478	173,333,173,333
1539876179.727241610	110	40	48	1	2	0	2	-44	99307	8	0	1596	1478	173,333,173,333
1539876179.739001154	110	40	48	1	2	0	2	-44	99308	8	0	1596	1478	173,333,173,333
1539876179.750722608	110	40	48	1	2	0	2	-44	99309	8	0	1596	1478	173,333,173,333
1539876179.762522908	110	40	48	1	2	0	2	-43	99310	8	0	1596	1478	173,333,173,333
1539876179.774296594	110	40	48	1	2	0	2	-44	99311	8	0	1596	1478	173,333,173,333
1539876179.785985132	110	40	48	1	2	0	2	-44	99312	8	0	1596	1478	173,333,173,333
1539876179.797755428	110	40	48	1	2	0	2	-43	99313	8	0	1596	1478	173,333,173,333
1539876179.809517365	110	40	48	1	2	0	2	-44	99314	8	0	1596	1478	173,333,173,333
1539876179.821260396	110	40	48	1	2	0	2	-43	99315	8	0	1596	1478	173,333,173,333
1539876179.833098650	110	40	48	1	2	0	2	-44	99316	8	0	1596	1478	173,333,173,333
1539876179.844853735	110	40	48	1	2	0	2	-45	99317	8	0	1596	1478	173,333,173,333
1539876179.856614907	110	40	48	1	2	0	2	-44	99318	8	0	1596	1478	173,333,173,333
1539876179.868311196	110	40	48	1	2	0	2	-44	99319	8	0	1596	1478	173,333,173,333
1539876179.880091485	110	40	48	1	2	0	2	-44	99320	8	0	1596	1478	173,333,173,333
1539876179.891820500	110	40	48	1	2	0	2	-44	99321	8	0	1596	1478	173,333,173,333
1539876179.903618768	110	40	48	1	2	0	2	-44	99322	8	0	1596	1478	173,333,173,333
1539876179.915425477	110	40	48	1	2	0	2	-44	99323	8	0	1596	1478	173,333,173,333
1539876179.927169228	110	40	48	1	2	0	2	-44	99324	8	0	1596	1478	173,333,173,333
1539876179.938973159	110	40	48	1	2	0	2	-44	99325	8	0	1596	1478	173,333,173,333
1539876179.950564183	110	40	48	1	2	0	2	-44	99326	8	0	1596	1478	173,333,173,333
1539876179.962406321	110	40	48	1	2	0	2	-44	99327	8	0	1596	1478	173,333,173,333
1539876179.974173803	110	40	48	1	2	0	2	-44	99328	8	0	1596	1478	173,333,173,333
1539876179.985958514	110	40	48	1	2	0	2	-44	99329	8	0	1596	1478	173,333,173,333
1539876179.997778079	110	40	48	1	2	0	2	-45	99330	8	0	1596	1478	173,333,173,333
1539876180.009506695	110	40	48	1	2	0	2	-44	99331	8	0	1596	1478	173,333,173,333
1539876180.021264333	110	40	48	1	2	0	2	-45	99332	8	0	1596	1478	173,333,173,333
1539876180.032960571	110	40	48	1	2	0	2	-44	99333	8	0	1596	1478	173,333,173,333
1539876180.044739086	110	40	48	1	2	0	2	-44	99334	8	0	1596	1478	173,333,173,333
1539876180.056523891	110	40	48	1	2	0	2	-44	99335	8	0	1596	1478	173,333,173,333
1539876180.068265059	110	40	48	1	2	0	2	-44	99336	8	0	1596	1478	173,333,173,333
1539876180.079982976	110	40	48	1	2	0	2	-45	99337	8	0	1596	1478	173,333,173,333
1539876180.091654325	110	40	48	1	2	0	2	-44	99338	8	0	1596	1478	173,333,173,333
1539876180.103424024	110	40	48	1	2	0	2	-44	99339	8	0	1596	1478	173,333,173,333
1539876180.115319014	110	40	48	1	2	0	2	-44	99340	8	0	1596	1478	173,333,173,333
1539876180.127047969	110	40	48	1	2	0	2	-44	99341	8	0	1596	1478	173,333,173,333
1539876180.138824808	110	40	48	1	2	0	2	-44	99342	8	0	1596	1478	173,333,173,333
1539876180.150596956	110	40	48	1	2	0	2	-43	99343	8	0	1596	1478	173,333,173,333
1539876180.162358541	110	40	48	1	2	0	2	-43	99344	8	0	1596	1478	173,333,173,333
1539876180.174135739	110	40	48	1	2	0	2	-43	99345	8	0	1596	1478	173,333,173,333
1539876180.185816019	110	40	48	1	2	0	2	-43	99346	8	0	1596	1478	173,333,173,333
1539876180.197632635	110	40	48	1	2	0	2	-44	99347	8	0	1596	1478	173,333,173,333
1539876180.209358807	110	40	48	1	2	0	2	-43	99348	8	0	1596	1478	173,333,173,333
1539876180.221127454	110	40	48	1	2	0	2	-43	99349	8	0	1596	1478	173,333,173,333
1539876180.232868435	110	40	48	1	2	0	2	-44	99350	8	0	1596	1478	173,333,173,333
1539876180.244578920	110	40	48	1	2	0	2	-44	99351	8	0	1596	1478	173,333,173,333
1539876180.256254758	110	40	48	1	2	0	2	-44	99352	8	0	1596	1478	173,333,173,333
1539876180.268158616	110	40	48	1	2	0	2	-43	99353	8	0	1596	1478	173,333,173,333
1539876180.279945045	110	40	48	1	2	0	2	-43	99354	8	0	1596	1478	173,333,173,333
1539876180.291723021	110	40	48	1	2	0	2	-43	99355	8	0	1596	1478	173,333,173,333
1539876180.303455567	110	40	48	1	2	0	2	-44	99356	8	0	1596	1478	173,333,173,333
1539876180.315275937	110	40	48	1	2	0	2	-44	99357	8	0	1596	1478	173,333,173,333
1539876180.326925276	110	40	48	1	2	0	2	-44	99358	8	0	1596	1478	173,333,173,333
1539876180.338681903	110	40	48	1	2	0	2	-44	99359	8	0	1596	1478	173,333,173,333
1539876180.350481411	110	40	48	1	2	0	2	-44	99360	8	0	1596	1478	173,333,173,333
1539876180.362253860	110	40	48	1	2	0	2	-44	99361	8	0	1596	1478	173,333,173,333
1539876180.374027148	110	40	48	1	2	0	2	-44	99362	8	0	1596	1478	173,333,173,333
1539876180.385817937	110	40	48	1	2	0	2	-44	99363	8	0	1596	1478	173,333,173,333
1539876180.397561095	110	40	48	1	2	0	2	-45	99364	8	0	1596	1478	173,333,173,333
1539876180.409340333	110	40	48	1	2	0	2	-45	99365	8	0	1596	1478	173,333,173,333
1539876180.421017098	110	40	48	1	2	0	2	-45	99366	8	0	1596	1478	173,333,173,333
1539876180.432811277	110	40	48	1	2	0	2	-44	99367	8	0	1596	1478	173,333,173,333
1539876180.444591847	110	40	48	1	2	0	2	-44	99368	8	0	1596	1478	173,333,173,333
1539876180.456306037	110	40	48	1	2	0	2	-45	99369	8	0	1596	1478	173,333,173,333
1539876180.468070770	110	40	48	1	2	0	2	-45	99370	8	0	1596	1478	173,333,173,333
1539876180.479897264	110	40	48	1	2	0	2	-45	99371	8	0	1596	1478	173,333,173,333
1539876180.491623194	110	40	48	1	2	0	2	-45	99372	8	0	1596	1478	173,333,173,333
1539876180.503281012	110	40	48	1	2	0	2	-45	99373	8	0	1596	1478	173,333,173,333
1539876180.515165195	110	40	48	1	2	0	2	-45	99374	8	0	1596	1478	173,333,173,333
1539876180.526917079	110	40	48	1	2	0	2	-45	99375	8	0	1596	1478	173,333,173,333
1539876180.538695178	110	40	48	1	2	0	2	-45	99376	8	0	1596	1478	173,333,173,333
1539876180.550466078	110	40	48	1	2	0	2	-45	99377	8	0	1596	1478	173,333,173,333
1539876180.562213958	110	40	48	1	2	0	2	-45	99378	8	0	1596	1478	173,333,173,333
1539876180.573978802	110	40	48	1	2	0	2	-45	99379	8	0	1596	1478	173,333,173,333
1539876180.585691099	110	40	48	1	2	0	2	-46	99380	8	0	1596	1478	173,333,173,333
1539876180.597468650	110	40	48	1	2	0	2	-45	99381	8	0	1596	1478	173,333,173,333
1539876180.609249684	110	40	48	1	2	0	2	-45	99382	8	0	1596	1478	173,333,173,333
1539876180.621007915	110	40	48	1	2	0	2	-45	99383	8	0	1596	1478	173,333,173,333
1539876180.632768011	110	40	48	1	2	0	2	-45	99384	8	0	1596	1478	173,333,173,333
1539876180.644537791	110	40	48	1	2	0	2	-45	99385	8	0	1596	1478	173,333,173,333
1539876180.656146718	110	40	48	1	2	0	2	-45	99386	8	0	1596	1478	173,333,173,333
1539876180.668013065	110	40	48	1	2	0	2	-45	99387	8	0	1596	1478	173,333,173,333
1539876180.679782133	110	40	48	1	2	0	2	-46	99388	8	0	1596	1478	173,333,173,333
1539876180.691539793	110	40	48	1	2	0	2	-46	99389	8	0	1596	1478	173,333,173,333
1539876180.703329783	110	40	48	1	2	0	2	-46	99390	8	0	1596	1478	173,333,173,333
1539876180.715112866	110	40	48	1	2	0	2	-46	99391	8	0	1596	1478	173,333,173,333
1539876180.726712272	110	40	48	1	2	0	2	-45	99392	8	0	1596	1478	173,333,173,333
1539876180.738537718	110	40	48	1	2	0	2	-45	99393	8	0	1596	1478	173,333,173,333
1539876180.750342417	110	40	48	1	2	0	2	-45	99394	8	0	1596	1478	173,333,173,333
1539876180.762115729	110	40	48	1	2	0	2	-45	99395	8	0	1596	1478	173,333,173,333
1539876180.773879071	110	40	48	1	2	0	2	-45	99396	8	0	1596	1478	173,333,173,333
1539876180.785658052	110	40	48	1	2	0	2	-45	99397	8	0	1596	1478	173,333,173,333
1539876180.797418580	110	40	48	1	2	0	2	-44	99398	8	0	1596	1478	173,333,173,333
1539876180.808986963	110	40	48	1	2	0	2	-44	99399	8	0	1596	1478	173,333,173,333
1539876180.820883524	110	40	48	1	2	0	2	-45	99400	8	0	1596	1478	173,333,173,333
1539876180.832638337	110	40	48	1	2	0	2	-45	99401	8	0	1596	1478	173,333,173,333
1539876180.844418406	110	40	48	1	2	0	2	-45	99402	8	0	1596	1478	173,333,173,333
1539876180.856156645	110	40	48	1	2	0	2	-45	99403	8	0	1596	1478	173,333,173,333
1539876180.868009006	110	40	48	1	2	0	2	-45	99404	8	0	1596	1478	173,333,173,333
1539876180.879724387	110	40	48	1	2	0	2	-45	99405	8	0	1596	1478	173,333,173,333
1539876180.891433848	110	40	48	1	2	0	2	-45	99406	8	0	1596	1478	173,333,173,333
1539876180.903157506	110	40	48	1	2	0	2	-45	99407	8	0	1596	1478	173,333,173,333
1539876180.915000056	110	40	48	1	2	0	2	-45	99408	8	0	1596	1478	173,333,173,333
1539876180.926802525	110	40	48	1	2	0	2	-45	99409	8	0	1596	1478	173,333,173,333
1539876180.938533868	110	40	48	1	2	0	2	-45	99410	8	0	1596	1478	173,333,173,333
1539876180.950301473	110	40	48	1	2	0	2	-45	99411	8	0	1596	1478	173,333,173,333
1539876180.962064117	110	40	48	1	2	0	2	-45	99412	8	0	1596	1478	173,333,173,333
1539876180.973671778	110	40	48	1	2	0	2	-44	99413	8	0	1596	1478	173,333,173,333
1539876180.985537089	110	40	48	1	2	0	2	-44	99414	8	0	1596	1478	173,333,173,333
1539876180.997265960	110	40	48	1	2	0	2	-45	99415	8	0	1596	1478	173,333,173,333
1539876181.009084886	110	40	48	1	2	0	2	-45	99416	8	0	1596	1478	173,333,173,333
1539876181.020850589	110	40	48	1	2	0	2	-45	99417	8	0	1596	1478	173,333,173,333
1539876181.032617351	110	40	48	1	2	0	2	-44	99418	8	0	1596	1478	173,333,173,333
1539876181.044387446	110	40	48	1	2	0	2	-44	99419	8	0	1596	1478	173,333,173,333
1539876181.055966173	110	40	48	1	2	0	2	-45	99420	8	0	1596	1478	173,333,173,333
1539876181.067835397	110	40	48	1	2	0	2	-45	99421	8	0	1596	1478	173,333,173,333
1539876181.079583866	110	40	48	1	2	0	2	-44	99422	8	0	1596	1478	173,333,173,333
1539876181.091397031	110	40	48	1	2	0	2	-45	99423	8	0	1596	1478	173,333,173,333
1539876181.103179501	110	40	48	1	2	0	2	-45	99424	8	0	1596	1478	173,333,173,333
1539876181.114933966	110	40	48	1	2	0	2	-44	99425	8	0	1596	1478	173,333,173,333
1539876181.127076320	110	40	48	1	2	0	2	-44	99426	8	0	1596	1478	173,333,173,333
1539876181.138379898	110	40	48	1	2	0	2	-44	99427	8	0	1596	1478	173,333,173,333
1539876181.150175116	110	40	48	1	2	0	2	-44	99428	8	0	1596	1478	173,333,173,333
1539876181.161943769	110	40	48	1	2	0	2	-44	99429	8	0	1596	1478	173,333,173,333
1539876181.173711876	110	40	48	1	2	0	2	-45	99430	8	0	1596	1478	173,333,173,333
1539876181.185463242	110	40	48	1	2	0	2	-45	99431	8	0	1596	1478	173,333,173,333
1539876181.197246131	110	40	48	1	2	0	2	-44	99432	8	0	1596	1478	173,333,173,333
1539876181.208955368	110	40	48	1	2	0	2	-44	99433	8	0	1596	1478	173,333,173,333
1539876181.220613567	110	40	48	1	2	0	2	-45	99434	8	0	1596	1478	173,333,173,333
1539876181.232342865	110	40	48	1	2	0	2	-44	99435	8	0	1596	1478	173,333,173,333
1539876181.244250181	110	40	48	1	2	0	2	-44	99436	8	0	1596	1478	173,333,173,333
1539876181.256040959	110	40	48	1	2	0	2	-45	99437	8	0	1596	1478	173,333,173,333
1539876181.267835238	110	40	48	1	2	0	2	-44	99438	8	0	1596	1478	173,333,173,333
1539876181.279585225	110	40	48	1	2	0	2	-44	99439	8	0	1596	1478	173,333,173,333
1539876181.291274595	110	40	48	1	2	0	2	-44	99440	8	0	1596	1478	173,333,173,333
1539876181.303051486	110	40	48	1	2	0	2	-44	99441	8	0	1596	1478	173,333,173,333
1539876181.314864309	110	40	48	1	2	0	2	-44	99442	8	0	1596	1478	173,333,173,333
1539876181.326618903	110	40	48	1	2	0	2	-44	99443	8	0	1596	1478	173,333,173,333
1539876181.338345326	110	40	48	1	2	0	2	-44	99444	8	0	1596	1478	173,333,173,333
1539876181.350090717	110	40	48	1	2	0	2	-44	99445	8	0	1596	1478	173,333,173,333
1539876181.361890430	110	40	48	1	2	0	2	-44	99446	8	0	1596	1478	173,333,173,333
1539876181.373602529	110	40	48	1	2	0	2	-44	99447	8	0	1596	1478	173,333,173,333
1539876181.385343434	110	40	48	1	2	0	2	-44	99448	8	0	1596	1478	173,333,173,333
1539876181.397137322	110	40	48	1	2	0	2	-44	99449	8	0	1596	1478	173,333,173,333
1539876181.408742924	110	40	48	1	2	0	2	-44	99450	8	0	1596	1478	173,333,173,333
1539876181.420619699	110	40	48	1	2	0	2	-45	99451	8	0	1596	1478	173,333,173,333
1539876181.432384464	110	40	48	1	2	0	2	-45	99452	8	0	1596	1478	173,333,173,333
1539876181.444132737	110	40	48	1	2	0	2	-44	99453	8	0	1596	1478	173,333,173,333
1539876181.455936768	110	40	48	1	2	0	2	-44	99454	8	0	1596	1478	173,333,173,333
1539876181.467721393	110	40	48	1	2	0	2	-43	99455	8	0	1596	1478	173,333,173,333
1539876181.479479809	110	40	48	1	2	0	2	-44	99456	8	0	1596	1478	173,333,173,333
1539876181.491249500	110	40	48	1	2	0	2	-44	99457	8	0	1596	1478	173,333,173,333
1539876181.503010040	110	40	48	1	2	0	2	-44	99458	8	0	1596	1478	173,333,173,333
1539876181.514793261	110	40	48	1	2	0	2	-44	99459	8	0	1596	1478	173,333,173,333
1539876181.526492345	110	40	48	1	2	0	2	-44	99460	8	0	1596	1478	173,333,173,333
1539876181.538252814	110	40	48	1	2	0	2	-44	99461	8	0	1596	1478	173,333,173,333
1539876181.550035750	110	40	48	1	2	0	2	-44	99462	8	0	1596	1478	173,333,173,333
1539876181.561794748	110	40	48	1	2	0	2	-44	99463	8	0	1596	1478	173,333,173,333
1539876181.573568726	110	40	48	1	2	0	2	-44	99464	8	0	1596	1478	173,333,173,333
1539876181.585310786	110	40	48	1	2	0	2	-45	99465	8	0	1596	1478	173,333,173,333
1539876181.597103046	110	40	48	1	2	0	2	-44	99466	8	0	1596	1478	173,333,173,333
1539876181.608779722	110	40	48	1	2	0	2	-45	99467	8	0	1596	1478	173,333,173,333
1539876181.620557618	110	40	48	1	2	0	2	-45	99468	8	0	1596	1478	173,333,173,333
1539876181.632356257	110	40	48	1	2	0	2	-45	99469	8	0	1596	1478	173,333,173,333
1539876181.644128255	110	40	48	1	2	0	2	-44	99470	8	0	1596	1478	173,333,173,333
1539876181.655897507	110	40	48	1	2	0	2	-44	99471	8	0	1596	1478	173,333,173,333
1539876181.667666570	110	40	48	1	2	0	2	-45	99472	8	0	1596	1478	173,333,173,333
1539876181.679438291	110	40	48	1	2	0	2	-45	99473	8	0	1596	1478	173,333,173,333
1539876181.691120176	110	40	48	1	2	0	2	-44	99474	8	0	1596	1478	173,333,173,333
1539876181.702949273	110	40	48	1	2	0	2	-44	99475	8	0	1596	1478	173,333,173,333
1539876181.714681432	110	40	48	1	2	0	2	-44	99476	8	0	1596	1478	173,333,173,333
1539876181.726444726	110	40	48	1	2	0	2	-44	99477	8	0	1596	1478	173,333,173,333
1539876181.738232049	110	40	48	1	2	0	2	-44	99478	8	0	1596	1478	173,333,173,333
1539876181.749978313	110	40	48	1	2	0	2	-44	99479	8	0	1596	1478	173,333,173,333
1539876181.761586477	110	40	48	1	2	0	2	-44	99480	8	0	1596	1478	173,333,173,333
1539876181.773445527	110	40	48	1	2	0	2	-44	99481	8	0	1596	1478	173,333,173,333
1539876181.785204248	110	40	48	1	2	0	2	-44	99482	8	0	1596	1478	173,333,173,333
1539876181.796983483	110	40	48	1	2	0	2	-45	99483	8	0	1596	1478	173,333,173,333
1539876181.808786594	110	40	48	1	2	0	2	-44	99484	8	0	1596	1478	173,333,173,333
1539876181.820400130	110	40	48	1	2	0	2	-44	99486	8	0	1596	1478	173,333,173,333
1539876181.832301740	110	40	48	1	2	0	2	-44	99487	8	0	1596	1478	173,333,173,333
1539876181.843980140	110	40	48	1	2	0	2	-44	99488	8	0	1596	1478	173,333,173,333
1539876181.855770643	110	40	48	1	2	0	2	-44	99489	8	0	1596	1478	173,333,173,333
1539876181.867498951	110	40	48	1	2	0	2	-44	99490	8	0	1596	1478	173,333,173,333
1539876181.879279998	110	40	48	1	2	0	2	-44	99491	8	0	1596	1478	173,333,173,333
1539876181.891025644	110	40	48	1	2	0	2	-44	99492	8	0	1596	1478	173,333,173,333
1539876181.902859876	110	40	48	1	2	0	2	-44	99493	8	0	1596	1478	173,333,173,333
1539876181.914621993	110	40	48	1	2	0	2	-44	99494	8	0	1596	1478	173,333,173,333
1539876181.926303808	110	40	48	1	2	0	2	-44	99495	8	0	1596	1478	173,333,173,333
1539876181.938104067	110	40	48	1	2	0	2	-44	99496	8	0	1596	1478	173,333,173,333
1539876181.949873264	110	40	48	1	2	0	2	-43	99497	8	0	1596	1478	173,333,173,333
1539876181.961584241	110	40	48	1	2	0	2	-44	99498	8	0	1596	1478	173,333,173,333
1539876181.973387037	110	40	48	1	2	0	2	-44	99499	8	0	1596	1478	173,333,173,333
1539876181.985159605	110	40	48	1	2	0	2	-44	99500	8	0	1596	1478	173,333,173,333
1539876181.996889835	110	40	48	1	2	0	2	-44	99501	8	0	1596	1478	173,333,173,333
1539876182.008553251	110	40	48	1	2	0	2	-43	99502	8	0	1596	1478	173,333,173,333
1539876182.020387797	110	40	48	1	2	0	2	-44	99503	8	0	1596	1478	173,333,173,333
1539876182.032151269	110	40	48	1	2	0	2	-43	99504	8	0	1596	1478	173,333,173,333
1539876182.043973803	110	40	48	1	2	0	2	-43	99505	8	0	1596	1478	173,333,173,333
1539876182.055734012	110	40	48	1	2	0	2	-43	99506	8	0	1596	1478	173,333,173,333
1539876182.067500301	110	40	48	1	2	0	2	-43	99507	8	0	1596	1478	173,333,173,333
1539876182.079176163	110	40	48	1	2	0	2	-44	99508	8	0	1596	1478	173,333,173,333
1539876182.090971018	110	40	48	1	2	0	2	-44	99509	8	0	1596	1478	173,333,173,333
1539876182.102729845	110	40	48	1	2	0	2	-44	99510	8	0	1596	1478	173,333,173,333
1539876182.114514359	110	40	48	1	2	0	2	-44	99511	8	0	1596	1478	173,333,173,333
1539876182.126287589	110	40	48	1	2	0	2	-44	99512	8	0	1596	1478	173,333,173,333
1539876182.138037690	110	40	48	1	2	0	2	-44	99513	8	0	1596	1478	173,333,173,333
1539876182.149795103	110	40	48	1	2	0	2	-44	99514	8	0	1596	1478	173,333,173,333
1539876182.161505820	110	40	48	1	2	0	2	-43	99515	8	0	1596	1478	173,333,173,333
1539876182.173286319	110	40	48	1	2	0	2	-43	99516	8	0	1596	1478	173,333,173,333
1539876182.185046808	110	40	48	1	2	0	2	-43	99517	8	0	1596	1478	173,333,173,333
1539876182.196638896	110	40	48	1	2	0	2	-43	99518	8	0	1596	1478	173,333,173,333
1539876182.208429630	110	40	48	1	2	0	2	-42	99519	8	0	1596	1478	173,333,173,333
1539876182.220208711	110	40	48	1	2	0	2	-42	99520	8	0	1596	1478	173,333,173,333
1539876182.231952761	110	40	48	1	2	0	2	-42	99521	8	0	1596	1478	173,333,173,333
1539876182.243731050	110	40	48	1	2	0	2	-42	99522	8	0	1596	1478	173,333,173,333
1539876182.255490302	110	40	48	1	2	0	2	-42	99523	8	0	1596	1478	173,333,173,333
1539876182.267248294	110	40	48	1	2	0	2	-42	99524	8	0	1596	1478	173,333,173,333
1539876182.279001040	110	40	48	1	2	0	2	-43	99525	8	0	1596	1478	173,333,173,333
1539876182.290756101	110	40	48	1	2	0	2	-43	99526	8	0	1596	1478	173,333,173,333
1539876182.302526103	110	40	48	1	2	0	2	-43	99527	8	0	1596	1478	173,333,173,333
1539876182.314267644	110	40	48	1	2	0	2	-43	99528	8	0	1596	1478	173,333,173,333
1539876182.325979102	110	40	48	1	2	0	2	-42	99529	8	0	1596	1478	173,333,173,333
1539876182.337808079	110	40	48	1	2	0	2	-42	99530	8	0	1596	1478	173,333,173,333
1539876182.349557269	110	40	48	1	2	0	2	-43	99531	8	0	1596	1478	173,333,173,333
1539876182.361320888	110	40	48	1	2	0	2	-43	99532	8	0	1596	1478	173,333,173,333
1539876182.373032600	110	40	48	1	2	0	2	-43	99533	8	0	1596	1478	173,333,173,333
1539876182.384793715	110	40	48	1	2	0	2	-43	99534	8	0	1596	1478	173,333,173,333
1539876182.396677194	110	40	48	1	2	0	2	-43	99535	8	0	1596	1478	173,333,173,333
1539876182.408484945	110	40	48	1	2	0	2	-43	99536	8	0	1596	1478	173,333,173,333
1539876182.420288419	110	40	48	1	2	0	2	-43	99537	8	0	1596	1478	173,333,173,333
1539876182.432055336	110	40	48	1	2	0	2	-43	99538	8	0	1596	1478	173,333,173,333
1539876182.443819393	110	40	48	1	2	0	2	-43	99539	8	0	1596	1478	173,333,173,333
1539876182.455600196	110	40	48	1	2	0	2	-43	99540	8	0	1596	1478	173,333,173,333
1539876182.467294540	110	40	48	1	2	0	2	-43	99541	8	0	1596	1478	173,333,173,333
1539876182.479069736	110	40	48	1	2	0	2	-43	99542	8	0	1596	1478	173,333,173,333
1539876182.490830951	110	40	48	1	2	0	2	-44	99543	8	0	1596	1478	173,333,173,333
1539876182.502582767	110	40	48	1	2	0	2	-44	99544	8	0	1596	1478	173,333,173,333
1539876182.514361111	110	40	48	1	2	0	2	-44	99545	8	0	1596	1478	173,333,173,333
1539876182.526131594	110	40	48	1	2	0	2	-44	99546	8	0	1596	1478	173,333,173,333
1539876182.537760570	110	40	48	1	2	0	2	-45	99547	8	0	1596	1478	173,333,173,333
1539876182.549604881	110	40	48	1	2	0	2	-45	99548	8	0	1596	1478	173,333,173,333
1539876182.561393687	110	40	48	1	2	0	2	-44	99549	8	0	1596	1478	173,333,173,333
1539876182.573030582	110	40	48	1	2	0	2	-44	99550	8	0	1596	1478	173,333,173,333
1539876182.584838757	110	40	48	1	2	0	2	-44	99551	8	0	1596	1478	173,333,173,333
1539876182.596636086	110	40	48	1	2	0	2	-43	99552	8	0	1596	1478	173,333,173,333
1539876182.608308009	110	40	48	1	2	0	2	-43	99553	8	0	1596	1478	173,333,173,333
1539876182.620144201	110	40	48	1	2	0	2	-43	99554	8	0	1596	1478	173,333,173,333
1539876182.631892235	110	40	48	1	2	0	2	-44	99555	8	0	1596	1478	173,333,173,333
1539876182.643717616	110	40	48	1	2	0	2	-44	99556	8	0	1596	1478	173,333,173,333
1539876182.655484853	110	40	48	1	2	0	2	-44	99557	8	0	1596	1478	173,333,173,333
1539876182.667246454	110	40	48	1	2	0	2	-44	99558	8	0	1596	1478	173,333,173,333
1539876182.679410777	110	40	48	1	2	0	2	-44	99559	8	0	1596	1478	173,333,173,333
1539876182.690773188	110	40	48	1	2	0	2	-43	99560	8	0	1596	1478	173,333,173,333
1539876182.702483190	110	40	48	1	2	0	2	-44	99561	8	0	1596	1478	173,333,173,333
1539876182.714247924	110	40	48	1	2	0	2	-44	99562	8	0	1596	1478	173,333,173,333
1539876182.726050483	110	40	48	1	2	0	2	-44	99563	8	0	1596	1478	173,333,173,333
1539876182.737803690	110	40	48	1	2	0	2	-45	99564	8	0	1596	1478	173,333,173,333
1539876182.749577602	110	40	48	1	2	0	2	-44	99565	8	0	1596	1478	173,333,173,333
1539876182.761347240	110	40	48	1	2	0	2	-44	99566	8	0	1596	1478	173,333,173,333
1539876182.772939928	110	40	48	1	2	0	2	-44	99567	8	0	1596	1478	173,333,173,333
1539876182.784807410	110	40	48	1	2	0	2	-44	99568	8	0	1596	1478	173,333,173,333
1539876182.796594865	110	40	48	1	2	0	2	-44	99569	8	0	1596	1478	173,333,173,333
1539876182.808370130	110	40	48	1	2	0	2	-44	99570	8	0	1596	1478	173,333,173,333
1539876182.820122285	110	40	48	1	2	0	2	-43	99571	8	0	1596	1478	173,333,173,333
1539876182.831897439	110	40	48	1	2	0	2	-44	99572	8	0	1596	1478	173,333,173,333
1539876182.843666865	110	40	48	1	2	0	2	-44	99573	8	0	1596	1478	173,333,173,333
1539876182.855354303	110	40	48	1	2	0	2	-45	99574	8	0	1596	1478	173,333,173,333
1539876182.867837715	110	40	48	1	2	0	2	-44	99575	8	0	1596	1478	173,333,173,333
1539876182.878916080	110	40	48	1	2	0	2	-45	99576	8	0	1596	1478	173,333,173,333
1539876182.890665078	110	40	48	1	2	0	2	-44	99577	8	0	1596	1478	173,333,173,333
1539876182.902471976	110	40	48	1	2	0	2	-45	99578	8	0	1596	1478	173,333,173,333
1539876182.914149995	110	40	48	1	2	0	2	-45	99579	8	0	1596	1478	173,333,173,333
1539876182.925975485	110	40	48	1	2	0	2	-45	99580	8	0	1596	1478	173,333,173,333
1539876182.937677629	110	40	48	1	2	0	2	-45	99581	8	0	1596	1478	173,333,173,333
1539876182.949454207	110	40	48	1	2	0	2	-44	99582	8	0	1596	1478	173,333,173,333
1539876182.961229964	110	40	48	1	2	0	2	-44	99583	8	0	1596	1478	173,333,173,333
1539876182.973006923	110	40	48	1	2	0	2	-45	99584	8	0	1596	1478	173,333,173,333
1539876182.984762363	110	40	48	1	2	0	2	-45	99585	8	0	1596	1478	173,333,173,333
1539876182.996548516	110	40	48	1	2	0	2	-45	99586	8	0	1596	1478	173,333,173,333
1539876183.008303659	110	40	48	1	2	0	2	-45	99587	8	0	1596	1478	173,333,173,333
1539876183.020009670	110	40	48	1	2	0	2	-45	99588	8	0	1596	1478	173,333,173,333
1539876183.031784344	110	40	48	1	2	0	2	-45	99589	8	0	1596	1478	173,333,173,333
1539876183.043544975	110	40	48	1	2	0	2	-44	99590	8	0	1596	1478	173,333,173,333
1539876183.055291984	110	40	48	1	2	0	2	-44	99591	8	0	1596	1478	173,333,173,333
1539876183.067062113	110	40	48	1	2	0	2	-44	99592	8	0	1596	1478	173,333,173,333
1539876183.078865692	110	40	48	1	2	0	2	-44	99593	8	0	1596	1478	173,333,173,333
1539876183.090449072	110	40	48	1	2	0	2	-45	99594	8	0	1596	1478	173,333,173,333
1539876183.102300373	110	40	48	1	2	0	2	-45	99595	8	0	1596	1478	173,333,173,333
1539876183.114071418	110	40	48	1	2	0	2	-45	99596	8	0	1596	1478	173,333,173,333
1539876183.125831074	110	40	48	1	2	0	2	-45	99597	8	0	1596	1478	173,333,173,333
1539876183.137627306	110	40	48	1	2	0	2	-44	99598	8	0	1596	1478	173,333,173,333
1539876183.149394990	110	40	48	1	2	0	2	-44	99599	8	0	1596	1478	173,333,173,333
1539876183.161101443	110	40	48	1	2	0	2	-45	99600	8	0	1596	1478	173,333,173,333
1539876183.172691472	110	40	48	1	2	0	2	-45	99601	8	0	1596	1478	173,333,173,333
1539876183.184480058	110	40	48	1	2	0	2	-45	99602	8	0	1596	1478	173,333,173,333
1539876183.196257099	110	40	48	1	2	0	2	-45	99603	8	0	1596	1478	173,333,173,333
1539876183.208012314	110	40	48	1	2	0	2	-44	99604	8	0	1596	1478	173,333,173,333
1539876183.219847922	110	40	48	1	2	0	2	-44	99605	8	0	1596	1478	173,333,173,333
1539876183.231635102	110	40	48	1	2	0	2	-44	99606	8	0	1596	1478	173,333,173,333
1539876183.243449029	110	40	48	1	2	0	2	-45	99607	8	0	1596	1478	173,333,173,333
1539876183.255175333	110	40	48	1	2	0	2	-45	99608	8	0	1596	1478	173,333,173,333
1539876183.266966678	110	40	48	1	2	0	2	-44	99609	8	0	1596	1478	173,333,173,333
1539876183.278742371	110	40	48	1	2	0	2	-44	99610	8	0	1596	1478	173,333,173,333
1539876183.290497156	110	40	48	1	2	0	2	-44	99611	8	0	1596	1478	173,333,173,333
1539876183.302284769	110	40	48	1	2	0	2	-44	99612	8	0	1596	1478	173,333,173,333
1539876183.314038725	110	40	48	1	2	0	2	-44	99613	8	0	1596	1478	173,333,173,333
1539876183.325723492	110	40	48	1	2	0	2	-44	99614	8	0	1596	1478	173,333,173,333
1539876183.337526369	110	40	48	1	2	0	2	-43	99615	8	0	1596	1478	173,333,173,333
1539876183.349302490	110	40	48	1	2	0	2	-44	99616	8	0	1596	1478	173,333,173,333
1539876183.361070140	110	40	48	1	2	0	2	-44	99617	8	0	1596	1478	173,333,173,333
1539876183.372843290	110	40	48	1	2	0	2	-44	99618	8	0	1596	1478	173,333,173,333
1539876183.384557166	110	40	48	1	2	0	2	-44	99619	8	0	1596	1478	173,333,173,333
1539876183.396364221	110	40	48	1	2	0	2	-44	99620	8	0	1596	1478	173,333,173,333
1539876183.408044040	110	40	48	1	2	0	2	-44	99621	8	0	1596	1478	173,333,173,333
1539876183.419861957	110	40	48	1	2	0	2	-44	99622	8	0	1596	1478	173,333,173,333
1539876183.431724404	110	40	48	1	2	0	2	-43	99623	8	0	1596	1478	173,333,173,333
1539876183.443398874	110	40	48	1	2	0	2	-43	99624	8	0	1596	1478	173,333,173,333
1539876183.455285804	110	40	48	1	2	0	2	-44	99625	8	0	1596	1478	173,333,173,333
1539876183.466972410	110	40	48	1	2	0	2	-44	99626	8	0	1596	1478	173,333,173,333
1539876183.478793717	110	40	48	1	2	0	2	-43	99627	8	0	1596	1478	173,333,173,333
1539876183.490399647	110	40	48	1	2	0	2	-44	99628	8	0	1596	1478	173,333,173,333
1539876183.502171834	110	40	48	1	2	0	2	-44	99629	8	0	1596	1478	173,333,173,333
1539876183.513948689	110	40	48	1	2	0	2	-44	99630	8	0	1596	1478	173,333,173,333
1539876183.525712247	110	40	48	1	2	0	2	-44	99631	8	0	1596	1478	173,333,173,333
1539876183.537581410	110	40	48	1	2	0	2	-44	99632	8	0	1596	1478	173,333,173,333
1539876183.549347705	110	40	48	1	2	0	2	-44	99633	8	0	1596	1478	173,333,173,333
1539876183.561119352	110	40	48	1	2	0	2	-44	99634	8	0	1596	1478	173,333,173,333
1539876183.572829534	110	40	48	1	2	0	2	-45	99635	8	0	1596	1478	173,333,173,333
1539876183.584667898	110	40	48	1	2	0	2	-45	99636	8	0	1596	1478	173,333,173,333
1539876183.596275736	110	40	48	1	2	0	2	-45	99637	8	0	1596	1478	173,333,173,333
1539876183.608044080	110	40	48	1	2	0	2	-45	99638	8	0	1596	1478	173,333,173,333
1539876183.619785654	110	40	48	1	2	0	2	-45	99639	8	0	1596	1478	173,333,173,333
1539876183.631667347	110	40	48	1	2	0	2	-45	99640	8	0	1596	1478	173,333,173,333
1539876183.643264895	110	40	48	1	2	0	2	-44	99641	8	0	1596	1478	173,333,173,333
1539876183.655128327	110	40	48	1	2	0	2	-44	99642	8	0	1596	1478	173,333,173,333
1539876183.666939919	110	40	48	1	2	0	2	-44	99643	8	0	1596	1478	173,333,173,333
1539876183.678691614	110	40	48	1	2	0	2	-45	99644	8	0	1596	1478	173,333,173,333
1539876183.690471911	110	40	48	1	2	0	2	-45	99645	8	0	1596	1478	173,333,173,333
1539876183.702243424	110	40	48	1	2	0	2	-45	99646	8	0	1596	1478	173,333,173,333
1539876183.713999479	110	40	48	1	2	0	2	-45	99647	8	0	1596	1478	173,333,173,333
1539876183.725680758	110	40	48	1	2	0	2	-44	99648	8	0	1596	1478	173,333,173,333
1539876183.737466181	110	40	48	1	2	0	2	-44	99649	8	0	1596	1478	173,333,173,333
1539876183.749232454	110	40	48	1	2	0	2	-44	99650	8	0	1596	1478	173,333,173,333
1539876183.761014374	110	40	48	1	2	0	2	-44	99651	8	0	1596	1478	173,333,173,333
1539876183.772681076	110	40	48	1	2	0	2	-44	99652	8	0	1596	1478	173,333,173,333
1539876183.784452966	110	40	48	1	2	0	2	-44	99653	8	0	1596	1478	173,333,173,333
1539876183.796219700	110	40	48	1	2	0	2	-44	99654	8	0	1596	1478	173,333,173,333
1539876183.807808425	110	40	48	1	2	0	2	-45	99655	8	0	1596	1478	173,333,173,333
1539876183.819644759	110	40	48	1	2	0	2	-45	99656	8	0	1596	1478	173,333,173,333
1539876183.831308062	110	40	48	1	2	0	2	-45	99657	8	0	1596	1478	173,333,173,333
1539876183.843250457	110	40	48	1	2	0	2	-45	99658	8	0	1596	1478	173,333,173,333
1539876183.855003637	110	40	48	1	2	0	2	-45	99659	8	0	1596	1478	173,333,173,333
1539876183.866755336	110	40	48	1	2	0	2	-45	99660	8	0	1596	1478	173,333,173,333
1539876183.878496151	110	40	48	1	2	0	2	-45	99661	8	0	1596	1478	173,333,173,333
1539876183.890275683	110	40	48	1	2	0	2	-45	99662	8	0	1596	1478	173,333,173,333
1539876183.902031215	110	40	48	1	2	0	2	-45	99663	8	0	1596	1478	173,333,173,333
1539876183.913785912	110	40	48	1	2	0	2	-45	99664	8	0	1596	1478	173,333,173,333
1539876183.925547482	110	40	48	1	2	0	2	-45	99665	8	0	1596	1478	173,333,173,333
1539876183.937327872	110	40	48	1	2	0	2	-45	99666	8	0	1596	1478	173,333,173,333
1539876183.949088035	110	40	48	1	2	0	2	-45	99667	8	0	1596	1478	173,333,173,333
1539876183.960715951	110	40	48	1	2	0	2	-45	99668	8	0	1596	1478	173,333,173,333
1539876183.972563118	110	40	48	1	2	0	2	-45	99669	8	0	1596	1478	173,333,173,333
1539876183.984325530	110	40	48	1	2	0	2	-45	99670	8	0	1596	1478	173,333,173,333
1539876183.996105819	110	40	48	1	2	0	2	-45	99671	8	0	1596	1478	173,333,173,333
1539876184.007835762	110	40	48	1	2	0	2	-44	99672	8	0	1596	1478	173,333,173,333
1539876184.019577199	110	40	48	1	2	0	2	-44	99673	8	0	1596	1478	173,333,173,333
1539876184.031416524	110	40	48	1	2	0	2	-44	99674	8	0	1596	1478	173,333,173,333
1539876184.043098971	110	40	48	1	2	0	2	-43	99675	8	0	1596	1478	173,333,173,333
1539876184.054895720	110	40	48	1	2	0	2	-43	99676	8	0	1596	1478	173,333,173,333
1539876184.066660061	110	40	48	1	2	0	2	-44	99677	8	0	1596	1478	173,333,173,333
1539876184.078457701	110	40	48	1	2	0	2	-44	99678	8	0	1596	1478	173,333,173,333
1539876184.090201805	110	40	48	1	2	0	2	-44	99679	8	0	1596	1478	173,333,173,333
1539876184.101976866	110	40	48	1	2	0	2	-44	99680	8	0	1596	1478	173,333,173,333
1539876184.113751423	110	40	48	1	2	0	2	-44	99681	8	0	1596	1478	173,333,173,333
1539876184.125430121	110	40	48	1	2	0	2	-44	99682	8	0	1596	1478	173,333,173,333
1539876184.137099311	110	40	48	1	2	0	2	-44	99683	8	0	1596	1478	173,333,173,333
1539876184.148773794	110	40	48	1	2	0	2	-44	99684	8	0	1596	1478	173,333,173,333
1539876184.160578027	110	40	48	1	2	0	2	-44	99685	8	0	1596	1478	173,333,173,333
1539876184.172352448	110	40	48	1	2	0	2	-45	99686	8	0	1596	1478	173,333,173,333
1539876184.184125690	110	40	48	1	2	0	2	-45	99687	8	0	1596	1478	173,333,173,333
1539876184.195816158	110	40	48	1	2	0	2	-44	99688	8	0	1596	1478	173,333,173,333
1539876184.207648442	110	40	48	1	2	0	2	-44	99689	8	0	1596	1478	173,333,173,333
1539876184.219371375	110	40	48	1	2	0	2	-44	99690	8	0	1596	1478	173,333,173,333
1539876184.231166490	110	40	48	1	2	0	2	-45	99691	8	0	1596	1478	173,333,173,333
1539876184.242919536	110	40	48	1	2	0	2	-45	99692	8	0	1596	1478	173,333,173,333
1539876184.254679518	110	40	48	1	2	0	2	-44	99693	8	0	1596	1478	173,333,173,333
1539876184.266443403	110	40	48	1	2	0	2	-44	99694	8	0	1596	1478	173,333,173,333
1539876184.278201235	110	40	48	1	2	0	2	-43	99695	8	0	1596	1478	173,333,173,333
1539876184.289966199	110	40	48	1	2	0	2	-43	99696	8	0	1596	1478	173,333,173,333
1539876184.301721709	110	40	48	1	2	0	2	-44	99697	8	0	1596	1478	173,333,173,333
1539876184.313455938	110	40	48	1	2	0	2	-44	99698	8	0	1596	1478	173,333,173,333
1539876184.325222550	110	40	48	1	2	0	2	-45	99699	8	0	1596	1478	173,333,173,333
1539876184.337015310	110	40	48	1	2	0	2	-45	99700	8	0	1596	1478	173,333,173,333
1539876184.348764121	110	40	48	1	2	0	2	-44	99701	8	0	1596	1478	173,333,173,333
1539876184.360519872	110	40	48	1	2	0	2	-44	99702	8	0	1596	1478	173,333,173,333
1539876184.372291191	110	40	48	1	2	0	2	-44	99703	8	0	1596	1478	173,333,173,333
1539876184.384050588	110	40	48	1	2	0	2	-44	99704	8	0	1596	1478	173,333,173,333
1539876184.395810623	110	40	48	1	2	0	2	-44	99705	8	0	1596	1478	173,333,173,333
1539876184.407565394	110	40	48	1	2	0	2	-44	99706	8	0	1596	1478	173,333,173,333
1539876184.419218890	110	40	48	1	2	0	2	-43	99707	8	0	1596	1478	173,333,173,333
1539876184.431178223	110	40	48	1	2	0	2	-43	99708	8	0	1596	1478	173,333,173,333
1539876184.442997362	110	40	48	1	2	0	2	-43	99709	8	0	1596	1478	173,333,173,333
1539876184.454768189	110	40	48	1	2	0	2	-44	99710	8	0	1596	1478	173,333,173,333
1539876184.466531700	110	40	48	1	2	0	2	-44	99711	8	0	1596	1478	173,333,173,333
1539876184.478303624	110	40	48	1	2	0	2	-44	99712	8	0	1596	1478	173,333,173,333
1539876184.490044102	110	40	48	1	2	0	2	-44	99713	8	0	1596	1478	173,333,173,333
1539876184.501702813	110	40	48	1	2	0	2	-44	99714	8	0	1596	1478	173,333,173,333
1539876184.513526661	110	40	48	1	2	0	2	-45	99715	8	0	1596	1478	173,333,173,333
1539876184.525309532	110	40	48	1	2	0	2	-45	99716	8	0	1596	1478	173,333,173,333
1539876184.537091823	110	40	48	1	2	0	2	-45	99717	8	0	1596	1478	173,333,173,333
1539876184.548864525	110	40	48	1	2	0	2	-45	99718	8	0	1596	1478	173,333,173,333
1539876184.560625029	110	40	48	1	2	0	2	-45	99719	8	0	1596	1478	173,333,173,333
1539876184.572220614	110	40	48	1	2	0	2	-46	99720	8	0	1596	1478	173,333,173,333
1539876184.584081674	110	40	48	1	2	0	2	-45	99721	8	0	1596	1478	173,333,173,333
1539876184.595871627	110	40	48	1	2	0	2	-45	99722	8	0	1596	1478	173,333,173,333
1539876184.607624166	110	40	48	1	2	0	2	-46	99723	8	0	1596	1478	173,333,173,333
1539876184.619408772	110	40	48	1	2	0	2	-46	99724	8	0	1596	1478	173,333,173,333
1539876184.631191162	110	40	48	1	2	0	2	-46	99725	8	0	1596	1478	173,333,173,333
1539876184.642936963	110	40	48	1	2	0	2	-45	99726	8	0	1596	1478	173,333,173,333
1539876184.654619004	110	40	48	1	2	0	2	-46	99727	8	0	1596	1478	173,333,173,333
1539876184.666409247	110	40	48	1	2	0	2	-45	99728	8	0	1596	1478	173,333,173,333
1539876184.678169946	110	40	48	1	2	0	2	-45	99729	8	0	1596	1478	173,333,173,333
1539876184.689945360	110	40	48	1	2	0	2	-46	99730	8	0	1596	1478	173,333,173,333
1539876184.701764739	110	40	48	1	2	0	2	-47	99731	8	0	1596	1478	173,333,173,333
1539876184.713498553	110	40	48	1	2	0	2	-47	99732	8	0	1596	1478	173,333,173,333
1539876184.725226293	110	40	48	1	2	0	2	-47	99733	8	0	1596	1478	173,333,173,333
1539876184.736954609	110	40	48	1	2	0	2	-47	99734	8	0	1596	1478	173,333,173,333
1539876184.748731806	110	40	48	1	2	0	2	-47	99735	8	0	1596	1478	173,333,173,333
1539876184.760516642	110	40	48	1	2	0	2	-46	99736	8	0	1596	1478	173,333,173,333
1539876184.772153190	110	40	48	1	2	0	2	-46	99737	8	0	1596	1478	173,333,173,333
1539876184.784050091	110	40	48	1	2	0	2	-46	99738	8	0	1596	1478	173,333,173,333
1539876184.795814004	110	40	48	1	2	0	2	-47	99739	8	0	1596	1478	173,333,173,333
1539876184.807593350	110	40	48	1	2	0	2	-47	99740	8	0	1596	1478	173,333,173,333
1539876184.819267434	110	40	48	1	2	0	2	-46	99741	8	0	1596	1478	173,333,173,333
1539876184.831058552	110	40	48	1	2	0	2	-45	99742	8	0	1596	1478	173,333,173,333
1539876184.842828780	110	40	48	1	2	0	2	-45	99743	8	0	1596	1478	173,333,173,333
1539876184.854580999	110	40	48	1	2	0	2	-45	99744	8	0	1596	1478	173,333,173,333
1539876184.866353101	110	40	48	1	2	0	2	-45	99745	8	0	1596	1478	173,333,173,333
1539876184.877987874	110	40	48	1	2	0	2	-46	99746	8	0	1596	1478	173,333,173,333
1539876184.889744073	110	40	48	1	2	0	2	-45	99747	8	0	1596	1478	173,333,173,333
1539876184.901611124	110	40	48	1	2	0	2	-45	99748	8	0	1596	1478	173,333,173,333
1539876184.913390364	110	40	48	1	2	0	2	-45	99749	8	0	1596	1478	173,333,173,333
1539876184.925148165	110	40	48	1	2	0	2	-45	99750	8	0	1596	1478	173,333,173,333
1539876184.936921779	110	40	48	1	2	0	2	-45	99751	8	0	1596	1478	173,333,173,333
1539876184.948683373	110	40	48	1	2	0	2	-45	99752	8	0	1596	1478	173,333,173,333
1539876184.960454861	110	40	48	1	2	0	2	-45	99753	8	0	1596	1478	173,333,173,333
1539876184.972141264	110	40	48	1	2	0	2	-45	99754	8	0	1596	1478	173,333,173,333
1539876184.983924645	110	40	48	1	2	0	2	-45	99755	8	0	1596	1478	173,333,173,333
1539876184.995666432	110	40	48	1	2	0	2	-45	99756	8	0	1596	1478	173,333,173,333
1539876185.007462860	110	40	48	1	2	0	2	-45	99757	8	0	1596	1478	173,333,173,333
1539876185.019232592	110	40	48	1	2	0	2	-45	99758	8	0	1596	1478	173,333,173,333
1539876185.030854071	110	40	48	1	2	0	2	-45	99759	8	0	1596	1478	173,333,173,333
1539876185.042760143	110	40	48	1	2	0	2	-45	99760	8	0	1596	1478	173,333,173,333
1539876185.054449794	110	40	48	1	2	0	2	-45	99761	8	0	1596	1478	173,333,173,333
1539876185.066262196	110	40	48	1	2	0	2	-46	99762	8	0	1596	1478	173,333,173,333
1539876185.078035994	110	40	48	1	2	0	2	-46	99763	8	0	1596	1478	173,333,173,333
1539876185.089785583	110	40	48	1	2	0	2	-46	99764	8	0	1596	1478	173,333,173,333
1539876185.101555757	110	40	48	1	2	0	2	-46	99765	8	0	1596	1478	173,333,173,333
1539876185.113194752	110	40	48	1	2	0	2	-46	99766	8	0	1596	1478	173,333,173,333
1539876185.124924254	110	40	48	1	2	0	2	-46	99767	8	0	1596	1478	173,333,173,333
1539876185.136688496	110	40	48	1	2	0	2	-46	99768	8	0	1596	1478	173,333,173,333
1539876185.148436517	110	40	48	1	2	0	2	-46	99769	8	0	1596	1478	173,333,173,333
1539876185.160200748	110	40	48	1	2	0	2	-46	99770	8	0	1596	1478	173,333,173,333
1539876185.171959737	110	40	48	1	2	0	2	-45	99771	8	0	1596	1478	173,333,173,333
1539876185.183721995	110	40	48	1	2	0	2	-46	99772	8	0	1596	1478	173,333,173,333
1539876185.195479304	110	40	48	1	2	0	2	-46	99773	8	0	1596	1478	173,333,173,333
1539876185.207247578	110	40	48	1	2	0	2	-47	99774	8	0	1596	1478	173,333,173,333
1539876185.219020344	110	40	48	1	2	0	2	-46	99775	8	0	1596	1478	173,333,173,333
1539876185.230749472	110	40	48	1	2	0	2	-46	99776	8	0	1596	1478	173,333,173,333
1539876185.242518780	110	40	48	1	2	0	2	-46	99777	8	0	1596	1478	173,333,173,333
1539876185.254274188	110	40	48	1	2	0	2	-46	99778	8	0	1596	1478	173,333,173,333
1539876185.266034003	110	40	48	1	2	0	2	-46	99779	8	0	1596	1478	173,333,173,333
1539876185.277799850	110	40	48	1	2	0	2	-46	99780	8	0	1596	1478	173,333,173,333
1539876185.289562889	110	40	48	1	2	0	2	-47	99781	8	0	1596	1478	173,333,173,333
1539876185.301310453	110	40	48	1	2	0	2	-47	99782	8	0	1596	1478	173,333,173,333
1539876185.313080691	110	40	48	1	2	0	2	-47	99783	8	0	1596	1478	173,333,173,333
1539876185.325486420	110	40	48	1	2	0	2	-47	99784	8	0	1596	1478	173,333,173,333
1539876185.336620870	110	40	48	1	2	0	2	-47	99785	8	0	1596	1478	173,333,173,333
1539876185.348361375	110	40	48	1	2	0	2	-47	99786	8	0	1596	1478	173,333,173,333
1539876185.360131956	110	40	48	1	2	0	2	-46	99787	8	0	1596	1478	173,333,173,333
1539876185.371872886	110	40	48	1	2	0	2	-46	99788	8	0	1596	1478	173,333,173,333
1539876185.383647210	110	40	48	1	2	0	2	-46	99789	8	0	1596	1478	173,333,173,333
1539876185.395389410	110	40	48	1	2	0	2	-47	99790	8	0	1596	1478	173,333,173,333
1539876185.407146277	110	40	48	1	2	0	2	-48	99791	8	0	1596	1478	173,333,173,333
1539876185.418895720	110	40	48	1	2	0	2	-48	99792	8	0	1596	1478	173,333,173,333
1539876185.430682900	110	40	48	1	2	0	2	-47	99793	8	0	1596	1478	173,333,173,333
1539876185.442398741	110	40	48	1	2	0	2	-47	99794	8	0	1596	1478	173,333,173,333
1539876185.454156655	110	40	48	1	2	0	2	-48	99795	8	0	1596	1478	173,333,173,333
1539876185.465961762	110	40	48	1	2	0	2	-47	99796	8	0	1596	1478	173,333,173,333
1539876185.477724418	110	40	48	1	2	0	2	-47	99797	8	0	1596	1478	173,333,173,333
1539876185.489424593	110	40	48	1	2	0	2	-47	99798	8	0	1596	1478	173,333,173,333
1539876185.501187595	110	40	48	1	2	0	2	-46	99799	8	0	1596	1478	173,333,173,333
1539876185.513000070	110	40	48	1	2	0	2	-45	99800	8	0	1596	1478	173,333,173,333
1539876185.524753190	110	40	48	1	2	0	2	-45	99801	8	0	1596	1478	173,333,173,333
1539876185.536523343	110	40	48	1	2	0	2	-46	99802	8	0	1596	1478	173,333,173,333
1539876185.548281381	110	40	48	1	2	0	2	-47	99803	8	0	1596	1478	173,333,173,333
1539876185.560039756	110	40	48	1	2	0	2	-47	99804	8	0	1596	1478	173,333,173,333
1539876185.571776630	110	40	48	1	2	0	2	-48	99805	8	0	1596	1478	173,333,173,333
1539876185.583542350	110	40	48	1	2	0	2	-48	99806	8	0	1596	1478	173,333,173,333
1539876185.595301906	110	40	48	1	2	0	2	-49	99807	8	0	1596	1478	173,333,173,333
1539876185.607089294	110	40	48	1	2	0	2	-50	99808	8	0	1596	1478	173,333,173,333
1539876185.618831552	110	40	48	1	2	0	2	-50	99809	8	0	1596	1478	173,333,173,333
1539876185.630604492	110	40	48	1	2	0	2	-49	99810	8	0	1596	1478	173,333,173,333
1539876185.642457603	110	40	48	1	2	0	2	-48	99811	8	0	1596	1478	173,333,173,333
1539876185.654253105	110	40	48	1	2	0	2	-48	99812	8	0	1596	1478	173,333,173,333
1539876185.666018295	110	40	48	1	2	0	2	-47	99813	8	0	1596	1478	173,333,173,333
1539876185.677787978	110	40	48	1	2	0	2	-48	99814	8	0	1596	1478	173,333,173,333
1539876185.689560861	110	40	48	1	2	0	2	-48	99815	8	0	1596	1478	173,333,173,333
1539876185.701354401	110	40	48	1	2	0	2	-48	99816	8	0	1596	1478	173,333,173,333
1539876185.713102266	110	40	48	1	2	0	2	-49	99817	8	0	1596	1478	173,333,173,333
1539876185.724801135	110	40	48	1	2	0	2	-48	99818	8	0	1596	1478	173,333,173,333
1539876185.736569754	110	40	48	1	2	0	2	-48	99819	8	0	1596	1478	173,333,173,333
1539876185.748358473	110	40	48	1	2	0	2	-47	99820	8	0	1596	1478	173,333,173,333
1539876185.760095615	110	40	48	1	2	0	2	-47	99821	8	0	1596	1478	173,333,173,333
1539876185.771880250	110	40	48	1	2	0	2	-47	99822	8	0	1596	1478	173,333,173,333
1539876185.783658558	110	40	48	1	2	0	2	-46	99823	8	0	1596	1478	173,333,173,333
1539876185.795417513	110	40	48	1	2	0	2	-46	99824	8	0	1596	1478	173,333,173,333
1539876185.807119680	110	40	48	1	2	0	2	-46	99825	8	0	1596	1478	173,333,173,333
1539876185.818902209	110	40	48	1	2	0	2	-47	99826	8	0	1596	1478	173,333,173,333
1539876185.830682325	110	40	48	1	2	0	2	-47	99827	8	0	1596	1478	173,333,173,333
1539876185.842456796	110	40	48	1	2	0	2	-48	99828	8	0	1596	1478	173,333,173,333
1539876185.854205416	110	40	48	1	2	0	2	-48	99829	8	0	1596	1478	173,333,173,333
1539876185.865977761	110	40	48	1	2	0	2	-47	99830	8	0	1596	1478	173,333,173,333
1539876185.877581796	110	40	48	1	2	0	2	-48	99831	8	0	1596	1478	173,333,173,333
1539876185.889449246	110	40	48	1	2	0	2	-47	99832	8	0	1596	1478	173,333,173,333
1539876185.901218103	110	40	48	1	2	0	2	-47	99833	8	0	1596	1478	173,333,173,333
1539876185.912994597	110	40	48	1	2	0	2	-47	99834	8	0	1596	1478	173,333,173,333
1539876185.924772498	110	40	48	1	2	0	2	-47	99835	8	0	1596	1478	173,333,173,333
1539876185.936363204	110	40	48	1	2	0	2	-47	99836	8	0	1596	1478	173,333,173,333
1539876185.948281833	110	40	48	1	2	0	2	-47	99837	8	0	1596	1478	173,333,173,333
1539876185.959928018	110	40	48	1	2	0	2	-47	99838	8	0	1596	1478	173,333,173,333
1539876185.971764166	110	40	48	1	2	0	2	-46	99839	8	0	1596	1478	173,333,173,333
1539876185.983542051	110	40	48	1	2	0	2	-46	99840	8	0	1596	1478	173,333,173,333
1539876185.995359069	110	40	48	1	2	0	2	-46	99841	8	0	1596	1478	173,333,173,333
1539876186.007074084	110	40	48	1	2	0	2	-46	99842	8	0	1596	1478	173,333,173,333
1539876186.018860412	110	40	48	1	2	0	2	-47	99843	8	0	1596	1478	173,333,173,333
1539876186.030600424	110	40	48	1	2	0	2	-47	99844	8	0	1596	1478	173,333,173,333
1539876186.042327581	110	40	48	1	2	0	2	-47	99845	8	0	1596	1478	173,333,173,333
1539876186.054092269	110	40	48	1	2	0	2	-47	99846	8	0	1596	1478	173,333,173,333
1539876186.065867560	110	40	48	1	2	0	2	-47	99847	8	0	1596	1478	173,333,173,333
1539876186.077519772	110	40	48	1	2	0	2	-47	99848	8	0	1596	1478	173,333,173,333
1539876186.089249127	110	40	48	1	2	0	2	-47	99849	8	0	1596	1478	173,333,173,333
1539876186.101005061	110	40	48	1	2	0	2	-48	99850	8	0	1596	1478	173,333,173,333
1539876186.112736621	110	40	48	1	2	0	2	-47	99851	8	0	1596	1478	173,333,173,333
1539876186.124498691	110	40	48	1	2	0	2	-47	99852	8	0	1596	1478	173,333,173,333
1539876186.136264669	110	40	48	1	2	0	2	-47	99853	8	0	1596	1478	173,333,173,333
1539876186.148036430	110	40	48	1	2	0	2	-47	99854	8	0	1596	1478	173,333,173,333
1539876186.159778881	110	40	48	1	2	0	2	-47	99855	8	0	1596	1478	173,333,173,333
1539876186.171555637	110	40	48	1	2	0	2	-48	99856	8	0	1596	1478	173,333,173,333
1539876186.183314805	110	40	48	1	2	0	2	-48	99857	8	0	1596	1478	173,333,173,333
1539876186.195079933	110	40	48	1	2	0	2	-47	99858	8	0	1596	1478	173,333,173,333
1539876186.206839382	110	40	48	1	2	0	2	-47	99859	8	0	1596	1478	173,333,173,333
1539876186.218591611	110	40	48	1	2	0	2	-47	99860	8	0	1596	1478	173,333,173,333
1539876186.230362435	110	40	48	1	2	0	2	-47	99861	8	0	1596	1478	173,333,173,333
1539876186.242265785	110	40	48	1	2	0	2	-48	99862	8	0	1596	1478	173,333,173,333
1539876186.254065298	110	40	48	1	2	0	2	-48	99863	8	0	1596	1478	173,333,173,333
1539876186.265735883	110	40	48	1	2	0	2	-48	99864	8	0	1596	1478	173,333,173,333
1539876186.277536776	110	40	48	1	2	0	2	-48	99865	8	0	1596	1478	173,333,173,333
1539876186.289316019	110	40	48	1	2	0	2	-48	99866	8	0	1596	1478	173,333,173,333
1539876186.301055725	110	40	48	1	2	0	2	-48	99867	8	0	1596	1478	173,333,173,333
1539876186.312830389	110	40	48	1	2	0	2	-49	99868	8	0	1596	1478	173,333,173,333
1539876186.324581791	110	40	48	1	2	0	2	-48	99869	8	0	1596	1478	173,333,173,333
1539876186.336377143	110	40	48	1	2	0	2	-47	99870	8	0	1596	1478	173,333,173,333
1539876186.348084424	110	40	48	1	2	0	2	-48	99871	8	0	1596	1478	173,333,173,333
1539876186.359856485	110	40	48	1	2	0	2	-49	99872	8	0	1596	1478	173,333,173,333
1539876186.371632044	110	40	48	1	2	0	2	-48	99873	8	0	1596	1478	173,333,173,333
1539876186.383396373	110	40	48	1	2	0	2	-48	99874	8	0	1596	1478	173,333,173,333
1539876186.395162756	110	40	48	1	2	0	2	-47	99875	8	0	1596	1478	173,333,173,333
1539876186.406958137	110	40	48	1	2	0	2	-47	99876	8	0	1596	1478	173,333,173,333
1539876186.418696527	110	40	48	1	2	0	2	-47	99877	8	0	1596	1478	173,333,173,333
1539876186.430403622	110	40	48	1	2	0	2	-47	99878	8	0	1596	1478	173,333,173,333
1539876186.442190488	110	40	48	1	2	0	2	-47	99879	8	0	1596	1478	173,333,173,333
1539876186.453964919	110	40	48	1	2	0	2	-47	99880	8	0	1596	1478	173,333,173,333
1539876186.465732581	110	40	48	1	2	0	2	-47	99881	8	0	1596	1478	173,333,173,333
1539876186.477458505	110	40	48	1	2	0	2	-47	99882	8	0	1596	1478	173,333,173,333
1539876186.489274079	110	40	48	1	2	0	2	-47	99883	8	0	1596	1478	173,333,173,333
1539876186.500872180	110	40	48	1	2	0	2	-46	99884	8	0	1596	1478	173,333,173,333
1539876186.512728694	110	40	48	1	2	0	2	-46	99885	8	0	1596	1478	173,333,173,333
1539876186.524520259	110	40	48	1	2	0	2	-46	99886	8	0	1596	1478	173,333,173,333
1539876186.536282559	110	40	48	1	2	0	2	-47	99887	8	0	1596	1478	173,333,173,333
1539876186.548057131	110	40	48	1	2	0	2	-47	99888	8	0	1596	1478	173,333,173,333
1539876186.559808044	110	40	48	1	2	0	2	-47	99889	8	0	1596	1478	173,333,173,333
1539876186.571574066	110	40	48	1	2	0	2	-48	99890	8	0	1596	1478	173,333,173,333
1539876186.583194315	110	40	48	1	2	0	2	-48	99891	8	0	1596	1478	173,333,173,333
1539876186.595047080	110	40	48	1	2	0	2	-48	99892	8	0	1596	1478	173,333,173,333
1539876186.606831928	110	40	48	1	2	0	2	-49	99893	8	0	1596	1478	173,333,173,333
1539876186.618608004	110	40	48	1	2	0	2	-49	99894	8	0	1596	1478	173,333,173,333
