1539877742.208205357	110	40	48	1	2	0	2	-46	155053	8	0	1596	1478	173,333,173,333
1539877742.219977883	110	40	48	1	2	0	2	-46	155054	8	0	1596	1478	173,333,173,333
1539877742.231700615	110	40	48	1	2	0	2	-46	155055	8	0	1596	1478	173,333,173,333
1539877742.243526839	110	40	48	1	2	0	2	-46	155056	8	0	1596	1478	173,333,173,333
1539877742.255329360	110	40	48	1	2	0	2	-46	155057	8	0	1596	1478	173,333,173,333
1539877742.267153199	110	40	48	1	2	0	2	-46	155058	8	0	1596	1478	173,333,173,333
1539877742.278722319	110	40	48	1	2	0	2	-46	155059	8	0	1596	1478	173,333,173,333
1539877742.290620915	110	40	48	1	2	0	2	-46	155060	8	0	1596	1478	173,333,173,333
1539877742.302514617	110	40	48	1	2	0	2	-46	155061	8	0	1596	1478	173,333,173,333
1539877742.314140637	110	40	48	1	2	0	2	-46	155062	8	0	1596	1478	173,333,173,333
1539877742.325861009	110	40	48	1	2	0	2	-46	155063	8	0	1596	1478	173,333,173,333
1539877742.337547902	110	40	48	1	2	0	2	-46	155064	8	0	1596	1478	173,333,173,333
1539877742.349301501	110	40	48	1	2	0	2	-46	155065	8	0	1596	1478	173,333,173,333
1539877742.361048660	110	40	48	1	2	0	2	-46	155066	8	0	1596	1478	173,333,173,333
1539877742.372818927	110	40	48	1	2	0	2	-46	155067	8	0	1596	1478	173,333,173,333
1539877742.384565365	110	40	48	1	2	0	2	-46	155068	8	0	1596	1478	173,333,173,333
1539877742.396368284	110	40	48	1	2	0	2	-46	155069	8	0	1596	1478	173,333,173,333
1539877742.408247051	110	40	48	1	2	0	2	-46	155070	8	0	1596	1478	173,333,173,333
1539877742.420027726	110	40	48	1	2	0	2	-46	155071	8	0	1596	1478	173,333,173,333
1539877742.431790721	110	40	48	1	2	0	2	-46	155072	8	0	1596	1478	173,333,173,333
1539877742.443582924	110	40	48	1	2	0	2	-46	155073	8	0	1596	1478	173,333,173,333
1539877742.455361933	110	40	48	1	2	0	2	-46	155074	8	0	1596	1478	173,333,173,333
1539877742.467157182	110	40	48	1	2	0	2	-45	155075	8	0	1596	1478	173,333,173,333
1539877742.478915906	110	40	48	1	2	0	2	-46	155076	8	0	1596	1478	173,333,173,333
1539877742.490703444	110	40	48	1	2	0	2	-46	155077	8	0	1596	1478	173,333,173,333
1539877742.502464035	110	40	48	1	2	0	2	-46	155078	8	0	1596	1478	173,333,173,333
1539877742.514103537	110	40	48	1	2	0	2	-46	155079	8	0	1596	1478	173,333,173,333
1539877742.525925626	110	40	48	1	2	0	2	-46	155080	8	0	1596	1478	173,333,173,333
1539877742.537704455	110	40	48	1	2	0	2	-46	155081	8	0	1596	1478	173,333,173,333
1539877742.549426157	110	40	48	1	2	0	2	-46	155082	8	0	1596	1478	173,333,173,333
1539877742.561249808	110	40	48	1	2	0	2	-46	155083	8	0	1596	1478	173,333,173,333
1539877742.573008910	110	40	48	1	2	0	2	-46	155084	8	0	1596	1478	173,333,173,333
1539877742.584677904	110	40	48	1	2	0	2	-46	155085	8	0	1596	1478	173,333,173,333
1539877742.596447284	110	40	48	1	2	0	2	-46	155086	8	0	1596	1478	173,333,173,333
1539877742.608142344	110	40	48	1	2	0	2	-46	155087	8	0	1596	1478	173,333,173,333
1539877742.619952057	110	40	48	1	2	0	2	-46	155088	8	0	1596	1478	173,333,173,333
1539877742.631707743	110	40	48	1	2	0	2	-46	155089	8	0	1596	1478	173,333,173,333
1539877742.643965849	110	40	48	1	2	0	2	-46	155090	8	0	1596	1478	173,333,173,333
1539877742.655313300	110	40	48	1	2	0	2	-46	155091	8	0	1596	1478	173,333,173,333
1539877742.667095042	110	40	48	1	2	0	2	-46	155092	8	0	1596	1478	173,333,173,333
1539877742.678804987	110	40	48	1	2	0	2	-46	155093	8	0	1596	1478	173,333,173,333
1539877742.690504292	110	40	48	1	2	0	2	-46	155094	8	0	1596	1478	173,333,173,333
1539877742.702390773	110	40	48	1	2	0	2	-46	155095	8	0	1596	1478	173,333,173,333
1539877742.714155742	110	40	48	1	2	0	2	-46	155096	8	0	1596	1478	173,333,173,333
1539877742.725895731	110	40	48	1	2	0	2	-46	155097	8	0	1596	1478	173,333,173,333
1539877742.737541795	110	40	48	1	2	0	2	-46	155098	8	0	1596	1478	173,333,173,333
1539877742.749249931	110	40	48	1	2	0	2	-46	155099	8	0	1596	1478	173,333,173,333
1539877742.761026546	110	40	48	1	2	0	2	-46	155100	8	0	1596	1478	173,333,173,333
1539877742.772891540	110	40	48	1	2	0	2	-46	155101	8	0	1596	1478	173,333,173,333
1539877742.784581442	110	40	48	1	2	0	2	-46	155102	8	0	1596	1478	173,333,173,333
1539877742.796350217	110	40	48	1	2	0	2	-46	155103	8	0	1596	1478	173,333,173,333
1539877742.808058426	110	40	48	1	2	0	2	-46	155104	8	0	1596	1478	173,333,173,333
1539877742.819827477	110	40	48	1	2	0	2	-46	155105	8	0	1596	1478	173,333,173,333
1539877742.831563452	110	40	48	1	2	0	2	-46	155106	8	0	1596	1478	173,333,173,333
1539877742.843347672	110	40	48	1	2	0	2	-46	155108	8	0	1596	1478	173,333,173,333
1539877742.862131775	110	40	48	1	2	0	2	-46	155109	8	0	1596	1478	173,333,173,333
1539877742.866992584	110	40	48	1	2	0	2	-46	155110	8	0	1596	1478	173,333,173,333
1539877742.878740810	110	40	48	1	2	0	2	-46	155111	8	0	1596	1478	173,333,173,333
1539877742.890545753	110	40	48	1	2	0	2	-46	155112	8	0	1596	1478	173,333,173,333
1539877742.902264946	110	40	48	1	2	0	2	-46	155113	8	0	1596	1478	173,333,173,333
1539877742.913987496	110	40	48	1	2	0	2	-46	155114	8	0	1596	1478	173,333,173,333
1539877742.925792476	110	40	48	1	2	0	2	-46	155115	8	0	1596	1478	173,333,173,333
1539877742.937555458	110	40	48	1	2	0	2	-46	155116	8	0	1596	1478	173,333,173,333
1539877742.949341287	110	40	48	1	2	0	2	-45	155117	8	0	1596	1478	173,333,173,333
1539877742.961009416	110	40	48	1	2	0	2	-46	155118	8	0	1596	1478	173,333,173,333
1539877742.972631015	110	40	48	1	2	0	2	-46	155119	8	0	1596	1478	173,333,173,333
1539877742.984498444	110	40	48	1	2	0	2	-46	155120	8	0	1596	1478	173,333,173,333
1539877742.996184255	110	40	48	1	2	0	2	-46	155121	8	0	1596	1478	173,333,173,333
1539877743.008071508	110	40	48	1	2	0	2	-46	155123	8	0	1596	1478	173,333,173,333
1539877743.019838245	110	40	48	1	2	0	2	-46	155124	8	0	1596	1478	173,333,173,333
1539877743.031417673	110	40	48	1	2	0	2	-47	155125	8	0	1596	1478	173,333,173,333
1539877743.043249961	110	40	48	1	2	0	2	-47	155126	8	0	1596	1478	173,333,173,333
1539877743.055081631	110	40	48	1	2	0	2	-47	155127	8	0	1596	1478	173,333,173,333
1539877743.066854446	110	40	48	1	2	0	2	-46	155128	8	0	1596	1478	173,333,173,333
1539877743.078663256	110	40	48	1	2	0	2	-46	155129	8	0	1596	1478	173,333,173,333
1539877743.090370746	110	40	48	1	2	0	2	-46	155130	8	0	1596	1478	173,333,173,333
1539877743.102175945	110	40	48	1	2	0	2	-46	155131	8	0	1596	1478	173,333,173,333
1539877743.113979626	110	40	48	1	2	0	2	-45	155132	8	0	1596	1478	173,333,173,333
1539877743.125737017	110	40	48	1	2	0	2	-46	155133	8	0	1596	1478	173,333,173,333
1539877743.137510326	110	40	48	1	2	0	2	-46	155134	8	0	1596	1478	173,333,173,333
1539877743.149091866	110	40	48	1	2	0	2	-45	155135	8	0	1596	1478	173,333,173,333
1539877743.160870637	110	40	48	1	2	0	2	-46	155136	8	0	1596	1478	173,333,173,333
1539877743.172731191	110	40	48	1	2	0	2	-46	155137	8	0	1596	1478	173,333,173,333
1539877743.184427325	110	40	48	1	2	0	2	-46	155138	8	0	1596	1478	173,333,173,333
1539877743.196266228	110	40	48	1	2	0	2	-46	155139	8	0	1596	1478	173,333,173,333
1539877743.208056858	110	40	48	1	2	0	2	-45	155140	8	0	1596	1478	173,333,173,333
1539877743.219822711	110	40	48	1	2	0	2	-46	155141	8	0	1596	1478	173,333,173,333
1539877743.231507972	110	40	48	1	2	0	2	-45	155142	8	0	1596	1478	173,333,173,333
1539877743.243306428	110	40	48	1	2	0	2	-46	155143	8	0	1596	1478	173,333,173,333
1539877743.254967033	110	40	48	1	2	0	2	-46	155144	8	0	1596	1478	173,333,173,333
1539877743.266729756	110	40	48	1	2	0	2	-46	155145	8	0	1596	1478	173,333,173,333
1539877743.278526749	110	40	48	1	2	0	2	-46	155146	8	0	1596	1478	173,333,173,333
1539877743.290122065	110	40	48	1	2	0	2	-46	155147	8	0	1596	1478	173,333,173,333
1539877743.301851584	110	40	48	1	2	0	2	-46	155148	8	0	1596	1478	173,333,173,333
1539877743.313613435	110	40	48	1	2	0	2	-46	155149	8	0	1596	1478	173,333,173,333
1539877743.325369517	110	40	48	1	2	0	2	-46	155150	8	0	1596	1478	173,333,173,333
1539877743.337131017	110	40	48	1	2	0	2	-46	155151	8	0	1596	1478	173,333,173,333
1539877743.348919154	110	40	48	1	2	0	2	-46	155152	8	0	1596	1478	173,333,173,333
1539877743.360868780	110	40	48	1	2	0	2	-47	155153	8	0	1596	1478	173,333,173,333
1539877743.372679673	110	40	48	1	2	0	2	-47	155154	8	0	1596	1478	173,333,173,333
1539877743.384406702	110	40	48	1	2	0	2	-47	155155	8	0	1596	1478	173,333,173,333
1539877743.396178777	110	40	48	1	2	0	2	-46	155156	8	0	1596	1478	173,333,173,333
1539877743.407813334	110	40	48	1	2	0	2	-47	155157	8	0	1596	1478	173,333,173,333
1539877743.419663279	110	40	48	1	2	0	2	-47	155158	8	0	1596	1478	173,333,173,333
1539877743.431426263	110	40	48	1	2	0	2	-47	155159	8	0	1596	1478	173,333,173,333
1539877743.443174349	110	40	48	1	2	0	2	-46	155160	8	0	1596	1478	173,333,173,333
1539877743.454883566	110	40	48	1	2	0	2	-47	155161	8	0	1596	1478	173,333,173,333
1539877743.466740020	110	40	48	1	2	0	2	-47	155162	8	0	1596	1478	173,333,173,333
1539877743.478508433	110	40	48	1	2	0	2	-46	155163	8	0	1596	1478	173,333,173,333
1539877743.490279983	110	40	48	1	2	0	2	-46	155164	8	0	1596	1478	173,333,173,333
1539877743.501987846	110	40	48	1	2	0	2	-46	155165	8	0	1596	1478	173,333,173,333
1539877743.513729433	110	40	48	1	2	0	2	-46	155166	8	0	1596	1478	173,333,173,333
1539877743.525446570	110	40	48	1	2	0	2	-47	155167	8	0	1596	1478	173,333,173,333
1539877743.537246966	110	40	48	1	2	0	2	-47	155168	8	0	1596	1478	173,333,173,333
1539877743.549051046	110	40	48	1	2	0	2	-46	155169	8	0	1596	1478	173,333,173,333
1539877743.560817691	110	40	48	1	2	0	2	-46	155170	8	0	1596	1478	173,333,173,333
1539877743.572498234	110	40	48	1	2	0	2	-46	155171	8	0	1596	1478	173,333,173,333
1539877743.584257023	110	40	48	1	2	0	2	-47	155172	8	0	1596	1478	173,333,173,333
1539877743.596118402	110	40	48	1	2	0	2	-47	155173	8	0	1596	1478	173,333,173,333
1539877743.607792789	110	40	48	1	2	0	2	-48	155174	8	0	1596	1478	173,333,173,333
1539877743.619594033	110	40	48	1	2	0	2	-48	155175	8	0	1596	1478	173,333,173,333
1539877743.631366490	110	40	48	1	2	0	2	-47	155176	8	0	1596	1478	173,333,173,333
1539877743.643151563	110	40	48	1	2	0	2	-47	155177	8	0	1596	1478	173,333,173,333
1539877743.654893552	110	40	48	1	2	0	2	-47	155178	8	0	1596	1478	173,333,173,333
1539877743.666704572	110	40	48	1	2	0	2	-47	155179	8	0	1596	1478	173,333,173,333
1539877743.678494595	110	40	48	1	2	0	2	-47	155180	8	0	1596	1478	173,333,173,333
1539877743.690163633	110	40	48	1	2	0	2	-47	155181	8	0	1596	1478	173,333,173,333
1539877743.701822054	110	40	48	1	2	0	2	-47	155182	8	0	1596	1478	173,333,173,333
1539877743.713692012	110	40	48	1	2	0	2	-47	155183	8	0	1596	1478	173,333,173,333
1539877743.725458907	110	40	48	1	2	0	2	-47	155184	8	0	1596	1478	173,333,173,333
1539877743.737241268	110	40	48	1	2	0	2	-47	155185	8	0	1596	1478	173,333,173,333
1539877743.748924378	110	40	48	1	2	0	2	-47	155186	8	0	1596	1478	173,333,173,333
1539877743.760658598	110	40	48	1	2	0	2	-47	155187	8	0	1596	1478	173,333,173,333
1539877743.772428069	110	40	48	1	2	0	2	-46	155188	8	0	1596	1478	173,333,173,333
1539877743.784122494	110	40	48	1	2	0	2	-47	155189	8	0	1596	1478	173,333,173,333
1539877743.795901833	110	40	48	1	2	0	2	-47	155190	8	0	1596	1478	173,333,173,333
1539877743.807793944	110	40	48	1	2	0	2	-47	155191	8	0	1596	1478	173,333,173,333
1539877743.819416598	110	40	48	1	2	0	2	-47	155192	8	0	1596	1478	173,333,173,333
1539877743.831326015	110	40	48	1	2	0	2	-47	155193	8	0	1596	1478	173,333,173,333
1539877743.843091192	110	40	48	1	2	0	2	-47	155194	8	0	1596	1478	173,333,173,333
1539877743.854773184	110	40	48	1	2	0	2	-47	155195	8	0	1596	1478	173,333,173,333
1539877743.866484587	110	40	48	1	2	0	2	-47	155196	8	0	1596	1478	173,333,173,333
1539877743.878246556	110	40	48	1	2	0	2	-47	155197	8	0	1596	1478	173,333,173,333
1539877743.890026256	110	40	48	1	2	0	2	-47	155198	8	0	1596	1478	173,333,173,333
1539877743.901794843	110	40	48	1	2	0	2	-47	155199	8	0	1596	1478	173,333,173,333
1539877743.913588732	110	40	48	1	2	0	2	-47	155200	8	0	1596	1478	173,333,173,333
1539877743.925323162	110	40	48	1	2	0	2	-47	155201	8	0	1596	1478	173,333,173,333
1539877743.937023139	110	40	48	1	2	0	2	-47	155202	8	0	1596	1478	173,333,173,333
1539877743.948811383	110	40	48	1	2	0	2	-47	155203	8	0	1596	1478	173,333,173,333
1539877743.960573526	110	40	48	1	2	0	2	-46	155204	8	0	1596	1478	173,333,173,333
1539877743.972354365	110	40	48	1	2	0	2	-46	155205	8	0	1596	1478	173,333,173,333
1539877743.984120024	110	40	48	1	2	0	2	-46	155206	8	0	1596	1478	173,333,173,333
1539877743.995878407	110	40	48	1	2	0	2	-46	155207	8	0	1596	1478	173,333,173,333
1539877744.007611336	110	40	48	1	2	0	2	-46	155208	8	0	1596	1478	173,333,173,333
1539877744.019269778	110	40	48	1	2	0	2	-46	155209	8	0	1596	1478	173,333,173,333
1539877744.031016061	110	40	48	1	2	0	2	-46	155210	8	0	1596	1478	173,333,173,333
1539877744.042734517	110	40	48	1	2	0	2	-46	155211	8	0	1596	1478	173,333,173,333
1539877744.054443240	110	40	48	1	2	0	2	-45	155212	8	0	1596	1478	173,333,173,333
1539877744.066444328	110	40	48	1	2	0	2	-45	155213	8	0	1596	1478	173,333,173,333
1539877744.078215014	110	40	48	1	2	0	2	-45	155214	8	0	1596	1478	173,333,173,333
1539877744.089762033	110	40	48	1	2	0	2	-45	155215	8	0	1596	1478	173,333,173,333
1539877744.101659003	110	40	48	1	2	0	2	-45	155216	8	0	1596	1478	173,333,173,333
1539877744.113455551	110	40	48	1	2	0	2	-44	155217	8	0	1596	1478	173,333,173,333
1539877744.125226563	110	40	48	1	2	0	2	-44	155218	8	0	1596	1478	173,333,173,333
1539877744.136990453	110	40	48	1	2	0	2	-45	155219	8	0	1596	1478	173,333,173,333
1539877744.148755319	110	40	48	1	2	0	2	-44	155220	8	0	1596	1478	173,333,173,333
1539877744.160517856	110	40	48	1	2	0	2	-45	155221	8	0	1596	1478	173,333,173,333
1539877744.172201581	110	40	48	1	2	0	2	-45	155222	8	0	1596	1478	173,333,173,333
1539877744.183999129	110	40	48	1	2	0	2	-45	155223	8	0	1596	1478	173,333,173,333
1539877744.195774438	110	40	48	1	2	0	2	-45	155224	8	0	1596	1478	173,333,173,333
1539877744.207523592	110	40	48	1	2	0	2	-45	155225	8	0	1596	1478	173,333,173,333
1539877744.219240815	110	40	48	1	2	0	2	-45	155226	8	0	1596	1478	173,333,173,333
1539877744.231018560	110	40	48	1	2	0	2	-44	155227	8	0	1596	1478	173,333,173,333
1539877744.242853377	110	40	48	1	2	0	2	-45	155228	8	0	1596	1478	173,333,173,333
1539877744.254428697	110	40	48	1	2	0	2	-45	155229	8	0	1596	1478	173,333,173,333
1539877744.266193233	110	40	48	1	2	0	2	-46	155230	8	0	1596	1478	173,333,173,333
1539877744.277910060	110	40	48	1	2	0	2	-44	155231	8	0	1596	1478	173,333,173,333
1539877744.289654024	110	40	48	1	2	0	2	-45	155232	8	0	1596	1478	173,333,173,333
1539877744.301459723	110	40	48	1	2	0	2	-45	155233	8	0	1596	1478	173,333,173,333
1539877744.313218031	110	40	48	1	2	0	2	-45	155234	8	0	1596	1478	173,333,173,333
1539877744.324979096	110	40	48	1	2	0	2	-45	155235	8	0	1596	1478	173,333,173,333
1539877744.336736742	110	40	48	1	2	0	2	-45	155236	8	0	1596	1478	173,333,173,333
1539877744.348500638	110	40	48	1	2	0	2	-45	155237	8	0	1596	1478	173,333,173,333
1539877744.360254630	110	40	48	1	2	0	2	-45	155238	8	0	1596	1478	173,333,173,333
1539877744.372021559	110	40	48	1	2	0	2	-45	155239	8	0	1596	1478	173,333,173,333
1539877744.383779372	110	40	48	1	2	0	2	-45	155240	8	0	1596	1478	173,333,173,333
1539877744.395530346	110	40	48	1	2	0	2	-45	155241	8	0	1596	1478	173,333,173,333
1539877744.407280441	110	40	48	1	2	0	2	-45	155242	8	0	1596	1478	173,333,173,333
1539877744.419044738	110	40	48	1	2	0	2	-45	155243	8	0	1596	1478	173,333,173,333
1539877744.430796913	110	40	48	1	2	0	2	-45	155244	8	0	1596	1478	173,333,173,333
1539877744.442581243	110	40	48	1	2	0	2	-46	155245	8	0	1596	1478	173,333,173,333
1539877744.454334108	110	40	48	1	2	0	2	-45	155246	8	0	1596	1478	173,333,173,333
1539877744.466129308	110	40	48	1	2	0	2	-45	155247	8	0	1596	1478	173,333,173,333
1539877744.477859183	110	40	48	1	2	0	2	-45	155248	8	0	1596	1478	173,333,173,333
1539877744.489620924	110	40	48	1	2	0	2	-45	155249	8	0	1596	1478	173,333,173,333
1539877744.501381276	110	40	48	1	2	0	2	-44	155250	8	0	1596	1478	173,333,173,333
1539877744.513154123	110	40	48	1	2	0	2	-45	155251	8	0	1596	1478	173,333,173,333
1539877744.524907470	110	40	48	1	2	0	2	-45	155252	8	0	1596	1478	173,333,173,333
1539877744.536669933	110	40	48	1	2	0	2	-45	155253	8	0	1596	1478	173,333,173,333
1539877744.548424704	110	40	48	1	2	0	2	-45	155254	8	0	1596	1478	173,333,173,333
1539877744.560176315	110	40	48	1	2	0	2	-44	155255	8	0	1596	1478	173,333,173,333
1539877744.571943523	110	40	48	1	2	0	2	-44	155256	8	0	1596	1478	173,333,173,333
1539877744.583698012	110	40	48	1	2	0	2	-45	155257	8	0	1596	1478	173,333,173,333
1539877744.595441257	110	40	48	1	2	0	2	-45	155258	8	0	1596	1478	173,333,173,333
1539877744.607203152	110	40	48	1	2	0	2	-45	155259	8	0	1596	1478	173,333,173,333
1539877744.619070917	110	40	48	1	2	0	2	-45	155260	8	0	1596	1478	173,333,173,333
1539877744.630782116	110	40	48	1	2	0	2	-44	155261	8	0	1596	1478	173,333,173,333
1539877744.642552228	110	40	48	1	2	0	2	-44	155262	8	0	1596	1478	173,333,173,333
1539877744.654421056	110	40	48	1	2	0	2	-45	155263	8	0	1596	1478	173,333,173,333
1539877744.666203199	110	40	48	1	2	0	2	-45	155264	8	0	1596	1478	173,333,173,333
1539877744.677958099	110	40	48	1	2	0	2	-45	155265	8	0	1596	1478	173,333,173,333
1539877744.689735161	110	40	48	1	2	0	2	-45	155266	8	0	1596	1478	173,333,173,333
1539877744.701425019	110	40	48	1	2	0	2	-45	155267	8	0	1596	1478	173,333,173,333
1539877744.713213595	110	40	48	1	2	0	2	-45	155268	8	0	1596	1478	173,333,173,333
1539877744.724978201	110	40	48	1	2	0	2	-45	155269	8	0	1596	1478	173,333,173,333
1539877744.736765429	110	40	48	1	2	0	2	-45	155270	8	0	1596	1478	173,333,173,333
1539877744.748531543	110	40	48	1	2	0	2	-45	155271	8	0	1596	1478	173,333,173,333
1539877744.760252279	110	40	48	1	2	0	2	-44	155272	8	0	1596	1478	173,333,173,333
1539877744.771883352	110	40	48	1	2	0	2	-44	155273	8	0	1596	1478	173,333,173,333
1539877744.783699798	110	40	48	1	2	0	2	-44	155274	8	0	1596	1478	173,333,173,333
1539877744.795536812	110	40	48	1	2	0	2	-44	155275	8	0	1596	1478	173,333,173,333
1539877744.807206174	110	40	48	1	2	0	2	-45	155276	8	0	1596	1478	173,333,173,333
1539877744.819073297	110	40	48	1	2	0	2	-45	155277	8	0	1596	1478	173,333,173,333
1539877744.830831777	110	40	48	1	2	0	2	-45	155278	8	0	1596	1478	173,333,173,333
1539877744.842610749	110	40	48	1	2	0	2	-44	155279	8	0	1596	1478	173,333,173,333
1539877744.854282599	110	40	48	1	2	0	2	-45	155280	8	0	1596	1478	173,333,173,333
1539877744.866075824	110	40	48	1	2	0	2	-44	155281	8	0	1596	1478	173,333,173,333
1539877744.877845608	110	40	48	1	2	0	2	-44	155282	8	0	1596	1478	173,333,173,333
1539877744.889606774	110	40	48	1	2	0	2	-45	155283	8	0	1596	1478	173,333,173,333
1539877744.901407656	110	40	48	1	2	0	2	-45	155284	8	0	1596	1478	173,333,173,333
1539877744.913149180	110	40	48	1	2	0	2	-45	155285	8	0	1596	1478	173,333,173,333
1539877744.924925861	110	40	48	1	2	0	2	-44	155286	8	0	1596	1478	173,333,173,333
1539877744.936605665	110	40	48	1	2	0	2	-44	155287	8	0	1596	1478	173,333,173,333
1539877744.948390614	110	40	48	1	2	0	2	-44	155288	8	0	1596	1478	173,333,173,333
1539877744.960147774	110	40	48	1	2	0	2	-43	155289	8	0	1596	1478	173,333,173,333
1539877744.971961589	110	40	48	1	2	0	2	-45	155290	8	0	1596	1478	173,333,173,333
1539877744.983717392	110	40	48	1	2	0	2	-45	155291	8	0	1596	1478	173,333,173,333
1539877744.995488916	110	40	48	1	2	0	2	-44	155292	8	0	1596	1478	173,333,173,333
1539877745.007255077	110	40	48	1	2	0	2	-45	155293	8	0	1596	1478	173,333,173,333
1539877745.018962072	110	40	48	1	2	0	2	-44	155294	8	0	1596	1478	173,333,173,333
1539877745.030733082	110	40	48	1	2	0	2	-45	155295	8	0	1596	1478	173,333,173,333
1539877745.042492733	110	40	48	1	2	0	2	-44	155296	8	0	1596	1478	173,333,173,333
1539877745.054268368	110	40	48	1	2	0	2	-45	155297	8	0	1596	1478	173,333,173,333
1539877745.066044149	110	40	48	1	2	0	2	-44	155298	8	0	1596	1478	173,333,173,333
1539877745.077810173	110	40	48	1	2	0	2	-44	155299	8	0	1596	1478	173,333,173,333
1539877745.089535252	110	40	48	1	2	0	2	-44	155300	8	0	1596	1478	173,333,173,333
1539877745.101624944	110	40	48	1	2	0	2	-44	155301	8	0	1596	1478	173,333,173,333
1539877745.113043659	110	40	48	1	2	0	2	-44	155302	8	0	1596	1478	173,333,173,333
1539877745.124805518	110	40	48	1	2	0	2	-44	155303	8	0	1596	1478	173,333,173,333
1539877745.136573559	110	40	48	1	2	0	2	-44	155304	8	0	1596	1478	173,333,173,333
1539877745.148360184	110	40	48	1	2	0	2	-44	155305	8	0	1596	1478	173,333,173,333
1539877745.160064626	110	40	48	1	2	0	2	-44	155306	8	0	1596	1478	173,333,173,333
1539877745.171756909	110	40	48	1	2	0	2	-44	155307	8	0	1596	1478	173,333,173,333
1539877745.183592829	110	40	48	1	2	0	2	-44	155308	8	0	1596	1478	173,333,173,333
1539877745.195362527	110	40	48	1	2	0	2	-44	155309	8	0	1596	1478	173,333,173,333
1539877745.207147144	110	40	48	1	2	0	2	-44	155310	8	0	1596	1478	173,333,173,333
1539877745.218845449	110	40	48	1	2	0	2	-44	155311	8	0	1596	1478	173,333,173,333
1539877745.230511940	110	40	48	1	2	0	2	-44	155312	8	0	1596	1478	173,333,173,333
1539877745.242403639	110	40	48	1	2	0	2	-44	155313	8	0	1596	1478	173,333,173,333
1539877745.254121613	110	40	48	1	2	0	2	-44	155314	8	0	1596	1478	173,333,173,333
1539877745.265896801	110	40	48	1	2	0	2	-44	155315	8	0	1596	1478	173,333,173,333
1539877745.277672889	110	40	48	1	2	0	2	-44	155316	8	0	1596	1478	173,333,173,333
1539877745.289450406	110	40	48	1	2	0	2	-44	155317	8	0	1596	1478	173,333,173,333
1539877745.301222026	110	40	48	1	2	0	2	-45	155318	8	0	1596	1478	173,333,173,333
1539877745.312929160	110	40	48	1	2	0	2	-45	155319	8	0	1596	1478	173,333,173,333
1539877745.324772594	110	40	48	1	2	0	2	-44	155320	8	0	1596	1478	173,333,173,333
1539877745.336467854	110	40	48	1	2	0	2	-45	155321	8	0	1596	1478	173,333,173,333
1539877745.348234246	110	40	48	1	2	0	2	-44	155322	8	0	1596	1478	173,333,173,333
1539877745.360011060	110	40	48	1	2	0	2	-44	155323	8	0	1596	1478	173,333,173,333
1539877745.371785680	110	40	48	1	2	0	2	-44	155324	8	0	1596	1478	173,333,173,333
1539877745.383561608	110	40	48	1	2	0	2	-44	155325	8	0	1596	1478	173,333,173,333
1539877745.395332473	110	40	48	1	2	0	2	-44	155326	8	0	1596	1478	173,333,173,333
1539877745.407038985	110	40	48	1	2	0	2	-45	155327	8	0	1596	1478	173,333,173,333
1539877745.418795120	110	40	48	1	2	0	2	-45	155328	8	0	1596	1478	173,333,173,333
1539877745.430564022	110	40	48	1	2	0	2	-45	155329	8	0	1596	1478	173,333,173,333
1539877745.442333854	110	40	48	1	2	0	2	-45	155330	8	0	1596	1478	173,333,173,333
1539877745.454127909	110	40	48	1	2	0	2	-45	155331	8	0	1596	1478	173,333,173,333
1539877745.465861338	110	40	48	1	2	0	2	-45	155332	8	0	1596	1478	173,333,173,333
1539877745.477638076	110	40	48	1	2	0	2	-45	155333	8	0	1596	1478	173,333,173,333
1539877745.489250425	110	40	48	1	2	0	2	-44	155334	8	0	1596	1478	173,333,173,333
1539877745.501123920	110	40	48	1	2	0	2	-44	155335	8	0	1596	1478	173,333,173,333
1539877745.512828835	110	40	48	1	2	0	2	-44	155336	8	0	1596	1478	173,333,173,333
1539877745.524662191	110	40	48	1	2	0	2	-44	155337	8	0	1596	1478	173,333,173,333
1539877745.536427320	110	40	48	1	2	0	2	-45	155338	8	0	1596	1478	173,333,173,333
1539877745.548203273	110	40	48	1	2	0	2	-46	155339	8	0	1596	1478	173,333,173,333
1539877745.559963521	110	40	48	1	2	0	2	-44	155340	8	0	1596	1478	173,333,173,333
1539877745.571644529	110	40	48	1	2	0	2	-44	155341	8	0	1596	1478	173,333,173,333
1539877745.583431652	110	40	48	1	2	0	2	-45	155342	8	0	1596	1478	173,333,173,333
1539877745.595243791	110	40	48	1	2	0	2	-45	155343	8	0	1596	1478	173,333,173,333
1539877745.606988553	110	40	48	1	2	0	2	-45	155344	8	0	1596	1478	173,333,173,333
1539877745.618762812	110	40	48	1	2	0	2	-45	155345	8	0	1596	1478	173,333,173,333
1539877745.630522615	110	40	48	1	2	0	2	-44	155346	8	0	1596	1478	173,333,173,333
1539877745.642277830	110	40	48	1	2	0	2	-43	155347	8	0	1596	1478	173,333,173,333
1539877745.653971924	110	40	48	1	2	0	2	-43	155348	8	0	1596	1478	173,333,173,333
1539877745.665740258	110	40	48	1	2	0	2	-43	155349	8	0	1596	1478	173,333,173,333
1539877745.677508790	110	40	48	1	2	0	2	-43	155350	8	0	1596	1478	173,333,173,333
1539877745.689281481	110	40	48	1	2	0	2	-43	155351	8	0	1596	1478	173,333,173,333
1539877745.701077005	110	40	48	1	2	0	2	-43	155352	8	0	1596	1478	173,333,173,333
1539877745.712703059	110	40	48	1	2	0	2	-43	155353	8	0	1596	1478	173,333,173,333
1539877745.724608917	110	40	48	1	2	0	2	-43	155354	8	0	1596	1478	173,333,173,333
1539877745.736305142	110	40	48	1	2	0	2	-43	155355	8	0	1596	1478	173,333,173,333
1539877745.748088658	110	40	48	1	2	0	2	-43	155356	8	0	1596	1478	173,333,173,333
1539877745.759858784	110	40	48	1	2	0	2	-43	155357	8	0	1596	1478	173,333,173,333
1539877745.771616718	110	40	48	1	2	0	2	-42	155358	8	0	1596	1478	173,333,173,333
1539877745.783392578	110	40	48	1	2	0	2	-42	155359	8	0	1596	1478	173,333,173,333
1539877745.795117108	110	40	48	1	2	0	2	-43	155360	8	0	1596	1478	173,333,173,333
1539877745.806816319	110	40	48	1	2	0	2	-42	155361	8	0	1596	1478	173,333,173,333
1539877745.818471122	110	40	48	1	2	0	2	-43	155362	8	0	1596	1478	173,333,173,333
1539877745.830414845	110	40	48	1	2	0	2	-43	155363	8	0	1596	1478	173,333,173,333
1539877745.842142678	110	40	48	1	2	0	2	-43	155364	8	0	1596	1478	173,333,173,333
1539877745.853924467	110	40	48	1	2	0	2	-43	155365	8	0	1596	1478	173,333,173,333
1539877745.865682407	110	40	48	1	2	0	2	-44	155366	8	0	1596	1478	173,333,173,333
1539877745.877499533	110	40	48	1	2	0	2	-44	155367	8	0	1596	1478	173,333,173,333
1539877745.889118523	110	40	48	1	2	0	2	-44	155368	8	0	1596	1478	173,333,173,333
1539877745.900907030	110	40	48	1	2	0	2	-44	155369	8	0	1596	1478	173,333,173,333
1539877745.912715332	110	40	48	1	2	0	2	-43	155370	8	0	1596	1478	173,333,173,333
1539877745.924500830	110	40	48	1	2	0	2	-43	155371	8	0	1596	1478	173,333,173,333
1539877745.936278846	110	40	48	1	2	0	2	-43	155372	8	0	1596	1478	173,333,173,333
1539877745.948045037	110	40	48	1	2	0	2	-44	155373	8	0	1596	1478	173,333,173,333
1539877745.959817548	110	40	48	1	2	0	2	-44	155374	8	0	1596	1478	173,333,173,333
1539877745.971494808	110	40	48	1	2	0	2	-44	155375	8	0	1596	1478	173,333,173,333
1539877745.983284618	110	40	48	1	2	0	2	-45	155376	8	0	1596	1478	173,333,173,333
1539877745.995065677	110	40	48	1	2	0	2	-45	155377	8	0	1596	1478	173,333,173,333
1539877746.006830794	110	40	48	1	2	0	2	-45	155378	8	0	1596	1478	173,333,173,333
1539877746.018612808	110	40	48	1	2	0	2	-45	155379	8	0	1596	1478	173,333,173,333
1539877746.030360761	110	40	48	1	2	0	2	-45	155380	8	0	1596	1478	173,333,173,333
1539877746.042149186	110	40	48	1	2	0	2	-45	155381	8	0	1596	1478	173,333,173,333
1539877746.053829696	110	40	48	1	2	0	2	-46	155382	8	0	1596	1478	173,333,173,333
1539877746.065594923	110	40	48	1	2	0	2	-44	155383	8	0	1596	1478	173,333,173,333
1539877746.077374203	110	40	48	1	2	0	2	-44	155384	8	0	1596	1478	173,333,173,333
1539877746.089162484	110	40	48	1	2	0	2	-45	155385	8	0	1596	1478	173,333,173,333
1539877746.100919599	110	40	48	1	2	0	2	-45	155386	8	0	1596	1478	173,333,173,333
1539877746.112686685	110	40	48	1	2	0	2	-44	155387	8	0	1596	1478	173,333,173,333
1539877746.124299035	110	40	48	1	2	0	2	-44	155388	8	0	1596	1478	173,333,173,333
1539877746.136149034	110	40	48	1	2	0	2	-44	155389	8	0	1596	1478	173,333,173,333
1539877746.147933567	110	40	48	1	2	0	2	-44	155390	8	0	1596	1478	173,333,173,333
1539877746.159707790	110	40	48	1	2	0	2	-44	155391	8	0	1596	1478	173,333,173,333
1539877746.171478266	110	40	48	1	2	0	2	-44	155392	8	0	1596	1478	173,333,173,333
1539877746.183230918	110	40	48	1	2	0	2	-45	155393	8	0	1596	1478	173,333,173,333
1539877746.194853401	110	40	48	1	2	0	2	-45	155394	8	0	1596	1478	173,333,173,333
1539877746.206589498	110	40	48	1	2	0	2	-45	155395	8	0	1596	1478	173,333,173,333
1539877746.218322648	110	40	48	1	2	0	2	-44	155396	8	0	1596	1478	173,333,173,333
1539877746.230117367	110	40	48	1	2	0	2	-45	155397	8	0	1596	1478	173,333,173,333
1539877746.241847818	110	40	48	1	2	0	2	-45	155398	8	0	1596	1478	173,333,173,333
1539877746.253593383	110	40	48	1	2	0	2	-45	155399	8	0	1596	1478	173,333,173,333
1539877746.265362972	110	40	48	1	2	0	2	-45	155400	8	0	1596	1478	173,333,173,333
1539877746.277103762	110	40	48	1	2	0	2	-44	155401	8	0	1596	1478	173,333,173,333
1539877746.288891568	110	40	48	1	2	0	2	-44	155402	8	0	1596	1478	173,333,173,333
1539877746.300633836	110	40	48	1	2	0	2	-44	155403	8	0	1596	1478	173,333,173,333
1539877746.312409139	110	40	48	1	2	0	2	-44	155404	8	0	1596	1478	173,333,173,333
1539877746.324152223	110	40	48	1	2	0	2	-45	155405	8	0	1596	1478	173,333,173,333
1539877746.335895343	110	40	48	1	2	0	2	-45	155406	8	0	1596	1478	173,333,173,333
1539877746.347700644	110	40	48	1	2	0	2	-45	155407	8	0	1596	1478	173,333,173,333
1539877746.359472644	110	40	48	1	2	0	2	-45	155408	8	0	1596	1478	173,333,173,333
1539877746.371221976	110	40	48	1	2	0	2	-45	155409	8	0	1596	1478	173,333,173,333
1539877746.382989755	110	40	48	1	2	0	2	-44	155410	8	0	1596	1478	173,333,173,333
1539877746.394685893	110	40	48	1	2	0	2	-44	155411	8	0	1596	1478	173,333,173,333
1539877746.406478554	110	40	48	1	2	0	2	-44	155412	8	0	1596	1478	173,333,173,333
1539877746.418222539	110	40	48	1	2	0	2	-44	155413	8	0	1596	1478	173,333,173,333
1539877746.430123669	110	40	48	1	2	0	2	-44	155414	8	0	1596	1478	173,333,173,333
1539877746.441918772	110	40	48	1	2	0	2	-44	155415	8	0	1596	1478	173,333,173,333
1539877746.453695281	110	40	48	1	2	0	2	-45	155416	8	0	1596	1478	173,333,173,333
1539877746.465410384	110	40	48	1	2	0	2	-45	155417	8	0	1596	1478	173,333,173,333
1539877746.477236940	110	40	48	1	2	0	2	-45	155418	8	0	1596	1478	173,333,173,333
1539877746.488979484	110	40	48	1	2	0	2	-45	155419	8	0	1596	1478	173,333,173,333
1539877746.500776792	110	40	48	1	2	0	2	-45	155420	8	0	1596	1478	173,333,173,333
1539877746.512466795	110	40	48	1	2	0	2	-45	155421	8	0	1596	1478	173,333,173,333
1539877746.524250487	110	40	48	1	2	0	2	-45	155422	8	0	1596	1478	173,333,173,333
1539877746.536035867	110	40	48	1	2	0	2	-44	155423	8	0	1596	1478	173,333,173,333
1539877746.547790166	110	40	48	1	2	0	2	-45	155424	8	0	1596	1478	173,333,173,333
1539877746.559558293	110	40	48	1	2	0	2	-45	155425	8	0	1596	1478	173,333,173,333
1539877746.571300429	110	40	48	1	2	0	2	-45	155426	8	0	1596	1478	173,333,173,333
1539877746.582927145	110	40	48	1	2	0	2	-45	155427	8	0	1596	1478	173,333,173,333
1539877746.594810485	110	40	48	1	2	0	2	-44	155428	8	0	1596	1478	173,333,173,333
1539877746.606566660	110	40	48	1	2	0	2	-44	155429	8	0	1596	1478	173,333,173,333
1539877746.618328366	110	40	48	1	2	0	2	-43	155430	8	0	1596	1478	173,333,173,333
1539877746.630119052	110	40	48	1	2	0	2	-43	155431	8	0	1596	1478	173,333,173,333
1539877746.641882920	110	40	48	1	2	0	2	-44	155432	8	0	1596	1478	173,333,173,333
1539877746.653656246	110	40	48	1	2	0	2	-43	155433	8	0	1596	1478	173,333,173,333
1539877746.665322696	110	40	48	1	2	0	2	-43	155434	8	0	1596	1478	173,333,173,333
1539877746.677106201	110	40	48	1	2	0	2	-43	155435	8	0	1596	1478	173,333,173,333
1539877746.688898693	110	40	48	1	2	0	2	-43	155436	8	0	1596	1478	173,333,173,333
1539877746.700670573	110	40	48	1	2	0	2	-43	155437	8	0	1596	1478	173,333,173,333
1539877746.712442687	110	40	48	1	2	0	2	-43	155438	8	0	1596	1478	173,333,173,333
1539877746.724201250	110	40	48	1	2	0	2	-43	155439	8	0	1596	1478	173,333,173,333
1539877746.735971279	110	40	48	1	2	0	2	-43	155440	8	0	1596	1478	173,333,173,333
1539877746.747667948	110	40	48	1	2	0	2	-43	155441	8	0	1596	1478	173,333,173,333
1539877746.759425473	110	40	48	1	2	0	2	-43	155442	8	0	1596	1478	173,333,173,333
1539877746.771219865	110	40	48	1	2	0	2	-43	155443	8	0	1596	1478	173,333,173,333
1539877746.782985298	110	40	48	1	2	0	2	-43	155444	8	0	1596	1478	173,333,173,333
1539877746.794797537	110	40	48	1	2	0	2	-43	155445	8	0	1596	1478	173,333,173,333
1539877746.806530818	110	40	48	1	2	0	2	-43	155446	8	0	1596	1478	173,333,173,333
1539877746.818229214	110	40	48	1	2	0	2	-42	155447	8	0	1596	1478	173,333,173,333
1539877746.830004655	110	40	48	1	2	0	2	-43	155448	8	0	1596	1478	173,333,173,333
1539877746.842426583	110	40	48	1	2	0	2	-43	155449	8	0	1596	1478	173,333,173,333
1539877746.853532012	110	40	48	1	2	0	2	-43	155450	8	0	1596	1478	173,333,173,333
1539877746.865334538	110	40	48	1	2	0	2	-42	155451	8	0	1596	1478	173,333,173,333
1539877746.877071045	110	40	48	1	2	0	2	-43	155452	8	0	1596	1478	173,333,173,333
1539877746.888828299	110	40	48	1	2	0	2	-43	155453	8	0	1596	1478	173,333,173,333
1539877746.900499999	110	40	48	1	2	0	2	-43	155454	8	0	1596	1478	173,333,173,333
1539877746.912313572	110	40	48	1	2	0	2	-43	155455	8	0	1596	1478	173,333,173,333
1539877746.924103491	110	40	48	1	2	0	2	-43	155456	8	0	1596	1478	173,333,173,333
1539877746.935839797	110	40	48	1	2	0	2	-43	155457	8	0	1596	1478	173,333,173,333
1539877746.947638604	110	40	48	1	2	0	2	-43	155458	8	0	1596	1478	173,333,173,333
1539877746.959401848	110	40	48	1	2	0	2	-43	155459	8	0	1596	1478	173,333,173,333
1539877746.971133503	110	40	48	1	2	0	2	-42	155460	8	0	1596	1478	173,333,173,333
1539877746.982862673	110	40	48	1	2	0	2	-43	155461	8	0	1596	1478	173,333,173,333
1539877746.994645773	110	40	48	1	2	0	2	-42	155462	8	0	1596	1478	173,333,173,333
1539877747.006424375	110	40	48	1	2	0	2	-43	155463	8	0	1596	1478	173,333,173,333
1539877747.018047690	110	40	48	1	2	0	2	-43	155464	8	0	1596	1478	173,333,173,333
1539877747.029948178	110	40	48	1	2	0	2	-42	155465	8	0	1596	1478	173,333,173,333
1539877747.041578392	110	40	48	1	2	0	2	-42	155466	8	0	1596	1478	173,333,173,333
1539877747.053298261	110	40	48	1	2	0	2	-43	155467	8	0	1596	1478	173,333,173,333
1539877747.065178707	110	40	48	1	2	0	2	-43	155468	8	0	1596	1478	173,333,173,333
1539877747.076969988	110	40	48	1	2	0	2	-42	155469	8	0	1596	1478	173,333,173,333
1539877747.088746714	110	40	48	1	2	0	2	-43	155470	8	0	1596	1478	173,333,173,333
1539877747.100513212	110	40	48	1	2	0	2	-43	155471	8	0	1596	1478	173,333,173,333
1539877747.112266927	110	40	48	1	2	0	2	-43	155472	8	0	1596	1478	173,333,173,333
1539877747.124005487	110	40	48	1	2	0	2	-44	155473	8	0	1596	1478	173,333,173,333
1539877747.135730116	110	40	48	1	2	0	2	-44	155474	8	0	1596	1478	173,333,173,333
1539877747.147519768	110	40	48	1	2	0	2	-44	155475	8	0	1596	1478	173,333,173,333
1539877747.159295780	110	40	48	1	2	0	2	-44	155476	8	0	1596	1478	173,333,173,333
1539877747.170927395	110	40	48	1	2	0	2	-44	155477	8	0	1596	1478	173,333,173,333
1539877747.182664275	110	40	48	1	2	0	2	-44	155478	8	0	1596	1478	173,333,173,333
1539877747.194419344	110	40	48	1	2	0	2	-45	155479	8	0	1596	1478	173,333,173,333
1539877747.206162831	110	40	48	1	2	0	2	-45	155480	8	0	1596	1478	173,333,173,333
1539877747.217932257	110	40	48	1	2	0	2	-45	155481	8	0	1596	1478	173,333,173,333
1539877747.229685020	110	40	48	1	2	0	2	-45	155482	8	0	1596	1478	173,333,173,333
1539877747.241447761	110	40	48	1	2	0	2	-44	155483	8	0	1596	1478	173,333,173,333
1539877747.253201845	110	40	48	1	2	0	2	-44	155484	8	0	1596	1478	173,333,173,333
1539877747.264967707	110	40	48	1	2	0	2	-44	155486	8	0	1596	1478	173,333,173,333
1539877747.276728122	110	40	48	1	2	0	2	-44	155487	8	0	1596	1478	173,333,173,333
1539877747.288483604	110	40	48	1	2	0	2	-44	155488	8	0	1596	1478	173,333,173,333
1539877747.300242373	110	40	48	1	2	0	2	-44	155489	8	0	1596	1478	173,333,173,333
1539877747.312013631	110	40	48	1	2	0	2	-44	155490	8	0	1596	1478	173,333,173,333
1539877747.323912376	110	40	48	1	2	0	2	-44	155491	8	0	1596	1478	173,333,173,333
1539877747.335704441	110	40	48	1	2	0	2	-44	155492	8	0	1596	1478	173,333,173,333
1539877747.347484814	110	40	48	1	2	0	2	-44	155493	8	0	1596	1478	173,333,173,333
1539877747.359093439	110	40	48	1	2	0	2	-44	155494	8	0	1596	1478	173,333,173,333
1539877747.370959599	110	40	48	1	2	0	2	-44	155495	8	0	1596	1478	173,333,173,333
1539877747.382616880	110	40	48	1	2	0	2	-44	155496	8	0	1596	1478	173,333,173,333
1539877747.394495106	110	40	48	1	2	0	2	-44	155497	8	0	1596	1478	173,333,173,333
1539877747.406276080	110	40	48	1	2	0	2	-43	155498	8	0	1596	1478	173,333,173,333
1539877747.418052896	110	40	48	1	2	0	2	-44	155499	8	0	1596	1478	173,333,173,333
1539877747.429779293	110	40	48	1	2	0	2	-43	155500	8	0	1596	1478	173,333,173,333
1539877747.441490809	110	40	48	1	2	0	2	-44	155501	8	0	1596	1478	173,333,173,333
1539877747.453273458	110	40	48	1	2	0	2	-44	155502	8	0	1596	1478	173,333,173,333
1539877747.465053243	110	40	48	1	2	0	2	-43	155503	8	0	1596	1478	173,333,173,333
1539877747.476796980	110	40	48	1	2	0	2	-44	155504	8	0	1596	1478	173,333,173,333
1539877747.488603241	110	40	48	1	2	0	2	-44	155505	8	0	1596	1478	173,333,173,333
1539877747.500363878	110	40	48	1	2	0	2	-44	155506	8	0	1596	1478	173,333,173,333
1539877747.512120046	110	40	48	1	2	0	2	-44	155507	8	0	1596	1478	173,333,173,333
1539877747.523808830	110	40	48	1	2	0	2	-45	155508	8	0	1596	1478	173,333,173,333
1539877747.535592315	110	40	48	1	2	0	2	-45	155509	8	0	1596	1478	173,333,173,333
1539877747.547387880	110	40	48	1	2	0	2	-45	155510	8	0	1596	1478	173,333,173,333
1539877747.559261773	110	40	48	1	2	0	2	-45	155511	8	0	1596	1478	173,333,173,333
1539877747.570864007	110	40	48	1	2	0	2	-46	155512	8	0	1596	1478	173,333,173,333
1539877747.582676826	110	40	48	1	2	0	2	-44	155513	8	0	1596	1478	173,333,173,333
1539877747.594462840	110	40	48	1	2	0	2	-45	155514	8	0	1596	1478	173,333,173,333
1539877747.606144860	110	40	48	1	2	0	2	-45	155515	8	0	1596	1478	173,333,173,333
1539877747.617813945	110	40	48	1	2	0	2	-44	155516	8	0	1596	1478	173,333,173,333
1539877747.629683793	110	40	48	1	2	0	2	-45	155517	8	0	1596	1478	173,333,173,333
1539877747.641421869	110	40	48	1	2	0	2	-45	155518	8	0	1596	1478	173,333,173,333
1539877747.653216254	110	40	48	1	2	0	2	-44	155519	8	0	1596	1478	173,333,173,333
1539877747.664963076	110	40	48	1	2	0	2	-44	155520	8	0	1596	1478	173,333,173,333
1539877747.676680891	110	40	48	1	2	0	2	-44	155521	8	0	1596	1478	173,333,173,333
1539877747.688469145	110	40	48	1	2	0	2	-45	155522	8	0	1596	1478	173,333,173,333
1539877747.700267059	110	40	48	1	2	0	2	-45	155523	8	0	1596	1478	173,333,173,333
1539877747.712042567	110	40	48	1	2	0	2	-44	155524	8	0	1596	1478	173,333,173,333
1539877747.723768846	110	40	48	1	2	0	2	-44	155525	8	0	1596	1478	173,333,173,333
1539877747.735558291	110	40	48	1	2	0	2	-44	155526	8	0	1596	1478	173,333,173,333
1539877747.747291251	110	40	48	1	2	0	2	-43	155527	8	0	1596	1478	173,333,173,333
1539877747.759017439	110	40	48	1	2	0	2	-43	155528	8	0	1596	1478	173,333,173,333
1539877747.770695442	110	40	48	1	2	0	2	-43	155529	8	0	1596	1478	173,333,173,333
1539877747.782573435	110	40	48	1	2	0	2	-43	155530	8	0	1596	1478	173,333,173,333
1539877747.794355402	110	40	48	1	2	0	2	-43	155531	8	0	1596	1478	173,333,173,333
1539877747.806151325	110	40	48	1	2	0	2	-43	155532	8	0	1596	1478	173,333,173,333
1539877747.817889719	110	40	48	1	2	0	2	-43	155533	8	0	1596	1478	173,333,173,333
1539877747.829628063	110	40	48	1	2	0	2	-43	155534	8	0	1596	1478	173,333,173,333
1539877747.841344856	110	40	48	1	2	0	2	-43	155535	8	0	1596	1478	173,333,173,333
1539877747.853118897	110	40	48	1	2	0	2	-43	155536	8	0	1596	1478	173,333,173,333
1539877747.864747045	110	40	48	1	2	0	2	-43	155538	8	0	1596	1478	173,333,173,333
1539877747.876612222	110	40	48	1	2	0	2	-43	155539	8	0	1596	1478	173,333,173,333
1539877747.888417490	110	40	48	1	2	0	2	-43	155540	8	0	1596	1478	173,333,173,333
1539877747.900199156	110	40	48	1	2	0	2	-43	155541	8	0	1596	1478	173,333,173,333
1539877747.911969598	110	40	48	1	2	0	2	-43	155542	8	0	1596	1478	173,333,173,333
1539877747.923682947	110	40	48	1	2	0	2	-43	155543	8	0	1596	1478	173,333,173,333
1539877747.935445533	110	40	48	1	2	0	2	-43	155544	8	0	1596	1478	173,333,173,333
1539877747.947217793	110	40	48	1	2	0	2	-43	155545	8	0	1596	1478	173,333,173,333
1539877747.959008571	110	40	48	1	2	0	2	-43	155546	8	0	1596	1478	173,333,173,333
1539877747.970750033	110	40	48	1	2	0	2	-43	155547	8	0	1596	1478	173,333,173,333
1539877747.982527076	110	40	48	1	2	0	2	-43	155548	8	0	1596	1478	173,333,173,333
1539877747.994201632	110	40	48	1	2	0	2	-43	155549	8	0	1596	1478	173,333,173,333
1539877748.005981417	110	40	48	1	2	0	2	-44	155550	8	0	1596	1478	173,333,173,333
1539877748.017737190	110	40	48	1	2	0	2	-44	155551	8	0	1596	1478	173,333,173,333
1539877748.029566825	110	40	48	1	2	0	2	-44	155552	8	0	1596	1478	173,333,173,333
1539877748.041213313	110	40	48	1	2	0	2	-44	155554	8	0	1596	1478	173,333,173,333
1539877748.053076200	110	40	48	1	2	0	2	-44	155555	8	0	1596	1478	173,333,173,333
1539877748.064855901	110	40	48	1	2	0	2	-44	155556	8	0	1596	1478	173,333,173,333
1539877748.076529956	110	40	48	1	2	0	2	-44	155557	8	0	1596	1478	173,333,173,333
1539877748.088268668	110	40	48	1	2	0	2	-44	155558	8	0	1596	1478	173,333,173,333
1539877748.100091044	110	40	48	1	2	0	2	-44	155559	8	0	1596	1478	173,333,173,333
1539877748.111864566	110	40	48	1	2	0	2	-45	155560	8	0	1596	1478	173,333,173,333
1539877748.123582589	110	40	48	1	2	0	2	-44	155561	8	0	1596	1478	173,333,173,333
1539877748.135265938	110	40	48	1	2	0	2	-44	155562	8	0	1596	1478	173,333,173,333
1539877748.147017481	110	40	48	1	2	0	2	-44	155563	8	0	1596	1478	173,333,173,333
1539877748.158762310	110	40	48	1	2	0	2	-44	155564	8	0	1596	1478	173,333,173,333
1539877748.170473463	110	40	48	1	2	0	2	-45	155565	8	0	1596	1478	173,333,173,333
1539877748.182230977	110	40	48	1	2	0	2	-45	155566	8	0	1596	1478	173,333,173,333
1539877748.194019629	110	40	48	1	2	0	2	-45	155567	8	0	1596	1478	173,333,173,333
1539877748.205766197	110	40	48	1	2	0	2	-45	155568	8	0	1596	1478	173,333,173,333
1539877748.217522091	110	40	48	1	2	0	2	-45	155569	8	0	1596	1478	173,333,173,333
1539877748.229313545	110	40	48	1	2	0	2	-44	155570	8	0	1596	1478	173,333,173,333
1539877748.241170920	110	40	48	1	2	0	2	-44	155571	8	0	1596	1478	173,333,173,333
1539877748.252983929	110	40	48	1	2	0	2	-43	155572	8	0	1596	1478	173,333,173,333
1539877748.264745785	110	40	48	1	2	0	2	-43	155573	8	0	1596	1478	173,333,173,333
1539877748.276500934	110	40	48	1	2	0	2	-44	155574	8	0	1596	1478	173,333,173,333
1539877748.288285212	110	40	48	1	2	0	2	-43	155575	8	0	1596	1478	173,333,173,333
1539877748.300023841	110	40	48	1	2	0	2	-43	155576	8	0	1596	1478	173,333,173,333
1539877748.311743383	110	40	48	1	2	0	2	-43	155577	8	0	1596	1478	173,333,173,333
1539877748.323486475	110	40	48	1	2	0	2	-42	155578	8	0	1596	1478	173,333,173,333
1539877748.335308806	110	40	48	1	2	0	2	-42	155579	8	0	1596	1478	173,333,173,333
1539877748.347077275	110	40	48	1	2	0	2	-42	155580	8	0	1596	1478	173,333,173,333
1539877748.358838607	110	40	48	1	2	0	2	-42	155581	8	0	1596	1478	173,333,173,333
1539877748.370592565	110	40	48	1	2	0	2	-43	155582	8	0	1596	1478	173,333,173,333
1539877748.382205853	110	40	48	1	2	0	2	-44	155583	8	0	1596	1478	173,333,173,333
1539877748.394066018	110	40	48	1	2	0	2	-45	155584	8	0	1596	1478	173,333,173,333
1539877748.405875170	110	40	48	1	2	0	2	-45	155585	8	0	1596	1478	173,333,173,333
1539877748.417627378	110	40	48	1	2	0	2	-45	155586	8	0	1596	1478	173,333,173,333
1539877748.429388539	110	40	48	1	2	0	2	-43	155587	8	0	1596	1478	173,333,173,333
1539877748.441162701	110	40	48	1	2	0	2	-44	155588	8	0	1596	1478	173,333,173,333
1539877748.452926555	110	40	48	1	2	0	2	-43	155589	8	0	1596	1478	173,333,173,333
1539877748.464603696	110	40	48	1	2	0	2	-42	155590	8	0	1596	1478	173,333,173,333
1539877748.476405103	110	40	48	1	2	0	2	-43	155591	8	0	1596	1478	173,333,173,333
1539877748.488169556	110	40	48	1	2	0	2	-43	155592	8	0	1596	1478	173,333,173,333
1539877748.499945930	110	40	48	1	2	0	2	-44	155593	8	0	1596	1478	173,333,173,333
1539877748.511707477	110	40	48	1	2	0	2	-44	155594	8	0	1596	1478	173,333,173,333
1539877748.523479367	110	40	48	1	2	0	2	-45	155595	8	0	1596	1478	173,333,173,333
1539877748.535231616	110	40	48	1	2	0	2	-44	155596	8	0	1596	1478	173,333,173,333
1539877748.546930532	110	40	48	1	2	0	2	-44	155597	8	0	1596	1478	173,333,173,333
1539877748.558704613	110	40	48	1	2	0	2	-44	155598	8	0	1596	1478	173,333,173,333
1539877748.570431881	110	40	48	1	2	0	2	-45	155599	8	0	1596	1478	173,333,173,333
1539877748.582226557	110	40	48	1	2	0	2	-44	155600	8	0	1596	1478	173,333,173,333
1539877748.594028347	110	40	48	1	2	0	2	-44	155601	8	0	1596	1478	173,333,173,333
1539877748.605815121	110	40	48	1	2	0	2	-43	155602	8	0	1596	1478	173,333,173,333
1539877748.617567959	110	40	48	1	2	0	2	-43	155603	8	0	1596	1478	173,333,173,333
1539877748.629253237	110	40	48	1	2	0	2	-43	155604	8	0	1596	1478	173,333,173,333
1539877748.641036458	110	40	48	1	2	0	2	-44	155605	8	0	1596	1478	173,333,173,333
1539877748.652813589	110	40	48	1	2	0	2	-45	155606	8	0	1596	1478	173,333,173,333
1539877748.664579445	110	40	48	1	2	0	2	-45	155607	8	0	1596	1478	173,333,173,333
1539877748.676317479	110	40	48	1	2	0	2	-45	155608	8	0	1596	1478	173,333,173,333
1539877748.688120648	110	40	48	1	2	0	2	-44	155609	8	0	1596	1478	173,333,173,333
1539877748.699743038	110	40	48	1	2	0	2	-45	155610	8	0	1596	1478	173,333,173,333
1539877748.711591216	110	40	48	1	2	0	2	-45	155611	8	0	1596	1478	173,333,173,333
1539877748.723357817	110	40	48	1	2	0	2	-44	155612	8	0	1596	1478	173,333,173,333
1539877748.735124302	110	40	48	1	2	0	2	-44	155613	8	0	1596	1478	173,333,173,333
1539877748.746881956	110	40	48	1	2	0	2	-44	155614	8	0	1596	1478	173,333,173,333
1539877748.758684255	110	40	48	1	2	0	2	-45	155615	8	0	1596	1478	173,333,173,333
1539877748.770401348	110	40	48	1	2	0	2	-44	155616	8	0	1596	1478	173,333,173,333
1539877748.782065387	110	40	48	1	2	0	2	-45	155617	8	0	1596	1478	173,333,173,333
1539877748.793911769	110	40	48	1	2	0	2	-45	155618	8	0	1596	1478	173,333,173,333
1539877748.805689542	110	40	48	1	2	0	2	-45	155619	8	0	1596	1478	173,333,173,333
1539877748.817328789	110	40	48	1	2	0	2	-45	155620	8	0	1596	1478	173,333,173,333
1539877748.829201672	110	40	48	1	2	0	2	-45	155621	8	0	1596	1478	173,333,173,333
1539877748.840946435	110	40	48	1	2	0	2	-45	155622	8	0	1596	1478	173,333,173,333
1539877748.852766040	110	40	48	1	2	0	2	-44	155623	8	0	1596	1478	173,333,173,333
1539877748.864443018	110	40	48	1	2	0	2	-44	155624	8	0	1596	1478	173,333,173,333
1539877748.876198903	110	40	48	1	2	0	2	-45	155625	8	0	1596	1478	173,333,173,333
1539877748.887969670	110	40	48	1	2	0	2	-44	155626	8	0	1596	1478	173,333,173,333
1539877748.899768459	110	40	48	1	2	0	2	-45	155627	8	0	1596	1478	173,333,173,333
1539877748.911559100	110	40	48	1	2	0	2	-45	155628	8	0	1596	1478	173,333,173,333
1539877748.923321040	110	40	48	1	2	0	2	-44	155629	8	0	1596	1478	173,333,173,333
1539877748.935081962	110	40	48	1	2	0	2	-45	155630	8	0	1596	1478	173,333,173,333
1539877748.946778703	110	40	48	1	2	0	2	-45	155631	8	0	1596	1478	173,333,173,333
1539877748.958563814	110	40	48	1	2	0	2	-45	155632	8	0	1596	1478	173,333,173,333
1539877748.970355874	110	40	48	1	2	0	2	-44	155633	8	0	1596	1478	173,333,173,333
1539877748.982145708	110	40	48	1	2	0	2	-44	155634	8	0	1596	1478	173,333,173,333
1539877748.993883964	110	40	48	1	2	0	2	-45	155635	8	0	1596	1478	173,333,173,333
1539877749.005651312	110	40	48	1	2	0	2	-44	155636	8	0	1596	1478	173,333,173,333
1539877749.017408561	110	40	48	1	2	0	2	-44	155637	8	0	1596	1478	173,333,173,333
1539877749.029132703	110	40	48	1	2	0	2	-44	155638	8	0	1596	1478	173,333,173,333
1539877749.040888174	110	40	48	1	2	0	2	-44	155639	8	0	1596	1478	173,333,173,333
1539877749.052659316	110	40	48	1	2	0	2	-44	155640	8	0	1596	1478	173,333,173,333
1539877749.064433703	110	40	48	1	2	0	2	-44	155641	8	0	1596	1478	173,333,173,333
1539877749.076195661	110	40	48	1	2	0	2	-44	155642	8	0	1596	1478	173,333,173,333
1539877749.087900682	110	40	48	1	2	0	2	-43	155643	8	0	1596	1478	173,333,173,333
1539877749.101485207	110	40	48	1	2	0	2	-43	155644	8	0	1596	1478	173,333,173,333
1539877749.111401981	110	40	48	1	2	0	2	-43	155645	8	0	1596	1478	173,333,173,333
1539877749.123074627	110	40	48	1	2	0	2	-43	155646	8	0	1596	1478	173,333,173,333
1539877749.134835097	110	40	48	1	2	0	2	-43	155647	8	0	1596	1478	173,333,173,333
1539877749.146562338	110	40	48	1	2	0	2	-43	155648	8	0	1596	1478	173,333,173,333
1539877749.158311544	110	40	48	1	2	0	2	-44	155649	8	0	1596	1478	173,333,173,333
1539877749.170112718	110	40	48	1	2	0	2	-44	155650	8	0	1596	1478	173,333,173,333
1539877749.181866599	110	40	48	1	2	0	2	-44	155651	8	0	1596	1478	173,333,173,333
1539877749.193629626	110	40	48	1	2	0	2	-44	155652	8	0	1596	1478	173,333,173,333
1539877749.205375283	110	40	48	1	2	0	2	-44	155653	8	0	1596	1478	173,333,173,333
1539877749.217129698	110	40	48	1	2	0	2	-44	155654	8	0	1596	1478	173,333,173,333
1539877749.228900222	110	40	48	1	2	0	2	-44	155655	8	0	1596	1478	173,333,173,333
1539877749.240660719	110	40	48	1	2	0	2	-44	155656	8	0	1596	1478	173,333,173,333
1539877749.252434943	110	40	48	1	2	0	2	-43	155657	8	0	1596	1478	173,333,173,333
1539877749.264156369	110	40	48	1	2	0	2	-44	155658	8	0	1596	1478	173,333,173,333
1539877749.275917656	110	40	48	1	2	0	2	-44	155659	8	0	1596	1478	173,333,173,333
1539877749.287695116	110	40	48	1	2	0	2	-44	155660	8	0	1596	1478	173,333,173,333
1539877749.300034704	110	40	48	1	2	0	2	-45	155661	8	0	1596	1478	173,333,173,333
1539877749.311218079	110	40	48	1	2	0	2	-44	155662	8	0	1596	1478	173,333,173,333
1539877749.322985925	110	40	48	1	2	0	2	-44	155663	8	0	1596	1478	173,333,173,333
1539877749.334738963	110	40	48	1	2	0	2	-45	155664	8	0	1596	1478	173,333,173,333
1539877749.346501081	110	40	48	1	2	0	2	-45	155665	8	0	1596	1478	173,333,173,333
1539877749.358261627	110	40	48	1	2	0	2	-45	155666	8	0	1596	1478	173,333,173,333
1539877749.370030056	110	40	48	1	2	0	2	-45	155667	8	0	1596	1478	173,333,173,333
1539877749.381777055	110	40	48	1	2	0	2	-45	155668	8	0	1596	1478	173,333,173,333
1539877749.393521648	110	40	48	1	2	0	2	-45	155669	8	0	1596	1478	173,333,173,333
1539877749.405278381	110	40	48	1	2	0	2	-44	155670	8	0	1596	1478	173,333,173,333
1539877749.417057603	110	40	48	1	2	0	2	-44	155671	8	0	1596	1478	173,333,173,333
1539877749.428915639	110	40	48	1	2	0	2	-44	155672	8	0	1596	1478	173,333,173,333
1539877749.440684793	110	40	48	1	2	0	2	-43	155673	8	0	1596	1478	173,333,173,333
1539877749.452516128	110	40	48	1	2	0	2	-43	155674	8	0	1596	1478	173,333,173,333
1539877749.464250372	110	40	48	1	2	0	2	-45	155675	8	0	1596	1478	173,333,173,333
1539877749.475981577	110	40	48	1	2	0	2	-45	155676	8	0	1596	1478	173,333,173,333
1539877749.487741615	110	40	48	1	2	0	2	-45	155677	8	0	1596	1478	173,333,173,333
1539877749.499571342	110	40	48	1	2	0	2	-45	155678	8	0	1596	1478	173,333,173,333
1539877749.511302266	110	40	48	1	2	0	2	-45	155679	8	0	1596	1478	173,333,173,333
1539877749.523081176	110	40	48	1	2	0	2	-44	155680	8	0	1596	1478	173,333,173,333
1539877749.534825701	110	40	48	1	2	0	2	-44	155681	8	0	1596	1478	173,333,173,333
1539877749.546449692	110	40	48	1	2	0	2	-44	155682	8	0	1596	1478	173,333,173,333
1539877749.558307289	110	40	48	1	2	0	2	-45	155683	8	0	1596	1478	173,333,173,333
1539877749.570091162	110	40	48	1	2	0	2	-45	155684	8	0	1596	1478	173,333,173,333
1539877749.581864104	110	40	48	1	2	0	2	-45	155685	8	0	1596	1478	173,333,173,333
1539877749.593635151	110	40	48	1	2	0	2	-44	155686	8	0	1596	1478	173,333,173,333
1539877749.605404489	110	40	48	1	2	0	2	-45	155687	8	0	1596	1478	173,333,173,333
1539877749.617167629	110	40	48	1	2	0	2	-45	155688	8	0	1596	1478	173,333,173,333
1539877749.628856108	110	40	48	1	2	0	2	-45	155689	8	0	1596	1478	173,333,173,333
1539877749.640616766	110	40	48	1	2	0	2	-43	155690	8	0	1596	1478	173,333,173,333
1539877749.652400938	110	40	48	1	2	0	2	-44	155691	8	0	1596	1478	173,333,173,333
1539877749.664126918	110	40	48	1	2	0	2	-44	155692	8	0	1596	1478	173,333,173,333
1539877749.675959394	110	40	48	1	2	0	2	-44	155693	8	0	1596	1478	173,333,173,333
1539877749.687731195	110	40	48	1	2	0	2	-44	155694	8	0	1596	1478	173,333,173,333
1539877749.699516670	110	40	48	1	2	0	2	-44	155695	8	0	1596	1478	173,333,173,333
1539877749.711185613	110	40	48	1	2	0	2	-45	155696	8	0	1596	1478	173,333,173,333
1539877749.722966314	110	40	48	1	2	0	2	-45	155697	8	0	1596	1478	173,333,173,333
1539877749.734748592	110	40	48	1	2	0	2	-45	155698	8	0	1596	1478	173,333,173,333
1539877749.746515013	110	40	48	1	2	0	2	-45	155699	8	0	1596	1478	173,333,173,333
1539877749.758278718	110	40	48	1	2	0	2	-45	155700	8	0	1596	1478	173,333,173,333
1539877749.770003513	110	40	48	1	2	0	2	-45	155701	8	0	1596	1478	173,333,173,333
1539877749.781760955	110	40	48	1	2	0	2	-45	155702	8	0	1596	1478	173,333,173,333
1539877749.793514747	110	40	48	1	2	0	2	-45	155703	8	0	1596	1478	173,333,173,333
1539877749.805297050	110	40	48	1	2	0	2	-45	155704	8	0	1596	1478	173,333,173,333
1539877749.817022145	110	40	48	1	2	0	2	-43	155705	8	0	1596	1478	173,333,173,333
1539877749.828813083	110	40	48	1	2	0	2	-44	155706	8	0	1596	1478	173,333,173,333
1539877749.840594247	110	40	48	1	2	0	2	-43	155707	8	0	1596	1478	173,333,173,333
1539877749.852359877	110	40	48	1	2	0	2	-44	155708	8	0	1596	1478	173,333,173,333
1539877749.863979283	110	40	48	1	2	0	2	-44	155709	8	0	1596	1478	173,333,173,333
1539877749.875826867	110	40	48	1	2	0	2	-45	155710	8	0	1596	1478	173,333,173,333
1539877749.887620033	110	40	48	1	2	0	2	-44	155711	8	0	1596	1478	173,333,173,333
1539877749.899392546	110	40	48	1	2	0	2	-43	155712	8	0	1596	1478	173,333,173,333
1539877749.911141116	110	40	48	1	2	0	2	-45	155713	8	0	1596	1478	173,333,173,333
1539877749.922918751	110	40	48	1	2	0	2	-45	155714	8	0	1596	1478	173,333,173,333
1539877749.934661257	110	40	48	1	2	0	2	-45	155715	8	0	1596	1478	173,333,173,333
1539877749.946396325	110	40	48	1	2	0	2	-45	155716	8	0	1596	1478	173,333,173,333
1539877749.958177704	110	40	48	1	2	0	2	-45	155717	8	0	1596	1478	173,333,173,333
1539877749.969941485	110	40	48	1	2	0	2	-44	155718	8	0	1596	1478	173,333,173,333
1539877749.981663227	110	40	48	1	2	0	2	-44	155719	8	0	1596	1478	173,333,173,333
1539877749.993448464	110	40	48	1	2	0	2	-43	155720	8	0	1596	1478	173,333,173,333
1539877750.005187958	110	40	48	1	2	0	2	-43	155721	8	0	1596	1478	173,333,173,333
1539877750.017012106	110	40	48	1	2	0	2	-44	155722	8	0	1596	1478	173,333,173,333
1539877750.028726079	110	40	48	1	2	0	2	-43	155723	8	0	1596	1478	173,333,173,333
1539877750.040446707	110	40	48	1	2	0	2	-44	155724	8	0	1596	1478	173,333,173,333
1539877750.052250588	110	40	48	1	2	0	2	-44	155725	8	0	1596	1478	173,333,173,333
1539877750.064028451	110	40	48	1	2	0	2	-43	155726	8	0	1596	1478	173,333,173,333
1539877750.075778422	110	40	48	1	2	0	2	-44	155727	8	0	1596	1478	173,333,173,333
1539877750.087378728	110	40	48	1	2	0	2	-44	155728	8	0	1596	1478	173,333,173,333
1539877750.099146043	110	40	48	1	2	0	2	-44	155729	8	0	1596	1478	173,333,173,333
1539877750.110890927	110	40	48	1	2	0	2	-44	155730	8	0	1596	1478	173,333,173,333
1539877750.122644479	110	40	48	1	2	0	2	-44	155731	8	0	1596	1478	173,333,173,333
1539877750.134391080	110	40	48	1	2	0	2	-44	155732	8	0	1596	1478	173,333,173,333
1539877750.146156267	110	40	48	1	2	0	2	-44	155733	8	0	1596	1478	173,333,173,333
1539877750.157930245	110	40	48	1	2	0	2	-44	155734	8	0	1596	1478	173,333,173,333
1539877750.169694919	110	40	48	1	2	0	2	-44	155735	8	0	1596	1478	173,333,173,333
1539877750.181437236	110	40	48	1	2	0	2	-44	155736	8	0	1596	1478	173,333,173,333
1539877750.193215185	110	40	48	1	2	0	2	-44	155737	8	0	1596	1478	173,333,173,333
1539877750.204952259	110	40	48	1	2	0	2	-44	155738	8	0	1596	1478	173,333,173,333
1539877750.216745060	110	40	48	1	2	0	2	-44	155739	8	0	1596	1478	173,333,173,333
1539877750.228498565	110	40	48	1	2	0	2	-44	155740	8	0	1596	1478	173,333,173,333
1539877750.240274907	110	40	48	1	2	0	2	-44	155741	8	0	1596	1478	173,333,173,333
1539877750.252008136	110	40	48	1	2	0	2	-44	155742	8	0	1596	1478	173,333,173,333
1539877750.263774948	110	40	48	1	2	0	2	-44	155743	8	0	1596	1478	173,333,173,333
1539877750.275542278	110	40	48	1	2	0	2	-44	155744	8	0	1596	1478	173,333,173,333
1539877750.287291266	110	40	48	1	2	0	2	-44	155745	8	0	1596	1478	173,333,173,333
1539877750.299059988	110	40	48	1	2	0	2	-44	155746	8	0	1596	1478	173,333,173,333
1539877750.310816028	110	40	48	1	2	0	2	-44	155747	8	0	1596	1478	173,333,173,333
1539877750.322581037	110	40	48	1	2	0	2	-44	155748	8	0	1596	1478	173,333,173,333
1539877750.334341918	110	40	48	1	2	0	2	-44	155749	8	0	1596	1478	173,333,173,333
1539877750.346048323	110	40	48	1	2	0	2	-44	155750	8	0	1596	1478	173,333,173,333
1539877750.357831211	110	40	48	1	2	0	2	-44	155751	8	0	1596	1478	173,333,173,333
1539877750.369613290	110	40	48	1	2	0	2	-44	155752	8	0	1596	1478	173,333,173,333
1539877750.381372400	110	40	48	1	2	0	2	-44	155753	8	0	1596	1478	173,333,173,333
1539877750.393134765	110	40	48	1	2	0	2	-44	155754	8	0	1596	1478	173,333,173,333
1539877750.404904664	110	40	48	1	2	0	2	-44	155755	8	0	1596	1478	173,333,173,333
1539877750.416607902	110	40	48	1	2	0	2	-44	155756	8	0	1596	1478	173,333,173,333
1539877750.428380954	110	40	48	1	2	0	2	-44	155757	8	0	1596	1478	173,333,173,333
1539877750.440186853	110	40	48	1	2	0	2	-43	155758	8	0	1596	1478	173,333,173,333
1539877750.451945435	110	40	48	1	2	0	2	-43	155759	8	0	1596	1478	173,333,173,333
1539877750.463689815	110	40	48	1	2	0	2	-43	155760	8	0	1596	1478	173,333,173,333
1539877750.475451019	110	40	48	1	2	0	2	-43	155761	8	0	1596	1478	173,333,173,333
1539877750.487167026	110	40	48	1	2	0	2	-44	155762	8	0	1596	1478	173,333,173,333
1539877750.498929477	110	40	48	1	2	0	2	-44	155763	8	0	1596	1478	173,333,173,333
1539877750.510740522	110	40	48	1	2	0	2	-44	155764	8	0	1596	1478	173,333,173,333
1539877750.522507675	110	40	48	1	2	0	2	-44	155765	8	0	1596	1478	173,333,173,333
1539877750.534259744	110	40	48	1	2	0	2	-44	155766	8	0	1596	1478	173,333,173,333
1539877750.546011664	110	40	48	1	2	0	2	-44	155767	8	0	1596	1478	173,333,173,333
1539877750.557771268	110	40	48	1	2	0	2	-44	155768	8	0	1596	1478	173,333,173,333
1539877750.569553762	110	40	48	1	2	0	2	-44	155769	8	0	1596	1478	173,333,173,333
1539877750.581292286	110	40	48	1	2	0	2	-44	155770	8	0	1596	1478	173,333,173,333
1539877750.593061975	110	40	48	1	2	0	2	-44	155771	8	0	1596	1478	173,333,173,333
1539877750.604818161	110	40	48	1	2	0	2	-44	155772	8	0	1596	1478	173,333,173,333
1539877750.616574052	110	40	48	1	2	0	2	-44	155773	8	0	1596	1478	173,333,173,333
1539877750.628458026	110	40	48	1	2	0	2	-44	155774	8	0	1596	1478	173,333,173,333
1539877750.640213361	110	40	48	1	2	0	2	-44	155775	8	0	1596	1478	173,333,173,333
1539877750.652041966	110	40	48	1	2	0	2	-45	155776	8	0	1596	1478	173,333,173,333
1539877750.663810016	110	40	48	1	2	0	2	-44	155777	8	0	1596	1478	173,333,173,333
1539877750.675532493	110	40	48	1	2	0	2	-44	155778	8	0	1596	1478	173,333,173,333
1539877750.687236260	110	40	48	1	2	0	2	-44	155779	8	0	1596	1478	173,333,173,333
1539877750.699035732	110	40	48	1	2	0	2	-44	155780	8	0	1596	1478	173,333,173,333
1539877750.710802221	110	40	48	1	2	0	2	-44	155781	8	0	1596	1478	173,333,173,333
1539877750.722579352	110	40	48	1	2	0	2	-44	155782	8	0	1596	1478	173,333,173,333
1539877750.734314618	110	40	48	1	2	0	2	-44	155783	8	0	1596	1478	173,333,173,333
1539877750.746094389	110	40	48	1	2	0	2	-43	155784	8	0	1596	1478	173,333,173,333
1539877750.757888431	110	40	48	1	2	0	2	-43	155785	8	0	1596	1478	173,333,173,333
1539877750.769569841	110	40	48	1	2	0	2	-43	155786	8	0	1596	1478	173,333,173,333
1539877750.781353185	110	40	48	1	2	0	2	-43	155787	8	0	1596	1478	173,333,173,333
1539877750.793139844	110	40	48	1	2	0	2	-43	155788	8	0	1596	1478	173,333,173,333
1539877750.804904038	110	40	48	1	2	0	2	-43	155789	8	0	1596	1478	173,333,173,333
1539877750.816690774	110	40	48	1	2	0	2	-44	155790	8	0	1596	1478	173,333,173,333
1539877750.828460912	110	40	48	1	2	0	2	-43	155791	8	0	1596	1478	173,333,173,333
1539877750.840193067	110	40	48	1	2	0	2	-43	155792	8	0	1596	1478	173,333,173,333
1539877750.851896336	110	40	48	1	2	0	2	-43	155793	8	0	1596	1478	173,333,173,333
1539877750.863689823	110	40	48	1	2	0	2	-43	155794	8	0	1596	1478	173,333,173,333
1539877750.875465084	110	40	48	1	2	0	2	-43	155795	8	0	1596	1478	173,333,173,333
1539877750.887212006	110	40	48	1	2	0	2	-43	155796	8	0	1596	1478	173,333,173,333
1539877750.898978541	110	40	48	1	2	0	2	-43	155797	8	0	1596	1478	173,333,173,333
1539877750.910751592	110	40	48	1	2	0	2	-43	155798	8	0	1596	1478	173,333,173,333
1539877750.922481530	110	40	48	1	2	0	2	-43	155799	8	0	1596	1478	173,333,173,333
1539877750.934164130	110	40	48	1	2	0	2	-43	155800	8	0	1596	1478	173,333,173,333
1539877750.946004204	110	40	48	1	2	0	2	-43	155801	8	0	1596	1478	173,333,173,333
1539877750.957773701	110	40	48	1	2	0	2	-43	155802	8	0	1596	1478	173,333,173,333
1539877750.969543917	110	40	48	1	2	0	2	-43	155803	8	0	1596	1478	173,333,173,333
1539877750.981310888	110	40	48	1	2	0	2	-43	155804	8	0	1596	1478	173,333,173,333
1539877750.993066808	110	40	48	1	2	0	2	-43	155805	8	0	1596	1478	173,333,173,333
1539877751.004748762	110	40	48	1	2	0	2	-44	155806	8	0	1596	1478	173,333,173,333
1539877751.016545254	110	40	48	1	2	0	2	-43	155807	8	0	1596	1478	173,333,173,333
1539877751.028354508	110	40	48	1	2	0	2	-43	155808	8	0	1596	1478	173,333,173,333
1539877751.040845207	110	40	48	1	2	0	2	-43	155809	8	0	1596	1478	173,333,173,333
1539877751.051839682	110	40	48	1	2	0	2	-42	155810	8	0	1596	1478	173,333,173,333
1539877751.063571225	110	40	48	1	2	0	2	-42	155811	8	0	1596	1478	173,333,173,333
1539877751.075367721	110	40	48	1	2	0	2	-42	155812	8	0	1596	1478	173,333,173,333
1539877751.086987063	110	40	48	1	2	0	2	-43	155813	8	0	1596	1478	173,333,173,333
1539877751.098731380	110	40	48	1	2	0	2	-43	155814	8	0	1596	1478	173,333,173,333
1539877751.110511031	110	40	48	1	2	0	2	-44	155815	8	0	1596	1478	173,333,173,333
1539877751.122411679	110	40	48	1	2	0	2	-44	155816	8	0	1596	1478	173,333,173,333
1539877751.134182536	110	40	48	1	2	0	2	-44	155817	8	0	1596	1478	173,333,173,333
1539877751.145960761	110	40	48	1	2	0	2	-44	155818	8	0	1596	1478	173,333,173,333
1539877751.157723492	110	40	48	1	2	0	2	-43	155819	8	0	1596	1478	173,333,173,333
1539877751.169425495	110	40	48	1	2	0	2	-44	155820	8	0	1596	1478	173,333,173,333
1539877751.181200896	110	40	48	1	2	0	2	-44	155821	8	0	1596	1478	173,333,173,333
1539877751.192976251	110	40	48	1	2	0	2	-45	155822	8	0	1596	1478	173,333,173,333
1539877751.204714043	110	40	48	1	2	0	2	-45	155823	8	0	1596	1478	173,333,173,333
1539877751.216517571	110	40	48	1	2	0	2	-45	155824	8	0	1596	1478	173,333,173,333
1539877751.228123907	110	40	48	1	2	0	2	-45	155825	8	0	1596	1478	173,333,173,333
1539877751.239966510	110	40	48	1	2	0	2	-44	155826	8	0	1596	1478	173,333,173,333
1539877751.251754529	110	40	48	1	2	0	2	-44	155827	8	0	1596	1478	173,333,173,333
1539877751.263506253	110	40	48	1	2	0	2	-44	155828	8	0	1596	1478	173,333,173,333
1539877751.275282847	110	40	48	1	2	0	2	-44	155829	8	0	1596	1478	173,333,173,333
1539877751.287028502	110	40	48	1	2	0	2	-43	155830	8	0	1596	1478	173,333,173,333
1539877751.298853641	110	40	48	1	2	0	2	-43	155831	8	0	1596	1478	173,333,173,333
1539877751.310605115	110	40	48	1	2	0	2	-43	155832	8	0	1596	1478	173,333,173,333
1539877751.322294619	110	40	48	1	2	0	2	-44	155833	8	0	1596	1478	173,333,173,333
1539877751.334088046	110	40	48	1	2	0	2	-43	155834	8	0	1596	1478	173,333,173,333
1539877751.345837467	110	40	48	1	2	0	2	-43	155835	8	0	1596	1478	173,333,173,333
1539877751.357619419	110	40	48	1	2	0	2	-43	155836	8	0	1596	1478	173,333,173,333
1539877751.369390464	110	40	48	1	2	0	2	-43	155837	8	0	1596	1478	173,333,173,333
1539877751.381161822	110	40	48	1	2	0	2	-43	155838	8	0	1596	1478	173,333,173,333
1539877751.392918194	110	40	48	1	2	0	2	-43	155839	8	0	1596	1478	173,333,173,333
1539877751.404641940	110	40	48	1	2	0	2	-43	155840	8	0	1596	1478	173,333,173,333
1539877751.416404840	110	40	48	1	2	0	2	-44	155841	8	0	1596	1478	173,333,173,333
1539877751.428180542	110	40	48	1	2	0	2	-44	155842	8	0	1596	1478	173,333,173,333
1539877751.439940133	110	40	48	1	2	0	2	-44	155843	8	0	1596	1478	173,333,173,333
1539877751.451708820	110	40	48	1	2	0	2	-44	155844	8	0	1596	1478	173,333,173,333
1539877751.463484409	110	40	48	1	2	0	2	-44	155845	8	0	1596	1478	173,333,173,333
1539877751.475125014	110	40	48	1	2	0	2	-44	155846	8	0	1596	1478	173,333,173,333
1539877751.486907311	110	40	48	1	2	0	2	-44	155847	8	0	1596	1478	173,333,173,333
1539877751.498664712	110	40	48	1	2	0	2	-44	155848	8	0	1596	1478	173,333,173,333
1539877751.510505066	110	40	48	1	2	0	2	-44	155849	8	0	1596	1478	173,333,173,333
1539877751.522260197	110	40	48	1	2	0	2	-43	155850	8	0	1596	1478	173,333,173,333
1539877751.534034853	110	40	48	1	2	0	2	-43	155851	8	0	1596	1478	173,333,173,333
1539877751.545809579	110	40	48	1	2	0	2	-43	155852	8	0	1596	1478	173,333,173,333
1539877751.557489113	110	40	48	1	2	0	2	-43	155853	8	0	1596	1478	173,333,173,333
1539877751.569290043	110	40	48	1	2	0	2	-43	155854	8	0	1596	1478	173,333,173,333
1539877751.581052237	110	40	48	1	2	0	2	-43	155855	8	0	1596	1478	173,333,173,333
1539877751.592823863	110	40	48	1	2	0	2	-44	155856	8	0	1596	1478	173,333,173,333
1539877751.604587662	110	40	48	1	2	0	2	-44	155857	8	0	1596	1478	173,333,173,333
1539877751.616360159	110	40	48	1	2	0	2	-44	155858	8	0	1596	1478	173,333,173,333
1539877751.628099736	110	40	48	1	2	0	2	-44	155859	8	0	1596	1478	173,333,173,333
1539877751.639821413	110	40	48	1	2	0	2	-44	155860	8	0	1596	1478	173,333,173,333
1539877751.651598921	110	40	48	1	2	0	2	-44	155861	8	0	1596	1478	173,333,173,333
1539877751.663381384	110	40	48	1	2	0	2	-44	155862	8	0	1596	1478	173,333,173,333
1539877751.675152065	110	40	48	1	2	0	2	-44	155863	8	0	1596	1478	173,333,173,333
1539877751.686918645	110	40	48	1	2	0	2	-43	155864	8	0	1596	1478	173,333,173,333
1539877751.698680604	110	40	48	1	2	0	2	-43	155865	8	0	1596	1478	173,333,173,333
1539877751.710440682	110	40	48	1	2	0	2	-43	155866	8	0	1596	1478	173,333,173,333
1539877751.722156453	110	40	48	1	2	0	2	-43	155867	8	0	1596	1478	173,333,173,333
1539877751.733916018	110	40	48	1	2	0	2	-43	155868	8	0	1596	1478	173,333,173,333
1539877751.745570959	110	40	48	1	2	0	2	-44	155869	8	0	1596	1478	173,333,173,333
1539877751.757674284	110	40	48	1	2	0	2	-43	155870	8	0	1596	1478	173,333,173,333
1539877751.769187847	110	40	48	1	2	0	2	-43	155871	8	0	1596	1478	173,333,173,333
1539877751.781007506	110	40	48	1	2	0	2	-43	155872	8	0	1596	1478	173,333,173,333
1539877751.792736707	110	40	48	1	2	0	2	-44	155873	8	0	1596	1478	173,333,173,333
1539877751.804454750	110	40	48	1	2	0	2	-44	155874	8	0	1596	1478	173,333,173,333
1539877751.816252090	110	40	48	1	2	0	2	-44	155875	8	0	1596	1478	173,333,173,333
1539877751.827850628	110	40	48	1	2	0	2	-44	155876	8	0	1596	1478	173,333,173,333
1539877751.839643552	110	40	48	1	2	0	2	-44	155877	8	0	1596	1478	173,333,173,333
1539877751.851539837	110	40	48	1	2	0	2	-44	155878	8	0	1596	1478	173,333,173,333
1539877751.863311822	110	40	48	1	2	0	2	-43	155879	8	0	1596	1478	173,333,173,333
1539877751.875023151	110	40	48	1	2	0	2	-44	155880	8	0	1596	1478	173,333,173,333
1539877751.886814242	110	40	48	1	2	0	2	-43	155881	8	0	1596	1478	173,333,173,333
1539877751.898581824	110	40	48	1	2	0	2	-44	155882	8	0	1596	1478	173,333,173,333
1539877751.910366421	110	40	48	1	2	0	2	-44	155883	8	0	1596	1478	173,333,173,333
1539877751.922129528	110	40	48	1	2	0	2	-44	155884	8	0	1596	1478	173,333,173,333
1539877751.933868160	110	40	48	1	2	0	2	-45	155885	8	0	1596	1478	173,333,173,333
1539877751.945639021	110	40	48	1	2	0	2	-44	155886	8	0	1596	1478	173,333,173,333
1539877751.957328743	110	40	48	1	2	0	2	-44	155887	8	0	1596	1478	173,333,173,333
1539877751.969111061	110	40	48	1	2	0	2	-43	155888	8	0	1596	1478	173,333,173,333
1539877751.980888997	110	40	48	1	2	0	2	-44	155889	8	0	1596	1478	173,333,173,333
1539877751.992620984	110	40	48	1	2	0	2	-44	155890	8	0	1596	1478	173,333,173,333
1539877752.004329835	110	40	48	1	2	0	2	-44	155891	8	0	1596	1478	173,333,173,333
1539877752.016199416	110	40	48	1	2	0	2	-44	155892	8	0	1596	1478	173,333,173,333
1539877752.027901616	110	40	48	1	2	0	2	-44	155893	8	0	1596	1478	173,333,173,333
1539877752.039515535	110	40	48	1	2	0	2	-44	155894	8	0	1596	1478	173,333,173,333
1539877752.051253061	110	40	48	1	2	0	2	-44	155895	8	0	1596	1478	173,333,173,333
1539877752.062954929	110	40	48	1	2	0	2	-44	155896	8	0	1596	1478	173,333,173,333
1539877752.074950540	110	40	48	1	2	0	2	-44	155897	8	0	1596	1478	173,333,173,333
1539877752.086718070	110	40	48	1	2	0	2	-44	155898	8	0	1596	1478	173,333,173,333
1539877752.098537099	110	40	48	1	2	0	2	-44	155899	8	0	1596	1478	173,333,173,333
1539877752.110224728	110	40	48	1	2	0	2	-44	155900	8	0	1596	1478	173,333,173,333
1539877752.122003198	110	40	48	1	2	0	2	-44	155901	8	0	1596	1478	173,333,173,333
1539877752.133775986	110	40	48	1	2	0	2	-43	155902	8	0	1596	1478	173,333,173,333
1539877752.145568134	110	40	48	1	2	0	2	-44	155903	8	0	1596	1478	173,333,173,333
1539877752.157324316	110	40	48	1	2	0	2	-44	155904	8	0	1596	1478	173,333,173,333
1539877752.169077011	110	40	48	1	2	0	2	-44	155905	8	0	1596	1478	173,333,173,333
1539877752.180695215	110	40	48	1	2	0	2	-44	155906	8	0	1596	1478	173,333,173,333
1539877752.192553866	110	40	48	1	2	0	2	-43	155907	8	0	1596	1478	173,333,173,333
1539877752.204307689	110	40	48	1	2	0	2	-43	155908	8	0	1596	1478	173,333,173,333
1539877752.216114758	110	40	48	1	2	0	2	-43	155909	8	0	1596	1478	173,333,173,333
1539877752.227878935	110	40	48	1	2	0	2	-43	155910	8	0	1596	1478	173,333,173,333
