1539875978.516783986	110	40	48	1	2	0	2	-43	95833	8	0	1596	1478	173,333,173,333
1539875978.528678667	110	40	48	1	2	0	2	-43	95834	8	0	1596	1478	173,333,173,333
1539875978.540392807	110	40	48	1	2	0	2	-43	95835	8	0	1596	1478	173,333,173,333
1539875978.552210570	110	40	48	1	2	0	2	-43	95836	8	0	1596	1478	173,333,173,333
1539875978.564080249	110	40	48	1	2	0	2	-44	95837	8	0	1596	1478	173,333,173,333
1539875978.575817457	110	40	48	1	2	0	2	-43	95838	8	0	1596	1478	173,333,173,333
1539875978.587606776	110	40	48	1	2	0	2	-44	95839	8	0	1596	1478	173,333,173,333
1539875978.599336961	110	40	48	1	2	0	2	-43	95840	8	0	1596	1478	173,333,173,333
1539875978.611122618	110	40	48	1	2	0	2	-43	95841	8	0	1596	1478	173,333,173,333
1539875978.622901259	110	40	48	1	2	0	2	-43	95842	8	0	1596	1478	173,333,173,333
1539875978.634673269	110	40	48	1	2	0	2	-44	95843	8	0	1596	1478	173,333,173,333
1539875978.646450419	110	40	48	1	2	0	2	-44	95844	8	0	1596	1478	173,333,173,333
1539875978.658154237	110	40	48	1	2	0	2	-43	95845	8	0	1596	1478	173,333,173,333
1539875978.669976250	110	40	48	1	2	0	2	-43	95846	8	0	1596	1478	173,333,173,333
1539875978.681671255	110	40	48	1	2	0	2	-43	95847	8	0	1596	1478	173,333,173,333
1539875978.693429402	110	40	48	1	2	0	2	-43	95848	8	0	1596	1478	173,333,173,333
1539875978.705213771	110	40	48	1	2	0	2	-43	95849	8	0	1596	1478	173,333,173,333
1539875978.716972416	110	40	48	1	2	0	2	-43	95850	8	0	1596	1478	173,333,173,333
1539875978.728748998	110	40	48	1	2	0	2	-44	95851	8	0	1596	1478	173,333,173,333
1539875978.740531761	110	40	48	1	2	0	2	-43	95852	8	0	1596	1478	173,333,173,333
1539875978.752134120	110	40	48	1	2	0	2	-43	95853	8	0	1596	1478	173,333,173,333
1539875978.764001792	110	40	48	1	2	0	2	-43	95854	8	0	1596	1478	173,333,173,333
1539875978.775799840	110	40	48	1	2	0	2	-43	95855	8	0	1596	1478	173,333,173,333
1539875978.787531526	110	40	48	1	2	0	2	-43	95856	8	0	1596	1478	173,333,173,333
1539875978.799295128	110	40	48	1	2	0	2	-43	95857	8	0	1596	1478	173,333,173,333
1539875978.811040495	110	40	48	1	2	0	2	-44	95858	8	0	1596	1478	173,333,173,333
1539875978.822828410	110	40	48	1	2	0	2	-43	95859	8	0	1596	1478	173,333,173,333
1539875978.834503346	110	40	48	1	2	0	2	-44	95860	8	0	1596	1478	173,333,173,333
1539875978.846301133	110	40	48	1	2	0	2	-44	95861	8	0	1596	1478	173,333,173,333
1539875978.858055498	110	40	48	1	2	0	2	-44	95862	8	0	1596	1478	173,333,173,333
1539875978.869817676	110	40	48	1	2	0	2	-44	95863	8	0	1596	1478	173,333,173,333
1539875978.881594307	110	40	48	1	2	0	2	-44	95864	8	0	1596	1478	173,333,173,333
1539875978.893403526	110	40	48	1	2	0	2	-45	95865	8	0	1596	1478	173,333,173,333
1539875978.904946898	110	40	48	1	2	0	2	-45	95866	8	0	1596	1478	173,333,173,333
1539875978.916734462	110	40	48	1	2	0	2	-44	95867	8	0	1596	1478	173,333,173,333
1539875978.928495241	110	40	48	1	2	0	2	-44	95868	8	0	1596	1478	173,333,173,333
1539875978.940270264	110	40	48	1	2	0	2	-45	95869	8	0	1596	1478	173,333,173,333
1539875978.952024228	110	40	48	1	2	0	2	-45	95870	8	0	1596	1478	173,333,173,333
1539875978.963782343	110	40	48	1	2	0	2	-45	95871	8	0	1596	1478	173,333,173,333
1539875978.975550982	110	40	48	1	2	0	2	-45	95872	8	0	1596	1478	173,333,173,333
1539875978.987319951	110	40	48	1	2	0	2	-44	95873	8	0	1596	1478	173,333,173,333
1539875978.999065783	110	40	48	1	2	0	2	-45	95874	8	0	1596	1478	173,333,173,333
1539875979.010828799	110	40	48	1	2	0	2	-44	95875	8	0	1596	1478	173,333,173,333
1539875979.022559088	110	40	48	1	2	0	2	-44	95876	8	0	1596	1478	173,333,173,333
1539875979.034340344	110	40	48	1	2	0	2	-44	95877	8	0	1596	1478	173,333,173,333
1539875979.046110361	110	40	48	1	2	0	2	-44	95878	8	0	1596	1478	173,333,173,333
1539875979.057817546	110	40	48	1	2	0	2	-44	95879	8	0	1596	1478	173,333,173,333
1539875979.069610279	110	40	48	1	2	0	2	-44	95880	8	0	1596	1478	173,333,173,333
1539875979.081404471	110	40	48	1	2	0	2	-44	95881	8	0	1596	1478	173,333,173,333
1539875979.093141934	110	40	48	1	2	0	2	-44	95882	8	0	1596	1478	173,333,173,333
1539875979.104910358	110	40	48	1	2	0	2	-44	95883	8	0	1596	1478	173,333,173,333
1539875979.116647950	110	40	48	1	2	0	2	-45	95884	8	0	1596	1478	173,333,173,333
1539875979.128497833	110	40	48	1	2	0	2	-45	95885	8	0	1596	1478	173,333,173,333
1539875979.140336316	110	40	48	1	2	0	2	-45	95886	8	0	1596	1478	173,333,173,333
1539875979.152072463	110	40	48	1	2	0	2	-45	95887	8	0	1596	1478	173,333,173,333
1539875979.163847565	110	40	48	1	2	0	2	-45	95888	8	0	1596	1478	173,333,173,333
1539875979.175619542	110	40	48	1	2	0	2	-45	95889	8	0	1596	1478	173,333,173,333
1539875979.187427039	110	40	48	1	2	0	2	-45	95890	8	0	1596	1478	173,333,173,333
1539875979.199172297	110	40	48	1	2	0	2	-45	95891	8	0	1596	1478	173,333,173,333
1539875979.210843363	110	40	48	1	2	0	2	-44	95892	8	0	1596	1478	173,333,173,333
1539875979.222642017	110	40	48	1	2	0	2	-44	95893	8	0	1596	1478	173,333,173,333
1539875979.234394212	110	40	48	1	2	0	2	-44	95894	8	0	1596	1478	173,333,173,333
1539875979.246173913	110	40	48	1	2	0	2	-44	95895	8	0	1596	1478	173,333,173,333
1539875979.257936538	110	40	48	1	2	0	2	-44	95896	8	0	1596	1478	173,333,173,333
1539875979.269732725	110	40	48	1	2	0	2	-44	95897	8	0	1596	1478	173,333,173,333
1539875979.281489266	110	40	48	1	2	0	2	-44	95898	8	0	1596	1478	173,333,173,333
1539875979.293192561	110	40	48	1	2	0	2	-44	95899	8	0	1596	1478	173,333,173,333
1539875979.304962761	110	40	48	1	2	0	2	-43	95900	8	0	1596	1478	173,333,173,333
1539875979.316742319	110	40	48	1	2	0	2	-43	95901	8	0	1596	1478	173,333,173,333
1539875979.328496137	110	40	48	1	2	0	2	-44	95902	8	0	1596	1478	173,333,173,333
1539875979.340294669	110	40	48	1	2	0	2	-43	95903	8	0	1596	1478	173,333,173,333
1539875979.352026427	110	40	48	1	2	0	2	-43	95904	8	0	1596	1478	173,333,173,333
1539875979.363763263	110	40	48	1	2	0	2	-44	95905	8	0	1596	1478	173,333,173,333
1539875979.375507566	110	40	48	1	2	0	2	-45	95906	8	0	1596	1478	173,333,173,333
1539875979.387328426	110	40	48	1	2	0	2	-45	95907	8	0	1596	1478	173,333,173,333
1539875979.399079353	110	40	48	1	2	0	2	-45	95908	8	0	1596	1478	173,333,173,333
1539875979.410801428	110	40	48	1	2	0	2	-44	95909	8	0	1596	1478	173,333,173,333
1539875979.422578976	110	40	48	1	2	0	2	-44	95910	8	0	1596	1478	173,333,173,333
1539875979.434351416	110	40	48	1	2	0	2	-44	95911	8	0	1596	1478	173,333,173,333
1539875979.445994870	110	40	48	1	2	0	2	-43	95912	8	0	1596	1478	173,333,173,333
1539875979.457837351	110	40	48	1	2	0	2	-43	95913	8	0	1596	1478	173,333,173,333
1539875979.469616655	110	40	48	1	2	0	2	-44	95914	8	0	1596	1478	173,333,173,333
1539875979.481387677	110	40	48	1	2	0	2	-44	95915	8	0	1596	1478	173,333,173,333
1539875979.493158925	110	40	48	1	2	0	2	-44	95916	8	0	1596	1478	173,333,173,333
1539875979.504964354	110	40	48	1	2	0	2	-44	95917	8	0	1596	1478	173,333,173,333
1539875979.516655997	110	40	48	1	2	0	2	-44	95918	8	0	1596	1478	173,333,173,333
1539875979.528338932	110	40	48	1	2	0	2	-45	95919	8	0	1596	1478	173,333,173,333
1539875979.540118265	110	40	48	1	2	0	2	-46	95920	8	0	1596	1478	173,333,173,333
1539875979.551918623	110	40	48	1	2	0	2	-46	95921	8	0	1596	1478	173,333,173,333
1539875979.563713842	110	40	48	1	2	0	2	-45	95922	8	0	1596	1478	173,333,173,333
1539875979.575454602	110	40	48	1	2	0	2	-45	95923	8	0	1596	1478	173,333,173,333
1539875979.587214123	110	40	48	1	2	0	2	-45	95924	8	0	1596	1478	173,333,173,333
1539875979.598998918	110	40	48	1	2	0	2	-44	95925	8	0	1596	1478	173,333,173,333
1539875979.610702546	110	40	48	1	2	0	2	-44	95926	8	0	1596	1478	173,333,173,333
1539875979.622478548	110	40	48	1	2	0	2	-45	95927	8	0	1596	1478	173,333,173,333
1539875979.634251185	110	40	48	1	2	0	2	-45	95928	8	0	1596	1478	173,333,173,333
1539875979.646022008	110	40	48	1	2	0	2	-44	95929	8	0	1596	1478	173,333,173,333
1539875979.657729132	110	40	48	1	2	0	2	-44	95930	8	0	1596	1478	173,333,173,333
1539875979.669494587	110	40	48	1	2	0	2	-44	95931	8	0	1596	1478	173,333,173,333
1539875979.681281912	110	40	48	1	2	0	2	-44	95932	8	0	1596	1478	173,333,173,333
1539875979.692990093	110	40	48	1	2	0	2	-45	95933	8	0	1596	1478	173,333,173,333
1539875979.705576672	110	40	48	1	2	0	2	-45	95934	8	0	1596	1478	173,333,173,333
1539875979.716454164	110	40	48	1	2	0	2	-45	95935	8	0	1596	1478	173,333,173,333
1539875979.728303984	110	40	48	1	2	0	2	-45	95936	8	0	1596	1478	173,333,173,333
1539875979.740047354	110	40	48	1	2	0	2	-44	95937	8	0	1596	1478	173,333,173,333
1539875979.751836066	110	40	48	1	2	0	2	-43	95938	8	0	1596	1478	173,333,173,333
1539875979.763560052	110	40	48	1	2	0	2	-43	95939	8	0	1596	1478	173,333,173,333
1539875979.775319479	110	40	48	1	2	0	2	-43	95940	8	0	1596	1478	173,333,173,333
1539875979.787098967	110	40	48	1	2	0	2	-42	95941	8	0	1596	1478	173,333,173,333
1539875979.798869489	110	40	48	1	2	0	2	-42	95942	8	0	1596	1478	173,333,173,333
1539875979.810685428	110	40	48	1	2	0	2	-43	95943	8	0	1596	1478	173,333,173,333
1539875979.822459385	110	40	48	1	2	0	2	-42	95944	8	0	1596	1478	173,333,173,333
1539875979.834203717	110	40	48	1	2	0	2	-42	95945	8	0	1596	1478	173,333,173,333
1539875979.845900399	110	40	48	1	2	0	2	-43	95946	8	0	1596	1478	173,333,173,333
1539875979.857691548	110	40	48	1	2	0	2	-43	95947	8	0	1596	1478	173,333,173,333
1539875979.869433167	110	40	48	1	2	0	2	-44	95948	8	0	1596	1478	173,333,173,333
1539875979.881087467	110	40	48	1	2	0	2	-44	95949	8	0	1596	1478	173,333,173,333
1539875979.892836355	110	40	48	1	2	0	2	-44	95950	8	0	1596	1478	173,333,173,333
1539875979.904590518	110	40	48	1	2	0	2	-44	95951	8	0	1596	1478	173,333,173,333
1539875979.916359434	110	40	48	1	2	0	2	-43	95952	8	0	1596	1478	173,333,173,333
1539875979.928105758	110	40	48	1	2	0	2	-42	95953	8	0	1596	1478	173,333,173,333
1539875979.939865489	110	40	48	1	2	0	2	-42	95954	8	0	1596	1478	173,333,173,333
1539875979.951623151	110	40	48	1	2	0	2	-42	95955	8	0	1596	1478	173,333,173,333
1539875979.963372027	110	40	48	1	2	0	2	-43	95956	8	0	1596	1478	173,333,173,333
1539875979.975146641	110	40	48	1	2	0	2	-43	95957	8	0	1596	1478	173,333,173,333
1539875979.986899181	110	40	48	1	2	0	2	-43	95958	8	0	1596	1478	173,333,173,333
1539875979.998671611	110	40	48	1	2	0	2	-43	95959	8	0	1596	1478	173,333,173,333
1539875980.010436354	110	40	48	1	2	0	2	-43	95960	8	0	1596	1478	173,333,173,333
1539875980.022186005	110	40	48	1	2	0	2	-43	95961	8	0	1596	1478	173,333,173,333
1539875980.033945029	110	40	48	1	2	0	2	-42	95962	8	0	1596	1478	173,333,173,333
1539875980.045715129	110	40	48	1	2	0	2	-43	95963	8	0	1596	1478	173,333,173,333
1539875980.057466035	110	40	48	1	2	0	2	-43	95964	8	0	1596	1478	173,333,173,333
1539875980.069227027	110	40	48	1	2	0	2	-43	95965	8	0	1596	1478	173,333,173,333
1539875980.080999843	110	40	48	1	2	0	2	-42	95966	8	0	1596	1478	173,333,173,333
1539875980.092734819	110	40	48	1	2	0	2	-42	95967	8	0	1596	1478	173,333,173,333
1539875980.104501251	110	40	48	1	2	0	2	-43	95968	8	0	1596	1478	173,333,173,333
1539875980.116280256	110	40	48	1	2	0	2	-42	95969	8	0	1596	1478	173,333,173,333
1539875980.128020754	110	40	48	1	2	0	2	-42	95970	8	0	1596	1478	173,333,173,333
1539875980.139761318	110	40	48	1	2	0	2	-42	95971	8	0	1596	1478	173,333,173,333
1539875980.151558777	110	40	48	1	2	0	2	-42	95972	8	0	1596	1478	173,333,173,333
1539875980.163272892	110	40	48	1	2	0	2	-42	95973	8	0	1596	1478	173,333,173,333
1539875980.175043654	110	40	48	1	2	0	2	-42	95974	8	0	1596	1478	173,333,173,333
1539875980.186813413	110	40	48	1	2	0	2	-41	95975	8	0	1596	1478	173,333,173,333
1539875980.198587272	110	40	48	1	2	0	2	-40	95976	8	0	1596	1478	173,333,173,333
1539875980.210345535	110	40	48	1	2	0	2	-41	95977	8	0	1596	1478	173,333,173,333
1539875980.222102210	110	40	48	1	2	0	2	-42	95978	8	0	1596	1478	173,333,173,333
1539875980.233861735	110	40	48	1	2	0	2	-42	95979	8	0	1596	1478	173,333,173,333
1539875980.245637135	110	40	48	1	2	0	2	-42	95980	8	0	1596	1478	173,333,173,333
1539875980.257381692	110	40	48	1	2	0	2	-42	95981	8	0	1596	1478	173,333,173,333
1539875980.269150263	110	40	48	1	2	0	2	-43	95982	8	0	1596	1478	173,333,173,333
1539875980.280874095	110	40	48	1	2	0	2	-44	95983	8	0	1596	1478	173,333,173,333
1539875980.292666073	110	40	48	1	2	0	2	-45	95984	8	0	1596	1478	173,333,173,333
1539875980.304431418	110	40	48	1	2	0	2	-45	95985	8	0	1596	1478	173,333,173,333
1539875980.316129578	110	40	48	1	2	0	2	-43	95986	8	0	1596	1478	173,333,173,333
1539875980.327999936	110	40	48	1	2	0	2	-42	95987	8	0	1596	1478	173,333,173,333
1539875980.339675916	110	40	48	1	2	0	2	-42	95988	8	0	1596	1478	173,333,173,333
1539875980.351478081	110	40	48	1	2	0	2	-42	95989	8	0	1596	1478	173,333,173,333
1539875980.363345030	110	40	48	1	2	0	2	-43	95990	8	0	1596	1478	173,333,173,333
1539875980.375098665	110	40	48	1	2	0	2	-44	95991	8	0	1596	1478	173,333,173,333
1539875980.386896676	110	40	48	1	2	0	2	-44	95992	8	0	1596	1478	173,333,173,333
1539875980.398694264	110	40	48	1	2	0	2	-43	95993	8	0	1596	1478	173,333,173,333
1539875980.410447711	110	40	48	1	2	0	2	-42	95994	8	0	1596	1478	173,333,173,333
1539875980.422490416	110	40	48	1	2	0	2	-41	95995	8	0	1596	1478	173,333,173,333
1539875980.433895123	110	40	48	1	2	0	2	-42	95996	8	0	1596	1478	173,333,173,333
1539875980.445678352	110	40	48	1	2	0	2	-42	95997	8	0	1596	1478	173,333,173,333
1539875980.457457837	110	40	48	1	2	0	2	-43	95998	8	0	1596	1478	173,333,173,333
1539875980.469221830	110	40	48	1	2	0	2	-43	95999	8	0	1596	1478	173,333,173,333
1539875980.480999267	110	40	48	1	2	0	2	-43	96000	8	0	1596	1478	173,333,173,333
1539875980.492761582	110	40	48	1	2	0	2	-43	96001	8	0	1596	1478	173,333,173,333
1539875980.504504580	110	40	48	1	2	0	2	-43	96002	8	0	1596	1478	173,333,173,333
1539875980.516237417	110	40	48	1	2	0	2	-43	96003	8	0	1596	1478	173,333,173,333
1539875980.527986566	110	40	48	1	2	0	2	-43	96004	8	0	1596	1478	173,333,173,333
1539875980.539765673	110	40	48	1	2	0	2	-43	96005	8	0	1596	1478	173,333,173,333
1539875980.551517752	110	40	48	1	2	0	2	-42	96006	8	0	1596	1478	173,333,173,333
1539875980.563286933	110	40	48	1	2	0	2	-42	96007	8	0	1596	1478	173,333,173,333
1539875980.575078961	110	40	48	1	2	0	2	-42	96008	8	0	1596	1478	173,333,173,333
1539875980.586825562	110	40	48	1	2	0	2	-43	96009	8	0	1596	1478	173,333,173,333
1539875980.598527197	110	40	48	1	2	0	2	-42	96010	8	0	1596	1478	173,333,173,333
1539875980.610306596	110	40	48	1	2	0	2	-42	96011	8	0	1596	1478	173,333,173,333
1539875980.622089066	110	40	48	1	2	0	2	-42	96012	8	0	1596	1478	173,333,173,333
1539875980.633846778	110	40	48	1	2	0	2	-41	96013	8	0	1596	1478	173,333,173,333
1539875980.645612683	110	40	48	1	2	0	2	-42	96014	8	0	1596	1478	173,333,173,333
1539875980.657377095	110	40	48	1	2	0	2	-42	96015	8	0	1596	1478	173,333,173,333
1539875980.668998417	110	40	48	1	2	0	2	-42	96016	8	0	1596	1478	173,333,173,333
1539875980.680845174	110	40	48	1	2	0	2	-42	96017	8	0	1596	1478	173,333,173,333
1539875980.692629253	110	40	48	1	2	0	2	-42	96018	8	0	1596	1478	173,333,173,333
1539875980.704411735	110	40	48	1	2	0	2	-42	96019	8	0	1596	1478	173,333,173,333
1539875980.716170479	110	40	48	1	2	0	2	-42	96020	8	0	1596	1478	173,333,173,333
1539875980.727796860	110	40	48	1	2	0	2	-42	96021	8	0	1596	1478	173,333,173,333
1539875980.739704924	110	40	48	1	2	0	2	-42	96022	8	0	1596	1478	173,333,173,333
1539875980.751384007	110	40	48	1	2	0	2	-42	96023	8	0	1596	1478	173,333,173,333
1539875980.763174916	110	40	48	1	2	0	2	-42	96024	8	0	1596	1478	173,333,173,333
1539875980.774834930	110	40	48	1	2	0	2	-42	96025	8	0	1596	1478	173,333,173,333
1539875980.786722458	110	40	48	1	2	0	2	-42	96026	8	0	1596	1478	173,333,173,333
1539875980.798541779	110	40	48	1	2	0	2	-43	96027	8	0	1596	1478	173,333,173,333
1539875980.810287519	110	40	48	1	2	0	2	-44	96028	8	0	1596	1478	173,333,173,333
1539875980.822042708	110	40	48	1	2	0	2	-43	96029	8	0	1596	1478	173,333,173,333
1539875980.833733439	110	40	48	1	2	0	2	-42	96030	8	0	1596	1478	173,333,173,333
1539875980.845530823	110	40	48	1	2	0	2	-42	96031	8	0	1596	1478	173,333,173,333
1539875980.857167177	110	40	48	1	2	0	2	-42	96032	8	0	1596	1478	173,333,173,333
1539875980.868921259	110	40	48	1	2	0	2	-42	96033	8	0	1596	1478	173,333,173,333
1539875980.880652694	110	40	48	1	2	0	2	-41	96034	8	0	1596	1478	173,333,173,333
1539875980.892416347	110	40	48	1	2	0	2	-41	96035	8	0	1596	1478	173,333,173,333
1539875980.904133099	110	40	48	1	2	0	2	-43	96036	8	0	1596	1478	173,333,173,333
1539875980.915921777	110	40	48	1	2	0	2	-43	96037	8	0	1596	1478	173,333,173,333
1539875980.927768411	110	40	48	1	2	0	2	-42	96038	8	0	1596	1478	173,333,173,333
1539875980.939413654	110	40	48	1	2	0	2	-42	96039	8	0	1596	1478	173,333,173,333
1539875980.951345647	110	40	48	1	2	0	2	-42	96040	8	0	1596	1478	173,333,173,333
1539875980.966160730	144	40	48	0	2	0	2	-40	96046	6	0	1596	1478	117,117
1539875980.974926573	144	40	48	0	2	0	2	-40	96047	6	0	1596	1478	117,117
1539875980.986641209	144	40	48	0	2	0	2	-39	96048	6	0	1596	1478	117,117
1539875980.998417083	144	40	48	0	2	0	2	-39	96049	6	0	1596	1478	117,117
1539875981.010177468	144	40	48	0	2	0	2	-39	96050	6	0	1596	1478	117,117
1539875981.021945031	144	40	48	0	2	0	2	-38	96051	6	0	1596	1478	117,117
1539875981.033694824	144	40	48	0	2	0	2	-39	96052	6	0	1596	1478	117,117
1539875981.045501028	144	40	48	0	2	0	2	-40	96053	6	0	1596	1478	117,117
1539875981.057089345	134	40	48	0	2	0	2	-40	96054	7	0	1596	1478	130,130
1539875981.068973400	144	40	48	0	2	0	2	-39	96055	6	0	1596	1478	117,117
1539875981.080743103	144	40	48	0	2	0	2	-40	96056	6	0	1596	1478	117,117
1539875981.092555522	144	40	48	0	2	0	2	-39	96057	6	0	1596	1478	117,117
1539875981.104295406	144	40	48	0	2	0	2	-39	96058	6	0	1596	1478	117,117
1539875981.115900860	134	40	48	0	2	0	2	-39	96059	7	0	1596	1478	130,130
1539875981.127826087	144	40	48	0	2	0	2	-38	96060	6	0	1596	1478	117,117
1539875981.139529672	144	40	48	0	2	0	2	-38	96061	6	0	1596	1478	117,117
1539875981.151357622	144	40	48	0	2	0	2	-38	96062	6	0	1596	1478	117,117
1539875981.163078165	144	40	48	0	2	0	2	-39	96063	6	0	1596	1478	117,117
1539875981.174837684	134	40	48	0	2	0	2	-39	96064	7	0	1596	1478	130,130
1539875981.186608501	144	40	48	0	2	0	2	-39	96065	6	0	1596	1478	117,117
1539875981.198380488	144	40	48	0	2	0	2	-40	96066	6	0	1596	1478	117,117
1539875981.210165167	144	40	48	0	2	0	2	-38	96067	6	0	1596	1478	117,117
1539875981.221835473	144	40	48	0	2	0	2	-37	96068	6	0	1596	1478	117,117
1539875981.233610020	134	40	48	0	2	0	2	-37	96069	7	0	1596	1478	130,130
1539875981.245383003	124	40	48	1	2	0	2	-37	96070	7	0	1596	1478	144,444,144,444
1539875981.257134494	124	40	48	1	2	0	2	-38	96071	7	0	1596	1478	144,444,144,444
1539875981.268877752	124	40	48	1	2	0	2	-39	96072	7	0	1596	1478	144,444,144,444
1539875981.280675771	124	40	48	1	2	0	2	-39	96073	7	0	1596	1478	144,444,144,444
1539875981.292434082	118	40	48	0	2	0	2	-43	96074	8	0	1596	1478	156,156
1539875981.304140502	124	40	48	1	2	0	2	-39	96075	7	0	1596	1478	144,444,144,444
1539875981.315940267	124	40	48	1	2	0	2	-38	96076	7	0	1596	1478	144,444,144,444
1539875981.327699394	124	40	48	1	2	0	2	-37	96077	7	0	1596	1478	144,444,144,444
1539875981.339468166	124	40	48	1	2	0	2	-38	96078	7	0	1596	1478	144,444,144,444
1539875981.351239884	118	40	48	0	2	0	2	-42	96079	8	0	1596	1478	156,156
1539875981.363015198	118	40	48	0	2	0	2	-42	96080	8	0	1596	1478	156,156
1539875981.374592809	118	40	48	0	2	0	2	-42	96081	8	0	1596	1478	156,156
1539875981.386464599	118	40	48	0	2	0	2	-42	96082	8	0	1596	1478	156,156
1539875981.398246258	110	40	48	1	2	0	2	-41	96083	8	0	1596	1478	173,333,173,333
1539875981.409994182	110	40	48	1	2	0	2	-42	96084	8	0	1596	1478	173,333,173,333
1539875981.421761603	110	40	48	1	2	0	2	-42	96085	8	0	1596	1478	173,333,173,333
1539875981.433540302	110	40	48	1	2	0	2	-42	96086	8	0	1596	1478	173,333,173,333
1539875981.445318332	110	40	48	1	2	0	2	-41	96087	8	0	1596	1478	173,333,173,333
1539875981.456979969	110	40	48	1	2	0	2	-41	96088	8	0	1596	1478	173,333,173,333
1539875981.468765833	110	40	48	1	2	0	2	-42	96089	8	0	1596	1478	173,333,173,333
1539875981.480573928	110	40	48	1	2	0	2	-42	96090	8	0	1596	1478	173,333,173,333
1539875981.492418172	110	40	48	1	2	0	2	-42	96091	8	0	1596	1478	173,333,173,333
1539875981.504205041	110	40	48	1	2	0	2	-42	96092	8	0	1596	1478	173,333,173,333
1539875981.516005324	110	40	48	1	2	0	2	-41	96093	8	0	1596	1478	173,333,173,333
1539875981.527565445	110	40	48	1	2	0	2	-41	96094	8	0	1596	1478	173,333,173,333
1539875981.539432420	110	40	48	1	2	0	2	-41	96095	8	0	1596	1478	173,333,173,333
1539875981.551217571	110	40	48	1	2	0	2	-41	96096	8	0	1596	1478	173,333,173,333
1539875981.562991389	110	40	48	1	2	0	2	-40	96097	8	0	1596	1478	173,333,173,333
1539875981.574773599	110	40	48	1	2	0	2	-42	96098	8	0	1596	1478	173,333,173,333
1539875981.586422883	110	40	48	1	2	0	2	-43	96099	8	0	1596	1478	173,333,173,333
1539875981.598178141	110	40	48	1	2	0	2	-41	96100	8	0	1596	1478	173,333,173,333
1539875981.609968851	110	40	48	1	2	0	2	-41	96101	8	0	1596	1478	173,333,173,333
1539875981.621745890	110	40	48	1	2	0	2	-42	96102	8	0	1596	1478	173,333,173,333
1539875981.633549463	110	40	48	1	2	0	2	-41	96103	8	0	1596	1478	173,333,173,333
1539875981.645333669	110	40	48	1	2	0	2	-43	96104	8	0	1596	1478	173,333,173,333
1539875981.656953594	110	40	48	1	2	0	2	-42	96105	8	0	1596	1478	173,333,173,333
1539875981.668757695	110	40	48	1	2	0	2	-41	96106	8	0	1596	1478	173,333,173,333
1539875981.680530979	110	40	48	1	2	0	2	-41	96107	8	0	1596	1478	173,333,173,333
1539875981.692209550	110	40	48	1	2	0	2	-42	96108	8	0	1596	1478	173,333,173,333
1539875981.703960873	110	40	48	1	2	0	2	-41	96109	8	0	1596	1478	173,333,173,333
1539875981.715773242	110	40	48	1	2	0	2	-41	96110	8	0	1596	1478	173,333,173,333
1539875981.727540423	110	40	48	1	2	0	2	-41	96111	8	0	1596	1478	173,333,173,333
1539875981.739412280	110	40	48	1	2	0	2	-41	96112	8	0	1596	1478	173,333,173,333
1539875981.751180802	110	40	48	1	2	0	2	-41	96113	8	0	1596	1478	173,333,173,333
1539875981.762744281	110	40	48	1	2	0	2	-41	96114	8	0	1596	1478	173,333,173,333
1539875981.774531786	110	40	48	1	2	0	2	-41	96115	8	0	1596	1478	173,333,173,333
1539875981.786334467	110	40	48	1	2	0	2	-42	96116	8	0	1596	1478	173,333,173,333
1539875981.798100926	110	40	48	1	2	0	2	-42	96117	8	0	1596	1478	173,333,173,333
1539875981.809878513	110	40	48	1	2	0	2	-42	96118	8	0	1596	1478	173,333,173,333
1539875981.821566755	110	40	48	1	2	0	2	-42	96119	8	0	1596	1478	173,333,173,333
1539875981.833320676	110	40	48	1	2	0	2	-42	96120	8	0	1596	1478	173,333,173,333
1539875981.845079122	110	40	48	1	2	0	2	-42	96121	8	0	1596	1478	173,333,173,333
1539875981.856841221	110	40	48	1	2	0	2	-42	96122	8	0	1596	1478	173,333,173,333
1539875981.868611302	110	40	48	1	2	0	2	-42	96123	8	0	1596	1478	173,333,173,333
1539875981.880255433	110	40	48	1	2	0	2	-42	96124	8	0	1596	1478	173,333,173,333
1539875981.892008047	110	40	48	1	2	0	2	-42	96125	8	0	1596	1478	173,333,173,333
1539875981.903807877	110	40	48	1	2	0	2	-42	96126	8	0	1596	1478	173,333,173,333
1539875981.915540668	110	40	48	1	2	0	2	-43	96127	8	0	1596	1478	173,333,173,333
1539875981.927308376	110	40	48	1	2	0	2	-43	96128	8	0	1596	1478	173,333,173,333
1539875981.939060516	110	40	48	1	2	0	2	-42	96129	8	0	1596	1478	173,333,173,333
1539875981.950811521	110	40	48	1	2	0	2	-42	96130	8	0	1596	1478	173,333,173,333
1539875981.962567539	110	40	48	1	2	0	2	-43	96131	8	0	1596	1478	173,333,173,333
1539875981.974666620	110	40	48	1	2	0	2	-42	96132	8	0	1596	1478	173,333,173,333
1539875981.986288772	110	40	48	1	2	0	2	-42	96133	8	0	1596	1478	173,333,173,333
1539875981.997886430	110	40	48	1	2	0	2	-42	96134	8	0	1596	1478	173,333,173,333
1539875982.009791386	110	40	48	1	2	0	2	-42	96135	8	0	1596	1478	173,333,173,333
1539875982.021513719	110	40	48	1	2	0	2	-42	96136	8	0	1596	1478	173,333,173,333
1539875982.033304428	110	40	48	1	2	0	2	-42	96137	8	0	1596	1478	173,333,173,333
1539875982.045084229	110	40	48	1	2	0	2	-42	96138	8	0	1596	1478	173,333,173,333
1539875982.056854921	110	40	48	1	2	0	2	-42	96139	8	0	1596	1478	173,333,173,333
1539875982.068621130	110	40	48	1	2	0	2	-42	96140	8	0	1596	1478	173,333,173,333
1539875982.080217714	110	40	48	1	2	0	2	-41	96141	8	0	1596	1478	173,333,173,333
1539875982.092099975	110	40	48	1	2	0	2	-42	96142	8	0	1596	1478	173,333,173,333
1539875982.103859924	110	40	48	1	2	0	2	-42	96143	8	0	1596	1478	173,333,173,333
1539875982.115651960	110	40	48	1	2	0	2	-41	96144	8	0	1596	1478	173,333,173,333
1539875982.127353838	110	40	48	1	2	0	2	-42	96145	8	0	1596	1478	173,333,173,333
1539875982.139120280	110	40	48	1	2	0	2	-42	96146	8	0	1596	1478	173,333,173,333
1539875982.150761628	110	40	48	1	2	0	2	-41	96147	8	0	1596	1478	173,333,173,333
1539875982.163194832	110	40	48	1	2	0	2	-42	96148	8	0	1596	1478	173,333,173,333
1539875982.174413447	110	40	48	1	2	0	2	-42	96149	8	0	1596	1478	173,333,173,333
1539875982.186184287	110	40	48	1	2	0	2	-42	96150	8	0	1596	1478	173,333,173,333
1539875982.197909097	110	40	48	1	2	0	2	-41	96151	8	0	1596	1478	173,333,173,333
1539875982.209708901	110	40	48	1	2	0	2	-41	96152	8	0	1596	1478	173,333,173,333
1539875982.221348431	110	40	48	1	2	0	2	-41	96153	8	0	1596	1478	173,333,173,333
1539875982.233165361	110	40	48	1	2	0	2	-41	96154	8	0	1596	1478	173,333,173,333
1539875982.244951610	110	40	48	1	2	0	2	-41	96155	8	0	1596	1478	173,333,173,333
1539875982.256749861	110	40	48	1	2	0	2	-41	96156	8	0	1596	1478	173,333,173,333
1539875982.268509310	110	40	48	1	2	0	2	-41	96157	8	0	1596	1478	173,333,173,333
1539875982.280288791	110	40	48	1	2	0	2	-42	96158	8	0	1596	1478	173,333,173,333
1539875982.291988704	110	40	48	1	2	0	2	-41	96159	8	0	1596	1478	173,333,173,333
1539875982.303752252	110	40	48	1	2	0	2	-41	96160	8	0	1596	1478	173,333,173,333
1539875982.315484453	110	40	48	1	2	0	2	-41	96161	8	0	1596	1478	173,333,173,333
1539875982.327284314	110	40	48	1	2	0	2	-41	96162	8	0	1596	1478	173,333,173,333
1539875982.339055777	110	40	48	1	2	0	2	-41	96163	8	0	1596	1478	173,333,173,333
1539875982.350826846	110	40	48	1	2	0	2	-41	96164	8	0	1596	1478	173,333,173,333
1539875982.362603069	110	40	48	1	2	0	2	-41	96165	8	0	1596	1478	173,333,173,333
1539875982.374320917	110	40	48	1	2	0	2	-41	96166	8	0	1596	1478	173,333,173,333
1539875982.386126840	110	40	48	1	2	0	2	-41	96167	8	0	1596	1478	173,333,173,333
1539875982.397847057	110	40	48	1	2	0	2	-41	96168	8	0	1596	1478	173,333,173,333
1539875982.409611933	110	40	48	1	2	0	2	-41	96169	8	0	1596	1478	173,333,173,333
1539875982.421375298	110	40	48	1	2	0	2	-42	96170	8	0	1596	1478	173,333,173,333
1539875982.433151214	110	40	48	1	2	0	2	-42	96171	8	0	1596	1478	173,333,173,333
1539875982.444922143	110	40	48	1	2	0	2	-42	96172	8	0	1596	1478	173,333,173,333
1539875982.456666095	110	40	48	1	2	0	2	-41	96173	8	0	1596	1478	173,333,173,333
1539875982.468394540	110	40	48	1	2	0	2	-41	96174	8	0	1596	1478	173,333,173,333
1539875982.480147956	110	40	48	1	2	0	2	-42	96175	8	0	1596	1478	173,333,173,333
1539875982.491924430	110	40	48	1	2	0	2	-41	96176	8	0	1596	1478	173,333,173,333
1539875982.503686208	110	40	48	1	2	0	2	-41	96177	8	0	1596	1478	173,333,173,333
1539875982.515494817	110	40	48	1	2	0	2	-41	96178	8	0	1596	1478	173,333,173,333
1539875982.527250929	110	40	48	1	2	0	2	-41	96179	8	0	1596	1478	173,333,173,333
1539875982.539023159	110	40	48	1	2	0	2	-41	96180	8	0	1596	1478	173,333,173,333
1539875982.550609142	110	40	48	1	2	0	2	-41	96181	8	0	1596	1478	173,333,173,333
1539875982.562477673	110	40	48	1	2	0	2	-41	96182	8	0	1596	1478	173,333,173,333
1539875982.574225602	110	40	48	1	2	0	2	-41	96183	8	0	1596	1478	173,333,173,333
1539875982.586033106	110	40	48	1	2	0	2	-41	96184	8	0	1596	1478	173,333,173,333
1539875982.597797174	110	40	48	1	2	0	2	-41	96185	8	0	1596	1478	173,333,173,333
1539875982.609561610	110	40	48	1	2	0	2	-41	96186	8	0	1596	1478	173,333,173,333
1539875982.621329510	110	40	48	1	2	0	2	-41	96187	8	0	1596	1478	173,333,173,333
1539875982.632995651	110	40	48	1	2	0	2	-41	96188	8	0	1596	1478	173,333,173,333
1539875982.644792051	110	40	48	1	2	0	2	-42	96189	8	0	1596	1478	173,333,173,333
1539875982.656582927	110	40	48	1	2	0	2	-41	96190	8	0	1596	1478	173,333,173,333
1539875982.668334667	110	40	48	1	2	0	2	-41	96191	8	0	1596	1478	173,333,173,333
1539875982.680090115	110	40	48	1	2	0	2	-41	96192	8	0	1596	1478	173,333,173,333
1539875982.691867996	110	40	48	1	2	0	2	-41	96193	8	0	1596	1478	173,333,173,333
1539875982.703632128	110	40	48	1	2	0	2	-41	96194	8	0	1596	1478	173,333,173,333
1539875982.715320386	110	40	48	1	2	0	2	-41	96195	8	0	1596	1478	173,333,173,333
1539875982.727087492	110	40	48	1	2	0	2	-41	96196	8	0	1596	1478	173,333,173,333
1539875982.738888649	110	40	48	1	2	0	2	-41	96197	8	0	1596	1478	173,333,173,333
1539875982.750630777	110	40	48	1	2	0	2	-41	96198	8	0	1596	1478	173,333,173,333
1539875982.762429994	110	40	48	1	2	0	2	-41	96199	8	0	1596	1478	173,333,173,333
1539875982.774127572	110	40	48	1	2	0	2	-41	96200	8	0	1596	1478	173,333,173,333
1539875982.785809515	110	40	48	1	2	0	2	-42	96201	8	0	1596	1478	173,333,173,333
1539875982.797527337	110	40	48	1	2	0	2	-41	96202	8	0	1596	1478	173,333,173,333
1539875982.809248015	110	40	48	1	2	0	2	-41	96203	8	0	1596	1478	173,333,173,333
1539875982.821056711	110	40	48	1	2	0	2	-41	96204	8	0	1596	1478	173,333,173,333
1539875982.832833480	110	40	48	1	2	0	2	-40	96205	8	0	1596	1478	173,333,173,333
1539875982.844580917	110	40	48	1	2	0	2	-40	96206	8	0	1596	1478	173,333,173,333
1539875982.856328321	110	40	48	1	2	0	2	-40	96207	8	0	1596	1478	173,333,173,333
1539875982.868080857	110	40	48	1	2	0	2	-40	96208	8	0	1596	1478	173,333,173,333
1539875982.880053066	110	40	48	1	2	0	2	-41	96209	8	0	1596	1478	173,333,173,333
1539875982.891623476	110	40	48	1	2	0	2	-41	96210	8	0	1596	1478	173,333,173,333
1539875982.903389435	110	40	48	1	2	0	2	-41	96211	8	0	1596	1478	173,333,173,333
1539875982.915332767	110	40	48	1	2	0	2	-41	96212	8	0	1596	1478	173,333,173,333
1539875982.927088408	110	40	48	1	2	0	2	-41	96213	8	0	1596	1478	173,333,173,333
1539875982.938769018	110	40	48	1	2	0	2	-42	96214	8	0	1596	1478	173,333,173,333
1539875982.950556008	110	40	48	1	2	0	2	-42	96215	8	0	1596	1478	173,333,173,333
1539875982.962329323	110	40	48	1	2	0	2	-41	96216	8	0	1596	1478	173,333,173,333
1539875982.974115658	110	40	48	1	2	0	2	-41	96217	8	0	1596	1478	173,333,173,333
1539875982.985883278	110	40	48	1	2	0	2	-41	96218	8	0	1596	1478	173,333,173,333
1539875982.997644122	110	40	48	1	2	0	2	-41	96219	8	0	1596	1478	173,333,173,333
1539875983.009412326	110	40	48	1	2	0	2	-41	96220	8	0	1596	1478	173,333,173,333
1539875983.021092801	110	40	48	1	2	0	2	-41	96221	8	0	1596	1478	173,333,173,333
1539875983.032858122	110	40	48	1	2	0	2	-41	96222	8	0	1596	1478	173,333,173,333
1539875983.044643225	110	40	48	1	2	0	2	-41	96223	8	0	1596	1478	173,333,173,333
1539875983.056438273	110	40	48	1	2	0	2	-40	96224	8	0	1596	1478	173,333,173,333
1539875983.068216609	110	40	48	1	2	0	2	-40	96225	8	0	1596	1478	173,333,173,333
1539875983.079954296	110	40	48	1	2	0	2	-40	96226	8	0	1596	1478	173,333,173,333
1539875983.091749292	110	40	48	1	2	0	2	-40	96227	8	0	1596	1478	173,333,173,333
1539875983.103432084	110	40	48	1	2	0	2	-40	96228	8	0	1596	1478	173,333,173,333
1539875983.115202823	110	40	48	1	2	0	2	-41	96229	8	0	1596	1478	173,333,173,333
1539875983.126965339	110	40	48	1	2	0	2	-41	96230	8	0	1596	1478	173,333,173,333
1539875983.138736548	110	40	48	1	2	0	2	-41	96231	8	0	1596	1478	173,333,173,333
1539875983.150525764	110	40	48	1	2	0	2	-41	96232	8	0	1596	1478	173,333,173,333
1539875983.162287105	110	40	48	1	2	0	2	-41	96233	8	0	1596	1478	173,333,173,333
1539875983.173911747	110	40	48	1	2	0	2	-41	96234	8	0	1596	1478	173,333,173,333
1539875983.185755928	110	40	48	1	2	0	2	-41	96235	8	0	1596	1478	173,333,173,333
1539875983.197533150	110	40	48	1	2	0	2	-41	96236	8	0	1596	1478	173,333,173,333
1539875983.209285340	110	40	48	1	2	0	2	-40	96237	8	0	1596	1478	173,333,173,333
1539875983.221059805	110	40	48	1	2	0	2	-41	96238	8	0	1596	1478	173,333,173,333
1539875983.232779498	110	40	48	1	2	0	2	-41	96239	8	0	1596	1478	173,333,173,333
1539875983.244601192	110	40	48	1	2	0	2	-42	96240	8	0	1596	1478	173,333,173,333
1539875983.256282989	110	40	48	1	2	0	2	-42	96241	8	0	1596	1478	173,333,173,333
1539875983.268062364	110	40	48	1	2	0	2	-42	96242	8	0	1596	1478	173,333,173,333
1539875983.280002281	110	40	48	1	2	0	2	-41	96249	8	0	1596	1478	173,333,173,333
1539875983.291676845	110	40	48	1	2	0	2	-40	96262	8	0	1596	1478	173,333,173,333
1539875983.303495414	110	40	48	1	2	0	2	-41	96276	8	0	1596	1478	173,333,173,333
1539875983.315045772	110	40	48	1	2	0	2	-41	96290	8	0	1596	1478	173,333,173,333
1539875983.326869190	110	40	48	1	2	0	2	-42	96305	8	0	1596	1478	173,333,173,333
1539875983.338783245	110	40	48	1	2	0	2	-42	96320	8	0	1596	1478	173,333,173,333
1539875983.350415501	110	40	48	1	2	0	2	-42	96329	8	0	1596	1478	173,333,173,333
1539875983.362156684	110	40	48	1	2	0	2	-41	96330	8	0	1596	1478	173,333,173,333
1539875983.373934174	110	40	48	1	2	0	2	-41	96331	8	0	1596	1478	173,333,173,333
1539875983.385691795	110	40	48	1	2	0	2	-41	96332	8	0	1596	1478	173,333,173,333
1539875983.397484252	110	40	48	1	2	0	2	-41	96333	8	0	1596	1478	173,333,173,333
1539875983.409234455	110	40	48	1	2	0	2	-41	96334	8	0	1596	1478	173,333,173,333
1539875983.420949006	110	40	48	1	2	0	2	-40	96335	8	0	1596	1478	173,333,173,333
1539875983.432725897	110	40	48	1	2	0	2	-40	96336	8	0	1596	1478	173,333,173,333
1539875983.444500739	110	40	48	1	2	0	2	-40	96337	8	0	1596	1478	173,333,173,333
1539875983.456266092	110	40	48	1	2	0	2	-40	96338	8	0	1596	1478	173,333,173,333
1539875983.468044654	110	40	48	1	2	0	2	-41	96339	8	0	1596	1478	173,333,173,333
1539875983.479764647	110	40	48	1	2	0	2	-41	96340	8	0	1596	1478	173,333,173,333
1539875983.491419160	110	40	48	1	2	0	2	-41	96341	8	0	1596	1478	173,333,173,333
1539875983.503309911	110	40	48	1	2	0	2	-42	96342	8	0	1596	1478	173,333,173,333
1539875983.515049911	110	40	48	1	2	0	2	-42	96343	8	0	1596	1478	173,333,173,333
1539875983.526838230	110	40	48	1	2	0	2	-42	96344	8	0	1596	1478	173,333,173,333
1539875983.538588846	110	40	48	1	2	0	2	-41	96345	8	0	1596	1478	173,333,173,333
1539875983.550374624	110	40	48	1	2	0	2	-42	96346	8	0	1596	1478	173,333,173,333
1539875983.562127105	110	40	48	1	2	0	2	-41	96347	8	0	1596	1478	173,333,173,333
1539875983.573780262	110	40	48	1	2	0	2	-41	96348	8	0	1596	1478	173,333,173,333
1539875983.585579008	110	40	48	1	2	0	2	-41	96349	8	0	1596	1478	173,333,173,333
1539875983.597385614	110	40	48	1	2	0	2	-41	96350	8	0	1596	1478	173,333,173,333
1539875983.609145188	110	40	48	1	2	0	2	-41	96351	8	0	1596	1478	173,333,173,333
1539875983.620917142	110	40	48	1	2	0	2	-41	96352	8	0	1596	1478	173,333,173,333
1539875983.632661792	110	40	48	1	2	0	2	-41	96353	8	0	1596	1478	173,333,173,333
1539875983.644422068	110	40	48	1	2	0	2	-41	96354	8	0	1596	1478	173,333,173,333
1539875983.656119563	110	40	48	1	2	0	2	-41	96355	8	0	1596	1478	173,333,173,333
1539875983.667901562	110	40	48	1	2	0	2	-41	96356	8	0	1596	1478	173,333,173,333
1539875983.679667016	110	40	48	1	2	0	2	-41	96358	8	0	1596	1478	173,333,173,333
1539875983.691455982	110	40	48	1	2	0	2	-41	96359	8	0	1596	1478	173,333,173,333
1539875983.703214789	110	40	48	1	2	0	2	-41	96360	8	0	1596	1478	173,333,173,333
1539875983.715006730	110	40	48	1	2	0	2	-40	96361	8	0	1596	1478	173,333,173,333
1539875983.726750291	110	40	48	1	2	0	2	-41	96362	8	0	1596	1478	173,333,173,333
1539875983.738436973	110	40	48	1	2	0	2	-42	96363	8	0	1596	1478	173,333,173,333
1539875983.750212829	110	40	48	1	2	0	2	-41	96364	8	0	1596	1478	173,333,173,333
1539875983.761987594	110	40	48	1	2	0	2	-41	96365	8	0	1596	1478	173,333,173,333
1539875983.773651193	110	40	48	1	2	0	2	-42	96366	8	0	1596	1478	173,333,173,333
1539875983.785371310	110	40	48	1	2	0	2	-42	96367	8	0	1596	1478	173,333,173,333
1539875983.797133754	110	40	48	1	2	0	2	-42	96368	8	0	1596	1478	173,333,173,333
1539875983.808886062	110	40	48	1	2	0	2	-42	96369	8	0	1596	1478	173,333,173,333
1539875983.820669764	110	40	48	1	2	0	2	-42	96370	8	0	1596	1478	173,333,173,333
1539875983.832425993	110	40	48	1	2	0	2	-42	96371	8	0	1596	1478	173,333,173,333
1539875983.844181978	110	40	48	1	2	0	2	-42	96372	8	0	1596	1478	173,333,173,333
1539875983.855948522	110	40	48	1	2	0	2	-43	96373	8	0	1596	1478	173,333,173,333
1539875983.867699703	110	40	48	1	2	0	2	-43	96374	8	0	1596	1478	173,333,173,333
1539875983.879438448	110	40	48	1	2	0	2	-43	96375	8	0	1596	1478	173,333,173,333
1539875983.891222562	110	40	48	1	2	0	2	-42	96376	8	0	1596	1478	173,333,173,333
1539875983.903010469	110	40	48	1	2	0	2	-42	96377	8	0	1596	1478	173,333,173,333
1539875983.914737395	110	40	48	1	2	0	2	-42	96378	8	0	1596	1478	173,333,173,333
1539875983.926477161	110	40	48	1	2	0	2	-42	96379	8	0	1596	1478	173,333,173,333
1539875983.938404012	110	40	48	1	2	0	2	-42	96380	8	0	1596	1478	173,333,173,333
1539875983.950143827	110	40	48	1	2	0	2	-42	96381	8	0	1596	1478	173,333,173,333
1539875983.961898380	110	40	48	1	2	0	2	-42	96382	8	0	1596	1478	173,333,173,333
1539875983.973678797	110	40	48	1	2	0	2	-42	96383	8	0	1596	1478	173,333,173,333
1539875983.985460499	110	40	48	1	2	0	2	-41	96384	8	0	1596	1478	173,333,173,333
1539875983.997228114	110	40	48	1	2	0	2	-41	96385	8	0	1596	1478	173,333,173,333
1539875984.009001438	110	40	48	1	2	0	2	-41	96386	8	0	1596	1478	173,333,173,333
1539875984.020762576	110	40	48	1	2	0	2	-41	96387	8	0	1596	1478	173,333,173,333
1539875984.032359554	110	40	48	1	2	0	2	-42	96388	8	0	1596	1478	173,333,173,333
1539875984.044237885	110	40	48	1	2	0	2	-41	96389	8	0	1596	1478	173,333,173,333
1539875984.056015311	110	40	48	1	2	0	2	-41	96390	8	0	1596	1478	173,333,173,333
1539875984.067781712	110	40	48	1	2	0	2	-41	96391	8	0	1596	1478	173,333,173,333
1539875984.079482013	110	40	48	1	2	0	2	-41	96392	8	0	1596	1478	173,333,173,333
1539875984.091323627	110	40	48	1	2	0	2	-41	96393	8	0	1596	1478	173,333,173,333
1539875984.103092000	110	40	48	1	2	0	2	-41	96394	8	0	1596	1478	173,333,173,333
1539875984.114744997	110	40	48	1	2	0	2	-41	96395	8	0	1596	1478	173,333,173,333
1539875984.126536881	110	40	48	1	2	0	2	-41	96396	8	0	1596	1478	173,333,173,333
1539875984.138297175	110	40	48	1	2	0	2	-42	96397	8	0	1596	1478	173,333,173,333
1539875984.150097385	110	40	48	1	2	0	2	-42	96398	8	0	1596	1478	173,333,173,333
1539875984.161877162	110	40	48	1	2	0	2	-43	96399	8	0	1596	1478	173,333,173,333
1539875984.173649891	110	40	48	1	2	0	2	-43	96400	8	0	1596	1478	173,333,173,333
1539875984.185386611	110	40	48	1	2	0	2	-42	96401	8	0	1596	1478	173,333,173,333
1539875984.197085424	110	40	48	1	2	0	2	-42	96402	8	0	1596	1478	173,333,173,333
1539875984.208879854	110	40	48	1	2	0	2	-42	96403	8	0	1596	1478	173,333,173,333
1539875984.220666662	110	40	48	1	2	0	2	-42	96404	8	0	1596	1478	173,333,173,333
1539875984.232397215	110	40	48	1	2	0	2	-41	96405	8	0	1596	1478	173,333,173,333
1539875984.244148075	110	40	48	1	2	0	2	-41	96406	8	0	1596	1478	173,333,173,333
1539875984.255969502	110	40	48	1	2	0	2	-41	96407	8	0	1596	1478	173,333,173,333
1539875984.267730161	110	40	48	1	2	0	2	-41	96408	8	0	1596	1478	173,333,173,333
1539875984.279422350	110	40	48	1	2	0	2	-41	96409	8	0	1596	1478	173,333,173,333
1539875984.291184306	110	40	48	1	2	0	2	-40	96410	8	0	1596	1478	173,333,173,333
1539875984.302946580	110	40	48	1	2	0	2	-40	96411	8	0	1596	1478	173,333,173,333
1539875984.314755246	110	40	48	1	2	0	2	-41	96412	8	0	1596	1478	173,333,173,333
1539875984.326519086	110	40	48	1	2	0	2	-41	96413	8	0	1596	1478	173,333,173,333
1539875984.338281091	110	40	48	1	2	0	2	-41	96414	8	0	1596	1478	173,333,173,333
1539875984.350046061	110	40	48	1	2	0	2	-42	96415	8	0	1596	1478	173,333,173,333
1539875984.361737048	110	40	48	1	2	0	2	-42	96416	8	0	1596	1478	173,333,173,333
1539875984.373527518	110	40	48	1	2	0	2	-42	96417	8	0	1596	1478	173,333,173,333
1539875984.385300570	110	40	48	1	2	0	2	-41	96418	8	0	1596	1478	173,333,173,333
1539875984.397085283	110	40	48	1	2	0	2	-41	96419	8	0	1596	1478	173,333,173,333
1539875984.408839507	110	40	48	1	2	0	2	-41	96420	8	0	1596	1478	173,333,173,333
1539875984.420602508	110	40	48	1	2	0	2	-41	96421	8	0	1596	1478	173,333,173,333
1539875984.432281173	110	40	48	1	2	0	2	-42	96422	8	0	1596	1478	173,333,173,333
1539875984.444069478	110	40	48	1	2	0	2	-42	96423	8	0	1596	1478	173,333,173,333
1539875984.455828750	110	40	48	1	2	0	2	-42	96424	8	0	1596	1478	173,333,173,333
1539875984.467624335	110	40	48	1	2	0	2	-42	96425	8	0	1596	1478	173,333,173,333
1539875984.479375033	110	40	48	1	2	0	2	-42	96426	8	0	1596	1478	173,333,173,333
1539875984.491143198	110	40	48	1	2	0	2	-42	96427	8	0	1596	1478	173,333,173,333
1539875984.502950462	110	40	48	1	2	0	2	-41	96428	8	0	1596	1478	173,333,173,333
1539875984.514637020	110	40	48	1	2	0	2	-41	96429	8	0	1596	1478	173,333,173,333
1539875984.526303020	110	40	48	1	2	0	2	-41	96430	8	0	1596	1478	173,333,173,333
1539875984.538149259	110	40	48	1	2	0	2	-41	96431	8	0	1596	1478	173,333,173,333
1539875984.549902297	110	40	48	1	2	0	2	-41	96432	8	0	1596	1478	173,333,173,333
1539875984.561713895	110	40	48	1	2	0	2	-40	96433	8	0	1596	1478	173,333,173,333
1539875984.573485851	110	40	48	1	2	0	2	-40	96434	8	0	1596	1478	173,333,173,333
1539875984.585205340	110	40	48	1	2	0	2	-40	96435	8	0	1596	1478	173,333,173,333
1539875984.596963412	110	40	48	1	2	0	2	-41	96436	8	0	1596	1478	173,333,173,333
1539875984.608736004	110	40	48	1	2	0	2	-41	96437	8	0	1596	1478	173,333,173,333
1539875984.620743802	110	40	48	1	2	0	2	-41	96438	8	0	1596	1478	173,333,173,333
1539875984.632175276	110	40	48	1	2	0	2	-41	96439	8	0	1596	1478	173,333,173,333
1539875984.644029560	110	40	48	1	2	0	2	-41	96440	8	0	1596	1478	173,333,173,333
1539875984.655777583	110	40	48	1	2	0	2	-41	96441	8	0	1596	1478	173,333,173,333
1539875984.667400319	110	40	48	1	2	0	2	-41	96442	8	0	1596	1478	173,333,173,333
1539875984.679308676	110	40	48	1	2	0	2	-41	96443	8	0	1596	1478	173,333,173,333
1539875984.691043862	110	40	48	1	2	0	2	-41	96444	8	0	1596	1478	173,333,173,333
1539875984.702820464	110	40	48	1	2	0	2	-41	96445	8	0	1596	1478	173,333,173,333
1539875984.714608239	110	40	48	1	2	0	2	-40	96446	8	0	1596	1478	173,333,173,333
1539875984.726367835	110	40	48	1	2	0	2	-41	96447	8	0	1596	1478	173,333,173,333
1539875984.737975124	110	40	48	1	2	0	2	-40	96448	8	0	1596	1478	173,333,173,333
1539875984.749695267	110	40	48	1	2	0	2	-41	96449	8	0	1596	1478	173,333,173,333
1539875984.761416138	110	40	48	1	2	0	2	-41	96450	8	0	1596	1478	173,333,173,333
1539875984.773240397	110	40	48	1	2	0	2	-41	96451	8	0	1596	1478	173,333,173,333
1539875984.784953412	110	40	48	1	2	0	2	-41	96452	8	0	1596	1478	173,333,173,333
1539875984.796747521	110	40	48	1	2	0	2	-41	96453	8	0	1596	1478	173,333,173,333
1539875984.808480049	110	40	48	1	2	0	2	-41	96454	8	0	1596	1478	173,333,173,333
1539875984.820207950	110	40	48	1	2	0	2	-41	96455	8	0	1596	1478	173,333,173,333
1539875984.832013952	110	40	48	1	2	0	2	-41	96456	8	0	1596	1478	173,333,173,333
1539875984.843770234	110	40	48	1	2	0	2	-41	96457	8	0	1596	1478	173,333,173,333
1539875984.855524370	110	40	48	1	2	0	2	-41	96458	8	0	1596	1478	173,333,173,333
1539875984.867300237	110	40	48	1	2	0	2	-41	96459	8	0	1596	1478	173,333,173,333
1539875984.879066163	110	40	48	1	2	0	2	-41	96460	8	0	1596	1478	173,333,173,333
1539875984.890822867	110	40	48	1	2	0	2	-41	96461	8	0	1596	1478	173,333,173,333
1539875984.902577216	110	40	48	1	2	0	2	-41	96462	8	0	1596	1478	173,333,173,333
1539875984.914358578	110	40	48	1	2	0	2	-41	96463	8	0	1596	1478	173,333,173,333
1539875984.926124562	110	40	48	1	2	0	2	-41	96464	8	0	1596	1478	173,333,173,333
1539875984.937872662	110	40	48	1	2	0	2	-41	96465	8	0	1596	1478	173,333,173,333
1539875984.949612332	110	40	48	1	2	0	2	-41	96466	8	0	1596	1478	173,333,173,333
1539875984.961380318	110	40	48	1	2	0	2	-40	96467	8	0	1596	1478	173,333,173,333
1539875984.973146976	110	40	48	1	2	0	2	-40	96468	8	0	1596	1478	173,333,173,333
1539875984.984840593	110	40	48	1	2	0	2	-40	96469	8	0	1596	1478	173,333,173,333
1539875984.996660653	110	40	48	1	2	0	2	-40	96470	8	0	1596	1478	173,333,173,333
1539875985.008426319	110	40	48	1	2	0	2	-40	96471	8	0	1596	1478	173,333,173,333
1539875985.020168489	110	40	48	1	2	0	2	-40	96472	8	0	1596	1478	173,333,173,333
1539875985.031928662	110	40	48	1	2	0	2	-40	96473	8	0	1596	1478	173,333,173,333
1539875985.043717844	110	40	48	1	2	0	2	-40	96474	8	0	1596	1478	173,333,173,333
1539875985.055459602	110	40	48	1	2	0	2	-40	96475	8	0	1596	1478	173,333,173,333
1539875985.067217620	110	40	48	1	2	0	2	-40	96476	8	0	1596	1478	173,333,173,333
1539875985.078976209	110	40	48	1	2	0	2	-40	96477	8	0	1596	1478	173,333,173,333
1539875985.090874660	110	40	48	1	2	0	2	-41	96478	8	0	1596	1478	173,333,173,333
1539875985.102674299	110	40	48	1	2	0	2	-41	96479	8	0	1596	1478	173,333,173,333
1539875985.114277614	110	40	48	1	2	0	2	-41	96480	8	0	1596	1478	173,333,173,333
1539875985.126055257	110	40	48	1	2	0	2	-41	96481	8	0	1596	1478	173,333,173,333
1539875985.137906910	110	40	48	1	2	0	2	-41	96482	8	0	1596	1478	173,333,173,333
1539875985.149671383	110	40	48	1	2	0	2	-41	96483	8	0	1596	1478	173,333,173,333
1539875985.161471289	110	40	48	1	2	0	2	-41	96484	8	0	1596	1478	173,333,173,333
1539875985.173233697	110	40	48	1	2	0	2	-41	96485	8	0	1596	1478	173,333,173,333
1539875985.184936478	110	40	48	1	2	0	2	-41	96486	8	0	1596	1478	173,333,173,333
1539875985.196589159	110	40	48	1	2	0	2	-41	96487	8	0	1596	1478	173,333,173,333
1539875985.208437498	110	40	48	1	2	0	2	-40	96488	8	0	1596	1478	173,333,173,333
1539875985.220234081	110	40	48	1	2	0	2	-40	96489	8	0	1596	1478	173,333,173,333
1539875985.232037929	110	40	48	1	2	0	2	-40	96490	8	0	1596	1478	173,333,173,333
1539875985.243771781	110	40	48	1	2	0	2	-40	96491	8	0	1596	1478	173,333,173,333
1539875985.255563533	110	40	48	1	2	0	2	-40	96492	8	0	1596	1478	173,333,173,333
1539875985.267284238	110	40	48	1	2	0	2	-41	96493	8	0	1596	1478	173,333,173,333
1539875985.279025470	110	40	48	1	2	0	2	-41	96494	8	0	1596	1478	173,333,173,333
1539875985.290740806	110	40	48	1	2	0	2	-41	96495	8	0	1596	1478	173,333,173,333
1539875985.302570791	110	40	48	1	2	0	2	-41	96496	8	0	1596	1478	173,333,173,333
1539875985.314348191	110	40	48	1	2	0	2	-41	96497	8	0	1596	1478	173,333,173,333
1539875985.326102181	110	40	48	1	2	0	2	-41	96498	8	0	1596	1478	173,333,173,333
1539875985.337862370	110	40	48	1	2	0	2	-41	96499	8	0	1596	1478	173,333,173,333
1539875985.349484669	110	40	48	1	2	0	2	-40	96500	8	0	1596	1478	173,333,173,333
1539875985.361335436	110	40	48	1	2	0	2	-40	96501	8	0	1596	1478	173,333,173,333
1539875985.373136714	110	40	48	1	2	0	2	-40	96502	8	0	1596	1478	173,333,173,333
1539875985.384735852	110	40	48	1	2	0	2	-40	96503	8	0	1596	1478	173,333,173,333
1539875985.396688641	110	40	48	1	2	0	2	-40	96504	8	0	1596	1478	173,333,173,333
1539875985.408423548	110	40	48	1	2	0	2	-40	96505	8	0	1596	1478	173,333,173,333
1539875985.420193088	110	40	48	1	2	0	2	-41	96506	8	0	1596	1478	173,333,173,333
1539875985.431814207	110	40	48	1	2	0	2	-41	96507	8	0	1596	1478	173,333,173,333
1539875985.443680925	110	40	48	1	2	0	2	-41	96508	8	0	1596	1478	173,333,173,333
1539875985.455454122	110	40	48	1	2	0	2	-41	96509	8	0	1596	1478	173,333,173,333
1539875985.467215662	110	40	48	1	2	0	2	-41	96510	8	0	1596	1478	173,333,173,333
1539875985.478996994	110	40	48	1	2	0	2	-41	96511	8	0	1596	1478	173,333,173,333
1539875985.490743429	110	40	48	1	2	0	2	-41	96512	8	0	1596	1478	173,333,173,333
1539875985.502516668	110	40	48	1	2	0	2	-40	96513	8	0	1596	1478	173,333,173,333
1539875985.514130121	110	40	48	1	2	0	2	-40	96514	8	0	1596	1478	173,333,173,333
1539875985.525998143	110	40	48	1	2	0	2	-40	96515	8	0	1596	1478	173,333,173,333
1539875985.537758616	110	40	48	1	2	0	2	-40	96516	8	0	1596	1478	173,333,173,333
1539875985.549550633	110	40	48	1	2	0	2	-40	96517	8	0	1596	1478	173,333,173,333
1539875985.561251158	110	40	48	1	2	0	2	-40	96518	8	0	1596	1478	173,333,173,333
1539875985.573019044	110	40	48	1	2	0	2	-40	96519	8	0	1596	1478	173,333,173,333
1539875985.584644126	110	40	48	1	2	0	2	-40	96520	8	0	1596	1478	173,333,173,333
1539875985.596523227	110	40	48	1	2	0	2	-40	96521	8	0	1596	1478	173,333,173,333
1539875985.608304763	110	40	48	1	2	0	2	-40	96522	8	0	1596	1478	173,333,173,333
1539875985.620091201	110	40	48	1	2	0	2	-40	96523	8	0	1596	1478	173,333,173,333
1539875985.631873442	110	40	48	1	2	0	2	-40	96524	8	0	1596	1478	173,333,173,333
1539875985.643653047	110	40	48	1	2	0	2	-40	96525	8	0	1596	1478	173,333,173,333
1539875985.655416675	110	40	48	1	2	0	2	-41	96526	8	0	1596	1478	173,333,173,333
1539875985.666989710	110	40	48	1	2	0	2	-41	96527	8	0	1596	1478	173,333,173,333
1539875985.678858068	110	40	48	1	2	0	2	-41	96528	8	0	1596	1478	173,333,173,333
1539875985.690641359	110	40	48	1	2	0	2	-41	96529	8	0	1596	1478	173,333,173,333
1539875985.702425545	110	40	48	1	2	0	2	-41	96530	8	0	1596	1478	173,333,173,333
1539875985.714042085	110	40	48	1	2	0	2	-41	96531	8	0	1596	1478	173,333,173,333
1539875985.725791517	110	40	48	1	2	0	2	-41	96532	8	0	1596	1478	173,333,173,333
1539875985.737624818	110	40	48	1	2	0	2	-41	96533	8	0	1596	1478	173,333,173,333
1539875985.749295411	110	40	48	1	2	0	2	-41	96534	8	0	1596	1478	173,333,173,333
1539875985.761178774	110	40	48	1	2	0	2	-40	96535	8	0	1596	1478	173,333,173,333
1539875985.772939116	110	40	48	1	2	0	2	-40	96536	8	0	1596	1478	173,333,173,333
1539875985.784676558	110	40	48	1	2	0	2	-40	96537	8	0	1596	1478	173,333,173,333
1539875985.796478381	110	40	48	1	2	0	2	-40	96538	8	0	1596	1478	173,333,173,333
1539875985.808284050	110	40	48	1	2	0	2	-40	96539	8	0	1596	1478	173,333,173,333
1539875985.819869841	110	40	48	1	2	0	2	-40	96540	8	0	1596	1478	173,333,173,333
1539875985.831758007	110	40	48	1	2	0	2	-40	96541	8	0	1596	1478	173,333,173,333
1539875985.843533132	110	40	48	1	2	0	2	-40	96542	8	0	1596	1478	173,333,173,333
1539875985.855314228	110	40	48	1	2	0	2	-40	96543	8	0	1596	1478	173,333,173,333
1539875985.867068078	110	40	48	1	2	0	2	-40	96544	8	0	1596	1478	173,333,173,333
1539875985.878835948	110	40	48	1	2	0	2	-40	96545	8	0	1596	1478	173,333,173,333
1539875985.890566077	110	40	48	1	2	0	2	-40	96546	8	0	1596	1478	173,333,173,333
1539875985.902214980	110	40	48	1	2	0	2	-40	96547	8	0	1596	1478	173,333,173,333
1539875985.914074164	110	40	48	1	2	0	2	-41	96548	8	0	1596	1478	173,333,173,333
1539875985.925839574	110	40	48	1	2	0	2	-40	96549	8	0	1596	1478	173,333,173,333
1539875985.937525255	110	40	48	1	2	0	2	-40	96550	8	0	1596	1478	173,333,173,333
1539875985.949412295	110	40	48	1	2	0	2	-40	96551	8	0	1596	1478	173,333,173,333
1539875985.961147688	110	40	48	1	2	0	2	-40	96552	8	0	1596	1478	173,333,173,333
1539875985.972773495	110	40	48	1	2	0	2	-40	96553	8	0	1596	1478	173,333,173,333
1539875985.984436085	110	40	48	1	2	0	2	-40	96554	8	0	1596	1478	173,333,173,333
1539875985.996375874	110	40	48	1	2	0	2	-40	96555	8	0	1596	1478	173,333,173,333
1539875986.008174075	110	40	48	1	2	0	2	-40	96556	8	0	1596	1478	173,333,173,333
1539875986.019940095	110	40	48	1	2	0	2	-40	96557	8	0	1596	1478	173,333,173,333
1539875986.031713397	110	40	48	1	2	0	2	-40	96558	8	0	1596	1478	173,333,173,333
1539875986.043460350	110	40	48	1	2	0	2	-41	96559	8	0	1596	1478	173,333,173,333
1539875986.055234637	110	40	48	1	2	0	2	-41	96560	8	0	1596	1478	173,333,173,333
1539875986.066972480	110	40	48	1	2	0	2	-41	96561	8	0	1596	1478	173,333,173,333
1539875986.078693949	110	40	48	1	2	0	2	-41	96562	8	0	1596	1478	173,333,173,333
1539875986.090481939	110	40	48	1	2	0	2	-41	96563	8	0	1596	1478	173,333,173,333
1539875986.102256756	110	40	48	1	2	0	2	-41	96564	8	0	1596	1478	173,333,173,333
1539875986.114020971	110	40	48	1	2	0	2	-41	96565	8	0	1596	1478	173,333,173,333
1539875986.125786449	110	40	48	1	2	0	2	-41	96566	8	0	1596	1478	173,333,173,333
1539875986.137424209	110	40	48	1	2	0	2	-41	96567	8	0	1596	1478	173,333,173,333
1539875986.149270193	110	40	48	1	2	0	2	-41	96568	8	0	1596	1478	173,333,173,333
1539875986.161052841	110	40	48	1	2	0	2	-41	96569	8	0	1596	1478	173,333,173,333
1539875986.172817852	110	40	48	1	2	0	2	-41	96570	8	0	1596	1478	173,333,173,333
1539875986.184590754	110	40	48	1	2	0	2	-41	96571	8	0	1596	1478	173,333,173,333
1539875986.196358163	110	40	48	1	2	0	2	-41	96572	8	0	1596	1478	173,333,173,333
1539875986.208132219	110	40	48	1	2	0	2	-41	96573	8	0	1596	1478	173,333,173,333
1539875986.219799829	110	40	48	1	2	0	2	-41	96574	8	0	1596	1478	173,333,173,333
1539875986.231597347	110	40	48	1	2	0	2	-41	96575	8	0	1596	1478	173,333,173,333
1539875986.243373732	110	40	48	1	2	0	2	-41	96576	8	0	1596	1478	173,333,173,333
1539875986.255170298	110	40	48	1	2	0	2	-41	96577	8	0	1596	1478	173,333,173,333
1539875986.266914986	110	40	48	1	2	0	2	-41	96578	8	0	1596	1478	173,333,173,333
1539875986.278656383	110	40	48	1	2	0	2	-41	96579	8	0	1596	1478	173,333,173,333
1539875986.290343210	110	40	48	1	2	0	2	-41	96580	8	0	1596	1478	173,333,173,333
1539875986.302077014	110	40	48	1	2	0	2	-41	96581	8	0	1596	1478	173,333,173,333
1539875986.313918531	110	40	48	1	2	0	2	-41	96582	8	0	1596	1478	173,333,173,333
1539875986.325696896	110	40	48	1	2	0	2	-41	96583	8	0	1596	1478	173,333,173,333
1539875986.337421798	110	40	48	1	2	0	2	-41	96584	8	0	1596	1478	173,333,173,333
1539875986.349172590	110	40	48	1	2	0	2	-41	96585	8	0	1596	1478	173,333,173,333
1539875986.361531326	110	40	48	1	2	0	2	-41	96586	8	0	1596	1478	173,333,173,333
1539875986.372729863	110	40	48	1	2	0	2	-41	96587	8	0	1596	1478	173,333,173,333
1539875986.384410768	110	40	48	1	2	0	2	-41	96588	8	0	1596	1478	173,333,173,333
1539875986.396218249	110	40	48	1	2	0	2	-41	96589	8	0	1596	1478	173,333,173,333
1539875986.408002782	110	40	48	1	2	0	2	-41	96590	8	0	1596	1478	173,333,173,333
1539875986.419774168	110	40	48	1	2	0	2	-41	96591	8	0	1596	1478	173,333,173,333
1539875986.431556982	110	40	48	1	2	0	2	-41	96592	8	0	1596	1478	173,333,173,333
1539875986.443287881	110	40	48	1	2	0	2	-41	96593	8	0	1596	1478	173,333,173,333
1539875986.455010892	110	40	48	1	2	0	2	-41	96594	8	0	1596	1478	173,333,173,333
1539875986.466774226	110	40	48	1	2	0	2	-41	96595	8	0	1596	1478	173,333,173,333
1539875986.478551629	110	40	48	1	2	0	2	-41	96596	8	0	1596	1478	173,333,173,333
1539875986.490258904	110	40	48	1	2	0	2	-41	96597	8	0	1596	1478	173,333,173,333
1539875986.502117574	110	40	48	1	2	0	2	-41	96598	8	0	1596	1478	173,333,173,333
1539875986.513886673	110	40	48	1	2	0	2	-41	96599	8	0	1596	1478	173,333,173,333
1539875986.525637999	110	40	48	1	2	0	2	-41	96600	8	0	1596	1478	173,333,173,333
1539875986.537328617	110	40	48	1	2	0	2	-41	96601	8	0	1596	1478	173,333,173,333
1539875986.549117956	110	40	48	1	2	0	2	-41	96602	8	0	1596	1478	173,333,173,333
1539875986.560900393	110	40	48	1	2	0	2	-41	96603	8	0	1596	1478	173,333,173,333
1539875986.572650342	110	40	48	1	2	0	2	-41	96604	8	0	1596	1478	173,333,173,333
1539875986.584378239	110	40	48	1	2	0	2	-41	96605	8	0	1596	1478	173,333,173,333
1539875986.596193104	110	40	48	1	2	0	2	-41	96606	8	0	1596	1478	173,333,173,333
1539875986.607967831	110	40	48	1	2	0	2	-41	96607	8	0	1596	1478	173,333,173,333
1539875986.619652593	110	40	48	1	2	0	2	-41	96608	8	0	1596	1478	173,333,173,333
1539875986.631441128	110	40	48	1	2	0	2	-41	96609	8	0	1596	1478	173,333,173,333
1539875986.643171649	110	40	48	1	2	0	2	-41	96610	8	0	1596	1478	173,333,173,333
1539875986.654965405	110	40	48	1	2	0	2	-40	96611	8	0	1596	1478	173,333,173,333
1539875986.666748039	110	40	48	1	2	0	2	-40	96612	8	0	1596	1478	173,333,173,333
1539875986.678490102	110	40	48	1	2	0	2	-40	96613	8	0	1596	1478	173,333,173,333
1539875986.690082972	110	40	48	1	2	0	2	-40	96614	8	0	1596	1478	173,333,173,333
1539875986.701795989	110	40	48	1	2	0	2	-41	96615	8	0	1596	1478	173,333,173,333
1539875986.713527581	110	40	48	1	2	0	2	-40	96616	8	0	1596	1478	173,333,173,333
1539875986.725511262	110	40	48	1	2	0	2	-41	96617	8	0	1596	1478	173,333,173,333
1539875986.737305234	110	40	48	1	2	0	2	-41	96618	8	0	1596	1478	173,333,173,333
1539875986.749071173	110	40	48	1	2	0	2	-41	96619	8	0	1596	1478	173,333,173,333
1539875986.760845852	110	40	48	1	2	0	2	-41	96620	8	0	1596	1478	173,333,173,333
1539875986.772522369	110	40	48	1	2	0	2	-41	96621	8	0	1596	1478	173,333,173,333
1539875986.784323995	110	40	48	1	2	0	2	-40	96622	8	0	1596	1478	173,333,173,333
1539875986.796099400	110	40	48	1	2	0	2	-40	96623	8	0	1596	1478	173,333,173,333
1539875986.807808963	110	40	48	1	2	0	2	-40	96624	8	0	1596	1478	173,333,173,333
1539875986.819641308	110	40	48	1	2	0	2	-40	96625	8	0	1596	1478	173,333,173,333
1539875986.831373577	110	40	48	1	2	0	2	-40	96626	8	0	1596	1478	173,333,173,333
1539875986.843096529	110	40	48	1	2	0	2	-41	96627	8	0	1596	1478	173,333,173,333
1539875986.854850474	110	40	48	1	2	0	2	-41	96628	8	0	1596	1478	173,333,173,333
1539875986.866640963	110	40	48	1	2	0	2	-41	96629	8	0	1596	1478	173,333,173,333
1539875986.878417918	110	40	48	1	2	0	2	-41	96630	8	0	1596	1478	173,333,173,333
1539875986.890130766	110	40	48	1	2	0	2	-41	96631	8	0	1596	1478	173,333,173,333
1539875986.901937481	110	40	48	1	2	0	2	-41	96632	8	0	1596	1478	173,333,173,333
1539875986.913725151	110	40	48	1	2	0	2	-42	96633	8	0	1596	1478	173,333,173,333
1539875986.925497542	110	40	48	1	2	0	2	-41	96634	8	0	1596	1478	173,333,173,333
1539875986.937084592	110	40	48	1	2	0	2	-41	96635	8	0	1596	1478	173,333,173,333
1539875986.948926794	110	40	48	1	2	0	2	-41	96636	8	0	1596	1478	173,333,173,333
1539875986.960741206	110	40	48	1	2	0	2	-41	96637	8	0	1596	1478	173,333,173,333
1539875986.972515435	110	40	48	1	2	0	2	-41	96638	8	0	1596	1478	173,333,173,333
1539875986.984248078	110	40	48	1	2	0	2	-41	96639	8	0	1596	1478	173,333,173,333
1539875986.996017903	110	40	48	1	2	0	2	-40	96640	8	0	1596	1478	173,333,173,333
1539875987.007750835	110	40	48	1	2	0	2	-40	96641	8	0	1596	1478	173,333,173,333
1539875987.019558003	110	40	48	1	2	0	2	-40	96642	8	0	1596	1478	173,333,173,333
1539875987.031298591	110	40	48	1	2	0	2	-40	96643	8	0	1596	1478	173,333,173,333
1539875987.042914308	110	40	48	1	2	0	2	-40	96644	8	0	1596	1478	173,333,173,333
1539875987.054828044	110	40	48	1	2	0	2	-40	96645	8	0	1596	1478	173,333,173,333
1539875987.066608401	110	40	48	1	2	0	2	-40	96646	8	0	1596	1478	173,333,173,333
1539875987.078379348	110	40	48	1	2	0	2	-40	96647	8	0	1596	1478	173,333,173,333
1539875987.090057485	110	40	48	1	2	0	2	-40	96648	8	0	1596	1478	173,333,173,333
1539875987.101834934	110	40	48	1	2	0	2	-40	96649	8	0	1596	1478	173,333,173,333
1539875987.113610724	110	40	48	1	2	0	2	-40	96650	8	0	1596	1478	173,333,173,333
1539875987.125386076	110	40	48	1	2	0	2	-40	96651	8	0	1596	1478	173,333,173,333
1539875987.137177323	110	40	48	1	2	0	2	-40	96652	8	0	1596	1478	173,333,173,333
1539875987.148905838	110	40	48	1	2	0	2	-40	96653	8	0	1596	1478	173,333,173,333
1539875987.160680665	110	40	48	1	2	0	2	-40	96654	8	0	1596	1478	173,333,173,333
1539875987.172378912	110	40	48	1	2	0	2	-41	96655	8	0	1596	1478	173,333,173,333
1539875987.184151229	110	40	48	1	2	0	2	-41	96656	8	0	1596	1478	173,333,173,333
1539875987.195898933	110	40	48	1	2	0	2	-41	96657	8	0	1596	1478	173,333,173,333
1539875987.207699829	110	40	48	1	2	0	2	-41	96658	8	0	1596	1478	173,333,173,333
1539875987.219470686	110	40	48	1	2	0	2	-41	96659	8	0	1596	1478	173,333,173,333
1539875987.231270960	110	40	48	1	2	0	2	-41	96660	8	0	1596	1478	173,333,173,333
1539875987.243029909	110	40	48	1	2	0	2	-41	96661	8	0	1596	1478	173,333,173,333
1539875987.254696697	110	40	48	1	2	0	2	-41	96662	8	0	1596	1478	173,333,173,333
1539875987.266485799	110	40	48	1	2	0	2	-41	96663	8	0	1596	1478	173,333,173,333
1539875987.278257807	110	40	48	1	2	0	2	-41	96664	8	0	1596	1478	173,333,173,333
1539875987.290032095	110	40	48	1	2	0	2	-41	96665	8	0	1596	1478	173,333,173,333
1539875987.301794457	110	40	48	1	2	0	2	-41	96666	8	0	1596	1478	173,333,173,333
1539875987.313541273	110	40	48	1	2	0	2	-41	96667	8	0	1596	1478	173,333,173,333
1539875987.325240408	110	40	48	1	2	0	2	-41	96668	8	0	1596	1478	173,333,173,333
1539875987.337023592	110	40	48	1	2	0	2	-41	96669	8	0	1596	1478	173,333,173,333
1539875987.348823855	110	40	48	1	2	0	2	-41	96670	8	0	1596	1478	173,333,173,333
1539875987.360590280	110	40	48	1	2	0	2	-41	96671	8	0	1596	1478	173,333,173,333
1539875987.372328454	110	40	48	1	2	0	2	-41	96672	8	0	1596	1478	173,333,173,333
1539875987.384024247	110	40	48	1	2	0	2	-41	96673	8	0	1596	1478	173,333,173,333
1539875987.395778382	110	40	48	1	2	0	2	-41	96674	8	0	1596	1478	173,333,173,333
1539875987.407526600	110	40	48	1	2	0	2	-41	96675	8	0	1596	1478	173,333,173,333
1539875987.419357019	110	40	48	1	2	0	2	-41	96676	8	0	1596	1478	173,333,173,333
1539875987.431130319	110	40	48	1	2	0	2	-41	96677	8	0	1596	1478	173,333,173,333
1539875987.442905562	110	40	48	1	2	0	2	-41	96678	8	0	1596	1478	173,333,173,333
1539875987.454675587	110	40	48	1	2	0	2	-41	96679	8	0	1596	1478	173,333,173,333
1539875987.466451367	110	40	48	1	2	0	2	-41	96680	8	0	1596	1478	173,333,173,333
1539875987.478207607	110	40	48	1	2	0	2	-41	96681	8	0	1596	1478	173,333,173,333
1539875987.489892735	110	40	48	1	2	0	2	-41	96682	8	0	1596	1478	173,333,173,333
1539875987.501688934	110	40	48	1	2	0	2	-41	96683	8	0	1596	1478	173,333,173,333
1539875987.513455679	110	40	48	1	2	0	2	-41	96684	8	0	1596	1478	173,333,173,333
1539875987.525228138	110	40	48	1	2	0	2	-41	96685	8	0	1596	1478	173,333,173,333
1539875987.536847234	110	40	48	1	2	0	2	-41	96686	8	0	1596	1478	173,333,173,333
1539875987.548668078	110	40	48	1	2	0	2	-41	96687	8	0	1596	1478	173,333,173,333
1539875987.560509682	110	40	48	1	2	0	2	-41	96688	8	0	1596	1478	173,333,173,333
1539875987.572237262	110	40	48	1	2	0	2	-41	96689	8	0	1596	1478	173,333,173,333
1539875987.584010492	110	40	48	1	2	0	2	-41	96690	8	0	1596	1478	173,333,173,333
1539875987.595663839	110	40	48	1	2	0	2	-41	96691	8	0	1596	1478	173,333,173,333
1539875987.607503766	110	40	48	1	2	0	2	-41	96692	8	0	1596	1478	173,333,173,333
1539875987.619309269	110	40	48	1	2	0	2	-41	96693	8	0	1596	1478	173,333,173,333
1539875987.631085493	110	40	48	1	2	0	2	-41	96694	8	0	1596	1478	173,333,173,333
1539875987.642757016	110	40	48	1	2	0	2	-41	96695	8	0	1596	1478	173,333,173,333
1539875987.654540600	110	40	48	1	2	0	2	-40	96696	8	0	1596	1478	173,333,173,333
1539875987.666143214	110	40	48	1	2	0	2	-40	96697	8	0	1596	1478	173,333,173,333
1539875987.677858916	110	40	48	1	2	0	2	-40	96698	8	0	1596	1478	173,333,173,333
1539875987.689623929	110	40	48	1	2	0	2	-40	96699	8	0	1596	1478	173,333,173,333
1539875987.701598936	110	40	48	1	2	0	2	-40	96700	8	0	1596	1478	173,333,173,333
1539875987.713412025	110	40	48	1	2	0	2	-40	96701	8	0	1596	1478	173,333,173,333
1539875987.725104681	110	40	48	1	2	0	2	-40	96702	8	0	1596	1478	173,333,173,333
1539875987.736869659	110	40	48	1	2	0	2	-40	96703	8	0	1596	1478	173,333,173,333
1539875987.748521818	110	40	48	1	2	0	2	-40	96704	8	0	1596	1478	173,333,173,333
1539875987.760420718	110	40	48	1	2	0	2	-40	96705	8	0	1596	1478	173,333,173,333
1539875987.772197971	110	40	48	1	2	0	2	-40	96706	8	0	1596	1478	173,333,173,333
1539875987.783990133	110	40	48	1	2	0	2	-40	96707	8	0	1596	1478	173,333,173,333
1539875987.795566922	110	40	48	1	2	0	2	-40	96708	8	0	1596	1478	173,333,173,333
1539875987.807427294	110	40	48	1	2	0	2	-40	96709	8	0	1596	1478	173,333,173,333
1539875987.819202569	110	40	48	1	2	0	2	-41	96710	8	0	1596	1478	173,333,173,333
1539875987.830929161	110	40	48	1	2	0	2	-40	96711	8	0	1596	1478	173,333,173,333
1539875987.842748258	110	40	48	1	2	0	2	-41	96712	8	0	1596	1478	173,333,173,333
1539875987.854545397	110	40	48	1	2	0	2	-41	96713	8	0	1596	1478	173,333,173,333
1539875987.866292018	110	40	48	1	2	0	2	-41	96714	8	0	1596	1478	173,333,173,333
1539875987.877959316	110	40	48	1	2	0	2	-41	96715	8	0	1596	1478	173,333,173,333
1539875987.889703171	110	40	48	1	2	0	2	-41	96716	8	0	1596	1478	173,333,173,333
1539875987.901482272	110	40	48	1	2	0	2	-41	96717	8	0	1596	1478	173,333,173,333
1539875987.913154122	110	40	48	1	2	0	2	-41	96718	8	0	1596	1478	173,333,173,333
1539875987.925005455	110	40	48	1	2	0	2	-41	96719	8	0	1596	1478	173,333,173,333
1539875987.936852109	110	40	48	1	2	0	2	-41	96720	8	0	1596	1478	173,333,173,333
1539875987.948539155	110	40	48	1	2	0	2	-41	96721	8	0	1596	1478	173,333,173,333
1539875987.960294428	110	40	48	1	2	0	2	-41	96722	8	0	1596	1478	173,333,173,333
1539875987.972081792	110	40	48	1	2	0	2	-41	96723	8	0	1596	1478	173,333,173,333
1539875987.983867988	110	40	48	1	2	0	2	-41	96724	8	0	1596	1478	173,333,173,333
1539875987.995631593	110	40	48	1	2	0	2	-41	96725	8	0	1596	1478	173,333,173,333
1539875988.007394146	110	40	48	1	2	0	2	-41	96726	8	0	1596	1478	173,333,173,333
1539875988.019166591	110	40	48	1	2	0	2	-41	96727	8	0	1596	1478	173,333,173,333
1539875988.030923299	110	40	48	1	2	0	2	-41	96728	8	0	1596	1478	173,333,173,333
1539875988.042617131	110	40	48	1	2	0	2	-41	96729	8	0	1596	1478	173,333,173,333
1539875988.054412215	110	40	48	1	2	0	2	-41	96730	8	0	1596	1478	173,333,173,333
1539875988.066180155	110	40	48	1	2	0	2	-41	96731	8	0	1596	1478	173,333,173,333
1539875988.077956408	110	40	48	1	2	0	2	-41	96732	8	0	1596	1478	173,333,173,333
1539875988.089702479	110	40	48	1	2	0	2	-41	96733	8	0	1596	1478	173,333,173,333
1539875988.101434718	110	40	48	1	2	0	2	-41	96734	8	0	1596	1478	173,333,173,333
1539875988.113077973	110	40	48	1	2	0	2	-41	96735	8	0	1596	1478	173,333,173,333
1539875988.124947942	110	40	48	1	2	0	2	-41	96736	8	0	1596	1478	173,333,173,333
1539875988.136580858	110	40	48	1	2	0	2	-41	96737	8	0	1596	1478	173,333,173,333
1539875988.148348626	110	40	48	1	2	0	2	-41	96738	8	0	1596	1478	173,333,173,333
1539875988.160208759	110	40	48	1	2	0	2	-41	96739	8	0	1596	1478	173,333,173,333
1539875988.172040866	110	40	48	1	2	0	2	-41	96740	8	0	1596	1478	173,333,173,333
1539875988.183760226	110	40	48	1	2	0	2	-41	96741	8	0	1596	1478	173,333,173,333
1539875988.195508798	110	40	48	1	2	0	2	-41	96742	8	0	1596	1478	173,333,173,333
1539875988.207298776	110	40	48	1	2	0	2	-41	96743	8	0	1596	1478	173,333,173,333
1539875988.219050102	110	40	48	1	2	0	2	-41	96744	8	0	1596	1478	173,333,173,333
1539875988.230831444	110	40	48	1	2	0	2	-41	96745	8	0	1596	1478	173,333,173,333
1539875988.242589420	110	40	48	1	2	0	2	-41	96746	8	0	1596	1478	173,333,173,333
1539875988.254339166	110	40	48	1	2	0	2	-41	96747	8	0	1596	1478	173,333,173,333
1539875988.266105242	110	40	48	1	2	0	2	-41	96748	8	0	1596	1478	173,333,173,333
1539875988.277790296	110	40	48	1	2	0	2	-40	96749	8	0	1596	1478	173,333,173,333
1539875988.289584411	110	40	48	1	2	0	2	-41	96750	8	0	1596	1478	173,333,173,333
1539875988.301366157	110	40	48	1	2	0	2	-41	96751	8	0	1596	1478	173,333,173,333
1539875988.313145142	110	40	48	1	2	0	2	-40	96752	8	0	1596	1478	173,333,173,333
1539875988.324921863	110	40	48	1	2	0	2	-40	96753	8	0	1596	1478	173,333,173,333
1539875988.336666390	110	40	48	1	2	0	2	-40	96754	8	0	1596	1478	173,333,173,333
1539875988.348259695	110	40	48	1	2	0	2	-41	96756	8	0	1596	1478	173,333,173,333
1539875988.360146953	110	40	48	1	2	0	2	-40	96757	8	0	1596	1478	173,333,173,333
1539875988.371925257	110	40	48	1	2	0	2	-40	96758	8	0	1596	1478	173,333,173,333
1539875988.383716373	110	40	48	1	2	0	2	-40	96760	8	0	1596	1478	173,333,173,333
1539875988.395428194	110	40	48	1	2	0	2	-40	96761	8	0	1596	1478	173,333,173,333
1539875988.407258573	110	40	48	1	2	0	2	-40	96762	8	0	1596	1478	173,333,173,333
1539875988.419023421	110	40	48	1	2	0	2	-40	96763	8	0	1596	1478	173,333,173,333
1539875988.430678711	110	40	48	1	2	0	2	-40	96764	8	0	1596	1478	173,333,173,333
1539875988.442466939	110	40	48	1	2	0	2	-40	96765	8	0	1596	1478	173,333,173,333
1539875988.454241595	110	40	48	1	2	0	2	-40	96766	8	0	1596	1478	173,333,173,333
1539875988.466003547	110	40	48	1	2	0	2	-40	96767	8	0	1596	1478	173,333,173,333
1539875988.477792375	110	40	48	1	2	0	2	-40	96768	8	0	1596	1478	173,333,173,333
1539875988.489557678	110	40	48	1	2	0	2	-40	96769	8	0	1596	1478	173,333,173,333
1539875988.501270300	110	40	48	1	2	0	2	-40	96770	8	0	1596	1478	173,333,173,333
1539875988.512988754	110	40	48	1	2	0	2	-40	96771	8	0	1596	1478	173,333,173,333
1539875988.524777236	110	40	48	1	2	0	2	-40	96772	8	0	1596	1478	173,333,173,333
1539875988.536558245	110	40	48	1	2	0	2	-40	96773	8	0	1596	1478	173,333,173,333
