1526403356.673188962	343	40	60	0	1	1	2	-88	99868	2	1	1596	1478	40,5,40,5
1526403356.673234348	343	40	60	0	1	1	2	-88	99868	2	1	1596	1478	40,5,40,5
1526403356.673244574	343	40	60	0	1	1	2	-88	99868	2	1	1596	1478	40,5,40,5
1526403356.673252095	343	40	60	0	1	1	2	-88	99868	2	1	1596	1478	40,5,40,5
1526403356.673265547	343	40	60	0	1	1	2	-88	99868	2	1	1596	1478	40,5,40,5
1526403356.673272857	343	40	60	0	1	1	2	-88	99868	2	1	1596	1478	40,5,40,5
1526403356.681351513	249	40	60	0	1	1	2	-86	99869	1	4	1596	1478	58,5,58,5
1526403356.800541865	249	40	60	0	1	1	2	-87	99882	1	4	1596	1478	58,5,58,5
1526403356.810769907	249	40	60	0	1	1	2	-86	99883	1	4	1596	1478	58,5,58,5
1526403356.822536037	249	40	60	0	1	1	2	-87	99884	1	4	1596	1478	58,5,58,5
1526403356.834857695	249	40	60	0	1	1	2	-87	99885	1	4	1596	1478	58,5,58,5
1526403356.846089159	249	40	60	0	1	1	2	-86	99886	1	4	1596	1478	58,5,58,5
1526403356.857829380	249	40	60	0	1	1	2	-87	99887	1	4	1596	1478	58,5,58,5
1526403356.870658033	249	40	60	0	1	1	2	-87	99890	1	4	1596	1478	58,5,58,5
1526403356.881815091	249	40	60	0	1	1	2	-87	99891	1	4	1596	1478	58,5,58,5
1526403356.893598005	249	40	60	0	1	1	2	-87	99892	1	4	1596	1478	58,5,58,5
1526403356.905375491	249	40	60	0	1	1	2	-87	99894	1	4	1596	1478	58,5,58,5
1526403356.916634282	249	40	60	0	1	1	2	-87	99895	1	4	1596	1478	58,5,58,5
1526403356.928354645	249	40	60	0	1	1	2	-87	99896	1	4	1596	1478	58,5,58,5
1526403356.940638649	249	40	60	0	1	1	2	-87	99897	1	4	1596	1478	58,5,58,5
1526403356.951931549	249	40	60	0	1	1	2	-87	99898	1	4	1596	1478	58,5,58,5
1526403356.964661550	249	40	60	0	1	1	2	-87	99900	1	4	1596	1478	58,5,58,5
1526403356.976148145	249	40	60	0	1	1	2	-87	99901	1	4	1596	1478	58,5,58,5
1526403356.987198903	249	40	60	0	1	1	2	-87	99902	1	4	1596	1478	58,5,58,5
1526403356.998844037	249	40	60	0	1	1	2	-86	99903	1	4	1596	1478	58,5,58,5
1526403357.010607066	249	40	60	0	1	1	2	-87	99904	1	4	1596	1478	58,5,58,5
1526403357.022458929	249	40	60	0	1	1	2	-86	99905	1	4	1596	1478	58,5,58,5
1526403357.034071439	249	40	60	0	1	1	2	-86	99906	1	4	1596	1478	58,5,58,5
1526403357.046493897	249	40	60	0	1	1	2	-87	99908	1	4	1596	1478	58,5,58,5
1526403357.058220868	249	40	60	0	1	1	2	-87	99909	1	4	1596	1478	58,5,58,5
1526403357.069745846	249	40	60	0	1	1	2	-87	99910	1	4	1596	1478	58,5,58,5
1526403357.081246264	249	40	60	0	1	1	2	-86	99911	1	4	1596	1478	58,5,58,5
1526403357.093014889	249	40	60	0	1	1	2	-87	99912	1	4	1596	1478	58,5,58,5
1526403357.104725892	249	40	60	0	1	1	2	-87	99913	1	4	1596	1478	58,5,58,5
1526403357.117028837	249	40	60	0	1	1	2	-87	99915	1	4	1596	1478	58,5,58,5
1526403357.128221410	249	40	60	0	1	1	2	-87	99916	1	4	1596	1478	58,5,58,5
1526403357.140498186	249	40	60	0	1	1	2	-87	99918	1	4	1596	1478	58,5,58,5
1526403357.152112331	249	40	60	0	1	1	2	-87	99919	1	4	1596	1478	58,5,58,5
1526403357.163539572	249	40	60	0	1	1	2	-87	99920	1	4	1596	1478	58,5,58,5
1526403357.175299573	249	40	60	0	1	1	2	-87	99921	1	4	1596	1478	58,5,58,5
1526403357.187051992	249	40	60	0	1	1	2	-87	99922	1	4	1596	1478	58,5,58,5
1526403357.198841009	249	40	60	0	1	1	2	-86	99923	1	4	1596	1478	58,5,58,5
1526403357.210566840	249	40	60	0	1	1	2	-86	99924	1	4	1596	1478	58,5,58,5
1526403357.222793302	249	40	60	0	1	1	2	-86	99925	1	4	1596	1478	58,5,58,5
1526403357.234269029	249	40	60	0	1	1	2	-87	99926	1	4	1596	1478	58,5,58,5
1526403357.245754619	249	40	60	0	1	1	2	-87	99927	1	4	1596	1478	58,5,58,5
1526403357.258329352	249	40	60	0	1	1	2	-87	99928	1	4	1596	1478	58,5,58,5
1526403357.270386628	249	40	60	0	1	1	2	-87	99930	1	4	1596	1478	58,5,58,5
1526403357.282296678	249	40	60	0	1	1	2	-87	99932	1	4	1596	1478	58,5,58,5
1526403357.292875637	249	40	60	0	1	1	2	-86	99934	1	4	1596	1478	58,5,58,5
1526403357.304733497	249	40	60	0	1	1	2	-87	99935	1	4	1596	1478	58,5,58,5
1526403357.316856248	249	40	60	0	1	1	2	-87	99937	1	4	1596	1478	58,5,58,5
1526403357.328749633	249	40	60	0	1	1	2	-87	99939	1	4	1596	1478	58,5,58,5
1526403357.339978415	249	40	60	0	1	1	2	-86	99940	1	4	1596	1478	58,5,58,5
1526403357.351753015	249	40	60	0	1	1	2	-87	99941	1	4	1596	1478	58,5,58,5
1526403357.363553602	249	40	60	0	1	1	2	-86	99942	1	4	1596	1478	58,5,58,5
1526403357.375267547	249	40	60	0	1	1	2	-86	99943	1	4	1596	1478	58,5,58,5
1526403357.387422340	249	40	60	0	1	1	2	-87	99944	1	4	1596	1478	58,5,58,5
1526403357.398789411	249	40	60	0	1	1	2	-87	99945	1	4	1596	1478	58,5,58,5
1526403357.410549182	249	40	60	0	1	1	2	-87	99946	1	4	1596	1478	58,5,58,5
1526403357.422197410	249	40	60	0	1	1	2	-87	99947	1	4	1596	1478	58,5,58,5
1526403357.433973097	249	40	60	0	1	1	2	-87	99948	1	4	1596	1478	58,5,58,5
1526403357.445662381	249	40	60	0	1	1	2	-86	99949	1	4	1596	1478	58,5,58,5
1526403357.457499649	249	40	60	0	1	1	2	-86	99950	1	4	1596	1478	58,5,58,5
1526403357.470966698	249	40	60	0	1	1	2	-87	99952	1	4	1596	1478	58,5,58,5
1526403357.481013055	249	40	60	0	1	1	2	-86	99953	1	4	1596	1478	58,5,58,5
1526403357.492762108	249	40	60	0	1	1	2	-86	99954	1	4	1596	1478	58,5,58,5
1526403357.506489522	249	40	60	0	1	1	2	-87	99959	1	4	1596	1478	58,5,58,5
1526403357.516222427	249	40	60	0	1	1	2	-87	99960	1	4	1596	1478	58,5,58,5
1526403357.528036015	249	40	60	0	1	1	2	-86	99961	1	4	1596	1478	58,5,58,5
1526403357.539834031	249	40	60	0	1	1	2	-86	99962	1	4	1596	1478	58,5,58,5
1526403357.551670045	249	40	60	0	1	1	2	-86	99963	1	4	1596	1478	58,5,58,5
1526403357.563375311	249	40	60	0	1	1	2	-87	99964	1	4	1596	1478	58,5,58,5
1526403357.575080281	249	40	60	0	1	1	2	-87	99965	1	4	1596	1478	58,5,58,5
1526403357.586833435	249	40	60	0	1	1	2	-88	99966	1	4	1596	1478	58,5,58,5
1526403357.599141619	249	40	60	0	1	1	2	-87	99967	1	4	1596	1478	58,5,58,5
1526403357.610447344	249	40	60	0	1	1	2	-86	99968	1	4	1596	1478	58,5,58,5
1526403357.622124969	249	40	60	0	1	1	2	-87	99969	1	4	1596	1478	58,5,58,5
1526403357.633979742	249	40	60	0	1	1	2	-87	99970	1	4	1596	1478	58,5,58,5
1526403357.645936724	249	40	60	0	1	1	2	-87	99971	1	4	1596	1478	58,5,58,5
1526403357.657502538	249	40	60	0	1	1	2	-87	99972	1	4	1596	1478	58,5,58,5
1526403357.669759103	249	40	60	0	1	1	2	-87	99974	1	4	1596	1478	58,5,58,5
1526403357.681555953	249	40	60	0	1	1	2	-86	99975	1	4	1596	1478	58,5,58,5
1526403357.693008550	249	40	60	0	1	1	2	-87	99976	1	4	1596	1478	58,5,58,5
1526403357.704433511	249	40	60	0	1	1	2	-86	99977	1	4	1596	1478	58,5,58,5
1526403357.716470085	249	40	60	0	1	1	2	-87	99978	1	4	1596	1478	58,5,58,5
1526403357.727908302	249	40	60	0	1	1	2	-85	99979	1	4	1596	1478	58,5,58,5
1526403357.739801217	249	40	60	0	1	1	2	-87	99980	1	4	1596	1478	58,5,58,5
1526403357.751499073	249	40	60	0	1	1	2	-86	99981	1	4	1596	1478	58,5,58,5
1526403357.764287022	249	40	60	0	1	1	2	-86	99983	1	4	1596	1478	58,5,58,5
1526403357.777179165	249	40	60	0	1	1	2	-86	99988	1	4	1596	1478	58,5,58,5
1526403357.786881968	249	40	60	0	1	1	2	-86	99989	1	4	1596	1478	58,5,58,5
1526403357.799107856	249	40	60	0	1	1	2	-86	99990	1	4	1596	1478	58,5,58,5
1526403357.810503735	249	40	60	0	1	1	2	-87	99991	1	4	1596	1478	58,5,58,5
1526403357.845472287	459	40	84	0	1	1	2	-86	99999	0	4	1596	1478	29,25,29,25
1526403357.845513305	459	40	84	0	1	1	2	-86	99999	0	4	1596	1478	29,25,29,25
1526403357.848298662	343	40	60	0	1	1	2	-88	100002	2	1	1596	1478	40,5,40,5
1526403357.859238099	343	40	60	0	1	1	2	-87	100005	2	1	1596	1478	40,5,40,5
1526403357.870637578	343	40	60	0	1	1	2	-87	100008	2	1	1596	1478	40,5,40,5
1526403357.882860706	343	40	60	0	1	1	2	-88	100010	2	1	1596	1478	40,5,40,5
1526403357.898637085	494	40	60	0	1	1	2	-88	100016	1	1	1596	1478	27,27
1526403357.922089936	512	40	48	0	1	1	2	-88	100017	3	0	1596	1478	26,26
1526403357.923254750	512	40	48	0	1	1	2	-89	100018	3	0	1596	1478	26,26
1526403357.928043598	512	40	48	0	1	1	2	-88	100019	3	0	1596	1478	26,26
1526403357.939980898	512	40	48	0	1	1	2	-89	100020	3	0	1596	1478	26,26
1526403357.951759933	512	40	48	0	1	1	2	-89	100021	3	0	1596	1478	26,26
1526403357.963513727	512	40	48	0	1	1	2	-88	100022	3	0	1596	1478	26,26
1526403357.975635230	512	40	48	0	1	1	2	-88	100023	3	0	1596	1478	26,26
1526403357.987037318	512	40	48	0	1	1	2	-87	100024	3	0	1596	1478	26,26
1526403357.999427745	494	40	60	0	1	1	2	-88	100025	1	1	1596	1478	27,27
1526403358.010553985	494	40	60	0	1	1	2	-88	100026	1	1	1596	1478	27,27
1526403358.022193739	494	40	60	0	1	1	2	-88	100027	1	1	1596	1478	27,27
1526403358.033967399	494	40	60	0	1	1	2	-88	100028	1	1	1596	1478	27,27
1526403358.045859371	494	40	60	0	1	1	2	-87	100029	1	1	1596	1478	27,27
1526403358.057614612	494	40	60	0	1	1	2	-88	100030	1	1	1596	1478	27,27
1526403358.069396509	494	40	60	0	1	1	2	-87	100031	1	1	1596	1478	27,27
1526403358.081181999	494	40	60	0	1	1	2	-88	100032	1	1	1596	1478	27,27
1526403358.092771239	343	40	60	0	1	1	2	-88	100033	2	1	1596	1478	40,5,40,5
1526403358.104533421	343	40	60	0	1	1	2	-88	100034	2	1	1596	1478	40,5,40,5
1526403358.116196787	249	40	60	0	1	1	2	-87	100035	1	4	1596	1478	58,5,58,5
1526403358.127873865	249	40	60	0	1	1	2	-86	100036	1	4	1596	1478	58,5,58,5
1526403358.140260516	249	40	60	0	1	1	2	-87	100037	1	4	1596	1478	58,5,58,5
1526403358.151479966	249	40	60	0	1	1	2	-87	100038	1	4	1596	1478	58,5,58,5
1526403358.163562049	249	40	60	0	1	1	2	-86	100039	1	4	1596	1478	58,5,58,5
1526403358.174972059	249	40	60	0	1	1	2	-86	100040	1	4	1596	1478	58,5,58,5
1526403358.187212057	249	40	60	0	1	1	2	-86	100041	1	4	1596	1478	58,5,58,5
1526403358.198500872	249	40	60	0	1	1	2	-86	100042	1	4	1596	1478	58,5,58,5
1526403358.210728760	249	40	60	0	1	1	2	-86	100044	1	4	1596	1478	58,5,58,5
1526403358.222036083	249	40	60	0	1	1	2	-87	100045	1	4	1596	1478	58,5,58,5
1526403358.233817422	249	40	60	0	1	1	2	-86	100046	1	4	1596	1478	58,5,58,5
1526403358.245642776	249	40	60	0	1	1	2	-86	100047	1	4	1596	1478	58,5,58,5
1526403358.257716816	249	40	60	0	1	1	2	-86	100048	1	4	1596	1478	58,5,58,5
1526403358.268972112	249	40	60	0	1	1	2	-86	100049	1	4	1596	1478	58,5,58,5
1526403358.280549338	249	40	60	0	1	1	2	-85	100050	1	4	1596	1478	58,5,58,5
1526403358.292400271	249	40	60	0	1	1	2	-86	100051	1	4	1596	1478	58,5,58,5
1526403358.304191922	249	40	60	0	1	1	2	-86	100052	1	4	1596	1478	58,5,58,5
1526403358.316063407	249	40	60	0	1	1	2	-87	100053	1	4	1596	1478	58,5,58,5
1526403358.327755924	249	40	60	0	1	1	2	-87	100054	1	4	1596	1478	58,5,58,5
1526403358.339615137	249	40	60	0	1	1	2	-85	100055	1	4	1596	1478	58,5,58,5
1526403358.351325696	249	40	60	0	1	1	2	-86	100056	1	4	1596	1478	58,5,58,5
1526403358.363227106	249	40	60	0	1	1	2	-85	100057	1	4	1596	1478	58,5,58,5
1526403358.374864165	249	40	60	0	1	1	2	-86	100058	1	4	1596	1478	58,5,58,5
1526403358.387171039	249	40	60	0	1	1	2	-86	100060	1	4	1596	1478	58,5,58,5
1526403358.398301308	249	40	60	0	1	1	2	-87	100061	1	4	1596	1478	58,5,58,5
1526403358.410685777	249	40	60	0	1	1	2	-86	100062	1	4	1596	1478	58,5,58,5
1526403358.421900402	249	40	60	0	1	1	2	-87	100063	1	4	1596	1478	58,5,58,5
1526403358.433594893	249	40	60	0	1	1	2	-87	100064	1	4	1596	1478	58,5,58,5
1526403358.445415033	249	40	60	0	1	1	2	-86	100065	1	4	1596	1478	58,5,58,5
1526403358.457125050	249	40	60	0	1	1	2	-86	100066	1	4	1596	1478	58,5,58,5
1526403358.469143154	249	40	60	0	1	1	2	-86	100067	1	4	1596	1478	58,5,58,5
1526403358.481803271	249	40	60	0	1	1	2	-86	100068	1	4	1596	1478	58,5,58,5
1526403358.492991854	249	40	60	0	1	1	2	-86	100070	1	4	1596	1478	58,5,58,5
1526403358.504220511	249	40	60	0	1	1	2	-86	100071	1	4	1596	1478	58,5,58,5
1526403358.515911221	249	40	60	0	1	1	2	-85	100073	1	4	1596	1478	58,5,58,5
1526403358.527640907	249	40	60	0	1	1	2	-87	100074	1	4	1596	1478	58,5,58,5
1526403358.539276449	249	40	60	0	1	1	2	-86	100075	1	4	1596	1478	58,5,58,5
1526403358.551248267	249	40	60	0	1	1	2	-86	100076	1	4	1596	1478	58,5,58,5
1526403358.562891577	249	40	60	0	1	1	2	-86	100077	1	4	1596	1478	58,5,58,5
1526403358.575133118	249	40	60	0	1	1	2	-86	100078	1	4	1596	1478	58,5,58,5
1526403358.587767898	249	40	60	0	1	1	2	-86	100079	1	4	1596	1478	58,5,58,5
1526403358.598173063	249	40	60	0	1	1	2	-86	100080	1	4	1596	1478	58,5,58,5
1526403358.610788929	249	40	60	0	1	1	2	-86	100081	1	4	1596	1478	58,5,58,5
1526403358.624977798	249	40	60	0	1	1	2	-86	100082	1	4	1596	1478	58,5,58,5
1526403358.633347865	249	40	60	0	1	1	2	-86	100083	1	4	1596	1478	58,5,58,5
1526403358.645216795	249	40	60	0	1	1	2	-87	100084	1	4	1596	1478	58,5,58,5
1526403358.656960540	249	40	60	0	1	1	2	-86	100085	1	4	1596	1478	58,5,58,5
1526403358.668728430	249	40	60	0	1	1	2	-86	100086	1	4	1596	1478	58,5,58,5
1526403358.680362869	249	40	60	0	1	1	2	-86	100087	1	4	1596	1478	58,5,58,5
1526403358.692860708	249	40	60	0	1	1	2	-86	100089	1	4	1596	1478	58,5,58,5
1526403358.704016645	249	40	60	0	1	1	2	-87	100090	1	4	1596	1478	58,5,58,5
1526403358.715782170	249	40	60	0	1	1	2	-86	100091	1	4	1596	1478	58,5,58,5
1526403358.727755574	249	40	60	0	1	1	2	-86	100092	1	4	1596	1478	58,5,58,5
1526403358.739291033	249	40	60	0	1	1	2	-85	100093	1	4	1596	1478	58,5,58,5
1526403358.751041765	249	40	60	0	1	1	2	-86	100094	1	4	1596	1478	58,5,58,5
1526403358.762814112	249	40	60	0	1	1	2	-86	100095	1	4	1596	1478	58,5,58,5
1526403358.775650641	249	40	60	0	1	1	2	-86	100096	1	4	1596	1478	58,5,58,5
1526403358.786327995	249	40	60	0	1	1	2	-86	100097	1	4	1596	1478	58,5,58,5
1526403358.798115709	249	40	60	0	1	1	2	-85	100098	1	4	1596	1478	58,5,58,5
1526403358.810569492	249	40	60	0	1	1	2	-87	100100	1	4	1596	1478	58,5,58,5
1526403358.822046745	249	40	60	0	1	1	2	-86	100102	1	4	1596	1478	58,5,58,5
1526403358.835329259	249	40	60	0	1	1	2	-86	100103	1	4	1596	1478	58,5,58,5
1526403358.846252714	249	40	60	0	1	1	2	-87	100106	1	4	1596	1478	58,5,58,5
1526403358.856895774	249	40	60	0	1	1	2	-87	100107	1	4	1596	1478	58,5,58,5
1526403358.868657003	249	40	60	0	1	1	2	-87	100108	1	4	1596	1478	58,5,58,5
1526403358.880420627	249	40	60	0	1	1	2	-86	100109	1	4	1596	1478	58,5,58,5
1526403358.893989902	249	40	60	0	1	1	2	-87	100112	1	4	1596	1478	58,5,58,5
1526403358.903919470	249	40	60	0	1	1	2	-86	100113	1	4	1596	1478	58,5,58,5
1526403358.915704887	249	40	60	0	1	1	2	-86	100114	1	4	1596	1478	58,5,58,5
1526403358.927454908	249	40	60	0	1	1	2	-86	100115	1	4	1596	1478	58,5,58,5
1526403358.939681533	249	40	60	0	1	1	2	-86	100116	1	4	1596	1478	58,5,58,5
1526403358.950966358	249	40	60	0	1	1	2	-86	100117	1	4	1596	1478	58,5,58,5
1526403358.962731903	249	40	60	0	1	1	2	-87	100118	1	4	1596	1478	58,5,58,5
1526403358.974410535	249	40	60	0	1	1	2	-87	100119	1	4	1596	1478	58,5,58,5
1526403358.986462032	249	40	60	0	1	1	2	-87	100120	1	4	1596	1478	58,5,58,5
1526403358.998045536	249	40	60	0	1	1	2	-87	100121	1	4	1596	1478	58,5,58,5
1526403359.009765968	249	40	60	0	1	1	2	-86	100122	1	4	1596	1478	58,5,58,5
1526403359.021567372	249	40	60	0	1	1	2	-86	100123	1	4	1596	1478	58,5,58,5
1526403359.033277069	249	40	60	0	1	1	2	-86	100125	1	4	1596	1478	58,5,58,5
1526403359.045085104	249	40	60	0	1	1	2	-87	100126	1	4	1596	1478	58,5,58,5
1526403359.057357573	249	40	60	0	1	1	2	-86	100127	1	4	1596	1478	58,5,58,5
1526403359.068686902	249	40	60	0	1	1	2	-86	100128	1	4	1596	1478	58,5,58,5
1526403359.080459924	249	40	60	0	1	1	2	-86	100129	1	4	1596	1478	58,5,58,5
1526403359.092427911	249	40	60	0	1	1	2	-86	100130	1	4	1596	1478	58,5,58,5
1526403359.105946948	249	40	60	0	1	1	2	-87	100134	1	4	1596	1478	58,5,58,5
1526403359.115744779	249	40	60	0	1	1	2	-86	100135	1	4	1596	1478	58,5,58,5
1526403359.128966150	249	40	60	0	1	1	2	-86	100139	1	4	1596	1478	58,5,58,5
1526403359.139640835	249	40	60	0	1	1	2	-87	100140	1	4	1596	1478	58,5,58,5
1526403359.151457905	249	40	60	0	1	1	2	-86	100142	1	4	1596	1478	58,5,58,5
1526403359.162810872	249	40	60	0	1	1	2	-86	100143	1	4	1596	1478	58,5,58,5
1526403359.174567524	249	40	60	0	1	1	2	-87	100144	1	4	1596	1478	58,5,58,5
1526403359.186300830	249	40	60	0	1	1	2	-86	100145	1	4	1596	1478	58,5,58,5
1526403359.199436547	249	40	60	0	1	1	2	-86	100146	1	4	1596	1478	58,5,58,5
1526403359.211422936	249	40	60	0	1	1	2	-86	100148	1	4	1596	1478	58,5,58,5
1526403359.222683090	249	40	60	0	1	1	2	-86	100151	1	4	1596	1478	58,5,58,5
1526403359.233335978	249	40	60	0	1	1	2	-86	100152	1	4	1596	1478	58,5,58,5
1526403359.245113222	249	40	60	0	1	1	2	-86	100153	1	4	1596	1478	58,5,58,5
1526403359.269778729	249	40	60	0	1	1	2	-87	100158	1	4	1596	1478	58,5,58,5
1526403359.269812562	249	40	60	0	1	1	2	-87	100158	1	4	1596	1478	58,5,58,5
1526403359.280681166	249	40	60	0	1	1	2	-87	100159	1	4	1596	1478	58,5,58,5
1526403359.292491318	249	40	60	0	1	1	2	-86	100160	1	4	1596	1478	58,5,58,5
1526403359.304449955	249	40	60	0	1	1	2	-85	100162	1	4	1596	1478	58,5,58,5
1526403359.316503053	249	40	60	0	1	1	2	-86	100163	1	4	1596	1478	58,5,58,5
1526403359.327871529	249	40	60	0	1	1	2	-86	100165	1	4	1596	1478	58,5,58,5
1526403359.339190481	249	40	60	0	1	1	2	-86	100166	1	4	1596	1478	58,5,58,5
1526403359.350867767	249	40	60	0	1	1	2	-86	100167	1	4	1596	1478	58,5,58,5
1526403359.363112315	249	40	60	0	1	1	2	-86	100168	1	4	1596	1478	58,5,58,5
1526403359.374882049	249	40	60	0	1	1	2	-86	100169	1	4	1596	1478	58,5,58,5
1526403359.386592070	249	40	60	0	1	1	2	-87	100171	1	4	1596	1478	58,5,58,5
1526403359.397785476	249	40	60	0	1	1	2	-86	100172	1	4	1596	1478	58,5,58,5
1526403359.409983462	249	40	60	0	1	1	2	-86	100173	1	4	1596	1478	58,5,58,5
1526403359.421509754	249	40	60	0	1	1	2	-87	100174	1	4	1596	1478	58,5,58,5
1526403359.433812406	249	40	60	0	1	1	2	-86	100175	1	4	1596	1478	58,5,58,5
1526403359.445065060	249	40	60	0	1	1	2	-86	100176	1	4	1596	1478	58,5,58,5
1526403359.457328264	249	40	60	0	1	1	2	-86	100178	1	4	1596	1478	58,5,58,5
1526403359.468528154	249	40	60	0	1	1	2	-86	100179	1	4	1596	1478	58,5,58,5
1526403359.480334609	249	40	60	0	1	1	2	-87	100180	1	4	1596	1478	58,5,58,5
1526403359.492068869	249	40	60	0	1	1	2	-87	100181	1	4	1596	1478	58,5,58,5
1526403359.505435206	249	40	60	0	1	1	2	-86	100183	1	4	1596	1478	58,5,58,5
1526403359.515530172	249	40	60	0	1	1	2	-87	100184	1	4	1596	1478	58,5,58,5
1526403359.527265551	249	40	60	0	1	1	2	-86	100185	1	4	1596	1478	58,5,58,5
1526403359.538989464	249	40	60	0	1	1	2	-87	100186	1	4	1596	1478	58,5,58,5
1526403359.551132386	249	40	60	0	1	1	2	-86	100187	1	4	1596	1478	58,5,58,5
1526403359.562417533	249	40	60	0	1	1	2	-86	100188	1	4	1596	1478	58,5,58,5
1526403359.574167620	249	40	60	0	1	1	2	-86	100189	1	4	1596	1478	58,5,58,5
1526403359.586009922	249	40	60	0	1	1	2	-86	100190	1	4	1596	1478	58,5,58,5
1526403359.597766980	249	40	60	0	1	1	2	-87	100191	1	4	1596	1478	58,5,58,5
1526403359.610098954	249	40	60	0	1	1	2	-86	100193	1	4	1596	1478	58,5,58,5
1526403359.610840532	249	40	60	0	1	1	2	-87	100194	1	4	1596	1478	58,5,58,5
1526403359.621886936	249	40	60	0	1	1	2	-86	100196	1	4	1596	1478	58,5,58,5
1526403359.633632756	249	40	60	0	1	1	2	-85	100197	1	4	1596	1478	58,5,58,5
1526403359.644856149	249	40	60	0	1	1	2	-86	100198	1	4	1596	1478	58,5,58,5
1526403359.657169629	249	40	60	0	1	1	2	-86	100200	1	4	1596	1478	58,5,58,5
1526403359.668920570	249	40	60	0	1	1	2	-86	100202	1	4	1596	1478	58,5,58,5
1526403359.680766159	249	40	60	0	1	1	2	-86	100204	1	4	1596	1478	58,5,58,5
1526403359.694081877	249	40	60	0	1	1	2	-86	100209	1	4	1596	1478	58,5,58,5
1526403359.704336403	249	40	60	0	1	1	2	-87	100211	1	4	1596	1478	58,5,58,5
1526403359.716198022	249	40	60	0	1	1	2	-86	100212	1	4	1596	1478	58,5,58,5
1526403359.727266737	249	40	60	0	1	1	2	-87	100213	1	4	1596	1478	58,5,58,5
1526403359.740055962	249	40	60	0	1	1	2	-86	100216	1	4	1596	1478	58,5,58,5
1526403359.751349847	249	40	60	0	1	1	2	-87	100217	1	4	1596	1478	58,5,58,5
1526403359.762382704	249	40	60	0	1	1	2	-87	100218	1	4	1596	1478	58,5,58,5
1526403359.774841904	249	40	60	0	1	1	2	-87	100220	1	4	1596	1478	58,5,58,5
1526403359.787113806	249	40	60	0	1	1	2	-87	100221	1	4	1596	1478	58,5,58,5
1526403359.800945279	249	40	60	0	1	1	2	-88	100228	1	4	1596	1478	58,5,58,5
1526403359.810098111	249	40	60	0	1	1	2	-87	100230	1	4	1596	1478	58,5,58,5
1526403359.823586064	459	40	84	0	1	1	2	-88	100234	0	4	1596	1478	29,25,29,25
1526403359.834468541	343	40	60	0	1	1	2	-87	100237	2	1	1596	1478	40,5,40,5
1526403359.844960171	343	40	60	0	1	1	2	-87	100238	2	1	1596	1478	40,5,40,5
1526403359.856732311	343	40	60	0	1	1	2	-88	100239	2	1	1596	1478	40,5,40,5
1526403359.869540842	343	40	60	0	1	1	2	-88	100240	2	1	1596	1478	40,5,40,5
1526403359.880229603	343	40	60	0	1	1	2	-88	100241	2	1	1596	1478	40,5,40,5
1526403359.892187627	343	40	60	0	1	1	2	-88	100242	2	1	1596	1478	40,5,40,5
1526403359.903762295	343	40	60	0	1	1	2	-87	100243	2	1	1596	1478	40,5,40,5
1526403359.916077810	343	40	60	0	1	1	2	-88	100244	2	1	1596	1478	40,5,40,5
1526403359.927274971	343	40	60	0	1	1	2	-87	100245	2	1	1596	1478	40,5,40,5
1526403359.939574909	343	40	60	0	1	1	2	-88	100246	2	1	1596	1478	40,5,40,5
1526403359.950789257	343	40	60	0	1	1	2	-87	100247	2	1	1596	1478	40,5,40,5
1526403359.962550443	343	40	60	0	1	1	2	-87	100248	2	1	1596	1478	40,5,40,5
1526403359.974313726	343	40	60	0	1	1	2	-87	100249	2	1	1596	1478	40,5,40,5
1526403359.986081906	343	40	60	0	1	1	2	-87	100250	2	1	1596	1478	40,5,40,5
1526403359.997873318	343	40	60	0	1	1	2	-87	100251	2	1	1596	1478	40,5,40,5
1526403360.009586181	343	40	60	0	1	1	2	-87	100252	2	1	1596	1478	40,5,40,5
1526403360.021295901	343	40	60	0	1	1	2	-87	100253	2	1	1596	1478	40,5,40,5
1526403360.034117948	343	40	60	0	1	1	2	-88	100255	2	1	1596	1478	40,5,40,5
1526403360.044813931	343	40	60	0	1	1	2	-88	100256	2	1	1596	1478	40,5,40,5
1526403360.056630271	343	40	60	0	1	1	2	-88	100257	2	1	1596	1478	40,5,40,5
1526403360.068237372	343	40	60	0	1	1	2	-88	100258	2	1	1596	1478	40,5,40,5
1526403360.080076683	343	40	60	0	1	1	2	-88	100259	2	1	1596	1478	40,5,40,5
1526403360.091732128	343	40	60	0	1	1	2	-88	100260	2	1	1596	1478	40,5,40,5
1526403360.103517301	343	40	60	0	1	1	2	-87	100261	2	1	1596	1478	40,5,40,5
1526403360.115362020	343	40	60	0	1	1	2	-88	100262	2	1	1596	1478	40,5,40,5
1526403360.127777378	343	40	60	0	1	1	2	-87	100263	2	1	1596	1478	40,5,40,5
1526403360.138808433	343	40	60	0	1	1	2	-88	100264	2	1	1596	1478	40,5,40,5
1526403360.151542433	343	40	60	0	1	1	2	-87	100265	2	1	1596	1478	40,5,40,5
1526403360.162463158	343	40	60	0	1	1	2	-87	100266	2	1	1596	1478	40,5,40,5
1526403360.174226886	343	40	60	0	1	1	2	-87	100267	2	1	1596	1478	40,5,40,5
1526403360.185998178	343	40	60	0	1	1	2	-87	100268	2	1	1596	1478	40,5,40,5
1526403360.198321143	343	40	60	0	1	1	2	-87	100269	2	1	1596	1478	40,5,40,5
1526403360.209439124	343	40	60	0	1	1	2	-87	100270	2	1	1596	1478	40,5,40,5
1526403360.221388473	343	40	60	0	1	1	2	-88	100271	2	1	1596	1478	40,5,40,5
1526403360.233037397	343	40	60	0	1	1	2	-87	100272	2	1	1596	1478	40,5,40,5
1526403360.244803851	343	40	60	0	1	1	2	-87	100273	2	1	1596	1478	40,5,40,5
1526403360.257055921	343	40	60	0	1	1	2	-88	100275	2	1	1596	1478	40,5,40,5
1526403360.268257312	343	40	60	0	1	1	2	-87	100276	2	1	1596	1478	40,5,40,5
1526403360.279954759	343	40	60	0	1	1	2	-87	100277	2	1	1596	1478	40,5,40,5
1526403360.291836553	343	40	60	0	1	1	2	-88	100278	2	1	1596	1478	40,5,40,5
1526403360.303585223	343	40	60	0	1	1	2	-86	100279	2	1	1596	1478	40,5,40,5
1526403360.315369519	343	40	60	0	1	1	2	-87	100280	2	1	1596	1478	40,5,40,5
1526403360.327059899	343	40	60	0	1	1	2	-88	100281	2	1	1596	1478	40,5,40,5
1526403360.338780380	343	40	60	0	1	1	2	-87	100282	2	1	1596	1478	40,5,40,5
1526403360.350395170	343	40	60	0	1	1	2	-87	100283	2	1	1596	1478	40,5,40,5
1526403360.363283959	343	40	60	0	1	1	2	-87	100285	2	1	1596	1478	40,5,40,5
1526403360.374551491	343	40	60	0	1	1	2	-87	100287	2	1	1596	1478	40,5,40,5
1526403360.385710090	343	40	60	0	1	1	2	-87	100288	2	1	1596	1478	40,5,40,5
1526403360.397450471	343	40	60	0	1	1	2	-86	100289	2	1	1596	1478	40,5,40,5
1526403360.409206988	343	40	60	0	1	1	2	-87	100290	2	1	1596	1478	40,5,40,5
1526403360.420970431	343	40	60	0	1	1	2	-89	100291	2	1	1596	1478	40,5,40,5
1526403360.432753623	343	40	60	0	1	1	2	-87	100292	2	1	1596	1478	40,5,40,5
1526403360.444502126	343	40	60	0	1	1	2	-87	100293	2	1	1596	1478	40,5,40,5
1526403360.456349560	343	40	60	0	1	1	2	-87	100294	2	1	1596	1478	40,5,40,5
1526403360.468108923	343	40	60	0	1	1	2	-87	100295	2	1	1596	1478	40,5,40,5
1526403360.480369197	343	40	60	0	1	1	2	-87	100296	2	1	1596	1478	40,5,40,5
1526403360.491608436	343	40	60	0	1	1	2	-88	100297	2	1	1596	1478	40,5,40,5
1526403360.503368191	343	40	60	0	1	1	2	-87	100298	2	1	1596	1478	40,5,40,5
1526403360.515226146	343	40	60	0	1	1	2	-88	100299	2	1	1596	1478	40,5,40,5
1526403360.527625438	343	40	60	0	1	1	2	-87	100300	2	1	1596	1478	40,5,40,5
1526403360.538710854	343	40	60	0	1	1	2	-87	100301	2	1	1596	1478	40,5,40,5
1526403360.550553034	343	40	60	0	1	1	2	-87	100302	2	1	1596	1478	40,5,40,5
1526403360.562289216	343	40	60	0	1	1	2	-88	100303	2	1	1596	1478	40,5,40,5
1526403360.574451442	249	40	60	0	1	1	2	-87	100304	1	4	1596	1478	58,5,58,5
1526403360.586122594	249	40	60	0	1	1	2	-87	100305	1	4	1596	1478	58,5,58,5
1526403360.598980491	249	40	60	0	1	1	2	-87	100306	1	4	1596	1478	58,5,58,5
1526403360.609257020	249	40	60	0	1	1	2	-87	100307	1	4	1596	1478	58,5,58,5
1526403360.770781062	249	40	60	0	1	1	2	-86	100328	1	4	1596	1478	58,5,58,5
1526403360.774546265	249	40	60	0	1	1	2	-87	100329	1	4	1596	1478	58,5,58,5
1526403360.786585271	249	40	60	0	1	1	2	-86	100331	1	4	1596	1478	58,5,58,5
1526403360.798498407	249	40	60	0	1	1	2	-87	100334	1	4	1596	1478	58,5,58,5
1526403360.813720212	459	40	84	0	1	1	2	-86	100340	0	4	1596	1478	29,25,29,25
1526403360.820958170	343	40	60	0	1	1	2	-87	100341	2	1	1596	1478	40,5,40,5
1526403360.832799746	343	40	60	0	1	1	2	-87	100342	2	1	1596	1478	40,5,40,5
1526403360.844578165	343	40	60	0	1	1	2	-87	100343	2	1	1596	1478	40,5,40,5
1526403360.856263156	343	40	60	0	1	1	2	-88	100344	2	1	1596	1478	40,5,40,5
1526403360.869271737	343	40	60	0	1	1	2	-87	100346	2	1	1596	1478	40,5,40,5
1526403360.879839027	343	40	60	0	1	1	2	-87	100347	2	1	1596	1478	40,5,40,5
1526403360.891528262	343	40	60	0	1	1	2	-88	100348	2	1	1596	1478	40,5,40,5
1526403360.903348443	343	40	60	0	1	1	2	-87	100349	2	1	1596	1478	40,5,40,5
1526403360.915122739	343	40	60	0	1	1	2	-86	100350	2	1	1596	1478	40,5,40,5
1526403360.927287010	343	40	60	0	1	1	2	-87	100352	2	1	1596	1478	40,5,40,5
1526403360.938618258	343	40	60	0	1	1	2	-86	100353	2	1	1596	1478	40,5,40,5
1526403360.950387776	343	40	60	0	1	1	2	-87	100354	2	1	1596	1478	40,5,40,5
1526403360.962163981	343	40	60	0	1	1	2	-87	100355	2	1	1596	1478	40,5,40,5
1526403360.973898840	343	40	60	0	1	1	2	-87	100356	2	1	1596	1478	40,5,40,5
1526403360.986169196	343	40	60	0	1	1	2	-87	100357	2	1	1596	1478	40,5,40,5
1526403360.997561123	343	40	60	0	1	1	2	-87	100358	2	1	1596	1478	40,5,40,5
1526403361.009102130	343	40	60	0	1	1	2	-87	100359	2	1	1596	1478	40,5,40,5
1526403361.020872317	343	40	60	0	1	1	2	-87	100360	2	1	1596	1478	40,5,40,5
1526403361.033070730	249	40	60	0	1	1	2	-86	100361	1	4	1596	1478	58,5,58,5
1526403361.044402018	249	40	60	0	1	1	2	-86	100362	1	4	1596	1478	58,5,58,5
1526403361.056149282	249	40	60	0	1	1	2	-85	100363	1	4	1596	1478	58,5,58,5
1526403361.067933244	249	40	60	0	1	1	2	-86	100364	1	4	1596	1478	58,5,58,5
1526403361.080147630	249	40	60	0	1	1	2	-87	100366	1	4	1596	1478	58,5,58,5
1526403361.091305578	249	40	60	0	1	1	2	-86	100367	1	4	1596	1478	58,5,58,5
1526403361.103759930	249	40	60	0	1	1	2	-86	100369	1	4	1596	1478	58,5,58,5
1526403361.115501509	249	40	60	0	1	1	2	-86	100371	1	4	1596	1478	58,5,58,5
1526403361.127168175	249	40	60	0	1	1	2	-87	100372	1	4	1596	1478	58,5,58,5
1526403361.139353383	249	40	60	0	1	1	2	-86	100374	1	4	1596	1478	58,5,58,5
1526403361.150232244	249	40	60	0	1	1	2	-86	100375	1	4	1596	1478	58,5,58,5
1526403361.161969361	249	40	60	0	1	1	2	-86	100376	1	4	1596	1478	58,5,58,5
1526403361.174627176	249	40	60	0	1	1	2	-86	100377	1	4	1596	1478	58,5,58,5
1526403361.185999778	249	40	60	0	1	1	2	-87	100379	1	4	1596	1478	58,5,58,5
1526403361.197274089	249	40	60	0	1	1	2	-86	100380	1	4	1596	1478	58,5,58,5
1526403361.209042919	249	40	60	0	1	1	2	-86	100381	1	4	1596	1478	58,5,58,5
1526403361.221257828	249	40	60	0	1	1	2	-86	100383	1	4	1596	1478	58,5,58,5
1526403361.234571125	249	40	60	0	1	1	2	-86	100386	1	4	1596	1478	58,5,58,5
1526403361.244293060	249	40	60	0	1	1	2	-87	100387	1	4	1596	1478	58,5,58,5
1526403361.256019544	249	40	60	0	1	1	2	-86	100388	1	4	1596	1478	58,5,58,5
1526403361.267760935	249	40	60	0	1	1	2	-87	100389	1	4	1596	1478	58,5,58,5
1526403361.292159088	249	40	60	0	1	1	2	-86	100395	1	4	1596	1478	58,5,58,5
1526403361.292197291	249	40	60	0	1	1	2	-86	100395	1	4	1596	1478	58,5,58,5
1526403361.304138091	249	40	60	0	1	1	2	-87	100397	1	4	1596	1478	58,5,58,5
1526403361.315723438	249	40	60	0	1	1	2	-86	100399	1	4	1596	1478	58,5,58,5
1526403361.326625644	249	40	60	0	1	1	2	-85	100400	1	4	1596	1478	58,5,58,5
1526403361.342842462	459	40	84	0	1	1	2	-87	100409	0	4	1596	1478	29,25,29,25
1526403361.350262398	343	40	60	0	1	1	2	-87	100410	2	1	1596	1478	40,5,40,5
1526403361.361999548	343	40	60	0	1	1	2	-86	100411	2	1	1596	1478	40,5,40,5
1526403361.373759116	343	40	60	0	1	1	2	-86	100412	2	1	1596	1478	40,5,40,5
1526403361.385508713	343	40	60	0	1	1	2	-87	100413	2	1	1596	1478	40,5,40,5
1526403361.397842291	343	40	60	0	1	1	2	-87	100414	2	1	1596	1478	40,5,40,5
1526403361.409043961	343	40	60	0	1	1	2	-87	100415	2	1	1596	1478	40,5,40,5
1526403361.420705605	343	40	60	0	1	1	2	-87	100416	2	1	1596	1478	40,5,40,5
1526403361.432572435	343	40	60	0	1	1	2	-87	100417	2	1	1596	1478	40,5,40,5
1526403361.444800440	249	40	60	0	1	1	2	-86	100418	1	4	1596	1478	58,5,58,5
1526403361.455949875	249	40	60	0	1	1	2	-86	100419	1	4	1596	1478	58,5,58,5
1526403361.468643941	249	40	60	0	1	1	2	-87	100422	1	4	1596	1478	58,5,58,5
1526403361.479258844	249	40	60	0	1	1	2	-86	100423	1	4	1596	1478	58,5,58,5
1526403361.491153185	249	40	60	0	1	1	2	-87	100424	1	4	1596	1478	58,5,58,5
1526403361.502899858	249	40	60	0	1	1	2	-85	100425	1	4	1596	1478	58,5,58,5
1526403361.521577146	249	40	60	0	1	1	2	-86	100431	1	4	1596	1478	58,5,58,5
1526403361.526896262	249	40	60	0	1	1	2	-87	100433	1	4	1596	1478	58,5,58,5
1526403361.538157603	249	40	60	0	1	1	2	-86	100434	1	4	1596	1478	58,5,58,5
1526403361.549926398	249	40	60	0	1	1	2	-86	100435	1	4	1596	1478	58,5,58,5
1526403361.562769070	249	40	60	0	1	1	2	-86	100437	1	4	1596	1478	58,5,58,5
1526403361.573461884	249	40	60	0	1	1	2	-86	100438	1	4	1596	1478	58,5,58,5
1526403361.585224355	249	40	60	0	1	1	2	-86	100439	1	4	1596	1478	58,5,58,5
1526403361.596975610	249	40	60	0	1	1	2	-86	100440	1	4	1596	1478	58,5,58,5
1526403361.613523281	459	40	84	0	1	1	2	-86	100448	0	4	1596	1478	29,25,29,25
1526403361.621110465	343	40	60	0	1	1	2	-87	100450	2	1	1596	1478	40,5,40,5
1526403361.632242977	343	40	60	0	1	1	2	-88	100451	2	1	1596	1478	40,5,40,5
1526403361.643980610	343	40	60	0	1	1	2	-86	100452	2	1	1596	1478	40,5,40,5
1526403361.655974516	343	40	60	0	1	1	2	-87	100453	2	1	1596	1478	40,5,40,5
1526403361.668166150	343	40	60	0	1	1	2	-87	100454	2	1	1596	1478	40,5,40,5
1526403361.679375915	343	40	60	0	1	1	2	-88	100455	2	1	1596	1478	40,5,40,5
1526403361.691155968	343	40	60	0	1	1	2	-87	100456	2	1	1596	1478	40,5,40,5
1526403361.702906913	343	40	60	0	1	1	2	-87	100457	2	1	1596	1478	40,5,40,5
1526403361.714682657	343	40	60	0	1	1	2	-86	100458	2	1	1596	1478	40,5,40,5
1526403361.726338388	249	40	60	0	1	1	2	-87	100459	1	4	1596	1478	58,5,58,5
1526403361.738096283	249	40	60	0	1	1	2	-86	100460	1	4	1596	1478	58,5,58,5
1526403361.749583832	249	40	60	0	1	1	2	-87	100462	1	4	1596	1478	58,5,58,5
1526403361.761560261	249	40	60	0	1	1	2	-86	100463	1	4	1596	1478	58,5,58,5
1526403361.773364212	249	40	60	0	1	1	2	-86	100464	1	4	1596	1478	58,5,58,5
1526403361.785586738	249	40	60	0	1	1	2	-86	100466	1	4	1596	1478	58,5,58,5
1526403361.796909803	249	40	60	0	1	1	2	-87	100467	1	4	1596	1478	58,5,58,5
1526403361.809598918	249	40	60	0	1	1	2	-86	100469	1	4	1596	1478	58,5,58,5
1526403361.820412218	249	40	60	0	1	1	2	-86	100470	1	4	1596	1478	58,5,58,5
1526403361.832719996	249	40	60	0	1	1	2	-85	100471	1	4	1596	1478	58,5,58,5
1526403361.845051555	249	40	60	0	1	1	2	-86	100474	1	4	1596	1478	58,5,58,5
1526403361.857662269	249	40	60	0	1	1	2	-87	100477	1	4	1596	1478	58,5,58,5
1526403361.868088447	249	40	60	0	1	1	2	-86	100479	1	4	1596	1478	58,5,58,5
1526403361.879213933	249	40	60	0	1	1	2	-87	100480	1	4	1596	1478	58,5,58,5
1526403361.891939787	249	40	60	0	1	1	2	-86	100482	1	4	1596	1478	58,5,58,5
1526403361.903240663	249	40	60	0	1	1	2	-86	100483	1	4	1596	1478	58,5,58,5
1526403361.921940054	249	40	60	0	1	1	2	-86	100489	1	4	1596	1478	58,5,58,5
1526403361.926811980	249	40	60	0	1	1	2	-87	100491	1	4	1596	1478	58,5,58,5
1526403361.939205572	249	40	60	0	1	1	2	-86	100494	1	4	1596	1478	58,5,58,5
1526403361.950346766	249	40	60	0	1	1	2	-86	100496	1	4	1596	1478	58,5,58,5
1526403361.961994229	249	40	60	0	1	1	2	-86	100498	1	4	1596	1478	58,5,58,5
1526403361.974858702	249	40	60	0	1	1	2	-86	100502	1	4	1596	1478	58,5,58,5
1526403361.987752761	249	40	60	0	1	1	2	-86	100506	1	4	1596	1478	58,5,58,5
1526403361.998286647	249	40	60	0	1	1	2	-87	100509	1	4	1596	1478	58,5,58,5
1526403362.010897811	459	40	84	0	1	1	2	-86	100512	0	4	1596	1478	29,25,29,25
1526403362.021092203	343	40	60	0	1	1	2	-87	100514	2	1	1596	1478	40,5,40,5
1526403362.032219968	343	40	60	0	1	1	2	-87	100515	2	1	1596	1478	40,5,40,5
1526403362.044082186	343	40	60	0	1	1	2	-86	100516	2	1	1596	1478	40,5,40,5
1526403362.055836944	343	40	60	0	1	1	2	-86	100517	2	1	1596	1478	40,5,40,5
1526403362.068189930	343	40	60	0	1	1	2	-87	100518	2	1	1596	1478	40,5,40,5
1526403362.079352242	343	40	60	0	1	1	2	-86	100519	2	1	1596	1478	40,5,40,5
1526403362.091162153	343	40	60	0	1	1	2	-87	100520	2	1	1596	1478	40,5,40,5
1526403362.102858279	343	40	60	0	1	1	2	-86	100521	2	1	1596	1478	40,5,40,5
1526403362.115657483	343	40	60	0	1	1	2	-87	100523	2	1	1596	1478	40,5,40,5
1526403362.126386387	343	40	60	0	1	1	2	-87	100524	2	1	1596	1478	40,5,40,5
1526403362.137991445	343	40	60	0	1	1	2	-87	100525	2	1	1596	1478	40,5,40,5
1526403362.149716904	343	40	60	0	1	1	2	-87	100526	2	1	1596	1478	40,5,40,5
1526403362.161673282	343	40	60	0	1	1	2	-86	100527	2	1	1596	1478	40,5,40,5
1526403362.173466094	343	40	60	0	1	1	2	-87	100528	2	1	1596	1478	40,5,40,5
1526403362.185180348	343	40	60	0	1	1	2	-87	100529	2	1	1596	1478	40,5,40,5
1526403362.196957814	343	40	60	0	1	1	2	-87	100530	2	1	1596	1478	40,5,40,5
1526403362.208710017	343	40	60	0	1	1	2	-87	100531	2	1	1596	1478	40,5,40,5
1526403362.220468926	343	40	60	0	1	1	2	-86	100532	2	1	1596	1478	40,5,40,5
1526403362.233314493	343	40	60	0	1	1	2	-87	100534	2	1	1596	1478	40,5,40,5
1526403362.243991185	343	40	60	0	1	1	2	-86	100535	2	1	1596	1478	40,5,40,5
1526403362.255746376	343	40	60	0	1	1	2	-86	100536	2	1	1596	1478	40,5,40,5
1526403362.267486965	343	40	60	0	1	1	2	-86	100537	2	1	1596	1478	40,5,40,5
1526403362.279310244	343	40	60	0	1	1	2	-87	100538	2	1	1596	1478	40,5,40,5
1526403362.291294779	343	40	60	0	1	1	2	-87	100539	2	1	1596	1478	40,5,40,5
1526403362.302726560	343	40	60	0	1	1	2	-87	100540	2	1	1596	1478	40,5,40,5
1526403362.314559936	343	40	60	0	1	1	2	-87	100541	2	1	1596	1478	40,5,40,5
1526403362.326307121	343	40	60	0	1	1	2	-87	100542	2	1	1596	1478	40,5,40,5
1526403362.338071761	343	40	60	0	1	1	2	-87	100543	2	1	1596	1478	40,5,40,5
1526403362.349743316	249	40	60	0	1	1	2	-87	100544	1	4	1596	1478	58,5,58,5
1526403362.362477933	249	40	60	0	1	1	2	-87	100546	1	4	1596	1478	58,5,58,5
1526403362.373425822	249	40	60	0	1	1	2	-87	100547	1	4	1596	1478	58,5,58,5
1526403362.386908181	249	40	60	0	1	1	2	-86	100550	1	4	1596	1478	58,5,58,5
1526403362.397242882	249	40	60	0	1	1	2	-86	100552	1	4	1596	1478	58,5,58,5
1526403362.415302560	249	40	60	0	1	1	2	-87	100557	1	4	1596	1478	58,5,58,5
1526403362.421786663	249	40	60	0	1	1	2	-87	100561	1	4	1596	1478	58,5,58,5
1526403362.431963495	249	40	60	0	1	1	2	-88	100562	1	4	1596	1478	58,5,58,5
1526403362.444179340	249	40	60	0	1	1	2	-87	100563	1	4	1596	1478	58,5,58,5
1526403362.455978331	249	40	60	0	1	1	2	-87	100565	1	4	1596	1478	58,5,58,5
1526403362.467245935	249	40	60	0	1	1	2	-87	100566	1	4	1596	1478	58,5,58,5
1526403362.479637986	249	40	60	0	1	1	2	-87	100567	1	4	1596	1478	58,5,58,5
1526403362.492277364	249	40	60	0	1	1	2	-87	100570	1	4	1596	1478	58,5,58,5
1526403362.506449861	249	40	60	0	1	1	2	-87	100575	1	4	1596	1478	58,5,58,5
1526403362.514265132	249	40	60	0	1	1	2	-88	100576	1	4	1596	1478	58,5,58,5
1526403362.528519817	459	40	84	0	1	1	2	-87	100579	0	4	1596	1478	29,25,29,25
1526403362.537855553	343	40	60	0	1	1	2	-88	100580	2	1	1596	1478	40,5,40,5
1526403362.550203533	343	40	60	0	1	1	2	-87	100582	2	1	1596	1478	40,5,40,5
1526403362.561385862	343	40	60	0	1	1	2	-87	100583	2	1	1596	1478	40,5,40,5
1526403362.573141341	343	40	60	0	1	1	2	-88	100584	2	1	1596	1478	40,5,40,5
1526403362.585475292	343	40	60	0	1	1	2	-86	100585	2	1	1596	1478	40,5,40,5
1526403362.596634777	343	40	60	0	1	1	2	-87	100586	2	1	1596	1478	40,5,40,5
1526403362.608820600	343	40	60	0	1	1	2	-87	100587	2	1	1596	1478	40,5,40,5
1526403362.620171005	343	40	60	0	1	1	2	-87	100588	2	1	1596	1478	40,5,40,5
1526403362.632994296	343	40	60	0	1	1	2	-88	100590	2	1	1596	1478	40,5,40,5
1526403362.643630308	343	40	60	0	1	1	2	-87	100591	2	1	1596	1478	40,5,40,5
1526403362.655407869	343	40	60	0	1	1	2	-87	100592	2	1	1596	1478	40,5,40,5
1526403362.667023994	343	40	60	0	1	1	2	-87	100593	2	1	1596	1478	40,5,40,5
1526403362.679084092	343	40	60	0	1	1	2	-88	100594	2	1	1596	1478	40,5,40,5
1526403362.690874069	343	40	60	0	1	1	2	-87	100595	2	1	1596	1478	40,5,40,5
1526403362.702613133	343	40	60	0	1	1	2	-87	100596	2	1	1596	1478	40,5,40,5
1526403362.714374197	343	40	60	0	1	1	2	-88	100597	2	1	1596	1478	40,5,40,5
1526403362.726134838	343	40	60	0	1	1	2	-88	100598	2	1	1596	1478	40,5,40,5
1526403362.737915983	343	40	60	0	1	1	2	-86	100599	2	1	1596	1478	40,5,40,5
1526403362.750121598	249	40	60	0	1	1	2	-86	100600	1	4	1596	1478	58,5,58,5
1526403362.761341449	249	40	60	0	1	1	2	-86	100601	1	4	1596	1478	58,5,58,5
1526403362.773624266	249	40	60	0	1	1	2	-87	100603	1	4	1596	1478	58,5,58,5
1526403362.784874916	249	40	60	0	1	1	2	-87	100604	1	4	1596	1478	58,5,58,5
1526403362.797070769	249	40	60	0	1	1	2	-87	100606	1	4	1596	1478	58,5,58,5
1526403362.816359251	459	40	84	0	1	1	2	-87	100612	0	4	1596	1478	29,25,29,25
1526403362.820097007	343	40	60	0	1	1	2	-87	100613	2	1	1596	1478	40,5,40,5
1526403362.831985618	343	40	60	0	1	1	2	-87	100614	2	1	1596	1478	40,5,40,5
1526403362.844089775	343	40	60	0	1	1	2	-87	100615	2	1	1596	1478	40,5,40,5
1526403362.855536260	343	40	60	0	1	1	2	-87	100616	2	1	1596	1478	40,5,40,5
1526403362.867279111	343	40	60	0	1	1	2	-88	100617	2	1	1596	1478	40,5,40,5
1526403362.879029811	343	40	60	0	1	1	2	-87	100618	2	1	1596	1478	40,5,40,5
1526403362.890818014	343	40	60	0	1	1	2	-87	100619	2	1	1596	1478	40,5,40,5
1526403362.903106525	343	40	60	0	1	1	2	-87	100621	2	1	1596	1478	40,5,40,5
1526403362.916141536	343	40	60	0	1	1	2	-88	100624	2	1	1596	1478	40,5,40,5
1526403362.926070580	343	40	60	0	1	1	2	-86	100625	2	1	1596	1478	40,5,40,5
1526403362.937824142	343	40	60	0	1	1	2	-87	100626	2	1	1596	1478	40,5,40,5
1526403362.949598252	343	40	60	0	1	1	2	-87	100627	2	1	1596	1478	40,5,40,5
1526403362.961335368	343	40	60	0	1	1	2	-87	100628	2	1	1596	1478	40,5,40,5
1526403362.972957972	343	40	60	0	1	1	2	-87	100629	2	1	1596	1478	40,5,40,5
1526403362.984874071	343	40	60	0	1	1	2	-88	100630	2	1	1596	1478	40,5,40,5
1526403362.996673965	343	40	60	0	1	1	2	-87	100631	2	1	1596	1478	40,5,40,5
1526403363.008408331	343	40	60	0	1	1	2	-87	100632	2	1	1596	1478	40,5,40,5
1526403363.020143147	343	40	60	0	1	1	2	-86	100634	2	1	1596	1478	40,5,40,5
1526403363.032751068	343	40	60	0	1	1	2	-87	100635	2	1	1596	1478	40,5,40,5
1526403363.043726818	343	40	60	0	1	1	2	-87	100636	2	1	1596	1478	40,5,40,5
1526403363.055490593	343	40	60	0	1	1	2	-87	100637	2	1	1596	1478	40,5,40,5
1526403363.067272382	343	40	60	0	1	1	2	-88	100638	2	1	1596	1478	40,5,40,5
1526403363.079775348	343	40	60	0	1	1	2	-87	100639	2	1	1596	1478	40,5,40,5
1526403363.090759637	343	40	60	0	1	1	2	-87	100640	2	1	1596	1478	40,5,40,5
1526403363.102687309	343	40	60	0	1	1	2	-87	100641	2	1	1596	1478	40,5,40,5
1526403363.114283856	343	40	60	0	1	1	2	-86	100642	2	1	1596	1478	40,5,40,5
1526403363.125954230	343	40	60	0	1	1	2	-87	100644	2	1	1596	1478	40,5,40,5
1526403363.138282365	343	40	60	0	1	1	2	-87	100646	2	1	1596	1478	40,5,40,5
1526403363.149441158	343	40	60	0	1	1	2	-87	100647	2	1	1596	1478	40,5,40,5
1526403363.161324488	343	40	60	0	1	1	2	-87	100648	2	1	1596	1478	40,5,40,5
1526403363.173091053	343	40	60	0	1	1	2	-87	100649	2	1	1596	1478	40,5,40,5
1526403363.184833092	343	40	60	0	1	1	2	-87	100650	2	1	1596	1478	40,5,40,5
1526403363.196611164	343	40	60	0	1	1	2	-87	100651	2	1	1596	1478	40,5,40,5
1526403363.208353157	343	40	60	0	1	1	2	-87	100652	2	1	1596	1478	40,5,40,5
1526403363.220070711	343	40	60	0	1	1	2	-87	100653	2	1	1596	1478	40,5,40,5
1526403363.231797822	343	40	60	0	1	1	2	-87	100654	2	1	1596	1478	40,5,40,5
1526403363.244674737	343	40	60	0	1	1	2	-87	100656	2	1	1596	1478	40,5,40,5
1526403363.255424084	343	40	60	0	1	1	2	-87	100657	2	1	1596	1478	40,5,40,5
1526403363.266838172	343	40	60	0	1	1	2	-86	100658	2	1	1596	1478	40,5,40,5
1526403363.278643134	343	40	60	0	1	1	2	-87	100659	2	1	1596	1478	40,5,40,5
1526403363.290409984	343	40	60	0	1	1	2	-87	100660	2	1	1596	1478	40,5,40,5
1526403363.302828497	343	40	60	0	1	1	2	-87	100662	2	1	1596	1478	40,5,40,5
1526403363.314582281	343	40	60	0	1	1	2	-87	100663	2	1	1596	1478	40,5,40,5
1526403363.325837502	343	40	60	0	1	1	2	-87	100664	2	1	1596	1478	40,5,40,5
1526403363.337576882	343	40	60	0	1	1	2	-87	100665	2	1	1596	1478	40,5,40,5
1526403363.349346915	343	40	60	0	1	1	2	-87	100666	2	1	1596	1478	40,5,40,5
1526403363.362289216	343	40	60	0	1	1	2	-87	100668	2	1	1596	1478	40,5,40,5
1526403363.372840237	343	40	60	0	1	1	2	-87	100669	2	1	1596	1478	40,5,40,5
1526403363.384611644	343	40	60	0	1	1	2	-87	100670	2	1	1596	1478	40,5,40,5
1526403363.396637628	343	40	60	0	1	1	2	-87	100671	2	1	1596	1478	40,5,40,5
1526403363.408688309	343	40	60	0	1	1	2	-86	100672	2	1	1596	1478	40,5,40,5
1526403363.419873811	343	40	60	0	1	1	2	-87	100673	2	1	1596	1478	40,5,40,5
1526403363.431679216	343	40	60	0	1	1	2	-87	100674	2	1	1596	1478	40,5,40,5
1526403363.443531242	343	40	60	0	1	1	2	-87	100675	2	1	1596	1478	40,5,40,5
1526403363.456403907	343	40	60	0	1	1	2	-87	100676	2	1	1596	1478	40,5,40,5
1526403363.467035866	343	40	60	0	1	1	2	-88	100677	2	1	1596	1478	40,5,40,5
1526403363.478667166	343	40	60	0	1	1	2	-87	100678	2	1	1596	1478	40,5,40,5
1526403363.490552646	343	40	60	0	1	1	2	-87	100679	2	1	1596	1478	40,5,40,5
1526403363.502299760	343	40	60	0	1	1	2	-87	100680	2	1	1596	1478	40,5,40,5
1526403363.514682018	343	40	60	0	1	1	2	-88	100681	2	1	1596	1478	40,5,40,5
1526403363.525756485	343	40	60	0	1	1	2	-87	100682	2	1	1596	1478	40,5,40,5
1526403363.538018215	343	40	60	0	1	1	2	-87	100683	2	1	1596	1478	40,5,40,5
1526403363.549353079	343	40	60	0	1	1	2	-87	100684	2	1	1596	1478	40,5,40,5
1526403363.560994066	343	40	60	0	1	1	2	-87	100685	2	1	1596	1478	40,5,40,5
1526403363.573978897	343	40	60	0	1	1	2	-86	100686	2	1	1596	1478	40,5,40,5
1526403363.585455500	343	40	60	0	1	1	2	-87	100688	2	1	1596	1478	40,5,40,5
1526403363.596397767	343	40	60	0	1	1	2	-88	100689	2	1	1596	1478	40,5,40,5
1526403363.608188664	343	40	60	0	1	1	2	-88	100690	2	1	1596	1478	40,5,40,5
1526403363.619908278	343	40	60	0	1	1	2	-88	100691	2	1	1596	1478	40,5,40,5
1526403363.632395360	343	40	60	0	1	1	2	-87	100692	2	1	1596	1478	40,5,40,5
1526403363.643450584	343	40	60	0	1	1	2	-87	100693	2	1	1596	1478	40,5,40,5
1526403363.655263859	343	40	60	0	1	1	2	-87	100694	2	1	1596	1478	40,5,40,5
1526403363.666892150	343	40	60	0	1	1	2	-87	100695	2	1	1596	1478	40,5,40,5
1526403363.678584185	343	40	60	0	1	1	2	-87	100696	2	1	1596	1478	40,5,40,5
1526403363.691020029	343	40	60	0	1	1	2	-87	100698	2	1	1596	1478	40,5,40,5
1526403363.702219537	343	40	60	0	1	1	2	-87	100699	2	1	1596	1478	40,5,40,5
1526403363.714014966	343	40	60	0	1	1	2	-87	100700	2	1	1596	1478	40,5,40,5
1526403363.725751998	343	40	60	0	1	1	2	-87	100701	2	1	1596	1478	40,5,40,5
1526403363.738020575	343	40	60	0	1	1	2	-87	100702	2	1	1596	1478	40,5,40,5
1526403363.749173998	343	40	60	0	1	1	2	-87	100703	2	1	1596	1478	40,5,40,5
1526403363.761029395	343	40	60	0	1	1	2	-87	100704	2	1	1596	1478	40,5,40,5
1526403363.772790707	343	40	60	0	1	1	2	-87	100705	2	1	1596	1478	40,5,40,5
1526403363.784561067	343	40	60	0	1	1	2	-87	100706	2	1	1596	1478	40,5,40,5
1526403363.796857634	343	40	60	0	1	1	2	-86	100708	2	1	1596	1478	40,5,40,5
1526403363.808105882	343	40	60	0	1	1	2	-87	100709	2	1	1596	1478	40,5,40,5
1526403363.819736991	343	40	60	0	1	1	2	-87	100710	2	1	1596	1478	40,5,40,5
1526403363.831610443	343	40	60	0	1	1	2	-88	100711	2	1	1596	1478	40,5,40,5
1526403363.843350742	343	40	60	0	1	1	2	-87	100712	2	1	1596	1478	40,5,40,5
1526403363.855143714	343	40	60	0	1	1	2	-87	100713	2	1	1596	1478	40,5,40,5
1526403363.867363472	343	40	60	0	1	1	2	-87	100714	2	1	1596	1478	40,5,40,5
1526403363.878508567	343	40	60	0	1	1	2	-87	100715	2	1	1596	1478	40,5,40,5
1526403363.890394047	343	40	60	0	1	1	2	-88	100716	2	1	1596	1478	40,5,40,5
1526403363.902035985	249	40	60	0	1	1	2	-87	100717	1	4	1596	1478	58,5,58,5
1526403363.914305138	249	40	60	0	1	1	2	-87	100719	1	4	1596	1478	58,5,58,5
1526403363.925516130	249	40	60	0	1	1	2	-87	100720	1	4	1596	1478	58,5,58,5
1526403363.940044061	249	40	60	0	1	1	2	-86	100723	1	4	1596	1478	58,5,58,5
1526403363.949200673	249	40	60	0	1	1	2	-87	100724	1	4	1596	1478	58,5,58,5
1526403363.969588554	249	40	60	0	1	1	2	-87	100729	1	4	1596	1478	58,5,58,5
1526403363.973691230	249	40	60	0	1	1	2	-87	100730	1	4	1596	1478	58,5,58,5
1526403363.987864123	459	40	84	0	1	1	2	-86	100734	0	4	1596	1478	29,25,29,25
1526403363.996772844	343	40	60	0	1	1	2	-87	100736	2	1	1596	1478	40,5,40,5
1526403364.008783418	343	40	60	0	1	1	2	-87	100737	2	1	1596	1478	40,5,40,5
1526403364.019769362	343	40	60	0	1	1	2	-87	100738	2	1	1596	1478	40,5,40,5
1526403364.031439202	343	40	60	0	1	1	2	-88	100739	2	1	1596	1478	40,5,40,5
1526403364.043280095	343	40	60	0	1	1	2	-87	100740	2	1	1596	1478	40,5,40,5
1526403364.055054324	343	40	60	0	1	1	2	-87	100741	2	1	1596	1478	40,5,40,5
1526403364.067256966	343	40	60	0	1	1	2	-87	100742	2	1	1596	1478	40,5,40,5
1526403364.078547699	343	40	60	0	1	1	2	-87	100743	2	1	1596	1478	40,5,40,5
1526403364.090782936	343	40	60	0	1	1	2	-88	100745	2	1	1596	1478	40,5,40,5
1526403364.102617495	343	40	60	0	1	1	2	-87	100747	2	1	1596	1478	40,5,40,5
1526403364.113845627	343	40	60	0	1	1	2	-87	100748	2	1	1596	1478	40,5,40,5
1526403364.125604680	343	40	60	0	1	1	2	-87	100749	2	1	1596	1478	40,5,40,5
1526403364.137365960	343	40	60	0	1	1	2	-87	100750	2	1	1596	1478	40,5,40,5
1526403364.149101908	343	40	60	0	1	1	2	-87	100751	2	1	1596	1478	40,5,40,5
1526403364.160775954	343	40	60	0	1	1	2	-87	100752	2	1	1596	1478	40,5,40,5
1526403364.173061954	343	40	60	0	1	1	2	-87	100753	2	1	1596	1478	40,5,40,5
1526403364.184401651	343	40	60	0	1	1	2	-87	100754	2	1	1596	1478	40,5,40,5
1526403364.196132635	343	40	60	0	1	1	2	-87	100755	2	1	1596	1478	40,5,40,5
1526403364.208467286	343	40	60	0	1	1	2	-87	100757	2	1	1596	1478	40,5,40,5
1526403364.219699553	343	40	60	0	1	1	2	-87	100758	2	1	1596	1478	40,5,40,5
1526403364.231304266	343	40	60	0	1	1	2	-86	100759	2	1	1596	1478	40,5,40,5
1526403364.243065539	343	40	60	0	1	1	2	-88	100760	2	1	1596	1478	40,5,40,5
1526403364.254846122	343	40	60	0	1	1	2	-87	100761	2	1	1596	1478	40,5,40,5
1526403364.266713885	343	40	60	0	1	1	2	-86	100762	2	1	1596	1478	40,5,40,5
1526403364.278879273	343	40	60	0	1	1	2	-88	100763	2	1	1596	1478	40,5,40,5
1526403364.290244785	343	40	60	0	1	1	2	-86	100764	2	1	1596	1478	40,5,40,5
1526403364.301992866	343	40	60	0	1	1	2	-87	100765	2	1	1596	1478	40,5,40,5
1526403364.314304872	343	40	60	0	1	1	2	-87	100767	2	1	1596	1478	40,5,40,5
1526403364.325527624	343	40	60	0	1	1	2	-87	100768	2	1	1596	1478	40,5,40,5
1526403364.337819980	343	40	60	0	1	1	2	-87	100769	2	1	1596	1478	40,5,40,5
1526403364.349308315	343	40	60	0	1	1	2	-87	100770	2	1	1596	1478	40,5,40,5
1526403364.360711945	343	40	60	0	1	1	2	-87	100771	2	1	1596	1478	40,5,40,5
1526403364.372444125	343	40	60	0	1	1	2	-87	100772	2	1	1596	1478	40,5,40,5
1526403364.384235365	343	40	60	0	1	1	2	-88	100773	2	1	1596	1478	40,5,40,5
1526403364.396518115	343	40	60	0	1	1	2	-87	100775	2	1	1596	1478	40,5,40,5
1526403364.407708839	343	40	60	0	1	1	2	-88	100776	2	1	1596	1478	40,5,40,5
1526403364.421132249	343	40	60	0	1	1	2	-87	100777	2	1	1596	1478	40,5,40,5
1526403364.431349103	343	40	60	0	1	1	2	-87	100778	2	1	1596	1478	40,5,40,5
1526403364.443101515	343	40	60	0	1	1	2	-88	100779	2	1	1596	1478	40,5,40,5
1526403364.454877766	343	40	60	0	1	1	2	-86	100780	2	1	1596	1478	40,5,40,5
1526403364.466662950	343	40	60	0	1	1	2	-87	100781	2	1	1596	1478	40,5,40,5
1526403364.478382588	343	40	60	0	1	1	2	-87	100782	2	1	1596	1478	40,5,40,5
1526403364.490175433	343	40	60	0	1	1	2	-88	100783	2	1	1596	1478	40,5,40,5
1526403364.502873081	343	40	60	0	1	1	2	-87	100784	2	1	1596	1478	40,5,40,5
1526403364.513676008	343	40	60	0	1	1	2	-87	100785	2	1	1596	1478	40,5,40,5
1526403364.525312466	249	40	60	0	1	1	2	-87	100786	1	4	1596	1478	58,5,58,5
1526403364.537100358	249	40	60	0	1	1	2	-86	100787	1	4	1596	1478	58,5,58,5
1526403364.548792456	249	40	60	0	1	1	2	-87	100788	1	4	1596	1478	58,5,58,5
1526403364.560610515	249	40	60	0	1	1	2	-86	100789	1	4	1596	1478	58,5,58,5
1526403364.574013661	249	40	60	0	1	1	2	-87	100792	1	4	1596	1478	58,5,58,5
1526403364.584139203	249	40	60	0	1	1	2	-87	100793	1	4	1596	1478	58,5,58,5
1526403364.596218366	249	40	60	0	1	1	2	-86	100794	1	4	1596	1478	58,5,58,5
1526403364.608235674	249	40	60	0	1	1	2	-87	100796	1	4	1596	1478	58,5,58,5
1526403364.620320712	249	40	60	0	1	1	2	-86	100798	1	4	1596	1478	58,5,58,5
1526403364.631196238	249	40	60	0	1	1	2	-86	100799	1	4	1596	1478	58,5,58,5
1526403364.643952020	249	40	60	0	1	1	2	-87	100801	1	4	1596	1478	58,5,58,5
1526403364.654707195	249	40	60	0	1	1	2	-87	100802	1	4	1596	1478	58,5,58,5
1526403364.666901570	249	40	60	0	1	1	2	-87	100803	1	4	1596	1478	58,5,58,5
1526403364.678243633	249	40	60	0	1	1	2	-86	100804	1	4	1596	1478	58,5,58,5
1526403364.698226103	459	40	84	0	1	1	2	-88	100810	0	4	1596	1478	29,25,29,25
1526403364.701812011	343	40	60	0	1	1	2	-87	100811	2	1	1596	1478	40,5,40,5
1526403364.713576094	343	40	60	0	1	1	2	-88	100812	2	1	1596	1478	40,5,40,5
1526403364.725899452	343	40	60	0	1	1	2	-88	100813	2	1	1596	1478	40,5,40,5
1526403364.737058960	343	40	60	0	1	1	2	-88	100814	2	1	1596	1478	40,5,40,5
1526403364.748773377	343	40	60	0	1	1	2	-88	100815	2	1	1596	1478	40,5,40,5
1526403364.760624609	343	40	60	0	1	1	2	-87	100816	2	1	1596	1478	40,5,40,5
1526403364.773666177	343	40	60	0	1	1	2	-87	100817	2	1	1596	1478	40,5,40,5
1526403364.784139745	343	40	60	0	1	1	2	-87	100818	2	1	1596	1478	40,5,40,5
1526403364.795878723	343	40	60	0	1	1	2	-87	100819	2	1	1596	1478	40,5,40,5
1526403364.808200083	343	40	60	0	1	1	2	-87	100820	2	1	1596	1478	40,5,40,5
1526403364.819452273	343	40	60	0	1	1	2	-87	100821	2	1	1596	1478	40,5,40,5
1526403364.831233154	343	40	60	0	1	1	2	-87	100822	2	1	1596	1478	40,5,40,5
1526403364.842957277	343	40	60	0	1	1	2	-87	100823	2	1	1596	1478	40,5,40,5
1526403364.854714926	343	40	60	0	1	1	2	-87	100824	2	1	1596	1478	40,5,40,5
1526403364.866465811	343	40	60	0	1	1	2	-87	100825	2	1	1596	1478	40,5,40,5
1526403364.878226428	343	40	60	0	1	1	2	-87	100826	2	1	1596	1478	40,5,40,5
1526403364.890544283	343	40	60	0	1	1	2	-88	100827	2	1	1596	1478	40,5,40,5
1526403364.901754433	343	40	60	0	1	1	2	-86	100828	2	1	1596	1478	40,5,40,5
1526403364.914048378	343	40	60	0	1	1	2	-88	100830	2	1	1596	1478	40,5,40,5
1526403364.925170436	343	40	60	0	1	1	2	-87	100831	2	1	1596	1478	40,5,40,5
1526403364.937061648	343	40	60	0	1	1	2	-87	100832	2	1	1596	1478	40,5,40,5
1526403364.948733488	343	40	60	0	1	1	2	-87	100833	2	1	1596	1478	40,5,40,5
1526403364.960546889	343	40	60	0	1	1	2	-88	100834	2	1	1596	1478	40,5,40,5
1526403364.972320373	343	40	60	0	1	1	2	-87	100835	2	1	1596	1478	40,5,40,5
1526403364.984081919	343	40	60	0	1	1	2	-87	100836	2	1	1596	1478	40,5,40,5
1526403364.995843534	343	40	60	0	1	1	2	-86	100837	2	1	1596	1478	40,5,40,5
1526403365.007580026	343	40	60	0	1	1	2	-88	100838	2	1	1596	1478	40,5,40,5
1526403365.019899139	343	40	60	0	1	1	2	-88	100840	2	1	1596	1478	40,5,40,5
1526403365.031026801	343	40	60	0	1	1	2	-87	100841	2	1	1596	1478	40,5,40,5
1526403365.042910353	343	40	60	0	1	1	2	-86	100842	2	1	1596	1478	40,5,40,5
1526403365.055214594	343	40	60	0	1	1	2	-87	100843	2	1	1596	1478	40,5,40,5
1526403365.067530513	343	40	60	0	1	1	2	-87	100844	2	1	1596	1478	40,5,40,5
1526403365.078152446	343	40	60	0	1	1	2	-87	100845	2	1	1596	1478	40,5,40,5
1526403365.089907298	343	40	60	0	1	1	2	-87	100846	2	1	1596	1478	40,5,40,5
1526403365.101599235	343	40	60	0	1	1	2	-87	100847	2	1	1596	1478	40,5,40,5
1526403365.113434477	343	40	60	0	1	1	2	-87	100848	2	1	1596	1478	40,5,40,5
1526403365.125731061	343	40	60	0	1	1	2	-87	100850	2	1	1596	1478	40,5,40,5
1526403365.136947497	343	40	60	0	1	1	2	-87	100851	2	1	1596	1478	40,5,40,5
1526403365.148650273	343	40	60	0	1	1	2	-87	100852	2	1	1596	1478	40,5,40,5
1526403365.160381111	343	40	60	0	1	1	2	-88	100853	2	1	1596	1478	40,5,40,5
1526403365.172254214	343	40	60	0	1	1	2	-87	100854	2	1	1596	1478	40,5,40,5
1526403365.184452580	343	40	60	0	1	1	2	-86	100855	2	1	1596	1478	40,5,40,5
1526403365.195669464	343	40	60	0	1	1	2	-86	100856	2	1	1596	1478	40,5,40,5
1526403365.207979972	343	40	60	0	1	1	2	-87	100858	2	1	1596	1478	40,5,40,5
1526403365.219183027	343	40	60	0	1	1	2	-86	100859	2	1	1596	1478	40,5,40,5
1526403365.231399710	249	40	60	0	1	1	2	-87	100860	1	4	1596	1478	58,5,58,5
1526403365.242625084	249	40	60	0	1	1	2	-87	100861	1	4	1596	1478	58,5,58,5
1526403365.254387213	249	40	60	0	1	1	2	-87	100862	1	4	1596	1478	58,5,58,5
1526403365.266346594	249	40	60	0	1	1	2	-88	100863	1	4	1596	1478	58,5,58,5
1526403365.278982603	249	40	60	0	1	1	2	-87	100866	1	4	1596	1478	58,5,58,5
1526403365.289751421	249	40	60	0	1	1	2	-87	100867	1	4	1596	1478	58,5,58,5
1526403365.301908560	249	40	60	0	1	1	2	-87	100868	1	4	1596	1478	58,5,58,5
1526403365.313820875	249	40	60	0	1	1	2	-86	100870	1	4	1596	1478	58,5,58,5
1526403365.325471668	249	40	60	0	1	1	2	-87	100871	1	4	1596	1478	58,5,58,5
1526403365.336785920	249	40	60	0	1	1	2	-87	100872	1	4	1596	1478	58,5,58,5
1526403365.348482401	249	40	60	0	1	1	2	-86	100873	1	4	1596	1478	58,5,58,5
1526403365.360723239	249	40	60	0	1	1	2	-87	100875	1	4	1596	1478	58,5,58,5
1526403365.374193214	249	40	60	0	1	1	2	-86	100878	1	4	1596	1478	58,5,58,5
1526403365.383683959	249	40	60	0	1	1	2	-87	100879	1	4	1596	1478	58,5,58,5
1526403365.395462791	249	40	60	0	1	1	2	-87	100880	1	4	1596	1478	58,5,58,5
1526403365.407218308	249	40	60	0	1	1	2	-87	100881	1	4	1596	1478	58,5,58,5
1526403365.419511452	249	40	60	0	1	1	2	-86	100883	1	4	1596	1478	58,5,58,5
1526403365.431304056	249	40	60	0	1	1	2	-86	100885	1	4	1596	1478	58,5,58,5
1526403365.442488068	249	40	60	0	1	1	2	-86	100886	1	4	1596	1478	58,5,58,5
1526403365.454225326	249	40	60	0	1	1	2	-87	100887	1	4	1596	1478	58,5,58,5
1526403365.466007951	249	40	60	0	1	1	2	-87	100888	1	4	1596	1478	58,5,58,5
1526403365.478302776	249	40	60	0	1	1	2	-86	100890	1	4	1596	1478	58,5,58,5
1526403365.489999555	249	40	60	0	1	1	2	-87	100891	1	4	1596	1478	58,5,58,5
1526403365.502952698	249	40	60	0	1	1	2	-87	100895	1	4	1596	1478	58,5,58,5
1526403365.513185172	249	40	60	0	1	1	2	-86	100896	1	4	1596	1478	58,5,58,5
1526403365.524800825	249	40	60	0	1	1	2	-87	100897	1	4	1596	1478	58,5,58,5
1526403365.537044762	249	40	60	0	1	1	2	-86	100899	1	4	1596	1478	58,5,58,5
1526403365.548369024	249	40	60	0	1	1	2	-86	100900	1	4	1596	1478	58,5,58,5
1526403365.559976855	249	40	60	0	1	1	2	-86	100901	1	4	1596	1478	58,5,58,5
1526403365.571857817	249	40	60	0	1	1	2	-87	100902	1	4	1596	1478	58,5,58,5
1526403365.584060543	249	40	60	0	1	1	2	-86	100903	1	4	1596	1478	58,5,58,5
1526403365.595385252	249	40	60	0	1	1	2	-87	100904	1	4	1596	1478	58,5,58,5
1526403365.607013428	249	40	60	0	1	1	2	-86	100905	1	4	1596	1478	58,5,58,5
1526403365.618894749	249	40	60	0	1	1	2	-86	100906	1	4	1596	1478	58,5,58,5
1526403365.630733746	249	40	60	0	1	1	2	-87	100907	1	4	1596	1478	58,5,58,5
1526403365.642564206	249	40	60	0	1	1	2	-87	100908	1	4	1596	1478	58,5,58,5
1526403365.654784152	249	40	60	0	1	1	2	-87	100909	1	4	1596	1478	58,5,58,5
1526403365.665994330	249	40	60	0	1	1	2	-87	100910	1	4	1596	1478	58,5,58,5
1526403365.677851066	249	40	60	0	1	1	2	-86	100911	1	4	1596	1478	58,5,58,5
1526403365.689631210	249	40	60	0	1	1	2	-87	100912	1	4	1596	1478	58,5,58,5
1526403365.701221204	249	40	60	0	1	1	2	-87	100913	1	4	1596	1478	58,5,58,5
1526403365.713660781	249	40	60	0	1	1	2	-87	100915	1	4	1596	1478	58,5,58,5
1526403365.724847712	249	40	60	0	1	1	2	-87	100916	1	4	1596	1478	58,5,58,5
1526403365.736913026	249	40	60	0	1	1	2	-87	100918	1	4	1596	1478	58,5,58,5
1526403365.749340946	249	40	60	0	1	1	2	-86	100920	1	4	1596	1478	58,5,58,5
1526403365.760157350	249	40	60	0	1	1	2	-87	100921	1	4	1596	1478	58,5,58,5
1526403365.772475050	249	40	60	0	1	1	2	-86	100923	1	4	1596	1478	58,5,58,5
1526403365.784101364	249	40	60	0	1	1	2	-86	100925	1	4	1596	1478	58,5,58,5
1526403365.795436329	249	40	60	0	1	1	2	-87	100926	1	4	1596	1478	58,5,58,5
1526403365.808673999	249	40	60	0	1	1	2	-86	100929	1	4	1596	1478	58,5,58,5
1526403365.820027763	249	40	60	0	1	1	2	-87	100932	1	4	1596	1478	58,5,58,5
1526403365.831194300	249	40	60	0	1	1	2	-86	100934	1	4	1596	1478	58,5,58,5
1526403365.843535877	249	40	60	0	1	1	2	-86	100937	1	4	1596	1478	58,5,58,5
1526403365.855008550	249	40	60	0	1	1	2	-87	100938	1	4	1596	1478	58,5,58,5
1526403365.867667996	249	40	60	0	1	1	2	-87	100942	1	4	1596	1478	58,5,58,5
1526403365.879357671	249	40	60	0	1	1	2	-85	100945	1	4	1596	1478	58,5,58,5
1526403365.889486158	249	40	60	0	1	1	2	-86	100946	1	4	1596	1478	58,5,58,5
1526403365.901265229	249	40	60	0	1	1	2	-85	100947	1	4	1596	1478	58,5,58,5
1526403365.913016820	249	40	60	0	1	1	2	-87	100948	1	4	1596	1478	58,5,58,5
1526403365.925831540	249	40	60	0	1	1	2	-87	100951	1	4	1596	1478	58,5,58,5
1526403365.937102894	249	40	60	0	1	1	2	-85	100953	1	4	1596	1478	58,5,58,5
1526403365.948315241	249	40	60	0	1	1	2	-86	100954	1	4	1596	1478	58,5,58,5
1526403365.959953933	249	40	60	0	1	1	2	-87	100955	1	4	1596	1478	58,5,58,5
1526403365.972297472	249	40	60	0	1	1	2	-86	100956	1	4	1596	1478	58,5,58,5
1526403365.983505145	249	40	60	0	1	1	2	-86	100957	1	4	1596	1478	58,5,58,5
1526403365.995917471	249	40	60	0	1	1	2	-87	100959	1	4	1596	1478	58,5,58,5
1526403366.007624370	249	40	60	0	1	1	2	-86	100961	1	4	1596	1478	58,5,58,5
1526403366.019292789	249	40	60	0	1	1	2	-86	100962	1	4	1596	1478	58,5,58,5
1526403366.030546640	249	40	60	0	1	1	2	-86	100963	1	4	1596	1478	58,5,58,5
1526403366.042851928	249	40	60	0	1	1	2	-87	100965	1	4	1596	1478	58,5,58,5
1526403366.054593323	249	40	60	0	1	1	2	-87	100967	1	4	1596	1478	58,5,58,5
1526403366.065923122	249	40	60	0	1	1	2	-86	100968	1	4	1596	1478	58,5,58,5
1526403366.077663271	249	40	60	0	1	1	2	-86	100969	1	4	1596	1478	58,5,58,5
1526403366.091540690	249	40	60	0	1	1	2	-86	100971	1	4	1596	1478	58,5,58,5
1526403366.102454617	249	40	60	0	1	1	2	-86	100974	1	4	1596	1478	58,5,58,5
1526403366.112925753	249	40	60	0	1	1	2	-87	100975	1	4	1596	1478	58,5,58,5
1526403366.124709606	249	40	60	0	1	1	2	-87	100976	1	4	1596	1478	58,5,58,5
1526403366.137444646	249	40	60	0	1	1	2	-86	100978	1	4	1596	1478	58,5,58,5
1526403366.148150756	249	40	60	0	1	1	2	-86	100979	1	4	1596	1478	58,5,58,5
1526403366.159987849	249	40	60	0	1	1	2	-86	100980	1	4	1596	1478	58,5,58,5
1526403366.172723808	249	40	60	0	1	1	2	-87	100982	1	4	1596	1478	58,5,58,5
1526403366.183418770	249	40	60	0	1	1	2	-87	100983	1	4	1596	1478	58,5,58,5
1526403366.195257953	249	40	60	0	1	1	2	-86	100984	1	4	1596	1478	58,5,58,5
1526403366.206953808	249	40	60	0	1	1	2	-87	100985	1	4	1596	1478	58,5,58,5
1526403366.219211191	249	40	60	0	1	1	2	-86	100987	1	4	1596	1478	58,5,58,5
1526403366.230427684	249	40	60	0	1	1	2	-86	100988	1	4	1596	1478	58,5,58,5
1526403366.249644271	249	40	60	0	1	1	2	-86	100994	1	4	1596	1478	58,5,58,5
1526403366.254474626	249	40	60	0	1	1	2	-86	100995	1	4	1596	1478	58,5,58,5
1526403366.265855562	249	40	60	0	1	1	2	-86	100996	1	4	1596	1478	58,5,58,5
1526403366.277582929	249	40	60	0	1	1	2	-87	100997	1	4	1596	1478	58,5,58,5
1526403366.289327484	249	40	60	0	1	1	2	-86	100998	1	4	1596	1478	58,5,58,5
1526403366.301660075	249	40	60	0	1	1	2	-86	101000	1	4	1596	1478	58,5,58,5
1526403366.312869427	249	40	60	0	1	1	2	-87	101001	1	4	1596	1478	58,5,58,5
1526403366.326609133	249	40	60	0	1	1	2	-87	101006	1	4	1596	1478	58,5,58,5
1526403366.336274183	249	40	60	0	1	1	2	-86	101007	1	4	1596	1478	58,5,58,5
1526403366.348488296	249	40	60	0	1	1	2	-86	101008	1	4	1596	1478	58,5,58,5
1526403366.359658354	249	40	60	0	1	1	2	-86	101009	1	4	1596	1478	58,5,58,5
1526403366.371810844	249	40	60	0	1	1	2	-86	101010	1	4	1596	1478	58,5,58,5
1526403366.383714696	249	40	60	0	1	1	2	-87	101011	1	4	1596	1478	58,5,58,5
1526403366.395630408	249	40	60	0	1	1	2	-86	101013	1	4	1596	1478	58,5,58,5
1526403366.410070272	249	40	60	0	1	1	2	-86	101020	1	4	1596	1478	58,5,58,5
1526403366.418568593	249	40	60	0	1	1	2	-86	101021	1	4	1596	1478	58,5,58,5
1526403366.430328485	249	40	60	0	1	1	2	-86	101022	1	4	1596	1478	58,5,58,5
1526403366.442083815	249	40	60	0	1	1	2	-86	101023	1	4	1596	1478	58,5,58,5
1526403366.453849409	249	40	60	0	1	1	2	-86	101024	1	4	1596	1478	58,5,58,5
1526403366.465622160	249	40	60	0	1	1	2	-86	101025	1	4	1596	1478	58,5,58,5
1526403366.477405541	249	40	60	0	1	1	2	-87	101026	1	4	1596	1478	58,5,58,5
1526403366.489646795	249	40	60	0	1	1	2	-86	101028	1	4	1596	1478	58,5,58,5
1526403366.501403427	249	40	60	0	1	1	2	-86	101029	1	4	1596	1478	58,5,58,5
1526403366.512687129	249	40	60	0	1	1	2	-86	101030	1	4	1596	1478	58,5,58,5
1526403366.524405507	249	40	60	0	1	1	2	-86	101031	1	4	1596	1478	58,5,58,5
1526403366.536462091	249	40	60	0	1	1	2	-87	101032	1	4	1596	1478	58,5,58,5
1526403366.548922875	249	40	60	0	1	1	2	-87	101034	1	4	1596	1478	58,5,58,5
1526403366.559682407	249	40	60	0	1	1	2	-86	101035	1	4	1596	1478	58,5,58,5
1526403366.571478918	249	40	60	0	1	1	2	-86	101036	1	4	1596	1478	58,5,58,5
1526403366.584220966	249	40	60	0	1	1	2	-86	101039	1	4	1596	1478	58,5,58,5
1526403366.595388735	249	40	60	0	1	1	2	-86	101040	1	4	1596	1478	58,5,58,5
1526403366.606745628	249	40	60	0	1	1	2	-86	101041	1	4	1596	1478	58,5,58,5
1526403366.618972168	249	40	60	0	1	1	2	-85	101043	1	4	1596	1478	58,5,58,5
1526403366.630261053	249	40	60	0	1	1	2	-87	101044	1	4	1596	1478	58,5,58,5
