1541513302.516823176	158	40	48	0	2	0	2	-40	4397	5	0	1596	1478	104,104
1541513302.526815370	158	40	48	0	2	0	2	-39	4398	5	0	1596	1478	104,104
1541513302.538545832	158	40	48	0	2	0	2	-40	4399	5	0	1596	1478	104,104
1541513302.550404761	158	40	48	0	2	0	2	-40	4400	5	0	1596	1478	104,104
1541513302.562360926	144	40	48	0	2	0	2	-40	4401	6	0	1596	1478	117,117
1541513302.573918341	144	40	48	0	2	0	2	-40	4402	6	0	1596	1478	117,117
1541513302.585932594	144	40	48	0	2	0	2	-40	4403	6	0	1596	1478	117,117
1541513302.597512209	144	40	48	0	2	0	2	-40	4404	6	0	1596	1478	117,117
1541513302.609427856	144	40	48	0	2	0	2	-40	4405	6	0	1596	1478	117,117
1541513302.621053894	124	40	48	1	2	0	2	-40	4406	7	0	1596	1478	144,444,144,444
1541513302.632936892	124	40	48	1	2	0	2	-40	4407	7	0	1596	1478	144,444,144,444
1541513302.644716517	124	40	48	1	2	0	2	-41	4408	7	0	1596	1478	144,444,144,444
1541513302.656416208	124	40	48	1	2	0	2	-40	4409	7	0	1596	1478	144,444,144,444
1541513302.668263273	124	40	48	1	2	0	2	-40	4410	7	0	1596	1478	144,444,144,444
1541513302.679923641	110	40	48	1	2	0	2	-44	4411	8	0	1596	1478	173,333,173,333
1541513302.691699967	110	40	48	1	2	0	2	-44	4412	8	0	1596	1478	173,333,173,333
1541513302.703491981	110	40	48	1	2	0	2	-43	4413	8	0	1596	1478	173,333,173,333
1541513302.715248761	110	40	48	1	2	0	2	-43	4414	8	0	1596	1478	173,333,173,333
1541513302.726826281	110	40	48	1	2	0	2	-43	4415	8	0	1596	1478	173,333,173,333
1541513302.738659081	110	40	48	1	2	0	2	-43	4416	8	0	1596	1478	173,333,173,333
1541513302.750455612	110	40	48	1	2	0	2	-44	4417	8	0	1596	1478	173,333,173,333
1541513302.762234378	110	40	48	1	2	0	2	-43	4418	8	0	1596	1478	173,333,173,333
1541513302.774021640	110	40	48	1	2	0	2	-44	4419	8	0	1596	1478	173,333,173,333
1541513302.785801256	110	40	48	1	2	0	2	-43	4420	8	0	1596	1478	173,333,173,333
1541513302.797562193	110	40	48	1	2	0	2	-44	4421	8	0	1596	1478	173,333,173,333
1541513302.809312321	110	40	48	1	2	0	2	-43	4422	8	0	1596	1478	173,333,173,333
1541513302.821098017	110	40	48	1	2	0	2	-44	4423	8	0	1596	1478	173,333,173,333
1541513302.832778693	110	40	48	1	2	0	2	-44	4424	8	0	1596	1478	173,333,173,333
1541513302.844568094	110	40	48	1	2	0	2	-44	4425	8	0	1596	1478	173,333,173,333
1541513302.857165460	110	40	48	1	2	0	2	-44	4426	8	0	1596	1478	173,333,173,333
1541513302.868104175	110	40	48	1	2	0	2	-44	4427	8	0	1596	1478	173,333,173,333
1541513302.879879572	110	40	48	1	2	0	2	-44	4428	8	0	1596	1478	173,333,173,333
1541513302.891650795	110	40	48	1	2	0	2	-44	4429	8	0	1596	1478	173,333,173,333
1541513302.903269746	110	40	48	1	2	0	2	-44	4430	8	0	1596	1478	173,333,173,333
1541513302.915090799	110	40	48	1	2	0	2	-44	4431	8	0	1596	1478	173,333,173,333
1541513302.926880549	110	40	48	1	2	0	2	-43	4432	8	0	1596	1478	173,333,173,333
1541513302.938637786	110	40	48	1	2	0	2	-43	4433	8	0	1596	1478	173,333,173,333
1541513302.950424743	110	40	48	1	2	0	2	-43	4434	8	0	1596	1478	173,333,173,333
1541513302.962202641	110	40	48	1	2	0	2	-42	4435	8	0	1596	1478	173,333,173,333
1541513302.973964683	110	40	48	1	2	0	2	-43	4436	8	0	1596	1478	173,333,173,333
1541513302.985724132	110	40	48	1	2	0	2	-42	4437	8	0	1596	1478	173,333,173,333
1541513302.997408272	110	40	48	1	2	0	2	-42	4438	8	0	1596	1478	173,333,173,333
1541513303.009184250	110	40	48	1	2	0	2	-42	4439	8	0	1596	1478	173,333,173,333
1541513303.020980276	110	40	48	1	2	0	2	-43	4440	8	0	1596	1478	173,333,173,333
1541513303.032690720	110	40	48	1	2	0	2	-43	4441	8	0	1596	1478	173,333,173,333
1541513303.044441123	110	40	48	1	2	0	2	-43	4442	8	0	1596	1478	173,333,173,333
1541513303.056174590	110	40	48	1	2	0	2	-43	4443	8	0	1596	1478	173,333,173,333
1541513303.067815117	110	40	48	1	2	0	2	-43	4444	8	0	1596	1478	173,333,173,333
1541513303.079657168	110	40	48	1	2	0	2	-43	4445	8	0	1596	1478	173,333,173,333
1541513303.091390092	110	40	48	1	2	0	2	-43	4446	8	0	1596	1478	173,333,173,333
1541513303.103281020	110	40	48	1	2	0	2	-43	4447	8	0	1596	1478	173,333,173,333
1541513303.114920400	110	40	48	1	2	0	2	-43	4448	8	0	1596	1478	173,333,173,333
1541513303.126670576	110	40	48	1	2	0	2	-43	4449	8	0	1596	1478	173,333,173,333
1541513303.138551621	110	40	48	1	2	0	2	-43	4450	8	0	1596	1478	173,333,173,333
1541513303.150215223	110	40	48	1	2	0	2	-43	4451	8	0	1596	1478	173,333,173,333
1541513303.162075150	110	40	48	1	2	0	2	-43	4452	8	0	1596	1478	173,333,173,333
1541513303.173828685	110	40	48	1	2	0	2	-44	4453	8	0	1596	1478	173,333,173,333
1541513303.185600202	110	40	48	1	2	0	2	-44	4454	8	0	1596	1478	173,333,173,333
1541513303.197832219	110	40	48	1	2	0	2	-44	4456	8	0	1596	1478	173,333,173,333
1541513303.209136108	110	40	48	1	2	0	2	-45	4457	8	0	1596	1478	173,333,173,333
1541513303.220905213	110	40	48	1	2	0	2	-44	4458	8	0	1596	1478	173,333,173,333
1541513303.232604051	110	40	48	1	2	0	2	-44	4459	8	0	1596	1478	173,333,173,333
1541513303.244260824	110	40	48	1	2	0	2	-43	4460	8	0	1596	1478	173,333,173,333
1541513303.256011908	110	40	48	1	2	0	2	-43	4461	8	0	1596	1478	173,333,173,333
1541513303.267756069	110	40	48	1	2	0	2	-44	4462	8	0	1596	1478	173,333,173,333
1541513303.279529985	110	40	48	1	2	0	2	-44	4463	8	0	1596	1478	173,333,173,333
1541513303.291278931	110	40	48	1	2	0	2	-44	4464	8	0	1596	1478	173,333,173,333
1541513303.303036280	110	40	48	1	2	0	2	-44	4465	8	0	1596	1478	173,333,173,333
1541513303.314793135	110	40	48	1	2	0	2	-44	4466	8	0	1596	1478	173,333,173,333
1541513303.326552805	110	40	48	1	2	0	2	-43	4467	8	0	1596	1478	173,333,173,333
1541513303.338462069	110	40	48	1	2	0	2	-43	4468	8	0	1596	1478	173,333,173,333
1541513303.350113500	110	40	48	1	2	0	2	-43	4469	8	0	1596	1478	173,333,173,333
1541513303.361993267	110	40	48	1	2	0	2	-43	4470	8	0	1596	1478	173,333,173,333
1541513303.373518184	110	40	48	1	2	0	2	-43	4471	8	0	1596	1478	173,333,173,333
1541513303.385482385	110	40	48	1	2	0	2	-42	4472	8	0	1596	1478	173,333,173,333
1541513303.397262392	110	40	48	1	2	0	2	-42	4473	8	0	1596	1478	173,333,173,333
1541513303.409051159	110	40	48	1	2	0	2	-42	4474	8	0	1596	1478	173,333,173,333
1541513303.420803817	110	40	48	1	2	0	2	-43	4475	8	0	1596	1478	173,333,173,333
1541513303.432558684	110	40	48	1	2	0	2	-43	4476	8	0	1596	1478	173,333,173,333
1541513303.444315730	110	40	48	1	2	0	2	-43	4477	8	0	1596	1478	173,333,173,333
1541513303.455943125	110	40	48	1	2	0	2	-42	4478	8	0	1596	1478	173,333,173,333
1541513303.467816791	110	40	48	1	2	0	2	-42	4479	8	0	1596	1478	173,333,173,333
1541513303.479463131	110	40	48	1	2	0	2	-42	4480	8	0	1596	1478	173,333,173,333
1541513303.491349843	110	40	48	1	2	0	2	-43	4481	8	0	1596	1478	173,333,173,333
1541513303.503111221	110	40	48	1	2	0	2	-42	4482	8	0	1596	1478	173,333,173,333
1541513303.514864287	110	40	48	1	2	0	2	-43	4483	8	0	1596	1478	173,333,173,333
1541513303.526643556	110	40	48	1	2	0	2	-43	4484	8	0	1596	1478	173,333,173,333
1541513303.538259074	110	40	48	1	2	0	2	-43	4485	8	0	1596	1478	173,333,173,333
1541513303.550116452	110	40	48	1	2	0	2	-43	4486	8	0	1596	1478	173,333,173,333
1541513303.561887999	110	40	48	1	2	0	2	-44	4487	8	0	1596	1478	173,333,173,333
1541513303.574020107	110	40	48	1	2	0	2	-45	4488	8	0	1596	1478	173,333,173,333
1541513303.585429244	110	40	48	1	2	0	2	-44	4489	8	0	1596	1478	173,333,173,333
1541513303.597182484	110	40	48	1	2	0	2	-44	4490	8	0	1596	1478	173,333,173,333
1541513303.608969170	110	40	48	1	2	0	2	-44	4491	8	0	1596	1478	173,333,173,333
1541513303.620666565	110	40	48	1	2	0	2	-43	4492	8	0	1596	1478	173,333,173,333
1541513303.632431919	110	40	48	1	2	0	2	-43	4493	8	0	1596	1478	173,333,173,333
1541513303.644208707	110	40	48	1	2	0	2	-42	4494	8	0	1596	1478	173,333,173,333
1541513303.655967028	110	40	48	1	2	0	2	-43	4495	8	0	1596	1478	173,333,173,333
1541513303.667735207	110	40	48	1	2	0	2	-44	4496	8	0	1596	1478	173,333,173,333
1541513303.679449505	110	40	48	1	2	0	2	-45	4497	8	0	1596	1478	173,333,173,333
1541513303.691049804	110	40	48	1	2	0	2	-44	4498	8	0	1596	1478	173,333,173,333
1541513303.702865611	110	40	48	1	2	0	2	-44	4499	8	0	1596	1478	173,333,173,333
1541513303.714507854	110	40	48	1	2	0	2	-43	4500	8	0	1596	1478	173,333,173,333
1541513303.726388745	110	40	48	1	2	0	2	-43	4501	8	0	1596	1478	173,333,173,333
1541513303.738132306	110	40	48	1	2	0	2	-43	4502	8	0	1596	1478	173,333,173,333
1541513303.750015674	110	40	48	1	2	0	2	-44	4503	8	0	1596	1478	173,333,173,333
1541513303.761779932	110	40	48	1	2	0	2	-44	4504	8	0	1596	1478	173,333,173,333
1541513303.773512049	110	40	48	1	2	0	2	-45	4505	8	0	1596	1478	173,333,173,333
1541513303.785290588	110	40	48	1	2	0	2	-44	4506	8	0	1596	1478	173,333,173,333
1541513303.797091108	110	40	48	1	2	0	2	-43	4507	8	0	1596	1478	173,333,173,333
1541513303.808866891	110	40	48	1	2	0	2	-43	4508	8	0	1596	1478	173,333,173,333
1541513303.820595365	110	40	48	1	2	0	2	-44	4509	8	0	1596	1478	173,333,173,333
1541513303.832361428	110	40	48	1	2	0	2	-44	4510	8	0	1596	1478	173,333,173,333
1541513303.844140645	110	40	48	1	2	0	2	-43	4511	8	0	1596	1478	173,333,173,333
1541513303.855835458	110	40	48	1	2	0	2	-43	4512	8	0	1596	1478	173,333,173,333
1541513303.867618403	110	40	48	1	2	0	2	-44	4513	8	0	1596	1478	173,333,173,333
1541513303.879271860	110	40	48	1	2	0	2	-43	4514	8	0	1596	1478	173,333,173,333
1541513303.891173873	110	40	48	1	2	0	2	-43	4515	8	0	1596	1478	173,333,173,333
1541513303.902920465	110	40	48	1	2	0	2	-44	4516	8	0	1596	1478	173,333,173,333
1541513303.914690294	110	40	48	1	2	0	2	-43	4517	8	0	1596	1478	173,333,173,333
1541513303.926444837	110	40	48	1	2	0	2	-43	4518	8	0	1596	1478	173,333,173,333
1541513303.938155305	110	40	48	1	2	0	2	-43	4519	8	0	1596	1478	173,333,173,333
1541513303.949947610	110	40	48	1	2	0	2	-44	4520	8	0	1596	1478	173,333,173,333
1541513303.961702632	110	40	48	1	2	0	2	-43	4521	8	0	1596	1478	173,333,173,333
1541513303.973475420	110	40	48	1	2	0	2	-44	4522	8	0	1596	1478	173,333,173,333
1541513303.985227754	110	40	48	1	2	0	2	-44	4523	8	0	1596	1478	173,333,173,333
1541513303.997005150	110	40	48	1	2	0	2	-44	4524	8	0	1596	1478	173,333,173,333
1541513304.008623258	110	40	48	1	2	0	2	-44	4525	8	0	1596	1478	173,333,173,333
1541513304.020461485	110	40	48	1	2	0	2	-45	4526	8	0	1596	1478	173,333,173,333
1541513304.032246870	110	40	48	1	2	0	2	-46	4527	8	0	1596	1478	173,333,173,333
1541513304.044012122	110	40	48	1	2	0	2	-45	4528	8	0	1596	1478	173,333,173,333
1541513304.055818147	110	40	48	1	2	0	2	-46	4529	8	0	1596	1478	173,333,173,333
1541513304.067501049	110	40	48	1	2	0	2	-46	4530	8	0	1596	1478	173,333,173,333
1541513304.079206855	110	40	48	1	2	0	2	-45	4531	8	0	1596	1478	173,333,173,333
1541513304.090932862	110	40	48	1	2	0	2	-46	4532	8	0	1596	1478	173,333,173,333
1541513304.102683856	110	40	48	1	2	0	2	-45	4533	8	0	1596	1478	173,333,173,333
1541513304.114545295	110	40	48	1	2	0	2	-45	4534	8	0	1596	1478	173,333,173,333
1541513304.126314626	110	40	48	1	2	0	2	-44	4535	8	0	1596	1478	173,333,173,333
1541513304.138096735	110	40	48	1	2	0	2	-44	4536	8	0	1596	1478	173,333,173,333
1541513304.149907740	110	40	48	1	2	0	2	-44	4537	8	0	1596	1478	173,333,173,333
1541513304.161612852	110	40	48	1	2	0	2	-43	4538	8	0	1596	1478	173,333,173,333
1541513304.173234521	110	40	48	1	2	0	2	-43	4539	8	0	1596	1478	173,333,173,333
1541513304.185040459	110	40	48	1	2	0	2	-44	4540	8	0	1596	1478	173,333,173,333
1541513304.196877750	110	40	48	1	2	0	2	-44	4541	8	0	1596	1478	173,333,173,333
1541513304.208590753	110	40	48	1	2	0	2	-44	4542	8	0	1596	1478	173,333,173,333
1541513304.220270878	110	40	48	1	2	0	2	-45	4543	8	0	1596	1478	173,333,173,333
1541513304.232013454	110	40	48	1	2	0	2	-45	4544	8	0	1596	1478	173,333,173,333
1541513304.243750953	110	40	48	1	2	0	2	-45	4545	8	0	1596	1478	173,333,173,333
1541513304.255548672	110	40	48	1	2	0	2	-44	4546	8	0	1596	1478	173,333,173,333
1541513304.267179442	110	40	48	1	2	0	2	-44	4547	8	0	1596	1478	173,333,173,333
1541513304.279058147	110	40	48	1	2	0	2	-44	4548	8	0	1596	1478	173,333,173,333
1541513304.290959971	110	40	48	1	2	0	2	-44	4549	8	0	1596	1478	173,333,173,333
1541513304.302742794	110	40	48	1	2	0	2	-44	4550	8	0	1596	1478	173,333,173,333
1541513304.314496988	110	40	48	1	2	0	2	-44	4551	8	0	1596	1478	173,333,173,333
1541513304.326118133	110	40	48	1	2	0	2	-44	4552	8	0	1596	1478	173,333,173,333
1541513304.337977077	110	40	48	1	2	0	2	-44	4553	8	0	1596	1478	173,333,173,333
1541513304.349742038	110	40	48	1	2	0	2	-44	4554	8	0	1596	1478	173,333,173,333
1541513304.361516980	110	40	48	1	2	0	2	-44	4555	8	0	1596	1478	173,333,173,333
1541513304.373292255	110	40	48	1	2	0	2	-44	4556	8	0	1596	1478	173,333,173,333
1541513304.384917357	110	40	48	1	2	0	2	-45	4557	8	0	1596	1478	173,333,173,333
1541513304.396684213	110	40	48	1	2	0	2	-44	4558	8	0	1596	1478	173,333,173,333
1541513304.408435090	110	40	48	1	2	0	2	-44	4559	8	0	1596	1478	173,333,173,333
1541513304.420185329	110	40	48	1	2	0	2	-44	4560	8	0	1596	1478	173,333,173,333
1541513304.432019720	110	40	48	1	2	0	2	-44	4561	8	0	1596	1478	173,333,173,333
1541513304.443854134	110	40	48	1	2	0	2	-44	4562	8	0	1596	1478	173,333,173,333
1541513304.455622676	110	40	48	1	2	0	2	-44	4563	8	0	1596	1478	173,333,173,333
1541513304.470182793	124	40	48	1	2	0	2	-40	4567	7	0	1596	1478	144,444,144,444
1541513304.479064585	124	40	48	1	2	0	2	-40	4568	7	0	1596	1478	144,444,144,444
1541513304.490890930	124	40	48	1	2	0	2	-40	4569	7	0	1596	1478	144,444,144,444
1541513304.502633812	124	40	48	1	2	0	2	-41	4570	7	0	1596	1478	144,444,144,444
1541513304.514406284	124	40	48	1	2	0	2	-40	4571	7	0	1596	1478	144,444,144,444
1541513304.526180988	124	40	48	1	2	0	2	-40	4572	7	0	1596	1478	144,444,144,444
1541513304.537923672	124	40	48	1	2	0	2	-40	4573	7	0	1596	1478	144,444,144,444
1541513304.549710299	124	40	48	1	2	0	2	-40	4574	7	0	1596	1478	144,444,144,444
1541513304.561392804	118	40	48	0	2	0	2	-43	4575	8	0	1596	1478	156,156
1541513304.573099085	124	40	48	1	2	0	2	-39	4576	7	0	1596	1478	144,444,144,444
1541513304.584943835	124	40	48	1	2	0	2	-40	4577	7	0	1596	1478	144,444,144,444
1541513304.596733150	124	40	48	1	2	0	2	-39	4578	7	0	1596	1478	144,444,144,444
1541513304.608484028	124	40	48	1	2	0	2	-39	4579	7	0	1596	1478	144,444,144,444
1541513304.620160686	118	40	48	0	2	0	2	-43	4580	8	0	1596	1478	156,156
1541513304.631796084	118	40	48	0	2	0	2	-42	4581	8	0	1596	1478	156,156
1541513304.643639878	118	40	48	0	2	0	2	-43	4582	8	0	1596	1478	156,156
1541513304.655477271	118	40	48	0	2	0	2	-42	4583	8	0	1596	1478	156,156
1541513304.667157215	110	40	48	1	2	0	2	-42	4584	8	0	1596	1478	173,333,173,333
1541513304.678917097	110	40	48	1	2	0	2	-42	4585	8	0	1596	1478	173,333,173,333
1541513304.690705377	110	40	48	1	2	0	2	-43	4586	8	0	1596	1478	173,333,173,333
1541513304.702552046	110	40	48	1	2	0	2	-44	4587	8	0	1596	1478	173,333,173,333
1541513304.714245546	110	40	48	1	2	0	2	-43	4588	8	0	1596	1478	173,333,173,333
1541513304.726022638	110	40	48	1	2	0	2	-43	4589	8	0	1596	1478	173,333,173,333
1541513304.737803425	110	40	48	1	2	0	2	-43	4590	8	0	1596	1478	173,333,173,333
1541513304.749606745	110	40	48	1	2	0	2	-43	4591	8	0	1596	1478	173,333,173,333
1541513304.764458936	144	40	48	0	2	0	2	-40	4597	6	0	1596	1478	117,117
1541513304.773133008	144	40	48	0	2	0	2	-40	4598	6	0	1596	1478	117,117
1541513304.784860946	144	40	48	0	2	0	2	-39	4599	6	0	1596	1478	117,117
1541513304.796597857	144	40	48	0	2	0	2	-40	4600	6	0	1596	1478	117,117
1541513304.808386286	144	40	48	0	2	0	2	-40	4601	6	0	1596	1478	117,117
1541513304.820177915	144	40	48	0	2	0	2	-40	4602	6	0	1596	1478	117,117
1541513304.831934848	144	40	48	0	2	0	2	-40	4603	6	0	1596	1478	117,117
1541513304.843699380	144	40	48	0	2	0	2	-40	4604	6	0	1596	1478	117,117
1541513304.855427336	134	40	48	0	2	0	2	-39	4605	7	0	1596	1478	130,130
1541513304.867212723	144	40	48	0	2	0	2	-40	4606	6	0	1596	1478	117,117
1541513304.878920139	144	40	48	0	2	0	2	-40	4607	6	0	1596	1478	117,117
1541513304.890711958	144	40	48	0	2	0	2	-40	4608	6	0	1596	1478	117,117
1541513304.902490274	144	40	48	0	2	0	2	-40	4609	6	0	1596	1478	117,117
1541513304.914229036	134	40	48	0	2	0	2	-40	4610	7	0	1596	1478	130,130
1541513304.925938366	144	40	48	0	2	0	2	-39	4611	6	0	1596	1478	117,117
1541513304.937724098	144	40	48	0	2	0	2	-39	4612	6	0	1596	1478	117,117
1541513304.949453278	144	40	48	0	2	0	2	-40	4613	6	0	1596	1478	117,117
1541513304.961240757	144	40	48	0	2	0	2	-39	4614	6	0	1596	1478	117,117
1541513304.972903525	134	40	48	0	2	0	2	-40	4615	7	0	1596	1478	130,130
1541513304.984745487	144	40	48	0	2	0	2	-41	4616	6	0	1596	1478	117,117
1541513304.996557731	144	40	48	0	2	0	2	-40	4617	6	0	1596	1478	117,117
1541513305.008327237	144	40	48	0	2	0	2	-40	4618	6	0	1596	1478	117,117
1541513305.020091827	144	40	48	0	2	0	2	-40	4619	6	0	1596	1478	117,117
1541513305.031680787	134	40	48	0	2	0	2	-40	4620	7	0	1596	1478	130,130
1541513305.043554024	124	40	48	1	2	0	2	-40	4621	7	0	1596	1478	144,444,144,444
1541513305.055227481	124	40	48	1	2	0	2	-40	4622	7	0	1596	1478	144,444,144,444
1541513305.067010116	124	40	48	1	2	0	2	-39	4623	7	0	1596	1478	144,444,144,444
1541513305.078646361	124	40	48	1	2	0	2	-39	4624	7	0	1596	1478	144,444,144,444
1541513305.090594107	118	40	48	0	2	0	2	-42	4625	8	0	1596	1478	156,156
1541513305.102378973	124	40	48	1	2	0	2	-39	4626	7	0	1596	1478	144,444,144,444
1541513305.114093169	124	40	48	1	2	0	2	-40	4627	7	0	1596	1478	144,444,144,444
1541513305.125876268	124	40	48	1	2	0	2	-39	4628	7	0	1596	1478	144,444,144,444
1541513305.137541506	124	40	48	1	2	0	2	-39	4629	7	0	1596	1478	144,444,144,444
1541513305.149331470	118	40	48	0	2	0	2	-42	4630	8	0	1596	1478	156,156
1541513305.161065357	124	40	48	1	2	0	2	-39	4631	7	0	1596	1478	144,444,144,444
1541513305.161313351	124	40	48	1	2	0	2	-40	4632	7	0	1596	1478	144,444,144,444
1541513305.172824503	124	40	48	1	2	0	2	-39	4633	7	0	1596	1478	144,444,144,444
1541513305.184526369	124	40	48	1	2	0	2	-40	4634	7	0	1596	1478	144,444,144,444
1541513305.196303256	124	40	48	1	2	0	2	-40	4635	7	0	1596	1478	144,444,144,444
1541513305.208046918	118	40	48	0	2	0	2	-43	4636	8	0	1596	1478	156,156
1541513305.219791265	118	40	48	0	2	0	2	-43	4637	8	0	1596	1478	156,156
1541513305.231550472	110	40	48	1	2	0	2	-44	4638	8	0	1596	1478	173,333,173,333
1541513305.243288438	110	40	48	1	2	0	2	-45	4639	8	0	1596	1478	173,333,173,333
1541513305.255221106	110	40	48	1	2	0	2	-44	4640	8	0	1596	1478	173,333,173,333
1541513305.266951718	110	40	48	1	2	0	2	-45	4641	8	0	1596	1478	173,333,173,333
1541513305.278729444	110	40	48	1	2	0	2	-44	4642	8	0	1596	1478	173,333,173,333
1541513305.290840652	110	40	48	1	2	0	2	-44	4644	8	0	1596	1478	173,333,173,333
1541513305.305179350	144	40	48	0	2	0	2	-41	4652	6	0	1596	1478	117,117
1541513305.314839697	144	40	48	0	2	0	2	-40	4653	6	0	1596	1478	117,117
1541513305.325823685	144	40	48	0	2	0	2	-40	4654	6	0	1596	1478	117,117
1541513305.337517554	144	40	48	0	2	0	2	-40	4655	6	0	1596	1478	117,117
1541513305.349299934	144	40	48	0	2	0	2	-40	4656	6	0	1596	1478	117,117
1541513305.361100806	144	40	48	0	2	0	2	-40	4657	6	0	1596	1478	117,117
1541513305.372729306	144	40	48	0	2	0	2	-40	4658	6	0	1596	1478	117,117
1541513305.384608443	144	40	48	0	2	0	2	-40	4659	6	0	1596	1478	117,117
1541513305.396375623	134	40	48	0	2	0	2	-40	4660	7	0	1596	1478	130,130
1541513305.408149189	144	40	48	0	2	0	2	-40	4661	6	0	1596	1478	117,117
1541513305.419848159	144	40	48	0	2	0	2	-40	4662	6	0	1596	1478	117,117
1541513305.431618384	144	40	48	0	2	0	2	-40	4663	6	0	1596	1478	117,117
1541513305.443404696	144	40	48	0	2	0	2	-40	4664	6	0	1596	1478	117,117
1541513305.455158884	134	40	48	0	2	0	2	-40	4665	7	0	1596	1478	130,130
1541513305.466931075	144	40	48	0	2	0	2	-40	4666	6	0	1596	1478	117,117
1541513305.478689739	144	40	48	0	2	0	2	-40	4667	6	0	1596	1478	117,117
1541513305.490434325	144	40	48	0	2	0	2	-40	4668	6	0	1596	1478	117,117
1541513305.502159980	144	40	48	0	2	0	2	-39	4669	6	0	1596	1478	117,117
1541513305.513946513	134	40	48	0	2	0	2	-40	4670	7	0	1596	1478	130,130
1541513305.525663101	144	40	48	0	2	0	2	-40	4671	6	0	1596	1478	117,117
1541513305.537424197	144	40	48	0	2	0	2	-40	4672	6	0	1596	1478	117,117
1541513305.549254904	144	40	48	0	2	0	2	-39	4673	6	0	1596	1478	117,117
1541513305.560971476	144	40	48	0	2	0	2	-39	4674	6	0	1596	1478	117,117
1541513305.572626623	134	40	48	0	2	0	2	-40	4675	7	0	1596	1478	130,130
1541513305.584460710	124	40	48	1	2	0	2	-40	4676	7	0	1596	1478	144,444,144,444
1541513305.596244859	124	40	48	1	2	0	2	-39	4677	7	0	1596	1478	144,444,144,444
1541513305.608018276	124	40	48	1	2	0	2	-39	4678	7	0	1596	1478	144,444,144,444
1541513305.619783911	124	40	48	1	2	0	2	-40	4679	7	0	1596	1478	144,444,144,444
1541513305.631538783	118	40	48	0	2	0	2	-43	4680	8	0	1596	1478	156,156
1541513305.643167115	124	40	48	1	2	0	2	-40	4681	7	0	1596	1478	144,444,144,444
1541513305.654988544	124	40	48	1	2	0	2	-40	4682	7	0	1596	1478	144,444,144,444
1541513305.666702204	124	40	48	1	2	0	2	-40	4683	7	0	1596	1478	144,444,144,444
1541513305.678442485	124	40	48	1	2	0	2	-40	4684	7	0	1596	1478	144,444,144,444
1541513305.690292808	118	40	48	0	2	0	2	-43	4685	8	0	1596	1478	156,156
1541513305.702088365	124	40	48	1	2	0	2	-40	4686	7	0	1596	1478	144,444,144,444
1541513305.713856718	124	40	48	1	2	0	2	-40	4687	7	0	1596	1478	144,444,144,444
1541513305.725638379	124	40	48	1	2	0	2	-40	4688	7	0	1596	1478	144,444,144,444
1541513305.737318275	124	40	48	1	2	0	2	-40	4689	7	0	1596	1478	144,444,144,444
1541513305.749087653	118	40	48	0	2	0	2	-43	4690	8	0	1596	1478	156,156
1541513305.760881574	118	40	48	0	2	0	2	-44	4691	8	0	1596	1478	156,156
1541513305.772639446	118	40	48	0	2	0	2	-43	4692	8	0	1596	1478	156,156
1541513305.785833969	124	40	48	1	2	0	2	-41	4693	7	0	1596	1478	144,444,144,444
1541513305.796169116	124	40	48	1	2	0	2	-41	4694	7	0	1596	1478	144,444,144,444
1541513305.807941975	124	40	48	1	2	0	2	-41	4695	7	0	1596	1478	144,444,144,444
1541513305.819653663	124	40	48	1	2	0	2	-41	4696	7	0	1596	1478	144,444,144,444
1541513305.831430788	124	40	48	1	2	0	2	-40	4697	7	0	1596	1478	144,444,144,444
1541513305.843192942	124	40	48	1	2	0	2	-41	4698	7	0	1596	1478	144,444,144,444
1541513305.854921488	124	40	48	1	2	0	2	-41	4699	7	0	1596	1478	144,444,144,444
1541513305.866709942	124	40	48	1	2	0	2	-40	4700	7	0	1596	1478	144,444,144,444
1541513305.878486505	118	40	48	0	2	0	2	-43	4701	8	0	1596	1478	156,156
1541513305.890191177	124	40	48	1	2	0	2	-41	4702	7	0	1596	1478	144,444,144,444
1541513305.901991275	124	40	48	1	2	0	2	-41	4703	7	0	1596	1478	144,444,144,444
1541513305.913743545	124	40	48	1	2	0	2	-40	4704	7	0	1596	1478	144,444,144,444
1541513305.925515549	124	40	48	1	2	0	2	-40	4705	7	0	1596	1478	144,444,144,444
1541513305.937129957	118	40	48	0	2	0	2	-43	4706	8	0	1596	1478	156,156
1541513305.949043648	124	40	48	1	2	0	2	-40	4707	7	0	1596	1478	144,444,144,444
1541513305.960802871	124	40	48	1	2	0	2	-40	4708	7	0	1596	1478	144,444,144,444
1541513305.972530185	124	40	48	1	2	0	2	-40	4709	7	0	1596	1478	144,444,144,444
1541513305.984273930	124	40	48	1	2	0	2	-40	4710	7	0	1596	1478	144,444,144,444
1541513305.996043927	118	40	48	0	2	0	2	-43	4711	8	0	1596	1478	156,156
1541513306.007807098	118	40	48	0	2	0	2	-43	4712	8	0	1596	1478	156,156
1541513306.019594167	118	40	48	0	2	0	2	-43	4713	8	0	1596	1478	156,156
1541513306.031719119	118	40	48	0	2	0	2	-42	4714	8	0	1596	1478	156,156
1541513306.042984560	110	40	48	1	2	0	2	-42	4715	8	0	1596	1478	173,333,173,333
1541513306.054802431	110	40	48	1	2	0	2	-42	4716	8	0	1596	1478	173,333,173,333
1541513306.066497974	110	40	48	1	2	0	2	-43	4717	8	0	1596	1478	173,333,173,333
1541513306.078326530	110	40	48	1	2	0	2	-42	4718	8	0	1596	1478	173,333,173,333
1541513306.090059544	110	40	48	1	2	0	2	-43	4719	8	0	1596	1478	173,333,173,333
1541513306.101911941	110	40	48	1	2	0	2	-43	4720	8	0	1596	1478	173,333,173,333
1541513306.113663287	110	40	48	1	2	0	2	-43	4721	8	0	1596	1478	173,333,173,333
1541513306.125281814	110	40	48	1	2	0	2	-43	4722	8	0	1596	1478	173,333,173,333
1541513306.137134801	110	40	48	1	2	0	2	-43	4723	8	0	1596	1478	173,333,173,333
1541513306.148886137	110	40	48	1	2	0	2	-43	4724	8	0	1596	1478	173,333,173,333
1541513306.160461479	110	40	48	1	2	0	2	-43	4725	8	0	1596	1478	173,333,173,333
1541513306.172169422	110	40	48	1	2	0	2	-44	4726	8	0	1596	1478	173,333,173,333
1541513306.184026818	110	40	48	1	2	0	2	-44	4727	8	0	1596	1478	173,333,173,333
1541513306.195785495	110	40	48	1	2	0	2	-44	4728	8	0	1596	1478	173,333,173,333
1541513306.207554912	110	40	48	1	2	0	2	-44	4729	8	0	1596	1478	173,333,173,333
1541513306.219296876	110	40	48	1	2	0	2	-45	4730	8	0	1596	1478	173,333,173,333
1541513306.231081501	110	40	48	1	2	0	2	-45	4731	8	0	1596	1478	173,333,173,333
1541513306.242833314	110	40	48	1	2	0	2	-44	4732	8	0	1596	1478	173,333,173,333
1541513306.254924719	110	40	48	1	2	0	2	-45	4733	8	0	1596	1478	173,333,173,333
1541513306.266514640	110	40	48	1	2	0	2	-44	4734	8	0	1596	1478	173,333,173,333
1541513306.278105462	110	40	48	1	2	0	2	-45	4735	8	0	1596	1478	173,333,173,333
1541513306.289875342	110	40	48	1	2	0	2	-45	4736	8	0	1596	1478	173,333,173,333
1541513306.302012903	110	40	48	1	2	0	2	-44	4737	8	0	1596	1478	173,333,173,333
1541513306.313399124	110	40	48	1	2	0	2	-44	4738	8	0	1596	1478	173,333,173,333
1541513306.325151572	110	40	48	1	2	0	2	-45	4739	8	0	1596	1478	173,333,173,333
1541513306.336912263	110	40	48	1	2	0	2	-44	4740	8	0	1596	1478	173,333,173,333
1541513306.348650282	110	40	48	1	2	0	2	-44	4741	8	0	1596	1478	173,333,173,333
1541513306.360433389	110	40	48	1	2	0	2	-44	4742	8	0	1596	1478	173,333,173,333
1541513306.372184644	110	40	48	1	2	0	2	-44	4743	8	0	1596	1478	173,333,173,333
1541513306.383933432	110	40	48	1	2	0	2	-43	4744	8	0	1596	1478	173,333,173,333
1541513306.395704661	110	40	48	1	2	0	2	-44	4745	8	0	1596	1478	173,333,173,333
1541513306.407460217	110	40	48	1	2	0	2	-43	4746	8	0	1596	1478	173,333,173,333
1541513306.419247019	110	40	48	1	2	0	2	-44	4747	8	0	1596	1478	173,333,173,333
1541513306.430990172	110	40	48	1	2	0	2	-45	4748	8	0	1596	1478	173,333,173,333
1541513306.442748102	110	40	48	1	2	0	2	-44	4749	8	0	1596	1478	173,333,173,333
1541513306.454497402	110	40	48	1	2	0	2	-44	4750	8	0	1596	1478	173,333,173,333
1541513306.466177102	110	40	48	1	2	0	2	-44	4751	8	0	1596	1478	173,333,173,333
1541513306.477945448	110	40	48	1	2	0	2	-44	4752	8	0	1596	1478	173,333,173,333
1541513306.489766655	110	40	48	1	2	0	2	-44	4753	8	0	1596	1478	173,333,173,333
1541513306.501551286	110	40	48	1	2	0	2	-44	4754	8	0	1596	1478	173,333,173,333
1541513306.513291850	110	40	48	1	2	0	2	-44	4755	8	0	1596	1478	173,333,173,333
1541513306.525051036	110	40	48	1	2	0	2	-45	4756	8	0	1596	1478	173,333,173,333
1541513306.536811994	110	40	48	1	2	0	2	-44	4757	8	0	1596	1478	173,333,173,333
1541513306.548574686	110	40	48	1	2	0	2	-44	4758	8	0	1596	1478	173,333,173,333
1541513306.560338285	110	40	48	1	2	0	2	-45	4759	8	0	1596	1478	173,333,173,333
1541513306.572017767	110	40	48	1	2	0	2	-44	4760	8	0	1596	1478	173,333,173,333
1541513306.583848897	110	40	48	1	2	0	2	-45	4761	8	0	1596	1478	173,333,173,333
1541513306.595620869	110	40	48	1	2	0	2	-44	4762	8	0	1596	1478	173,333,173,333
1541513306.607239508	110	40	48	1	2	0	2	-45	4763	8	0	1596	1478	173,333,173,333
1541513306.619009515	110	40	48	1	2	0	2	-45	4764	8	0	1596	1478	173,333,173,333
1541513306.630929477	110	40	48	1	2	0	2	-44	4765	8	0	1596	1478	173,333,173,333
1541513306.644188171	124	40	48	1	2	0	2	-42	4767	7	0	1596	1478	144,444,144,444
1541513306.654538652	124	40	48	1	2	0	2	-41	4768	7	0	1596	1478	144,444,144,444
1541513306.666245507	124	40	48	1	2	0	2	-41	4769	7	0	1596	1478	144,444,144,444
1541513306.677980113	124	40	48	1	2	0	2	-41	4770	7	0	1596	1478	144,444,144,444
1541513306.689870630	124	40	48	1	2	0	2	-42	4771	7	0	1596	1478	144,444,144,444
1541513306.701514058	124	40	48	1	2	0	2	-41	4772	7	0	1596	1478	144,444,144,444
1541513306.713364041	124	40	48	1	2	0	2	-41	4773	7	0	1596	1478	144,444,144,444
1541513306.724991648	124	40	48	1	2	0	2	-42	4774	7	0	1596	1478	144,444,144,444
1541513306.736831694	118	40	48	0	2	0	2	-44	4775	8	0	1596	1478	156,156
1541513306.748647063	124	40	48	1	2	0	2	-41	4776	7	0	1596	1478	144,444,144,444
1541513306.760387288	124	40	48	1	2	0	2	-42	4777	7	0	1596	1478	144,444,144,444
1541513306.772183035	124	40	48	1	2	0	2	-41	4778	7	0	1596	1478	144,444,144,444
1541513306.783887822	124	40	48	1	2	0	2	-41	4779	7	0	1596	1478	144,444,144,444
1541513306.795648096	118	40	48	0	2	0	2	-45	4780	8	0	1596	1478	156,156
1541513306.807414293	118	40	48	0	2	0	2	-44	4781	8	0	1596	1478	156,156
1541513306.819185646	118	40	48	0	2	0	2	-44	4782	8	0	1596	1478	156,156
1541513306.830934954	118	40	48	0	2	0	2	-44	4783	8	0	1596	1478	156,156
1541513306.842655416	110	40	48	1	2	0	2	-45	4784	8	0	1596	1478	173,333,173,333
1541513306.854452267	110	40	48	1	2	0	2	-44	4785	8	0	1596	1478	173,333,173,333
1541513306.866243528	110	40	48	1	2	0	2	-45	4786	8	0	1596	1478	173,333,173,333
1541513306.877945528	110	40	48	1	2	0	2	-44	4787	8	0	1596	1478	173,333,173,333
1541513306.889706879	110	40	48	1	2	0	2	-45	4788	8	0	1596	1478	173,333,173,333
1541513306.901380507	110	40	48	1	2	0	2	-45	4789	8	0	1596	1478	173,333,173,333
1541513306.913265432	110	40	48	1	2	0	2	-45	4790	8	0	1596	1478	173,333,173,333
1541513306.925038267	110	40	48	1	2	0	2	-45	4791	8	0	1596	1478	173,333,173,333
1541513306.936801892	110	40	48	1	2	0	2	-44	4792	8	0	1596	1478	173,333,173,333
1541513306.948552877	110	40	48	1	2	0	2	-44	4793	8	0	1596	1478	173,333,173,333
1541513306.960275067	110	40	48	1	2	0	2	-44	4794	8	0	1596	1478	173,333,173,333
1541513306.972040742	110	40	48	1	2	0	2	-44	4795	8	0	1596	1478	173,333,173,333
1541513306.983782775	110	40	48	1	2	0	2	-44	4796	8	0	1596	1478	173,333,173,333
1541513306.995548104	110	40	48	1	2	0	2	-44	4797	8	0	1596	1478	173,333,173,333
1541513307.007432459	110	40	48	1	2	0	2	-44	4798	8	0	1596	1478	173,333,173,333
1541513307.019140325	110	40	48	1	2	0	2	-44	4799	8	0	1596	1478	173,333,173,333
1541513307.030708626	110	40	48	1	2	0	2	-44	4800	8	0	1596	1478	173,333,173,333
1541513307.042579608	110	40	48	1	2	0	2	-44	4801	8	0	1596	1478	173,333,173,333
1541513307.054399286	110	40	48	1	2	0	2	-43	4802	8	0	1596	1478	173,333,173,333
1541513307.066099641	110	40	48	1	2	0	2	-43	4803	8	0	1596	1478	173,333,173,333
1541513307.077944973	110	40	48	1	2	0	2	-43	4804	8	0	1596	1478	173,333,173,333
1541513307.089625219	110	40	48	1	2	0	2	-44	4805	8	0	1596	1478	173,333,173,333
1541513307.101484027	110	40	48	1	2	0	2	-44	4806	8	0	1596	1478	173,333,173,333
1541513307.113089555	110	40	48	1	2	0	2	-45	4807	8	0	1596	1478	173,333,173,333
1541513307.124834117	110	40	48	1	2	0	2	-45	4808	8	0	1596	1478	173,333,173,333
1541513307.136593214	110	40	48	1	2	0	2	-45	4809	8	0	1596	1478	173,333,173,333
1541513307.148301767	110	40	48	1	2	0	2	-44	4810	8	0	1596	1478	173,333,173,333
1541513307.160096381	110	40	48	1	2	0	2	-44	4811	8	0	1596	1478	173,333,173,333
1541513307.172561852	110	40	48	1	2	0	2	-44	4814	8	0	1596	1478	173,333,173,333
1541513307.186559771	144	40	48	0	2	0	2	-42	4822	6	0	1596	1478	117,117
1541513307.195345838	144	40	48	0	2	0	2	-42	4823	6	0	1596	1478	117,117
1541513307.207267553	144	40	48	0	2	0	2	-42	4824	6	0	1596	1478	117,117
1541513307.219077498	144	40	48	0	2	0	2	-41	4825	6	0	1596	1478	117,117
1541513307.230861682	144	40	48	0	2	0	2	-42	4826	6	0	1596	1478	117,117
1541513307.242616143	144	40	48	0	2	0	2	-42	4827	6	0	1596	1478	117,117
1541513307.254217761	144	40	48	0	2	0	2	-41	4828	6	0	1596	1478	117,117
1541513307.265987806	144	40	48	0	2	0	2	-41	4829	6	0	1596	1478	117,117
1541513307.277689591	134	40	48	0	2	0	2	-41	4830	7	0	1596	1478	130,130
1541513307.289507684	144	40	48	0	2	0	2	-42	4831	6	0	1596	1478	117,117
1541513307.301295236	144	40	48	0	2	0	2	-41	4832	6	0	1596	1478	117,117
1541513307.313058442	144	40	48	0	2	0	2	-41	4833	6	0	1596	1478	117,117
1541513307.324729521	144	40	48	0	2	0	2	-41	4834	6	0	1596	1478	117,117
1541513307.336483483	134	40	48	0	2	0	2	-41	4835	7	0	1596	1478	130,130
1541513307.348374197	144	40	48	0	2	0	2	-41	4836	6	0	1596	1478	117,117
1541513307.360140995	144	40	48	0	2	0	2	-41	4837	6	0	1596	1478	117,117
1541513307.371887213	144	40	48	0	2	0	2	-41	4838	6	0	1596	1478	117,117
1541513307.383677059	144	40	48	0	2	0	2	-42	4839	6	0	1596	1478	117,117
1541513307.395287952	134	40	48	0	2	0	2	-41	4840	7	0	1596	1478	130,130
1541513307.407189745	144	40	48	0	2	0	2	-41	4841	6	0	1596	1478	117,117
1541513307.418764055	144	40	48	0	2	0	2	-41	4842	6	0	1596	1478	117,117
1541513307.430681393	144	40	48	0	2	0	2	-42	4843	6	0	1596	1478	117,117
1541513307.442459577	144	40	48	0	2	0	2	-41	4844	6	0	1596	1478	117,117
1541513307.454189845	134	40	48	0	2	0	2	-41	4845	7	0	1596	1478	130,130
1541513307.465989387	124	40	48	1	2	0	2	-41	4846	7	0	1596	1478	144,444,144,444
1541513307.477687535	124	40	48	1	2	0	2	-41	4847	7	0	1596	1478	144,444,144,444
1541513307.489478081	124	40	48	1	2	0	2	-42	4848	7	0	1596	1478	144,444,144,444
1541513307.501204473	124	40	48	1	2	0	2	-42	4849	7	0	1596	1478	144,444,144,444
1541513307.512977744	118	40	48	0	2	0	2	-44	4850	8	0	1596	1478	156,156
1541513307.524746115	124	40	48	1	2	0	2	-42	4851	7	0	1596	1478	144,444,144,444
1541513307.536527073	124	40	48	1	2	0	2	-41	4852	7	0	1596	1478	144,444,144,444
1541513307.548256852	124	40	48	1	2	0	2	-42	4853	7	0	1596	1478	144,444,144,444
1541513307.560071872	124	40	48	1	2	0	2	-42	4854	7	0	1596	1478	144,444,144,444
1541513307.571660490	118	40	48	0	2	0	2	-45	4855	8	0	1596	1478	156,156
1541513307.583390432	118	40	48	0	2	0	2	-45	4856	8	0	1596	1478	156,156
1541513307.595207496	118	40	48	0	2	0	2	-44	4857	8	0	1596	1478	156,156
1541513307.606974132	118	40	48	0	2	0	2	-45	4858	8	0	1596	1478	156,156
1541513307.618728426	110	40	48	1	2	0	2	-44	4859	8	0	1596	1478	173,333,173,333
1541513307.630627337	110	40	48	1	2	0	2	-45	4860	8	0	1596	1478	173,333,173,333
1541513307.642248936	110	40	48	1	2	0	2	-45	4861	8	0	1596	1478	173,333,173,333
1541513307.654058378	110	40	48	1	2	0	2	-44	4862	8	0	1596	1478	173,333,173,333
1541513307.665824935	110	40	48	1	2	0	2	-45	4863	8	0	1596	1478	173,333,173,333
1541513307.677605773	110	40	48	1	2	0	2	-45	4864	8	0	1596	1478	173,333,173,333
1541513307.689255846	110	40	48	1	2	0	2	-44	4865	8	0	1596	1478	173,333,173,333
1541513307.700987368	110	40	48	1	2	0	2	-45	4866	8	0	1596	1478	173,333,173,333
1541513307.712661573	110	40	48	1	2	0	2	-45	4868	8	0	1596	1478	173,333,173,333
1541513307.724659008	110	40	48	1	2	0	2	-44	4869	8	0	1596	1478	173,333,173,333
1541513307.736372006	110	40	48	1	2	0	2	-44	4870	8	0	1596	1478	173,333,173,333
1541513307.748023831	110	40	48	1	2	0	2	-44	4871	8	0	1596	1478	173,333,173,333
1541513307.759727095	110	40	48	1	2	0	2	-44	4872	8	0	1596	1478	173,333,173,333
1541513307.772313847	110	40	48	1	2	0	2	-45	4873	8	0	1596	1478	173,333,173,333
1541513307.783447449	110	40	48	1	2	0	2	-44	4874	8	0	1596	1478	173,333,173,333
1541513307.795207396	110	40	48	1	2	0	2	-44	4875	8	0	1596	1478	173,333,173,333
1541513307.806905092	110	40	48	1	2	0	2	-44	4876	8	0	1596	1478	173,333,173,333
1541513307.818682839	110	40	48	1	2	0	2	-44	4877	8	0	1596	1478	173,333,173,333
1541513307.830477125	110	40	48	1	2	0	2	-45	4878	8	0	1596	1478	173,333,173,333
1541513307.842250425	110	40	48	1	2	0	2	-44	4879	8	0	1596	1478	173,333,173,333
1541513307.853972211	110	40	48	1	2	0	2	-45	4880	8	0	1596	1478	173,333,173,333
1541513307.865792526	110	40	48	1	2	0	2	-44	4881	8	0	1596	1478	173,333,173,333
1541513307.877540947	110	40	48	1	2	0	2	-44	4882	8	0	1596	1478	173,333,173,333
1541513307.889213076	110	40	48	1	2	0	2	-44	4883	8	0	1596	1478	173,333,173,333
1541513307.901012675	110	40	48	1	2	0	2	-44	4884	8	0	1596	1478	173,333,173,333
1541513307.912758546	110	40	48	1	2	0	2	-44	4885	8	0	1596	1478	173,333,173,333
1541513307.924409886	110	40	48	1	2	0	2	-44	4886	8	0	1596	1478	173,333,173,333
1541513307.936255888	110	40	48	1	2	0	2	-44	4887	8	0	1596	1478	173,333,173,333
1541513307.948116283	110	40	48	1	2	0	2	-43	4888	8	0	1596	1478	173,333,173,333
1541513307.959801201	110	40	48	1	2	0	2	-44	4889	8	0	1596	1478	173,333,173,333
1541513307.971553382	110	40	48	1	2	0	2	-44	4890	8	0	1596	1478	173,333,173,333
1541513307.983347515	110	40	48	1	2	0	2	-45	4891	8	0	1596	1478	173,333,173,333
1541513307.995121435	110	40	48	1	2	0	2	-44	4892	8	0	1596	1478	173,333,173,333
1541513308.006876423	110	40	48	1	2	0	2	-44	4893	8	0	1596	1478	173,333,173,333
1541513308.018639982	110	40	48	1	2	0	2	-44	4894	8	0	1596	1478	173,333,173,333
1541513308.030401780	110	40	48	1	2	0	2	-44	4895	8	0	1596	1478	173,333,173,333
1541513308.042082438	110	40	48	1	2	0	2	-44	4896	8	0	1596	1478	173,333,173,333
1541513308.053874544	110	40	48	1	2	0	2	-44	4897	8	0	1596	1478	173,333,173,333
1541513308.065575534	110	40	48	1	2	0	2	-44	4898	8	0	1596	1478	173,333,173,333
1541513308.077326516	110	40	48	1	2	0	2	-44	4899	8	0	1596	1478	173,333,173,333
1541513308.089077569	110	40	48	1	2	0	2	-44	4900	8	0	1596	1478	173,333,173,333
1541513308.100822245	110	40	48	1	2	0	2	-44	4901	8	0	1596	1478	173,333,173,333
1541513308.112544124	110	40	48	1	2	0	2	-45	4902	8	0	1596	1478	173,333,173,333
1541513308.124286677	110	40	48	1	2	0	2	-44	4903	8	0	1596	1478	173,333,173,333
1541513308.136050390	110	40	48	1	2	0	2	-44	4904	8	0	1596	1478	173,333,173,333
1541513308.147806663	110	40	48	1	2	0	2	-45	4905	8	0	1596	1478	173,333,173,333
1541513308.159575245	110	40	48	1	2	0	2	-45	4906	8	0	1596	1478	173,333,173,333
1541513308.171262328	110	40	48	1	2	0	2	-44	4907	8	0	1596	1478	173,333,173,333
1541513308.183091652	110	40	48	1	2	0	2	-44	4908	8	0	1596	1478	173,333,173,333
1541513308.194851408	110	40	48	1	2	0	2	-45	4909	8	0	1596	1478	173,333,173,333
1541513308.206527345	110	40	48	1	2	0	2	-45	4910	8	0	1596	1478	173,333,173,333
1541513308.218291664	110	40	48	1	2	0	2	-45	4911	8	0	1596	1478	173,333,173,333
1541513308.230135203	110	40	48	1	2	0	2	-45	4912	8	0	1596	1478	173,333,173,333
1541513308.241804358	110	40	48	1	2	0	2	-45	4913	8	0	1596	1478	173,333,173,333
1541513308.253524740	110	40	48	1	2	0	2	-45	4914	8	0	1596	1478	173,333,173,333
1541513308.265297843	110	40	48	1	2	0	2	-45	4915	8	0	1596	1478	173,333,173,333
1541513308.277058272	110	40	48	1	2	0	2	-45	4916	8	0	1596	1478	173,333,173,333
1541513308.288933946	110	40	48	1	2	0	2	-45	4917	8	0	1596	1478	173,333,173,333
1541513308.300679400	110	40	48	1	2	0	2	-44	4918	8	0	1596	1478	173,333,173,333
1541513308.312449705	110	40	48	1	2	0	2	-45	4919	8	0	1596	1478	173,333,173,333
1541513308.324202257	110	40	48	1	2	0	2	-45	4920	8	0	1596	1478	173,333,173,333
1541513308.335951934	110	40	48	1	2	0	2	-44	4921	8	0	1596	1478	173,333,173,333
1541513308.347831952	110	40	48	1	2	0	2	-45	4922	8	0	1596	1478	173,333,173,333
1541513308.359635176	110	40	48	1	2	0	2	-45	4923	8	0	1596	1478	173,333,173,333
1541513308.371397745	110	40	48	1	2	0	2	-44	4924	8	0	1596	1478	173,333,173,333
1541513308.383164751	110	40	48	1	2	0	2	-44	4925	8	0	1596	1478	173,333,173,333
1541513308.394936935	110	40	48	1	2	0	2	-44	4926	8	0	1596	1478	173,333,173,333
1541513308.406649423	110	40	48	1	2	0	2	-44	4927	8	0	1596	1478	173,333,173,333
1541513308.418358251	110	40	48	1	2	0	2	-45	4928	8	0	1596	1478	173,333,173,333
1541513308.430175445	110	40	48	1	2	0	2	-45	4929	8	0	1596	1478	173,333,173,333
1541513308.441921073	110	40	48	1	2	0	2	-46	4930	8	0	1596	1478	173,333,173,333
1541513308.453726759	110	40	48	1	2	0	2	-45	4931	8	0	1596	1478	173,333,173,333
1541513308.465392927	110	40	48	1	2	0	2	-45	4932	8	0	1596	1478	173,333,173,333
1541513308.477213449	110	40	48	1	2	0	2	-45	4933	8	0	1596	1478	173,333,173,333
1541513308.489214906	110	40	48	1	2	0	2	-45	4934	8	0	1596	1478	173,333,173,333
1541513308.500714064	110	40	48	1	2	0	2	-45	4935	8	0	1596	1478	173,333,173,333
1541513308.512496669	110	40	48	1	2	0	2	-46	4936	8	0	1596	1478	173,333,173,333
1541513308.524030893	110	40	48	1	2	0	2	-45	4937	8	0	1596	1478	173,333,173,333
1541513308.535967637	110	40	48	1	2	0	2	-45	4938	8	0	1596	1478	173,333,173,333
1541513308.547670449	110	40	48	1	2	0	2	-46	4939	8	0	1596	1478	173,333,173,333
1541513308.559450924	110	40	48	1	2	0	2	-45	4940	8	0	1596	1478	173,333,173,333
1541513308.571180089	110	40	48	1	2	0	2	-45	4941	8	0	1596	1478	173,333,173,333
1541513308.583041781	110	40	48	1	2	0	2	-45	4942	8	0	1596	1478	173,333,173,333
1541513308.594720069	110	40	48	1	2	0	2	-44	4943	8	0	1596	1478	173,333,173,333
1541513308.606557499	110	40	48	1	2	0	2	-45	4944	8	0	1596	1478	173,333,173,333
1541513308.618270791	110	40	48	1	2	0	2	-44	4945	8	0	1596	1478	173,333,173,333
1541513308.630114147	110	40	48	1	2	0	2	-45	4946	8	0	1596	1478	173,333,173,333
1541513308.641847751	110	40	48	1	2	0	2	-45	4947	8	0	1596	1478	173,333,173,333
1541513308.653565635	110	40	48	1	2	0	2	-44	4948	8	0	1596	1478	173,333,173,333
1541513308.665252621	110	40	48	1	2	0	2	-44	4949	8	0	1596	1478	173,333,173,333
1541513308.677142645	110	40	48	1	2	0	2	-44	4950	8	0	1596	1478	173,333,173,333
1541513308.688912902	110	40	48	1	2	0	2	-44	4951	8	0	1596	1478	173,333,173,333
1541513308.700528932	110	40	48	1	2	0	2	-45	4952	8	0	1596	1478	173,333,173,333
1541513308.712312873	110	40	48	1	2	0	2	-44	4953	8	0	1596	1478	173,333,173,333
1541513308.724065051	110	40	48	1	2	0	2	-45	4954	8	0	1596	1478	173,333,173,333
1541513308.735758579	110	40	48	1	2	0	2	-44	4955	8	0	1596	1478	173,333,173,333
1541513308.747675525	110	40	48	1	2	0	2	-44	4956	8	0	1596	1478	173,333,173,333
1541513308.759494118	110	40	48	1	2	0	2	-44	4957	8	0	1596	1478	173,333,173,333
1541513308.771152676	110	40	48	1	2	0	2	-45	4958	8	0	1596	1478	173,333,173,333
1541513308.782864295	110	40	48	1	2	0	2	-44	4959	8	0	1596	1478	173,333,173,333
1541513308.794664163	110	40	48	1	2	0	2	-45	4960	8	0	1596	1478	173,333,173,333
1541513308.806466984	110	40	48	1	2	0	2	-44	4961	8	0	1596	1478	173,333,173,333
1541513308.818115075	110	40	48	1	2	0	2	-44	4962	8	0	1596	1478	173,333,173,333
1541513308.829999543	110	40	48	1	2	0	2	-44	4963	8	0	1596	1478	173,333,173,333
1541513308.841692883	110	40	48	1	2	0	2	-44	4964	8	0	1596	1478	173,333,173,333
1541513308.853531758	110	40	48	1	2	0	2	-44	4965	8	0	1596	1478	173,333,173,333
1541513308.865216827	110	40	48	1	2	0	2	-45	4966	8	0	1596	1478	173,333,173,333
1541513308.877065492	110	40	48	1	2	0	2	-45	4967	8	0	1596	1478	173,333,173,333
1541513308.888797068	110	40	48	1	2	0	2	-45	4968	8	0	1596	1478	173,333,173,333
1541513308.900527079	110	40	48	1	2	0	2	-45	4969	8	0	1596	1478	173,333,173,333
1541513308.912319651	110	40	48	1	2	0	2	-45	4970	8	0	1596	1478	173,333,173,333
1541513308.924070143	110	40	48	1	2	0	2	-45	4971	8	0	1596	1478	173,333,173,333
1541513308.935843188	110	40	48	1	2	0	2	-45	4972	8	0	1596	1478	173,333,173,333
1541513308.947610496	110	40	48	1	2	0	2	-45	4973	8	0	1596	1478	173,333,173,333
1541513308.959346878	110	40	48	1	2	0	2	-45	4974	8	0	1596	1478	173,333,173,333
1541513308.971071454	110	40	48	1	2	0	2	-45	4975	8	0	1596	1478	173,333,173,333
1541513308.982848961	110	40	48	1	2	0	2	-45	4976	8	0	1596	1478	173,333,173,333
1541513308.994635086	110	40	48	1	2	0	2	-45	4977	8	0	1596	1478	173,333,173,333
1541513309.006317682	110	40	48	1	2	0	2	-45	4978	8	0	1596	1478	173,333,173,333
1541513309.018159139	110	40	48	1	2	0	2	-45	4979	8	0	1596	1478	173,333,173,333
1541513309.029944946	110	40	48	1	2	0	2	-45	4980	8	0	1596	1478	173,333,173,333
1541513309.041701395	110	40	48	1	2	0	2	-44	4981	8	0	1596	1478	173,333,173,333
1541513309.053384103	110	40	48	1	2	0	2	-44	4982	8	0	1596	1478	173,333,173,333
1541513309.065138095	110	40	48	1	2	0	2	-44	4983	8	0	1596	1478	173,333,173,333
1541513309.076807671	110	40	48	1	2	0	2	-44	4984	8	0	1596	1478	173,333,173,333
1541513309.088554279	110	40	48	1	2	0	2	-45	4985	8	0	1596	1478	173,333,173,333
1541513309.100328375	110	40	48	1	2	0	2	-45	4986	8	0	1596	1478	173,333,173,333
1541513309.112090972	110	40	48	1	2	0	2	-44	4987	8	0	1596	1478	173,333,173,333
1541513309.123824624	110	40	48	1	2	0	2	-44	4988	8	0	1596	1478	173,333,173,333
1541513309.135619014	110	40	48	1	2	0	2	-45	4989	8	0	1596	1478	173,333,173,333
1541513309.147500778	110	40	48	1	2	0	2	-45	4990	8	0	1596	1478	173,333,173,333
1541513309.159155509	110	40	48	1	2	0	2	-45	4991	8	0	1596	1478	173,333,173,333
1541513309.171036813	110	40	48	1	2	0	2	-46	4992	8	0	1596	1478	173,333,173,333
1541513309.182810800	110	40	48	1	2	0	2	-45	4993	8	0	1596	1478	173,333,173,333
1541513309.194575440	110	40	48	1	2	0	2	-45	4994	8	0	1596	1478	173,333,173,333
1541513309.206282650	110	40	48	1	2	0	2	-46	4995	8	0	1596	1478	173,333,173,333
1541513309.218047109	110	40	48	1	2	0	2	-45	4996	8	0	1596	1478	173,333,173,333
1541513309.229696190	110	40	48	1	2	0	2	-45	4997	8	0	1596	1478	173,333,173,333
1541513309.241472775	110	40	48	1	2	0	2	-45	4998	8	0	1596	1478	173,333,173,333
1541513309.253212678	110	40	48	1	2	0	2	-45	4999	8	0	1596	1478	173,333,173,333
1541513309.265032105	110	40	48	1	2	0	2	-45	5000	8	0	1596	1478	173,333,173,333
1541513309.276716871	110	40	48	1	2	0	2	-46	5001	8	0	1596	1478	173,333,173,333
1541513309.288588164	110	40	48	1	2	0	2	-45	5002	8	0	1596	1478	173,333,173,333
1541513309.300383993	110	40	48	1	2	0	2	-45	5003	8	0	1596	1478	173,333,173,333
1541513309.312129650	110	40	48	1	2	0	2	-46	5004	8	0	1596	1478	173,333,173,333
1541513309.323896817	110	40	48	1	2	0	2	-45	5005	8	0	1596	1478	173,333,173,333
1541513309.335658858	110	40	48	1	2	0	2	-46	5006	8	0	1596	1478	173,333,173,333
1541513309.347465596	110	40	48	1	2	0	2	-45	5007	8	0	1596	1478	173,333,173,333
1541513309.359132372	110	40	48	1	2	0	2	-45	5008	8	0	1596	1478	173,333,173,333
1541513309.370928233	110	40	48	1	2	0	2	-45	5009	8	0	1596	1478	173,333,173,333
1541513309.382674520	110	40	48	1	2	0	2	-45	5010	8	0	1596	1478	173,333,173,333
1541513309.394443119	110	40	48	1	2	0	2	-45	5011	8	0	1596	1478	173,333,173,333
1541513309.406200615	110	40	48	1	2	0	2	-45	5012	8	0	1596	1478	173,333,173,333
1541513309.417976678	110	40	48	1	2	0	2	-45	5013	8	0	1596	1478	173,333,173,333
1541513309.429757103	110	40	48	1	2	0	2	-45	5014	8	0	1596	1478	173,333,173,333
1541513309.441439648	110	40	48	1	2	0	2	-45	5015	8	0	1596	1478	173,333,173,333
1541513309.453215132	110	40	48	1	2	0	2	-45	5016	8	0	1596	1478	173,333,173,333
1541513309.464997284	110	40	48	1	2	0	2	-45	5017	8	0	1596	1478	173,333,173,333
1541513309.476754477	110	40	48	1	2	0	2	-45	5018	8	0	1596	1478	173,333,173,333
1541513309.488536941	110	40	48	1	2	0	2	-45	5019	8	0	1596	1478	173,333,173,333
1541513309.500148649	110	40	48	1	2	0	2	-45	5020	8	0	1596	1478	173,333,173,333
1541513309.512068297	110	40	48	1	2	0	2	-45	5021	8	0	1596	1478	173,333,173,333
1541513309.523766086	110	40	48	1	2	0	2	-45	5022	8	0	1596	1478	173,333,173,333
1541513309.535422022	110	40	48	1	2	0	2	-45	5023	8	0	1596	1478	173,333,173,333
1541513309.547501114	110	40	48	1	2	0	2	-45	5024	8	0	1596	1478	173,333,173,333
1541513309.558967088	110	40	48	1	2	0	2	-45	5025	8	0	1596	1478	173,333,173,333
1541513309.570766594	110	40	48	1	2	0	2	-46	5026	8	0	1596	1478	173,333,173,333
1541513309.582864621	110	40	48	1	2	0	2	-45	5027	8	0	1596	1478	173,333,173,333
1541513309.594352034	110	40	48	1	2	0	2	-45	5028	8	0	1596	1478	173,333,173,333
1541513309.606072126	110	40	48	1	2	0	2	-45	5029	8	0	1596	1478	173,333,173,333
1541513309.617859508	110	40	48	1	2	0	2	-45	5030	8	0	1596	1478	173,333,173,333
1541513309.629639815	110	40	48	1	2	0	2	-45	5031	8	0	1596	1478	173,333,173,333
1541513309.641402686	110	40	48	1	2	0	2	-45	5032	8	0	1596	1478	173,333,173,333
1541513309.653158351	110	40	48	1	2	0	2	-45	5033	8	0	1596	1478	173,333,173,333
1541513309.664924414	110	40	48	1	2	0	2	-45	5034	8	0	1596	1478	173,333,173,333
1541513309.676628440	110	40	48	1	2	0	2	-45	5035	8	0	1596	1478	173,333,173,333
1541513309.688401000	110	40	48	1	2	0	2	-45	5036	8	0	1596	1478	173,333,173,333
1541513309.700182375	110	40	48	1	2	0	2	-45	5037	8	0	1596	1478	173,333,173,333
1541513309.711960910	110	40	48	1	2	0	2	-45	5038	8	0	1596	1478	173,333,173,333
1541513309.723718726	110	40	48	1	2	0	2	-45	5039	8	0	1596	1478	173,333,173,333
1541513309.735470846	110	40	48	1	2	0	2	-45	5040	8	0	1596	1478	173,333,173,333
1541513309.747115168	110	40	48	1	2	0	2	-45	5041	8	0	1596	1478	173,333,173,333
1541513309.758845683	110	40	48	1	2	0	2	-45	5042	8	0	1596	1478	173,333,173,333
1541513309.770643185	110	40	48	1	2	0	2	-45	5043	8	0	1596	1478	173,333,173,333
1541513309.782383983	110	40	48	1	2	0	2	-45	5044	8	0	1596	1478	173,333,173,333
1541513309.794259820	110	40	48	1	2	0	2	-45	5045	8	0	1596	1478	173,333,173,333
1541513309.805884418	110	40	48	1	2	0	2	-44	5046	8	0	1596	1478	173,333,173,333
1541513309.817804274	110	40	48	1	2	0	2	-45	5047	8	0	1596	1478	173,333,173,333
1541513309.829571498	110	40	48	1	2	0	2	-44	5048	8	0	1596	1478	173,333,173,333
1541513309.841269950	110	40	48	1	2	0	2	-45	5049	8	0	1596	1478	173,333,173,333
1541513309.853023209	110	40	48	1	2	0	2	-44	5050	8	0	1596	1478	173,333,173,333
1541513309.864814017	110	40	48	1	2	0	2	-44	5051	8	0	1596	1478	173,333,173,333
1541513309.876579912	110	40	48	1	2	0	2	-44	5052	8	0	1596	1478	173,333,173,333
1541513309.888349959	110	40	48	1	2	0	2	-44	5053	8	0	1596	1478	173,333,173,333
1541513309.900115922	110	40	48	1	2	0	2	-44	5054	8	0	1596	1478	173,333,173,333
1541513309.911819454	110	40	48	1	2	0	2	-44	5055	8	0	1596	1478	173,333,173,333
1541513309.923577376	110	40	48	1	2	0	2	-45	5056	8	0	1596	1478	173,333,173,333
1541513309.935407706	110	40	48	1	2	0	2	-44	5057	8	0	1596	1478	173,333,173,333
1541513309.947194038	110	40	48	1	2	0	2	-45	5058	8	0	1596	1478	173,333,173,333
1541513309.958870751	110	40	48	1	2	0	2	-44	5059	8	0	1596	1478	173,333,173,333
1541513309.970672120	110	40	48	1	2	0	2	-45	5060	8	0	1596	1478	173,333,173,333
1541513309.982425927	110	40	48	1	2	0	2	-45	5061	8	0	1596	1478	173,333,173,333
1541513309.994109647	110	40	48	1	2	0	2	-45	5062	8	0	1596	1478	173,333,173,333
1541513310.005916246	110	40	48	1	2	0	2	-45	5063	8	0	1596	1478	173,333,173,333
1541513310.017692312	110	40	48	1	2	0	2	-45	5064	8	0	1596	1478	173,333,173,333
1541513310.029457554	110	40	48	1	2	0	2	-44	5065	8	0	1596	1478	173,333,173,333
1541513310.041357683	110	40	48	1	2	0	2	-44	5066	8	0	1596	1478	173,333,173,333
1541513310.052712238	110	40	48	1	2	0	2	-44	5067	8	0	1596	1478	173,333,173,333
1541513310.064557807	110	40	48	1	2	0	2	-45	5068	8	0	1596	1478	173,333,173,333
1541513310.076325755	110	40	48	1	2	0	2	-44	5069	8	0	1596	1478	173,333,173,333
1541513310.088069960	110	40	48	1	2	0	2	-44	5070	8	0	1596	1478	173,333,173,333
1541513310.099861397	110	40	48	1	2	0	2	-44	5071	8	0	1596	1478	173,333,173,333
1541513310.111603582	110	40	48	1	2	0	2	-44	5072	8	0	1596	1478	173,333,173,333
1541513310.123393903	110	40	48	1	2	0	2	-44	5073	8	0	1596	1478	173,333,173,333
1541513310.135123325	110	40	48	1	2	0	2	-44	5074	8	0	1596	1478	173,333,173,333
1541513310.146873046	110	40	48	1	2	0	2	-44	5075	8	0	1596	1478	173,333,173,333
1541513310.158631491	110	40	48	1	2	0	2	-45	5076	8	0	1596	1478	173,333,173,333
1541513310.170397325	110	40	48	1	2	0	2	-44	5077	8	0	1596	1478	173,333,173,333
1541513310.182177013	110	40	48	1	2	0	2	-44	5078	8	0	1596	1478	173,333,173,333
1541513310.193924193	110	40	48	1	2	0	2	-44	5079	8	0	1596	1478	173,333,173,333
1541513310.205679998	110	40	48	1	2	0	2	-44	5080	8	0	1596	1478	173,333,173,333
1541513310.217434511	110	40	48	1	2	0	2	-44	5081	8	0	1596	1478	173,333,173,333
1541513310.230022938	110	40	48	1	2	0	2	-45	5082	8	0	1596	1478	173,333,173,333
1541513310.240964176	110	40	48	1	2	0	2	-45	5083	8	0	1596	1478	173,333,173,333
1541513310.252646530	110	40	48	1	2	0	2	-44	5084	8	0	1596	1478	173,333,173,333
1541513310.264390273	110	40	48	1	2	0	2	-44	5085	8	0	1596	1478	173,333,173,333
1541513310.276116907	110	40	48	1	2	0	2	-44	5086	8	0	1596	1478	173,333,173,333
1541513310.287848796	110	40	48	1	2	0	2	-44	5087	8	0	1596	1478	173,333,173,333
1541513310.299707797	110	40	48	1	2	0	2	-44	5088	8	0	1596	1478	173,333,173,333
1541513310.311501225	110	40	48	1	2	0	2	-44	5089	8	0	1596	1478	173,333,173,333
1541513310.323195487	110	40	48	1	2	0	2	-44	5090	8	0	1596	1478	173,333,173,333
1541513310.335017063	110	40	48	1	2	0	2	-44	5091	8	0	1596	1478	173,333,173,333
1541513310.346908104	110	40	48	1	2	0	2	-44	5092	8	0	1596	1478	173,333,173,333
1541513310.358660074	110	40	48	1	2	0	2	-45	5093	8	0	1596	1478	173,333,173,333
1541513310.370428933	110	40	48	1	2	0	2	-44	5094	8	0	1596	1478	173,333,173,333
1541513310.382209857	110	40	48	1	2	0	2	-44	5095	8	0	1596	1478	173,333,173,333
1541513310.393876771	110	40	48	1	2	0	2	-45	5096	8	0	1596	1478	173,333,173,333
1541513310.406830578	110	40	48	1	2	0	2	-45	5097	8	0	1596	1478	173,333,173,333
1541513310.417520021	110	40	48	1	2	0	2	-44	5098	8	0	1596	1478	173,333,173,333
1541513310.429293095	110	40	48	1	2	0	2	-44	5099	8	0	1596	1478	173,333,173,333
1541513310.440873010	110	40	48	1	2	0	2	-44	5100	8	0	1596	1478	173,333,173,333
1541513310.452755321	110	40	48	1	2	0	2	-45	5101	8	0	1596	1478	173,333,173,333
1541513310.464529391	110	40	48	1	2	0	2	-45	5102	8	0	1596	1478	173,333,173,333
1541513310.476302036	110	40	48	1	2	0	2	-45	5103	8	0	1596	1478	173,333,173,333
1541513310.488068785	110	40	48	1	2	0	2	-45	5104	8	0	1596	1478	173,333,173,333
1541513310.499831733	110	40	48	1	2	0	2	-45	5105	8	0	1596	1478	173,333,173,333
1541513310.511453302	110	40	48	1	2	0	2	-45	5106	8	0	1596	1478	173,333,173,333
1541513310.523175328	110	40	48	1	2	0	2	-45	5107	8	0	1596	1478	173,333,173,333
1541513310.534953979	110	40	48	1	2	0	2	-45	5108	8	0	1596	1478	173,333,173,333
1541513310.546739511	110	40	48	1	2	0	2	-45	5109	8	0	1596	1478	173,333,173,333
1541513310.558336299	110	40	48	1	2	0	2	-45	5110	8	0	1596	1478	173,333,173,333
1541513310.570295540	110	40	48	1	2	0	2	-46	5111	8	0	1596	1478	173,333,173,333
1541513310.582045684	110	40	48	1	2	0	2	-45	5112	8	0	1596	1478	173,333,173,333
1541513310.593905459	110	40	48	1	2	0	2	-45	5113	8	0	1596	1478	173,333,173,333
1541513310.605524661	110	40	48	1	2	0	2	-45	5114	8	0	1596	1478	173,333,173,333
1541513310.617385962	110	40	48	1	2	0	2	-45	5115	8	0	1596	1478	173,333,173,333
1541513310.629151741	110	40	48	1	2	0	2	-45	5116	8	0	1596	1478	173,333,173,333
1541513310.640946781	110	40	48	1	2	0	2	-45	5117	8	0	1596	1478	173,333,173,333
1541513310.652699652	110	40	48	1	2	0	2	-45	5118	8	0	1596	1478	173,333,173,333
1541513310.664444178	110	40	48	1	2	0	2	-45	5119	8	0	1596	1478	173,333,173,333
1541513310.676235586	110	40	48	1	2	0	2	-45	5120	8	0	1596	1478	173,333,173,333
1541513310.687927509	110	40	48	1	2	0	2	-45	5121	8	0	1596	1478	173,333,173,333
1541513310.699707800	110	40	48	1	2	0	2	-45	5122	8	0	1596	1478	173,333,173,333
1541513310.711458117	110	40	48	1	2	0	2	-45	5123	8	0	1596	1478	173,333,173,333
1541513310.723235814	110	40	48	1	2	0	2	-45	5124	8	0	1596	1478	173,333,173,333
1541513310.735012501	110	40	48	1	2	0	2	-45	5125	8	0	1596	1478	173,333,173,333
1541513310.746714659	110	40	48	1	2	0	2	-45	5126	8	0	1596	1478	173,333,173,333
1541513310.758399916	110	40	48	1	2	0	2	-45	5127	8	0	1596	1478	173,333,173,333
1541513310.770155475	110	40	48	1	2	0	2	-45	5128	8	0	1596	1478	173,333,173,333
1541513310.781937231	110	40	48	1	2	0	2	-45	5129	8	0	1596	1478	173,333,173,333
1541513310.793694073	110	40	48	1	2	0	2	-45	5130	8	0	1596	1478	173,333,173,333
1541513310.805431522	110	40	48	1	2	0	2	-45	5131	8	0	1596	1478	173,333,173,333
1541513310.817319158	110	40	48	1	2	0	2	-45	5132	8	0	1596	1478	173,333,173,333
1541513310.829088050	110	40	48	1	2	0	2	-45	5133	8	0	1596	1478	173,333,173,333
1541513310.840793008	110	40	48	1	2	0	2	-45	5134	8	0	1596	1478	173,333,173,333
1541513310.852455069	110	40	48	1	2	0	2	-45	5135	8	0	1596	1478	173,333,173,333
1541513310.864330097	110	40	48	1	2	0	2	-45	5136	8	0	1596	1478	173,333,173,333
1541513310.875989674	110	40	48	1	2	0	2	-45	5137	8	0	1596	1478	173,333,173,333
1541513310.887865430	110	40	48	1	2	0	2	-45	5138	8	0	1596	1478	173,333,173,333
1541513310.899631738	110	40	48	1	2	0	2	-45	5139	8	0	1596	1478	173,333,173,333
1541513310.911259894	110	40	48	1	2	0	2	-45	5140	8	0	1596	1478	173,333,173,333
1541513310.923121065	110	40	48	1	2	0	2	-45	5141	8	0	1596	1478	173,333,173,333
1541513310.934853850	110	40	48	1	2	0	2	-45	5142	8	0	1596	1478	173,333,173,333
1541513310.946890152	110	40	48	1	2	0	2	-45	5143	8	0	1596	1478	173,333,173,333
1541513310.958380322	110	40	48	1	2	0	2	-45	5144	8	0	1596	1478	173,333,173,333
1541513310.970235394	110	40	48	1	2	0	2	-45	5145	8	0	1596	1478	173,333,173,333
1541513310.981965690	110	40	48	1	2	0	2	-45	5146	8	0	1596	1478	173,333,173,333
1541513310.993638087	110	40	48	1	2	0	2	-45	5147	8	0	1596	1478	173,333,173,333
1541513311.005440846	110	40	48	1	2	0	2	-45	5148	8	0	1596	1478	173,333,173,333
1541513311.017071537	110	40	48	1	2	0	2	-45	5149	8	0	1596	1478	173,333,173,333
1541513311.028843714	110	40	48	1	2	0	2	-45	5150	8	0	1596	1478	173,333,173,333
1541513311.040581511	110	40	48	1	2	0	2	-45	5151	8	0	1596	1478	173,333,173,333
1541513311.052338096	110	40	48	1	2	0	2	-45	5152	8	0	1596	1478	173,333,173,333
1541513311.064121484	110	40	48	1	2	0	2	-45	5153	8	0	1596	1478	173,333,173,333
1541513311.075848859	110	40	48	1	2	0	2	-45	5154	8	0	1596	1478	173,333,173,333
1541513311.087621762	110	40	48	1	2	0	2	-45	5155	8	0	1596	1478	173,333,173,333
1541513311.099362584	110	40	48	1	2	0	2	-45	5156	8	0	1596	1478	173,333,173,333
1541513311.111075547	110	40	48	1	2	0	2	-45	5157	8	0	1596	1478	173,333,173,333
1541513311.122876860	110	40	48	1	2	0	2	-45	5158	8	0	1596	1478	173,333,173,333
1541513311.134655133	110	40	48	1	2	0	2	-45	5159	8	0	1596	1478	173,333,173,333
1541513311.146422570	110	40	48	1	2	0	2	-45	5160	8	0	1596	1478	173,333,173,333
1541513311.158158667	110	40	48	1	2	0	2	-45	5161	8	0	1596	1478	173,333,173,333
1541513311.169941651	110	40	48	1	2	0	2	-45	5162	8	0	1596	1478	173,333,173,333
1541513311.181689507	110	40	48	1	2	0	2	-45	5163	8	0	1596	1478	173,333,173,333
1541513311.193457059	110	40	48	1	2	0	2	-45	5164	8	0	1596	1478	173,333,173,333
1541513311.205201111	110	40	48	1	2	0	2	-45	5165	8	0	1596	1478	173,333,173,333
1541513311.216970396	110	40	48	1	2	0	2	-45	5166	8	0	1596	1478	173,333,173,333
1541513311.228726220	110	40	48	1	2	0	2	-45	5167	8	0	1596	1478	173,333,173,333
1541513311.240498934	110	40	48	1	2	0	2	-45	5168	8	0	1596	1478	173,333,173,333
1541513311.252258803	110	40	48	1	2	0	2	-45	5169	8	0	1596	1478	173,333,173,333
1541513311.264009420	110	40	48	1	2	0	2	-45	5170	8	0	1596	1478	173,333,173,333
1541513311.275662167	110	40	48	1	2	0	2	-45	5171	8	0	1596	1478	173,333,173,333
1541513311.287436746	110	40	48	1	2	0	2	-45	5172	8	0	1596	1478	173,333,173,333
1541513311.299395111	110	40	48	1	2	0	2	-45	5173	8	0	1596	1478	173,333,173,333
1541513311.314063949	110	40	48	1	2	0	2	-45	5175	8	0	1596	1478	173,333,173,333
1541513311.322932492	110	40	48	1	2	0	2	-45	5176	8	0	1596	1478	173,333,173,333
1541513311.334736642	110	40	48	1	2	0	2	-45	5177	8	0	1596	1478	173,333,173,333
1541513311.346481063	110	40	48	1	2	0	2	-44	5178	8	0	1596	1478	173,333,173,333
1541513311.358242730	110	40	48	1	2	0	2	-45	5179	8	0	1596	1478	173,333,173,333
1541513311.369854951	110	40	48	1	2	0	2	-45	5180	8	0	1596	1478	173,333,173,333
1541513311.381636444	110	40	48	1	2	0	2	-44	5181	8	0	1596	1478	173,333,173,333
1541513311.393481324	110	40	48	1	2	0	2	-44	5182	8	0	1596	1478	173,333,173,333
1541513311.405216042	110	40	48	1	2	0	2	-44	5183	8	0	1596	1478	173,333,173,333
1541513311.417016317	110	40	48	1	2	0	2	-45	5184	8	0	1596	1478	173,333,173,333
1541513311.428808941	110	40	48	1	2	0	2	-45	5185	8	0	1596	1478	173,333,173,333
1541513311.440588344	110	40	48	1	2	0	2	-45	5186	8	0	1596	1478	173,333,173,333
1541513311.452278570	110	40	48	1	2	0	2	-44	5187	8	0	1596	1478	173,333,173,333
1541513311.464024986	110	40	48	1	2	0	2	-45	5188	8	0	1596	1478	173,333,173,333
1541513311.475730913	110	40	48	1	2	0	2	-45	5189	8	0	1596	1478	173,333,173,333
1541513311.487503552	110	40	48	1	2	0	2	-44	5190	8	0	1596	1478	173,333,173,333
1541513311.499269788	110	40	48	1	2	0	2	-44	5191	8	0	1596	1478	173,333,173,333
1541513311.511041269	110	40	48	1	2	0	2	-44	5192	8	0	1596	1478	173,333,173,333
1541513311.522651866	110	40	48	1	2	0	2	-44	5193	8	0	1596	1478	173,333,173,333
1541513311.534374824	110	40	48	1	2	0	2	-44	5194	8	0	1596	1478	173,333,173,333
1541513311.546260131	110	40	48	1	2	0	2	-45	5195	8	0	1596	1478	173,333,173,333
1541513311.558016475	110	40	48	1	2	0	2	-44	5196	8	0	1596	1478	173,333,173,333
1541513311.569817334	110	40	48	1	2	0	2	-44	5197	8	0	1596	1478	173,333,173,333
1541513311.581679602	110	40	48	1	2	0	2	-44	5198	8	0	1596	1478	173,333,173,333
1541513311.593449523	110	40	48	1	2	0	2	-44	5199	8	0	1596	1478	173,333,173,333
1541513311.605128088	110	40	48	1	2	0	2	-44	5200	8	0	1596	1478	173,333,173,333
1541513311.616911334	110	40	48	1	2	0	2	-44	5201	8	0	1596	1478	173,333,173,333
1541513311.628697586	110	40	48	1	2	0	2	-44	5202	8	0	1596	1478	173,333,173,333
1541513311.640450323	110	40	48	1	2	0	2	-44	5203	8	0	1596	1478	173,333,173,333
1541513311.652222364	110	40	48	1	2	0	2	-44	5204	8	0	1596	1478	173,333,173,333
1541513311.663870083	110	40	48	1	2	0	2	-44	5205	8	0	1596	1478	173,333,173,333
1541513311.675739729	110	40	48	1	2	0	2	-44	5206	8	0	1596	1478	173,333,173,333
1541513311.687443940	110	40	48	1	2	0	2	-45	5207	8	0	1596	1478	173,333,173,333
1541513311.699237087	110	40	48	1	2	0	2	-44	5208	8	0	1596	1478	173,333,173,333
1541513311.711041231	110	40	48	1	2	0	2	-44	5209	8	0	1596	1478	173,333,173,333
1541513311.722775807	110	40	48	1	2	0	2	-44	5210	8	0	1596	1478	173,333,173,333
1541513311.734540280	110	40	48	1	2	0	2	-44	5211	8	0	1596	1478	173,333,173,333
1541513311.746321116	110	40	48	1	2	0	2	-45	5212	8	0	1596	1478	173,333,173,333
1541513311.757928617	110	40	48	1	2	0	2	-44	5213	8	0	1596	1478	173,333,173,333
1541513311.769659010	110	40	48	1	2	0	2	-44	5214	8	0	1596	1478	173,333,173,333
1541513311.781531057	110	40	48	1	2	0	2	-45	5215	8	0	1596	1478	173,333,173,333
1541513311.793235863	110	40	48	1	2	0	2	-45	5216	8	0	1596	1478	173,333,173,333
1541513311.804862280	110	40	48	1	2	0	2	-45	5217	8	0	1596	1478	173,333,173,333
1541513311.816722685	110	40	48	1	2	0	2	-44	5218	8	0	1596	1478	173,333,173,333
1541513311.828500538	110	40	48	1	2	0	2	-45	5219	8	0	1596	1478	173,333,173,333
1541513311.840229652	110	40	48	1	2	0	2	-45	5220	8	0	1596	1478	173,333,173,333
1541513311.851985732	110	40	48	1	2	0	2	-45	5221	8	0	1596	1478	173,333,173,333
1541513311.863887599	110	40	48	1	2	0	2	-45	5222	8	0	1596	1478	173,333,173,333
1541513311.875515237	110	40	48	1	2	0	2	-45	5223	8	0	1596	1478	173,333,173,333
1541513311.887396532	110	40	48	1	2	0	2	-45	5224	8	0	1596	1478	173,333,173,333
1541513311.899169229	110	40	48	1	2	0	2	-44	5225	8	0	1596	1478	173,333,173,333
1541513311.910794040	110	40	48	1	2	0	2	-44	5226	8	0	1596	1478	173,333,173,333
1541513311.922612322	110	40	48	1	2	0	2	-44	5227	8	0	1596	1478	173,333,173,333
1541513311.934412535	110	40	48	1	2	0	2	-45	5228	8	0	1596	1478	173,333,173,333
1541513311.946198051	110	40	48	1	2	0	2	-45	5229	8	0	1596	1478	173,333,173,333
1541513311.957955200	110	40	48	1	2	0	2	-45	5230	8	0	1596	1478	173,333,173,333
1541513311.969731282	110	40	48	1	2	0	2	-45	5231	8	0	1596	1478	173,333,173,333
1541513311.981488256	110	40	48	1	2	0	2	-45	5232	8	0	1596	1478	173,333,173,333
1541513311.993090806	110	40	48	1	2	0	2	-45	5233	8	0	1596	1478	173,333,173,333
1541513312.004837619	110	40	48	1	2	0	2	-45	5234	8	0	1596	1478	173,333,173,333
1541513312.016540681	110	40	48	1	2	0	2	-45	5235	8	0	1596	1478	173,333,173,333
1541513312.028485947	110	40	48	1	2	0	2	-45	5236	8	0	1596	1478	173,333,173,333
1541513312.040319780	110	40	48	1	2	0	2	-45	5237	8	0	1596	1478	173,333,173,333
1541513312.052088748	110	40	48	1	2	0	2	-45	5238	8	0	1596	1478	173,333,173,333
1541513312.063853154	110	40	48	1	2	0	2	-45	5239	8	0	1596	1478	173,333,173,333
1541513312.075556181	110	40	48	1	2	0	2	-45	5240	8	0	1596	1478	173,333,173,333
1541513312.087325681	110	40	48	1	2	0	2	-45	5241	8	0	1596	1478	173,333,173,333
1541513312.099095553	110	40	48	1	2	0	2	-45	5242	8	0	1596	1478	173,333,173,333
1541513312.110870443	110	40	48	1	2	0	2	-45	5243	8	0	1596	1478	173,333,173,333
1541513312.122632915	110	40	48	1	2	0	2	-45	5244	8	0	1596	1478	173,333,173,333
1541513312.134279788	110	40	48	1	2	0	2	-44	5245	8	0	1596	1478	173,333,173,333
1541513312.146035475	110	40	48	1	2	0	2	-44	5246	8	0	1596	1478	173,333,173,333
1541513312.157870150	110	40	48	1	2	0	2	-44	5247	8	0	1596	1478	173,333,173,333
1541513312.169616761	110	40	48	1	2	0	2	-44	5248	8	0	1596	1478	173,333,173,333
1541513312.181435112	110	40	48	1	2	0	2	-44	5249	8	0	1596	1478	173,333,173,333
1541513312.193184854	110	40	48	1	2	0	2	-44	5250	8	0	1596	1478	173,333,173,333
1541513312.204966977	110	40	48	1	2	0	2	-44	5251	8	0	1596	1478	173,333,173,333
1541513312.216658681	110	40	48	1	2	0	2	-44	5252	8	0	1596	1478	173,333,173,333
1541513312.228318578	110	40	48	1	2	0	2	-44	5253	8	0	1596	1478	173,333,173,333
1541513312.240479814	110	40	48	1	2	0	2	-44	5254	8	0	1596	1478	173,333,173,333
1541513312.251745442	110	40	48	1	2	0	2	-44	5255	8	0	1596	1478	173,333,173,333
1541513312.263603972	110	40	48	1	2	0	2	-44	5256	8	0	1596	1478	173,333,173,333
1541513312.275435463	110	40	48	1	2	0	2	-44	5257	8	0	1596	1478	173,333,173,333
1541513312.287180421	110	40	48	1	2	0	2	-44	5258	8	0	1596	1478	173,333,173,333
1541513312.298703874	110	40	48	1	2	0	2	-44	5259	8	0	1596	1478	173,333,173,333
1541513312.310476475	110	40	48	1	2	0	2	-44	5260	8	0	1596	1478	173,333,173,333
1541513312.322475223	110	40	48	1	2	0	2	-44	5262	8	0	1596	1478	173,333,173,333
1541513312.334236214	110	40	48	1	2	0	2	-44	5263	8	0	1596	1478	173,333,173,333
1541513312.345995806	110	40	48	1	2	0	2	-44	5264	8	0	1596	1478	173,333,173,333
1541513312.357779627	110	40	48	1	2	0	2	-44	5265	8	0	1596	1478	173,333,173,333
1541513312.369431161	110	40	48	1	2	0	2	-43	5266	8	0	1596	1478	173,333,173,333
1541513312.381140298	110	40	48	1	2	0	2	-44	5267	8	0	1596	1478	173,333,173,333
1541513312.392897615	110	40	48	1	2	0	2	-43	5268	8	0	1596	1478	173,333,173,333
1541513312.404784020	110	40	48	1	2	0	2	-43	5269	8	0	1596	1478	173,333,173,333
1541513312.416537328	110	40	48	1	2	0	2	-44	5270	8	0	1596	1478	173,333,173,333
1541513312.428293787	110	40	48	1	2	0	2	-43	5271	8	0	1596	1478	173,333,173,333
1541513312.440089149	110	40	48	1	2	0	2	-43	5272	8	0	1596	1478	173,333,173,333
1541513312.451774616	110	40	48	1	2	0	2	-44	5273	8	0	1596	1478	173,333,173,333
1541513312.463475103	110	40	48	1	2	0	2	-44	5274	8	0	1596	1478	173,333,173,333
1541513312.475266613	110	40	48	1	2	0	2	-44	5275	8	0	1596	1478	173,333,173,333
1541513312.487119291	110	40	48	1	2	0	2	-44	5276	8	0	1596	1478	173,333,173,333
1541513312.498877653	110	40	48	1	2	0	2	-43	5277	8	0	1596	1478	173,333,173,333
1541513312.510646090	110	40	48	1	2	0	2	-43	5278	8	0	1596	1478	173,333,173,333
1541513312.522382024	110	40	48	1	2	0	2	-43	5279	8	0	1596	1478	173,333,173,333
1541513312.534081702	110	40	48	1	2	0	2	-44	5280	8	0	1596	1478	173,333,173,333
