1541513106.857909579	181	40	48	1	2	0	2	-44	2539	8	0	3130	1478,1478	173,333,173,333
1541513106.857958677	181	40	48	1	2	0	2	-44	2539	8	0	3130	1478,1478	173,333,173,333
1541513106.857970563	181	40	48	1	2	0	2	-44	2539	8	0	3130	1478,1478	173,333,173,333
1541513106.857981708	181	40	48	1	2	0	2	-44	2539	8	0	3130	1478,1478	173,333,173,333
1541513106.857992350	181	40	48	1	2	0	2	-44	2539	8	0	3130	1478,1478	173,333,173,333
1541513106.858005428	181	40	48	1	2	0	2	-44	2539	8	0	3130	1478,1478	173,333,173,333
1541513106.858017605	181	40	48	1	2	0	2	-44	2539	8	0	3130	1478,1478	173,333,173,333
1541513106.858034982	181	40	48	1	2	0	2	-44	2539	8	0	3130	1478,1478	173,333,173,333
1541513106.858048603	110	40	48	1	2	0	2	-44	2539	8	0	1596	1478	173,333,173,333
1541513106.858467001	110	40	48	1	2	0	2	-44	2540	8	0	1596	1478	173,333,173,333
1541513106.870445964	110	40	48	1	2	0	2	-44	2541	8	0	1596	1478	173,333,173,333
1541513106.882376505	110	40	48	1	2	0	2	-44	2542	8	0	1596	1478	173,333,173,333
1541513106.894090191	110	40	48	1	2	0	2	-44	2543	8	0	1596	1478	173,333,173,333
1541513106.905877042	110	40	48	1	2	0	2	-45	2544	8	0	1596	1478	173,333,173,333
1541513106.917521127	110	40	48	1	2	0	2	-44	2545	8	0	1596	1478	173,333,173,333
1541513106.929399940	110	40	48	1	2	0	2	-44	2546	8	0	1596	1478	173,333,173,333
1541513106.941167037	110	40	48	1	2	0	2	-44	2547	8	0	1596	1478	173,333,173,333
1541513106.952934972	110	40	48	1	2	0	2	-44	2548	8	0	1596	1478	173,333,173,333
1541513106.964526287	110	40	48	1	2	0	2	-44	2549	8	0	1596	1478	173,333,173,333
1541513106.976222307	110	40	48	1	2	0	2	-44	2550	8	0	1596	1478	173,333,173,333
1541513106.988012229	110	40	48	1	2	0	2	-44	2551	8	0	1596	1478	173,333,173,333
1541513106.999864547	110	40	48	1	2	0	2	-44	2552	8	0	1596	1478	173,333,173,333
1541513107.011653242	110	40	48	1	2	0	2	-45	2553	8	0	1596	1478	173,333,173,333
1541513107.023446433	110	40	48	1	2	0	2	-45	2554	8	0	1596	1478	173,333,173,333
1541513107.035197746	110	40	48	1	2	0	2	-45	2555	8	0	1596	1478	173,333,173,333
1541513107.046920699	110	40	48	1	2	0	2	-45	2556	8	0	1596	1478	173,333,173,333
1541513107.059058910	110	40	48	1	2	0	2	-45	2557	8	0	1596	1478	173,333,173,333
1541513107.070489463	110	40	48	1	2	0	2	-44	2558	8	0	1596	1478	173,333,173,333
1541513107.082251755	110	40	48	1	2	0	2	-45	2559	8	0	1596	1478	173,333,173,333
1541513107.093971375	110	40	48	1	2	0	2	-45	2560	8	0	1596	1478	173,333,173,333
1541513107.105815766	110	40	48	1	2	0	2	-45	2561	8	0	1596	1478	173,333,173,333
1541513107.117463671	110	40	48	1	2	0	2	-45	2562	8	0	1596	1478	173,333,173,333
1541513107.129240273	110	40	48	1	2	0	2	-44	2563	8	0	1596	1478	173,333,173,333
1541513107.141014244	110	40	48	1	2	0	2	-44	2564	8	0	1596	1478	173,333,173,333
1541513107.152767816	110	40	48	1	2	0	2	-44	2565	8	0	1596	1478	173,333,173,333
1541513107.164546987	110	40	48	1	2	0	2	-44	2566	8	0	1596	1478	173,333,173,333
1541513107.176180862	110	40	48	1	2	0	2	-44	2567	8	0	1596	1478	173,333,173,333
1541513107.188104807	110	40	48	1	2	0	2	-44	2568	8	0	1596	1478	173,333,173,333
1541513107.199728665	110	40	48	1	2	0	2	-44	2569	8	0	1596	1478	173,333,173,333
1541513107.211321692	110	40	48	1	2	0	2	-44	2570	8	0	1596	1478	173,333,173,333
1541513107.223176041	110	40	48	1	2	0	2	-44	2571	8	0	1596	1478	173,333,173,333
1541513107.234996874	110	40	48	1	2	0	2	-44	2572	8	0	1596	1478	173,333,173,333
1541513107.246767699	110	40	48	1	2	0	2	-44	2573	8	0	1596	1478	173,333,173,333
1541513107.258391819	110	40	48	1	2	0	2	-44	2574	8	0	1596	1478	173,333,173,333
1541513107.270166662	110	40	48	1	2	0	2	-44	2575	8	0	1596	1478	173,333,173,333
1541513107.282037472	110	40	48	1	2	0	2	-44	2576	8	0	1596	1478	173,333,173,333
1541513107.293853556	110	40	48	1	2	0	2	-45	2577	8	0	1596	1478	173,333,173,333
1541513107.305580004	110	40	48	1	2	0	2	-45	2578	8	0	1596	1478	173,333,173,333
1541513107.317415864	110	40	48	1	2	0	2	-45	2579	8	0	1596	1478	173,333,173,333
1541513107.329157444	110	40	48	1	2	0	2	-45	2580	8	0	1596	1478	173,333,173,333
1541513107.340960782	110	40	48	1	2	0	2	-45	2581	8	0	1596	1478	173,333,173,333
1541513107.352652769	110	40	48	1	2	0	2	-45	2582	8	0	1596	1478	173,333,173,333
1541513107.364431552	110	40	48	1	2	0	2	-45	2583	8	0	1596	1478	173,333,173,333
1541513107.379704059	110	40	48	1	2	0	2	-45	2584	8	0	1596	1478	173,333,173,333
1541513107.387985887	110	40	48	1	2	0	2	-44	2585	8	0	1596	1478	173,333,173,333
1541513107.399752487	110	40	48	1	2	0	2	-44	2586	8	0	1596	1478	173,333,173,333
1541513107.411503995	110	40	48	1	2	0	2	-44	2587	8	0	1596	1478	173,333,173,333
1541513107.423278511	110	40	48	1	2	0	2	-45	2588	8	0	1596	1478	173,333,173,333
1541513107.434970048	110	40	48	1	2	0	2	-45	2589	8	0	1596	1478	173,333,173,333
1541513107.446740878	110	40	48	1	2	0	2	-45	2590	8	0	1596	1478	173,333,173,333
1541513107.458512263	110	40	48	1	2	0	2	-45	2591	8	0	1596	1478	173,333,173,333
1541513107.470292878	110	40	48	1	2	0	2	-45	2592	8	0	1596	1478	173,333,173,333
1541513107.482059105	110	40	48	1	2	0	2	-45	2593	8	0	1596	1478	173,333,173,333
1541513107.493810823	110	40	48	1	2	0	2	-44	2594	8	0	1596	1478	173,333,173,333
1541513107.506167698	110	40	48	1	2	0	2	-44	2595	8	0	1596	1478	173,333,173,333
1541513107.517331102	110	40	48	1	2	0	2	-44	2596	8	0	1596	1478	173,333,173,333
1541513107.529088612	110	40	48	1	2	0	2	-45	2597	8	0	1596	1478	173,333,173,333
1541513107.540792006	110	40	48	1	2	0	2	-45	2598	8	0	1596	1478	173,333,173,333
1541513107.552617151	110	40	48	1	2	0	2	-45	2599	8	0	1596	1478	173,333,173,333
1541513107.564385723	110	40	48	1	2	0	2	-45	2600	8	0	1596	1478	173,333,173,333
1541513107.576104773	110	40	48	1	2	0	2	-45	2601	8	0	1596	1478	173,333,173,333
1541513107.587814086	110	40	48	1	2	0	2	-45	2602	8	0	1596	1478	173,333,173,333
1541513107.599612165	110	40	48	1	2	0	2	-45	2603	8	0	1596	1478	173,333,173,333
1541513107.611348230	110	40	48	1	2	0	2	-45	2604	8	0	1596	1478	173,333,173,333
1541513107.623167153	110	40	48	1	2	0	2	-45	2605	8	0	1596	1478	173,333,173,333
1541513107.634929836	110	40	48	1	2	0	2	-45	2606	8	0	1596	1478	173,333,173,333
1541513107.646696077	110	40	48	1	2	0	2	-45	2607	8	0	1596	1478	173,333,173,333
1541513107.658460146	110	40	48	1	2	0	2	-45	2608	8	0	1596	1478	173,333,173,333
1541513107.670162902	110	40	48	1	2	0	2	-45	2609	8	0	1596	1478	173,333,173,333
1541513107.681933216	110	40	48	1	2	0	2	-45	2610	8	0	1596	1478	173,333,173,333
1541513107.693711672	110	40	48	1	2	0	2	-45	2611	8	0	1596	1478	173,333,173,333
1541513107.705496143	110	40	48	1	2	0	2	-45	2612	8	0	1596	1478	173,333,173,333
1541513107.717276950	110	40	48	1	2	0	2	-45	2613	8	0	1596	1478	173,333,173,333
1541513107.728963308	110	40	48	1	2	0	2	-45	2614	8	0	1596	1478	173,333,173,333
1541513107.740620597	110	40	48	1	2	0	2	-45	2615	8	0	1596	1478	173,333,173,333
1541513107.752362752	110	40	48	1	2	0	2	-45	2616	8	0	1596	1478	173,333,173,333
1541513107.764107801	110	40	48	1	2	0	2	-45	2617	8	0	1596	1478	173,333,173,333
1541513107.775926301	110	40	48	1	2	0	2	-45	2618	8	0	1596	1478	173,333,173,333
1541513107.787535672	110	40	48	1	2	0	2	-45	2619	8	0	1596	1478	173,333,173,333
1541513107.799274713	110	40	48	1	2	0	2	-45	2620	8	0	1596	1478	173,333,173,333
1541513107.811028377	110	40	48	1	2	0	2	-45	2621	8	0	1596	1478	173,333,173,333
1541513107.822833076	110	40	48	1	2	0	2	-45	2622	8	0	1596	1478	173,333,173,333
1541513107.834691734	110	40	48	1	2	0	2	-45	2623	8	0	1596	1478	173,333,173,333
1541513107.846533334	110	40	48	1	2	0	2	-45	2624	8	0	1596	1478	173,333,173,333
1541513107.858131066	110	40	48	1	2	0	2	-45	2625	8	0	1596	1478	173,333,173,333
1541513107.870055546	110	40	48	1	2	0	2	-45	2626	8	0	1596	1478	173,333,173,333
1541513107.881687467	110	40	48	1	2	0	2	-45	2627	8	0	1596	1478	173,333,173,333
1541513107.893512414	110	40	48	1	2	0	2	-45	2628	8	0	1596	1478	173,333,173,333
1541513107.905383335	110	40	48	1	2	0	2	-45	2629	8	0	1596	1478	173,333,173,333
1541513107.917162392	110	40	48	1	2	0	2	-45	2630	8	0	1596	1478	173,333,173,333
1541513107.928723759	110	40	48	1	2	0	2	-45	2631	8	0	1596	1478	173,333,173,333
1541513107.940679516	110	40	48	1	2	0	2	-45	2632	8	0	1596	1478	173,333,173,333
1541513107.952438467	110	40	48	1	2	0	2	-45	2633	8	0	1596	1478	173,333,173,333
1541513107.964203668	110	40	48	1	2	0	2	-45	2634	8	0	1596	1478	173,333,173,333
1541513107.975902367	110	40	48	1	2	0	2	-45	2635	8	0	1596	1478	173,333,173,333
1541513107.987698141	110	40	48	1	2	0	2	-45	2636	8	0	1596	1478	173,333,173,333
1541513107.999468251	110	40	48	1	2	0	2	-45	2637	8	0	1596	1478	173,333,173,333
1541513108.011217563	110	40	48	1	2	0	2	-45	2638	8	0	1596	1478	173,333,173,333
1541513108.023012471	110	40	48	1	2	0	2	-45	2639	8	0	1596	1478	173,333,173,333
1541513108.034759051	110	40	48	1	2	0	2	-45	2640	8	0	1596	1478	173,333,173,333
1541513108.046523379	110	40	48	1	2	0	2	-45	2641	8	0	1596	1478	173,333,173,333
1541513108.058221251	110	40	48	1	2	0	2	-45	2642	8	0	1596	1478	173,333,173,333
1541513108.069974361	110	40	48	1	2	0	2	-45	2643	8	0	1596	1478	173,333,173,333
1541513108.081763404	110	40	48	1	2	0	2	-45	2644	8	0	1596	1478	173,333,173,333
1541513108.093548696	110	40	48	1	2	0	2	-45	2645	8	0	1596	1478	173,333,173,333
1541513108.105327091	110	40	48	1	2	0	2	-45	2646	8	0	1596	1478	173,333,173,333
1541513108.117075603	110	40	48	1	2	0	2	-45	2647	8	0	1596	1478	173,333,173,333
1541513108.128860124	110	40	48	1	2	0	2	-45	2648	8	0	1596	1478	173,333,173,333
1541513108.140533492	110	40	48	1	2	0	2	-45	2649	8	0	1596	1478	173,333,173,333
1541513108.152313683	110	40	48	1	2	0	2	-45	2650	8	0	1596	1478	173,333,173,333
1541513108.164083292	110	40	48	1	2	0	2	-45	2651	8	0	1596	1478	173,333,173,333
1541513108.175865001	110	40	48	1	2	0	2	-45	2652	8	0	1596	1478	173,333,173,333
1541513108.187499624	110	40	48	1	2	0	2	-45	2653	8	0	1596	1478	173,333,173,333
1541513108.199244316	110	40	48	1	2	0	2	-45	2654	8	0	1596	1478	173,333,173,333
1541513108.210964772	110	40	48	1	2	0	2	-45	2655	8	0	1596	1478	173,333,173,333
1541513108.222928992	110	40	48	1	2	0	2	-45	2656	8	0	1596	1478	173,333,173,333
1541513108.234561584	110	40	48	1	2	0	2	-45	2657	8	0	1596	1478	173,333,173,333
1541513108.246413000	110	40	48	1	2	0	2	-45	2658	8	0	1596	1478	173,333,173,333
1541513108.258088530	110	40	48	1	2	0	2	-45	2659	8	0	1596	1478	173,333,173,333
1541513108.269941886	110	40	48	1	2	0	2	-45	2660	8	0	1596	1478	173,333,173,333
1541513108.281651523	110	40	48	1	2	0	2	-44	2661	8	0	1596	1478	173,333,173,333
1541513108.293310375	110	40	48	1	2	0	2	-45	2662	8	0	1596	1478	173,333,173,333
1541513108.305080401	110	40	48	1	2	0	2	-45	2663	8	0	1596	1478	173,333,173,333
1541513108.316805828	110	40	48	1	2	0	2	-45	2664	8	0	1596	1478	173,333,173,333
1541513108.328738281	110	40	48	1	2	0	2	-45	2665	8	0	1596	1478	173,333,173,333
1541513108.340471973	110	40	48	1	2	0	2	-45	2666	8	0	1596	1478	173,333,173,333
1541513108.352238905	110	40	48	1	2	0	2	-45	2667	8	0	1596	1478	173,333,173,333
1541513108.363951211	110	40	48	1	2	0	2	-45	2668	8	0	1596	1478	173,333,173,333
1541513108.375721560	110	40	48	1	2	0	2	-45	2669	8	0	1596	1478	173,333,173,333
1541513108.387511571	110	40	48	1	2	0	2	-45	2670	8	0	1596	1478	173,333,173,333
1541513108.399278837	110	40	48	1	2	0	2	-45	2671	8	0	1596	1478	173,333,173,333
1541513108.411048264	110	40	48	1	2	0	2	-45	2672	8	0	1596	1478	173,333,173,333
1541513108.422812261	110	40	48	1	2	0	2	-45	2673	8	0	1596	1478	173,333,173,333
1541513108.434555222	110	40	48	1	2	0	2	-44	2674	8	0	1596	1478	173,333,173,333
1541513108.446318643	110	40	48	1	2	0	2	-44	2675	8	0	1596	1478	173,333,173,333
1541513108.457935548	110	40	48	1	2	0	2	-45	2676	8	0	1596	1478	173,333,173,333
1541513108.469610557	110	40	48	1	2	0	2	-45	2677	8	0	1596	1478	173,333,173,333
1541513108.481412298	110	40	48	1	2	0	2	-45	2678	8	0	1596	1478	173,333,173,333
1541513108.493303548	110	40	48	1	2	0	2	-45	2679	8	0	1596	1478	173,333,173,333
1541513108.505108684	110	40	48	1	2	0	2	-45	2680	8	0	1596	1478	173,333,173,333
1541513108.516790881	110	40	48	1	2	0	2	-45	2681	8	0	1596	1478	173,333,173,333
1541513108.528553940	110	40	48	1	2	0	2	-45	2682	8	0	1596	1478	173,333,173,333
1541513108.540388523	110	40	48	1	2	0	2	-45	2683	8	0	1596	1478	173,333,173,333
1541513108.552130166	110	40	48	1	2	0	2	-45	2684	8	0	1596	1478	173,333,173,333
1541513108.563893888	110	40	48	1	2	0	2	-45	2685	8	0	1596	1478	173,333,173,333
1541513108.575669451	110	40	48	1	2	0	2	-45	2686	8	0	1596	1478	173,333,173,333
1541513108.587277541	110	40	48	1	2	0	2	-45	2687	8	0	1596	1478	173,333,173,333
1541513108.599216938	110	40	48	1	2	0	2	-45	2688	8	0	1596	1478	173,333,173,333
1541513108.610801740	110	40	48	1	2	0	2	-45	2689	8	0	1596	1478	173,333,173,333
1541513108.622663935	110	40	48	1	2	0	2	-45	2690	8	0	1596	1478	173,333,173,333
1541513108.634464134	110	40	48	1	2	0	2	-45	2691	8	0	1596	1478	173,333,173,333
1541513108.646257721	110	40	48	1	2	0	2	-45	2692	8	0	1596	1478	173,333,173,333
1541513108.657965394	110	40	48	1	2	0	2	-45	2693	8	0	1596	1478	173,333,173,333
1541513108.669662043	110	40	48	1	2	0	2	-45	2694	8	0	1596	1478	173,333,173,333
1541513108.681430457	110	40	48	1	2	0	2	-45	2695	8	0	1596	1478	173,333,173,333
1541513108.693213201	110	40	48	1	2	0	2	-45	2696	8	0	1596	1478	173,333,173,333
1541513108.705042480	110	40	48	1	2	0	2	-45	2697	8	0	1596	1478	173,333,173,333
1541513108.716623431	110	40	48	1	2	0	2	-45	2698	8	0	1596	1478	173,333,173,333
1541513108.728371332	110	40	48	1	2	0	2	-45	2699	8	0	1596	1478	173,333,173,333
1541513108.740144816	110	40	48	1	2	0	2	-45	2700	8	0	1596	1478	173,333,173,333
1541513108.751899619	110	40	48	1	2	0	2	-45	2701	8	0	1596	1478	173,333,173,333
1541513108.763647890	110	40	48	1	2	0	2	-45	2702	8	0	1596	1478	173,333,173,333
1541513108.775536804	110	40	48	1	2	0	2	-45	2703	8	0	1596	1478	173,333,173,333
1541513108.787331851	110	40	48	1	2	0	2	-45	2704	8	0	1596	1478	173,333,173,333
1541513108.799907589	110	40	48	1	2	0	2	-45	2705	8	0	1596	1478	173,333,173,333
1541513108.810713025	110	40	48	1	2	0	2	-45	2706	8	0	1596	1478	173,333,173,333
1541513108.822611065	110	40	48	1	2	0	2	-45	2707	8	0	1596	1478	173,333,173,333
1541513108.834315533	110	40	48	1	2	0	2	-45	2708	8	0	1596	1478	173,333,173,333
1541513108.846088915	110	40	48	1	2	0	2	-45	2709	8	0	1596	1478	173,333,173,333
1541513108.857847239	110	40	48	1	2	0	2	-45	2710	8	0	1596	1478	173,333,173,333
1541513108.869632139	110	40	48	1	2	0	2	-45	2711	8	0	1596	1478	173,333,173,333
1541513108.881303569	110	40	48	1	2	0	2	-45	2712	8	0	1596	1478	173,333,173,333
1541513108.893188273	110	40	48	1	2	0	2	-45	2713	8	0	1596	1478	173,333,173,333
1541513108.904943956	110	40	48	1	2	0	2	-45	2714	8	0	1596	1478	173,333,173,333
1541513108.916621107	110	40	48	1	2	0	2	-45	2715	8	0	1596	1478	173,333,173,333
1541513108.928409627	110	40	48	1	2	0	2	-45	2716	8	0	1596	1478	173,333,173,333
1541513108.940207230	110	40	48	1	2	0	2	-45	2717	8	0	1596	1478	173,333,173,333
1541513108.951950720	110	40	48	1	2	0	2	-45	2718	8	0	1596	1478	173,333,173,333
1541513108.963733039	110	40	48	1	2	0	2	-45	2719	8	0	1596	1478	173,333,173,333
1541513108.975477224	110	40	48	1	2	0	2	-45	2720	8	0	1596	1478	173,333,173,333
1541513108.987243687	110	40	48	1	2	0	2	-44	2721	8	0	1596	1478	173,333,173,333
1541513108.998935470	110	40	48	1	2	0	2	-44	2722	8	0	1596	1478	173,333,173,333
1541513109.010722262	110	40	48	1	2	0	2	-44	2723	8	0	1596	1478	173,333,173,333
1541513109.022492793	110	40	48	1	2	0	2	-45	2724	8	0	1596	1478	173,333,173,333
1541513109.034219236	110	40	48	1	2	0	2	-45	2725	8	0	1596	1478	173,333,173,333
1541513109.046060595	110	40	48	1	2	0	2	-45	2726	8	0	1596	1478	173,333,173,333
1541513109.057715774	110	40	48	1	2	0	2	-44	2727	8	0	1596	1478	173,333,173,333
1541513109.069438403	110	40	48	1	2	0	2	-45	2728	8	0	1596	1478	173,333,173,333
1541513109.081087692	110	40	48	1	2	0	2	-44	2729	8	0	1596	1478	173,333,173,333
1541513109.093037095	110	40	48	1	2	0	2	-44	2730	8	0	1596	1478	173,333,173,333
1541513109.104820946	110	40	48	1	2	0	2	-44	2731	8	0	1596	1478	173,333,173,333
1541513109.116582266	110	40	48	1	2	0	2	-44	2732	8	0	1596	1478	173,333,173,333
1541513109.128347291	110	40	48	1	2	0	2	-44	2733	8	0	1596	1478	173,333,173,333
1541513109.140098549	110	40	48	1	2	0	2	-44	2734	8	0	1596	1478	173,333,173,333
1541513109.151910032	110	40	48	1	2	0	2	-44	2735	8	0	1596	1478	173,333,173,333
1541513109.163507445	110	40	48	1	2	0	2	-44	2736	8	0	1596	1478	173,333,173,333
1541513109.175267167	110	40	48	1	2	0	2	-44	2737	8	0	1596	1478	173,333,173,333
1541513109.187120558	110	40	48	1	2	0	2	-44	2738	8	0	1596	1478	173,333,173,333
1541513109.198884494	110	40	48	1	2	0	2	-44	2739	8	0	1596	1478	173,333,173,333
1541513109.210673243	110	40	48	1	2	0	2	-44	2740	8	0	1596	1478	173,333,173,333
1541513109.222428005	110	40	48	1	2	0	2	-44	2741	8	0	1596	1478	173,333,173,333
1541513109.234069291	110	40	48	1	2	0	2	-44	2742	8	0	1596	1478	173,333,173,333
1541513109.245899262	110	40	48	1	2	0	2	-44	2743	8	0	1596	1478	173,333,173,333
1541513109.257708150	110	40	48	1	2	0	2	-44	2744	8	0	1596	1478	173,333,173,333
1541513109.269451648	110	40	48	1	2	0	2	-44	2745	8	0	1596	1478	173,333,173,333
1541513109.281224041	110	40	48	1	2	0	2	-44	2746	8	0	1596	1478	173,333,173,333
1541513109.292979444	110	40	48	1	2	0	2	-44	2747	8	0	1596	1478	173,333,173,333
1541513109.304751749	110	40	48	1	2	0	2	-44	2748	8	0	1596	1478	173,333,173,333
1541513109.316357314	110	40	48	1	2	0	2	-44	2749	8	0	1596	1478	173,333,173,333
1541513109.328103768	110	40	48	1	2	0	2	-44	2750	8	0	1596	1478	173,333,173,333
1541513109.339894185	110	40	48	1	2	0	2	-44	2751	8	0	1596	1478	173,333,173,333
1541513109.351785663	110	40	48	1	2	0	2	-44	2752	8	0	1596	1478	173,333,173,333
1541513109.363533616	110	40	48	1	2	0	2	-44	2753	8	0	1596	1478	173,333,173,333
1541513109.375323691	110	40	48	1	2	0	2	-44	2754	8	0	1596	1478	173,333,173,333
1541513109.387016691	110	40	48	1	2	0	2	-44	2755	8	0	1596	1478	173,333,173,333
1541513109.398758937	110	40	48	1	2	0	2	-44	2756	8	0	1596	1478	173,333,173,333
1541513109.410535273	110	40	48	1	2	0	2	-45	2757	8	0	1596	1478	173,333,173,333
1541513109.422230810	110	40	48	1	2	0	2	-45	2758	8	0	1596	1478	173,333,173,333
1541513109.434083641	110	40	48	1	2	0	2	-45	2759	8	0	1596	1478	173,333,173,333
1541513109.445854548	110	40	48	1	2	0	2	-44	2760	8	0	1596	1478	173,333,173,333
1541513109.457655981	110	40	48	1	2	0	2	-45	2761	8	0	1596	1478	173,333,173,333
1541513109.469391648	110	40	48	1	2	0	2	-45	2762	8	0	1596	1478	173,333,173,333
1541513109.481072337	110	40	48	1	2	0	2	-45	2763	8	0	1596	1478	173,333,173,333
1541513109.492842876	110	40	48	1	2	0	2	-45	2764	8	0	1596	1478	173,333,173,333
1541513109.504551079	110	40	48	1	2	0	2	-45	2765	8	0	1596	1478	173,333,173,333
1541513109.516651605	110	40	48	1	2	0	2	-45	2766	8	0	1596	1478	173,333,173,333
1541513109.528169427	110	40	48	1	2	0	2	-45	2767	8	0	1596	1478	173,333,173,333
1541513109.539911582	110	40	48	1	2	0	2	-45	2768	8	0	1596	1478	173,333,173,333
1541513109.551521650	110	40	48	1	2	0	2	-44	2769	8	0	1596	1478	173,333,173,333
1541513109.563428094	110	40	48	1	2	0	2	-45	2770	8	0	1596	1478	173,333,173,333
1541513109.575097127	110	40	48	1	2	0	2	-45	2771	8	0	1596	1478	173,333,173,333
1541513109.586905146	110	40	48	1	2	0	2	-45	2772	8	0	1596	1478	173,333,173,333
1541513109.598697276	110	40	48	1	2	0	2	-45	2773	8	0	1596	1478	173,333,173,333
1541513109.610481785	110	40	48	1	2	0	2	-45	2774	8	0	1596	1478	173,333,173,333
1541513109.622236229	110	40	48	1	2	0	2	-45	2775	8	0	1596	1478	173,333,173,333
1541513109.633929730	110	40	48	1	2	0	2	-45	2776	8	0	1596	1478	173,333,173,333
1541513109.645697662	110	40	48	1	2	0	2	-45	2777	8	0	1596	1478	173,333,173,333
1541513109.657520819	110	40	48	1	2	0	2	-45	2778	8	0	1596	1478	173,333,173,333
1541513109.669245765	110	40	48	1	2	0	2	-45	2779	8	0	1596	1478	173,333,173,333
1541513109.680882486	110	40	48	1	2	0	2	-45	2780	8	0	1596	1478	173,333,173,333
1541513109.692630318	110	40	48	1	2	0	2	-45	2781	8	0	1596	1478	173,333,173,333
1541513109.704372986	110	40	48	1	2	0	2	-45	2782	8	0	1596	1478	173,333,173,333
1541513109.716252058	110	40	48	1	2	0	2	-45	2783	8	0	1596	1478	173,333,173,333
1541513109.727956022	110	40	48	1	2	0	2	-45	2784	8	0	1596	1478	173,333,173,333
1541513109.739786661	110	40	48	1	2	0	2	-45	2785	8	0	1596	1478	173,333,173,333
1541513109.751592568	110	40	48	1	2	0	2	-45	2786	8	0	1596	1478	173,333,173,333
1541513109.763389252	110	40	48	1	2	0	2	-45	2787	8	0	1596	1478	173,333,173,333
1541513109.775119925	110	40	48	1	2	0	2	-45	2788	8	0	1596	1478	173,333,173,333
1541513109.786705476	110	40	48	1	2	0	2	-45	2789	8	0	1596	1478	173,333,173,333
1541513109.798576506	110	40	48	1	2	0	2	-45	2790	8	0	1596	1478	173,333,173,333
1541513109.810358042	110	40	48	1	2	0	2	-45	2791	8	0	1596	1478	173,333,173,333
1541513109.822125165	110	40	48	1	2	0	2	-45	2792	8	0	1596	1478	173,333,173,333
1541513109.833607083	110	40	48	1	2	0	2	-45	2793	8	0	1596	1478	173,333,173,333
1541513109.845577311	110	40	48	1	2	0	2	-45	2794	8	0	1596	1478	173,333,173,333
1541513109.857439439	110	40	48	1	2	0	2	-45	2795	8	0	1596	1478	173,333,173,333
1541513109.869137211	110	40	48	1	2	0	2	-45	2796	8	0	1596	1478	173,333,173,333
1541513109.880877471	110	40	48	1	2	0	2	-45	2797	8	0	1596	1478	173,333,173,333
1541513109.892671027	110	40	48	1	2	0	2	-45	2798	8	0	1596	1478	173,333,173,333
1541513109.904448168	110	40	48	1	2	0	2	-45	2799	8	0	1596	1478	173,333,173,333
1541513109.916226827	110	40	48	1	2	0	2	-45	2800	8	0	1596	1478	173,333,173,333
1541513109.927976428	110	40	48	1	2	0	2	-45	2801	8	0	1596	1478	173,333,173,333
1541513109.939681943	110	40	48	1	2	0	2	-45	2802	8	0	1596	1478	173,333,173,333
1541513109.951430321	110	40	48	1	2	0	2	-45	2803	8	0	1596	1478	173,333,173,333
1541513109.963824968	110	40	48	1	2	0	2	-45	2804	8	0	1596	1478	173,333,173,333
1541513109.975031314	110	40	48	1	2	0	2	-45	2805	8	0	1596	1478	173,333,173,333
1541513109.986789871	110	40	48	1	2	0	2	-45	2806	8	0	1596	1478	173,333,173,333
1541513109.998491581	110	40	48	1	2	0	2	-45	2807	8	0	1596	1478	173,333,173,333
1541513110.010302397	110	40	48	1	2	0	2	-45	2808	8	0	1596	1478	173,333,173,333
1541513110.022069679	110	40	48	1	2	0	2	-45	2809	8	0	1596	1478	173,333,173,333
1541513110.033751452	110	40	48	1	2	0	2	-45	2810	8	0	1596	1478	173,333,173,333
1541513110.045538301	110	40	48	1	2	0	2	-45	2811	8	0	1596	1478	173,333,173,333
1541513110.057317233	110	40	48	1	2	0	2	-45	2812	8	0	1596	1478	173,333,173,333
1541513110.068937674	110	40	48	1	2	0	2	-45	2813	8	0	1596	1478	173,333,173,333
1541513110.080840438	110	40	48	1	2	0	2	-45	2814	8	0	1596	1478	173,333,173,333
1541513110.092578401	110	40	48	1	2	0	2	-45	2815	8	0	1596	1478	173,333,173,333
1541513110.104223630	110	40	48	1	2	0	2	-45	2816	8	0	1596	1478	173,333,173,333
1541513110.116073793	110	40	48	1	2	0	2	-45	2817	8	0	1596	1478	173,333,173,333
1541513110.127850879	110	40	48	1	2	0	2	-45	2818	8	0	1596	1478	173,333,173,333
1541513110.139490173	110	40	48	1	2	0	2	-45	2819	8	0	1596	1478	173,333,173,333
1541513110.151305144	110	40	48	1	2	0	2	-45	2820	8	0	1596	1478	173,333,173,333
1541513110.163053350	110	40	48	1	2	0	2	-45	2821	8	0	1596	1478	173,333,173,333
1541513110.174858860	110	40	48	1	2	0	2	-45	2822	8	0	1596	1478	173,333,173,333
1541513110.186503400	110	40	48	1	2	0	2	-45	2823	8	0	1596	1478	173,333,173,333
1541513110.198391784	110	40	48	1	2	0	2	-45	2824	8	0	1596	1478	173,333,173,333
1541513110.210182360	110	40	48	1	2	0	2	-45	2825	8	0	1596	1478	173,333,173,333
1541513110.221939580	110	40	48	1	2	0	2	-45	2826	8	0	1596	1478	173,333,173,333
1541513110.233736121	110	40	48	1	2	0	2	-45	2827	8	0	1596	1478	173,333,173,333
1541513110.245476341	110	40	48	1	2	0	2	-45	2828	8	0	1596	1478	173,333,173,333
1541513110.257229606	110	40	48	1	2	0	2	-45	2829	8	0	1596	1478	173,333,173,333
1541513110.268851725	110	40	48	1	2	0	2	-45	2830	8	0	1596	1478	173,333,173,333
1541513110.280750433	110	40	48	1	2	0	2	-45	2831	8	0	1596	1478	173,333,173,333
1541513110.292462765	110	40	48	1	2	0	2	-45	2832	8	0	1596	1478	173,333,173,333
1541513110.304275867	110	40	48	1	2	0	2	-45	2833	8	0	1596	1478	173,333,173,333
1541513110.316018563	110	40	48	1	2	0	2	-45	2834	8	0	1596	1478	173,333,173,333
1541513110.327809812	110	40	48	1	2	0	2	-45	2835	8	0	1596	1478	173,333,173,333
1541513110.339549060	110	40	48	1	2	0	2	-45	2836	8	0	1596	1478	173,333,173,333
1541513110.351115451	110	40	48	1	2	0	2	-45	2837	8	0	1596	1478	173,333,173,333
1541513110.362949379	110	40	48	1	2	0	2	-45	2838	8	0	1596	1478	173,333,173,333
1541513110.374832561	110	40	48	1	2	0	2	-45	2839	8	0	1596	1478	173,333,173,333
1541513110.386582284	110	40	48	1	2	0	2	-45	2840	8	0	1596	1478	173,333,173,333
1541513110.398280913	110	40	48	1	2	0	2	-45	2841	8	0	1596	1478	173,333,173,333
1541513110.410027549	110	40	48	1	2	0	2	-45	2842	8	0	1596	1478	173,333,173,333
1541513110.421747515	110	40	48	1	2	0	2	-45	2843	8	0	1596	1478	173,333,173,333
1541513110.433592703	110	40	48	1	2	0	2	-45	2844	8	0	1596	1478	173,333,173,333
1541513110.445384479	110	40	48	1	2	0	2	-45	2845	8	0	1596	1478	173,333,173,333
1541513110.457136687	110	40	48	1	2	0	2	-45	2846	8	0	1596	1478	173,333,173,333
1541513110.468889736	110	40	48	1	2	0	2	-45	2847	8	0	1596	1478	173,333,173,333
1541513110.480686920	110	40	48	1	2	0	2	-45	2848	8	0	1596	1478	173,333,173,333
1541513110.492377698	110	40	48	1	2	0	2	-45	2849	8	0	1596	1478	173,333,173,333
1541513110.504121012	110	40	48	1	2	0	2	-45	2850	8	0	1596	1478	173,333,173,333
1541513110.515893387	110	40	48	1	2	0	2	-45	2851	8	0	1596	1478	173,333,173,333
1541513110.527670445	110	40	48	1	2	0	2	-45	2852	8	0	1596	1478	173,333,173,333
1541513110.539451158	110	40	48	1	2	0	2	-45	2853	8	0	1596	1478	173,333,173,333
1541513110.551216014	110	40	48	1	2	0	2	-45	2854	8	0	1596	1478	173,333,173,333
1541513110.562978027	110	40	48	1	2	0	2	-45	2855	8	0	1596	1478	173,333,173,333
1541513110.574619178	110	40	48	1	2	0	2	-45	2856	8	0	1596	1478	173,333,173,333
1541513110.586455616	110	40	48	1	2	0	2	-45	2857	8	0	1596	1478	173,333,173,333
1541513110.598224482	110	40	48	1	2	0	2	-45	2858	8	0	1596	1478	173,333,173,333
1541513110.609990760	110	40	48	1	2	0	2	-45	2859	8	0	1596	1478	173,333,173,333
1541513110.621758149	110	40	48	1	2	0	2	-45	2860	8	0	1596	1478	173,333,173,333
1541513110.633441156	110	40	48	1	2	0	2	-45	2861	8	0	1596	1478	173,333,173,333
1541513110.645277334	110	40	48	1	2	0	2	-45	2862	8	0	1596	1478	173,333,173,333
1541513110.656901283	110	40	48	1	2	0	2	-45	2863	8	0	1596	1478	173,333,173,333
1541513110.668632736	110	40	48	1	2	0	2	-45	2864	8	0	1596	1478	173,333,173,333
1541513110.680603964	110	40	48	1	2	0	2	-45	2865	8	0	1596	1478	173,333,173,333
1541513110.692193015	110	40	48	1	2	0	2	-45	2866	8	0	1596	1478	173,333,173,333
1541513110.703920305	110	40	48	1	2	0	2	-45	2867	8	0	1596	1478	173,333,173,333
1541513110.715671851	110	40	48	1	2	0	2	-45	2868	8	0	1596	1478	173,333,173,333
1541513110.727443235	110	40	48	1	2	0	2	-45	2869	8	0	1596	1478	173,333,173,333
1541513110.739188998	110	40	48	1	2	0	2	-45	2870	8	0	1596	1478	173,333,173,333
1541513110.751069031	110	40	48	1	2	0	2	-45	2871	8	0	1596	1478	173,333,173,333
1541513110.762849472	110	40	48	1	2	0	2	-45	2872	8	0	1596	1478	173,333,173,333
1541513110.774628723	110	40	48	1	2	0	2	-45	2873	8	0	1596	1478	173,333,173,333
1541513110.786345790	110	40	48	1	2	0	2	-45	2874	8	0	1596	1478	173,333,173,333
1541513110.798094547	110	40	48	1	2	0	2	-45	2875	8	0	1596	1478	173,333,173,333
1541513110.810072990	110	40	48	1	2	0	2	-45	2876	8	0	1596	1478	173,333,173,333
1541513110.821626940	110	40	48	1	2	0	2	-45	2877	8	0	1596	1478	173,333,173,333
1541513110.833324772	110	40	48	1	2	0	2	-45	2878	8	0	1596	1478	173,333,173,333
1541513110.845173782	110	40	48	1	2	0	2	-45	2879	8	0	1596	1478	173,333,173,333
1541513110.856872765	110	40	48	1	2	0	2	-45	2880	8	0	1596	1478	173,333,173,333
1541513110.868410810	110	40	48	1	2	0	2	-45	2881	8	0	1596	1478	173,333,173,333
1541513110.880432102	110	40	48	1	2	0	2	-45	2882	8	0	1596	1478	173,333,173,333
1541513110.892121327	110	40	48	1	2	0	2	-45	2883	8	0	1596	1478	173,333,173,333
1541513110.903946167	110	40	48	1	2	0	2	-45	2884	8	0	1596	1478	173,333,173,333
1541513110.915692336	110	40	48	1	2	0	2	-45	2885	8	0	1596	1478	173,333,173,333
1541513110.927495786	110	40	48	1	2	0	2	-45	2886	8	0	1596	1478	173,333,173,333
1541513110.939259217	110	40	48	1	2	0	2	-45	2887	8	0	1596	1478	173,333,173,333
1541513110.951047306	110	40	48	1	2	0	2	-45	2888	8	0	1596	1478	173,333,173,333
1541513110.962796927	110	40	48	1	2	0	2	-45	2889	8	0	1596	1478	173,333,173,333
1541513110.974483053	110	40	48	1	2	0	2	-45	2890	8	0	1596	1478	173,333,173,333
1541513110.986268064	110	40	48	1	2	0	2	-45	2891	8	0	1596	1478	173,333,173,333
1541513110.998103056	110	40	48	1	2	0	2	-45	2892	8	0	1596	1478	173,333,173,333
1541513111.009731806	110	40	48	1	2	0	2	-45	2893	8	0	1596	1478	173,333,173,333
1541513111.021596189	110	40	48	1	2	0	2	-45	2894	8	0	1596	1478	173,333,173,333
1541513111.033238247	110	40	48	1	2	0	2	-45	2895	8	0	1596	1478	173,333,173,333
1541513111.045107277	110	40	48	1	2	0	2	-45	2896	8	0	1596	1478	173,333,173,333
1541513111.056838714	110	40	48	1	2	0	2	-45	2897	8	0	1596	1478	173,333,173,333
1541513111.068594358	110	40	48	1	2	0	2	-45	2898	8	0	1596	1478	173,333,173,333
1541513111.080371133	110	40	48	1	2	0	2	-45	2899	8	0	1596	1478	173,333,173,333
1541513111.092085899	110	40	48	1	2	0	2	-45	2900	8	0	1596	1478	173,333,173,333
1541513111.103817081	110	40	48	1	2	0	2	-44	2901	8	0	1596	1478	173,333,173,333
1541513111.115645057	110	40	48	1	2	0	2	-45	2902	8	0	1596	1478	173,333,173,333
1541513111.127430223	110	40	48	1	2	0	2	-45	2903	8	0	1596	1478	173,333,173,333
1541513111.139042281	110	40	48	1	2	0	2	-45	2904	8	0	1596	1478	173,333,173,333
1541513111.150786967	110	40	48	1	2	0	2	-45	2905	8	0	1596	1478	173,333,173,333
1541513111.162553921	110	40	48	1	2	0	2	-45	2906	8	0	1596	1478	173,333,173,333
1541513111.174439450	110	40	48	1	2	0	2	-45	2907	8	0	1596	1478	173,333,173,333
1541513111.186081599	110	40	48	1	2	0	2	-45	2908	8	0	1596	1478	173,333,173,333
1541513111.197905075	110	40	48	1	2	0	2	-45	2909	8	0	1596	1478	173,333,173,333
1541513111.209528025	110	40	48	1	2	0	2	-44	2910	8	0	1596	1478	173,333,173,333
1541513111.221330117	110	40	48	1	2	0	2	-44	2911	8	0	1596	1478	173,333,173,333
1541513111.233128337	110	40	48	1	2	0	2	-45	2912	8	0	1596	1478	173,333,173,333
1541513111.244937528	110	40	48	1	2	0	2	-45	2913	8	0	1596	1478	173,333,173,333
1541513111.257469425	110	40	48	1	2	0	2	-44	2914	8	0	1596	1478	173,333,173,333
1541513111.268531742	110	40	48	1	2	0	2	-44	2915	8	0	1596	1478	173,333,173,333
1541513111.280206040	110	40	48	1	2	0	2	-44	2916	8	0	1596	1478	173,333,173,333
1541513111.291985492	110	40	48	1	2	0	2	-44	2917	8	0	1596	1478	173,333,173,333
1541513111.303701051	110	40	48	1	2	0	2	-44	2918	8	0	1596	1478	173,333,173,333
1541513111.315461287	110	40	48	1	2	0	2	-44	2919	8	0	1596	1478	173,333,173,333
1541513111.327304382	110	40	48	1	2	0	2	-44	2920	8	0	1596	1478	173,333,173,333
1541513111.339101788	110	40	48	1	2	0	2	-44	2921	8	0	1596	1478	173,333,173,333
1541513111.350830712	110	40	48	1	2	0	2	-44	2922	8	0	1596	1478	173,333,173,333
1541513111.362589691	110	40	48	1	2	0	2	-44	2923	8	0	1596	1478	173,333,173,333
1541513111.374217527	110	40	48	1	2	0	2	-44	2924	8	0	1596	1478	173,333,173,333
1541513111.385981617	110	40	48	1	2	0	2	-44	2925	8	0	1596	1478	173,333,173,333
1541513111.397874397	110	40	48	1	2	0	2	-44	2926	8	0	1596	1478	173,333,173,333
1541513111.409636594	110	40	48	1	2	0	2	-44	2927	8	0	1596	1478	173,333,173,333
1541513111.421385280	110	40	48	1	2	0	2	-44	2928	8	0	1596	1478	173,333,173,333
1541513111.433164149	110	40	48	1	2	0	2	-45	2929	8	0	1596	1478	173,333,173,333
1541513111.444801374	110	40	48	1	2	0	2	-45	2930	8	0	1596	1478	173,333,173,333
1541513111.456629373	110	40	48	1	2	0	2	-45	2931	8	0	1596	1478	173,333,173,333
1541513111.468336078	110	40	48	1	2	0	2	-45	2932	8	0	1596	1478	173,333,173,333
1541513111.480190025	110	40	48	1	2	0	2	-45	2933	8	0	1596	1478	173,333,173,333
1541513111.491884944	110	40	48	1	2	0	2	-45	2934	8	0	1596	1478	173,333,173,333
1541513111.503753992	110	40	48	1	2	0	2	-45	2935	8	0	1596	1478	173,333,173,333
1541513111.515483113	110	40	48	1	2	0	2	-45	2936	8	0	1596	1478	173,333,173,333
1541513111.527172752	110	40	48	1	2	0	2	-45	2937	8	0	1596	1478	173,333,173,333
1541513111.538946091	110	40	48	1	2	0	2	-45	2938	8	0	1596	1478	173,333,173,333
1541513111.550737836	110	40	48	1	2	0	2	-45	2939	8	0	1596	1478	173,333,173,333
1541513111.562519383	110	40	48	1	2	0	2	-44	2940	8	0	1596	1478	173,333,173,333
1541513111.574254678	110	40	48	1	2	0	2	-45	2941	8	0	1596	1478	173,333,173,333
1541513111.586036647	110	40	48	1	2	0	2	-45	2942	8	0	1596	1478	173,333,173,333
1541513111.597650574	110	40	48	1	2	0	2	-45	2943	8	0	1596	1478	173,333,173,333
1541513111.609528961	110	40	48	1	2	0	2	-45	2944	8	0	1596	1478	173,333,173,333
1541513111.621270185	110	40	48	1	2	0	2	-45	2945	8	0	1596	1478	173,333,173,333
1541513111.632916523	110	40	48	1	2	0	2	-45	2946	8	0	1596	1478	173,333,173,333
1541513111.644662851	110	40	48	1	2	0	2	-45	2947	8	0	1596	1478	173,333,173,333
1541513111.656409261	110	40	48	1	2	0	2	-45	2948	8	0	1596	1478	173,333,173,333
1541513111.668178696	110	40	48	1	2	0	2	-45	2949	8	0	1596	1478	173,333,173,333
1541513111.679929292	110	40	48	1	2	0	2	-45	2950	8	0	1596	1478	173,333,173,333
1541513111.691690616	110	40	48	1	2	0	2	-45	2951	8	0	1596	1478	173,333,173,333
1541513111.703451293	110	40	48	1	2	0	2	-45	2952	8	0	1596	1478	173,333,173,333
1541513111.715237498	110	40	48	1	2	0	2	-45	2953	8	0	1596	1478	173,333,173,333
1541513111.726965297	110	40	48	1	2	0	2	-45	2954	8	0	1596	1478	173,333,173,333
1541513111.738669061	110	40	48	1	2	0	2	-45	2955	8	0	1596	1478	173,333,173,333
1541513111.750611214	110	40	48	1	2	0	2	-45	2956	8	0	1596	1478	173,333,173,333
1541513111.762337760	110	40	48	1	2	0	2	-45	2957	8	0	1596	1478	173,333,173,333
1541513111.774198804	110	40	48	1	2	0	2	-45	2958	8	0	1596	1478	173,333,173,333
1541513111.785961224	110	40	48	1	2	0	2	-45	2959	8	0	1596	1478	173,333,173,333
1541513111.797680607	110	40	48	1	2	0	2	-45	2960	8	0	1596	1478	173,333,173,333
1541513111.809493198	110	40	48	1	2	0	2	-45	2961	8	0	1596	1478	173,333,173,333
1541513111.821268838	110	40	48	1	2	0	2	-45	2962	8	0	1596	1478	173,333,173,333
1541513111.832951741	110	40	48	1	2	0	2	-45	2963	8	0	1596	1478	173,333,173,333
1541513111.844726422	110	40	48	1	2	0	2	-45	2964	8	0	1596	1478	173,333,173,333
1541513111.856515919	110	40	48	1	2	0	2	-45	2965	8	0	1596	1478	173,333,173,333
1541513111.868275074	110	40	48	1	2	0	2	-45	2966	8	0	1596	1478	173,333,173,333
1541513111.879970299	110	40	48	1	2	0	2	-45	2967	8	0	1596	1478	173,333,173,333
1541513111.891732196	110	40	48	1	2	0	2	-45	2969	8	0	1596	1478	173,333,173,333
1541513111.903455230	110	40	48	1	2	0	2	-45	2970	8	0	1596	1478	173,333,173,333
1541513111.915762379	110	40	48	1	2	0	2	-45	2971	8	0	1596	1478	173,333,173,333
1541513111.927060465	110	40	48	1	2	0	2	-45	2972	8	0	1596	1478	173,333,173,333
1541513111.938780111	110	40	48	1	2	0	2	-45	2973	8	0	1596	1478	173,333,173,333
1541513111.950429611	110	40	48	1	2	0	2	-44	2974	8	0	1596	1478	173,333,173,333
1541513111.962356447	110	40	48	1	2	0	2	-44	2975	8	0	1596	1478	173,333,173,333
1541513111.974285460	110	40	48	1	2	0	2	-44	2976	8	0	1596	1478	173,333,173,333
1541513111.985800285	110	40	48	1	2	0	2	-44	2977	8	0	1596	1478	173,333,173,333
1541513111.997489387	110	40	48	1	2	0	2	-45	2978	8	0	1596	1478	173,333,173,333
1541513112.009157813	110	40	48	1	2	0	2	-45	2979	8	0	1596	1478	173,333,173,333
1541513112.021086958	110	40	48	1	2	0	2	-45	2980	8	0	1596	1478	173,333,173,333
1541513112.032787845	110	40	48	1	2	0	2	-45	2981	8	0	1596	1478	173,333,173,333
1541513112.044641004	110	40	48	1	2	0	2	-45	2982	8	0	1596	1478	173,333,173,333
1541513112.056387660	110	40	48	1	2	0	2	-45	2983	8	0	1596	1478	173,333,173,333
1541513112.067880576	110	40	48	1	2	0	2	-45	2984	8	0	1596	1478	173,333,173,333
1541513112.079875571	110	40	48	1	2	0	2	-45	2985	8	0	1596	1478	173,333,173,333
1541513112.091607636	110	40	48	1	2	0	2	-45	2986	8	0	1596	1478	173,333,173,333
1541513112.103423087	110	40	48	1	2	0	2	-45	2987	8	0	1596	1478	173,333,173,333
1541513112.115203945	110	40	48	1	2	0	2	-45	2988	8	0	1596	1478	173,333,173,333
1541513112.126869516	110	40	48	1	2	0	2	-45	2989	8	0	1596	1478	173,333,173,333
1541513112.138562115	110	40	48	1	2	0	2	-45	2990	8	0	1596	1478	173,333,173,333
1541513112.150408988	110	40	48	1	2	0	2	-45	2991	8	0	1596	1478	173,333,173,333
1541513112.162198921	110	40	48	1	2	0	2	-45	2992	8	0	1596	1478	173,333,173,333
1541513112.173984347	110	40	48	1	2	0	2	-45	2993	8	0	1596	1478	173,333,173,333
1541513112.185721271	110	40	48	1	2	0	2	-45	2994	8	0	1596	1478	173,333,173,333
1541513112.197468027	110	40	48	1	2	0	2	-45	2995	8	0	1596	1478	173,333,173,333
1541513112.209269004	110	40	48	1	2	0	2	-45	2996	8	0	1596	1478	173,333,173,333
1541513112.220990712	110	40	48	1	2	0	2	-45	2997	8	0	1596	1478	173,333,173,333
1541513112.232745578	110	40	48	1	2	0	2	-45	2998	8	0	1596	1478	173,333,173,333
1541513112.244517420	110	40	48	1	2	0	2	-45	2999	8	0	1596	1478	173,333,173,333
1541513112.256314638	110	40	48	1	2	0	2	-45	3000	8	0	1596	1478	173,333,173,333
1541513112.268059387	110	40	48	1	2	0	2	-45	3001	8	0	1596	1478	173,333,173,333
1541513112.279838279	110	40	48	1	2	0	2	-45	3002	8	0	1596	1478	173,333,173,333
1541513112.291538910	110	40	48	1	2	0	2	-45	3003	8	0	1596	1478	173,333,173,333
1541513112.303266985	110	40	48	1	2	0	2	-45	3004	8	0	1596	1478	173,333,173,333
1541513112.315066645	110	40	48	1	2	0	2	-45	3005	8	0	1596	1478	173,333,173,333
1541513112.326871678	110	40	48	1	2	0	2	-45	3006	8	0	1596	1478	173,333,173,333
1541513112.338603854	110	40	48	1	2	0	2	-45	3007	8	0	1596	1478	173,333,173,333
1541513112.350311670	110	40	48	1	2	0	2	-45	3008	8	0	1596	1478	173,333,173,333
1541513112.362135750	110	40	48	1	2	0	2	-45	3009	8	0	1596	1478	173,333,173,333
1541513112.373793882	110	40	48	1	2	0	2	-45	3010	8	0	1596	1478	173,333,173,333
1541513112.385613062	110	40	48	1	2	0	2	-45	3011	8	0	1596	1478	173,333,173,333
1541513112.397293098	110	40	48	1	2	0	2	-45	3012	8	0	1596	1478	173,333,173,333
1541513112.409048432	110	40	48	1	2	0	2	-45	3013	8	0	1596	1478	173,333,173,333
1541513112.421420040	110	40	48	1	2	0	2	-45	3014	8	0	1596	1478	173,333,173,333
1541513112.432697803	110	40	48	1	2	0	2	-44	3015	8	0	1596	1478	173,333,173,333
1541513112.444451294	110	40	48	1	2	0	2	-45	3016	8	0	1596	1478	173,333,173,333
1541513112.456150541	110	40	48	1	2	0	2	-45	3017	8	0	1596	1478	173,333,173,333
1541513112.467851471	110	40	48	1	2	0	2	-45	3018	8	0	1596	1478	173,333,173,333
1541513112.479634479	110	40	48	1	2	0	2	-45	3019	8	0	1596	1478	173,333,173,333
1541513112.491393797	110	40	48	1	2	0	2	-45	3020	8	0	1596	1478	173,333,173,333
1541513112.503213074	110	40	48	1	2	0	2	-45	3021	8	0	1596	1478	173,333,173,333
1541513112.514910260	110	40	48	1	2	0	2	-45	3022	8	0	1596	1478	173,333,173,333
1541513112.526792507	110	40	48	1	2	0	2	-45	3023	8	0	1596	1478	173,333,173,333
1541513112.538459802	110	40	48	1	2	0	2	-45	3024	8	0	1596	1478	173,333,173,333
1541513112.550154280	110	40	48	1	2	0	2	-44	3025	8	0	1596	1478	173,333,173,333
1541513112.562031259	110	40	48	1	2	0	2	-45	3026	8	0	1596	1478	173,333,173,333
1541513112.573796425	110	40	48	1	2	0	2	-45	3027	8	0	1596	1478	173,333,173,333
1541513112.585543442	110	40	48	1	2	0	2	-45	3028	8	0	1596	1478	173,333,173,333
1541513112.597180040	110	40	48	1	2	0	2	-45	3029	8	0	1596	1478	173,333,173,333
1541513112.608928453	110	40	48	1	2	0	2	-45	3030	8	0	1596	1478	173,333,173,333
1541513112.620659192	110	40	48	1	2	0	2	-45	3031	8	0	1596	1478	173,333,173,333
1541513112.632462409	110	40	48	1	2	0	2	-45	3032	8	0	1596	1478	173,333,173,333
1541513112.644107817	110	40	48	1	2	0	2	-45	3033	8	0	1596	1478	173,333,173,333
1541513112.655949266	110	40	48	1	2	0	2	-45	3034	8	0	1596	1478	173,333,173,333
1541513112.667693785	110	40	48	1	2	0	2	-45	3035	8	0	1596	1478	173,333,173,333
1541513112.679588133	110	40	48	1	2	0	2	-45	3036	8	0	1596	1478	173,333,173,333
1541513112.691350555	110	40	48	1	2	0	2	-45	3037	8	0	1596	1478	173,333,173,333
1541513112.703128039	110	40	48	1	2	0	2	-45	3038	8	0	1596	1478	173,333,173,333
1541513112.714894053	110	40	48	1	2	0	2	-45	3039	8	0	1596	1478	173,333,173,333
1541513112.726655667	110	40	48	1	2	0	2	-45	3040	8	0	1596	1478	173,333,173,333
1541513112.738445471	110	40	48	1	2	0	2	-45	3041	8	0	1596	1478	173,333,173,333
1541513112.750193379	110	40	48	1	2	0	2	-45	3042	8	0	1596	1478	173,333,173,333
1541513112.761763904	110	40	48	1	2	0	2	-45	3043	8	0	1596	1478	173,333,173,333
1541513112.773659628	110	40	48	1	2	0	2	-45	3044	8	0	1596	1478	173,333,173,333
1541513112.785452293	110	40	48	1	2	0	2	-45	3045	8	0	1596	1478	173,333,173,333
1541513112.797207139	110	40	48	1	2	0	2	-45	3046	8	0	1596	1478	173,333,173,333
1541513112.808916011	110	40	48	1	2	0	2	-45	3047	8	0	1596	1478	173,333,173,333
1541513112.820742518	110	40	48	1	2	0	2	-45	3048	8	0	1596	1478	173,333,173,333
1541513112.832556182	110	40	48	1	2	0	2	-45	3049	8	0	1596	1478	173,333,173,333
1541513112.844109878	110	40	48	1	2	0	2	-45	3050	8	0	1596	1478	173,333,173,333
1541513112.855982628	110	40	48	1	2	0	2	-45	3051	8	0	1596	1478	173,333,173,333
1541513112.867740988	110	40	48	1	2	0	2	-45	3052	8	0	1596	1478	173,333,173,333
1541513112.879536112	110	40	48	1	2	0	2	-45	3053	8	0	1596	1478	173,333,173,333
1541513112.891300932	110	40	48	1	2	0	2	-45	3054	8	0	1596	1478	173,333,173,333
1541513112.902925418	110	40	48	1	2	0	2	-45	3055	8	0	1596	1478	173,333,173,333
1541513112.914729214	110	40	48	1	2	0	2	-45	3056	8	0	1596	1478	173,333,173,333
1541513112.926516235	110	40	48	1	2	0	2	-45	3057	8	0	1596	1478	173,333,173,333
1541513112.938311240	110	40	48	1	2	0	2	-45	3058	8	0	1596	1478	173,333,173,333
1541513112.950069007	110	40	48	1	2	0	2	-45	3059	8	0	1596	1478	173,333,173,333
1541513112.961837968	110	40	48	1	2	0	2	-45	3060	8	0	1596	1478	173,333,173,333
1541513112.973464295	110	40	48	1	2	0	2	-45	3061	8	0	1596	1478	173,333,173,333
1541513112.985301709	110	40	48	1	2	0	2	-45	3062	8	0	1596	1478	173,333,173,333
1541513112.996996687	110	40	48	1	2	0	2	-45	3063	8	0	1596	1478	173,333,173,333
1541513113.008843295	110	40	48	1	2	0	2	-45	3064	8	0	1596	1478	173,333,173,333
1541513113.020617649	110	40	48	1	2	0	2	-45	3065	8	0	1596	1478	173,333,173,333
1541513113.032289640	110	40	48	1	2	0	2	-45	3066	8	0	1596	1478	173,333,173,333
1541513113.044104258	110	40	48	1	2	0	2	-45	3067	8	0	1596	1478	173,333,173,333
1541513113.055829702	110	40	48	1	2	0	2	-45	3068	8	0	1596	1478	173,333,173,333
1541513113.067600577	110	40	48	1	2	0	2	-45	3069	8	0	1596	1478	173,333,173,333
1541513113.079278019	110	40	48	1	2	0	2	-45	3070	8	0	1596	1478	173,333,173,333
1541513113.091081081	110	40	48	1	2	0	2	-45	3071	8	0	1596	1478	173,333,173,333
1541513113.102890853	110	40	48	1	2	0	2	-45	3072	8	0	1596	1478	173,333,173,333
1541513113.114699165	110	40	48	1	2	0	2	-45	3073	8	0	1596	1478	173,333,173,333
1541513113.126465107	110	40	48	1	2	0	2	-45	3074	8	0	1596	1478	173,333,173,333
1541513113.138367213	110	40	48	1	2	0	2	-45	3075	8	0	1596	1478	173,333,173,333
1541513113.150029557	110	40	48	1	2	0	2	-45	3076	8	0	1596	1478	173,333,173,333
1541513113.161610413	110	40	48	1	2	0	2	-45	3077	8	0	1596	1478	173,333,173,333
1541513113.173474580	110	40	48	1	2	0	2	-45	3078	8	0	1596	1478	173,333,173,333
1541513113.185245771	110	40	48	1	2	0	2	-45	3079	8	0	1596	1478	173,333,173,333
1541513113.197040481	110	40	48	1	2	0	2	-45	3080	8	0	1596	1478	173,333,173,333
1541513113.208804846	110	40	48	1	2	0	2	-45	3081	8	0	1596	1478	173,333,173,333
1541513113.220561428	110	40	48	1	2	0	2	-45	3082	8	0	1596	1478	173,333,173,333
1541513113.232313204	110	40	48	1	2	0	2	-44	3083	8	0	1596	1478	173,333,173,333
1541513113.244059767	110	40	48	1	2	0	2	-45	3084	8	0	1596	1478	173,333,173,333
1541513113.255798347	110	40	48	1	2	0	2	-45	3085	8	0	1596	1478	173,333,173,333
1541513113.267351380	110	40	48	1	2	0	2	-44	3086	8	0	1596	1478	173,333,173,333
1541513113.279122000	110	40	48	1	2	0	2	-45	3087	8	0	1596	1478	173,333,173,333
1541513113.290897974	110	40	48	1	2	0	2	-45	3088	8	0	1596	1478	173,333,173,333
1541513113.302741290	110	40	48	1	2	0	2	-45	3089	8	0	1596	1478	173,333,173,333
1541513113.314420217	110	40	48	1	2	0	2	-45	3090	8	0	1596	1478	173,333,173,333
1541513113.326330602	110	40	48	1	2	0	2	-45	3091	8	0	1596	1478	173,333,173,333
1541513113.337998954	110	40	48	1	2	0	2	-45	3092	8	0	1596	1478	173,333,173,333
1541513113.349804337	110	40	48	1	2	0	2	-45	3093	8	0	1596	1478	173,333,173,333
1541513113.361520142	110	40	48	1	2	0	2	-45	3094	8	0	1596	1478	173,333,173,333
1541513113.373204350	110	40	48	1	2	0	2	-45	3095	8	0	1596	1478	173,333,173,333
1541513113.385179251	110	40	48	1	2	0	2	-45	3096	8	0	1596	1478	173,333,173,333
1541513113.396892061	110	40	48	1	2	0	2	-45	3097	8	0	1596	1478	173,333,173,333
1541513113.408699205	110	40	48	1	2	0	2	-45	3098	8	0	1596	1478	173,333,173,333
1541513113.420359808	110	40	48	1	2	0	2	-45	3099	8	0	1596	1478	173,333,173,333
1541513113.432119633	110	40	48	1	2	0	2	-45	3100	8	0	1596	1478	173,333,173,333
1541513113.443964835	110	40	48	1	2	0	2	-45	3101	8	0	1596	1478	173,333,173,333
1541513113.455705350	110	40	48	1	2	0	2	-45	3102	8	0	1596	1478	173,333,173,333
1541513113.467439781	110	40	48	1	2	0	2	-45	3103	8	0	1596	1478	173,333,173,333
1541513113.479118750	110	40	48	1	2	0	2	-45	3104	8	0	1596	1478	173,333,173,333
1541513113.490863663	110	40	48	1	2	0	2	-45	3105	8	0	1596	1478	173,333,173,333
1541513113.502694081	110	40	48	1	2	0	2	-45	3106	8	0	1596	1478	173,333,173,333
1541513113.514337045	110	40	48	1	2	0	2	-45	3107	8	0	1596	1478	173,333,173,333
1541513113.526056497	110	40	48	1	2	0	2	-44	3108	8	0	1596	1478	173,333,173,333
1541513113.537873792	110	40	48	1	2	0	2	-45	3109	8	0	1596	1478	173,333,173,333
1541513113.549611696	110	40	48	1	2	0	2	-45	3110	8	0	1596	1478	173,333,173,333
1541513113.561431207	110	40	48	1	2	0	2	-45	3111	8	0	1596	1478	173,333,173,333
1541513113.573166447	110	40	48	1	2	0	2	-45	3112	8	0	1596	1478	173,333,173,333
1541513113.584928054	110	40	48	1	2	0	2	-45	3113	8	0	1596	1478	173,333,173,333
1541513113.596685682	110	40	48	1	2	0	2	-45	3114	8	0	1596	1478	173,333,173,333
1541513113.608445350	110	40	48	1	2	0	2	-45	3115	8	0	1596	1478	173,333,173,333
1541513113.620487733	110	40	48	1	2	0	2	-45	3116	8	0	1596	1478	173,333,173,333
1541513113.631949948	110	40	48	1	2	0	2	-45	3117	8	0	1596	1478	173,333,173,333
1541513113.643866233	110	40	48	1	2	0	2	-45	3118	8	0	1596	1478	173,333,173,333
1541513113.655623583	110	40	48	1	2	0	2	-45	3119	8	0	1596	1478	173,333,173,333
1541513113.667284215	110	40	48	1	2	0	2	-45	3120	8	0	1596	1478	173,333,173,333
1541513113.679087945	110	40	48	1	2	0	2	-45	3121	8	0	1596	1478	173,333,173,333
1541513113.690832417	110	40	48	1	2	0	2	-45	3122	8	0	1596	1478	173,333,173,333
1541513113.702529201	110	40	48	1	2	0	2	-45	3123	8	0	1596	1478	173,333,173,333
1541513113.714203991	110	40	48	1	2	0	2	-45	3124	8	0	1596	1478	173,333,173,333
1541513113.726080072	110	40	48	1	2	0	2	-45	3125	8	0	1596	1478	173,333,173,333
1541513113.737850086	110	40	48	1	2	0	2	-45	3126	8	0	1596	1478	173,333,173,333
1541513113.749592794	110	40	48	1	2	0	2	-45	3127	8	0	1596	1478	173,333,173,333
1541513113.761398302	110	40	48	1	2	0	2	-45	3128	8	0	1596	1478	173,333,173,333
1541513113.773240263	110	40	48	1	2	0	2	-45	3129	8	0	1596	1478	173,333,173,333
1541513113.784938566	110	40	48	1	2	0	2	-45	3130	8	0	1596	1478	173,333,173,333
1541513113.796610017	110	40	48	1	2	0	2	-44	3131	8	0	1596	1478	173,333,173,333
1541513113.808315919	110	40	48	1	2	0	2	-45	3132	8	0	1596	1478	173,333,173,333
1541513113.820048695	110	40	48	1	2	0	2	-45	3133	8	0	1596	1478	173,333,173,333
1541513113.831897942	110	40	48	1	2	0	2	-45	3134	8	0	1596	1478	173,333,173,333
1541513113.843777558	110	40	48	1	2	0	2	-45	3135	8	0	1596	1478	173,333,173,333
1541513113.855465012	110	40	48	1	2	0	2	-45	3136	8	0	1596	1478	173,333,173,333
1541513113.867083852	110	40	48	1	2	0	2	-45	3137	8	0	1596	1478	173,333,173,333
1541513113.879020736	110	40	48	1	2	0	2	-45	3138	8	0	1596	1478	173,333,173,333
1541513113.890773240	110	40	48	1	2	0	2	-45	3139	8	0	1596	1478	173,333,173,333
1541513113.902539895	110	40	48	1	2	0	2	-44	3140	8	0	1596	1478	173,333,173,333
1541513113.914371379	110	40	48	1	2	0	2	-44	3141	8	0	1596	1478	173,333,173,333
1541513113.926024486	110	40	48	1	2	0	2	-44	3142	8	0	1596	1478	173,333,173,333
1541513113.937690654	110	40	48	1	2	0	2	-44	3143	8	0	1596	1478	173,333,173,333
1541513113.949349217	110	40	48	1	2	0	2	-44	3144	8	0	1596	1478	173,333,173,333
1541513113.961388227	110	40	48	1	2	0	2	-44	3145	8	0	1596	1478	173,333,173,333
1541513113.972831997	110	40	48	1	2	0	2	-44	3146	8	0	1596	1478	173,333,173,333
1541513113.984899592	110	40	48	1	2	0	2	-44	3147	8	0	1596	1478	173,333,173,333
1541513113.996701204	110	40	48	1	2	0	2	-44	3148	8	0	1596	1478	173,333,173,333
1541513114.008292472	110	40	48	1	2	0	2	-44	3149	8	0	1596	1478	173,333,173,333
1541513114.020051789	110	40	48	1	2	0	2	-44	3150	8	0	1596	1478	173,333,173,333
1541513114.031648606	110	40	48	1	2	0	2	-44	3151	8	0	1596	1478	173,333,173,333
1541513114.043576614	110	40	48	1	2	0	2	-44	3152	8	0	1596	1478	173,333,173,333
1541513114.055366501	110	40	48	1	2	0	2	-44	3153	8	0	1596	1478	173,333,173,333
1541513114.067101309	110	40	48	1	2	0	2	-44	3154	8	0	1596	1478	173,333,173,333
1541513114.078969432	110	40	48	1	2	0	2	-44	3155	8	0	1596	1478	173,333,173,333
1541513114.090658240	110	40	48	1	2	0	2	-44	3156	8	0	1596	1478	173,333,173,333
1541513114.102456701	110	40	48	1	2	0	2	-44	3157	8	0	1596	1478	173,333,173,333
1541513114.114091467	110	40	48	1	2	0	2	-44	3158	8	0	1596	1478	173,333,173,333
1541513114.126005368	110	40	48	1	2	0	2	-44	3159	8	0	1596	1478	173,333,173,333
1541513114.137779465	110	40	48	1	2	0	2	-44	3160	8	0	1596	1478	173,333,173,333
1541513114.149416107	110	40	48	1	2	0	2	-44	3161	8	0	1596	1478	173,333,173,333
1541513114.161271309	110	40	48	1	2	0	2	-44	3162	8	0	1596	1478	173,333,173,333
1541513114.173004430	110	40	48	1	2	0	2	-44	3163	8	0	1596	1478	173,333,173,333
1541513114.184775186	110	40	48	1	2	0	2	-44	3164	8	0	1596	1478	173,333,173,333
1541513114.196552253	110	40	48	1	2	0	2	-44	3165	8	0	1596	1478	173,333,173,333
1541513114.208274427	110	40	48	1	2	0	2	-44	3166	8	0	1596	1478	173,333,173,333
1541513114.220097506	110	40	48	1	2	0	2	-44	3167	8	0	1596	1478	173,333,173,333
1541513114.231844214	110	40	48	1	2	0	2	-44	3168	8	0	1596	1478	173,333,173,333
1541513114.243608122	110	40	48	1	2	0	2	-44	3169	8	0	1596	1478	173,333,173,333
1541513114.255323389	110	40	48	1	2	0	2	-44	3170	8	0	1596	1478	173,333,173,333
1541513114.267127903	110	40	48	1	2	0	2	-44	3171	8	0	1596	1478	173,333,173,333
1541513114.278863563	110	40	48	1	2	0	2	-44	3172	8	0	1596	1478	173,333,173,333
1541513114.290604217	110	40	48	1	2	0	2	-44	3173	8	0	1596	1478	173,333,173,333
1541513114.302378429	110	40	48	1	2	0	2	-44	3174	8	0	1596	1478	173,333,173,333
1541513114.314162090	110	40	48	1	2	0	2	-44	3175	8	0	1596	1478	173,333,173,333
1541513114.325803544	110	40	48	1	2	0	2	-44	3176	8	0	1596	1478	173,333,173,333
1541513114.337638287	110	40	48	1	2	0	2	-44	3177	8	0	1596	1478	173,333,173,333
1541513114.349415447	110	40	48	1	2	0	2	-44	3178	8	0	1596	1478	173,333,173,333
1541513114.361171856	110	40	48	1	2	0	2	-44	3179	8	0	1596	1478	173,333,173,333
1541513114.372989375	110	40	48	1	2	0	2	-44	3180	8	0	1596	1478	173,333,173,333
1541513114.384710801	110	40	48	1	2	0	2	-44	3181	8	0	1596	1478	173,333,173,333
1541513114.396478817	110	40	48	1	2	0	2	-44	3182	8	0	1596	1478	173,333,173,333
1541513114.408168852	110	40	48	1	2	0	2	-44	3183	8	0	1596	1478	173,333,173,333
1541513114.419953860	110	40	48	1	2	0	2	-44	3184	8	0	1596	1478	173,333,173,333
1541513114.432125718	110	40	48	1	2	0	2	-44	3185	8	0	1596	1478	173,333,173,333
1541513114.443442593	110	40	48	1	2	0	2	-44	3186	8	0	1596	1478	173,333,173,333
1541513114.455237437	110	40	48	1	2	0	2	-44	3187	8	0	1596	1478	173,333,173,333
1541513114.466931026	110	40	48	1	2	0	2	-44	3188	8	0	1596	1478	173,333,173,333
1541513114.478722602	110	40	48	1	2	0	2	-44	3189	8	0	1596	1478	173,333,173,333
1541513114.490388155	110	40	48	1	2	0	2	-44	3190	8	0	1596	1478	173,333,173,333
1541513114.502125331	110	40	48	1	2	0	2	-44	3191	8	0	1596	1478	173,333,173,333
1541513114.514008999	110	40	48	1	2	0	2	-45	3192	8	0	1596	1478	173,333,173,333
1541513114.525797423	110	40	48	1	2	0	2	-45	3193	8	0	1596	1478	173,333,173,333
1541513114.537541720	110	40	48	1	2	0	2	-44	3194	8	0	1596	1478	173,333,173,333
1541513114.549203786	110	40	48	1	2	0	2	-45	3195	8	0	1596	1478	173,333,173,333
1541513114.560949069	110	40	48	1	2	0	2	-44	3196	8	0	1596	1478	173,333,173,333
1541513114.572718801	110	40	48	1	2	0	2	-44	3197	8	0	1596	1478	173,333,173,333
1541513114.584460818	110	40	48	1	2	0	2	-44	3198	8	0	1596	1478	173,333,173,333
1541513114.596204336	110	40	48	1	2	0	2	-44	3199	8	0	1596	1478	173,333,173,333
1541513114.607990495	110	40	48	1	2	0	2	-45	3200	8	0	1596	1478	173,333,173,333
1541513114.619876987	110	40	48	1	2	0	2	-44	3201	8	0	1596	1478	173,333,173,333
1541513114.631687086	110	40	48	1	2	0	2	-44	3202	8	0	1596	1478	173,333,173,333
1541513114.643364770	110	40	48	1	2	0	2	-45	3203	8	0	1596	1478	173,333,173,333
1541513114.655135328	110	40	48	1	2	0	2	-44	3204	8	0	1596	1478	173,333,173,333
1541513114.666912529	110	40	48	1	2	0	2	-44	3205	8	0	1596	1478	173,333,173,333
1541513114.678723267	110	40	48	1	2	0	2	-45	3206	8	0	1596	1478	173,333,173,333
1541513114.690452500	110	40	48	1	2	0	2	-44	3207	8	0	1596	1478	173,333,173,333
1541513114.702225703	110	40	48	1	2	0	2	-45	3208	8	0	1596	1478	173,333,173,333
1541513114.713954407	110	40	48	1	2	0	2	-44	3209	8	0	1596	1478	173,333,173,333
1541513114.725685873	110	40	48	1	2	0	2	-44	3210	8	0	1596	1478	173,333,173,333
1541513114.737382359	110	40	48	1	2	0	2	-44	3211	8	0	1596	1478	173,333,173,333
1541513114.749249895	110	40	48	1	2	0	2	-44	3212	8	0	1596	1478	173,333,173,333
1541513114.760953002	110	40	48	1	2	0	2	-44	3213	8	0	1596	1478	173,333,173,333
1541513114.772769563	110	40	48	1	2	0	2	-44	3214	8	0	1596	1478	173,333,173,333
1541513114.784569225	110	40	48	1	2	0	2	-44	3215	8	0	1596	1478	173,333,173,333
1541513114.796139561	110	40	48	1	2	0	2	-44	3216	8	0	1596	1478	173,333,173,333
1541513114.808009215	110	40	48	1	2	0	2	-44	3217	8	0	1596	1478	173,333,173,333
1541513114.819785948	110	40	48	1	2	0	2	-44	3218	8	0	1596	1478	173,333,173,333
1541513114.831557987	110	40	48	1	2	0	2	-44	3219	8	0	1596	1478	173,333,173,333
1541513114.843314808	110	40	48	1	2	0	2	-44	3220	8	0	1596	1478	173,333,173,333
1541513114.855079679	110	40	48	1	2	0	2	-44	3221	8	0	1596	1478	173,333,173,333
1541513114.866784587	110	40	48	1	2	0	2	-44	3222	8	0	1596	1478	173,333,173,333
1541513114.879021657	110	40	48	1	2	0	2	-44	3223	8	0	1596	1478	173,333,173,333
1541513114.890340433	110	40	48	1	2	0	2	-44	3224	8	0	1596	1478	173,333,173,333
1541513114.902027489	110	40	48	1	2	0	2	-44	3225	8	0	1596	1478	173,333,173,333
1541513114.913790717	110	40	48	1	2	0	2	-44	3226	8	0	1596	1478	173,333,173,333
1541513114.925545806	110	40	48	1	2	0	2	-44	3227	8	0	1596	1478	173,333,173,333
1541513114.937316038	110	40	48	1	2	0	2	-44	3228	8	0	1596	1478	173,333,173,333
1541513114.949079320	110	40	48	1	2	0	2	-44	3229	8	0	1596	1478	173,333,173,333
1541513114.960735867	110	40	48	1	2	0	2	-44	3230	8	0	1596	1478	173,333,173,333
1541513114.972520662	110	40	48	1	2	0	2	-44	3231	8	0	1596	1478	173,333,173,333
1541513114.984373487	110	40	48	1	2	0	2	-44	3232	8	0	1596	1478	173,333,173,333
1541513114.996084029	110	40	48	1	2	0	2	-44	3233	8	0	1596	1478	173,333,173,333
1541513115.007841060	110	40	48	1	2	0	2	-44	3234	8	0	1596	1478	173,333,173,333
1541513115.019612872	110	40	48	1	2	0	2	-44	3235	8	0	1596	1478	173,333,173,333
1541513115.031382658	110	40	48	1	2	0	2	-44	3236	8	0	1596	1478	173,333,173,333
1541513115.043083042	110	40	48	1	2	0	2	-44	3237	8	0	1596	1478	173,333,173,333
1541513115.054865042	110	40	48	1	2	0	2	-44	3238	8	0	1596	1478	173,333,173,333
1541513115.066616117	110	40	48	1	2	0	2	-44	3239	8	0	1596	1478	173,333,173,333
1541513115.078356605	110	40	48	1	2	0	2	-44	3240	8	0	1596	1478	173,333,173,333
1541513115.090116855	110	40	48	1	2	0	2	-44	3241	8	0	1596	1478	173,333,173,333
1541513115.101800315	110	40	48	1	2	0	2	-44	3242	8	0	1596	1478	173,333,173,333
1541513115.113618758	110	40	48	1	2	0	2	-44	3243	8	0	1596	1478	173,333,173,333
1541513115.125365907	110	40	48	1	2	0	2	-44	3244	8	0	1596	1478	173,333,173,333
1541513115.137269719	110	40	48	1	2	0	2	-44	3245	8	0	1596	1478	173,333,173,333
1541513115.149053486	110	40	48	1	2	0	2	-44	3246	8	0	1596	1478	173,333,173,333
1541513115.160838401	110	40	48	1	2	0	2	-44	3247	8	0	1596	1478	173,333,173,333
1541513115.172594186	110	40	48	1	2	0	2	-44	3248	8	0	1596	1478	173,333,173,333
1541513115.184354166	110	40	48	1	2	0	2	-44	3249	8	0	1596	1478	173,333,173,333
1541513115.196066883	110	40	48	1	2	0	2	-44	3250	8	0	1596	1478	173,333,173,333
1541513115.207817029	110	40	48	1	2	0	2	-44	3251	8	0	1596	1478	173,333,173,333
1541513115.219561781	110	40	48	1	2	0	2	-44	3252	8	0	1596	1478	173,333,173,333
1541513115.231228851	110	40	48	1	2	0	2	-44	3253	8	0	1596	1478	173,333,173,333
1541513115.243083610	110	40	48	1	2	0	2	-44	3254	8	0	1596	1478	173,333,173,333
1541513115.254880174	110	40	48	1	2	0	2	-44	3255	8	0	1596	1478	173,333,173,333
1541513115.266556606	110	40	48	1	2	0	2	-44	3256	8	0	1596	1478	173,333,173,333
1541513115.278265367	110	40	48	1	2	0	2	-44	3257	8	0	1596	1478	173,333,173,333
1541513115.290173557	110	40	48	1	2	0	2	-44	3258	8	0	1596	1478	173,333,173,333
1541513115.301930969	110	40	48	1	2	0	2	-44	3259	8	0	1596	1478	173,333,173,333
1541513115.313664064	110	40	48	1	2	0	2	-44	3260	8	0	1596	1478	173,333,173,333
1541513115.325457296	110	40	48	1	2	0	2	-44	3261	8	0	1596	1478	173,333,173,333
1541513115.337214572	110	40	48	1	2	0	2	-44	3262	8	0	1596	1478	173,333,173,333
1541513115.348854773	110	40	48	1	2	0	2	-44	3263	8	0	1596	1478	173,333,173,333
1541513115.360675137	110	40	48	1	2	0	2	-44	3264	8	0	1596	1478	173,333,173,333
1541513115.372465696	110	40	48	1	2	0	2	-44	3265	8	0	1596	1478	173,333,173,333
1541513115.384239765	110	40	48	1	2	0	2	-44	3266	8	0	1596	1478	173,333,173,333
1541513115.396040651	110	40	48	1	2	0	2	-44	3267	8	0	1596	1478	173,333,173,333
1541513115.407761958	110	40	48	1	2	0	2	-44	3268	8	0	1596	1478	173,333,173,333
1541513115.419528598	110	40	48	1	2	0	2	-44	3269	8	0	1596	1478	173,333,173,333
1541513115.431202322	110	40	48	1	2	0	2	-44	3270	8	0	1596	1478	173,333,173,333
1541513115.443006793	110	40	48	1	2	0	2	-44	3271	8	0	1596	1478	173,333,173,333
1541513115.454773934	110	40	48	1	2	0	2	-44	3272	8	0	1596	1478	173,333,173,333
1541513115.466418147	110	40	48	1	2	0	2	-44	3273	8	0	1596	1478	173,333,173,333
1541513115.478205000	110	40	48	1	2	0	2	-44	3274	8	0	1596	1478	173,333,173,333
1541513115.490071454	110	40	48	1	2	0	2	-44	3275	8	0	1596	1478	173,333,173,333
1541513115.501798677	110	40	48	1	2	0	2	-44	3276	8	0	1596	1478	173,333,173,333
1541513115.513470770	110	40	48	1	2	0	2	-44	3277	8	0	1596	1478	173,333,173,333
1541513115.525375873	110	40	48	1	2	0	2	-44	3278	8	0	1596	1478	173,333,173,333
1541513115.536966164	110	40	48	1	2	0	2	-44	3279	8	0	1596	1478	173,333,173,333
1541513115.548713764	110	40	48	1	2	0	2	-44	3280	8	0	1596	1478	173,333,173,333
1541513115.560482233	110	40	48	1	2	0	2	-44	3281	8	0	1596	1478	173,333,173,333
1541513115.572209417	110	40	48	1	2	0	2	-44	3282	8	0	1596	1478	173,333,173,333
1541513115.583975884	110	40	48	1	2	0	2	-44	3283	8	0	1596	1478	173,333,173,333
1541513115.595804642	110	40	48	1	2	0	2	-44	3284	8	0	1596	1478	173,333,173,333
1541513115.607520248	110	40	48	1	2	0	2	-44	3285	8	0	1596	1478	173,333,173,333
1541513115.619266014	110	40	48	1	2	0	2	-44	3286	8	0	1596	1478	173,333,173,333
1541513115.631026642	110	40	48	1	2	0	2	-44	3287	8	0	1596	1478	173,333,173,333
1541513115.642788639	110	40	48	1	2	0	2	-44	3288	8	0	1596	1478	173,333,173,333
1541513115.654551949	110	40	48	1	2	0	2	-44	3289	8	0	1596	1478	173,333,173,333
1541513115.666303933	110	40	48	1	2	0	2	-44	3290	8	0	1596	1478	173,333,173,333
1541513115.678049245	110	40	48	1	2	0	2	-44	3291	8	0	1596	1478	173,333,173,333
1541513115.689836683	110	40	48	1	2	0	2	-44	3292	8	0	1596	1478	173,333,173,333
1541513115.701766578	110	40	48	1	2	0	2	-44	3293	8	0	1596	1478	173,333,173,333
1541513115.713384913	110	40	48	1	2	0	2	-44	3294	8	0	1596	1478	173,333,173,333
1541513115.725240117	110	40	48	1	2	0	2	-44	3295	8	0	1596	1478	173,333,173,333
1541513115.736949138	110	40	48	1	2	0	2	-44	3296	8	0	1596	1478	173,333,173,333
1541513115.748779516	110	40	48	1	2	0	2	-44	3297	8	0	1596	1478	173,333,173,333
1541513115.760551778	110	40	48	1	2	0	2	-44	3298	8	0	1596	1478	173,333,173,333
1541513115.772291500	110	40	48	1	2	0	2	-44	3299	8	0	1596	1478	173,333,173,333
1541513115.784055829	110	40	48	1	2	0	2	-44	3300	8	0	1596	1478	173,333,173,333
1541513115.795820509	110	40	48	1	2	0	2	-44	3301	8	0	1596	1478	173,333,173,333
1541513115.807622224	110	40	48	1	2	0	2	-44	3302	8	0	1596	1478	173,333,173,333
1541513115.819289578	110	40	48	1	2	0	2	-44	3303	8	0	1596	1478	173,333,173,333
1541513115.831049247	110	40	48	1	2	0	2	-44	3304	8	0	1596	1478	173,333,173,333
1541513115.842832786	110	40	48	1	2	0	2	-44	3305	8	0	1596	1478	173,333,173,333
1541513115.854607087	110	40	48	1	2	0	2	-44	3306	8	0	1596	1478	173,333,173,333
1541513115.866331513	110	40	48	1	2	0	2	-44	3307	8	0	1596	1478	173,333,173,333
1541513115.878139865	110	40	48	1	2	0	2	-44	3308	8	0	1596	1478	173,333,173,333
1541513115.889763327	110	40	48	1	2	0	2	-44	3309	8	0	1596	1478	173,333,173,333
1541513115.901607406	110	40	48	1	2	0	2	-44	3310	8	0	1596	1478	173,333,173,333
1541513115.913434652	110	40	48	1	2	0	2	-44	3311	8	0	1596	1478	173,333,173,333
1541513115.925139698	110	40	48	1	2	0	2	-44	3312	8	0	1596	1478	173,333,173,333
1541513115.936942044	110	40	48	1	2	0	2	-44	3313	8	0	1596	1478	173,333,173,333
1541513115.948691541	110	40	48	1	2	0	2	-44	3314	8	0	1596	1478	173,333,173,333
1541513115.960350515	110	40	48	1	2	0	2	-44	3315	8	0	1596	1478	173,333,173,333
1541513115.972011482	110	40	48	1	2	0	2	-44	3316	8	0	1596	1478	173,333,173,333
1541513115.983820371	110	40	48	1	2	0	2	-44	3317	8	0	1596	1478	173,333,173,333
1541513115.995724548	110	40	48	1	2	0	2	-44	3318	8	0	1596	1478	173,333,173,333
1541513116.007311616	110	40	48	1	2	0	2	-44	3319	8	0	1596	1478	173,333,173,333
1541513116.019231914	110	40	48	1	2	0	2	-44	3320	8	0	1596	1478	173,333,173,333
1541513116.030913531	110	40	48	1	2	0	2	-44	3321	8	0	1596	1478	173,333,173,333
1541513116.042744240	110	40	48	1	2	0	2	-44	3322	8	0	1596	1478	173,333,173,333
1541513116.054456710	110	40	48	1	2	0	2	-44	3323	8	0	1596	1478	173,333,173,333
1541513116.066166309	110	40	48	1	2	0	2	-44	3324	8	0	1596	1478	173,333,173,333
1541513116.077929709	110	40	48	1	2	0	2	-44	3325	8	0	1596	1478	173,333,173,333
1541513116.089700906	110	40	48	1	2	0	2	-44	3326	8	0	1596	1478	173,333,173,333
1541513116.101465545	110	40	48	1	2	0	2	-44	3327	8	0	1596	1478	173,333,173,333
1541513116.113220084	110	40	48	1	2	0	2	-44	3328	8	0	1596	1478	173,333,173,333
1541513116.125084650	110	40	48	1	2	0	2	-44	3329	8	0	1596	1478	173,333,173,333
1541513116.136688001	110	40	48	1	2	0	2	-44	3330	8	0	1596	1478	173,333,173,333
1541513116.148635955	110	40	48	1	2	0	2	-44	3331	8	0	1596	1478	173,333,173,333
1541513116.160317987	110	40	48	1	2	0	2	-44	3332	8	0	1596	1478	173,333,173,333
1541513116.172850603	110	40	48	1	2	0	2	-44	3333	8	0	1596	1478	173,333,173,333
1541513116.183865720	110	40	48	1	2	0	2	-44	3334	8	0	1596	1478	173,333,173,333
1541513116.195560106	110	40	48	1	2	0	2	-44	3335	8	0	1596	1478	173,333,173,333
1541513116.207200172	110	40	48	1	2	0	2	-44	3336	8	0	1596	1478	173,333,173,333
1541513116.219127621	110	40	48	1	2	0	2	-44	3337	8	0	1596	1478	173,333,173,333
1541513116.230886533	110	40	48	1	2	0	2	-44	3338	8	0	1596	1478	173,333,173,333
1541513116.242653401	110	40	48	1	2	0	2	-44	3339	8	0	1596	1478	173,333,173,333
1541513116.254406865	110	40	48	1	2	0	2	-44	3340	8	0	1596	1478	173,333,173,333
1541513116.266051428	110	40	48	1	2	0	2	-44	3341	8	0	1596	1478	173,333,173,333
1541513116.277838477	110	40	48	1	2	0	2	-44	3342	8	0	1596	1478	173,333,173,333
1541513116.289609859	110	40	48	1	2	0	2	-44	3343	8	0	1596	1478	173,333,173,333
1541513116.301404198	110	40	48	1	2	0	2	-44	3344	8	0	1596	1478	173,333,173,333
1541513116.313215614	110	40	48	1	2	0	2	-44	3345	8	0	1596	1478	173,333,173,333
1541513116.324953006	110	40	48	1	2	0	2	-44	3346	8	0	1596	1478	173,333,173,333
1541513116.336760609	110	40	48	1	2	0	2	-44	3347	8	0	1596	1478	173,333,173,333
1541513116.348467238	110	40	48	1	2	0	2	-44	3348	8	0	1596	1478	173,333,173,333
1541513116.360268068	110	40	48	1	2	0	2	-44	3349	8	0	1596	1478	173,333,173,333
1541513116.371976639	110	40	48	1	2	0	2	-44	3350	8	0	1596	1478	173,333,173,333
1541513116.383777529	110	40	48	1	2	0	2	-44	3351	8	0	1596	1478	173,333,173,333
1541513116.395501953	110	40	48	1	2	0	2	-44	3352	8	0	1596	1478	173,333,173,333
1541513116.407303546	110	40	48	1	2	0	2	-44	3353	8	0	1596	1478	173,333,173,333
1541513116.419042998	110	40	48	1	2	0	2	-44	3354	8	0	1596	1478	173,333,173,333
1541513116.430769889	110	40	48	1	2	0	2	-44	3355	8	0	1596	1478	173,333,173,333
1541513116.442433963	110	40	48	1	2	0	2	-44	3356	8	0	1596	1478	173,333,173,333
1541513116.454281085	110	40	48	1	2	0	2	-44	3357	8	0	1596	1478	173,333,173,333
1541513116.466023092	110	40	48	1	2	0	2	-44	3358	8	0	1596	1478	173,333,173,333
1541513116.477855118	110	40	48	1	2	0	2	-44	3359	8	0	1596	1478	173,333,173,333
1541513116.489371018	110	40	48	1	2	0	2	-44	3360	8	0	1596	1478	173,333,173,333
1541513116.501216604	110	40	48	1	2	0	2	-44	3361	8	0	1596	1478	173,333,173,333
1541513116.512957471	110	40	48	1	2	0	2	-44	3362	8	0	1596	1478	173,333,173,333
1541513116.524745969	110	40	48	1	2	0	2	-44	3363	8	0	1596	1478	173,333,173,333
1541513116.536490654	110	40	48	1	2	0	2	-44	3364	8	0	1596	1478	173,333,173,333
1541513116.548232114	110	40	48	1	2	0	2	-44	3365	8	0	1596	1478	173,333,173,333
1541513116.560025864	110	40	48	1	2	0	2	-44	3366	8	0	1596	1478	173,333,173,333
1541513116.571650123	110	40	48	1	2	0	2	-44	3367	8	0	1596	1478	173,333,173,333
1541513116.583431226	110	40	48	1	2	0	2	-44	3368	8	0	1596	1478	173,333,173,333
1541513116.595216075	110	40	48	1	2	0	2	-44	3369	8	0	1596	1478	173,333,173,333
1541513116.607150796	110	40	48	1	2	0	2	-44	3370	8	0	1596	1478	173,333,173,333
1541513116.618920610	110	40	48	1	2	0	2	-44	3371	8	0	1596	1478	173,333,173,333
1541513116.630739327	110	40	48	1	2	0	2	-44	3372	8	0	1596	1478	173,333,173,333
1541513116.642474110	110	40	48	1	2	0	2	-44	3373	8	0	1596	1478	173,333,173,333
1541513116.654240413	110	40	48	1	2	0	2	-44	3374	8	0	1596	1478	173,333,173,333
1541513116.666016067	110	40	48	1	2	0	2	-44	3375	8	0	1596	1478	173,333,173,333
1541513116.677619268	110	40	48	1	2	0	2	-44	3376	8	0	1596	1478	173,333,173,333
