1526390999.656431446	92	40	48	0	2	0	2	-73	67817	3	4	1596	1478	234,234
1526390999.656477491	92	40	48	0	2	0	2	-73	67817	3	4	1596	1478	234,234
1526390999.656487502	92	40	48	0	2	0	2	-73	67817	3	4	1596	1478	234,234
1526390999.656491923	92	40	48	0	2	0	2	-73	67817	3	4	1596	1478	234,234
1526390999.656496219	92	40	48	0	2	0	2	-73	67817	3	4	1596	1478	234,234
1526390999.656499924	92	40	48	0	2	0	2	-73	67817	3	4	1596	1478	234,234
1526390999.656504183	92	40	48	0	2	0	2	-73	67817	3	4	1596	1478	234,234
1526390999.656507779	92	40	48	0	2	0	2	-73	67817	3	4	1596	1478	234,234
1526390999.656512552	92	40	48	0	2	0	2	-73	67817	3	4	1596	1478	234,234
1526390999.656516898	92	40	48	0	2	0	2	-73	67817	3	4	1596	1478	234,234
1526390999.656523207	92	40	48	0	2	0	2	-73	67817	3	4	1596	1478	234,234
1526390999.656720048	92	40	48	0	2	0	2	-74	67818	3	4	1596	1478	234,234
1526390999.663605588	92	40	48	0	2	0	2	-73	67819	3	4	1596	1478	234,234
1526390999.675299857	92	40	48	0	2	0	2	-73	67820	3	4	1596	1478	234,234
1526390999.686897659	92	40	48	0	2	0	2	-73	67821	3	4	1596	1478	234,234
1526390999.698777939	92	40	48	0	2	0	2	-73	67822	3	4	1596	1478	234,234
1526390999.710640665	92	40	48	0	2	0	2	-73	67823	3	4	1596	1478	234,234
1526390999.722737115	92	40	48	0	2	0	2	-73	67825	3	4	1596	1478	234,234
1526390999.734551318	92	40	48	0	2	0	2	-73	67826	3	4	1596	1478	234,234
1526390999.746345174	92	40	48	0	2	0	2	-73	67828	3	4	1596	1478	234,234
1526390999.758038503	92	40	48	0	2	0	2	-73	67830	3	4	1596	1478	234,234
1526390999.770163213	92	40	48	0	2	0	2	-73	67831	3	4	1596	1478	234,234
1526390999.781218595	86	40	48	0	1	1	2	-72	67832	6	4	1596	1478	263,25,263,25
1526390999.792955803	86	40	48	0	1	1	2	-72	67833	6	4	1596	1478	263,25,263,25
1526390999.804715529	86	40	48	0	1	1	2	-72	67834	6	4	1596	1478	263,25,263,25
1526390999.816409846	86	40	48	0	1	1	2	-72	67835	6	4	1596	1478	263,25,263,25
1526390999.828033247	86	40	48	0	1	1	2	-73	67836	6	4	1596	1478	263,25,263,25
1526390999.842266368	86	40	48	0	1	1	2	-73	67837	6	4	1596	1478	263,25,263,25
1526390999.851552425	86	40	48	0	1	1	2	-73	67838	6	4	1596	1478	263,25,263,25
1526390999.863438339	86	40	48	0	1	1	2	-73	67839	6	4	1596	1478	263,25,263,25
1526390999.875232825	86	40	48	0	1	1	2	-73	67840	6	4	1596	1478	263,25,263,25
1526390999.886957140	86	40	48	0	1	1	2	-73	67841	6	4	1596	1478	263,25,263,25
1526390999.898660087	86	40	48	0	1	1	2	-73	67842	6	4	1596	1478	263,25,263,25
1526390999.912614141	86	40	48	0	1	1	2	-73	67843	6	4	1596	1478	263,25,263,25
1526390999.922251188	86	40	48	0	1	1	2	-73	67844	6	4	1596	1478	263,25,263,25
1526390999.933997145	86	40	48	0	1	1	2	-73	67845	6	4	1596	1478	263,25,263,25
1526390999.945848160	86	40	48	0	1	1	2	-73	67846	6	4	1596	1478	263,25,263,25
1526390999.957950109	86	40	48	0	1	1	2	-72	67847	6	4	1596	1478	263,25,263,25
1526390999.969588961	86	40	48	0	1	1	2	-73	67848	6	4	1596	1478	263,25,263,25
1526390999.981159475	86	40	48	0	1	1	2	-73	67849	6	4	1596	1478	263,25,263,25
1526390999.992797064	86	40	48	0	1	1	2	-73	67850	6	4	1596	1478	263,25,263,25
1526391000.004646028	86	40	48	0	1	1	2	-73	67851	6	4	1596	1478	263,25,263,25
1526391000.016396324	86	40	48	0	1	1	2	-73	67852	6	4	1596	1478	263,25,263,25
1526391000.029463910	86	40	48	0	1	1	2	-73	67853	6	4	1596	1478	263,25,263,25
1526391000.039825830	86	40	48	0	1	1	2	-73	67854	6	4	1596	1478	263,25,263,25
1526391000.052008361	86	40	48	0	1	1	2	-73	67855	6	4	1596	1478	263,25,263,25
1526391000.063455570	86	40	48	0	1	1	2	-73	67856	6	4	1596	1478	263,25,263,25
1526391000.075495952	86	40	48	0	1	1	2	-73	67858	6	4	1596	1478	263,25,263,25
1526391000.086865773	86	40	48	0	1	1	2	-73	67859	6	4	1596	1478	263,25,263,25
1526391000.098743788	86	40	48	0	1	1	2	-73	67860	6	4	1596	1478	263,25,263,25
1526391000.110595639	86	40	48	0	1	1	2	-73	67862	6	4	1596	1478	263,25,263,25
1526391000.122451480	86	40	48	0	1	1	2	-73	67864	6	4	1596	1478	263,25,263,25
1526391000.133946750	86	40	48	0	1	1	2	-73	67865	6	4	1596	1478	263,25,263,25
1526391000.145662875	86	40	48	0	1	1	2	-73	67866	6	4	1596	1478	263,25,263,25
1526391000.157540527	86	40	48	0	1	1	2	-73	67867	6	4	1596	1478	263,25,263,25
1526391000.169611210	86	40	48	0	1	1	2	-73	67868	6	4	1596	1478	263,25,263,25
1526391000.181176444	86	40	48	0	1	1	2	-73	67869	6	4	1596	1478	263,25,263,25
1526391000.192806681	86	40	48	0	1	1	2	-73	67870	6	4	1596	1478	263,25,263,25
1526391000.204507072	86	40	48	0	1	1	2	-73	67871	6	4	1596	1478	263,25,263,25
1526391000.216693988	86	40	48	0	1	1	2	-73	67872	6	4	1596	1478	263,25,263,25
1526391000.228475119	86	40	48	0	1	1	2	-73	67874	6	4	1596	1478	263,25,263,25
1526391000.241398685	86	40	48	0	1	1	2	-73	67876	6	4	1596	1478	263,25,263,25
1526391000.251797837	86	40	48	0	1	1	2	-73	67877	6	4	1596	1478	263,25,263,25
1526391000.264557406	86	40	48	0	1	1	2	-74	67880	6	4	1596	1478	263,25,263,25
1526391000.275500850	86	40	48	0	1	1	2	-73	67882	6	4	1596	1478	263,25,263,25
1526391000.286907774	86	40	48	0	1	1	2	-73	67883	6	4	1596	1478	263,25,263,25
1526391000.298654049	86	40	48	0	1	1	2	-73	67884	6	4	1596	1478	263,25,263,25
1526391000.310393560	86	40	48	0	1	1	2	-73	67885	6	4	1596	1478	263,25,263,25
1526391000.322154915	86	40	48	0	1	1	2	-73	67886	6	4	1596	1478	263,25,263,25
1526391000.334199451	86	40	48	0	1	1	2	-74	67888	6	4	1596	1478	263,25,263,25
1526391000.346652923	86	40	48	0	1	1	2	-74	67890	6	4	1596	1478	263,25,263,25
1526391000.357513800	86	40	48	0	1	1	2	-74	67891	6	4	1596	1478	263,25,263,25
1526391000.369185447	86	40	48	0	1	1	2	-74	67892	6	4	1596	1478	263,25,263,25
1526391000.381565777	86	40	48	0	1	1	2	-74	67893	6	4	1596	1478	263,25,263,25
1526391000.393509871	86	40	48	0	1	1	2	-74	67896	6	4	1596	1478	263,25,263,25
1526391000.405851279	92	40	48	0	1	1	2	-74	67899	5	4	1596	1478	234,234
1526391000.416612518	92	40	48	0	1	1	2	-74	67901	5	4	1596	1478	234,234
1526391000.429322113	92	40	48	0	1	1	2	-74	67902	5	4	1596	1478	234,234
1526391000.439770818	92	40	48	0	1	1	2	-74	67903	5	4	1596	1478	234,234
1526391000.451529542	92	40	48	0	1	1	2	-74	67904	5	4	1596	1478	234,234
1526391000.463289846	92	40	48	0	1	1	2	-74	67905	5	4	1596	1478	234,234
1526391000.475381151	92	40	48	0	1	1	2	-74	67906	5	4	1596	1478	234,234
1526391000.488165151	92	40	48	0	1	1	2	-74	67907	5	4	1596	1478	234,234
1526391000.498571746	92	40	48	0	1	1	2	-74	67908	5	4	1596	1478	234,234
1526391000.511238832	92	40	48	0	1	1	2	-74	67909	5	4	1596	1478	234,234
1526391000.522382076	92	40	48	0	1	1	2	-74	67911	5	4	1596	1478	234,234
1526391000.533849805	92	40	48	0	1	1	2	-74	67912	5	4	1596	1478	234,234
1526391000.546077358	92	40	48	0	1	1	2	-74	67914	5	4	1596	1478	234,234
1526391000.558299224	92	40	48	0	1	1	2	-74	67916	5	4	1596	1478	234,234
1526391000.569636010	92	40	48	0	1	1	2	-74	67917	5	4	1596	1478	234,234
1526391000.580812905	92	40	48	0	1	1	2	-74	67918	5	4	1596	1478	234,234
1526391000.592950537	92	40	48	0	1	1	2	-74	67919	5	4	1596	1478	234,234
1526391000.604860767	92	40	48	0	1	1	2	-74	67920	5	4	1596	1478	234,234
1526391000.616511210	92	40	48	0	1	1	2	-74	67921	5	4	1596	1478	234,234
1526391000.628339178	92	40	48	0	1	1	2	-74	67922	5	4	1596	1478	234,234
1526391000.639565475	92	40	48	0	1	1	2	-74	67923	5	4	1596	1478	234,234
1526391000.651448386	92	40	48	0	1	1	2	-74	67924	5	4	1596	1478	234,234
1526391000.663154072	92	40	48	0	1	1	2	-74	67925	5	4	1596	1478	234,234
1526391000.674966346	92	40	48	0	1	1	2	-74	67926	5	4	1596	1478	234,234
1526391000.686738839	92	40	48	0	1	1	2	-74	67927	5	4	1596	1478	234,234
1526391000.698539570	92	40	48	0	1	1	2	-74	67928	5	4	1596	1478	234,234
1526391000.710262471	86	40	48	0	1	1	2	-74	67929	6	4	1596	1478	263,25,263,25
1526391000.722006484	92	40	48	0	1	1	2	-74	67930	5	4	1596	1478	234,234
1526391000.733767962	92	40	48	0	1	1	2	-74	67931	5	4	1596	1478	234,234
1526391000.745556327	92	40	48	0	1	1	2	-74	67932	5	4	1596	1478	234,234
1526391000.757300687	92	40	48	0	1	1	2	-74	67933	5	4	1596	1478	234,234
1526391000.769266436	92	40	48	0	1	1	2	-74	67935	5	4	1596	1478	234,234
1526391000.780814945	92	40	48	0	1	1	2	-74	67936	5	4	1596	1478	234,234
1526391000.792437656	92	40	48	0	1	1	2	-74	67937	5	4	1596	1478	234,234
1526391000.804283560	92	40	48	0	1	1	2	-74	67938	5	4	1596	1478	234,234
1526391000.815994957	92	40	48	0	1	1	2	-74	67939	5	4	1596	1478	234,234
1526391000.827870657	92	40	48	0	1	1	2	-74	67940	5	4	1596	1478	234,234
1526391000.839497812	92	40	48	0	1	1	2	-74	67941	5	4	1596	1478	234,234
1526391000.851266086	92	40	48	0	1	1	2	-74	67942	5	4	1596	1478	234,234
1526391000.863029490	92	40	48	0	1	1	2	-74	67943	5	4	1596	1478	234,234
1526391000.874898740	92	40	48	0	1	1	2	-75	67944	5	4	1596	1478	234,234
1526391000.886919406	92	40	48	0	1	1	2	-75	67945	5	4	1596	1478	234,234
1526391000.898358406	92	40	48	0	1	1	2	-74	67946	5	4	1596	1478	234,234
1526391000.910181916	92	40	48	0	1	1	2	-74	67947	5	4	1596	1478	234,234
1526391000.921937211	92	40	48	0	1	1	2	-74	67948	5	4	1596	1478	234,234
1526391000.936288289	109	40	60	0	2	0	2	-75	67951	2	4	1596	1478	175,5,175,5
1526391000.952632924	153	40	48	0	2	0	2	-73	67958	3	1	1596	1478	108,108
1526391000.957954657	153	40	48	0	2	0	2	-73	67959	3	1	1596	1478	108,108
1526391000.969021756	153	40	48	0	2	0	2	-73	67960	3	1	1596	1478	108,108
1526391000.980781681	153	40	48	0	2	0	2	-73	67961	3	1	1596	1478	108,108
1526391000.992562541	153	40	48	0	2	0	2	-72	67962	3	1	1596	1478	108,108
1526391001.004358872	153	40	48	0	2	0	2	-73	67963	3	1	1596	1478	108,108
1526391001.016066689	153	40	48	0	2	0	2	-72	67964	3	1	1596	1478	108,108
1526391001.027840254	153	40	48	0	2	0	2	-72	67965	3	1	1596	1478	108,108
1526391001.039981036	144	40	60	0	2	0	2	-75	67967	1	4	1596	1478	117,117
1526391001.051270277	86	40	48	0	1	1	2	-74	67968	6	4	1596	1478	263,25,263,25
1526391001.063044840	86	40	48	0	1	1	2	-74	67969	6	4	1596	1478	263,25,263,25
1526391001.075164749	86	40	48	0	1	1	2	-74	67971	6	4	1596	1478	263,25,263,25
1526391001.086919685	86	40	48	0	1	1	2	-74	67972	6	4	1596	1478	263,25,263,25
1526391001.098317136	86	40	48	0	1	1	2	-74	67973	6	4	1596	1478	263,25,263,25
1526391001.110342718	86	40	48	0	1	1	2	-74	67975	6	4	1596	1478	263,25,263,25
1526391001.122075637	86	40	48	0	1	1	2	-73	67976	6	4	1596	1478	263,25,263,25
1526391001.133967486	86	40	48	0	1	1	2	-73	67977	6	4	1596	1478	263,25,263,25
1526391001.145253762	86	40	48	0	1	1	2	-73	67978	6	4	1596	1478	263,25,263,25
1526391001.157129298	86	40	48	0	1	1	2	-73	67979	6	4	1596	1478	263,25,263,25
1526391001.169074213	86	40	48	0	1	1	2	-73	67980	6	4	1596	1478	263,25,263,25
1526391001.180634051	86	40	48	0	1	1	2	-73	67981	6	4	1596	1478	263,25,263,25
1526391001.192891714	86	40	48	0	1	1	2	-73	67982	6	4	1596	1478	263,25,263,25
1526391001.204593847	86	40	48	0	1	1	2	-73	67983	6	4	1596	1478	263,25,263,25
1526391001.215945476	86	40	48	0	1	1	2	-73	67984	6	4	1596	1478	263,25,263,25
1526391001.228066931	86	40	48	0	1	1	2	-73	67985	6	4	1596	1478	263,25,263,25
1526391001.239426574	86	40	48	0	1	1	2	-73	67986	6	4	1596	1478	263,25,263,25
1526391001.251214418	86	40	48	0	1	1	2	-73	67987	6	4	1596	1478	263,25,263,25
1526391001.262972740	86	40	48	0	1	1	2	-73	67988	6	4	1596	1478	263,25,263,25
1526391001.274569232	86	40	48	0	1	1	2	-74	67989	6	4	1596	1478	263,25,263,25
1526391001.286802239	86	40	48	0	1	1	2	-73	67990	6	4	1596	1478	263,25,263,25
1526391001.298129478	86	40	48	0	1	1	2	-73	67991	6	4	1596	1478	263,25,263,25
1526391001.310027690	86	40	48	0	1	1	2	-74	67992	6	4	1596	1478	263,25,263,25
1526391001.321746603	86	40	48	0	1	1	2	-74	67993	6	4	1596	1478	263,25,263,25
1526391001.333542155	86	40	48	0	1	1	2	-73	67994	6	4	1596	1478	263,25,263,25
1526391001.345564139	86	40	48	0	1	1	2	-73	67995	6	4	1596	1478	263,25,263,25
1526391001.356946630	86	40	48	0	1	1	2	-73	67996	6	4	1596	1478	263,25,263,25
1526391001.368685598	86	40	48	0	1	1	2	-73	67997	6	4	1596	1478	263,25,263,25
1526391001.380562511	86	40	48	0	1	1	2	-73	67998	6	4	1596	1478	263,25,263,25
1526391001.392721344	86	40	48	0	1	1	2	-74	67999	6	4	1596	1478	263,25,263,25
1526391001.404100867	86	40	48	0	1	1	2	-73	68000	6	4	1596	1478	263,25,263,25
1526391001.415869481	86	40	48	0	1	1	2	-73	68001	6	4	1596	1478	263,25,263,25
1526391001.427531894	86	40	48	0	1	1	2	-73	68002	6	4	1596	1478	263,25,263,25
1526391001.440725856	86	40	48	0	1	1	2	-73	68003	6	4	1596	1478	263,25,263,25
1526391001.451131346	86	40	48	0	1	1	2	-73	68004	6	4	1596	1478	263,25,263,25
1526391001.462883683	86	40	48	0	1	1	2	-73	68005	6	4	1596	1478	263,25,263,25
1526391001.474644334	86	40	48	0	1	1	2	-73	68006	6	4	1596	1478	263,25,263,25
1526391001.486411700	86	40	48	0	1	1	2	-73	68007	6	4	1596	1478	263,25,263,25
1526391001.498171123	86	40	48	0	1	1	2	-73	68008	6	4	1596	1478	263,25,263,25
1526391001.510977045	86	40	48	0	1	1	2	-73	68009	6	4	1596	1478	263,25,263,25
1526391001.521718683	86	40	48	0	1	1	2	-73	68010	6	4	1596	1478	263,25,263,25
1526391001.533443277	86	40	48	0	1	1	2	-73	68011	6	4	1596	1478	263,25,263,25
1526391001.545209613	86	40	48	0	1	1	2	-73	68012	6	4	1596	1478	263,25,263,25
1526391001.557336722	86	40	48	0	1	1	2	-73	68014	6	4	1596	1478	263,25,263,25
1526391001.568717453	86	40	48	0	1	1	2	-73	68015	6	4	1596	1478	263,25,263,25
1526391001.581219187	86	40	48	0	1	1	2	-73	68017	6	4	1596	1478	263,25,263,25
1526391001.592254662	86	40	48	0	1	1	2	-73	68018	6	4	1596	1478	263,25,263,25
1526391001.604010295	86	40	48	0	1	1	2	-73	68019	6	4	1596	1478	263,25,263,25
1526391001.615801309	86	40	48	0	1	1	2	-73	68020	6	4	1596	1478	263,25,263,25
1526391001.627525263	86	40	48	0	1	1	2	-73	68021	6	4	1596	1478	263,25,263,25
1526391001.639199359	86	40	48	0	1	1	2	-73	68022	6	4	1596	1478	263,25,263,25
1526391001.652056057	86	40	48	0	1	1	2	-73	68023	6	4	1596	1478	263,25,263,25
1526391001.662785980	86	40	48	0	1	1	2	-73	68024	6	4	1596	1478	263,25,263,25
1526391001.674578550	86	40	48	0	1	1	2	-73	68025	6	4	1596	1478	263,25,263,25
1526391001.686333950	86	40	48	0	1	1	2	-73	68026	6	4	1596	1478	263,25,263,25
1526391001.698092803	86	40	48	0	1	1	2	-73	68027	6	4	1596	1478	263,25,263,25
1526391001.709845787	86	40	48	0	1	1	2	-73	68028	6	4	1596	1478	263,25,263,25
1526391001.721854807	86	40	48	0	1	1	2	-73	68029	6	4	1596	1478	263,25,263,25
1526391001.733358605	86	40	48	0	1	1	2	-73	68030	6	4	1596	1478	263,25,263,25
1526391001.745131419	86	40	48	0	1	1	2	-73	68031	6	4	1596	1478	263,25,263,25
1526391001.756795596	86	40	48	0	1	1	2	-73	68032	6	4	1596	1478	263,25,263,25
1526391001.768865066	86	40	48	0	1	1	2	-73	68033	6	4	1596	1478	263,25,263,25
1526391001.780245857	86	40	48	0	1	1	2	-73	68034	6	4	1596	1478	263,25,263,25
1526391001.791928617	86	40	48	0	1	1	2	-73	68035	6	4	1596	1478	263,25,263,25
1526391001.803696642	86	40	48	0	1	1	2	-73	68036	6	4	1596	1478	263,25,263,25
1526391001.815922932	86	40	48	0	1	1	2	-73	68037	6	4	1596	1478	263,25,263,25
1526391001.827338891	86	40	48	0	1	1	2	-73	68038	6	4	1596	1478	263,25,263,25
1526391001.838940175	86	40	48	0	1	1	2	-73	68039	6	4	1596	1478	263,25,263,25
1526391001.850746200	86	40	48	0	1	1	2	-73	68040	6	4	1596	1478	263,25,263,25
1526391001.862522486	86	40	48	0	1	1	2	-73	68041	6	4	1596	1478	263,25,263,25
1526391001.874606164	86	40	48	0	1	1	2	-72	68042	6	4	1596	1478	263,25,263,25
1526391001.886245304	86	40	48	0	1	1	2	-73	68043	6	4	1596	1478	263,25,263,25
1526391001.898063383	86	40	48	0	1	1	2	-73	68044	6	4	1596	1478	263,25,263,25
1526391001.909794995	86	40	48	0	1	1	2	-73	68045	6	4	1596	1478	263,25,263,25
1526391001.922755973	86	40	48	0	1	1	2	-73	68046	6	4	1596	1478	263,25,263,25
1526391001.933323008	86	40	48	0	1	1	2	-73	68047	6	4	1596	1478	263,25,263,25
1526391001.945097077	86	40	48	0	1	1	2	-73	68048	6	4	1596	1478	263,25,263,25
1526391001.956752328	86	40	48	0	1	1	2	-73	68049	6	4	1596	1478	263,25,263,25
1526391001.968551750	86	40	48	0	1	1	2	-73	68050	6	4	1596	1478	263,25,263,25
1526391001.980756687	86	40	48	0	1	1	2	-73	68052	6	4	1596	1478	263,25,263,25
1526391001.991922674	86	40	48	0	1	1	2	-73	68053	6	4	1596	1478	263,25,263,25
1526391002.003902368	86	40	48	0	1	1	2	-73	68054	6	4	1596	1478	263,25,263,25
1526391002.015675315	86	40	48	0	1	1	2	-73	68055	6	4	1596	1478	263,25,263,25
1526391002.030096979	92	40	48	0	1	1	2	-73	68056	5	4	1596	1478	234,234
1526391002.039162715	92	40	48	0	1	1	2	-73	68057	5	4	1596	1478	234,234
1526391002.050953657	92	40	48	0	1	1	2	-73	68058	5	4	1596	1478	234,234
1526391002.064223233	86	40	48	0	1	1	2	-73	68059	6	4	1596	1478	263,25,263,25
1526391002.074720677	86	40	48	0	1	1	2	-73	68060	6	4	1596	1478	263,25,263,25
1526391002.086487361	86	40	48	0	1	1	2	-73	68061	6	4	1596	1478	263,25,263,25
1526391002.098392895	86	40	48	0	1	1	2	-73	68062	6	4	1596	1478	263,25,263,25
1526391002.110814698	92	40	48	0	1	1	2	-73	68063	5	4	1596	1478	234,234
1526391002.121346347	92	40	48	0	1	1	2	-73	68064	5	4	1596	1478	234,234
1526391002.133201754	92	40	48	0	1	1	2	-73	68065	5	4	1596	1478	234,234
1526391002.146645948	109	40	48	0	1	1	2	-73	68068	4	4	1596	1478	175,5,175,5
1526391002.158684064	86	40	48	0	1	1	2	-73	68071	6	4	1596	1478	263,25,263,25
1526391002.168791626	86	40	48	0	1	1	2	-73	68072	6	4	1596	1478	263,25,263,25
1526391002.182759622	92	40	48	0	1	1	2	-70	68073	5	4	1596	1478	234,234
1526391002.191934106	92	40	48	0	1	1	2	-73	68074	5	4	1596	1478	234,234
1526391002.203768912	92	40	48	0	1	1	2	-73	68075	5	4	1596	1478	234,234
1526391002.215537436	92	40	48	0	1	1	2	-73	68076	5	4	1596	1478	234,234
1526391002.231048719	92	40	48	0	1	1	2	-73	68078	5	4	1596	1478	234,234
1526391002.239495682	92	40	48	0	1	1	2	-73	68079	5	4	1596	1478	234,234
1526391002.252091343	92	40	48	0	1	1	2	-73	68080	5	4	1596	1478	234,234
1526391002.262493047	92	40	48	0	1	1	2	-73	68081	5	4	1596	1478	234,234
1526391002.275176440	153	40	48	0	2	0	2	-69	68082	3	1	1596	1478	108,108
1526391002.287207144	109	40	48	0	1	1	2	-70	68083	4	4	1596	1478	175,5,175,5
1526391002.301774998	92	40	48	0	1	1	2	-72	68086	5	4	1596	1478	234,234
1526391002.309492853	92	40	48	0	1	1	2	-73	68087	5	4	1596	1478	234,234
1526391002.321263210	92	40	48	0	1	1	2	-73	68088	5	4	1596	1478	234,234
1526391002.333156012	92	40	48	0	1	1	2	-73	68089	5	4	1596	1478	234,234
1526391002.346159747	92	40	48	0	1	1	2	-73	68090	5	4	1596	1478	234,234
1526391002.357051626	92	40	48	0	1	1	2	-73	68092	5	4	1596	1478	234,234
1526391002.371022071	109	40	48	0	1	1	2	-71	68093	4	4	1596	1478	175,5,175,5
1526391002.380396743	109	40	48	0	1	1	2	-73	68094	4	4	1596	1478	175,5,175,5
1526391002.391965489	109	40	48	0	1	1	2	-73	68095	4	4	1596	1478	175,5,175,5
1526391002.404372843	109	40	48	0	1	1	2	-73	68096	4	4	1596	1478	175,5,175,5
1526391002.416261496	109	40	48	0	1	1	2	-73	68097	4	4	1596	1478	175,5,175,5
1526391002.427622042	109	40	48	0	1	1	2	-73	68098	4	4	1596	1478	175,5,175,5
1526391002.440519882	109	40	48	0	1	1	2	-73	68099	4	4	1596	1478	175,5,175,5
1526391002.453706496	92	40	48	0	1	1	2	-73	68100	5	4	1596	1478	234,234
1526391002.462589757	92	40	48	0	1	1	2	-73	68101	5	4	1596	1478	234,234
1526391002.474609238	92	40	48	0	1	1	2	-73	68103	5	4	1596	1478	234,234
1526391002.486000665	92	40	48	0	1	1	2	-73	68104	5	4	1596	1478	234,234
1526391002.498030922	92	40	48	0	1	1	2	-73	68105	5	4	1596	1478	234,234
1526391002.509555880	92	40	48	0	1	1	2	-73	68106	5	4	1596	1478	234,234
1526391002.521529403	92	40	48	0	1	1	2	-73	68107	5	4	1596	1478	234,234
1526391002.533063151	92	40	48	0	1	1	2	-73	68108	5	4	1596	1478	234,234
1526391002.545246310	92	40	48	0	1	1	2	-74	68109	5	4	1596	1478	234,234
1526391002.556656521	92	40	48	0	1	1	2	-74	68110	5	4	1596	1478	234,234
1526391002.568314130	92	40	48	0	1	1	2	-73	68111	5	4	1596	1478	234,234
1526391002.580117758	92	40	48	0	1	1	2	-74	68112	5	4	1596	1478	234,234
1526391002.592235112	92	40	48	0	1	1	2	-74	68113	5	4	1596	1478	234,234
1526391002.603638458	92	40	48	0	1	1	2	-74	68114	5	4	1596	1478	234,234
1526391002.615375902	92	40	48	0	1	1	2	-73	68115	5	4	1596	1478	234,234
1526391002.627127817	92	40	48	0	1	1	2	-74	68116	5	4	1596	1478	234,234
1526391002.639136064	92	40	48	0	1	1	2	-74	68117	5	4	1596	1478	234,234
1526391002.650661947	92	40	48	0	1	1	2	-74	68118	5	4	1596	1478	234,234
1526391002.663530042	92	40	48	0	1	1	2	-74	68120	5	4	1596	1478	234,234
1526391002.674175692	92	40	48	0	1	1	2	-73	68121	5	4	1596	1478	234,234
1526391002.685927768	92	40	48	0	1	1	2	-73	68122	5	4	1596	1478	234,234
1526391002.698731235	92	40	48	0	1	1	2	-74	68123	5	4	1596	1478	234,234
1526391002.710385687	92	40	48	0	1	1	2	-73	68124	5	4	1596	1478	234,234
1526391002.721193068	92	40	48	0	1	1	2	-73	68125	5	4	1596	1478	234,234
1526391002.732911945	92	40	48	0	1	1	2	-73	68126	5	4	1596	1478	234,234
1526391002.744604351	92	40	48	0	1	1	2	-73	68127	5	4	1596	1478	234,234
1526391002.756330354	92	40	48	0	1	1	2	-73	68128	5	4	1596	1478	234,234
1526391002.768124937	92	40	48	0	1	1	2	-73	68129	5	4	1596	1478	234,234
1526391002.779888041	92	40	48	0	1	1	2	-73	68130	5	4	1596	1478	234,234
1526391002.791507203	86	40	48	0	1	1	2	-73	68131	6	4	1596	1478	263,25,263,25
1526391002.803402672	92	40	48	0	1	1	2	-73	68132	5	4	1596	1478	234,234
1526391002.815331047	92	40	48	0	1	1	2	-73	68133	5	4	1596	1478	234,234
1526391002.826844489	92	40	48	0	1	1	2	-73	68134	5	4	1596	1478	234,234
1526391002.838614874	92	40	48	0	1	1	2	-73	68135	5	4	1596	1478	234,234
1526391002.850382963	86	40	48	0	1	1	2	-73	68136	6	4	1596	1478	263,25,263,25
1526391002.862210669	92	40	48	0	1	1	2	-73	68137	5	4	1596	1478	234,234
1526391002.874025167	92	40	48	0	1	1	2	-73	68138	5	4	1596	1478	234,234
1526391002.885766280	92	40	48	0	1	1	2	-73	68139	5	4	1596	1478	234,234
1526391002.897583877	92	40	48	0	1	1	2	-73	68140	5	4	1596	1478	234,234
1526391002.909753650	92	40	48	0	1	1	2	-73	68141	5	4	1596	1478	234,234
1526391002.921535160	92	40	48	0	1	1	2	-73	68142	5	4	1596	1478	234,234
1526391002.932888459	92	40	48	0	1	1	2	-73	68143	5	4	1596	1478	234,234
1526391002.944768350	92	40	48	0	1	1	2	-73	68144	5	4	1596	1478	234,234
1526391002.956414551	92	40	48	0	1	1	2	-73	68145	5	4	1596	1478	234,234
1526391002.967971953	92	40	48	0	1	1	2	-73	68146	5	4	1596	1478	234,234
1526391002.979913323	92	40	48	0	1	1	2	-73	68147	5	4	1596	1478	234,234
1526391002.991687055	92	40	48	0	1	1	2	-73	68148	5	4	1596	1478	234,234
1526391003.003838794	92	40	48	0	1	1	2	-73	68149	5	4	1596	1478	234,234
1526391003.015201073	92	40	48	0	1	1	2	-73	68150	5	4	1596	1478	234,234
1526391003.026979628	92	40	48	0	1	1	2	-72	68151	5	4	1596	1478	234,234
1526391003.038621975	92	40	48	0	1	1	2	-73	68152	5	4	1596	1478	234,234
1526391003.050434016	92	40	48	0	1	1	2	-73	68153	5	4	1596	1478	234,234
1526391003.062708028	92	40	48	0	1	1	2	-72	68154	5	4	1596	1478	234,234
1526391003.073984475	86	40	48	0	1	1	2	-73	68155	6	4	1596	1478	263,25,263,25
1526391003.085849394	153	40	48	0	2	0	2	-69	68156	3	1	1596	1478	108,108
1526391003.097529255	86	40	48	0	1	1	2	-73	68157	6	4	1596	1478	263,25,263,25
1526391003.109280256	86	40	48	0	1	1	2	-73	68158	6	4	1596	1478	263,25,263,25
1526391003.121045778	86	40	48	0	1	1	2	-73	68159	6	4	1596	1478	263,25,263,25
1526391003.132613377	86	40	48	0	1	1	2	-73	68160	6	4	1596	1478	263,25,263,25
1526391003.144845652	86	40	48	0	1	1	2	-73	68162	6	4	1596	1478	263,25,263,25
1526391003.156358854	86	40	48	0	1	1	2	-72	68163	6	4	1596	1478	263,25,263,25
1526391003.168084229	86	40	48	0	1	1	2	-73	68164	6	4	1596	1478	263,25,263,25
1526391003.179852990	86	40	48	0	1	1	2	-73	68165	6	4	1596	1478	263,25,263,25
1526391003.191606488	86	40	48	0	1	1	2	-73	68166	6	4	1596	1478	263,25,263,25
1526391003.203374073	86	40	48	0	1	1	2	-73	68167	6	4	1596	1478	263,25,263,25
1526391003.215135532	86	40	48	0	1	1	2	-73	68168	6	4	1596	1478	263,25,263,25
1526391003.226888773	86	40	48	0	1	1	2	-73	68169	6	4	1596	1478	263,25,263,25
1526391003.238563886	86	40	48	0	1	1	2	-73	68170	6	4	1596	1478	263,25,263,25
1526391003.250425418	86	40	48	0	1	1	2	-73	68171	6	4	1596	1478	263,25,263,25
1526391003.262179391	86	40	48	0	1	1	2	-73	68172	6	4	1596	1478	263,25,263,25
1526391003.273917194	86	40	48	0	1	1	2	-73	68173	6	4	1596	1478	263,25,263,25
1526391003.285697086	86	40	48	0	1	1	2	-73	68174	6	4	1596	1478	263,25,263,25
1526391003.297448944	86	40	48	0	1	1	2	-73	68175	6	4	1596	1478	263,25,263,25
1526391003.309581452	86	40	48	0	1	1	2	-73	68176	6	4	1596	1478	263,25,263,25
1526391003.321256682	86	40	48	0	1	1	2	-73	68178	6	4	1596	1478	263,25,263,25
1526391003.332653065	86	40	48	0	1	1	2	-73	68179	6	4	1596	1478	263,25,263,25
1526391003.344373438	86	40	48	0	1	1	2	-73	68180	6	4	1596	1478	263,25,263,25
1526391003.356438583	86	40	48	0	1	1	2	-73	68181	6	4	1596	1478	263,25,263,25
1526391003.368118567	86	40	48	0	1	1	2	-74	68182	6	4	1596	1478	263,25,263,25
1526391003.379747296	86	40	48	0	1	1	2	-73	68183	6	4	1596	1478	263,25,263,25
1526391003.393037477	92	40	48	0	1	1	2	-73	68185	5	4	1596	1478	234,234
1526391003.403301418	92	40	48	0	1	1	2	-73	68186	5	4	1596	1478	234,234
1526391003.415058269	92	40	48	0	1	1	2	-73	68187	5	4	1596	1478	234,234
1526391003.426813180	92	40	48	0	1	1	2	-73	68188	5	4	1596	1478	234,234
1526391003.438559962	92	40	48	0	1	1	2	-73	68189	5	4	1596	1478	234,234
1526391003.450561380	92	40	48	0	1	1	2	-73	68190	5	4	1596	1478	234,234
1526391003.462110802	92	40	48	0	1	1	2	-73	68191	5	4	1596	1478	234,234
1526391003.473835785	92	40	48	0	1	1	2	-73	68192	5	4	1596	1478	234,234
1526391003.485595173	86	40	48	0	1	1	2	-73	68193	6	4	1596	1478	263,25,263,25
1526391003.497368338	92	40	48	0	1	1	2	-74	68194	5	4	1596	1478	234,234
1526391003.509132793	92	40	48	0	1	1	2	-74	68195	5	4	1596	1478	234,234
1526391003.520895226	92	40	48	0	1	1	2	-74	68196	5	4	1596	1478	234,234
1526391003.532662267	92	40	48	0	1	1	2	-73	68197	5	4	1596	1478	234,234
1526391003.544740671	92	40	48	0	1	1	2	-73	68199	5	4	1596	1478	234,234
1526391003.556308221	92	40	48	0	1	1	2	-73	68200	5	4	1596	1478	234,234
1526391003.567965774	92	40	48	0	1	1	2	-73	68201	5	4	1596	1478	234,234
1526391003.579695329	92	40	48	0	1	1	2	-73	68202	5	4	1596	1478	234,234
1526391003.591810223	92	40	48	0	1	1	2	-73	68203	5	4	1596	1478	234,234
1526391003.603217481	92	40	48	0	1	1	2	-73	68204	5	4	1596	1478	234,234
1526391003.614968113	92	40	48	0	1	1	2	-73	68205	5	4	1596	1478	234,234
1526391003.626734376	92	40	48	0	1	1	2	-73	68206	5	4	1596	1478	234,234
1526391003.638492852	92	40	48	0	1	1	2	-74	68207	5	4	1596	1478	234,234
1526391003.650249165	92	40	48	0	1	1	2	-73	68208	5	4	1596	1478	234,234
1526391003.662832196	92	40	48	0	1	1	2	-74	68209	5	4	1596	1478	234,234
1526391003.673762531	92	40	48	0	1	1	2	-73	68210	5	4	1596	1478	234,234
1526391003.685486583	92	40	48	0	1	1	2	-74	68211	5	4	1596	1478	234,234
1526391003.697129042	92	40	48	0	1	1	2	-74	68212	5	4	1596	1478	234,234
1526391003.709314438	92	40	48	0	1	1	2	-74	68214	5	4	1596	1478	234,234
1526391003.720657284	92	40	48	0	1	1	2	-73	68215	5	4	1596	1478	234,234
1526391003.732782562	92	40	48	0	1	1	2	-73	68216	5	4	1596	1478	234,234
1526391003.744215380	92	40	48	0	1	1	2	-73	68217	5	4	1596	1478	234,234
1526391003.755954091	92	40	48	0	1	1	2	-73	68218	5	4	1596	1478	234,234
1526391003.768134933	92	40	48	0	1	1	2	-73	68219	5	4	1596	1478	234,234
1526391003.779463529	92	40	48	0	1	1	2	-73	68220	5	4	1596	1478	234,234
1526391003.791253249	92	40	48	0	1	1	2	-73	68221	5	4	1596	1478	234,234
1526391003.803006209	92	40	48	0	1	1	2	-73	68222	5	4	1596	1478	234,234
1526391003.814751141	92	40	48	0	1	1	2	-74	68223	5	4	1596	1478	234,234
1526391003.826520186	92	40	48	0	1	1	2	-74	68224	5	4	1596	1478	234,234
1526391003.838194959	92	40	48	0	1	1	2	-74	68225	5	4	1596	1478	234,234
1526391003.849922857	92	40	48	0	1	1	2	-74	68226	5	4	1596	1478	234,234
1526391003.861793213	92	40	48	0	1	1	2	-75	68227	5	4	1596	1478	234,234
1526391003.874048189	92	40	48	0	1	1	2	-74	68229	5	4	1596	1478	234,234
1526391003.885430198	92	40	48	0	1	1	2	-74	68230	5	4	1596	1478	234,234
1526391003.897192644	92	40	48	0	1	1	2	-74	68231	5	4	1596	1478	234,234
1526391003.908972380	92	40	48	0	1	1	2	-74	68232	5	4	1596	1478	234,234
1526391003.920731316	92	40	48	0	1	1	2	-74	68233	5	4	1596	1478	234,234
1526391003.932481287	92	40	48	0	1	1	2	-74	68234	5	4	1596	1478	234,234
1526391003.944253738	92	40	48	0	1	1	2	-74	68235	5	4	1596	1478	234,234
1526391003.956005652	92	40	48	0	1	1	2	-74	68236	5	4	1596	1478	234,234
1526391003.968770119	92	40	48	0	1	1	2	-74	68237	5	4	1596	1478	234,234
1526391003.979528079	92	40	48	0	1	1	2	-74	68238	5	4	1596	1478	234,234
1526391003.991302916	92	40	48	0	1	1	2	-74	68239	5	4	1596	1478	234,234
1526391004.003417312	92	40	48	0	1	1	2	-74	68240	5	4	1596	1478	234,234
1526391004.014829494	92	40	48	0	1	1	2	-74	68241	5	4	1596	1478	234,234
1526391004.026518477	92	40	48	0	1	1	2	-74	68242	5	4	1596	1478	234,234
1526391004.038305767	92	40	48	0	1	1	2	-74	68243	5	4	1596	1478	234,234
1526391004.050093541	86	40	48	0	1	1	2	-74	68244	6	4	1596	1478	263,25,263,25
1526391004.061855307	92	40	48	0	1	1	2	-74	68245	5	4	1596	1478	234,234
1526391004.073643396	92	40	48	0	1	1	2	-73	68246	5	4	1596	1478	234,234
1526391004.085369341	92	40	48	0	1	1	2	-74	68247	5	4	1596	1478	234,234
1526391004.097126210	92	40	48	0	1	1	2	-74	68248	5	4	1596	1478	234,234
1526391004.109975762	92	40	48	0	1	1	2	-74	68249	5	4	1596	1478	234,234
1526391004.121066745	92	40	48	0	1	1	2	-74	68250	5	4	1596	1478	234,234
1526391004.132405432	92	40	48	0	1	1	2	-74	68251	5	4	1596	1478	234,234
1526391004.144054616	92	40	48	0	1	1	2	-74	68252	5	4	1596	1478	234,234
1526391004.155926715	92	40	48	0	1	1	2	-74	68253	5	4	1596	1478	234,234
1526391004.169669906	92	40	48	0	1	1	2	-73	68255	5	4	1596	1478	234,234
1526391004.179484610	92	40	48	0	1	1	2	-73	68256	5	4	1596	1478	234,234
1526391004.191215144	92	40	48	0	1	1	2	-74	68257	5	4	1596	1478	234,234
1526391004.202967273	92	40	48	0	1	1	2	-74	68258	5	4	1596	1478	234,234
1526391004.214745049	92	40	48	0	1	1	2	-74	68259	5	4	1596	1478	234,234
1526391004.226489660	92	40	48	0	1	1	2	-74	68260	5	4	1596	1478	234,234
1526391004.238254693	92	40	48	0	1	1	2	-74	68261	5	4	1596	1478	234,234
1526391004.250010285	92	40	48	0	1	1	2	-73	68262	5	4	1596	1478	234,234
1526391004.261753026	92	40	48	0	1	1	2	-74	68263	5	4	1596	1478	234,234
1526391004.273507501	86	40	48	0	1	1	2	-74	68264	6	4	1596	1478	263,25,263,25
1526391004.285731295	92	40	48	0	1	1	2	-74	68265	5	4	1596	1478	234,234
1526391004.296982540	92	40	48	0	1	1	2	-74	68266	5	4	1596	1478	234,234
1526391004.308792115	92	40	48	0	1	1	2	-74	68267	5	4	1596	1478	234,234
1526391004.320572904	92	40	48	0	1	1	2	-74	68268	5	4	1596	1478	234,234
1526391004.332302226	86	40	48	0	1	1	2	-74	68269	6	4	1596	1478	263,25,263,25
1526391004.344098244	86	40	48	0	1	1	2	-74	68270	6	4	1596	1478	263,25,263,25
1526391004.355887306	86	40	48	0	1	1	2	-74	68271	6	4	1596	1478	263,25,263,25
1526391004.367891829	86	40	48	0	1	1	2	-74	68272	6	4	1596	1478	263,25,263,25
1526391004.382823943	86	40	48	0	1	1	2	-75	68273	6	4	1596	1478	263,25,263,25
1526391004.392538439	86	40	48	0	1	1	2	-75	68277	6	4	1596	1478	263,25,263,25
1526391004.402998248	92	40	48	0	1	1	2	-75	68278	5	4	1596	1478	234,234
1526391004.414637982	92	40	48	0	1	1	2	-75	68279	5	4	1596	1478	234,234
1526391004.426420755	92	40	48	0	1	1	2	-75	68280	5	4	1596	1478	234,234
1526391004.438182838	92	40	48	0	1	1	2	-75	68281	5	4	1596	1478	234,234
1526391004.450100560	92	40	48	0	1	1	2	-75	68282	5	4	1596	1478	234,234
1526391004.461542386	92	40	48	0	1	1	2	-75	68283	5	4	1596	1478	234,234
1526391004.473443259	92	40	48	0	1	1	2	-75	68284	5	4	1596	1478	234,234
1526391004.485599981	92	40	48	0	1	1	2	-75	68285	5	4	1596	1478	234,234
1526391004.500818573	109	40	48	0	1	1	2	-75	68290	4	4	1596	1478	175,5,175,5
1526391004.508740779	109	40	48	0	1	1	2	-74	68291	4	4	1596	1478	175,5,175,5
1526391004.520508407	109	40	48	0	1	1	2	-75	68292	4	4	1596	1478	175,5,175,5
1526391004.532256623	109	40	48	0	1	1	2	-75	68293	4	4	1596	1478	175,5,175,5
1526391004.544033196	109	40	48	0	1	1	2	-74	68294	4	4	1596	1478	175,5,175,5
1526391004.557029786	109	40	48	0	1	1	2	-75	68296	4	4	1596	1478	175,5,175,5
1526391004.567572238	109	40	48	0	1	1	2	-75	68297	4	4	1596	1478	175,5,175,5
1526391004.579569344	109	40	48	0	1	1	2	-76	68300	4	4	1596	1478	175,5,175,5
1526391004.591366848	109	40	48	0	1	1	2	-75	68301	4	4	1596	1478	175,5,175,5
1526391004.602761816	109	40	48	0	1	1	2	-76	68302	4	4	1596	1478	175,5,175,5
1526391004.614600177	109	40	48	0	1	1	2	-76	68303	4	4	1596	1478	175,5,175,5
1526391004.626373322	109	40	48	0	1	1	2	-76	68304	4	4	1596	1478	175,5,175,5
1526391004.638095404	109	40	48	0	1	1	2	-76	68305	4	4	1596	1478	175,5,175,5
1526391004.649865033	109	40	48	0	1	1	2	-75	68306	4	4	1596	1478	175,5,175,5
1526391004.661619400	109	40	48	0	1	1	2	-75	68307	4	4	1596	1478	175,5,175,5
1526391004.673373586	109	40	48	0	1	1	2	-75	68308	4	4	1596	1478	175,5,175,5
1526391004.685481962	109	40	48	0	1	1	2	-75	68309	4	4	1596	1478	175,5,175,5
1526391004.696742272	109	40	48	0	1	1	2	-75	68310	4	4	1596	1478	175,5,175,5
1526391004.708466584	109	40	48	0	1	1	2	-75	68311	4	4	1596	1478	175,5,175,5
1526391004.720227917	109	40	48	0	1	1	2	-75	68312	4	4	1596	1478	175,5,175,5
1526391004.731984100	109	40	48	0	1	1	2	-75	68313	4	4	1596	1478	175,5,175,5
1526391004.743724302	92	40	48	0	1	1	2	-75	68314	5	4	1596	1478	234,234
1526391004.755569424	92	40	48	0	1	1	2	-74	68315	5	4	1596	1478	234,234
1526391004.767227070	92	40	48	0	1	1	2	-75	68316	5	4	1596	1478	234,234
1526391004.779085703	92	40	48	0	1	1	2	-75	68317	5	4	1596	1478	234,234
1526391004.791677635	92	40	48	0	1	1	2	-75	68318	5	4	1596	1478	234,234
1526391004.802580760	86	40	48	0	1	1	2	-74	68319	6	4	1596	1478	263,25,263,25
1526391004.814345373	86	40	48	0	1	1	2	-75	68320	6	4	1596	1478	263,25,263,25
1526391004.826183222	153	40	48	0	2	0	2	-73	68321	3	1	1596	1478	108,108
1526391004.838926492	86	40	48	0	1	1	2	-74	68325	6	4	1596	1478	263,25,263,25
1526391004.849620577	86	40	48	0	1	1	2	-74	68326	6	4	1596	1478	263,25,263,25
1526391004.861725101	86	40	48	0	1	1	2	-74	68327	6	4	1596	1478	263,25,263,25
1526391004.873439555	86	40	48	0	1	1	2	-74	68328	6	4	1596	1478	263,25,263,25
1526391004.885184414	86	40	48	0	1	1	2	-74	68330	6	4	1596	1478	263,25,263,25
1526391004.896587349	86	40	48	0	1	1	2	-73	68331	6	4	1596	1478	263,25,263,25
1526391004.908300436	86	40	48	0	1	1	2	-73	68332	6	4	1596	1478	263,25,263,25
1526391004.920532491	86	40	48	0	1	1	2	-73	68333	6	4	1596	1478	263,25,263,25
1526391004.931962595	86	40	48	0	1	1	2	-73	68334	6	4	1596	1478	263,25,263,25
1526391004.945170835	92	40	48	0	1	1	2	-73	68336	5	4	1596	1478	234,234
1526391004.955523116	92	40	48	0	1	1	2	-73	68337	5	4	1596	1478	234,234
1526391004.967300679	92	40	48	0	1	1	2	-72	68338	5	4	1596	1478	234,234
1526391004.979122009	92	40	48	0	1	1	2	-72	68339	5	4	1596	1478	234,234
1526391004.990848466	92	40	48	0	1	1	2	-72	68340	5	4	1596	1478	234,234
1526391005.002667768	92	40	48	0	1	1	2	-72	68341	5	4	1596	1478	234,234
1526391005.014406229	92	40	48	0	1	1	2	-72	68342	5	4	1596	1478	234,234
1526391005.026193551	92	40	48	0	1	1	2	-72	68343	5	4	1596	1478	234,234
1526391005.037921433	86	40	48	0	1	1	2	-72	68344	6	4	1596	1478	263,25,263,25
1526391005.049636632	92	40	48	0	1	1	2	-72	68345	5	4	1596	1478	234,234
1526391005.061441516	92	40	48	0	1	1	2	-72	68346	5	4	1596	1478	234,234
1526391005.073190368	92	40	48	0	1	1	2	-72	68347	5	4	1596	1478	234,234
1526391005.084963601	92	40	48	0	1	1	2	-73	68348	5	4	1596	1478	234,234
1526391005.096733694	86	40	48	0	1	1	2	-73	68349	6	4	1596	1478	263,25,263,25
1526391005.108498263	92	40	48	0	1	1	2	-73	68350	5	4	1596	1478	234,234
1526391005.120195715	92	40	48	0	1	1	2	-73	68351	5	4	1596	1478	234,234
1526391005.131996773	92	40	48	0	1	1	2	-73	68352	5	4	1596	1478	234,234
1526391005.144070087	92	40	48	0	1	1	2	-73	68353	5	4	1596	1478	234,234
1526391005.155574000	86	40	48	0	1	1	2	-73	68354	6	4	1596	1478	263,25,263,25
1526391005.167330165	92	40	48	0	1	1	2	-72	68355	5	4	1596	1478	234,234
1526391005.179070320	92	40	48	0	1	1	2	-72	68356	5	4	1596	1478	234,234
1526391005.191176300	92	40	48	0	1	1	2	-72	68357	5	4	1596	1478	234,234
1526391005.202577227	92	40	48	0	1	1	2	-72	68358	5	4	1596	1478	234,234
1526391005.214323967	86	40	48	0	1	1	2	-72	68359	6	4	1596	1478	263,25,263,25
1526391005.226770534	86	40	48	0	1	1	2	-72	68360	6	4	1596	1478	263,25,263,25
1526391005.238196724	86	40	48	0	1	1	2	-72	68361	6	4	1596	1478	263,25,263,25
1526391005.249590195	86	40	48	0	1	1	2	-72	68362	6	4	1596	1478	263,25,263,25
1526391005.261271756	86	40	48	0	1	1	2	-72	68363	6	4	1596	1478	263,25,263,25
1526391005.273696675	86	40	48	0	1	1	2	-72	68365	6	4	1596	1478	263,25,263,25
1526391005.284865723	86	40	48	0	1	1	2	-72	68366	6	4	1596	1478	263,25,263,25
1526391005.298231628	86	40	48	0	1	1	2	-72	68367	6	4	1596	1478	263,25,263,25
1526391005.309853986	92	40	48	0	1	1	2	-73	68368	5	4	1596	1478	234,234
1526391005.320159690	92	40	48	0	1	1	2	-72	68369	5	4	1596	1478	234,234
1526391005.331928706	92	40	48	0	1	1	2	-72	68370	5	4	1596	1478	234,234
1526391005.343819719	92	40	48	0	1	1	2	-72	68371	5	4	1596	1478	234,234
1526391005.355447388	92	40	48	0	1	1	2	-72	68372	5	4	1596	1478	234,234
1526391005.367245230	92	40	48	0	1	1	2	-72	68373	5	4	1596	1478	234,234
1526391005.381334746	86	40	48	0	1	1	2	-72	68374	6	4	1596	1478	263,25,263,25
1526391005.390607406	86	40	48	0	1	1	2	-72	68375	6	4	1596	1478	263,25,263,25
1526391005.403075006	86	40	48	0	1	1	2	-72	68376	6	4	1596	1478	263,25,263,25
1526391005.414236421	86	40	48	0	1	1	2	-72	68377	6	4	1596	1478	263,25,263,25
1526391005.425958721	86	40	48	0	1	1	2	-72	68378	6	4	1596	1478	263,25,263,25
1526391005.437749955	86	40	48	0	1	1	2	-72	68379	6	4	1596	1478	263,25,263,25
1526391005.449414767	86	40	48	0	1	1	2	-72	68380	6	4	1596	1478	263,25,263,25
1526391005.461170358	86	40	48	0	1	1	2	-72	68381	6	4	1596	1478	263,25,263,25
1526391005.473036478	81	40	48	0	1	1	2	-72	68382	7	4	1596	1478	292,5,292,5
1526391005.484797610	86	40	48	0	1	1	2	-72	68383	6	4	1596	1478	263,25,263,25
1526391005.496562500	86	40	48	0	1	1	2	-72	68384	6	4	1596	1478	263,25,263,25
1526391005.508331757	86	40	48	0	1	1	2	-72	68385	6	4	1596	1478	263,25,263,25
1526391005.521479971	86	40	48	0	1	1	2	-72	68386	6	4	1596	1478	263,25,263,25
1526391005.532220052	86	40	48	0	1	1	2	-72	68388	6	4	1596	1478	263,25,263,25
1526391005.543598189	86	40	48	0	1	1	2	-72	68389	6	4	1596	1478	263,25,263,25
1526391005.555353025	86	40	48	0	1	1	2	-72	68390	6	4	1596	1478	263,25,263,25
1526391005.567511597	86	40	48	0	1	1	2	-72	68391	6	4	1596	1478	263,25,263,25
1526391005.580064931	86	40	48	0	1	1	2	-72	68392	6	4	1596	1478	263,25,263,25
1526391005.590679109	86	40	48	0	1	1	2	-72	68393	6	4	1596	1478	263,25,263,25
1526391005.602414246	86	40	48	0	1	1	2	-72	68394	6	4	1596	1478	263,25,263,25
1526391005.614183260	86	40	48	0	1	1	2	-72	68395	6	4	1596	1478	263,25,263,25
1526391005.625914632	86	40	48	0	1	1	2	-72	68396	6	4	1596	1478	263,25,263,25
1526391005.637673659	86	40	48	0	1	1	2	-72	68397	6	4	1596	1478	263,25,263,25
1526391005.649355417	86	40	48	0	1	1	2	-72	68398	6	4	1596	1478	263,25,263,25
1526391005.661344072	86	40	48	0	1	1	2	-72	68400	6	4	1596	1478	263,25,263,25
1526391005.672860584	86	40	48	0	1	1	2	-72	68401	6	4	1596	1478	263,25,263,25
1526391005.684607840	86	40	48	0	1	1	2	-72	68402	6	4	1596	1478	263,25,263,25
1526391005.696733990	86	40	48	0	1	1	2	-72	68404	6	4	1596	1478	263,25,263,25
1526391005.708133817	86	40	48	0	1	1	2	-72	68405	6	4	1596	1478	263,25,263,25
1526391005.719908357	86	40	48	0	1	1	2	-72	68406	6	4	1596	1478	263,25,263,25
1526391005.731620039	86	40	48	0	1	1	2	-72	68407	6	4	1596	1478	263,25,263,25
1526391005.743392858	86	40	48	0	1	1	2	-72	68408	6	4	1596	1478	263,25,263,25
1526391005.755133871	86	40	48	0	1	1	2	-72	68409	6	4	1596	1478	263,25,263,25
1526391005.766912821	86	40	48	0	1	1	2	-72	68410	6	4	1596	1478	263,25,263,25
1526391005.778668826	86	40	48	0	1	1	2	-72	68411	6	4	1596	1478	263,25,263,25
1526391005.790429833	86	40	48	0	1	1	2	-73	68412	6	4	1596	1478	263,25,263,25
1526391005.802178423	86	40	48	0	1	1	2	-72	68413	6	4	1596	1478	263,25,263,25
1526391005.814361476	86	40	48	0	1	1	2	-72	68414	6	4	1596	1478	263,25,263,25
1526391005.825716208	86	40	48	0	1	1	2	-72	68415	6	4	1596	1478	263,25,263,25
1526391005.837468971	86	40	48	0	1	1	2	-72	68416	6	4	1596	1478	263,25,263,25
1526391005.850629914	153	40	48	0	2	0	2	-69	68417	3	1	1596	1478	108,108
1526391005.860995089	115	40	48	0	2	0	2	-70	68418	4	1	1596	1478	162,162
1526391005.872775038	86	40	48	0	1	1	2	-72	68419	6	4	1596	1478	263,25,263,25
1526391005.884414830	86	40	48	0	1	1	2	-72	68420	6	4	1596	1478	263,25,263,25
1526391005.896189849	86	40	48	0	1	1	2	-72	68421	6	4	1596	1478	263,25,263,25
1526391005.907899112	86	40	48	0	1	1	2	-72	68422	6	4	1596	1478	263,25,263,25
1526391005.919809032	86	40	48	0	1	1	2	-72	68423	6	4	1596	1478	263,25,263,25
1526391005.931558873	86	40	48	0	1	1	2	-72	68424	6	4	1596	1478	263,25,263,25
1526391005.943597497	86	40	48	0	1	1	2	-72	68425	6	4	1596	1478	263,25,263,25
1526391005.954967869	86	40	48	0	1	1	2	-72	68426	6	4	1596	1478	263,25,263,25
1526391005.966742321	86	40	48	0	1	1	2	-72	68427	6	4	1596	1478	263,25,263,25
1526391005.978570532	86	40	48	0	1	1	2	-72	68428	6	4	1596	1478	263,25,263,25
1526391005.990721854	86	40	48	0	1	1	2	-72	68429	6	4	1596	1478	263,25,263,25
1526391006.002097914	86	40	48	0	1	1	2	-72	68430	6	4	1596	1478	263,25,263,25
1526391006.013867169	86	40	48	0	1	1	2	-72	68431	6	4	1596	1478	263,25,263,25
1526391006.025691357	86	40	48	0	1	1	2	-72	68432	6	4	1596	1478	263,25,263,25
1526391006.037421061	115	40	48	0	2	0	2	-70	68433	4	1	1596	1478	162,162
1526391006.049141204	86	40	48	0	1	1	2	-72	68434	6	4	1596	1478	263,25,263,25
1526391006.060826633	86	40	48	0	1	1	2	-72	68435	6	4	1596	1478	263,25,263,25
1526391006.073022508	86	40	48	0	1	1	2	-72	68436	6	4	1596	1478	263,25,263,25
1526391006.084440112	86	40	48	0	1	1	2	-72	68437	6	4	1596	1478	263,25,263,25
1526391006.096194183	86	40	48	0	1	1	2	-72	68438	6	4	1596	1478	263,25,263,25
1526391006.108309512	86	40	48	0	1	1	2	-72	68440	6	4	1596	1478	263,25,263,25
1526391006.120054467	86	40	48	0	1	1	2	-72	68441	6	4	1596	1478	263,25,263,25
1526391006.131519612	86	40	48	0	1	1	2	-72	68442	6	4	1596	1478	263,25,263,25
1526391006.143243433	86	40	48	0	1	1	2	-72	68443	6	4	1596	1478	263,25,263,25
1526391006.155119662	86	40	48	0	1	1	2	-72	68444	6	4	1596	1478	263,25,263,25
1526391006.167041592	86	40	48	0	1	1	2	-72	68445	6	4	1596	1478	263,25,263,25
1526391006.178656786	86	40	48	0	1	1	2	-72	68446	6	4	1596	1478	263,25,263,25
1526391006.190412292	86	40	48	0	1	1	2	-72	68447	6	4	1596	1478	263,25,263,25
1526391006.202168119	86	40	48	0	1	1	2	-72	68448	6	4	1596	1478	263,25,263,25
1526391006.214180507	86	40	48	0	1	1	2	-72	68449	6	4	1596	1478	263,25,263,25
1526391006.225689849	86	40	48	0	1	1	2	-72	68450	6	4	1596	1478	263,25,263,25
1526391006.237441108	86	40	48	0	1	1	2	-72	68451	6	4	1596	1478	263,25,263,25
1526391006.249074037	86	40	48	0	1	1	2	-72	68452	6	4	1596	1478	263,25,263,25
1526391006.261289276	86	40	48	0	1	1	2	-72	68454	6	4	1596	1478	263,25,263,25
1526391006.273105681	86	40	48	0	1	1	2	-72	68455	6	4	1596	1478	263,25,263,25
1526391006.284476827	86	40	48	0	1	1	2	-72	68456	6	4	1596	1478	263,25,263,25
1526391006.296895136	86	40	48	0	1	1	2	-72	68457	6	4	1596	1478	263,25,263,25
1526391006.308209958	86	40	48	0	1	1	2	-72	68458	6	4	1596	1478	263,25,263,25
1526391006.320679824	86	40	48	0	1	1	2	-72	68459	6	4	1596	1478	263,25,263,25
1526391006.331557847	86	40	48	0	1	1	2	-72	68460	6	4	1596	1478	263,25,263,25
1526391006.343290215	86	40	48	0	1	1	2	-72	68461	6	4	1596	1478	263,25,263,25
1526391006.355923476	86	40	48	0	1	1	2	-72	68462	6	4	1596	1478	263,25,263,25
1526391006.367498761	86	40	48	0	1	1	2	-72	68463	6	4	1596	1478	263,25,263,25
1526391006.378550653	86	40	48	0	1	1	2	-72	68464	6	4	1596	1478	263,25,263,25
1526391006.390247351	86	40	48	0	1	1	2	-72	68465	6	4	1596	1478	263,25,263,25
1526391006.402747901	86	40	48	0	1	1	2	-72	68467	6	4	1596	1478	263,25,263,25
1526391006.413766032	86	40	48	0	1	1	2	-72	68468	6	4	1596	1478	263,25,263,25
1526391006.426740973	86	40	48	0	1	1	2	-72	68469	6	4	1596	1478	263,25,263,25
1526391006.437354161	86	40	48	0	1	1	2	-72	68470	6	4	1596	1478	263,25,263,25
1526391006.450618788	86	40	48	0	1	1	2	-72	68472	6	4	1596	1478	263,25,263,25
1526391006.461060459	86	40	48	0	1	1	2	-72	68473	6	4	1596	1478	263,25,263,25
1526391006.472636152	86	40	48	0	1	1	2	-72	68474	6	4	1596	1478	263,25,263,25
1526391006.484308204	86	40	48	0	1	1	2	-72	68475	6	4	1596	1478	263,25,263,25
1526391006.496548996	86	40	48	0	1	1	2	-72	68477	6	4	1596	1478	263,25,263,25
1526391006.508704186	86	40	48	0	1	1	2	-72	68478	6	4	1596	1478	263,25,263,25
1526391006.519661660	86	40	48	0	1	1	2	-72	68479	6	4	1596	1478	263,25,263,25
1526391006.531843087	86	40	48	0	1	1	2	-72	68481	6	4	1596	1478	263,25,263,25
1526391006.543158247	86	40	48	0	1	1	2	-72	68482	6	4	1596	1478	263,25,263,25
1526391006.554946428	86	40	48	0	1	1	2	-72	68483	6	4	1596	1478	263,25,263,25
1526391006.566755178	115	40	48	0	2	0	2	-68	68484	4	1	1596	1478	162,162
1526391006.578486486	86	40	48	0	1	1	2	-72	68485	6	4	1596	1478	263,25,263,25
1526391006.590242680	86	40	48	0	1	1	2	-72	68486	6	4	1596	1478	263,25,263,25
1526391006.601986780	86	40	48	0	1	1	2	-72	68487	6	4	1596	1478	263,25,263,25
1526391006.613746771	86	40	48	0	1	1	2	-72	68488	6	4	1596	1478	263,25,263,25
1526391006.625468021	86	40	48	0	1	1	2	-72	68489	6	4	1596	1478	263,25,263,25
1526391006.637123003	86	40	48	0	1	1	2	-72	68490	6	4	1596	1478	263,25,263,25
1526391006.648849960	86	40	48	0	1	1	2	-72	68491	6	4	1596	1478	263,25,263,25
1526391006.660677567	86	40	48	0	1	1	2	-72	68492	6	4	1596	1478	263,25,263,25
1526391006.672428333	86	40	48	0	1	1	2	-72	68493	6	4	1596	1478	263,25,263,25
1526391006.684197064	86	40	48	0	1	1	2	-72	68494	6	4	1596	1478	263,25,263,25
1526391006.695953313	81	40	48	0	1	1	2	-72	68495	7	4	1596	1478	292,5,292,5
1526391006.707717410	86	40	48	0	1	1	2	-72	68496	6	4	1596	1478	263,25,263,25
1526391006.719454063	86	40	48	0	1	1	2	-72	68497	6	4	1596	1478	263,25,263,25
1526391006.731210836	86	40	48	0	1	1	2	-72	68498	6	4	1596	1478	263,25,263,25
1526391006.743340889	86	40	48	0	1	1	2	-72	68500	6	4	1596	1478	263,25,263,25
1526391006.754769275	81	40	48	0	1	1	2	-72	68501	7	4	1596	1478	292,5,292,5
1526391006.766508305	86	40	48	0	1	1	2	-72	68502	6	4	1596	1478	263,25,263,25
1526391006.778270433	86	40	48	0	1	1	2	-72	68503	6	4	1596	1478	263,25,263,25
1526391006.790008031	86	40	48	0	1	1	2	-72	68504	6	4	1596	1478	263,25,263,25
1526391006.801795389	86	40	48	0	1	1	2	-72	68505	6	4	1596	1478	263,25,263,25
1526391006.813930926	86	40	48	0	1	1	2	-72	68507	6	4	1596	1478	263,25,263,25
1526391006.825300009	86	40	48	0	1	1	2	-72	68508	6	4	1596	1478	263,25,263,25
1526391006.837930906	86	40	48	0	1	1	2	-72	68509	6	4	1596	1478	263,25,263,25
1526391006.848828982	86	40	48	0	1	1	2	-72	68510	6	4	1596	1478	263,25,263,25
1526391006.860941314	86	40	48	0	1	1	2	-72	68511	6	4	1596	1478	263,25,263,25
1526391006.872415660	86	40	48	0	1	1	2	-72	68512	6	4	1596	1478	263,25,263,25
1526391006.884288880	86	40	48	0	1	1	2	-72	68513	6	4	1596	1478	263,25,263,25
1526391006.896035470	86	40	48	0	1	1	2	-72	68514	6	4	1596	1478	263,25,263,25
1526391006.907715180	86	40	48	0	1	1	2	-72	68515	6	4	1596	1478	263,25,263,25
1526391006.919448676	86	40	48	0	1	1	2	-72	68516	6	4	1596	1478	263,25,263,25
1526391006.931592210	86	40	48	0	1	1	2	-72	68517	6	4	1596	1478	263,25,263,25
1526391006.942977210	86	40	48	0	1	1	2	-72	68518	6	4	1596	1478	263,25,263,25
1526391006.954830446	86	40	48	0	1	1	2	-72	68519	6	4	1596	1478	263,25,263,25
1526391006.966600940	86	40	48	0	1	1	2	-72	68520	6	4	1596	1478	263,25,263,25
1526391006.978365032	81	40	48	0	1	1	2	-72	68521	7	4	1596	1478	292,5,292,5
1526391006.990754908	77	40	48	1	1	1	2	-72	68524	7	4	1596	1478	325,325
1526391007.001880444	77	40	48	1	1	1	2	-72	68525	7	4	1596	1478	325,325
1526391007.014864454	77	40	48	1	1	1	2	-72	68529	7	4	1596	1478	325,325
1526391007.025633422	77	40	48	1	1	1	2	-72	68530	7	4	1596	1478	325,325
1526391007.037590506	77	40	48	1	1	1	2	-72	68531	7	4	1596	1478	325,325
1526391007.048913124	77	40	48	1	1	1	2	-72	68532	7	4	1596	1478	325,325
1526391007.060934863	77	40	48	1	1	1	2	-72	68534	7	4	1596	1478	325,325
1526391007.072433541	77	40	48	1	1	1	2	-72	68535	7	4	1596	1478	325,325
1526391007.085723778	86	40	48	0	1	1	2	-72	68537	6	4	1596	1478	263,25,263,25
1526391007.095837637	86	40	48	0	1	1	2	-72	68538	6	4	1596	1478	263,25,263,25
1526391007.107443029	86	40	48	0	1	1	2	-72	68539	6	4	1596	1478	263,25,263,25
1526391007.119349509	86	40	48	0	1	1	2	-72	68540	6	4	1596	1478	263,25,263,25
1526391007.131139683	86	40	48	0	1	1	2	-72	68541	6	4	1596	1478	263,25,263,25
1526391007.143822001	86	40	48	0	1	1	2	-73	68542	6	4	1596	1478	263,25,263,25
1526391007.154679114	86	40	48	0	1	1	2	-72	68543	6	4	1596	1478	263,25,263,25
1526391007.166378709	86	40	48	0	1	1	2	-73	68544	6	4	1596	1478	263,25,263,25
1526391007.178241588	86	40	48	0	1	1	2	-73	68545	6	4	1596	1478	263,25,263,25
1526391007.189931643	86	40	48	0	1	1	2	-73	68546	6	4	1596	1478	263,25,263,25
1526391007.202136778	86	40	48	0	1	1	2	-73	68547	6	4	1596	1478	263,25,263,25
1526391007.213538878	86	40	48	0	1	1	2	-73	68548	6	4	1596	1478	263,25,263,25
1526391007.225282999	86	40	48	0	1	1	2	-73	68549	6	4	1596	1478	263,25,263,25
1526391007.237048114	86	40	48	0	1	1	2	-73	68550	6	4	1596	1478	263,25,263,25
1526391007.248817924	86	40	48	0	1	1	2	-73	68551	6	4	1596	1478	263,25,263,25
1526391007.260544938	86	40	48	0	1	1	2	-73	68552	6	4	1596	1478	263,25,263,25
1526391007.272602318	86	40	48	0	1	1	2	-73	68553	6	4	1596	1478	263,25,263,25
1526391007.284108099	115	40	48	0	2	0	2	-69	68554	4	1	1596	1478	162,162
1526391007.295819240	86	40	48	0	1	1	2	-72	68555	6	4	1596	1478	263,25,263,25
1526391007.307605481	86	40	48	0	1	1	2	-72	68556	6	4	1596	1478	263,25,263,25
1526391007.319274174	86	40	48	0	1	1	2	-72	68557	6	4	1596	1478	263,25,263,25
1526391007.331125009	86	40	48	0	1	1	2	-73	68558	6	4	1596	1478	263,25,263,25
1526391007.342884171	86	40	48	0	1	1	2	-73	68559	6	4	1596	1478	263,25,263,25
1526391007.354680208	86	40	48	0	1	1	2	-72	68560	6	4	1596	1478	263,25,263,25
1526391007.366821625	86	40	48	0	1	1	2	-73	68562	6	4	1596	1478	263,25,263,25
1526391007.378063406	86	40	48	0	1	1	2	-73	68563	6	4	1596	1478	263,25,263,25
1526391007.389938819	86	40	48	0	1	1	2	-73	68564	6	4	1596	1478	263,25,263,25
1526391007.401678510	86	40	48	0	1	1	2	-73	68565	6	4	1596	1478	263,25,263,25
1526391007.413434899	86	40	48	0	1	1	2	-73	68566	6	4	1596	1478	263,25,263,25
1526391007.425096916	86	40	48	0	1	1	2	-73	68567	6	4	1596	1478	263,25,263,25
1526391007.436969266	86	40	48	0	1	1	2	-73	68568	6	4	1596	1478	263,25,263,25
1526391007.448646283	86	40	48	0	1	1	2	-73	68569	6	4	1596	1478	263,25,263,25
1526391007.460509425	86	40	48	0	1	1	2	-73	68570	6	4	1596	1478	263,25,263,25
1526391007.472223234	86	40	48	0	1	1	2	-73	68571	6	4	1596	1478	263,25,263,25
1526391007.483972065	86	40	48	0	1	1	2	-73	68572	6	4	1596	1478	263,25,263,25
1526391007.495755373	86	40	48	0	1	1	2	-73	68573	6	4	1596	1478	263,25,263,25
1526391007.507418067	86	40	48	0	1	1	2	-73	68574	6	4	1596	1478	263,25,263,25
1526391007.519289522	86	40	48	0	1	1	2	-73	68575	6	4	1596	1478	263,25,263,25
1526391007.531393226	86	40	48	0	1	1	2	-73	68576	6	4	1596	1478	263,25,263,25
1526391007.542805906	86	40	48	0	1	1	2	-73	68577	6	4	1596	1478	263,25,263,25
1526391007.554595286	86	40	48	0	1	1	2	-73	68578	6	4	1596	1478	263,25,263,25
1526391007.566328052	86	40	48	0	1	1	2	-73	68579	6	4	1596	1478	263,25,263,25
1526391007.578081951	86	40	48	0	1	1	2	-73	68580	6	4	1596	1478	263,25,263,25
1526391007.591293927	115	40	48	0	2	0	2	-71	68581	4	1	1596	1478	162,162
1526391007.601837587	92	40	48	0	1	1	2	-73	68582	5	4	1596	1478	234,234
1526391007.613193893	92	40	48	0	1	1	2	-73	68583	5	4	1596	1478	234,234
1526391007.624908554	92	40	48	0	1	1	2	-73	68584	5	4	1596	1478	234,234
1526391007.636688392	92	40	48	0	1	1	2	-73	68585	5	4	1596	1478	234,234
1526391007.648962386	92	40	48	0	1	1	2	-73	68586	5	4	1596	1478	234,234
1526391007.660303146	92	40	48	0	1	1	2	-73	68587	5	4	1596	1478	234,234
1526391007.672039779	92	40	48	0	1	1	2	-73	68588	5	4	1596	1478	234,234
1526391007.683834169	92	40	48	0	1	1	2	-73	68589	5	4	1596	1478	234,234
1526391007.695558228	86	40	48	0	1	1	2	-73	68590	6	4	1596	1478	263,25,263,25
1526391007.707319519	92	40	48	0	1	1	2	-73	68591	5	4	1596	1478	234,234
1526391007.719160063	92	40	48	0	1	1	2	-73	68592	5	4	1596	1478	234,234
1526391007.731039573	92	40	48	0	1	1	2	-72	68593	5	4	1596	1478	234,234
1526391007.742629405	92	40	48	0	1	1	2	-72	68594	5	4	1596	1478	234,234
1526391007.754457543	86	40	48	0	1	1	2	-72	68595	6	4	1596	1478	263,25,263,25
1526391007.766501612	92	40	48	0	1	1	2	-73	68596	5	4	1596	1478	234,234
1526391007.777975715	92	40	48	0	1	1	2	-73	68597	5	4	1596	1478	234,234
1526391007.789758569	92	40	48	0	1	1	2	-73	68598	5	4	1596	1478	234,234
1526391007.801519998	92	40	48	0	1	1	2	-73	68599	5	4	1596	1478	234,234
1526391007.813262623	86	40	48	0	1	1	2	-73	68600	6	4	1596	1478	263,25,263,25
1526391007.825052018	92	40	48	0	1	1	2	-73	68601	5	4	1596	1478	234,234
1526391007.836820334	92	40	48	0	1	1	2	-73	68602	5	4	1596	1478	234,234
1526391007.848600739	92	40	48	0	1	1	2	-73	68603	5	4	1596	1478	234,234
1526391007.866739143	92	40	48	0	1	1	2	-73	68604	5	4	1596	1478	234,234
1526391007.872514706	86	40	48	0	1	1	2	-73	68605	6	4	1596	1478	263,25,263,25
1526391007.883834923	86	40	48	0	1	1	2	-73	68606	6	4	1596	1478	263,25,263,25
1526391007.895552025	86	40	48	0	1	1	2	-73	68607	6	4	1596	1478	263,25,263,25
1526391007.907369406	86	40	48	0	1	1	2	-73	68608	6	4	1596	1478	263,25,263,25
1526391007.919097485	86	40	48	0	1	1	2	-73	68609	6	4	1596	1478	263,25,263,25
1526391007.930790468	86	40	48	0	1	1	2	-72	68610	6	4	1596	1478	263,25,263,25
1526391007.942551429	86	40	48	0	1	1	2	-73	68611	6	4	1596	1478	263,25,263,25
1526391007.954665590	86	40	48	0	1	1	2	-73	68612	6	4	1596	1478	263,25,263,25
1526391007.966212542	86	40	48	0	1	1	2	-73	68613	6	4	1596	1478	263,25,263,25
1526391007.977916971	86	40	48	0	1	1	2	-73	68614	6	4	1596	1478	263,25,263,25
1526391007.989676273	86	40	48	0	1	1	2	-73	68615	6	4	1596	1478	263,25,263,25
1526391008.001393426	115	40	48	0	2	0	2	-70	68616	4	1	1596	1478	162,162
1526391008.013188773	86	40	48	0	1	1	2	-73	68617	6	4	1596	1478	263,25,263,25
1526391008.024941899	86	40	48	0	1	1	2	-73	68618	6	4	1596	1478	263,25,263,25
1526391008.036725356	86	40	48	0	1	1	2	-74	68619	6	4	1596	1478	263,25,263,25
1526391008.048412226	86	40	48	0	1	1	2	-74	68620	6	4	1596	1478	263,25,263,25
1526391008.060237103	86	40	48	0	1	1	2	-74	68621	6	4	1596	1478	263,25,263,25
1526391008.072004335	86	40	48	0	1	1	2	-74	68622	6	4	1596	1478	263,25,263,25
1526391008.083752497	86	40	48	0	1	1	2	-74	68623	6	4	1596	1478	263,25,263,25
1526391008.095783937	86	40	48	0	1	1	2	-74	68625	6	4	1596	1478	263,25,263,25
1526391008.108429088	86	40	48	0	1	1	2	-74	68628	6	4	1596	1478	263,25,263,25
1526391008.120556905	92	40	48	0	1	1	2	-74	68633	5	4	1596	1478	234,234
1526391008.130801778	92	40	48	0	1	1	2	-74	68634	5	4	1596	1478	234,234
1526391008.142474155	92	40	48	0	1	1	2	-74	68635	5	4	1596	1478	234,234
1526391008.154329516	92	40	48	0	1	1	2	-74	68636	5	4	1596	1478	234,234
1526391008.170689015	86	40	48	0	1	1	2	-74	68637	6	4	1596	1478	263,25,263,25
1526391008.177829217	86	40	48	0	1	1	2	-74	68638	6	4	1596	1478	263,25,263,25
1526391008.189617612	86	40	48	0	1	1	2	-74	68639	6	4	1596	1478	263,25,263,25
1526391008.201279053	86	40	48	0	1	1	2	-74	68640	6	4	1596	1478	263,25,263,25
1526391008.214479736	86	40	48	0	1	1	2	-74	68642	6	4	1596	1478	263,25,263,25
1526391008.225245501	86	40	48	0	1	1	2	-74	68644	6	4	1596	1478	263,25,263,25
1526391008.236650639	86	40	48	0	1	1	2	-74	68645	6	4	1596	1478	263,25,263,25
1526391008.248401966	86	40	48	0	1	1	2	-73	68646	6	4	1596	1478	263,25,263,25
1526391008.260952247	86	40	48	0	1	1	2	-73	68647	6	4	1596	1478	263,25,263,25
1526391008.273064534	86	40	48	0	1	1	2	-73	68649	6	4	1596	1478	263,25,263,25
1526391008.283671262	86	40	48	0	1	1	2	-73	68650	6	4	1596	1478	263,25,263,25
1526391008.295440282	86	40	48	0	1	1	2	-73	68651	6	4	1596	1478	263,25,263,25
1526391008.310255108	92	40	48	0	1	1	2	-73	68652	5	4	1596	1478	234,234
1526391008.318949042	92	40	48	0	1	1	2	-73	68653	5	4	1596	1478	234,234
1526391008.330732612	92	40	48	0	1	1	2	-73	68654	5	4	1596	1478	234,234
1526391008.342491746	92	40	48	0	1	1	2	-73	68655	5	4	1596	1478	234,234
1526391008.355459624	92	40	48	0	1	1	2	-73	68657	5	4	1596	1478	234,234
1526391008.365999119	92	40	48	0	1	1	2	-73	68658	5	4	1596	1478	234,234
1526391008.377809500	92	40	48	0	1	1	2	-73	68659	5	4	1596	1478	234,234
1526391008.389470382	92	40	48	0	1	1	2	-73	68660	5	4	1596	1478	234,234
1526391008.401188987	86	40	48	0	1	1	2	-73	68661	6	4	1596	1478	263,25,263,25
1526391008.412950802	92	40	48	0	1	1	2	-73	68662	5	4	1596	1478	234,234
1526391008.424705981	92	40	48	0	1	1	2	-73	68663	5	4	1596	1478	234,234
1526391008.436453454	92	40	48	0	1	1	2	-73	68664	5	4	1596	1478	234,234
1526391008.449795583	86	40	48	0	1	1	2	-73	68667	6	4	1596	1478	263,25,263,25
1526391008.459958315	86	40	48	0	1	1	2	-73	68668	6	4	1596	1478	263,25,263,25
1526391008.471708336	86	40	48	0	1	1	2	-73	68669	6	4	1596	1478	263,25,263,25
1526391008.483522235	86	40	48	0	1	1	2	-73	68670	6	4	1596	1478	263,25,263,25
1526391008.495251576	86	40	48	0	1	1	2	-73	68671	6	4	1596	1478	263,25,263,25
1526391008.507021621	86	40	48	0	1	1	2	-73	68672	6	4	1596	1478	263,25,263,25
1526391008.518749662	86	40	48	0	1	1	2	-73	68673	6	4	1596	1478	263,25,263,25
1526391008.530509199	86	40	48	0	1	1	2	-73	68674	6	4	1596	1478	263,25,263,25
1526391008.544331189	92	40	48	0	1	1	2	-73	68675	5	4	1596	1478	234,234
1526391008.554044745	92	40	48	0	1	1	2	-73	68676	5	4	1596	1478	234,234
1526391008.565750811	92	40	48	0	1	1	2	-73	68677	5	4	1596	1478	234,234
1526391008.578399381	92	40	48	0	1	1	2	-73	68678	5	4	1596	1478	234,234
1526391008.589339322	92	40	48	0	1	1	2	-73	68679	5	4	1596	1478	234,234
1526391008.600979176	92	40	48	0	1	1	2	-73	68680	5	4	1596	1478	234,234
1526391008.612831131	92	40	48	0	1	1	2	-73	68681	5	4	1596	1478	234,234
1526391008.624597068	92	40	48	0	1	1	2	-73	68682	5	4	1596	1478	234,234
1526391008.636734988	92	40	48	0	1	1	2	-73	68683	5	4	1596	1478	234,234
1526391008.648130162	92	40	48	0	1	1	2	-73	68684	5	4	1596	1478	234,234
1526391008.659960669	92	40	48	0	1	1	2	-73	68685	5	4	1596	1478	234,234
1526391008.671760139	92	40	48	0	1	1	2	-73	68686	5	4	1596	1478	234,234
1526391008.683525189	92	40	48	0	1	1	2	-73	68687	5	4	1596	1478	234,234
1526391008.695279583	92	40	48	0	1	1	2	-73	68688	5	4	1596	1478	234,234
1526391008.707038912	86	40	48	0	1	1	2	-73	68689	6	4	1596	1478	263,25,263,25
1526391008.718792199	92	40	48	0	1	1	2	-73	68690	5	4	1596	1478	234,234
1526391008.731254972	92	40	48	0	1	1	2	-73	68691	5	4	1596	1478	234,234
1526391008.742319286	92	40	48	0	1	1	2	-73	68692	5	4	1596	1478	234,234
1526391008.754432479	92	40	48	0	1	1	2	-73	68693	5	4	1596	1478	234,234
1526391008.765824509	86	40	48	0	1	1	2	-73	68694	6	4	1596	1478	263,25,263,25
1526391008.777597435	92	40	48	0	1	1	2	-73	68695	5	4	1596	1478	234,234
1526391008.789390414	92	40	48	0	1	1	2	-73	68696	5	4	1596	1478	234,234
1526391008.801054002	92	40	48	0	1	1	2	-73	68697	5	4	1596	1478	234,234
1526391008.812887378	92	40	48	0	1	1	2	-73	68698	5	4	1596	1478	234,234
1526391008.824647925	86	40	48	0	1	1	2	-73	68699	6	4	1596	1478	263,25,263,25
1526391008.836391581	92	40	48	0	1	1	2	-73	68700	5	4	1596	1478	234,234
1526391008.848187399	92	40	48	0	1	1	2	-73	68701	5	4	1596	1478	234,234
1526391008.859957134	92	40	48	0	1	1	2	-73	68702	5	4	1596	1478	234,234
1526391008.871616419	92	40	48	0	1	1	2	-73	68703	5	4	1596	1478	234,234
1526391008.884920414	92	40	48	0	1	1	2	-73	68704	5	4	1596	1478	234,234
1526391008.895232684	92	40	48	0	1	1	2	-73	68705	5	4	1596	1478	234,234
1526391008.906886002	92	40	48	0	1	1	2	-73	68706	5	4	1596	1478	234,234
1526391008.918710793	92	40	48	0	1	1	2	-73	68707	5	4	1596	1478	234,234
1526391008.930480702	92	40	48	0	1	1	2	-73	68708	5	4	1596	1478	234,234
1526391008.942246540	92	40	48	0	1	1	2	-73	68709	5	4	1596	1478	234,234
1526391008.953848610	92	40	48	0	1	1	2	-73	68710	5	4	1596	1478	234,234
1526391008.965640102	92	40	48	0	1	1	2	-73	68711	5	4	1596	1478	234,234
1526391008.977434185	92	40	48	0	1	1	2	-73	68712	5	4	1596	1478	234,234
1526391008.989298182	92	40	48	0	1	1	2	-73	68713	5	4	1596	1478	234,234
1526391009.000964863	92	40	48	0	1	1	2	-73	68714	5	4	1596	1478	234,234
1526391009.012809938	92	40	48	0	1	1	2	-73	68715	5	4	1596	1478	234,234
1526391009.024581062	115	40	48	0	2	0	2	-69	68716	4	1	1596	1478	162,162
1526391009.036336667	92	40	48	0	1	1	2	-73	68717	5	4	1596	1478	234,234
1526391009.048006184	86	40	48	0	1	1	2	-73	68718	6	4	1596	1478	263,25,263,25
1526391009.059738715	86	40	48	0	1	1	2	-73	68719	6	4	1596	1478	263,25,263,25
1526391009.071590974	86	40	48	0	1	1	2	-73	68720	6	4	1596	1478	263,25,263,25
1526391009.083363019	86	40	48	0	1	1	2	-73	68721	6	4	1596	1478	263,25,263,25
1526391009.095140077	86	40	48	0	1	1	2	-73	68722	6	4	1596	1478	263,25,263,25
1526391009.107179913	86	40	48	0	1	1	2	-73	68724	6	4	1596	1478	263,25,263,25
1526391009.118641133	86	40	48	0	1	1	2	-73	68725	6	4	1596	1478	263,25,263,25
1526391009.130422016	86	40	48	0	1	1	2	-73	68726	6	4	1596	1478	263,25,263,25
1526391009.141994577	86	40	48	0	1	1	2	-73	68727	6	4	1596	1478	263,25,263,25
1526391009.154628334	86	40	48	0	1	1	2	-73	68728	6	4	1596	1478	263,25,263,25
1526391009.165601009	86	40	48	0	1	1	2	-73	68729	6	4	1596	1478	263,25,263,25
1526391009.177433012	86	40	48	0	1	1	2	-73	68730	6	4	1596	1478	263,25,263,25
1526391009.189191730	86	40	48	0	1	1	2	-73	68731	6	4	1596	1478	263,25,263,25
1526391009.200992896	86	40	48	0	1	1	2	-73	68732	6	4	1596	1478	263,25,263,25
1526391009.212594938	86	40	48	0	1	1	2	-73	68733	6	4	1596	1478	263,25,263,25
1526391009.224477122	86	40	48	0	1	1	2	-73	68734	6	4	1596	1478	263,25,263,25
1526391009.236233088	86	40	48	0	1	1	2	-73	68735	6	4	1596	1478	263,25,263,25
1526391009.247990034	86	40	48	0	1	1	2	-73	68736	6	4	1596	1478	263,25,263,25
1526391009.259673056	86	40	48	0	1	1	2	-73	68737	6	4	1596	1478	263,25,263,25
1526391009.271892517	86	40	48	0	1	1	2	-73	68739	6	4	1596	1478	263,25,263,25
1526391009.283271970	86	40	48	0	1	1	2	-73	68740	6	4	1596	1478	263,25,263,25
1526391009.295052164	86	40	48	0	1	1	2	-73	68741	6	4	1596	1478	263,25,263,25
1526391009.306801310	86	40	48	0	1	1	2	-73	68742	6	4	1596	1478	263,25,263,25
1526391009.318546951	86	40	48	0	1	1	2	-73	68743	6	4	1596	1478	263,25,263,25
1526391009.330315051	86	40	48	0	1	1	2	-73	68744	6	4	1596	1478	263,25,263,25
1526391009.342078351	86	40	48	0	1	1	2	-73	68745	6	4	1596	1478	263,25,263,25
1526391009.353828254	86	40	48	0	1	1	2	-73	68746	6	4	1596	1478	263,25,263,25
1526391009.365608583	86	40	48	0	1	1	2	-73	68747	6	4	1596	1478	263,25,263,25
1526391009.377345215	86	40	48	0	1	1	2	-73	68748	6	4	1596	1478	263,25,263,25
1526391009.389527969	86	40	48	0	1	1	2	-73	68749	6	4	1596	1478	263,25,263,25
1526391009.401201562	86	40	48	0	1	1	2	-73	68750	6	4	1596	1478	263,25,263,25
1526391009.412586300	86	40	48	0	1	1	2	-73	68751	6	4	1596	1478	263,25,263,25
1526391009.424410986	86	40	48	0	1	1	2	-72	68752	6	4	1596	1478	263,25,263,25
1526391009.436152439	81	40	48	0	1	1	2	-72	68753	7	4	1596	1478	292,5,292,5
1526391009.447925131	86	40	48	0	1	1	2	-72	68754	6	4	1596	1478	263,25,263,25
1526391009.459654495	86	40	48	0	1	1	2	-72	68755	6	4	1596	1478	263,25,263,25
1526391009.471717926	86	40	48	0	1	1	2	-72	68756	6	4	1596	1478	263,25,263,25
1526391009.483116287	86	40	48	0	1	1	2	-72	68757	6	4	1596	1478	263,25,263,25
1526391009.494839443	81	40	48	0	1	1	2	-72	68758	7	4	1596	1478	292,5,292,5
1526391009.506683210	86	40	48	0	1	1	2	-72	68759	6	4	1596	1478	263,25,263,25
1526391009.518456397	86	40	48	0	1	1	2	-72	68760	6	4	1596	1478	263,25,263,25
1526391009.530769546	86	40	48	0	1	1	2	-72	68761	6	4	1596	1478	263,25,263,25
1526391009.541911644	86	40	48	0	1	1	2	-72	68762	6	4	1596	1478	263,25,263,25
