1526391083.052798211	191	40	48	0	1	1	2	-80	68922	4	1	1596	1478	81,81
1526391083.052845139	191	40	48	0	1	1	2	-80	68922	4	1	1596	1478	81,81
1526391083.052863422	191	40	48	0	1	1	2	-80	68922	4	1	1596	1478	81,81
1526391083.052871911	191	40	48	0	1	1	2	-80	68922	4	1	1596	1478	81,81
1526391083.052879827	191	40	48	0	1	1	2	-80	68922	4	1	1596	1478	81,81
1526391083.052886934	191	40	48	0	1	1	2	-80	68922	4	1	1596	1478	81,81
1526391083.052895235	191	40	48	0	1	1	2	-80	68922	4	1	1596	1478	81,81
1526391083.052901309	191	40	48	0	1	1	2	-80	68922	4	1	1596	1478	81,81
1526391083.052906445	191	40	48	0	1	1	2	-80	68922	4	1	1596	1478	81,81
1526391083.052910711	191	40	48	0	1	1	2	-80	68922	4	1	1596	1478	81,81
1526391083.052915684	191	40	48	0	1	1	2	-80	68922	4	1	1596	1478	81,81
1526391083.052919841	191	40	48	0	1	1	2	-80	68922	4	1	1596	1478	81,81
1526391083.054200873	191	40	48	0	1	1	2	-80	68922	4	1	1596	1478	81,81
1526391083.054210944	191	40	48	0	1	1	2	-80	68922	4	1	1596	1478	81,81
1526391083.054217688	191	40	48	0	1	1	2	-80	68922	4	1	1596	1478	81,81
1526391083.092989125	276	40	48	0	1	1	2	-83	68924	5	0	1596	1478	52,52
1526391083.093052174	276	40	48	0	1	1	2	-83	68924	5	0	1596	1478	52,52
1526391083.093071063	276	40	48	0	1	1	2	-83	68924	5	0	1596	1478	52,52
1526391083.093079839	276	40	48	0	1	1	2	-83	68924	5	0	1596	1478	52,52
1526391083.093088344	276	40	48	0	1	1	2	-83	68924	5	0	1596	1478	52,52
1526391083.093100799	276	40	48	0	1	1	2	-83	68924	5	0	1596	1478	52,52
1526391083.093107807	276	40	48	0	1	1	2	-83	68924	5	0	1596	1478	52,52
1526391083.093114395	276	40	48	0	1	1	2	-83	68924	5	0	1596	1478	52,52
1526391083.093121503	276	40	48	0	1	1	2	-83	68924	5	0	1596	1478	52,52
1526391083.093309859	276	40	48	0	1	1	2	-83	68924	5	0	1596	1478	52,52
1526391083.094059602	276	40	48	0	1	1	2	-82	68925	5	0	1596	1478	52,52
1526391083.094927393	276	40	48	0	1	1	2	-82	68926	5	0	1596	1478	52,52
1526391083.100248276	276	40	48	0	1	1	2	-83	68928	5	0	1596	1478	52,52
1526391083.111631669	276	40	48	0	1	1	2	-82	68929	5	0	1596	1478	52,52
1526391083.123398614	276	40	48	0	1	1	2	-82	68930	5	0	1596	1478	52,52
1526391083.135133521	276	40	48	0	1	1	2	-82	68931	5	0	1596	1478	52,52
1526391083.147339306	276	40	48	0	1	1	2	-82	68933	5	0	1596	1478	52,52
1526391083.159195385	267	40	48	0	1	1	2	-82	68934	3	1	1596	1478	54,54
1526391083.178257214	267	40	60	0	2	0	2	-83	68941	1	1	1596	1478	54,54
1526391083.182181403	267	40	60	0	2	0	2	-83	68942	1	1	1596	1478	54,54
1526391083.307093989	267	40	60	0	2	0	2	-82	68943	1	1	1596	1478	54,54
1526391083.307133319	267	40	60	0	2	0	2	-82	68943	1	1	1596	1478	54,54
1526391083.307142564	267	40	60	0	2	0	2	-82	68943	1	1	1596	1478	54,54
1526391083.307149490	267	40	60	0	2	0	2	-82	68943	1	1	1596	1478	54,54
1526391083.307157441	267	40	60	0	2	0	2	-82	68943	1	1	1596	1478	54,54
1526391083.307164325	267	40	60	0	2	0	2	-82	68943	1	1	1596	1478	54,54
1526391083.307173242	267	40	60	0	2	0	2	-82	68943	1	1	1596	1478	54,54
1526391083.307180544	267	40	60	0	2	0	2	-82	68943	1	1	1596	1478	54,54
1526391083.307187604	267	40	60	0	2	0	2	-82	68943	1	1	1596	1478	54,54
1526391083.307485085	267	40	60	0	2	0	2	-82	68943	1	1	1596	1478	54,54
1526391083.311530921	249	40	84	0	2	0	2	-82	68944	0	4	1596	1478	58,5,58,5
1526391083.329767196	144	40	48	0	1	1	2	-81	68946	3	4	1596	1478	117,117
1526391083.334960381	144	40	48	0	1	1	2	-81	68947	3	4	1596	1478	117,117
1526391083.347154880	144	40	48	0	1	1	2	-81	68949	3	4	1596	1478	117,117
1526391083.358466318	144	40	48	0	1	1	2	-81	68950	3	4	1596	1478	117,117
1526391083.370604921	144	40	48	0	1	1	2	-75	68951	3	4	1596	1478	117,117
1526391083.382483070	144	40	48	0	1	1	2	-81	68952	3	4	1596	1478	117,117
1526391083.393700254	144	40	48	0	1	1	2	-81	68953	3	4	1596	1478	117,117
1526391083.510393518	144	40	48	0	1	1	2	-79	68954	3	4	1596	1478	117,117
1526391083.510424366	144	40	48	0	1	1	2	-79	68954	3	4	1596	1478	117,117
1526391083.510435004	144	40	48	0	1	1	2	-79	68954	3	4	1596	1478	117,117
1526391083.510440679	144	40	48	0	1	1	2	-79	68954	3	4	1596	1478	117,117
1526391083.510446228	144	40	48	0	1	1	2	-79	68954	3	4	1596	1478	117,117
1526391083.510451701	144	40	48	0	1	1	2	-79	68954	3	4	1596	1478	117,117
1526391083.510459346	144	40	48	0	1	1	2	-79	68954	3	4	1596	1478	117,117
1526391083.510465183	144	40	48	0	1	1	2	-79	68954	3	4	1596	1478	117,117
1526391083.510472288	144	40	48	0	1	1	2	-79	68954	3	4	1596	1478	117,117
1526391083.511583454	144	40	48	0	1	1	2	-80	68955	3	4	1596	1478	117,117
1526391083.523414516	144	40	48	0	1	1	2	-80	68957	3	4	1596	1478	117,117
1526391083.535628584	144	40	48	0	1	1	2	-80	68959	3	4	1596	1478	117,117
1526391083.546506262	144	40	48	0	1	1	2	-80	68960	3	4	1596	1478	117,117
1526391083.558645164	144	40	48	0	1	1	2	-81	68961	3	4	1596	1478	117,117
1526391083.570004099	144	40	48	0	1	1	2	-80	68962	3	4	1596	1478	117,117
1526391083.581776304	144	40	48	0	1	1	2	-80	68963	3	4	1596	1478	117,117
1526391083.694291920	144	40	48	0	1	1	2	-81	68969	3	4	1596	1478	117,117
1526391083.694329535	144	40	48	0	1	1	2	-81	68969	3	4	1596	1478	117,117
1526391083.694339226	144	40	48	0	1	1	2	-81	68969	3	4	1596	1478	117,117
1526391083.694346726	144	40	48	0	1	1	2	-81	68969	3	4	1596	1478	117,117
1526391083.694354081	144	40	48	0	1	1	2	-81	68969	3	4	1596	1478	117,117
1526391083.694360753	144	40	48	0	1	1	2	-81	68969	3	4	1596	1478	117,117
1526391083.694373588	144	40	48	0	1	1	2	-81	68969	3	4	1596	1478	117,117
1526391083.694379834	144	40	48	0	1	1	2	-81	68969	3	4	1596	1478	117,117
1526391083.694386883	144	40	48	0	1	1	2	-81	68969	3	4	1596	1478	117,117
1526391083.699904186	144	40	48	0	1	1	2	-81	68970	3	4	1596	1478	117,117
1526391083.711270799	144	40	48	0	1	1	2	-80	68971	3	4	1596	1478	117,117
1526391083.774360795	144	40	48	0	1	1	2	-80	68972	3	4	1596	1478	117,117
1526391083.774381092	144	40	48	0	1	1	2	-80	68972	3	4	1596	1478	117,117
1526391083.774385718	144	40	48	0	1	1	2	-80	68972	3	4	1596	1478	117,117
1526391083.774388728	144	40	48	0	1	1	2	-80	68972	3	4	1596	1478	117,117
1526391083.774392662	144	40	48	0	1	1	2	-80	68972	3	4	1596	1478	117,117
1526391083.781618322	144	40	48	0	1	1	2	-81	68973	3	4	1596	1478	117,117
1526391083.793874956	144	40	48	0	1	1	2	-80	68974	3	4	1596	1478	117,117
1526391083.855252936	144	40	48	0	1	1	2	-80	68976	3	4	1596	1478	117,117
1526391083.855290205	144	40	48	0	1	1	2	-80	68976	3	4	1596	1478	117,117
1526391083.855298474	144	40	48	0	1	1	2	-80	68976	3	4	1596	1478	117,117
1526391083.855304821	144	40	48	0	1	1	2	-80	68976	3	4	1596	1478	117,117
1526391083.855311300	144	40	48	0	1	1	2	-80	68976	3	4	1596	1478	117,117
1526391083.863964895	144	40	48	0	1	1	2	-80	68977	3	4	1596	1478	117,117
1526391083.876094899	144	40	48	0	1	1	2	-80	68979	3	4	1596	1478	117,117
1526391083.993922041	144	40	48	0	1	1	2	-80	68997	3	4	1596	1478	117,117
1526391083.993960695	144	40	48	0	1	1	2	-80	68997	3	4	1596	1478	117,117
1526391083.993970644	144	40	48	0	1	1	2	-80	68997	3	4	1596	1478	117,117
1526391083.993977185	144	40	48	0	1	1	2	-80	68997	3	4	1596	1478	117,117
1526391083.993983824	144	40	48	0	1	1	2	-80	68997	3	4	1596	1478	117,117
1526391083.993990181	144	40	48	0	1	1	2	-80	68997	3	4	1596	1478	117,117
1526391083.993996894	144	40	48	0	1	1	2	-80	68997	3	4	1596	1478	117,117
1526391083.994003961	144	40	48	0	1	1	2	-80	68997	3	4	1596	1478	117,117
1526391083.994011423	144	40	48	0	1	1	2	-80	68997	3	4	1596	1478	117,117
1526391083.994660240	144	40	48	0	1	1	2	-80	68998	3	4	1596	1478	117,117
1526391084.005122904	144	40	48	0	1	1	2	-79	68999	3	4	1596	1478	117,117
1526391084.016944115	144	40	48	0	1	1	2	-80	69000	3	4	1596	1478	117,117
1526391084.122875983	144	40	48	0	1	1	2	-80	69005	3	4	1596	1478	117,117
1526391084.125668162	144	40	48	0	1	1	2	-80	69007	3	4	1596	1478	117,117
1526391084.125681219	144	40	48	0	1	1	2	-80	69007	3	4	1596	1478	117,117
1526391084.127591411	144	40	48	0	1	1	2	-80	69009	3	4	1596	1478	117,117
1526391084.128693315	179	40	60	0	1	1	2	-79	69010	2	4	1596	1478	87,75,87,75
1526391084.128734530	179	40	60	0	1	1	2	-79	69010	2	4	1596	1478	87,75,87,75
1526391084.128747315	179	40	60	0	1	1	2	-79	69010	2	4	1596	1478	87,75,87,75
1526391084.132837657	179	40	60	0	1	1	2	-80	69011	2	4	1596	1478	87,75,87,75
1526391084.133461902	179	40	60	0	1	1	2	-80	69012	2	4	1596	1478	87,75,87,75
1526391084.134987252	179	40	60	0	1	1	2	-80	69014	2	4	1596	1478	87,75,87,75
1526391084.149697098	249	40	60	0	1	1	2	-80	69016	1	4	1596	1478	58,5,58,5
1526391084.158162499	249	40	60	0	1	1	2	-80	69017	1	4	1596	1478	58,5,58,5
1526391084.172259881	179	40	60	0	1	1	2	-80	69023	2	4	1596	1478	87,75,87,75
1526391084.181502845	179	40	60	0	1	1	2	-78	69024	2	4	1596	1478	87,75,87,75
1526391084.193293082	179	40	60	0	1	1	2	-80	69025	2	4	1596	1478	87,75,87,75
1526391084.206653783	179	40	60	0	1	1	2	-79	69027	2	4	1596	1478	87,75,87,75
1526391084.326916004	179	40	60	0	1	1	2	-80	69035	2	4	1596	1478	87,75,87,75
1526391084.326926793	179	40	60	0	1	1	2	-80	69035	2	4	1596	1478	87,75,87,75
1526391084.327962415	179	40	60	0	1	1	2	-80	69035	2	4	1596	1478	87,75,87,75
1526391084.327973300	179	40	60	0	1	1	2	-80	69035	2	4	1596	1478	87,75,87,75
1526391084.329232433	179	40	60	0	1	1	2	-80	69036	2	4	1596	1478	87,75,87,75
1526391084.329242801	179	40	60	0	1	1	2	-80	69036	2	4	1596	1478	87,75,87,75
1526391084.329247935	179	40	60	0	1	1	2	-80	69036	2	4	1596	1478	87,75,87,75
1526391084.330018357	179	40	60	0	1	1	2	-80	69037	2	4	1596	1478	87,75,87,75
1526391084.330056945	179	40	60	0	1	1	2	-80	69037	2	4	1596	1478	87,75,87,75
1526391084.330066119	179	40	60	0	1	1	2	-80	69037	2	4	1596	1478	87,75,87,75
1526391084.334427892	179	40	60	0	1	1	2	-80	69038	2	4	1596	1478	87,75,87,75
1526391084.405339819	179	40	60	0	1	1	2	-80	69042	2	4	1596	1478	87,75,87,75
1526391084.405378380	179	40	60	0	1	1	2	-80	69042	2	4	1596	1478	87,75,87,75
1526391084.405386940	179	40	60	0	1	1	2	-80	69042	2	4	1596	1478	87,75,87,75
1526391084.405394276	179	40	60	0	1	1	2	-80	69042	2	4	1596	1478	87,75,87,75
1526391084.405401096	179	40	60	0	1	1	2	-80	69042	2	4	1596	1478	87,75,87,75
1526391084.406515847	179	40	60	0	1	1	2	-80	69043	2	4	1596	1478	87,75,87,75
1526391084.416772383	179	40	60	0	1	1	2	-80	69044	2	4	1596	1478	87,75,87,75
1526391084.481018994	179	40	60	0	1	1	2	-80	69050	2	4	1596	1478	87,75,87,75
1526391084.481044115	179	40	60	0	1	1	2	-80	69050	2	4	1596	1478	87,75,87,75
1526391084.481826645	179	40	60	0	1	1	2	-80	69051	2	4	1596	1478	87,75,87,75
1526391084.481847155	179	40	60	0	1	1	2	-80	69051	2	4	1596	1478	87,75,87,75
1526391084.481853563	179	40	60	0	1	1	2	-80	69051	2	4	1596	1478	87,75,87,75
1526391084.487219757	179	40	60	0	1	1	2	-80	69052	2	4	1596	1478	87,75,87,75
1526391084.499399297	179	40	60	0	1	1	2	-80	69053	2	4	1596	1478	87,75,87,75
1526391084.510736387	179	40	60	0	1	1	2	-80	69054	2	4	1596	1478	87,75,87,75
1526391084.522516322	179	40	60	0	1	1	2	-80	69055	2	4	1596	1478	87,75,87,75
1526391084.534282972	179	40	60	0	1	1	2	-80	69056	2	4	1596	1478	87,75,87,75
1526391084.546516877	179	40	60	0	1	1	2	-80	69058	2	4	1596	1478	87,75,87,75
1526391084.560962331	179	40	60	0	1	1	2	-80	69062	2	4	1596	1478	87,75,87,75
1526391084.569561814	179	40	60	0	1	1	2	-80	69063	2	4	1596	1478	87,75,87,75
1526391084.581336039	179	40	60	0	1	1	2	-80	69064	2	4	1596	1478	87,75,87,75
1526391084.593126838	179	40	60	0	1	1	2	-80	69065	2	4	1596	1478	87,75,87,75
1526391084.604938462	179	40	60	0	1	1	2	-80	69066	2	4	1596	1478	87,75,87,75
1526391084.616636168	179	40	60	0	1	1	2	-80	69067	2	4	1596	1478	87,75,87,75
1526391084.740894854	179	40	60	0	1	1	2	-79	69068	2	4	1596	1478	87,75,87,75
1526391084.740934670	179	40	60	0	1	1	2	-79	69068	2	4	1596	1478	87,75,87,75
1526391084.740944228	179	40	60	0	1	1	2	-79	69068	2	4	1596	1478	87,75,87,75
1526391084.740951936	179	40	60	0	1	1	2	-79	69068	2	4	1596	1478	87,75,87,75
1526391084.740962837	179	40	60	0	1	1	2	-79	69068	2	4	1596	1478	87,75,87,75
1526391084.740969769	179	40	60	0	1	1	2	-79	69068	2	4	1596	1478	87,75,87,75
1526391084.740978558	179	40	60	0	1	1	2	-79	69068	2	4	1596	1478	87,75,87,75
1526391084.740985443	179	40	60	0	1	1	2	-79	69068	2	4	1596	1478	87,75,87,75
1526391084.740997455	179	40	60	0	1	1	2	-79	69068	2	4	1596	1478	87,75,87,75
1526391084.741004771	179	40	60	0	1	1	2	-79	69068	2	4	1596	1478	87,75,87,75
1526391084.745973374	179	40	60	0	1	1	2	-80	69069	2	4	1596	1478	87,75,87,75
1526391084.757897288	144	40	48	0	1	1	2	-80	69070	3	4	1596	1478	117,117
1526391084.800842149	144	40	48	0	1	1	2	-79	69073	3	4	1596	1478	117,117
1526391084.800862221	144	40	48	0	1	1	2	-79	69073	3	4	1596	1478	117,117
1526391084.800866669	144	40	48	0	1	1	2	-79	69073	3	4	1596	1478	117,117
1526391084.804743186	144	40	48	0	1	1	2	-80	69074	3	4	1596	1478	117,117
1526391084.816532607	144	40	48	0	1	1	2	-80	69075	3	4	1596	1478	117,117
1526391084.945334974	144	40	48	0	1	1	2	-79	69076	3	4	1596	1478	117,117
1526391084.945349378	144	40	48	0	1	1	2	-79	69076	3	4	1596	1478	117,117
1526391084.945361942	144	40	48	0	1	1	2	-79	69076	3	4	1596	1478	117,117
1526391084.945366125	144	40	48	0	1	1	2	-79	69076	3	4	1596	1478	117,117
1526391084.946489625	144	40	48	0	1	1	2	-80	69077	3	4	1596	1478	117,117
1526391084.946529281	144	40	48	0	1	1	2	-80	69077	3	4	1596	1478	117,117
1526391084.946535665	144	40	48	0	1	1	2	-80	69077	3	4	1596	1478	117,117
1526391084.946541094	144	40	48	0	1	1	2	-80	69077	3	4	1596	1478	117,117
1526391084.946545271	144	40	48	0	1	1	2	-80	69077	3	4	1596	1478	117,117
1526391084.947018932	144	40	48	0	1	1	2	-79	69078	3	4	1596	1478	117,117
1526391084.948301473	144	40	48	0	1	1	2	-80	69080	3	4	1596	1478	117,117
1526391084.957823761	144	40	48	0	1	1	2	-80	69081	3	4	1596	1478	117,117
1526391084.988505759	144	40	48	0	1	1	2	-80	69082	3	4	1596	1478	117,117
1526391084.989004621	144	40	48	0	1	1	2	-79	69083	3	4	1596	1478	117,117
1526391084.993454083	144	40	48	0	1	1	2	-79	69085	3	4	1596	1478	117,117
1526391085.005985966	144	40	48	0	1	1	2	-80	69087	3	4	1596	1478	117,117
1526391085.017410553	144	40	48	0	1	1	2	-80	69090	3	4	1596	1478	117,117
1526391085.028322446	144	40	48	0	1	1	2	-80	69091	3	4	1596	1478	117,117
1526391085.151416664	144	40	48	0	1	1	2	-80	69092	3	4	1596	1478	117,117
1526391085.151454885	144	40	48	0	1	1	2	-80	69092	3	4	1596	1478	117,117
1526391085.151464525	144	40	48	0	1	1	2	-80	69092	3	4	1596	1478	117,117
1526391085.151470831	144	40	48	0	1	1	2	-80	69092	3	4	1596	1478	117,117
1526391085.151479189	144	40	48	0	1	1	2	-80	69092	3	4	1596	1478	117,117
1526391085.151485153	144	40	48	0	1	1	2	-80	69092	3	4	1596	1478	117,117
1526391085.151496537	144	40	48	0	1	1	2	-80	69092	3	4	1596	1478	117,117
1526391085.151502885	144	40	48	0	1	1	2	-80	69092	3	4	1596	1478	117,117
1526391085.151509015	144	40	48	0	1	1	2	-80	69092	3	4	1596	1478	117,117
1526391085.151831656	144	40	48	0	1	1	2	-79	69093	3	4	1596	1478	117,117
1526391085.157716855	144	40	48	0	1	1	2	-80	69094	3	4	1596	1478	117,117
1526391085.169843230	144	40	48	0	1	1	2	-80	69096	3	4	1596	1478	117,117
1526391085.193327655	144	40	48	0	1	1	2	-80	69098	3	4	1596	1478	117,117
1526391085.193365847	144	40	48	0	1	1	2	-80	69098	3	4	1596	1478	117,117
1526391085.205173430	144	40	48	0	1	1	2	-80	69100	3	4	1596	1478	117,117
1526391085.217306072	144	40	48	0	1	1	2	-80	69102	3	4	1596	1478	117,117
1526391085.228752151	144	40	48	0	1	1	2	-80	69103	3	4	1596	1478	117,117
1526391085.354923543	144	40	48	0	1	1	2	-79	69104	3	4	1596	1478	117,117
1526391085.354939135	144	40	48	0	1	1	2	-79	69104	3	4	1596	1478	117,117
1526391085.354948753	144	40	48	0	1	1	2	-79	69104	3	4	1596	1478	117,117
1526391085.354951013	144	40	48	0	1	1	2	-79	69104	3	4	1596	1478	117,117
1526391085.354966210	144	40	48	0	1	1	2	-79	69104	3	4	1596	1478	117,117
1526391085.354967383	144	40	48	0	1	1	2	-79	69104	3	4	1596	1478	117,117
1526391085.354969018	144	40	48	0	1	1	2	-79	69104	3	4	1596	1478	117,117
1526391085.354970357	144	40	48	0	1	1	2	-79	69104	3	4	1596	1478	117,117
1526391085.354971826	144	40	48	0	1	1	2	-79	69104	3	4	1596	1478	117,117
1526391085.355399369	144	40	48	0	1	1	2	-80	69105	3	4	1596	1478	117,117
1526391085.358106742	144	40	48	0	1	1	2	-79	69107	3	4	1596	1478	117,117
1526391085.369933003	144	40	48	0	1	1	2	-80	69108	3	4	1596	1478	117,117
1526391085.398038274	144	40	48	0	1	1	2	-79	69111	3	4	1596	1478	117,117
1526391085.398075759	144	40	48	0	1	1	2	-79	69111	3	4	1596	1478	117,117
1526391085.404769011	144	40	48	0	1	1	2	-79	69112	3	4	1596	1478	117,117
1526391085.416496722	144	40	48	0	1	1	2	-80	69113	3	4	1596	1478	117,117
1526391085.428122408	144	40	48	0	1	1	2	-79	69114	3	4	1596	1478	117,117
1526391085.439859084	144	40	48	0	1	1	2	-79	69115	3	4	1596	1478	117,117
1526391085.559652993	144	40	48	0	1	1	2	-79	69116	3	4	1596	1478	117,117
1526391085.559668324	144	40	48	0	1	1	2	-79	69116	3	4	1596	1478	117,117
1526391085.559673424	144	40	48	0	1	1	2	-79	69116	3	4	1596	1478	117,117
1526391085.559677648	144	40	48	0	1	1	2	-79	69116	3	4	1596	1478	117,117
1526391085.559684361	144	40	48	0	1	1	2	-79	69116	3	4	1596	1478	117,117
1526391085.559688342	144	40	48	0	1	1	2	-79	69116	3	4	1596	1478	117,117
1526391085.559883343	144	40	48	0	1	1	2	-79	69116	3	4	1596	1478	117,117
1526391085.559898528	144	40	48	0	1	1	2	-79	69116	3	4	1596	1478	117,117
1526391085.559904029	144	40	48	0	1	1	2	-79	69116	3	4	1596	1478	117,117
1526391085.559908026	144	40	48	0	1	1	2	-79	69116	3	4	1596	1478	117,117
1526391085.579753073	144	40	48	0	1	1	2	-79	69119	3	4	1596	1478	117,117
1526391085.583552231	179	40	60	0	1	1	2	-80	69120	2	4	1596	1478	87,75,87,75
1526391085.602755866	179	40	60	0	1	1	2	-79	69123	2	4	1596	1478	87,75,87,75
1526391085.604506910	179	40	60	0	1	1	2	-79	69124	2	4	1596	1478	87,75,87,75
1526391085.619857784	179	40	60	0	1	1	2	-80	69125	2	4	1596	1478	87,75,87,75
1526391085.628094423	179	40	60	0	1	1	2	-79	69126	2	4	1596	1478	87,75,87,75
1526391085.639902660	179	40	60	0	1	1	2	-80	69127	2	4	1596	1478	87,75,87,75
1526391085.764358925	179	40	60	0	1	1	2	-80	69128	2	4	1596	1478	87,75,87,75
1526391085.764842481	179	40	60	0	1	1	2	-80	69128	2	4	1596	1478	87,75,87,75
1526391085.764859068	179	40	60	0	1	1	2	-80	69128	2	4	1596	1478	87,75,87,75
1526391085.764867114	179	40	60	0	1	1	2	-80	69128	2	4	1596	1478	87,75,87,75
1526391085.764875061	179	40	60	0	1	1	2	-80	69128	2	4	1596	1478	87,75,87,75
1526391085.764883025	179	40	60	0	1	1	2	-80	69128	2	4	1596	1478	87,75,87,75
1526391085.764889039	179	40	60	0	1	1	2	-80	69128	2	4	1596	1478	87,75,87,75
1526391085.764895478	179	40	60	0	1	1	2	-80	69128	2	4	1596	1478	87,75,87,75
1526391085.764901458	179	40	60	0	1	1	2	-80	69128	2	4	1596	1478	87,75,87,75
1526391085.764912156	179	40	60	0	1	1	2	-80	69128	2	4	1596	1478	87,75,87,75
1526391085.769178134	179	40	60	0	1	1	2	-80	69129	2	4	1596	1478	87,75,87,75
1526391085.780880698	144	40	48	0	1	1	2	-79	69130	3	4	1596	1478	117,117
1526391085.792633867	144	40	48	0	1	1	2	-79	69131	3	4	1596	1478	117,117
1526391085.804880390	144	40	48	0	1	1	2	-80	69133	3	4	1596	1478	117,117
1526391085.816584522	144	40	48	0	1	1	2	-79	69134	3	4	1596	1478	117,117
1526391085.829665294	179	40	60	0	1	1	2	-80	69139	2	4	1596	1478	87,75,87,75
1526391085.840343968	179	40	60	0	1	1	2	-80	69140	2	4	1596	1478	87,75,87,75
1526391085.851521149	179	40	60	0	1	1	2	-80	69141	2	4	1596	1478	87,75,87,75
1526391085.863375173	179	40	60	0	1	1	2	-79	69142	2	4	1596	1478	87,75,87,75
1526391085.878787134	144	40	48	0	1	1	2	-79	69149	3	4	1596	1478	117,117
1526391085.887268950	144	40	48	0	1	1	2	-79	69151	3	4	1596	1478	117,117
1526391085.898626483	144	40	48	0	1	1	2	-80	69152	3	4	1596	1478	117,117
1526391085.910403878	144	40	48	0	1	1	2	-80	69153	3	4	1596	1478	117,117
1526391085.928434683	249	40	60	0	1	1	2	-79	69160	1	4	1596	1478	58,5,58,5
1526391085.934036242	249	40	60	0	1	1	2	-79	69161	1	4	1596	1478	58,5,58,5
1526391085.945772844	249	40	60	0	1	1	2	-80	69162	1	4	1596	1478	58,5,58,5
1526391085.957547641	249	40	60	0	1	1	2	-79	69163	1	4	1596	1478	58,5,58,5
1526391085.969233229	249	40	60	0	1	1	2	-79	69164	1	4	1596	1478	58,5,58,5
1526391085.981040745	249	40	60	0	1	1	2	-79	69165	1	4	1596	1478	58,5,58,5
1526391085.992815286	249	40	60	0	1	1	2	-80	69166	1	4	1596	1478	58,5,58,5
1526391086.004561553	249	40	60	0	1	1	2	-79	69167	1	4	1596	1478	58,5,58,5
1526391086.016276270	179	40	60	0	1	1	2	-79	69168	2	4	1596	1478	87,75,87,75
1526391086.028013746	179	40	60	0	1	1	2	-79	69169	2	4	1596	1478	87,75,87,75
1526391086.039779057	179	40	60	0	1	1	2	-79	69170	2	4	1596	1478	87,75,87,75
1526391086.051556325	179	40	60	0	1	1	2	-79	69171	2	4	1596	1478	87,75,87,75
1526391086.065268927	179	40	60	0	1	1	2	-79	69174	2	4	1596	1478	87,75,87,75
1526391086.075490165	179	40	60	0	1	1	2	-80	69175	2	4	1596	1478	87,75,87,75
1526391086.087471542	179	40	60	0	1	1	2	-80	69176	2	4	1596	1478	87,75,87,75
1526391086.098542116	179	40	60	0	1	1	2	-80	69177	2	4	1596	1478	87,75,87,75
1526391086.113023735	179	40	60	0	1	1	2	-79	69178	2	4	1596	1478	87,75,87,75
1526391086.121981971	144	40	60	0	2	0	2	-80	69179	1	4	1596	1478	117,117
1526391086.133828084	144	40	60	0	2	0	2	-80	69180	1	4	1596	1478	117,117
1526391086.145504912	144	40	60	0	2	0	2	-80	69181	1	4	1596	1478	117,117
1526391086.157943272	144	40	60	0	2	0	2	-80	69182	1	4	1596	1478	117,117
1526391086.169249181	144	40	60	0	2	0	2	-79	69183	1	4	1596	1478	117,117
1526391086.181244377	144	40	60	0	2	0	2	-80	69184	1	4	1596	1478	117,117
1526391086.192610255	144	40	60	0	2	0	2	-80	69185	1	4	1596	1478	117,117
1526391086.210815259	179	40	60	0	1	1	2	-80	69189	2	4	1596	1478	87,75,87,75
1526391086.216184656	179	40	60	0	1	1	2	-80	69190	2	4	1596	1478	87,75,87,75
1526391086.227934019	179	40	60	0	1	1	2	-80	69191	2	4	1596	1478	87,75,87,75
1526391086.239701423	179	40	60	0	1	1	2	-80	69192	2	4	1596	1478	87,75,87,75
1526391086.251447605	179	40	60	0	1	1	2	-80	69193	2	4	1596	1478	87,75,87,75
1526391086.263222866	179	40	60	0	1	1	2	-80	69194	2	4	1596	1478	87,75,87,75
1526391086.274891460	179	40	60	0	1	1	2	-80	69195	2	4	1596	1478	87,75,87,75
1526391086.286744460	179	40	60	0	1	1	2	-80	69196	2	4	1596	1478	87,75,87,75
1526391086.300243419	179	40	60	0	1	1	2	-80	69198	2	4	1596	1478	87,75,87,75
1526391086.310950449	144	40	60	0	2	0	2	-80	69199	1	4	1596	1478	117,117
1526391086.321863133	144	40	60	0	2	0	2	-80	69200	1	4	1596	1478	117,117
1526391086.333744104	144	40	60	0	2	0	2	-80	69201	1	4	1596	1478	117,117
1526391086.345404222	144	40	60	0	2	0	2	-78	69202	1	4	1596	1478	117,117
1526391086.357165865	144	40	60	0	2	0	2	-80	69203	1	4	1596	1478	117,117
1526391086.369029745	144	40	60	0	2	0	2	-80	69204	1	4	1596	1478	117,117
1526391086.380706543	144	40	60	0	2	0	2	-80	69205	1	4	1596	1478	117,117
1526391086.393128785	144	40	60	0	2	0	2	-80	69206	1	4	1596	1478	117,117
1526391086.404159502	144	40	60	0	2	0	2	-80	69207	1	4	1596	1478	117,117
1526391086.415878198	144	40	60	0	2	0	2	-80	69208	1	4	1596	1478	117,117
1526391086.427727894	144	40	60	0	2	0	2	-80	69209	1	4	1596	1478	117,117
1526391086.439532607	144	40	60	0	2	0	2	-80	69210	1	4	1596	1478	117,117
1526391086.451266966	144	40	60	0	2	0	2	-80	69211	1	4	1596	1478	117,117
1526391086.463012107	144	40	60	0	2	0	2	-80	69213	1	4	1596	1478	117,117
1526391086.474761927	144	40	60	0	2	0	2	-80	69214	1	4	1596	1478	117,117
1526391086.486944155	144	40	60	0	2	0	2	-80	69215	1	4	1596	1478	117,117
1526391086.498381073	144	40	60	0	2	0	2	-80	69216	1	4	1596	1478	117,117
1526391086.510159183	144	40	60	0	2	0	2	-80	69217	1	4	1596	1478	117,117
1526391086.521890891	144	40	60	0	2	0	2	-80	69218	1	4	1596	1478	117,117
1526391086.533660284	144	40	60	0	2	0	2	-80	69219	1	4	1596	1478	117,117
1526391086.545430872	144	40	60	0	2	0	2	-80	69220	1	4	1596	1478	117,117
1526391086.557675830	144	40	60	0	2	0	2	-80	69221	1	4	1596	1478	117,117
1526391086.568944823	144	40	60	0	2	0	2	-80	69222	1	4	1596	1478	117,117
1526391086.580690189	144	40	60	0	2	0	2	-80	69223	1	4	1596	1478	117,117
1526391086.592341014	144	40	60	0	2	0	2	-80	69224	1	4	1596	1478	117,117
1526391086.606219466	144	40	60	0	2	0	2	-80	69228	1	4	1596	1478	117,117
1526391086.615976347	144	40	60	0	2	0	2	-80	69229	1	4	1596	1478	117,117
1526391086.628220588	144	40	60	0	2	0	2	-80	69230	1	4	1596	1478	117,117
1526391086.639406104	144	40	60	0	2	0	2	-80	69231	1	4	1596	1478	117,117
1526391086.651264383	144	40	60	0	2	0	2	-80	69232	1	4	1596	1478	117,117
1526391086.663030281	144	40	60	0	2	0	2	-80	69233	1	4	1596	1478	117,117
1526391086.674792867	144	40	60	0	2	0	2	-80	69234	1	4	1596	1478	117,117
1526391086.686554059	144	40	60	0	2	0	2	-80	69235	1	4	1596	1478	117,117
1526391086.698713992	144	40	60	0	2	0	2	-80	69236	1	4	1596	1478	117,117
1526391086.711319862	144	40	60	0	2	0	2	-80	69238	1	4	1596	1478	117,117
1526391086.721819763	144	40	60	0	2	0	2	-80	69239	1	4	1596	1478	117,117
1526391086.733450489	144	40	60	0	2	0	2	-80	69240	1	4	1596	1478	117,117
1526391086.746185084	144	40	60	0	2	0	2	-80	69242	1	4	1596	1478	117,117
1526391086.757029642	144	40	60	0	2	0	2	-81	69243	1	4	1596	1478	117,117
1526391086.768864667	144	40	60	0	2	0	2	-81	69244	1	4	1596	1478	117,117
1526391086.780626364	144	40	60	0	2	0	2	-81	69245	1	4	1596	1478	117,117
1526391086.792383412	144	40	60	0	2	0	2	-81	69246	1	4	1596	1478	117,117
1526391086.804174912	144	40	60	0	2	0	2	-82	69247	1	4	1596	1478	117,117
1526391086.815807792	144	40	60	0	2	0	2	-81	69248	1	4	1596	1478	117,117
1526391086.827575622	144	40	60	0	2	0	2	-81	69249	1	4	1596	1478	117,117
1526391086.839372697	144	40	60	0	2	0	2	-81	69250	1	4	1596	1478	117,117
1526391086.853942087	144	40	60	0	2	0	2	-81	69254	1	4	1596	1478	117,117
1526391086.862940080	144	40	60	0	2	0	2	-80	69255	1	4	1596	1478	117,117
1526391086.875122054	144	40	60	0	2	0	2	-81	69256	1	4	1596	1478	117,117
1526391086.886471982	144	40	60	0	2	0	2	-81	69257	1	4	1596	1478	117,117
1526391086.898627242	144	40	60	0	2	0	2	-81	69258	1	4	1596	1478	117,117
1526391086.909973594	144	40	60	0	2	0	2	-81	69259	1	4	1596	1478	117,117
1526391086.921763366	144	40	60	0	2	0	2	-82	69260	1	4	1596	1478	117,117
1526391086.933549826	144	40	60	0	2	0	2	-81	69261	1	4	1596	1478	117,117
1526391086.945648570	144	40	60	0	2	0	2	-81	69262	1	4	1596	1478	117,117
1526391086.956953025	144	40	60	0	2	0	2	-81	69263	1	4	1596	1478	117,117
1526391086.968770844	144	40	60	0	2	0	2	-81	69264	1	4	1596	1478	117,117
1526391086.980544215	144	40	60	0	2	0	2	-81	69265	1	4	1596	1478	117,117
1526391086.992317485	144	40	60	0	2	0	2	-80	69266	1	4	1596	1478	117,117
1526391087.004051785	144	40	60	0	2	0	2	-80	69267	1	4	1596	1478	117,117
1526391087.015826058	144	40	60	0	2	0	2	-80	69268	1	4	1596	1478	117,117
1526391087.027620621	144	40	60	0	2	0	2	-81	69269	1	4	1596	1478	117,117
1526391087.039268571	144	40	60	0	2	0	2	-80	69270	1	4	1596	1478	117,117
1526391087.051109010	144	40	60	0	2	0	2	-81	69271	1	4	1596	1478	117,117
1526391087.062871785	144	40	60	0	2	0	2	-80	69272	1	4	1596	1478	117,117
1526391087.074614752	144	40	60	0	2	0	2	-80	69273	1	4	1596	1478	117,117
1526391087.086377529	144	40	60	0	2	0	2	-80	69274	1	4	1596	1478	117,117
1526391087.098120303	144	40	60	0	2	0	2	-80	69275	1	4	1596	1478	117,117
1526391087.110221654	144	40	60	0	2	0	2	-81	69276	1	4	1596	1478	117,117
1526391087.121588859	144	40	60	0	2	0	2	-80	69277	1	4	1596	1478	117,117
1526391087.133264844	144	40	60	0	2	0	2	-80	69278	1	4	1596	1478	117,117
1526391087.145117507	144	40	60	0	2	0	2	-80	69279	1	4	1596	1478	117,117
1526391087.157364609	144	40	60	0	2	0	2	-80	69280	1	4	1596	1478	117,117
1526391087.168679790	144	40	60	0	2	0	2	-80	69281	1	4	1596	1478	117,117
1526391087.180417526	144	40	60	0	2	0	2	-80	69282	1	4	1596	1478	117,117
1526391087.192214737	144	40	60	0	2	0	2	-80	69283	1	4	1596	1478	117,117
1526391087.203987800	144	40	60	0	2	0	2	-80	69284	1	4	1596	1478	117,117
1526391087.215749168	144	40	60	0	2	0	2	-80	69285	1	4	1596	1478	117,117
1526391087.227519356	144	40	60	0	2	0	2	-80	69286	1	4	1596	1478	117,117
1526391087.239266406	144	40	60	0	2	0	2	-80	69287	1	4	1596	1478	117,117
1526391087.251028593	144	40	60	0	2	0	2	-80	69288	1	4	1596	1478	117,117
1526391087.262716314	144	40	60	0	2	0	2	-80	69289	1	4	1596	1478	117,117
1526391087.274957218	144	40	60	0	2	0	2	-80	69290	1	4	1596	1478	117,117
1526391087.286324142	144	40	60	0	2	0	2	-79	69291	1	4	1596	1478	117,117
1526391087.298101115	144	40	60	0	2	0	2	-80	69292	1	4	1596	1478	117,117
1526391087.309815018	144	40	60	0	2	0	2	-81	69293	1	4	1596	1478	117,117
1526391087.323613469	144	40	60	0	2	0	2	-81	69295	1	4	1596	1478	117,117
1526391087.333154816	144	40	60	0	2	0	2	-80	69296	1	4	1596	1478	117,117
1526391087.344990805	144	40	60	0	2	0	2	-80	69297	1	4	1596	1478	117,117
1526391087.356748810	144	40	60	0	2	0	2	-80	69298	1	4	1596	1478	117,117
1526391087.368448362	144	40	60	0	2	0	2	-81	69299	1	4	1596	1478	117,117
1526391087.380268731	144	40	60	0	2	0	2	-80	69300	1	4	1596	1478	117,117
1526391087.392138736	144	40	60	0	2	0	2	-80	69301	1	4	1596	1478	117,117
1526391087.403893766	144	40	60	0	2	0	2	-80	69302	1	4	1596	1478	117,117
1526391087.415655836	144	40	60	0	2	0	2	-80	69303	1	4	1596	1478	117,117
1526391087.427409622	144	40	60	0	2	0	2	-81	69304	1	4	1596	1478	117,117
1526391087.439556391	144	40	60	0	2	0	2	-77	69305	1	4	1596	1478	117,117
1526391087.450940801	144	40	60	0	2	0	2	-80	69306	1	4	1596	1478	117,117
1526391087.463514789	144	40	60	0	2	0	2	-80	69307	1	4	1596	1478	117,117
1526391087.474452627	144	40	60	0	2	0	2	-80	69308	1	4	1596	1478	117,117
1526391087.486561545	144	40	60	0	2	0	2	-80	69310	1	4	1596	1478	117,117
1526391087.497976155	144	40	60	0	2	0	2	-80	69311	1	4	1596	1478	117,117
1526391087.509734733	144	40	60	0	2	0	2	-81	69312	1	4	1596	1478	117,117
1526391087.521741293	144	40	60	0	2	0	2	-80	69313	1	4	1596	1478	117,117
1526391087.533268603	144	40	60	0	2	0	2	-80	69314	1	4	1596	1478	117,117
1526391087.545011036	144	40	60	0	2	0	2	-81	69315	1	4	1596	1478	117,117
1526391087.556770967	144	40	60	0	2	0	2	-81	69316	1	4	1596	1478	117,117
1526391087.568919161	144	40	60	0	2	0	2	-72	69317	1	4	1596	1478	117,117
1526391087.580931736	144	40	60	0	2	0	2	-80	69318	1	4	1596	1478	117,117
1526391087.592390730	144	40	60	0	2	0	2	-81	69319	1	4	1596	1478	117,117
1526391087.603820750	144	40	60	0	2	0	2	-80	69320	1	4	1596	1478	117,117
1526391087.615527791	144	40	60	0	2	0	2	-80	69321	1	4	1596	1478	117,117
1526391087.627231587	144	40	60	0	2	0	2	-80	69322	1	4	1596	1478	117,117
1526391087.638893944	144	40	60	0	2	0	2	-80	69323	1	4	1596	1478	117,117
1526391087.650735156	144	40	60	0	2	0	2	-80	69324	1	4	1596	1478	117,117
1526391087.662959563	144	40	60	0	2	0	2	-80	69325	1	4	1596	1478	117,117
1526391087.674336843	144	40	60	0	2	0	2	-80	69326	1	4	1596	1478	117,117
1526391087.686098410	144	40	60	0	2	0	2	-80	69327	1	4	1596	1478	117,117
1526391087.697900330	144	40	60	0	2	0	2	-80	69328	1	4	1596	1478	117,117
1526391087.709682041	144	40	60	0	2	0	2	-80	69329	1	4	1596	1478	117,117
1526391087.721427948	144	40	60	0	2	0	2	-80	69330	1	4	1596	1478	117,117
1526391087.733173660	144	40	60	0	2	0	2	-80	69331	1	4	1596	1478	117,117
1526391087.744938104	144	40	60	0	2	0	2	-80	69332	1	4	1596	1478	117,117
1526391087.756686160	144	40	60	0	2	0	2	-80	69333	1	4	1596	1478	117,117
1526391087.768334791	144	40	60	0	2	0	2	-80	69334	1	4	1596	1478	117,117
1526391087.780226492	144	40	60	0	2	0	2	-80	69335	1	4	1596	1478	117,117
1526391087.792322390	144	40	60	0	2	0	2	-80	69337	1	4	1596	1478	117,117
1526391087.803793529	144	40	60	0	2	0	2	-80	69338	1	4	1596	1478	117,117
1526391087.818172068	144	40	60	0	2	0	2	-80	69342	1	4	1596	1478	117,117
1526391087.827560411	144	40	60	0	2	0	2	-80	69343	1	4	1596	1478	117,117
1526391087.838890787	144	40	60	0	2	0	2	-80	69344	1	4	1596	1478	117,117
1526391087.850655262	144	40	60	0	2	0	2	-80	69345	1	4	1596	1478	117,117
1526391087.862536550	144	40	60	0	2	0	2	-80	69346	1	4	1596	1478	117,117
1526391087.878985102	144	40	60	0	2	0	2	-81	69351	1	4	1596	1478	117,117
1526391087.885957273	249	40	84	0	2	0	2	-80	69352	0	4	1596	1478	58,5,58,5
1526391087.897873062	249	40	84	0	2	0	2	-80	69353	0	4	1596	1478	58,5,58,5
1526391087.909649925	249	40	84	0	2	0	2	-80	69354	0	4	1596	1478	58,5,58,5
1526391087.922611381	249	40	84	0	2	0	2	-80	69356	0	4	1596	1478	58,5,58,5
1526391087.923620759	249	40	84	0	2	0	2	-80	69357	0	4	1596	1478	58,5,58,5
1526391087.933186896	249	40	84	0	2	0	2	-81	69358	0	4	1596	1478	58,5,58,5
1526391087.944947195	249	40	84	0	2	0	2	-80	69359	0	4	1596	1478	58,5,58,5
1526391087.956723300	249	40	84	0	2	0	2	-80	69360	0	4	1596	1478	58,5,58,5
1526391087.969091145	249	40	84	0	2	0	2	-79	69361	0	4	1596	1478	58,5,58,5
1526391087.980247050	249	40	84	0	2	0	2	-81	69362	0	4	1596	1478	58,5,58,5
1526391087.991948448	249	40	84	0	2	0	2	-80	69363	0	4	1596	1478	58,5,58,5
1526391088.003671049	249	40	84	0	2	0	2	-80	69364	0	4	1596	1478	58,5,58,5
1526391088.015736405	249	40	84	0	2	0	2	-79	69365	0	4	1596	1478	58,5,58,5
1526391088.027970826	249	40	84	0	2	0	2	-79	69366	0	4	1596	1478	58,5,58,5
1526391088.039467415	249	40	84	0	2	0	2	-80	69368	0	4	1596	1478	58,5,58,5
1526391088.050703151	144	40	60	0	2	0	2	-80	69369	1	4	1596	1478	117,117
1526391088.065343721	249	40	84	0	2	0	2	-80	69372	0	4	1596	1478	58,5,58,5
1526391088.075156515	249	40	84	0	2	0	2	-81	69373	0	4	1596	1478	58,5,58,5
1526391088.086075561	249	40	84	0	2	0	2	-81	69374	0	4	1596	1478	58,5,58,5
1526391088.097845862	249	40	84	0	2	0	2	-80	69375	0	4	1596	1478	58,5,58,5
1526391088.110156631	249	40	84	0	2	0	2	-80	69376	0	4	1596	1478	58,5,58,5
1526391088.122722146	249	40	84	0	2	0	2	-79	69379	0	4	1596	1478	58,5,58,5
1526391088.133109590	249	40	84	0	2	0	2	-80	69380	0	4	1596	1478	58,5,58,5
1526391088.144826320	249	40	84	0	2	0	2	-81	69381	0	4	1596	1478	58,5,58,5
1526391088.157026087	249	40	84	0	2	0	2	-80	69382	0	4	1596	1478	58,5,58,5
1526391088.169207328	249	40	84	0	2	0	2	-80	69384	0	4	1596	1478	58,5,58,5
1526391088.180056858	249	40	84	0	2	0	2	-80	69385	0	4	1596	1478	58,5,58,5
1526391088.191874317	249	40	84	0	2	0	2	-81	69386	0	4	1596	1478	58,5,58,5
1526391088.203696817	249	40	84	0	2	0	2	-79	69387	0	4	1596	1478	58,5,58,5
1526391088.215378471	249	40	84	0	2	0	2	-80	69388	0	4	1596	1478	58,5,58,5
1526391088.227208949	249	40	84	0	2	0	2	-80	69389	0	4	1596	1478	58,5,58,5
1526391088.240222979	249	40	84	0	2	0	2	-80	69391	0	4	1596	1478	58,5,58,5
1526391088.250809967	249	40	84	0	2	0	2	-80	69392	0	4	1596	1478	58,5,58,5
1526391088.262486180	249	40	84	0	2	0	2	-80	69393	0	4	1596	1478	58,5,58,5
1526391088.274243446	249	40	84	0	2	0	2	-80	69394	0	4	1596	1478	58,5,58,5
1526391088.286010983	249	40	84	0	2	0	2	-80	69395	0	4	1596	1478	58,5,58,5
1526391088.298637224	249	40	84	0	2	0	2	-80	69396	0	4	1596	1478	58,5,58,5
1526391088.311856611	249	40	84	0	2	0	2	-81	69397	0	4	1596	1478	58,5,58,5
1526391088.321213240	249	40	84	0	2	0	2	-81	69398	0	4	1596	1478	58,5,58,5
1526391088.332877160	249	40	84	0	2	0	2	-80	69399	0	4	1596	1478	58,5,58,5
1526391088.344722304	249	40	84	0	2	0	2	-80	69400	0	4	1596	1478	58,5,58,5
1526391088.356890243	249	40	84	0	2	0	2	-79	69401	0	4	1596	1478	58,5,58,5
1526391088.368128086	249	40	84	0	2	0	2	-81	69402	0	4	1596	1478	58,5,58,5
1526391088.379981919	249	40	84	0	2	0	2	-81	69403	0	4	1596	1478	58,5,58,5
1526391088.391721554	249	40	84	0	2	0	2	-80	69404	0	4	1596	1478	58,5,58,5
1526391088.403371319	144	40	60	0	2	0	2	-80	69406	1	4	1596	1478	117,117
1526391088.415137867	144	40	60	0	2	0	2	-80	69407	1	4	1596	1478	117,117
1526391088.426895224	144	40	60	0	2	0	2	-80	69408	1	4	1596	1478	117,117
1526391088.438644680	144	40	60	0	2	0	2	-81	69409	1	4	1596	1478	117,117
1526391088.451513514	144	40	60	0	2	0	2	-80	69411	1	4	1596	1478	117,117
1526391088.462551247	144	40	60	0	2	0	2	-80	69412	1	4	1596	1478	117,117
1526391088.473914413	144	40	60	0	2	0	2	-80	69413	1	4	1596	1478	117,117
1526391088.485669306	144	40	60	0	2	0	2	-80	69414	1	4	1596	1478	117,117
1526391088.497447417	144	40	60	0	2	0	2	-80	69415	1	4	1596	1478	117,117
1526391088.509605725	144	40	60	0	2	0	2	-80	69416	1	4	1596	1478	117,117
1526391088.520979485	144	40	60	0	2	0	2	-80	69417	1	4	1596	1478	117,117
1526391088.532714739	144	40	60	0	2	0	2	-80	69418	1	4	1596	1478	117,117
1526391088.544499827	144	40	60	0	2	0	2	-81	69419	1	4	1596	1478	117,117
1526391088.556648075	144	40	60	0	2	0	2	-80	69421	1	4	1596	1478	117,117
1526391088.568009969	144	40	60	0	2	0	2	-80	69422	1	4	1596	1478	117,117
1526391088.580109704	144	40	60	0	2	0	2	-81	69424	1	4	1596	1478	117,117
1526391088.594322496	144	40	60	0	2	0	2	-80	69427	1	4	1596	1478	117,117
1526391088.603282451	144	40	60	0	2	0	2	-80	69428	1	4	1596	1478	117,117
1526391088.615501868	144	40	60	0	2	0	2	-81	69430	1	4	1596	1478	117,117
1526391088.626811413	144	40	60	0	2	0	2	-80	69431	1	4	1596	1478	117,117
1526391088.638565204	144	40	60	0	2	0	2	-80	69432	1	4	1596	1478	117,117
1526391088.650630004	144	40	60	0	2	0	2	-81	69434	1	4	1596	1478	117,117
1526391088.662070467	144	40	60	0	2	0	2	-80	69435	1	4	1596	1478	117,117
1526391088.673883800	144	40	60	0	2	0	2	-80	69436	1	4	1596	1478	117,117
1526391088.686008579	144	40	60	0	2	0	2	-80	69437	1	4	1596	1478	117,117
1526391088.697809152	144	40	60	0	2	0	2	-81	69438	1	4	1596	1478	117,117
1526391088.709576389	144	40	60	0	2	0	2	-80	69440	1	4	1596	1478	117,117
1526391088.720883361	144	40	60	0	2	0	2	-80	69441	1	4	1596	1478	117,117
1526391088.732653484	144	40	60	0	2	0	2	-81	69442	1	4	1596	1478	117,117
1526391088.744875072	144	40	60	0	2	0	2	-80	69443	1	4	1596	1478	117,117
1526391088.760308885	249	40	84	0	2	0	2	-80	69445	0	4	1596	1478	58,5,58,5
1526391088.768550898	249	40	84	0	2	0	2	-80	69446	0	4	1596	1478	58,5,58,5
1526391088.779905291	249	40	84	0	2	0	2	-81	69447	0	4	1596	1478	58,5,58,5
1526391088.791608680	249	40	84	0	2	0	2	-80	69448	0	4	1596	1478	58,5,58,5
1526391088.803453324	249	40	84	0	2	0	2	-80	69449	0	4	1596	1478	58,5,58,5
1526391088.815233384	249	40	84	0	2	0	2	-80	69450	0	4	1596	1478	58,5,58,5
1526391088.827411247	249	40	84	0	2	0	2	-80	69451	0	4	1596	1478	58,5,58,5
1526391088.838737193	249	40	84	0	2	0	2	-81	69452	0	4	1596	1478	58,5,58,5
1526391088.850383578	144	40	60	0	2	0	2	-80	69453	1	4	1596	1478	117,117
1526391088.862041675	144	40	60	0	2	0	2	-80	69454	1	4	1596	1478	117,117
1526391088.874288932	144	40	60	0	2	0	2	-81	69455	1	4	1596	1478	117,117
1526391088.885675263	144	40	60	0	2	0	2	-80	69456	1	4	1596	1478	117,117
1526391088.897454427	144	40	60	0	2	0	2	-81	69457	1	4	1596	1478	117,117
1526391088.909564991	144	40	60	0	2	0	2	-80	69458	1	4	1596	1478	117,117
1526391088.920933445	144	40	60	0	2	0	2	-80	69459	1	4	1596	1478	117,117
1526391088.932607844	144	40	60	0	2	0	2	-80	69460	1	4	1596	1478	117,117
1526391088.944325053	144	40	60	0	2	0	2	-80	69461	1	4	1596	1478	117,117
1526391088.956500002	144	40	60	0	2	0	2	-80	69462	1	4	1596	1478	117,117
1526391088.967970413	144	40	60	0	2	0	2	-80	69463	1	4	1596	1478	117,117
1526391088.979741586	144	40	60	0	2	0	2	-80	69464	1	4	1596	1478	117,117
1526391088.991500241	144	40	60	0	2	0	2	-80	69465	1	4	1596	1478	117,117
1526391089.003613792	144	40	60	0	2	0	2	-80	69467	1	4	1596	1478	117,117
1526391089.015014532	144	40	60	0	2	0	2	-81	69468	1	4	1596	1478	117,117
1526391089.026780787	144	40	60	0	2	0	2	-80	69469	1	4	1596	1478	117,117
1526391089.038535461	144	40	60	0	2	0	2	-80	69470	1	4	1596	1478	117,117
1526391089.050305250	144	40	60	0	2	0	2	-80	69471	1	4	1596	1478	117,117
1526391089.064456704	144	40	60	0	2	0	2	-80	69472	1	4	1596	1478	117,117
1526391089.074241500	144	40	60	0	2	0	2	-80	69474	1	4	1596	1478	117,117
1526391089.085568878	144	40	60	0	2	0	2	-80	69475	1	4	1596	1478	117,117
1526391089.097327488	144	40	60	0	2	0	2	-80	69476	1	4	1596	1478	117,117
1526391089.109017828	144	40	60	0	2	0	2	-80	69477	1	4	1596	1478	117,117
1526391089.120846900	144	40	60	0	2	0	2	-80	69478	1	4	1596	1478	117,117
1526391089.132626254	144	40	60	0	2	0	2	-80	69479	1	4	1596	1478	117,117
1526391089.144287993	144	40	60	0	2	0	2	-80	69480	1	4	1596	1478	117,117
1526391089.156133987	144	40	60	0	2	0	2	-80	69481	1	4	1596	1478	117,117
1526391089.168238798	144	40	60	0	2	0	2	-80	69482	1	4	1596	1478	117,117
1526391089.179678975	144	40	60	0	2	0	2	-81	69483	1	4	1596	1478	117,117
1526391089.191408158	144	40	60	0	2	0	2	-80	69484	1	4	1596	1478	117,117
1526391089.203955104	144	40	60	0	2	0	2	-80	69485	1	4	1596	1478	117,117
1526391089.214869507	144	40	60	0	2	0	2	-80	69486	1	4	1596	1478	117,117
1526391089.227130163	144	40	60	0	2	0	2	-80	69487	1	4	1596	1478	117,117
1526391089.238842015	144	40	60	0	2	0	2	-80	69489	1	4	1596	1478	117,117
1526391089.250221512	144	40	60	0	2	0	2	-80	69490	1	4	1596	1478	117,117
1526391089.261959063	144	40	60	0	2	0	2	-80	69491	1	4	1596	1478	117,117
1526391089.273737368	144	40	60	0	2	0	2	-80	69492	1	4	1596	1478	117,117
1526391089.285491041	144	40	60	0	2	0	2	-80	69493	1	4	1596	1478	117,117
1526391089.297265245	144	40	60	0	2	0	2	-80	69494	1	4	1596	1478	117,117
1526391089.310062615	144	40	60	0	2	0	2	-80	69496	1	4	1596	1478	117,117
1526391089.320684826	144	40	60	0	2	0	2	-80	69497	1	4	1596	1478	117,117
1526391089.332438524	144	40	60	0	2	0	2	-80	69498	1	4	1596	1478	117,117
1526391089.344196101	144	40	60	0	2	0	2	-80	69499	1	4	1596	1478	117,117
1526391089.355921567	144	40	60	0	2	0	2	-80	69500	1	4	1596	1478	117,117
1526391089.368092010	144	40	60	0	2	0	2	-80	69501	1	4	1596	1478	117,117
1526391089.379349052	144	40	60	0	2	0	2	-80	69502	1	4	1596	1478	117,117
1526391089.391147392	144	40	60	0	2	0	2	-80	69503	1	4	1596	1478	117,117
1526391089.403061609	144	40	60	0	2	0	2	-80	69504	1	4	1596	1478	117,117
1526391089.415228418	144	40	60	0	2	0	2	-80	69505	1	4	1596	1478	117,117
1526391089.426597822	144	40	60	0	2	0	2	-80	69506	1	4	1596	1478	117,117
1526391089.438339533	144	40	60	0	2	0	2	-80	69507	1	4	1596	1478	117,117
1526391089.450043659	144	40	60	0	2	0	2	-80	69508	1	4	1596	1478	117,117
1526391089.461802641	144	40	60	0	2	0	2	-80	69509	1	4	1596	1478	117,117
1526391089.481063184	249	40	60	0	1	1	2	-80	69513	1	4	1596	1478	58,5,58,5
1526391089.485551539	249	40	60	0	1	1	2	-80	69514	1	4	1596	1478	58,5,58,5
1526391089.497284330	249	40	60	0	1	1	2	-80	69515	1	4	1596	1478	58,5,58,5
1526391089.509056648	249	40	60	0	1	1	2	-80	69516	1	4	1596	1478	58,5,58,5
1526391089.520817524	249	40	60	0	1	1	2	-80	69517	1	4	1596	1478	58,5,58,5
1526391089.532573665	249	40	60	0	1	1	2	-80	69518	1	4	1596	1478	58,5,58,5
1526391089.544327795	249	40	60	0	1	1	2	-80	69519	1	4	1596	1478	58,5,58,5
1526391089.556101794	249	40	60	0	1	1	2	-80	69520	1	4	1596	1478	58,5,58,5
1526391089.568113728	179	40	60	0	1	1	2	-80	69521	2	4	1596	1478	87,75,87,75
1526391089.579738627	179	40	60	0	1	1	2	-80	69522	2	4	1596	1478	87,75,87,75
1526391089.591207123	179	40	60	0	1	1	2	-80	69523	2	4	1596	1478	87,75,87,75
1526391089.603076723	179	40	60	0	1	1	2	-80	69524	2	4	1596	1478	87,75,87,75
1526391089.614814377	179	40	60	0	1	1	2	-80	69525	2	4	1596	1478	87,75,87,75
1526391089.626544455	144	40	48	0	1	1	2	-80	69526	3	4	1596	1478	117,117
1526391089.638302805	144	40	48	0	1	1	2	-80	69527	3	4	1596	1478	117,117
1526391089.650843232	144	40	48	0	1	1	2	-80	69530	3	4	1596	1478	117,117
1526391089.662262811	144	40	48	0	1	1	2	-80	69532	3	4	1596	1478	117,117
1526391089.673588965	144	40	48	0	1	1	2	-80	69533	3	4	1596	1478	117,117
1526391089.685783177	144	40	48	0	1	1	2	-80	69534	3	4	1596	1478	117,117
1526391089.697116649	144	40	48	0	1	1	2	-80	69535	3	4	1596	1478	117,117
1526391089.708856806	144	40	48	0	1	1	2	-80	69536	3	4	1596	1478	117,117
1526391089.720611829	144	40	48	0	1	1	2	-80	69537	3	4	1596	1478	117,117
1526391089.732795561	144	40	48	0	1	1	2	-80	69538	3	4	1596	1478	117,117
1526391089.744090655	144	40	48	0	1	1	2	-80	69539	3	4	1596	1478	117,117
1526391089.756750588	144	40	48	0	1	1	2	-80	69541	3	4	1596	1478	117,117
1526391089.767591017	144	40	48	0	1	1	2	-80	69542	3	4	1596	1478	117,117
1526391089.779782667	144	40	48	0	1	1	2	-78	69543	3	4	1596	1478	117,117
1526391089.791196141	144	40	48	0	1	1	2	-80	69544	3	4	1596	1478	117,117
1526391089.802953384	144	40	48	0	1	1	2	-80	69545	3	4	1596	1478	117,117
1526391089.814694346	144	40	48	0	1	1	2	-80	69546	3	4	1596	1478	117,117
1526391089.826478342	144	40	48	0	1	1	2	-80	69547	3	4	1596	1478	117,117
1526391089.838227352	144	40	48	0	1	1	2	-80	69548	3	4	1596	1478	117,117
1526391089.850251647	144	40	48	0	1	1	2	-80	69549	3	4	1596	1478	117,117
1526391089.862138513	144	40	48	0	1	1	2	-80	69551	3	4	1596	1478	117,117
1526391089.873981908	144	40	48	0	1	1	2	-80	69553	3	4	1596	1478	117,117
1526391089.885555398	144	40	48	0	1	1	2	-80	69555	3	4	1596	1478	117,117
1526391089.896866988	144	40	48	0	1	1	2	-80	69556	3	4	1596	1478	117,117
1526391089.908698268	144	40	48	0	1	1	2	-80	69557	3	4	1596	1478	117,117
1526391089.920937032	144	40	48	0	1	1	2	-80	69559	3	4	1596	1478	117,117
1526391089.932320918	144	40	48	0	1	1	2	-80	69560	3	4	1596	1478	117,117
1526391089.944735373	144	40	48	0	1	1	2	-80	69562	3	4	1596	1478	117,117
1526391089.955731323	144	40	48	0	1	1	2	-80	69563	3	4	1596	1478	117,117
1526391089.970376216	179	40	60	0	1	1	2	-80	69567	2	4	1596	1478	87,75,87,75
1526391089.979382201	179	40	60	0	1	1	2	-80	69568	2	4	1596	1478	87,75,87,75
1526391089.991046268	179	40	60	0	1	1	2	-80	69569	2	4	1596	1478	87,75,87,75
1526391090.002781984	179	40	60	0	1	1	2	-80	69570	2	4	1596	1478	87,75,87,75
1526391090.016613419	144	40	48	0	1	1	2	-79	69574	3	4	1596	1478	117,117
1526391090.026783921	144	40	48	0	1	1	2	-79	69575	3	4	1596	1478	117,117
1526391090.038487541	144	40	48	0	1	1	2	-80	69576	3	4	1596	1478	117,117
1526391090.049821858	144	40	48	0	1	1	2	-80	69577	3	4	1596	1478	117,117
1526391090.065786380	179	40	60	0	1	1	2	-79	69581	2	4	1596	1478	87,75,87,75
1526391090.074935271	179	40	60	0	1	1	2	-80	69584	2	4	1596	1478	87,75,87,75
1526391090.085188608	179	40	60	0	1	1	2	-80	69585	2	4	1596	1478	87,75,87,75
1526391090.096976571	179	40	60	0	1	1	2	-80	69586	2	4	1596	1478	87,75,87,75
1526391090.109273372	179	40	60	0	1	1	2	-80	69588	2	4	1596	1478	87,75,87,75
1526391090.121103520	179	40	60	0	1	1	2	-79	69589	2	4	1596	1478	87,75,87,75
1526391090.132251562	179	40	60	0	1	1	2	-80	69590	2	4	1596	1478	87,75,87,75
1526391090.143918053	179	40	60	0	1	1	2	-80	69591	2	4	1596	1478	87,75,87,75
1526391090.160628259	249	40	60	0	1	1	2	-80	69597	1	4	1596	1478	58,5,58,5
1526391090.167630263	249	40	60	0	1	1	2	-80	69598	1	4	1596	1478	58,5,58,5
1526391090.179402536	249	40	60	0	1	1	2	-80	69599	1	4	1596	1478	58,5,58,5
1526391090.191114892	249	40	60	0	1	1	2	-80	69600	1	4	1596	1478	58,5,58,5
1526391090.203669981	249	40	60	0	1	1	2	-78	69601	1	4	1596	1478	58,5,58,5
1526391090.214704032	249	40	60	0	1	1	2	-80	69602	1	4	1596	1478	58,5,58,5
1526391090.226499726	249	40	60	0	1	1	2	-79	69603	1	4	1596	1478	58,5,58,5
1526391090.238218728	249	40	60	0	1	1	2	-80	69604	1	4	1596	1478	58,5,58,5
1526391090.249784248	179	40	60	0	1	1	2	-80	69605	2	4	1596	1478	87,75,87,75
1526391090.261638826	179	40	60	0	1	1	2	-80	69606	2	4	1596	1478	87,75,87,75
1526391090.273344603	179	40	60	0	1	1	2	-80	69607	2	4	1596	1478	87,75,87,75
1526391090.285139725	179	40	60	0	1	1	2	-80	69608	2	4	1596	1478	87,75,87,75
1526391090.298680325	179	40	60	0	1	1	2	-80	69611	2	4	1596	1478	87,75,87,75
1526391090.308466257	144	40	48	0	1	1	2	-80	69612	3	4	1596	1478	117,117
1526391090.320688568	144	40	48	0	1	1	2	-80	69613	3	4	1596	1478	117,117
1526391090.331983999	144	40	48	0	1	1	2	-80	69614	3	4	1596	1478	117,117
1526391090.343743030	144	40	48	0	1	1	2	-80	69615	3	4	1596	1478	117,117
1526391090.355501313	144	40	48	0	1	1	2	-80	69616	3	4	1596	1478	117,117
1526391090.368017186	144	40	48	0	1	1	2	-80	69618	3	4	1596	1478	117,117
1526391090.384248576	249	40	60	0	1	1	2	-79	69625	1	4	1596	1478	58,5,58,5
1526391090.390761783	249	40	60	0	1	1	2	-80	69626	1	4	1596	1478	58,5,58,5
1526391090.402921777	249	40	60	0	1	1	2	-80	69627	1	4	1596	1478	58,5,58,5
1526391090.414518460	249	40	60	0	1	1	2	-80	69628	1	4	1596	1478	58,5,58,5
1526391090.426387019	249	40	60	0	1	1	2	-80	69629	1	4	1596	1478	58,5,58,5
1526391090.438115258	249	40	60	0	1	1	2	-80	69630	1	4	1596	1478	58,5,58,5
1526391090.449800621	249	40	60	0	1	1	2	-80	69631	1	4	1596	1478	58,5,58,5
1526391090.461552825	249	40	60	0	1	1	2	-80	69632	1	4	1596	1478	58,5,58,5
1526391090.473299839	144	40	60	0	2	0	2	-80	69633	1	4	1596	1478	117,117
1526391090.485071035	144	40	60	0	2	0	2	-81	69634	1	4	1596	1478	117,117
1526391090.502228407	179	40	60	0	1	1	2	-80	69638	2	4	1596	1478	87,75,87,75
1526391090.508635744	179	40	60	0	1	1	2	-80	69639	2	4	1596	1478	87,75,87,75
1526391090.520372286	179	40	60	0	1	1	2	-80	69640	2	4	1596	1478	87,75,87,75
1526391090.532158402	179	40	60	0	1	1	2	-80	69641	2	4	1596	1478	87,75,87,75
1526391090.543906718	179	40	60	0	1	1	2	-80	69642	2	4	1596	1478	87,75,87,75
1526391090.555644410	179	40	60	0	1	1	2	-80	69643	2	4	1596	1478	87,75,87,75
1526391090.567399174	179	40	60	0	1	1	2	-80	69644	2	4	1596	1478	87,75,87,75
1526391090.579563144	179	40	60	0	1	1	2	-80	69645	2	4	1596	1478	87,75,87,75
1526391090.590819157	144	40	48	0	1	1	2	-80	69646	3	4	1596	1478	117,117
1526391090.604718697	144	40	48	0	1	1	2	-80	69647	3	4	1596	1478	117,117
1526391090.614400330	144	40	48	0	1	1	2	-80	69648	3	4	1596	1478	117,117
1526391090.627063603	144	40	48	0	1	1	2	-80	69651	3	4	1596	1478	117,117
1526391090.637934724	144	40	48	0	1	1	2	-80	69652	3	4	1596	1478	117,117
1526391090.650078073	144	40	48	0	1	1	2	-80	69653	3	4	1596	1478	117,117
1526391090.661973944	144	40	48	0	1	1	2	-80	69655	3	4	1596	1478	117,117
1526391090.673236369	144	40	48	0	1	1	2	-80	69656	3	4	1596	1478	117,117
1526391090.684917303	144	40	48	0	1	1	2	-80	69657	3	4	1596	1478	117,117
1526391090.697153244	144	40	48	0	1	1	2	-80	69658	3	4	1596	1478	117,117
1526391090.716447328	144	40	48	0	1	1	2	-80	69659	3	4	1596	1478	117,117
1526391090.720285235	144	40	48	0	1	1	2	-80	69660	3	4	1596	1478	117,117
1526391090.732312311	144	40	48	0	1	1	2	-80	69662	3	4	1596	1478	117,117
1526391090.743712869	144	40	48	0	1	1	2	-80	69663	3	4	1596	1478	117,117
1526391090.755762177	144	40	48	0	1	1	2	-80	69664	3	4	1596	1478	117,117
1526391090.768070864	144	40	48	0	1	1	2	-80	69667	3	4	1596	1478	117,117
1526391090.779041493	144	40	48	0	1	1	2	-80	69668	3	4	1596	1478	117,117
1526391090.790821522	144	40	48	0	1	1	2	-80	69669	3	4	1596	1478	117,117
1526391090.802536693	144	40	48	0	1	1	2	-80	69670	3	4	1596	1478	117,117
1526391090.814641034	144	40	48	0	1	1	2	-80	69671	3	4	1596	1478	117,117
1526391090.826055377	144	40	48	0	1	1	2	-80	69672	3	4	1596	1478	117,117
1526391090.837822603	144	40	48	0	1	1	2	-80	69673	3	4	1596	1478	117,117
1526391090.849465829	144	40	48	0	1	1	2	-80	69674	3	4	1596	1478	117,117
1526391090.861329699	144	40	48	0	1	1	2	-80	69675	3	4	1596	1478	117,117
1526391090.873089439	144	40	48	0	1	1	2	-80	69676	3	4	1596	1478	117,117
1526391090.884856312	144	40	48	0	1	1	2	-80	69677	3	4	1596	1478	117,117
1526391090.896561754	144	40	48	0	1	1	2	-80	69678	3	4	1596	1478	117,117
1526391090.908590943	144	40	48	0	1	1	2	-80	69679	3	4	1596	1478	117,117
1526391090.919876372	144	40	48	0	1	1	2	-80	69680	3	4	1596	1478	117,117
1526391090.931882695	144	40	48	0	1	1	2	-80	69681	3	4	1596	1478	117,117
1526391090.944646452	144	40	48	0	1	1	2	-80	69682	3	4	1596	1478	117,117
1526391090.955403284	144	40	48	0	1	1	2	-80	69683	3	4	1596	1478	117,117
1526391090.967182881	144	40	48	0	1	1	2	-80	69684	3	4	1596	1478	117,117
1526391090.979245394	144	40	48	0	1	1	2	-80	69685	3	4	1596	1478	117,117
1526391090.991648021	144	40	48	0	1	1	2	-80	69688	3	4	1596	1478	117,117
1526391091.002453003	144	40	48	0	1	1	2	-80	69689	3	4	1596	1478	117,117
1526391091.014216514	144	40	48	0	1	1	2	-80	69690	3	4	1596	1478	117,117
1526391091.025906556	144	40	48	0	1	1	2	-80	69691	3	4	1596	1478	117,117
1526391091.037748968	144	40	48	0	1	1	2	-80	69692	3	4	1596	1478	117,117
1526391091.049497222	144	40	48	0	1	1	2	-80	69693	3	4	1596	1478	117,117
1526391091.061176863	144	40	48	0	1	1	2	-80	69694	3	4	1596	1478	117,117
1526391091.073005431	144	40	48	0	1	1	2	-80	69695	3	4	1596	1478	117,117
1526391091.084784711	144	40	48	0	1	1	2	-80	69696	3	4	1596	1478	117,117
1526391091.096533014	144	40	48	0	1	1	2	-80	69697	3	4	1596	1478	117,117
1526391091.108289601	144	40	48	0	1	1	2	-80	69698	3	4	1596	1478	117,117
1526391091.120444049	144	40	48	0	1	1	2	-80	69699	3	4	1596	1478	117,117
1526391091.131808354	144	40	48	0	1	1	2	-80	69700	3	4	1596	1478	117,117
1526391091.143918532	144	40	48	0	1	1	2	-80	69701	3	4	1596	1478	117,117
1526391091.155342639	144	40	48	0	1	1	2	-80	69702	3	4	1596	1478	117,117
1526391091.167089746	144	40	48	0	1	1	2	-80	69703	3	4	1596	1478	117,117
1526391091.178816663	144	40	48	0	1	1	2	-80	69704	3	4	1596	1478	117,117
1526391091.190648134	144	40	48	0	1	1	2	-80	69705	3	4	1596	1478	117,117
1526391091.202372658	144	40	48	0	1	1	2	-80	69706	3	4	1596	1478	117,117
1526391091.216407703	179	40	60	0	1	1	2	-76	69708	2	4	1596	1478	87,75,87,75
1526391091.225921838	179	40	60	0	1	1	2	-80	69709	2	4	1596	1478	87,75,87,75
1526391091.237710171	179	40	60	0	1	1	2	-80	69710	2	4	1596	1478	87,75,87,75
1526391091.249323877	179	40	60	0	1	1	2	-80	69711	2	4	1596	1478	87,75,87,75
1526391091.261117229	179	40	60	0	1	1	2	-80	69712	2	4	1596	1478	87,75,87,75
1526391091.272857490	179	40	60	0	1	1	2	-80	69713	2	4	1596	1478	87,75,87,75
1526391091.284601629	179	40	60	0	1	1	2	-80	69714	2	4	1596	1478	87,75,87,75
1526391091.296393400	179	40	60	0	1	1	2	-80	69715	2	4	1596	1478	87,75,87,75
1526391091.308108875	144	40	48	0	1	1	2	-80	69716	3	4	1596	1478	117,117
1526391091.319834919	144	40	48	0	1	1	2	-80	69717	3	4	1596	1478	117,117
1526391091.331557187	144	40	48	0	1	1	2	-80	69718	3	4	1596	1478	117,117
1526391091.343362517	144	40	48	0	1	1	2	-80	69719	3	4	1596	1478	117,117
1526391091.355108315	144	40	48	0	1	1	2	-80	69720	3	4	1596	1478	117,117
1526391091.367686483	144	40	48	0	1	1	2	-80	69721	3	4	1596	1478	117,117
1526391091.378637105	144	40	48	0	1	1	2	-80	69722	3	4	1596	1478	117,117
1526391091.390413000	144	40	48	0	1	1	2	-80	69723	3	4	1596	1478	117,117
1526391091.402187346	144	40	48	0	1	1	2	-80	69724	3	4	1596	1478	117,117
1526391091.414329004	144	40	48	0	1	1	2	-80	69725	3	4	1596	1478	117,117
1526391091.425636745	144	40	48	0	1	1	2	-80	69726	3	4	1596	1478	117,117
1526391091.437432045	144	40	48	0	1	1	2	-80	69727	3	4	1596	1478	117,117
1526391091.449623780	144	40	48	0	1	1	2	-80	69729	3	4	1596	1478	117,117
1526391091.460966607	144	40	48	0	1	1	2	-80	69730	3	4	1596	1478	117,117
1526391091.472729384	144	40	48	0	1	1	2	-80	69731	3	4	1596	1478	117,117
1526391091.484487149	144	40	48	0	1	1	2	-80	69732	3	4	1596	1478	117,117
1526391091.496232623	144	40	48	0	1	1	2	-80	69733	3	4	1596	1478	117,117
1526391091.508002811	144	40	48	0	1	1	2	-80	69734	3	4	1596	1478	117,117
1526391091.521305337	144	40	48	0	1	1	2	-80	69737	3	4	1596	1478	117,117
1526391091.531545429	179	40	60	0	1	1	2	-80	69738	2	4	1596	1478	87,75,87,75
1526391091.543341822	179	40	60	0	1	1	2	-80	69739	2	4	1596	1478	87,75,87,75
1526391091.555074169	179	40	60	0	1	1	2	-80	69740	2	4	1596	1478	87,75,87,75
1526391091.566861752	179	40	60	0	1	1	2	-80	69741	2	4	1596	1478	87,75,87,75
1526391091.578595253	179	40	60	0	1	1	2	-80	69742	2	4	1596	1478	87,75,87,75
1526391091.590349411	179	40	60	0	1	1	2	-80	69743	2	4	1596	1478	87,75,87,75
1526391091.602131217	179	40	60	0	1	1	2	-80	69744	2	4	1596	1478	87,75,87,75
1526391091.613891088	179	40	60	0	1	1	2	-80	69745	2	4	1596	1478	87,75,87,75
1526391091.625741578	179	40	60	0	1	1	2	-80	69746	2	4	1596	1478	87,75,87,75
1526391091.637457403	179	40	60	0	1	1	2	-80	69747	2	4	1596	1478	87,75,87,75
1526391091.649204102	179	40	60	0	1	1	2	-80	69748	2	4	1596	1478	87,75,87,75
1526391091.661442681	179	40	60	0	1	1	2	-80	69749	2	4	1596	1478	87,75,87,75
1526391091.672703089	179	40	60	0	1	1	2	-80	69750	2	4	1596	1478	87,75,87,75
1526391091.684470104	144	40	48	0	1	1	2	-80	69751	3	4	1596	1478	117,117
1526391091.696191957	144	40	48	0	1	1	2	-80	69752	3	4	1596	1478	117,117
1526391091.707936652	144	40	48	0	1	1	2	-80	69753	3	4	1596	1478	117,117
1526391091.719698565	144	40	48	0	1	1	2	-80	69754	3	4	1596	1478	117,117
1526391091.731458787	144	40	48	0	1	1	2	-80	69755	3	4	1596	1478	117,117
1526391091.743632255	144	40	48	0	1	1	2	-80	69756	3	4	1596	1478	117,117
1526391091.754890655	144	40	48	0	1	1	2	-80	69757	3	4	1596	1478	117,117
1526391091.767534030	144	40	48	0	1	1	2	-80	69758	3	4	1596	1478	117,117
1526391091.778500593	144	40	48	0	1	1	2	-80	69759	3	4	1596	1478	117,117
1526391091.790261783	144	40	48	0	1	1	2	-80	69760	3	4	1596	1478	117,117
1526391091.802085069	144	40	48	0	1	1	2	-80	69761	3	4	1596	1478	117,117
1526391091.814283627	144	40	48	0	1	1	2	-80	69763	3	4	1596	1478	117,117
1526391091.828091827	179	40	60	0	1	1	2	-80	69765	2	4	1596	1478	87,75,87,75
1526391091.837337021	179	40	60	0	1	1	2	-80	69766	2	4	1596	1478	87,75,87,75
1526391091.849193689	179	40	60	0	1	1	2	-80	69767	2	4	1596	1478	87,75,87,75
1526391091.864633238	144	40	48	0	1	1	2	-80	69772	3	4	1596	1478	117,117
1526391091.873467654	144	40	48	0	1	1	2	-80	69774	3	4	1596	1478	117,117
1526391091.884323209	144	40	48	0	1	1	2	-80	69775	3	4	1596	1478	117,117
1526391091.896198678	144	40	48	0	1	1	2	-79	69776	3	4	1596	1478	117,117
1526391091.910179575	144	40	48	0	1	1	2	-80	69779	3	4	1596	1478	117,117
1526391091.919741989	179	40	60	0	1	1	2	-80	69780	2	4	1596	1478	87,75,87,75
1526391091.936882534	179	40	60	0	1	1	2	-80	69783	2	4	1596	1478	87,75,87,75
1526391091.943192437	179	40	60	0	1	1	2	-80	69784	2	4	1596	1478	87,75,87,75
1526391091.962147877	249	40	60	0	1	1	2	-79	69789	1	4	1596	1478	58,5,58,5
1526391091.969878197	459	40	84	0	1	1	2	-80	69792	0	4	1596	1478	29,25,29,25
1526391091.978631248	267	40	60	0	2	0	2	-80	69793	1	1	1596	1478	54,54
1526391091.990309795	267	40	60	0	2	0	2	-80	69794	1	1	1596	1478	54,54
1526391092.007360646	343	40	60	0	1	1	2	-80	69801	2	1	1596	1478	40,5,40,5
1526391092.017579507	354	40	48	0	1	1	2	-76	69804	4	0	1596	1478	39,39
1526391092.199475885	669	40	48	0	1	1	2	-79	69805	4	0	3130	1478,1478	39,39
1526391092.199492510	669	40	48	0	1	1	2	-79	69805	4	0	3130	1478,1478	39,39
1526391092.201948672	646	40	60	0	1	1	2	-79	69806	2	1	3130	1478,1478	40,5,40,5
1526391092.201995538	646	40	60	0	1	1	2	-79	69806	2	1	3130	1478,1478	40,5,40,5
1526391092.202014017	646	40	60	0	1	1	2	-79	69806	2	1	3130	1478,1478	40,5,40,5
1526391092.202367040	646	40	60	0	1	1	2	-79	69806	2	1	3130	1478,1478	40,5,40,5
1526391092.203187238	494	40	60	0	2	0	2	-80	69807	1	1	3130	1478,1478	54,54
1526391092.264548891	267	40	60	0	2	0	2	-80	69808	1	1	1596	1478	54,54
1526391092.266289384	267	40	60	0	2	0	2	-80	69809	1	1	1596	1478	54,54
1526391092.266325551	267	40	60	0	2	0	2	-80	69809	1	1	1596	1478	54,54
1526391092.266333421	267	40	60	0	2	0	2	-80	69809	1	1	1596	1478	54,54
1526391092.266339974	267	40	60	0	2	0	2	-80	69809	1	1	1596	1478	54,54
1526391092.266347026	267	40	60	0	2	0	2	-80	69809	1	1	1596	1478	54,54
1526391092.266352578	267	40	60	0	2	0	2	-80	69809	1	1	1596	1478	54,54
1526391092.272518494	267	40	60	0	2	0	2	-80	69810	1	1	1596	1478	54,54
1526391092.289988141	343	40	60	0	1	1	2	-80	69814	2	1	1596	1478	40,5,40,5
1526391092.296127896	343	40	60	0	1	1	2	-80	69815	2	1	1596	1478	40,5,40,5
1526391092.307899990	343	40	60	0	1	1	2	-80	69816	2	1	1596	1478	40,5,40,5
1526391092.324300304	343	40	60	0	1	1	2	-79	69821	2	1	1596	1478	40,5,40,5
1526391092.333225884	343	40	60	0	1	1	2	-80	69824	2	1	1596	1478	40,5,40,5
1526391092.344398492	343	40	60	0	1	1	2	-80	69826	2	1	1596	1478	40,5,40,5
1526391092.354922569	343	40	60	0	1	1	2	-80	69827	2	1	1596	1478	40,5,40,5
1526391092.366679661	343	40	60	0	1	1	2	-80	69828	2	1	1596	1478	40,5,40,5
1526391092.378457196	343	40	60	0	1	1	2	-80	69829	2	1	1596	1478	40,5,40,5
1526391092.390198722	343	40	60	0	1	1	2	-79	69830	2	1	1596	1478	40,5,40,5
1526391092.402042154	343	40	60	0	1	1	2	-80	69831	2	1	1596	1478	40,5,40,5
1526391092.602012315	267	40	48	0	1	1	2	-79	69832	3	1	1596	1478	54,54
1526391092.602048535	267	40	48	0	1	1	2	-79	69832	3	1	1596	1478	54,54
1526391092.602056398	267	40	48	0	1	1	2	-79	69832	3	1	1596	1478	54,54
1526391092.602062256	267	40	48	0	1	1	2	-79	69832	3	1	1596	1478	54,54
1526391092.603397108	249	40	60	0	1	1	2	-80	69833	1	4	1596	1478	58,5,58,5
1526391092.603432691	249	40	60	0	1	1	2	-80	69833	1	4	1596	1478	58,5,58,5
1526391092.603441751	249	40	60	0	1	1	2	-80	69833	1	4	1596	1478	58,5,58,5
1526391092.603447928	249	40	60	0	1	1	2	-80	69833	1	4	1596	1478	58,5,58,5
1526391092.605633886	249	40	60	0	1	1	2	-80	69834	1	4	1596	1478	58,5,58,5
1526391092.605671530	249	40	60	0	1	1	2	-80	69834	1	4	1596	1478	58,5,58,5
1526391092.605684798	249	40	60	0	1	1	2	-80	69834	1	4	1596	1478	58,5,58,5
1526391092.605691706	249	40	60	0	1	1	2	-80	69834	1	4	1596	1478	58,5,58,5
1526391092.605699081	249	40	60	0	1	1	2	-80	69834	1	4	1596	1478	58,5,58,5
1526391092.605705210	249	40	60	0	1	1	2	-80	69834	1	4	1596	1478	58,5,58,5
1526391092.605712274	249	40	60	0	1	1	2	-80	69834	1	4	1596	1478	58,5,58,5
1526391092.605719782	249	40	60	0	1	1	2	-80	69834	1	4	1596	1478	58,5,58,5
1526391092.605727308	249	40	60	0	1	1	2	-80	69834	1	4	1596	1478	58,5,58,5
1526391092.662300675	249	40	60	0	1	1	2	-80	69835	1	4	1596	1478	58,5,58,5
1526391092.663760240	249	40	60	0	1	1	2	-80	69836	1	4	1596	1478	58,5,58,5
1526391092.663775177	249	40	60	0	1	1	2	-80	69836	1	4	1596	1478	58,5,58,5
1526391092.663782068	249	40	60	0	1	1	2	-80	69836	1	4	1596	1478	58,5,58,5
1526391092.664335120	249	40	60	0	1	1	2	-80	69837	1	4	1596	1478	58,5,58,5
1526391092.672354574	249	40	60	0	1	1	2	-80	69838	1	4	1596	1478	58,5,58,5
1526391092.684258519	249	40	60	0	1	1	2	-80	69839	1	4	1596	1478	58,5,58,5
1526391093.012689017	249	40	60	0	1	1	2	-80	69840	1	4	1596	1478	58,5,58,5
1526391093.012726822	249	40	60	0	1	1	2	-80	69840	1	4	1596	1478	58,5,58,5
1526391093.012735264	249	40	60	0	1	1	2	-80	69840	1	4	1596	1478	58,5,58,5
1526391093.012742351	249	40	60	0	1	1	2	-80	69840	1	4	1596	1478	58,5,58,5
1526391093.012748993	249	40	60	0	1	1	2	-80	69840	1	4	1596	1478	58,5,58,5
1526391093.012754991	249	40	60	0	1	1	2	-80	69840	1	4	1596	1478	58,5,58,5
1526391093.012761590	249	40	60	0	1	1	2	-80	69840	1	4	1596	1478	58,5,58,5
1526391093.012768037	249	40	60	0	1	1	2	-80	69840	1	4	1596	1478	58,5,58,5
1526391093.012776118	249	40	60	0	1	1	2	-80	69840	1	4	1596	1478	58,5,58,5
1526391093.012782192	249	40	60	0	1	1	2	-80	69840	1	4	1596	1478	58,5,58,5
