1526389454.055315634	158	40	48	0	2	0	2	-66	43350	5	0	1596	1478	104,104
1526389454.055349640	158	40	48	0	2	0	2	-66	43350	5	0	1596	1478	104,104
1526389454.055357903	158	40	48	0	2	0	2	-66	43350	5	0	1596	1478	104,104
1526389454.055363769	158	40	48	0	2	0	2	-66	43350	5	0	1596	1478	104,104
1526389454.055369982	158	40	48	0	2	0	2	-66	43350	5	0	1596	1478	104,104
1526389454.055375853	158	40	48	0	2	0	2	-66	43350	5	0	1596	1478	104,104
1526389454.055394320	158	40	48	0	2	0	2	-66	43350	5	0	1596	1478	104,104
1526389454.055400670	158	40	48	0	2	0	2	-66	43350	5	0	1596	1478	104,104
1526389454.055407509	158	40	48	0	2	0	2	-66	43350	5	0	1596	1478	104,104
1526389454.055415154	158	40	48	0	2	0	2	-66	43350	5	0	1596	1478	104,104
1526389454.055426699	158	40	48	0	2	0	2	-66	43350	5	0	1596	1478	104,104
1526389454.055432778	158	40	48	0	2	0	2	-66	43350	5	0	1596	1478	104,104
1526389454.055439491	158	40	48	0	2	0	2	-66	43350	5	0	1596	1478	104,104
1526389454.055445247	158	40	48	0	2	0	2	-66	43350	5	0	1596	1478	104,104
1526389454.055451524	158	40	48	0	2	0	2	-66	43350	5	0	1596	1478	104,104
1526389454.063382340	158	40	48	0	2	0	2	-67	43351	5	0	1596	1478	104,104
1526389454.075170698	158	40	48	0	2	0	2	-68	43352	5	0	1596	1478	104,104
1526389454.086951803	158	40	48	0	2	0	2	-67	43353	5	0	1596	1478	104,104
1526389454.098776886	144	40	48	0	2	0	2	-67	43354	6	0	1596	1478	117,117
1526389454.110528210	144	40	48	0	2	0	2	-67	43355	6	0	1596	1478	117,117
1526389454.122186687	144	40	48	0	2	0	2	-68	43356	6	0	1596	1478	117,117
1526389454.134047740	144	40	48	0	2	0	2	-67	43357	6	0	1596	1478	117,117
1526389454.145731990	144	40	48	0	2	0	2	-67	43358	6	0	1596	1478	117,117
1526389454.157932711	144	40	48	0	2	0	2	-67	43359	6	0	1596	1478	117,117
1526389454.169308724	144	40	48	0	2	0	2	-67	43360	6	0	1596	1478	117,117
1526389454.181081808	144	40	48	0	2	0	2	-67	43361	6	0	1596	1478	117,117
1526389454.192827702	144	40	48	0	2	0	2	-67	43362	6	0	1596	1478	117,117
1526389454.204634281	144	40	48	0	2	0	2	-68	43363	6	0	1596	1478	117,117
1526389454.216362636	144	40	48	0	2	0	2	-67	43364	6	0	1596	1478	117,117
1526389454.228123050	144	40	48	0	2	0	2	-67	43365	6	0	1596	1478	117,117
1526389454.239888886	144	40	48	0	2	0	2	-67	43366	6	0	1596	1478	117,117
1526389454.251647953	144	40	48	0	2	0	2	-67	43367	6	0	1596	1478	117,117
1526389454.263325728	144	40	48	0	2	0	2	-67	43368	6	0	1596	1478	117,117
1526389454.275054764	144	40	48	0	2	0	2	-68	43369	6	0	1596	1478	117,117
1526389454.286813694	144	40	48	0	2	0	2	-67	43370	6	0	1596	1478	117,117
1526389454.298893140	144	40	48	0	2	0	2	-67	43372	6	0	1596	1478	117,117
1526389454.310304499	144	40	48	0	2	0	2	-67	43373	6	0	1596	1478	117,117
1526389454.322052499	124	40	48	1	2	0	2	-67	43374	7	0	1596	1478	144,444,144,444
1526389454.334910977	124	40	48	1	2	0	2	-67	43377	7	0	1596	1478	144,444,144,444
1526389454.345576380	124	40	48	1	2	0	2	-68	43378	7	0	1596	1478	144,444,144,444
1526389454.358159548	124	40	48	1	2	0	2	-67	43380	7	0	1596	1478	144,444,144,444
1526389454.369439030	124	40	48	1	2	0	2	-67	43382	7	0	1596	1478	144,444,144,444
1526389454.382007314	124	40	48	1	2	0	2	-67	43385	7	0	1596	1478	144,444,144,444
1526389454.392953322	124	40	48	1	2	0	2	-67	43387	7	0	1596	1478	144,444,144,444
1526389454.404400382	124	40	48	1	2	0	2	-67	43388	7	0	1596	1478	144,444,144,444
1526389454.416447534	124	40	48	1	2	0	2	-67	43390	7	0	1596	1478	144,444,144,444
1526389454.428315855	124	40	48	1	2	0	2	-67	43392	7	0	1596	1478	144,444,144,444
1526389454.441180832	144	40	48	0	2	0	2	-67	43396	6	0	1596	1478	117,117
1526389454.451424919	144	40	48	0	2	0	2	-67	43397	6	0	1596	1478	117,117
1526389454.463172623	144	40	48	0	2	0	2	-67	43398	6	0	1596	1478	117,117
1526389454.474949892	144	40	48	0	2	0	2	-67	43399	6	0	1596	1478	117,117
1526389454.486709138	144	40	48	0	2	0	2	-67	43400	6	0	1596	1478	117,117
1526389454.498564451	144	40	48	0	2	0	2	-67	43401	6	0	1596	1478	117,117
1526389454.510267852	144	40	48	0	2	0	2	-67	43402	6	0	1596	1478	117,117
1526389454.522114586	144	40	48	0	2	0	2	-67	43403	6	0	1596	1478	117,117
1526389454.533842220	144	40	48	0	2	0	2	-66	43404	6	0	1596	1478	117,117
1526389454.546031727	144	40	48	0	2	0	2	-67	43406	6	0	1596	1478	117,117
1526389454.557269900	144	40	48	0	2	0	2	-67	43407	6	0	1596	1478	117,117
1526389454.569082146	144	40	48	0	2	0	2	-66	43408	6	0	1596	1478	117,117
1526389454.580913647	144	40	48	0	2	0	2	-66	43409	6	0	1596	1478	117,117
1526389454.593110330	144	40	48	0	2	0	2	-67	43411	6	0	1596	1478	117,117
1526389454.604862209	144	40	48	0	2	0	2	-66	43413	6	0	1596	1478	117,117
1526389454.616194755	144	40	48	0	2	0	2	-67	43414	6	0	1596	1478	117,117
1526389454.627964751	144	40	48	0	2	0	2	-67	43415	6	0	1596	1478	117,117
1526389454.639519896	144	40	48	0	2	0	2	-67	43416	6	0	1596	1478	117,117
1526389454.651471685	144	40	48	0	2	0	2	-67	43417	6	0	1596	1478	117,117
1526389454.663285055	144	40	48	0	2	0	2	-67	43418	6	0	1596	1478	117,117
1526389454.674996222	144	40	48	0	2	0	2	-66	43419	6	0	1596	1478	117,117
1526389454.686672068	144	40	48	0	2	0	2	-67	43420	6	0	1596	1478	117,117
1526389454.698508722	144	40	48	0	2	0	2	-66	43421	6	0	1596	1478	117,117
1526389454.710555772	144	40	48	0	2	0	2	-66	43423	6	0	1596	1478	117,117
1526389454.722038397	144	40	48	0	2	0	2	-66	43424	6	0	1596	1478	117,117
1526389454.733799688	144	40	48	0	2	0	2	-67	43425	6	0	1596	1478	117,117
1526389454.745566358	144	40	48	0	2	0	2	-67	43426	6	0	1596	1478	117,117
1526389454.757302480	144	40	48	0	2	0	2	-67	43427	6	0	1596	1478	117,117
1526389454.769068154	144	40	48	0	2	0	2	-67	43428	6	0	1596	1478	117,117
1526389454.780853780	144	40	48	0	2	0	2	-67	43429	6	0	1596	1478	117,117
1526389454.792523914	144	40	48	0	2	0	2	-67	43430	6	0	1596	1478	117,117
1526389454.804364346	144	40	48	0	2	0	2	-66	43431	6	0	1596	1478	117,117
1526389454.816048092	144	40	48	0	2	0	2	-67	43432	6	0	1596	1478	117,117
1526389454.827917151	144	40	48	0	2	0	2	-66	43433	6	0	1596	1478	117,117
1526389454.839539830	144	40	48	0	2	0	2	-67	43434	6	0	1596	1478	117,117
1526389454.851272964	144	40	48	0	2	0	2	-67	43435	6	0	1596	1478	117,117
1526389454.862937317	144	40	48	0	2	0	2	-67	43436	6	0	1596	1478	117,117
1526389454.875627644	144	40	48	0	2	0	2	-67	43438	6	0	1596	1478	117,117
1526389454.886669875	144	40	48	0	2	0	2	-67	43439	6	0	1596	1478	117,117
1526389454.898449514	144	40	48	0	2	0	2	-67	43440	6	0	1596	1478	117,117
1526389454.910224102	144	40	48	0	2	0	2	-67	43441	6	0	1596	1478	117,117
1526389454.921948370	144	40	48	0	2	0	2	-68	43442	6	0	1596	1478	117,117
1526389454.933723426	144	40	48	0	2	0	2	-67	43443	6	0	1596	1478	117,117
1526389454.945350800	144	40	48	0	2	0	2	-67	43444	6	0	1596	1478	117,117
1526389454.957115648	144	40	48	0	2	0	2	-67	43445	6	0	1596	1478	117,117
1526389454.968996290	144	40	48	0	2	0	2	-67	43446	6	0	1596	1478	117,117
1526389454.981092057	144	40	48	0	2	0	2	-67	43448	6	0	1596	1478	117,117
1526389454.992313800	144	40	48	0	2	0	2	-67	43449	6	0	1596	1478	117,117
1526389455.004325425	144	40	48	0	2	0	2	-67	43450	6	0	1596	1478	117,117
1526389455.016060466	144	40	48	0	2	0	2	-67	43451	6	0	1596	1478	117,117
1526389455.027773661	144	40	48	0	2	0	2	-67	43452	6	0	1596	1478	117,117
1526389455.039497200	134	40	48	0	2	0	2	-67	43453	7	0	1596	1478	130,130
1526389455.051368783	144	40	48	0	2	0	2	-67	43454	6	0	1596	1478	117,117
1526389455.063038008	144	40	48	0	2	0	2	-67	43455	6	0	1596	1478	117,117
1526389455.074889857	144	40	48	0	2	0	2	-67	43456	6	0	1596	1478	117,117
1526389455.086592466	144	40	48	0	2	0	2	-68	43457	6	0	1596	1478	117,117
1526389455.098388088	134	40	48	0	2	0	2	-67	43458	7	0	1596	1478	130,130
1526389455.110095604	144	40	48	0	2	0	2	-68	43459	6	0	1596	1478	117,117
1526389455.121931244	144	40	48	0	2	0	2	-67	43460	6	0	1596	1478	117,117
1526389455.133693671	144	40	48	0	2	0	2	-68	43461	6	0	1596	1478	117,117
1526389455.145407880	144	40	48	0	2	0	2	-68	43462	6	0	1596	1478	117,117
1526389455.157183043	134	40	48	0	2	0	2	-67	43463	7	0	1596	1478	130,130
1526389455.168907588	144	40	48	0	2	0	2	-68	43464	6	0	1596	1478	117,117
1526389455.180736050	144	40	48	0	2	0	2	-69	43465	6	0	1596	1478	117,117
1526389455.192498648	144	40	48	0	2	0	2	-68	43466	6	0	1596	1478	117,117
1526389455.204430894	144	40	48	0	2	0	2	-68	43467	6	0	1596	1478	117,117
1526389455.217025582	144	40	48	0	2	0	2	-68	43469	6	0	1596	1478	117,117
1526389455.227658713	144	40	48	0	2	0	2	-68	43470	6	0	1596	1478	117,117
1526389455.239836419	144	40	48	0	2	0	2	-68	43472	6	0	1596	1478	117,117
1526389455.251072303	144	40	48	0	2	0	2	-68	43473	6	0	1596	1478	117,117
1526389455.262901102	144	40	48	0	2	0	2	-68	43474	6	0	1596	1478	117,117
1526389455.275079283	144	40	48	0	2	0	2	-68	43476	6	0	1596	1478	117,117
1526389455.286462985	144	40	48	0	2	0	2	-68	43477	6	0	1596	1478	117,117
1526389455.298256824	144	40	48	0	2	0	2	-67	43478	6	0	1596	1478	117,117
1526389455.309962873	144	40	48	0	2	0	2	-68	43479	6	0	1596	1478	117,117
1526389455.321787031	144	40	48	0	2	0	2	-68	43480	6	0	1596	1478	117,117
1526389455.333572746	144	40	48	0	2	0	2	-68	43481	6	0	1596	1478	117,117
1526389455.345314224	144	40	48	0	2	0	2	-68	43482	6	0	1596	1478	117,117
1526389455.356950289	144	40	48	0	2	0	2	-68	43483	6	0	1596	1478	117,117
1526389455.368613986	144	40	48	0	2	0	2	-68	43484	6	0	1596	1478	117,117
1526389455.381462154	144	40	48	0	2	0	2	-68	43486	6	0	1596	1478	117,117
1526389455.392334108	144	40	48	0	2	0	2	-68	43487	6	0	1596	1478	117,117
1526389455.404112134	144	40	48	0	2	0	2	-68	43488	6	0	1596	1478	117,117
1526389455.415871006	144	40	48	0	2	0	2	-68	43489	6	0	1596	1478	117,117
1526389455.428206049	144	40	48	0	2	0	2	-68	43491	6	0	1596	1478	117,117
1526389455.439344758	144	40	48	0	2	0	2	-68	43492	6	0	1596	1478	117,117
1526389455.451066257	144	40	48	0	2	0	2	-68	43493	6	0	1596	1478	117,117
1526389455.462820218	144	40	48	0	2	0	2	-68	43494	6	0	1596	1478	117,117
1526389455.474676321	144	40	48	0	2	0	2	-68	43495	6	0	1596	1478	117,117
1526389455.486438057	144	40	48	0	2	0	2	-68	43496	6	0	1596	1478	117,117
1526389455.498194595	144	40	48	0	2	0	2	-68	43497	6	0	1596	1478	117,117
1526389455.509948184	144	40	48	0	2	0	2	-68	43498	6	0	1596	1478	117,117
1526389455.521646986	144	40	48	0	2	0	2	-68	43499	6	0	1596	1478	117,117
1526389455.533500230	144	40	48	0	2	0	2	-68	43500	6	0	1596	1478	117,117
1526389455.545158306	134	40	48	0	2	0	2	-68	43501	7	0	1596	1478	130,130
1526389455.556975767	124	40	48	1	2	0	2	-68	43502	7	0	1596	1478	144,444,144,444
1526389455.570443536	144	40	48	0	2	0	2	-67	43505	6	0	1596	1478	117,117
1526389455.580509642	144	40	48	0	2	0	2	-68	43506	6	0	1596	1478	117,117
1526389455.592284718	144	40	48	0	2	0	2	-68	43507	6	0	1596	1478	117,117
1526389455.604020010	144	40	48	0	2	0	2	-68	43508	6	0	1596	1478	117,117
1526389455.615783771	144	40	48	0	2	0	2	-68	43509	6	0	1596	1478	117,117
1526389455.627542497	144	40	48	0	2	0	2	-67	43510	6	0	1596	1478	117,117
1526389455.639233553	144	40	48	0	2	0	2	-67	43511	6	0	1596	1478	117,117
1526389455.651076381	144	40	48	0	2	0	2	-68	43512	6	0	1596	1478	117,117
1526389455.663249556	144	40	48	0	2	0	2	-67	43513	6	0	1596	1478	117,117
1526389455.674980152	144	40	48	0	2	0	2	-68	43514	6	0	1596	1478	117,117
1526389455.686401199	144	40	48	0	2	0	2	-68	43515	6	0	1596	1478	117,117
1526389455.698057621	144	40	48	0	2	0	2	-68	43516	6	0	1596	1478	117,117
1526389455.709831505	144	40	48	0	2	0	2	-68	43517	6	0	1596	1478	117,117
1526389455.721624860	144	40	48	0	2	0	2	-68	43518	6	0	1596	1478	117,117
1526389455.733395906	144	40	48	0	2	0	2	-68	43519	6	0	1596	1478	117,117
1526389455.745169127	144	40	48	0	2	0	2	-68	43520	6	0	1596	1478	117,117
1526389455.756900647	144	40	48	0	2	0	2	-67	43521	6	0	1596	1478	117,117
1526389455.768677463	144	40	48	0	2	0	2	-67	43522	6	0	1596	1478	117,117
1526389455.780434038	144	40	48	0	2	0	2	-67	43523	6	0	1596	1478	117,117
1526389455.792219368	144	40	48	0	2	0	2	-67	43524	6	0	1596	1478	117,117
1526389455.803944206	144	40	48	0	2	0	2	-66	43525	6	0	1596	1478	117,117
1526389455.815715794	144	40	48	0	2	0	2	-67	43526	6	0	1596	1478	117,117
1526389455.827861561	144	40	48	0	2	0	2	-66	43528	6	0	1596	1478	117,117
1526389455.839224311	144	40	48	0	2	0	2	-67	43529	6	0	1596	1478	117,117
1526389455.851403842	144	40	48	0	2	0	2	-67	43531	6	0	1596	1478	117,117
1526389455.863169349	144	40	48	0	2	0	2	-66	43533	6	0	1596	1478	117,117
1526389455.874432016	144	40	48	0	2	0	2	-67	43534	6	0	1596	1478	117,117
1526389455.886223561	144	40	48	0	2	0	2	-67	43535	6	0	1596	1478	117,117
1526389455.898016563	144	40	48	0	2	0	2	-67	43536	6	0	1596	1478	117,117
1526389455.909773995	144	40	48	0	2	0	2	-67	43537	6	0	1596	1478	117,117
1526389455.921596605	144	40	48	0	2	0	2	-67	43538	6	0	1596	1478	117,117
1526389455.933331418	144	40	48	0	2	0	2	-68	43539	6	0	1596	1478	117,117
1526389455.944929538	144	40	48	0	2	0	2	-67	43540	6	0	1596	1478	117,117
1526389455.956726422	144	40	48	0	2	0	2	-68	43541	6	0	1596	1478	117,117
1526389455.968586222	144	40	48	0	2	0	2	-67	43542	6	0	1596	1478	117,117
1526389455.980345266	144	40	48	0	2	0	2	-67	43543	6	0	1596	1478	117,117
1526389455.992021778	134	40	48	0	2	0	2	-67	43544	7	0	1596	1478	130,130
1526389456.003808313	144	40	48	0	2	0	2	-67	43545	6	0	1596	1478	117,117
1526389456.015629260	144	40	48	0	2	0	2	-67	43546	6	0	1596	1478	117,117
1526389456.027415001	144	40	48	0	2	0	2	-67	43547	6	0	1596	1478	117,117
1526389456.039122266	144	40	48	0	2	0	2	-67	43548	6	0	1596	1478	117,117
1526389456.051311119	144	40	48	0	2	0	2	-67	43550	6	0	1596	1478	117,117
1526389456.062670251	144	40	48	0	2	0	2	-67	43551	6	0	1596	1478	117,117
1526389456.074452005	144	40	48	0	2	0	2	-67	43552	6	0	1596	1478	117,117
1526389456.086187721	144	40	48	0	2	0	2	-67	43553	6	0	1596	1478	117,117
1526389456.098270242	144	40	48	0	2	0	2	-67	43554	6	0	1596	1478	117,117
1526389456.109707845	144	40	48	0	2	0	2	-67	43555	6	0	1596	1478	117,117
1526389456.121462154	144	40	48	0	2	0	2	-67	43556	6	0	1596	1478	117,117
1526389456.133268784	144	40	48	0	2	0	2	-67	43557	6	0	1596	1478	117,117
1526389456.144950400	144	40	48	0	2	0	2	-67	43558	6	0	1596	1478	117,117
1526389456.156745172	144	40	48	0	2	0	2	-67	43559	6	0	1596	1478	117,117
1526389456.168523962	144	40	48	0	2	0	2	-67	43560	6	0	1596	1478	117,117
1526389456.180204696	144	40	48	0	2	0	2	-67	43561	6	0	1596	1478	117,117
1526389456.191945901	144	40	48	0	2	0	2	-67	43562	6	0	1596	1478	117,117
1526389456.203624128	144	40	48	0	2	0	2	-67	43563	6	0	1596	1478	117,117
1526389456.215896431	144	40	48	0	2	0	2	-67	43564	6	0	1596	1478	117,117
1526389456.227097907	144	40	48	0	2	0	2	-67	43565	6	0	1596	1478	117,117
1526389456.238950308	144	40	48	0	2	0	2	-67	43566	6	0	1596	1478	117,117
1526389456.250621885	144	40	48	0	2	0	2	-67	43567	6	0	1596	1478	117,117
1526389456.262488009	144	40	48	0	2	0	2	-67	43568	6	0	1596	1478	117,117
1526389456.274235213	144	40	48	0	2	0	2	-67	43569	6	0	1596	1478	117,117
1526389456.285977977	144	40	48	0	2	0	2	-67	43570	6	0	1596	1478	117,117
1526389456.297753151	144	40	48	0	2	0	2	-67	43571	6	0	1596	1478	117,117
1526389456.309507881	144	40	48	0	2	0	2	-67	43572	6	0	1596	1478	117,117
1526389456.321287769	144	40	48	0	2	0	2	-67	43573	6	0	1596	1478	117,117
1526389456.333015645	144	40	48	0	2	0	2	-67	43574	6	0	1596	1478	117,117
1526389456.344791800	144	40	48	0	2	0	2	-67	43575	6	0	1596	1478	117,117
1526389456.356464470	144	40	48	0	2	0	2	-67	43576	6	0	1596	1478	117,117
1526389456.368297831	144	40	48	0	2	0	2	-67	43577	6	0	1596	1478	117,117
1526389456.379928350	134	40	48	0	2	0	2	-67	43578	7	0	1596	1478	130,130
1526389456.391695796	144	40	48	0	2	0	2	-67	43579	6	0	1596	1478	117,117
1526389456.403593982	144	40	48	0	2	0	2	-67	43580	6	0	1596	1478	117,117
1526389456.415247857	144	40	48	0	2	0	2	-67	43581	6	0	1596	1478	117,117
1526389456.427094585	144	40	48	0	2	0	2	-67	43582	6	0	1596	1478	117,117
1526389456.438764078	134	40	48	0	2	0	2	-67	43583	7	0	1596	1478	130,130
1526389456.450492481	144	40	48	0	2	0	2	-67	43584	6	0	1596	1478	117,117
1526389456.462282135	144	40	48	0	2	0	2	-68	43585	6	0	1596	1478	117,117
1526389456.474158315	144	40	48	0	2	0	2	-68	43586	6	0	1596	1478	117,117
1526389456.485910208	144	40	48	0	2	0	2	-67	43587	6	0	1596	1478	117,117
1526389456.498116060	144	40	48	0	2	0	2	-68	43588	6	0	1596	1478	117,117
1526389456.509408587	144	40	48	0	2	0	2	-68	43589	6	0	1596	1478	117,117
1526389456.521194269	144	40	48	0	2	0	2	-68	43590	6	0	1596	1478	117,117
1526389456.532957498	144	40	48	0	2	0	2	-67	43591	6	0	1596	1478	117,117
1526389456.545349865	144	40	48	0	2	0	2	-67	43593	6	0	1596	1478	117,117
1526389456.556464513	144	40	48	0	2	0	2	-67	43594	6	0	1596	1478	117,117
1526389456.568221381	144	40	48	0	2	0	2	-67	43595	6	0	1596	1478	117,117
1526389456.579967924	144	40	48	0	2	0	2	-67	43596	6	0	1596	1478	117,117
1526389456.591728390	144	40	48	0	2	0	2	-67	43597	6	0	1596	1478	117,117
1526389456.603523760	144	40	48	0	2	0	2	-67	43598	6	0	1596	1478	117,117
1526389456.616105055	144	40	48	0	2	0	2	-67	43599	6	0	1596	1478	117,117
1526389456.627021943	144	40	48	0	2	0	2	-67	43600	6	0	1596	1478	117,117
1526389456.638698374	144	40	48	0	2	0	2	-66	43601	6	0	1596	1478	117,117
1526389456.650934560	144	40	48	0	2	0	2	-67	43602	6	0	1596	1478	117,117
1526389456.662684558	144	40	48	0	2	0	2	-66	43603	6	0	1596	1478	117,117
1526389456.674473006	144	40	48	0	2	0	2	-66	43605	6	0	1596	1478	117,117
1526389456.685820198	144	40	48	0	2	0	2	-66	43606	6	0	1596	1478	117,117
1526389456.697584132	144	40	48	0	2	0	2	-66	43607	6	0	1596	1478	117,117
1526389456.709364322	144	40	48	0	2	0	2	-66	43608	6	0	1596	1478	117,117
1526389456.720967711	144	40	48	0	2	0	2	-66	43609	6	0	1596	1478	117,117
1526389456.732872359	144	40	48	0	2	0	2	-66	43610	6	0	1596	1478	117,117
1526389456.744624817	144	40	48	0	2	0	2	-66	43611	6	0	1596	1478	117,117
1526389456.756374218	144	40	48	0	2	0	2	-67	43612	6	0	1596	1478	117,117
1526389456.768135422	144	40	48	0	2	0	2	-66	43613	6	0	1596	1478	117,117
1526389456.779915503	144	40	48	0	2	0	2	-66	43614	6	0	1596	1478	117,117
1526389456.791665165	144	40	48	0	2	0	2	-67	43615	6	0	1596	1478	117,117
1526389456.803515590	144	40	48	0	2	0	2	-67	43616	6	0	1596	1478	117,117
1526389456.815293264	144	40	48	0	2	0	2	-66	43617	6	0	1596	1478	117,117
1526389456.827062854	134	40	48	0	2	0	2	-65	43618	7	0	1596	1478	130,130
1526389456.838796081	144	40	48	0	2	0	2	-66	43619	6	0	1596	1478	117,117
1526389456.850594152	144	40	48	0	2	0	2	-66	43620	6	0	1596	1478	117,117
1526389456.862352696	144	40	48	0	2	0	2	-66	43621	6	0	1596	1478	117,117
1526389456.874109081	144	40	48	0	2	0	2	-66	43622	6	0	1596	1478	117,117
1526389456.886305971	144	40	48	0	2	0	2	-66	43623	6	0	1596	1478	117,117
1526389456.897526775	144	40	48	0	2	0	2	-67	43624	6	0	1596	1478	117,117
1526389456.909253709	144	40	48	0	2	0	2	-67	43625	6	0	1596	1478	117,117
1526389456.921038149	144	40	48	0	2	0	2	-66	43626	6	0	1596	1478	117,117
1526389456.932812358	144	40	48	0	2	0	2	-67	43627	6	0	1596	1478	117,117
1526389456.944520146	144	40	48	0	2	0	2	-67	43628	6	0	1596	1478	117,117
1526389456.956084975	144	40	48	0	2	0	2	-67	43629	6	0	1596	1478	117,117
1526389456.968102119	144	40	48	0	2	0	2	-67	43630	6	0	1596	1478	117,117
1526389456.979879005	144	40	48	0	2	0	2	-67	43631	6	0	1596	1478	117,117
1526389456.991724633	144	40	48	0	2	0	2	-67	43632	6	0	1596	1478	117,117
1526389457.003481771	144	40	48	0	2	0	2	-67	43633	6	0	1596	1478	117,117
1526389457.015220471	144	40	48	0	2	0	2	-67	43634	6	0	1596	1478	117,117
1526389457.026985190	144	40	48	0	2	0	2	-67	43635	6	0	1596	1478	117,117
1526389457.038662307	144	40	48	0	2	0	2	-67	43636	6	0	1596	1478	117,117
1526389457.050414206	134	40	48	0	2	0	2	-67	43637	7	0	1596	1478	130,130
1526389457.062248226	124	40	48	1	2	0	2	-67	43638	7	0	1596	1478	144,444,144,444
1526389457.075543197	144	40	48	0	2	0	2	-67	43642	6	0	1596	1478	117,117
1526389457.085775827	144	40	48	0	2	0	2	-68	43643	6	0	1596	1478	117,117
1526389457.097561721	144	40	48	0	2	0	2	-67	43644	6	0	1596	1478	117,117
1526389457.109259814	144	40	48	0	2	0	2	-67	43645	6	0	1596	1478	117,117
1526389457.121898705	144	40	48	0	2	0	2	-68	43646	6	0	1596	1478	117,117
1526389457.132886220	144	40	48	0	2	0	2	-68	43647	6	0	1596	1478	117,117
1526389457.144532106	144	40	48	0	2	0	2	-68	43648	6	0	1596	1478	117,117
1526389457.156347202	144	40	48	0	2	0	2	-67	43649	6	0	1596	1478	117,117
1526389457.168107826	134	40	48	0	2	0	2	-67	43650	7	0	1596	1478	130,130
1526389457.179896657	144	40	48	0	2	0	2	-67	43651	6	0	1596	1478	117,117
1526389457.191552534	144	40	48	0	2	0	2	-66	43652	6	0	1596	1478	117,117
1526389457.203295214	144	40	48	0	2	0	2	-67	43653	6	0	1596	1478	117,117
1526389457.215045636	144	40	48	0	2	0	2	-67	43654	6	0	1596	1478	117,117
1526389457.227296858	144	40	48	0	2	0	2	-67	43656	6	0	1596	1478	117,117
1526389457.238666226	144	40	48	0	2	0	2	-67	43657	6	0	1596	1478	117,117
1526389457.250433932	144	40	48	0	2	0	2	-67	43658	6	0	1596	1478	117,117
1526389457.262122034	144	40	48	0	2	0	2	-68	43659	6	0	1596	1478	117,117
1526389457.274969436	144	40	48	0	2	0	2	-67	43661	6	0	1596	1478	117,117
1526389457.286169940	144	40	48	0	2	0	2	-67	43663	6	0	1596	1478	117,117
1526389457.297457249	144	40	48	0	2	0	2	-67	43664	6	0	1596	1478	117,117
1526389457.309243588	144	40	48	0	2	0	2	-67	43665	6	0	1596	1478	117,117
1526389457.321832246	144	40	48	0	2	0	2	-67	43666	6	0	1596	1478	117,117
1526389457.332797628	144	40	48	0	2	0	2	-67	43667	6	0	1596	1478	117,117
1526389457.344860252	144	40	48	0	2	0	2	-67	43669	6	0	1596	1478	117,117
1526389457.357491082	144	40	48	0	2	0	2	-67	43672	6	0	1596	1478	117,117
1526389457.368031917	144	40	48	0	2	0	2	-67	43673	6	0	1596	1478	117,117
1526389457.379790552	144	40	48	0	2	0	2	-67	43674	6	0	1596	1478	117,117
1526389457.392446249	144	40	48	0	2	0	2	-67	43676	6	0	1596	1478	117,117
1526389457.403645720	144	40	48	0	2	0	2	-67	43678	6	0	1596	1478	117,117
1526389457.415367351	144	40	48	0	2	0	2	-67	43679	6	0	1596	1478	117,117
1526389457.427302043	144	40	48	0	2	0	2	-67	43681	6	0	1596	1478	117,117
1526389457.438610846	144	40	48	0	2	0	2	-67	43682	6	0	1596	1478	117,117
1526389457.450284624	144	40	48	0	2	0	2	-67	43683	6	0	1596	1478	117,117
1526389457.462109659	144	40	48	0	2	0	2	-66	43684	6	0	1596	1478	117,117
1526389457.473860653	144	40	48	0	2	0	2	-66	43685	6	0	1596	1478	117,117
1526389457.485626662	144	40	48	0	2	0	2	-66	43686	6	0	1596	1478	117,117
1526389457.497753286	144	40	48	0	2	0	2	-66	43688	6	0	1596	1478	117,117
1526389457.509181037	144	40	48	0	2	0	2	-66	43689	6	0	1596	1478	117,117
1526389457.520953028	144	40	48	0	2	0	2	-66	43690	6	0	1596	1478	117,117
1526389457.532697498	144	40	48	0	2	0	2	-66	43691	6	0	1596	1478	117,117
1526389457.544862520	144	40	48	0	2	0	2	-66	43693	6	0	1596	1478	117,117
1526389457.556658239	144	40	48	0	2	0	2	-66	43694	6	0	1596	1478	117,117
1526389457.567934007	144	40	48	0	2	0	2	-66	43695	6	0	1596	1478	117,117
1526389457.579729669	144	40	48	0	2	0	2	-67	43696	6	0	1596	1478	117,117
1526389457.591484370	144	40	48	0	2	0	2	-67	43697	6	0	1596	1478	117,117
1526389457.603250906	144	40	48	0	2	0	2	-67	43698	6	0	1596	1478	117,117
1526389457.614926202	144	40	48	0	2	0	2	-67	43699	6	0	1596	1478	117,117
1526389457.626752028	144	40	48	0	2	0	2	-67	43700	6	0	1596	1478	117,117
1526389457.638507524	144	40	48	0	2	0	2	-68	43701	6	0	1596	1478	117,117
1526389457.650270197	144	40	48	0	2	0	2	-67	43702	6	0	1596	1478	117,117
1526389457.662849919	144	40	48	0	2	0	2	-68	43705	6	0	1596	1478	117,117
1526389457.674162062	144	40	48	0	2	0	2	-68	43707	6	0	1596	1478	117,117
1526389457.685911041	144	40	48	0	2	0	2	-68	43709	6	0	1596	1478	117,117
1526389457.697323153	144	40	48	0	2	0	2	-68	43710	6	0	1596	1478	117,117
1526389457.709058776	144	40	48	0	2	0	2	-68	43711	6	0	1596	1478	117,117
1526389457.720811227	134	40	48	0	2	0	2	-68	43712	7	0	1596	1478	130,130
1526389457.732621875	144	40	48	0	2	0	2	-68	43713	6	0	1596	1478	117,117
1526389457.744813791	144	40	48	0	2	0	2	-68	43715	6	0	1596	1478	117,117
1526389457.755856818	144	40	48	0	2	0	2	-68	43716	6	0	1596	1478	117,117
1526389457.767863194	144	40	48	0	2	0	2	-68	43717	6	0	1596	1478	117,117
1526389457.780795759	144	40	48	0	2	0	2	-68	43720	6	0	1596	1478	117,117
1526389457.791394164	144	40	48	0	2	0	2	-68	43721	6	0	1596	1478	117,117
1526389457.803150956	144	40	48	0	2	0	2	-68	43722	6	0	1596	1478	117,117
1526389457.814923093	144	40	48	0	2	0	2	-68	43723	6	0	1596	1478	117,117
1526389457.826673036	144	40	48	0	2	0	2	-68	43724	6	0	1596	1478	117,117
1526389457.838787832	144	40	48	0	2	0	2	-67	43725	6	0	1596	1478	117,117
1526389457.850669669	144	40	48	0	2	0	2	-68	43727	6	0	1596	1478	117,117
1526389457.863150198	144	40	48	0	2	0	2	-68	43730	6	0	1596	1478	117,117
1526389457.873635628	144	40	48	0	2	0	2	-68	43731	6	0	1596	1478	117,117
1526389457.885475095	144	40	48	0	2	0	2	-68	43732	6	0	1596	1478	117,117
1526389457.897239938	144	40	48	0	2	0	2	-68	43733	6	0	1596	1478	117,117
1526389457.908994800	144	40	48	0	2	0	2	-67	43734	6	0	1596	1478	117,117
1526389457.920667671	144	40	48	0	2	0	2	-68	43735	6	0	1596	1478	117,117
1526389457.932506523	144	40	48	0	2	0	2	-68	43736	6	0	1596	1478	117,117
1526389457.944139038	134	40	48	0	2	0	2	-68	43737	7	0	1596	1478	130,130
1526389457.956035477	144	40	48	0	2	0	2	-67	43738	6	0	1596	1478	117,117
1526389457.967799692	144	40	48	0	2	0	2	-68	43739	6	0	1596	1478	117,117
1526389457.979560774	144	40	48	0	2	0	2	-67	43740	6	0	1596	1478	117,117
1526389457.991336651	144	40	48	0	2	0	2	-68	43741	6	0	1596	1478	117,117
1526389458.003495721	144	40	48	0	2	0	2	-67	43743	6	0	1596	1478	117,117
1526389458.014827561	144	40	48	0	2	0	2	-68	43744	6	0	1596	1478	117,117
1526389458.026529292	144	40	48	0	2	0	2	-67	43745	6	0	1596	1478	117,117
1526389458.038367641	144	40	48	0	2	0	2	-68	43746	6	0	1596	1478	117,117
1526389458.050124398	144	40	48	0	2	0	2	-67	43747	6	0	1596	1478	117,117
1526389458.061872709	144	40	48	0	2	0	2	-67	43748	6	0	1596	1478	117,117
1526389458.073630893	144	40	48	0	2	0	2	-68	43749	6	0	1596	1478	117,117
1526389458.085386395	144	40	48	0	2	0	2	-68	43750	6	0	1596	1478	117,117
1526389458.097096118	144	40	48	0	2	0	2	-67	43751	6	0	1596	1478	117,117
1526389458.108938004	144	40	48	0	2	0	2	-68	43752	6	0	1596	1478	117,117
1526389458.120687426	144	40	48	0	2	0	2	-67	43753	6	0	1596	1478	117,117
1526389458.132433785	144	40	48	0	2	0	2	-66	43754	6	0	1596	1478	117,117
1526389458.144076142	144	40	48	0	2	0	2	-67	43755	6	0	1596	1478	117,117
1526389458.155902970	144	40	48	0	2	0	2	-67	43756	6	0	1596	1478	117,117
1526389458.167591519	134	40	48	0	2	0	2	-67	43757	7	0	1596	1478	130,130
1526389458.179370637	144	40	48	0	2	0	2	-67	43758	6	0	1596	1478	117,117
1526389458.191116942	144	40	48	0	2	0	2	-67	43759	6	0	1596	1478	117,117
1526389458.202868962	144	40	48	0	2	0	2	-67	43760	6	0	1596	1478	117,117
1526389458.214624918	144	40	48	0	2	0	2	-67	43761	6	0	1596	1478	117,117
1526389458.226378816	134	40	48	0	2	0	2	-68	43762	7	0	1596	1478	130,130
1526389458.238126030	124	40	48	1	2	0	2	-67	43763	7	0	1596	1478	144,444,144,444
1526389458.250203030	124	40	48	1	2	0	2	-67	43765	7	0	1596	1478	144,444,144,444
1526389458.261617989	124	40	48	1	2	0	2	-67	43766	7	0	1596	1478	144,444,144,444
1526389458.273740229	124	40	48	1	2	0	2	-67	43768	7	0	1596	1478	144,444,144,444
1526389458.285866188	124	40	48	1	2	0	2	-67	43770	7	0	1596	1478	144,444,144,444
1526389458.296931678	124	40	48	1	2	0	2	-67	43771	7	0	1596	1478	144,444,144,444
1526389458.308678359	124	40	48	1	2	0	2	-67	43772	7	0	1596	1478	144,444,144,444
1526389458.320679793	124	40	48	1	2	0	2	-68	43774	7	0	1596	1478	144,444,144,444
1526389458.333824833	144	40	48	0	2	0	2	-67	43776	6	0	1596	1478	117,117
1526389458.343987301	144	40	48	0	2	0	2	-66	43777	6	0	1596	1478	117,117
1526389458.355740692	144	40	48	0	2	0	2	-67	43778	6	0	1596	1478	117,117
1526389458.367515201	144	40	48	0	2	0	2	-67	43779	6	0	1596	1478	117,117
1526389458.379273427	144	40	48	0	2	0	2	-67	43780	6	0	1596	1478	117,117
1526389458.391014091	144	40	48	0	2	0	2	-67	43781	6	0	1596	1478	117,117
1526389458.402781200	144	40	48	0	2	0	2	-67	43782	6	0	1596	1478	117,117
1526389458.414551302	144	40	48	0	2	0	2	-67	43783	6	0	1596	1478	117,117
1526389458.426220016	144	40	48	0	2	0	2	-67	43784	6	0	1596	1478	117,117
1526389458.437938654	144	40	48	0	2	0	2	-67	43785	6	0	1596	1478	117,117
1526389458.450226391	144	40	48	0	2	0	2	-67	43787	6	0	1596	1478	117,117
1526389458.461997917	144	40	48	0	2	0	2	-67	43789	6	0	1596	1478	117,117
1526389458.473232968	144	40	48	0	2	0	2	-67	43790	6	0	1596	1478	117,117
1526389458.485098835	144	40	48	0	2	0	2	-66	43791	6	0	1596	1478	117,117
1526389458.497324507	144	40	48	0	2	0	2	-67	43793	6	0	1596	1478	117,117
1526389458.508626328	144	40	48	0	2	0	2	-67	43794	6	0	1596	1478	117,117
1526389458.520406430	144	40	48	0	2	0	2	-67	43795	6	0	1596	1478	117,117
1526389458.532136323	144	40	48	0	2	0	2	-67	43796	6	0	1596	1478	117,117
1526389458.543908809	144	40	48	0	2	0	2	-66	43797	6	0	1596	1478	117,117
1526389458.555928628	144	40	48	0	2	0	2	-67	43798	6	0	1596	1478	117,117
1526389458.567423457	144	40	48	0	2	0	2	-67	43799	6	0	1596	1478	117,117
1526389458.579068402	144	40	48	0	2	0	2	-67	43800	6	0	1596	1478	117,117
1526389458.590948470	144	40	48	0	2	0	2	-67	43801	6	0	1596	1478	117,117
1526389458.602708007	144	40	48	0	2	0	2	-68	43802	6	0	1596	1478	117,117
1526389458.614472165	134	40	48	0	2	0	2	-67	43803	7	0	1596	1478	130,130
1526389458.626158718	144	40	48	0	2	0	2	-68	43804	6	0	1596	1478	117,117
1526389458.637981952	144	40	48	0	2	0	2	-67	43805	6	0	1596	1478	117,117
1526389458.649736658	144	40	48	0	2	0	2	-67	43806	6	0	1596	1478	117,117
1526389458.661503610	144	40	48	0	2	0	2	-67	43807	6	0	1596	1478	117,117
1526389458.673283432	134	40	48	0	2	0	2	-67	43808	7	0	1596	1478	130,130
1526389458.685049485	144	40	48	0	2	0	2	-67	43809	6	0	1596	1478	117,117
1526389458.696849250	144	40	48	0	2	0	2	-67	43810	6	0	1596	1478	117,117
1526389458.708657593	144	40	48	0	2	0	2	-67	43811	6	0	1596	1478	117,117
1526389458.720460991	144	40	48	0	2	0	2	-68	43812	6	0	1596	1478	117,117
1526389458.732604466	144	40	48	0	2	0	2	-68	43813	6	0	1596	1478	117,117
1526389458.743954427	144	40	48	0	2	0	2	-67	43814	6	0	1596	1478	117,117
1526389458.755716116	144	40	48	0	2	0	2	-67	43815	6	0	1596	1478	117,117
1526389458.767756884	144	40	48	0	2	0	2	-67	43817	6	0	1596	1478	117,117
1526389458.779244390	144	40	48	0	2	0	2	-67	43818	6	0	1596	1478	117,117
1526389458.790999847	144	40	48	0	2	0	2	-67	43819	6	0	1596	1478	117,117
1526389458.802765960	144	40	48	0	2	0	2	-66	43820	6	0	1596	1478	117,117
1526389458.814957360	144	40	48	0	2	0	2	-67	43822	6	0	1596	1478	117,117
1526389458.826265005	144	40	48	0	2	0	2	-66	43823	6	0	1596	1478	117,117
1526389458.838039601	144	40	48	0	2	0	2	-67	43824	6	0	1596	1478	117,117
1526389458.849810229	144	40	48	0	2	0	2	-67	43825	6	0	1596	1478	117,117
1526389458.861555456	144	40	48	0	2	0	2	-66	43826	6	0	1596	1478	117,117
1526389458.873320260	144	40	48	0	2	0	2	-67	43827	6	0	1596	1478	117,117
1526389458.885080510	144	40	48	0	2	0	2	-67	43828	6	0	1596	1478	117,117
1526389458.897279477	144	40	48	0	2	0	2	-66	43830	6	0	1596	1478	117,117
1526389458.908432693	144	40	48	0	2	0	2	-67	43831	6	0	1596	1478	117,117
1526389458.920269702	144	40	48	0	2	0	2	-67	43832	6	0	1596	1478	117,117
1526389458.932046529	144	40	48	0	2	0	2	-67	43833	6	0	1596	1478	117,117
1526389458.943776588	144	40	48	0	2	0	2	-67	43834	6	0	1596	1478	117,117
1526389458.955537092	144	40	48	0	2	0	2	-67	43835	6	0	1596	1478	117,117
1526389458.967337153	144	40	48	0	2	0	2	-66	43836	6	0	1596	1478	117,117
1526389458.979151205	144	40	48	0	2	0	2	-67	43837	6	0	1596	1478	117,117
1526389458.990908128	144	40	48	0	2	0	2	-66	43838	6	0	1596	1478	117,117
1526389459.002654904	144	40	48	0	2	0	2	-67	43839	6	0	1596	1478	117,117
1526389459.014450854	144	40	48	0	2	0	2	-66	43840	6	0	1596	1478	117,117
1526389459.026213092	144	40	48	0	2	0	2	-67	43841	6	0	1596	1478	117,117
1526389459.037746792	144	40	48	0	2	0	2	-66	43842	6	0	1596	1478	117,117
1526389459.049702326	144	40	48	0	2	0	2	-67	43843	6	0	1596	1478	117,117
1526389459.061386740	134	40	48	0	2	0	2	-66	43844	7	0	1596	1478	130,130
1526389459.073238136	144	40	48	0	2	0	2	-66	43845	6	0	1596	1478	117,117
1526389459.084983705	144	40	48	0	2	0	2	-67	43846	6	0	1596	1478	117,117
1526389459.096754070	144	40	48	0	2	0	2	-66	43847	6	0	1596	1478	117,117
1526389459.108312062	134	40	48	0	2	0	2	-67	43849	7	0	1596	1478	130,130
1526389459.121425384	124	40	48	1	2	0	2	-66	43850	7	0	1596	1478	144,444,144,444
1526389459.131887874	124	40	48	1	2	0	2	-67	43851	7	0	1596	1478	144,444,144,444
1526389459.143975812	124	40	48	1	2	0	2	-66	43853	7	0	1596	1478	144,444,144,444
1526389459.155452222	124	40	48	1	2	0	2	-67	43854	7	0	1596	1478	144,444,144,444
1526389459.167699413	124	40	48	1	2	0	2	-67	43855	7	0	1596	1478	144,444,144,444
1526389459.179067355	124	40	48	1	2	0	2	-66	43856	7	0	1596	1478	144,444,144,444
1526389459.191964075	124	40	48	1	2	0	2	-66	43859	7	0	1596	1478	144,444,144,444
1526389459.202932159	124	40	48	1	2	0	2	-66	43860	7	0	1596	1478	144,444,144,444
1526389459.214664453	124	40	48	1	2	0	2	-67	43861	7	0	1596	1478	144,444,144,444
1526389459.226029515	124	40	48	1	2	0	2	-66	43862	7	0	1596	1478	144,444,144,444
1526389459.239027484	124	40	48	1	2	0	2	-67	43864	7	0	1596	1478	144,444,144,444
1526389459.251253221	144	40	48	0	2	0	2	-67	43865	6	0	1596	1478	117,117
1526389459.261310671	144	40	48	0	2	0	2	-66	43866	6	0	1596	1478	117,117
1526389459.273176479	144	40	48	0	2	0	2	-67	43867	6	0	1596	1478	117,117
1526389459.284822724	144	40	48	0	2	0	2	-67	43868	6	0	1596	1478	117,117
1526389459.296637404	144	40	48	0	2	0	2	-67	43869	6	0	1596	1478	117,117
1526389459.308816603	144	40	48	0	2	0	2	-67	43871	6	0	1596	1478	117,117
1526389459.320216753	144	40	48	0	2	0	2	-67	43872	6	0	1596	1478	117,117
1526389459.331956888	144	40	48	0	2	0	2	-67	43873	6	0	1596	1478	117,117
1526389459.344123789	144	40	48	0	2	0	2	-67	43875	6	0	1596	1478	117,117
1526389459.355423333	144	40	48	0	2	0	2	-67	43876	6	0	1596	1478	117,117
1526389459.367278188	144	40	48	0	2	0	2	-66	43877	6	0	1596	1478	117,117
1526389459.379453928	144	40	48	0	2	0	2	-67	43879	6	0	1596	1478	117,117
1526389459.391843757	144	40	48	0	2	0	2	-67	43883	6	0	1596	1478	117,117
1526389459.402927504	144	40	48	0	2	0	2	-67	43885	6	0	1596	1478	117,117
1526389459.414280938	144	40	48	0	2	0	2	-67	43886	6	0	1596	1478	117,117
1526389459.425963363	144	40	48	0	2	0	2	-67	43887	6	0	1596	1478	117,117
1526389459.437688540	144	40	48	0	2	0	2	-67	43888	6	0	1596	1478	117,117
1526389459.449469704	144	40	48	0	2	0	2	-66	43889	6	0	1596	1478	117,117
1526389459.461163450	144	40	48	0	2	0	2	-67	43890	6	0	1596	1478	117,117
1526389459.473000796	144	40	48	0	2	0	2	-67	43891	6	0	1596	1478	117,117
1526389459.484836863	144	40	48	0	2	0	2	-67	43892	6	0	1596	1478	117,117
1526389459.496567532	144	40	48	0	2	0	2	-67	43893	6	0	1596	1478	117,117
1526389459.508387790	134	40	48	0	2	0	2	-67	43894	7	0	1596	1478	130,130
1526389459.520166149	144	40	48	0	2	0	2	-67	43895	6	0	1596	1478	117,117
1526389459.531892284	144	40	48	0	2	0	2	-67	43896	6	0	1596	1478	117,117
1526389459.543507837	144	40	48	0	2	0	2	-66	43897	6	0	1596	1478	117,117
1526389459.555168271	144	40	48	0	2	0	2	-67	43898	6	0	1596	1478	117,117
1526389459.567072904	134	40	48	0	2	0	2	-66	43899	7	0	1596	1478	130,130
1526389459.579530264	144	40	48	0	2	0	2	-67	43900	6	0	1596	1478	117,117
1526389459.590666457	144	40	48	0	2	0	2	-67	43901	6	0	1596	1478	117,117
1526389459.602437696	144	40	48	0	2	0	2	-66	43902	6	0	1596	1478	117,117
1526389459.614180016	144	40	48	0	2	0	2	-66	43903	6	0	1596	1478	117,117
1526389459.626408229	144	40	48	0	2	0	2	-67	43904	6	0	1596	1478	117,117
1526389459.637698441	144	40	48	0	2	0	2	-67	43905	6	0	1596	1478	117,117
1526389459.649463058	144	40	48	0	2	0	2	-67	43906	6	0	1596	1478	117,117
1526389459.661240888	144	40	48	0	2	0	2	-67	43907	6	0	1596	1478	117,117
1526389459.672998700	144	40	48	0	2	0	2	-67	43908	6	0	1596	1478	117,117
1526389459.684758802	144	40	48	0	2	0	2	-66	43909	6	0	1596	1478	117,117
1526389459.696506006	144	40	48	0	2	0	2	-67	43910	6	0	1596	1478	117,117
1526389459.708174862	144	40	48	0	2	0	2	-67	43911	6	0	1596	1478	117,117
1526389459.720369790	144	40	48	0	2	0	2	-66	43913	6	0	1596	1478	117,117
1526389459.731772432	144	40	48	0	2	0	2	-67	43914	6	0	1596	1478	117,117
1526389459.743572389	144	40	48	0	2	0	2	-67	43915	6	0	1596	1478	117,117
1526389459.755308264	144	40	48	0	2	0	2	-66	43916	6	0	1596	1478	117,117
1526389459.767065211	144	40	48	0	2	0	2	-67	43917	6	0	1596	1478	117,117
1526389459.778832260	144	40	48	0	2	0	2	-67	43918	6	0	1596	1478	117,117
1526389459.790490344	134	40	48	0	2	0	2	-66	43919	7	0	1596	1478	130,130
1526389459.802346347	144	40	48	0	2	0	2	-67	43920	6	0	1596	1478	117,117
1526389459.814114699	144	40	48	0	2	0	2	-66	43921	6	0	1596	1478	117,117
1526389459.825872606	144	40	48	0	2	0	2	-66	43922	6	0	1596	1478	117,117
1526389459.837516991	144	40	48	0	2	0	2	-66	43923	6	0	1596	1478	117,117
1526389459.849811597	144	40	48	0	2	0	2	-67	43925	6	0	1596	1478	117,117
1526389459.861520432	144	40	48	0	2	0	2	-66	43927	6	0	1596	1478	117,117
1526389459.872758120	144	40	48	0	2	0	2	-67	43928	6	0	1596	1478	117,117
1526389459.884590695	144	40	48	0	2	0	2	-67	43929	6	0	1596	1478	117,117
1526389459.896293725	144	40	48	0	2	0	2	-66	43930	6	0	1596	1478	117,117
1526389459.908103124	144	40	48	0	2	0	2	-67	43931	6	0	1596	1478	117,117
1526389459.919886939	144	40	48	0	2	0	2	-66	43932	6	0	1596	1478	117,117
1526389459.931623181	144	40	48	0	2	0	2	-67	43933	6	0	1596	1478	117,117
1526389459.943380125	144	40	48	0	2	0	2	-67	43934	6	0	1596	1478	117,117
1526389459.955074121	144	40	48	0	2	0	2	-67	43935	6	0	1596	1478	117,117
1526389459.966846782	144	40	48	0	2	0	2	-67	43936	6	0	1596	1478	117,117
1526389459.978603819	144	40	48	0	2	0	2	-67	43937	6	0	1596	1478	117,117
1526389459.990896300	144	40	48	0	2	0	2	-67	43939	6	0	1596	1478	117,117
1526389460.002303714	144	40	48	0	2	0	2	-67	43940	6	0	1596	1478	117,117
1526389460.014511614	144	40	48	0	2	0	2	-67	43942	6	0	1596	1478	117,117
1526389460.025841181	144	40	48	0	2	0	2	-67	43943	6	0	1596	1478	117,117
1526389460.037990641	144	40	48	0	2	0	2	-66	43945	6	0	1596	1478	117,117
1526389460.049628788	144	40	48	0	2	0	2	-67	43947	6	0	1596	1478	117,117
1526389460.061037924	144	40	48	0	2	0	2	-67	43948	6	0	1596	1478	117,117
1526389460.072868583	144	40	48	0	2	0	2	-66	43949	6	0	1596	1478	117,117
1526389460.084622187	144	40	48	0	2	0	2	-67	43950	6	0	1596	1478	117,117
1526389460.096400792	144	40	48	0	2	0	2	-67	43951	6	0	1596	1478	117,117
1526389460.108044780	144	40	48	0	2	0	2	-67	43952	6	0	1596	1478	117,117
1526389460.119832296	144	40	48	0	2	0	2	-66	43953	6	0	1596	1478	117,117
1526389460.131961948	144	40	48	0	2	0	2	-67	43955	6	0	1596	1478	117,117
1526389460.143329852	144	40	48	0	2	0	2	-67	43956	6	0	1596	1478	117,117
1526389460.155207777	144	40	48	0	2	0	2	-67	43957	6	0	1596	1478	117,117
1526389460.166958719	144	40	48	0	2	0	2	-67	43958	6	0	1596	1478	117,117
1526389460.178704865	134	40	48	0	2	0	2	-66	43959	7	0	1596	1478	130,130
1526389460.192033396	144	40	48	0	2	0	2	-67	43961	6	0	1596	1478	117,117
1526389460.202479386	144	40	48	0	2	0	2	-66	43962	6	0	1596	1478	117,117
1526389460.213942014	144	40	48	0	2	0	2	-67	43963	6	0	1596	1478	117,117
1526389460.225519718	144	40	48	0	2	0	2	-67	43964	6	0	1596	1478	117,117
1526389460.237393830	144	40	48	0	2	0	2	-67	43965	6	0	1596	1478	117,117
1526389460.249172233	144	40	48	0	2	0	2	-67	43966	6	0	1596	1478	117,117
1526389460.260880179	144	40	48	0	2	0	2	-67	43967	6	0	1596	1478	117,117
1526389460.272637363	144	40	48	0	2	0	2	-66	43968	6	0	1596	1478	117,117
1526389460.284921585	144	40	48	0	2	0	2	-67	43970	6	0	1596	1478	117,117
1526389460.296519588	144	40	48	0	2	0	2	-67	43971	6	0	1596	1478	117,117
1526389460.308032680	144	40	48	0	2	0	2	-67	43972	6	0	1596	1478	117,117
1526389460.319824360	144	40	48	0	2	0	2	-67	43973	6	0	1596	1478	117,117
1526389460.331556841	144	40	48	0	2	0	2	-67	43974	6	0	1596	1478	117,117
1526389460.343233212	144	40	48	0	2	0	2	-67	43975	6	0	1596	1478	117,117
1526389460.355100959	144	40	48	0	2	0	2	-67	43976	6	0	1596	1478	117,117
1526389460.366681762	144	40	48	0	2	0	2	-67	43977	6	0	1596	1478	117,117
1526389460.378524743	144	40	48	0	2	0	2	-67	43978	6	0	1596	1478	117,117
1526389460.390291318	144	40	48	0	2	0	2	-67	43979	6	0	1596	1478	117,117
1526389460.402097687	144	40	48	0	2	0	2	-67	43980	6	0	1596	1478	117,117
1526389460.413746716	144	40	48	0	2	0	2	-67	43981	6	0	1596	1478	117,117
1526389460.425672155	144	40	48	0	2	0	2	-67	43982	6	0	1596	1478	117,117
1526389460.437409899	144	40	48	0	2	0	2	-66	43983	6	0	1596	1478	117,117
1526389460.449543243	144	40	48	0	2	0	2	-67	43985	6	0	1596	1478	117,117
1526389460.460915700	144	40	48	0	2	0	2	-67	43986	6	0	1596	1478	117,117
1526389460.472672429	144	40	48	0	2	0	2	-67	43987	6	0	1596	1478	117,117
1526389460.484333465	144	40	48	0	2	0	2	-67	43988	6	0	1596	1478	117,117
1526389460.496084482	144	40	48	0	2	0	2	-67	43989	6	0	1596	1478	117,117
1526389460.507945003	144	40	48	0	2	0	2	-67	43990	6	0	1596	1478	117,117
1526389460.519753067	144	40	48	0	2	0	2	-67	43991	6	0	1596	1478	117,117
1526389460.531457500	144	40	48	0	2	0	2	-67	43992	6	0	1596	1478	117,117
1526389460.543094798	144	40	48	0	2	0	2	-67	43993	6	0	1596	1478	117,117
1526389460.554902286	144	40	48	0	2	0	2	-67	43994	6	0	1596	1478	117,117
1526389460.566571199	144	40	48	0	2	0	2	-67	43995	6	0	1596	1478	117,117
1526389460.578542969	144	40	48	0	2	0	2	-67	43996	6	0	1596	1478	117,117
1526389460.590276222	144	40	48	0	2	0	2	-67	43997	6	0	1596	1478	117,117
1526389460.601911374	144	40	48	0	2	0	2	-67	43998	6	0	1596	1478	117,117
1526389460.614232278	144	40	48	0	2	0	2	-67	44000	6	0	1596	1478	117,117
1526389460.625558682	144	40	48	0	2	0	2	-67	44001	6	0	1596	1478	117,117
1526389460.637303812	144	40	48	0	2	0	2	-67	44002	6	0	1596	1478	117,117
1526389460.649067745	144	40	48	0	2	0	2	-67	44003	6	0	1596	1478	117,117
1526389460.660844117	144	40	48	0	2	0	2	-67	44004	6	0	1596	1478	117,117
1526389460.672597868	144	40	48	0	2	0	2	-67	44005	6	0	1596	1478	117,117
1526389460.684367229	144	40	48	0	2	0	2	-67	44006	6	0	1596	1478	117,117
1526389460.696104917	144	40	48	0	2	0	2	-67	44007	6	0	1596	1478	117,117
1526389460.707874549	144	40	48	0	2	0	2	-67	44008	6	0	1596	1478	117,117
1526389460.719574937	144	40	48	0	2	0	2	-67	44009	6	0	1596	1478	117,117
1526389460.731396457	144	40	48	0	2	0	2	-67	44010	6	0	1596	1478	117,117
1526389460.743159135	144	40	48	0	2	0	2	-67	44011	6	0	1596	1478	117,117
1526389460.754870878	144	40	48	0	2	0	2	-67	44012	6	0	1596	1478	117,117
1526389460.767048483	144	40	48	0	2	0	2	-67	44014	6	0	1596	1478	117,117
1526389460.778901941	144	40	48	0	2	0	2	-67	44016	6	0	1596	1478	117,117
1526389460.790118453	144	40	48	0	2	0	2	-67	44017	6	0	1596	1478	117,117
1526389460.801944711	144	40	48	0	2	0	2	-67	44018	6	0	1596	1478	117,117
1526389460.813738331	144	40	48	0	2	0	2	-67	44019	6	0	1596	1478	117,117
1526389460.825464566	144	40	48	0	2	0	2	-67	44020	6	0	1596	1478	117,117
1526389460.837240835	144	40	48	0	2	0	2	-67	44021	6	0	1596	1478	117,117
1526389460.848979169	144	40	48	0	2	0	2	-67	44022	6	0	1596	1478	117,117
1526389460.860668684	144	40	48	0	2	0	2	-67	44023	6	0	1596	1478	117,117
1526389460.872365631	144	40	48	0	2	0	2	-68	44024	6	0	1596	1478	117,117
1526389460.884183705	144	40	48	0	2	0	2	-67	44025	6	0	1596	1478	117,117
1526389460.895949467	144	40	48	0	2	0	2	-67	44026	6	0	1596	1478	117,117
1526389460.907706216	144	40	48	0	2	0	2	-66	44027	6	0	1596	1478	117,117
1526389460.919468755	144	40	48	0	2	0	2	-67	44028	6	0	1596	1478	117,117
1526389460.931219165	144	40	48	0	2	0	2	-68	44029	6	0	1596	1478	117,117
1526389460.942939169	134	40	48	0	2	0	2	-68	44030	7	0	1596	1478	130,130
1526389460.954749454	144	40	48	0	2	0	2	-67	44031	6	0	1596	1478	117,117
1526389460.966842335	144	40	48	0	2	0	2	-67	44033	6	0	1596	1478	117,117
1526389460.978270945	144	40	48	0	2	0	2	-67	44034	6	0	1596	1478	117,117
1526389460.989947825	144	40	48	0	2	0	2	-67	44035	6	0	1596	1478	117,117
1526389461.001841434	134	40	48	0	2	0	2	-67	44036	7	0	1596	1478	130,130
1526389461.013512095	144	40	48	0	2	0	2	-67	44037	6	0	1596	1478	117,117
1526389461.025825412	144	40	48	0	2	0	2	-67	44039	6	0	1596	1478	117,117
1526389461.037138603	144	40	48	0	2	0	2	-67	44040	6	0	1596	1478	117,117
1526389461.048830675	144	40	48	0	2	0	2	-67	44041	6	0	1596	1478	117,117
1526389461.060551436	134	40	48	0	2	0	2	-67	44042	7	0	1596	1478	130,130
1526389461.072491202	144	40	48	0	2	0	2	-67	44043	6	0	1596	1478	117,117
1526389461.084244021	144	40	48	0	2	0	2	-68	44044	6	0	1596	1478	117,117
1526389461.095854512	144	40	48	0	2	0	2	-67	44045	6	0	1596	1478	117,117
1526389461.107595399	144	40	48	0	2	0	2	-67	44046	6	0	1596	1478	117,117
1526389461.119216815	134	40	48	0	2	0	2	-68	44047	7	0	1596	1478	130,130
1526389461.131112309	144	40	48	0	2	0	2	-67	44048	6	0	1596	1478	117,117
1526389461.142777072	144	40	48	0	2	0	2	-67	44049	6	0	1596	1478	117,117
1526389461.154621151	144	40	48	0	2	0	2	-68	44050	6	0	1596	1478	117,117
1526389461.166339246	144	40	48	0	2	0	2	-67	44051	6	0	1596	1478	117,117
1526389461.178117954	134	40	48	0	2	0	2	-67	44052	7	0	1596	1478	130,130
1526389461.191535727	144	40	48	0	2	0	2	-68	44053	6	0	1596	1478	117,117
1526389461.201661776	144	40	48	0	2	0	2	-67	44054	6	0	1596	1478	117,117
1526389461.213907356	144	40	48	0	2	0	2	-67	44056	6	0	1596	1478	117,117
1526389461.225201033	144	40	48	0	2	0	2	-67	44057	6	0	1596	1478	117,117
1526389461.237026184	144	40	48	0	2	0	2	-68	44058	6	0	1596	1478	117,117
1526389461.248820537	144	40	48	0	2	0	2	-67	44059	6	0	1596	1478	117,117
1526389461.260593422	144	40	48	0	2	0	2	-67	44060	6	0	1596	1478	117,117
1526389461.272339705	144	40	48	0	2	0	2	-67	44061	6	0	1596	1478	117,117
1526389461.284549572	144	40	48	0	2	0	2	-68	44062	6	0	1596	1478	117,117
1526389461.295871402	144	40	48	0	2	0	2	-67	44063	6	0	1596	1478	117,117
1526389461.307624773	144	40	48	0	2	0	2	-68	44064	6	0	1596	1478	117,117
1526389461.319408317	144	40	48	0	2	0	2	-67	44065	6	0	1596	1478	117,117
1526389461.331165430	144	40	48	0	2	0	2	-68	44066	6	0	1596	1478	117,117
1526389461.342854439	144	40	48	0	2	0	2	-67	44067	6	0	1596	1478	117,117
1526389461.354686590	144	40	48	0	2	0	2	-68	44068	6	0	1596	1478	117,117
1526389461.366434398	144	40	48	0	2	0	2	-67	44069	6	0	1596	1478	117,117
1526389461.378203669	144	40	48	0	2	0	2	-68	44070	6	0	1596	1478	117,117
1526389461.389938999	144	40	48	0	2	0	2	-67	44071	6	0	1596	1478	117,117
1526389461.401730376	144	40	48	0	2	0	2	-67	44072	6	0	1596	1478	117,117
1526389461.413503029	144	40	48	0	2	0	2	-67	44073	6	0	1596	1478	117,117
1526389461.425233854	144	40	48	0	2	0	2	-67	44074	6	0	1596	1478	117,117
1526389461.437001150	144	40	48	0	2	0	2	-67	44075	6	0	1596	1478	117,117
1526389461.449156641	144	40	48	0	2	0	2	-67	44076	6	0	1596	1478	117,117
1526389461.460506957	144	40	48	0	2	0	2	-68	44077	6	0	1596	1478	117,117
1526389461.472278492	144	40	48	0	2	0	2	-67	44078	6	0	1596	1478	117,117
1526389461.484032750	144	40	48	0	2	0	2	-67	44079	6	0	1596	1478	117,117
1526389461.495757196	144	40	48	0	2	0	2	-68	44080	6	0	1596	1478	117,117
1526389461.507413217	144	40	48	0	2	0	2	-67	44081	6	0	1596	1478	117,117
1526389461.519210368	144	40	48	0	2	0	2	-67	44082	6	0	1596	1478	117,117
1526389461.531062997	144	40	48	0	2	0	2	-67	44083	6	0	1596	1478	117,117
1526389461.542709497	144	40	48	0	2	0	2	-67	44084	6	0	1596	1478	117,117
1526389461.555010889	144	40	48	0	2	0	2	-68	44086	6	0	1596	1478	117,117
1526389461.566346511	144	40	48	0	2	0	2	-68	44087	6	0	1596	1478	117,117
1526389461.578094891	144	40	48	0	2	0	2	-68	44088	6	0	1596	1478	117,117
1526389461.589873358	144	40	48	0	2	0	2	-67	44089	6	0	1596	1478	117,117
1526389461.602414318	134	40	48	0	2	0	2	-68	44092	7	0	1596	1478	130,130
1526389461.613407665	144	40	48	0	2	0	2	-68	44093	6	0	1596	1478	117,117
1526389461.625165291	144	40	48	0	2	0	2	-67	44094	6	0	1596	1478	117,117
1526389461.636922825	144	40	48	0	2	0	2	-67	44095	6	0	1596	1478	117,117
1526389461.648581454	144	40	48	0	2	0	2	-67	44096	6	0	1596	1478	117,117
1526389461.661258280	144	40	48	0	2	0	2	-67	44098	6	0	1596	1478	117,117
1526389461.672184536	144	40	48	0	2	0	2	-67	44099	6	0	1596	1478	117,117
1526389461.683961349	144	40	48	0	2	0	2	-67	44100	6	0	1596	1478	117,117
1526389461.695724267	144	40	48	0	2	0	2	-67	44101	6	0	1596	1478	117,117
1526389461.707479949	144	40	48	0	2	0	2	-67	44102	6	0	1596	1478	117,117
1526389461.719257119	144	40	48	0	2	0	2	-67	44103	6	0	1596	1478	117,117
1526389461.731004737	144	40	48	0	2	0	2	-68	44104	6	0	1596	1478	117,117
1526389461.742756104	144	40	48	0	2	0	2	-68	44105	6	0	1596	1478	117,117
1526389461.754526061	144	40	48	0	2	0	2	-67	44106	6	0	1596	1478	117,117
1526389461.766267438	144	40	48	0	2	0	2	-67	44107	6	0	1596	1478	117,117
1526389461.778014563	144	40	48	0	2	0	2	-67	44108	6	0	1596	1478	117,117
1526389461.789800646	144	40	48	0	2	0	2	-68	44109	6	0	1596	1478	117,117
1526389461.801562039	144	40	48	0	2	0	2	-67	44110	6	0	1596	1478	117,117
1526389461.813309324	144	40	48	0	2	0	2	-67	44111	6	0	1596	1478	117,117
1526389461.825372098	144	40	48	0	2	0	2	-67	44112	6	0	1596	1478	117,117
1526389461.836737537	144	40	48	0	2	0	2	-68	44113	6	0	1596	1478	117,117
1526389461.848452896	144	40	48	0	2	0	2	-67	44114	6	0	1596	1478	117,117
1526389461.860641146	144	40	48	0	2	0	2	-67	44116	6	0	1596	1478	117,117
1526389461.872019073	144	40	48	0	2	0	2	-67	44117	6	0	1596	1478	117,117
1526389461.883788775	144	40	48	0	2	0	2	-67	44118	6	0	1596	1478	117,117
1526389461.895542777	144	40	48	0	2	0	2	-67	44119	6	0	1596	1478	117,117
1526389461.907303187	144	40	48	0	2	0	2	-67	44120	6	0	1596	1478	117,117
1526389461.918948812	144	40	48	0	2	0	2	-68	44121	6	0	1596	1478	117,117
1526389461.930805384	144	40	48	0	2	0	2	-68	44122	6	0	1596	1478	117,117
1526389461.942591126	144	40	48	0	2	0	2	-67	44123	6	0	1596	1478	117,117
1526389461.954352492	144	40	48	0	2	0	2	-67	44124	6	0	1596	1478	117,117
1526389461.966120713	144	40	48	0	2	0	2	-68	44125	6	0	1596	1478	117,117
1526389461.977861511	144	40	48	0	2	0	2	-67	44126	6	0	1596	1478	117,117
1526389461.990305006	144	40	48	0	2	0	2	-67	44128	6	0	1596	1478	117,117
1526389462.001304278	144	40	48	0	2	0	2	-68	44129	6	0	1596	1478	117,117
1526389462.013085300	144	40	48	0	2	0	2	-68	44130	6	0	1596	1478	117,117
1526389462.024985140	144	40	48	0	2	0	2	-68	44131	6	0	1596	1478	117,117
1526389462.037144393	144	40	48	0	2	0	2	-68	44132	6	0	1596	1478	117,117
1526389462.048519286	144	40	48	0	2	0	2	-67	44133	6	0	1596	1478	117,117
1526389462.060757658	144	40	48	0	2	0	2	-68	44135	6	0	1596	1478	117,117
1526389462.071850623	144	40	48	0	2	0	2	-67	44136	6	0	1596	1478	117,117
1526389462.083601778	144	40	48	0	2	0	2	-68	44137	6	0	1596	1478	117,117
1526389462.095523427	144	40	48	0	2	0	2	-67	44138	6	0	1596	1478	117,117
1526389462.107317600	144	40	48	0	2	0	2	-68	44139	6	0	1596	1478	117,117
1526389462.119056371	144	40	48	0	2	0	2	-67	44140	6	0	1596	1478	117,117
1526389462.130845222	144	40	48	0	2	0	2	-67	44141	6	0	1596	1478	117,117
1526389462.142487749	144	40	48	0	2	0	2	-67	44142	6	0	1596	1478	117,117
1526389462.154783994	134	40	48	0	2	0	2	-68	44143	7	0	1596	1478	130,130
1526389462.166030719	144	40	48	0	2	0	2	-68	44144	6	0	1596	1478	117,117
1526389462.177842751	144	40	48	0	2	0	2	-68	44145	6	0	1596	1478	117,117
1526389462.189633606	144	40	48	0	2	0	2	-68	44146	6	0	1596	1478	117,117
1526389462.201376656	144	40	48	0	2	0	2	-67	44147	6	0	1596	1478	117,117
1526389462.213591631	144	40	48	0	2	0	2	-67	44148	6	0	1596	1478	117,117
1526389462.224904496	144	40	48	0	2	0	2	-67	44149	6	0	1596	1478	117,117
1526389462.236669924	144	40	48	0	2	0	2	-68	44150	6	0	1596	1478	117,117
1526389462.248442769	144	40	48	0	2	0	2	-67	44151	6	0	1596	1478	117,117
1526389462.260173272	144	40	48	0	2	0	2	-67	44152	6	0	1596	1478	117,117
1526389462.271935385	144	40	48	0	2	0	2	-67	44153	6	0	1596	1478	117,117
1526389462.283719575	144	40	48	0	2	0	2	-67	44154	6	0	1596	1478	117,117
1526389462.295465287	144	40	48	0	2	0	2	-67	44155	6	0	1596	1478	117,117
1526389462.307224457	144	40	48	0	2	0	2	-68	44156	6	0	1596	1478	117,117
1526389462.318876622	144	40	48	0	2	0	2	-67	44157	6	0	1596	1478	117,117
1526389462.330767756	144	40	48	0	2	0	2	-68	44158	6	0	1596	1478	117,117
1526389462.342520840	144	40	48	0	2	0	2	-68	44159	6	0	1596	1478	117,117
1526389462.354286488	144	40	48	0	2	0	2	-67	44160	6	0	1596	1478	117,117
1526389462.366038046	144	40	48	0	2	0	2	-67	44161	6	0	1596	1478	117,117
1526389462.377768666	134	40	48	0	2	0	2	-67	44162	7	0	1596	1478	130,130
1526389462.389574075	144	40	48	0	2	0	2	-67	44163	6	0	1596	1478	117,117
1526389462.401315404	144	40	48	0	2	0	2	-67	44164	6	0	1596	1478	117,117
1526389462.413082727	144	40	48	0	2	0	2	-67	44165	6	0	1596	1478	117,117
1526389462.424839830	144	40	48	0	2	0	2	-67	44166	6	0	1596	1478	117,117
1526389462.436580909	134	40	48	0	2	0	2	-67	44167	7	0	1596	1478	130,130
1526389462.448349547	144	40	48	0	2	0	2	-68	44168	6	0	1596	1478	117,117
1526389462.460102795	144	40	48	0	2	0	2	-67	44169	6	0	1596	1478	117,117
1526389462.471882285	144	40	48	0	2	0	2	-68	44170	6	0	1596	1478	117,117
1526389462.483631185	144	40	48	0	2	0	2	-67	44171	6	0	1596	1478	117,117
1526389462.495369547	134	40	48	0	2	0	2	-68	44172	7	0	1596	1478	130,130
1526389462.508726549	144	40	48	0	2	0	2	-67	44173	6	0	1596	1478	117,117
1526389462.518929818	144	40	48	0	2	0	2	-67	44174	6	0	1596	1478	117,117
1526389462.530547067	144	40	48	0	2	0	2	-68	44175	6	0	1596	1478	117,117
1526389462.542280185	144	40	48	0	2	0	2	-68	44176	6	0	1596	1478	117,117
1526389462.554138893	144	40	48	0	2	0	2	-68	44177	6	0	1596	1478	117,117
1526389462.565952411	144	40	48	0	2	0	2	-67	44178	6	0	1596	1478	117,117
1526389462.577695185	144	40	48	0	2	0	2	-67	44179	6	0	1596	1478	117,117
1526389462.589870419	144	40	48	0	2	0	2	-68	44181	6	0	1596	1478	117,117
1526389462.601230617	134	40	48	0	2	0	2	-67	44182	7	0	1596	1478	130,130
1526389462.612925812	144	40	48	0	2	0	2	-67	44183	6	0	1596	1478	117,117
1526389462.624763393	144	40	48	0	2	0	2	-68	44184	6	0	1596	1478	117,117
1526389462.636526209	144	40	48	0	2	0	2	-68	44185	6	0	1596	1478	117,117
1526389462.648264010	144	40	48	0	2	0	2	-68	44186	6	0	1596	1478	117,117
1526389462.660003189	134	40	48	0	2	0	2	-68	44187	7	0	1596	1478	130,130
1526389462.671807282	144	40	48	0	2	0	2	-67	44188	6	0	1596	1478	117,117
1526389462.683559491	144	40	48	0	2	0	2	-67	44189	6	0	1596	1478	117,117
1526389462.695330025	144	40	48	0	2	0	2	-67	44190	6	0	1596	1478	117,117
1526389462.706998767	144	40	48	0	2	0	2	-68	44191	6	0	1596	1478	117,117
1526389462.718845883	134	40	48	0	2	0	2	-67	44192	7	0	1596	1478	130,130
1526389462.730599698	144	40	48	0	2	0	2	-67	44193	6	0	1596	1478	117,117
1526389462.742362212	144	40	48	0	2	0	2	-67	44194	6	0	1596	1478	117,117
1526389462.754369290	144	40	48	0	2	0	2	-67	44195	6	0	1596	1478	117,117
1526389462.765781336	144	40	48	0	2	0	2	-67	44196	6	0	1596	1478	117,117
1526389462.778026353	144	40	48	0	2	0	2	-68	44197	6	0	1596	1478	117,117
1526389462.789389859	144	40	48	0	2	0	2	-68	44198	6	0	1596	1478	117,117
1526389462.801064146	144	40	48	0	2	0	2	-67	44199	6	0	1596	1478	117,117
1526389462.812827675	144	40	48	0	2	0	2	-67	44200	6	0	1596	1478	117,117
1526389462.824603379	144	40	48	0	2	0	2	-68	44201	6	0	1596	1478	117,117
1526389462.836344142	144	40	48	0	2	0	2	-67	44202	6	0	1596	1478	117,117
1526389462.848454034	144	40	48	0	2	0	2	-67	44204	6	0	1596	1478	117,117
1526389462.859872480	144	40	48	0	2	0	2	-67	44205	6	0	1596	1478	117,117
1526389462.871621545	144	40	48	0	2	0	2	-67	44206	6	0	1596	1478	117,117
1526389462.883395350	144	40	48	0	2	0	2	-67	44207	6	0	1596	1478	117,117
1526389462.895137854	144	40	48	0	2	0	2	-67	44208	6	0	1596	1478	117,117
1526389462.906908313	144	40	48	0	2	0	2	-67	44209	6	0	1596	1478	117,117
1526389462.918601899	144	40	48	0	2	0	2	-68	44210	6	0	1596	1478	117,117
1526389462.930392941	144	40	48	0	2	0	2	-67	44211	6	0	1596	1478	117,117
1526389462.942548713	144	40	48	0	2	0	2	-67	44213	6	0	1596	1478	117,117
1526389462.954278245	144	40	48	0	2	0	2	-67	44214	6	0	1596	1478	117,117
1526389462.966121303	144	40	48	0	2	0	2	-67	44216	6	0	1596	1478	117,117
1526389462.977462322	144	40	48	0	2	0	2	-68	44217	6	0	1596	1478	117,117
1526389462.989229423	144	40	48	0	2	0	2	-67	44218	6	0	1596	1478	117,117
1526389463.000994167	144	40	48	0	2	0	2	-67	44219	6	0	1596	1478	117,117
1526389463.012631574	144	40	48	0	2	0	2	-68	44220	6	0	1596	1478	117,117
1526389463.024389734	144	40	48	0	2	0	2	-68	44221	6	0	1596	1478	117,117
1526389463.036436833	144	40	48	0	2	0	2	-67	44223	6	0	1596	1478	117,117
1526389463.047739933	144	40	48	0	2	0	2	-67	44224	6	0	1596	1478	117,117
1526389463.059829632	144	40	48	0	2	0	2	-67	44225	6	0	1596	1478	117,117
1526389463.071622720	144	40	48	0	2	0	2	-67	44226	6	0	1596	1478	117,117
1526389463.083378022	144	40	48	0	2	0	2	-67	44227	6	0	1596	1478	117,117
1526389463.095147247	144	40	48	0	2	0	2	-68	44228	6	0	1596	1478	117,117
1526389463.107299808	144	40	48	0	2	0	2	-68	44229	6	0	1596	1478	117,117
1526389463.118679037	144	40	48	0	2	0	2	-68	44230	6	0	1596	1478	117,117
1526389463.130422514	144	40	48	0	2	0	2	-68	44231	6	0	1596	1478	117,117
1526389463.142095593	144	40	48	0	2	0	2	-67	44232	6	0	1596	1478	117,117
1526389463.153849379	144	40	48	0	2	0	2	-68	44233	6	0	1596	1478	117,117
1526389463.165705144	144	40	48	0	2	0	2	-67	44234	6	0	1596	1478	117,117
1526389463.177465682	144	40	48	0	2	0	2	-67	44235	6	0	1596	1478	117,117
1526389463.189273691	144	40	48	0	2	0	2	-68	44236	6	0	1596	1478	117,117
1526389463.200875185	144	40	48	0	2	0	2	-68	44237	6	0	1596	1478	117,117
1526389463.212744951	144	40	48	0	2	0	2	-67	44238	6	0	1596	1478	117,117
1526389463.224507495	144	40	48	0	2	0	2	-67	44239	6	0	1596	1478	117,117
1526389463.236261890	144	40	48	0	2	0	2	-67	44240	6	0	1596	1478	117,117
1526389463.247941676	144	40	48	0	2	0	2	-67	44241	6	0	1596	1478	117,117
1526389463.259783899	144	40	48	0	2	0	2	-68	44242	6	0	1596	1478	117,117
1526389463.271543097	134	40	48	0	2	0	2	-67	44243	7	0	1596	1478	130,130
1526389463.283329071	144	40	48	0	2	0	2	-68	44244	6	0	1596	1478	117,117
1526389463.295059805	144	40	48	0	2	0	2	-67	44245	6	0	1596	1478	117,117
1526389463.306820265	144	40	48	0	2	0	2	-68	44246	6	0	1596	1478	117,117
1526389463.318592676	144	40	48	0	2	0	2	-67	44247	6	0	1596	1478	117,117
1526389463.330749838	144	40	48	0	2	0	2	-67	44249	6	0	1596	1478	117,117
1526389463.342111240	144	40	48	0	2	0	2	-68	44250	6	0	1596	1478	117,117
1526389463.354647150	144	40	48	0	2	0	2	-68	44252	6	0	1596	1478	117,117
1526389463.365624989	144	40	48	0	2	0	2	-68	44253	6	0	1596	1478	117,117
1526389463.377393932	144	40	48	0	2	0	2	-68	44254	6	0	1596	1478	117,117
1526389463.389142064	144	40	48	0	2	0	2	-67	44255	6	0	1596	1478	117,117
1526389463.400918615	144	40	48	0	2	0	2	-67	44256	6	0	1596	1478	117,117
1526389463.412668379	144	40	48	0	2	0	2	-68	44257	6	0	1596	1478	117,117
1526389463.424459956	144	40	48	0	2	0	2	-68	44258	6	0	1596	1478	117,117
1526389463.436176821	144	40	48	0	2	0	2	-68	44259	6	0	1596	1478	117,117
1526389463.447942280	144	40	48	0	2	0	2	-68	44260	6	0	1596	1478	117,117
1526389463.459679588	144	40	48	0	2	0	2	-67	44261	6	0	1596	1478	117,117
1526389463.471459329	144	40	48	0	2	0	2	-68	44262	6	0	1596	1478	117,117
1526389463.483225272	144	40	48	0	2	0	2	-68	44263	6	0	1596	1478	117,117
1526389463.494971181	134	40	48	0	2	0	2	-67	44264	7	0	1596	1478	130,130
1526389463.508340622	144	40	48	0	2	0	2	-67	44265	6	0	1596	1478	117,117
1526389463.518527880	144	40	48	0	2	0	2	-68	44266	6	0	1596	1478	117,117
1526389463.530197626	144	40	48	0	2	0	2	-68	44267	6	0	1596	1478	117,117
1526389463.542014973	144	40	48	0	2	0	2	-67	44268	6	0	1596	1478	117,117
1526389463.553704981	144	40	48	0	2	0	2	-67	44269	6	0	1596	1478	117,117
1526389463.565404336	144	40	48	0	2	0	2	-67	44270	6	0	1596	1478	117,117
1526389463.577291905	144	40	48	0	2	0	2	-68	44271	6	0	1596	1478	117,117
1526389463.589067280	144	40	48	0	2	0	2	-67	44272	6	0	1596	1478	117,117
1526389463.601222734	144	40	48	0	2	0	2	-67	44274	6	0	1596	1478	117,117
1526389463.612520568	144	40	48	0	2	0	2	-67	44275	6	0	1596	1478	117,117
1526389463.624349999	144	40	48	0	2	0	2	-67	44276	6	0	1596	1478	117,117
1526389463.636112986	144	40	48	0	2	0	2	-68	44277	6	0	1596	1478	117,117
1526389463.647722713	144	40	48	0	2	0	2	-68	44278	6	0	1596	1478	117,117
1526389463.659489033	144	40	48	0	2	0	2	-67	44279	6	0	1596	1478	117,117
1526389463.671389665	144	40	48	0	2	0	2	-68	44280	6	0	1596	1478	117,117
1526389463.683110601	144	40	48	0	2	0	2	-67	44281	6	0	1596	1478	117,117
1526389463.694914544	144	40	48	0	2	0	2	-68	44282	6	0	1596	1478	117,117
1526389463.706680021	144	40	48	0	2	0	2	-68	44283	6	0	1596	1478	117,117
1526389463.718450748	144	40	48	0	2	0	2	-68	44284	6	0	1596	1478	117,117
1526389463.730549699	144	40	48	0	2	0	2	-67	44286	6	0	1596	1478	117,117
1526389463.742407354	144	40	48	0	2	0	2	-68	44288	6	0	1596	1478	117,117
1526389463.753692951	144	40	48	0	2	0	2	-67	44289	6	0	1596	1478	117,117
1526389463.765443316	134	40	48	0	2	0	2	-67	44290	7	0	1596	1478	130,130
1526389463.777917232	144	40	48	0	2	0	2	-67	44291	6	0	1596	1478	117,117
1526389463.788925425	144	40	48	0	2	0	2	-68	44292	6	0	1596	1478	117,117
1526389463.800659775	144	40	48	0	2	0	2	-67	44293	6	0	1596	1478	117,117
1526389463.812494775	144	40	48	0	2	0	2	-67	44294	6	0	1596	1478	117,117
1526389463.824645672	144	40	48	0	2	0	2	-67	44295	6	0	1596	1478	117,117
1526389463.835938445	144	40	48	0	2	0	2	-67	44296	6	0	1596	1478	117,117
1526389463.847790684	144	40	48	0	2	0	2	-67	44297	6	0	1596	1478	117,117
1526389463.859560154	144	40	48	0	2	0	2	-67	44298	6	0	1596	1478	117,117
1526389463.871318891	144	40	48	0	2	0	2	-67	44299	6	0	1596	1478	117,117
1526389463.883087190	144	40	48	0	2	0	2	-68	44300	6	0	1596	1478	117,117
1526389463.894806013	144	40	48	0	2	0	2	-67	44301	6	0	1596	1478	117,117
1526389463.906586037	144	40	48	0	2	0	2	-68	44302	6	0	1596	1478	117,117
