1526389496.491932475	158	40	48	0	2	0	2	-70	44354	5	0	1596	1478	104,104
1526389496.500612650	158	40	48	0	2	0	2	-70	44355	5	0	1596	1478	104,104
1526389496.512436257	158	40	48	0	2	0	2	-70	44356	5	0	1596	1478	104,104
1526389496.524233504	158	40	48	0	2	0	2	-70	44357	5	0	1596	1478	104,104
1526389496.536049222	144	40	48	0	2	0	2	-70	44358	6	0	1596	1478	117,117
1526389496.547849448	144	40	48	0	2	0	2	-70	44359	6	0	1596	1478	117,117
1526389496.559663472	144	40	48	0	2	0	2	-70	44360	6	0	1596	1478	117,117
1526389496.571355447	144	40	48	0	2	0	2	-70	44361	6	0	1596	1478	117,117
1526389496.583190058	144	40	48	0	2	0	2	-70	44362	6	0	1596	1478	117,117
1526389496.594839382	124	40	48	1	2	0	2	-70	44363	7	0	1596	1478	144,444,144,444
1526389496.606676433	124	40	48	1	2	0	2	-70	44364	7	0	1596	1478	144,444,144,444
1526389496.618491083	124	40	48	1	2	0	2	-70	44365	7	0	1596	1478	144,444,144,444
1526389496.630096368	124	40	48	1	2	0	2	-70	44366	7	0	1596	1478	144,444,144,444
1526389496.641796221	124	40	48	1	2	0	2	-70	44367	7	0	1596	1478	144,444,144,444
1526389496.653609658	110	40	48	1	2	0	2	-70	44368	8	0	1596	1478	173,333,173,333
1526389496.665313180	110	40	48	1	2	0	2	-70	44369	8	0	1596	1478	173,333,173,333
1526389496.677112625	110	40	48	1	2	0	2	-70	44370	8	0	1596	1478	173,333,173,333
1526389496.689212770	110	40	48	1	2	0	2	-70	44372	8	0	1596	1478	173,333,173,333
1526389496.700681482	110	40	48	1	2	0	2	-70	44373	8	0	1596	1478	173,333,173,333
1526389496.712520876	110	40	48	1	2	0	2	-70	44374	8	0	1596	1478	173,333,173,333
1526389496.724210143	110	40	48	1	2	0	2	-70	44375	8	0	1596	1478	173,333,173,333
1526389496.735928540	110	40	48	1	2	0	2	-70	44376	8	0	1596	1478	173,333,173,333
1526389496.747648896	110	40	48	1	2	0	2	-70	44377	8	0	1596	1478	173,333,173,333
1526389496.759566374	110	40	48	1	2	0	2	-70	44378	8	0	1596	1478	173,333,173,333
1526389496.771227471	110	40	48	1	2	0	2	-70	44379	8	0	1596	1478	173,333,173,333
1526389496.782962193	110	40	48	1	2	0	2	-70	44380	8	0	1596	1478	173,333,173,333
1526389496.794699965	110	40	48	1	2	0	2	-70	44381	8	0	1596	1478	173,333,173,333
1526389496.806905798	110	40	48	1	2	0	2	-70	44383	8	0	1596	1478	173,333,173,333
1526389496.818188949	110	40	48	1	2	0	2	-70	44384	8	0	1596	1478	173,333,173,333
1526389496.829990669	110	40	48	1	2	0	2	-70	44385	8	0	1596	1478	173,333,173,333
1526389496.842266541	110	40	48	1	2	0	2	-70	44387	8	0	1596	1478	173,333,173,333
1526389496.853554038	110	40	48	1	2	0	2	-70	44388	8	0	1596	1478	173,333,173,333
1526389496.865654640	110	40	48	1	2	0	2	-70	44390	8	0	1596	1478	173,333,173,333
1526389496.877069967	110	40	48	1	2	0	2	-70	44391	8	0	1596	1478	173,333,173,333
1526389496.891268778	110	40	48	1	2	0	2	-70	44393	8	0	1596	1478	173,333,173,333
1526389496.900571174	110	40	48	1	2	0	2	-70	44394	8	0	1596	1478	173,333,173,333
1526389496.912665800	110	40	48	1	2	0	2	-70	44396	8	0	1596	1478	173,333,173,333
1526389496.924096345	110	40	48	1	2	0	2	-70	44397	8	0	1596	1478	173,333,173,333
1526389496.935870428	110	40	48	1	2	0	2	-70	44398	8	0	1596	1478	173,333,173,333
1526389496.947642977	110	40	48	1	2	0	2	-70	44399	8	0	1596	1478	173,333,173,333
1526389496.959340330	110	40	48	1	2	0	2	-70	44400	8	0	1596	1478	173,333,173,333
1526389496.971216845	110	40	48	1	2	0	2	-70	44401	8	0	1596	1478	173,333,173,333
1526389496.982920307	110	40	48	1	2	0	2	-70	44402	8	0	1596	1478	173,333,173,333
1526389496.994789069	110	40	48	1	2	0	2	-70	44403	8	0	1596	1478	173,333,173,333
1526389497.006455486	110	40	48	1	2	0	2	-70	44404	8	0	1596	1478	173,333,173,333
1526389497.018777986	110	40	48	1	2	0	2	-70	44406	8	0	1596	1478	173,333,173,333
1526389497.029940978	110	40	48	1	2	0	2	-70	44407	8	0	1596	1478	173,333,173,333
1526389497.041933463	110	40	48	1	2	0	2	-70	44409	8	0	1596	1478	173,333,173,333
1526389497.053461250	110	40	48	1	2	0	2	-70	44410	8	0	1596	1478	173,333,173,333
1526389497.065227313	110	40	48	1	2	0	2	-70	44411	8	0	1596	1478	173,333,173,333
1526389497.077398995	110	40	48	1	2	0	2	-70	44413	8	0	1596	1478	173,333,173,333
1526389497.088716626	110	40	48	1	2	0	2	-70	44414	8	0	1596	1478	173,333,173,333
1526389497.100561283	110	40	48	1	2	0	2	-70	44415	8	0	1596	1478	173,333,173,333
1526389497.112286955	110	40	48	1	2	0	2	-70	44416	8	0	1596	1478	173,333,173,333
1526389497.124099336	110	40	48	1	2	0	2	-70	44417	8	0	1596	1478	173,333,173,333
1526389497.135797128	110	40	48	1	2	0	2	-70	44418	8	0	1596	1478	173,333,173,333
1526389497.147626181	110	40	48	1	2	0	2	-70	44419	8	0	1596	1478	173,333,173,333
1526389497.159377101	110	40	48	1	2	0	2	-70	44420	8	0	1596	1478	173,333,173,333
1526389497.171160186	110	40	48	1	2	0	2	-70	44421	8	0	1596	1478	173,333,173,333
1526389497.182829447	110	40	48	1	2	0	2	-70	44422	8	0	1596	1478	173,333,173,333
1526389497.194650219	110	40	48	1	2	0	2	-70	44423	8	0	1596	1478	173,333,173,333
1526389497.206309949	110	40	48	1	2	0	2	-70	44424	8	0	1596	1478	173,333,173,333
1526389497.218185472	110	40	48	1	2	0	2	-70	44425	8	0	1596	1478	173,333,173,333
1526389497.229791584	110	40	48	1	2	0	2	-70	44426	8	0	1596	1478	173,333,173,333
1526389497.241717305	110	40	48	1	2	0	2	-70	44427	8	0	1596	1478	173,333,173,333
1526389497.254191513	110	40	48	1	2	0	2	-70	44430	8	0	1596	1478	173,333,173,333
1526389497.265228446	110	40	48	1	2	0	2	-70	44431	8	0	1596	1478	173,333,173,333
1526389497.276975703	110	40	48	1	2	0	2	-70	44432	8	0	1596	1478	173,333,173,333
1526389497.288626905	110	40	48	1	2	0	2	-70	44433	8	0	1596	1478	173,333,173,333
1526389497.300434082	110	40	48	1	2	0	2	-70	44434	8	0	1596	1478	173,333,173,333
1526389497.313916847	124	40	48	1	2	0	2	-70	44439	7	0	1596	1478	144,444,144,444
1526389497.324049469	124	40	48	1	2	0	2	-70	44440	7	0	1596	1478	144,444,144,444
1526389497.335721203	124	40	48	1	2	0	2	-70	44441	7	0	1596	1478	144,444,144,444
1526389497.347559060	124	40	48	1	2	0	2	-70	44442	7	0	1596	1478	144,444,144,444
1526389497.359322497	124	40	48	1	2	0	2	-70	44443	7	0	1596	1478	144,444,144,444
1526389497.371079862	124	40	48	1	2	0	2	-70	44444	7	0	1596	1478	144,444,144,444
1526389497.382767036	124	40	48	1	2	0	2	-70	44445	7	0	1596	1478	144,444,144,444
1526389497.394602827	124	40	48	1	2	0	2	-70	44446	7	0	1596	1478	144,444,144,444
1526389497.406346330	118	40	48	0	2	0	2	-70	44447	8	0	1596	1478	156,156
1526389497.418128442	124	40	48	1	2	0	2	-70	44448	7	0	1596	1478	144,444,144,444
1526389497.429875721	124	40	48	1	2	0	2	-70	44449	7	0	1596	1478	144,444,144,444
1526389497.441624635	124	40	48	1	2	0	2	-70	44450	7	0	1596	1478	144,444,144,444
1526389497.453404955	124	40	48	1	2	0	2	-70	44451	7	0	1596	1478	144,444,144,444
1526389497.465096559	118	40	48	0	2	0	2	-70	44452	8	0	1596	1478	156,156
1526389497.478045581	118	40	48	0	2	0	2	-70	44456	8	0	1596	1478	156,156
1526389497.488659078	118	40	48	0	2	0	2	-70	44457	8	0	1596	1478	156,156
1526389497.500446288	118	40	48	0	2	0	2	-70	44458	8	0	1596	1478	156,156
1526389497.513757602	124	40	48	1	2	0	2	-70	44462	7	0	1596	1478	144,444,144,444
1526389497.523966629	124	40	48	1	2	0	2	-70	44463	7	0	1596	1478	144,444,144,444
1526389497.535602557	124	40	48	1	2	0	2	-70	44464	7	0	1596	1478	144,444,144,444
1526389497.547361871	124	40	48	1	2	0	2	-70	44465	7	0	1596	1478	144,444,144,444
1526389497.559101054	124	40	48	1	2	0	2	-70	44466	7	0	1596	1478	144,444,144,444
1526389497.570924195	124	40	48	1	2	0	2	-71	44467	7	0	1596	1478	144,444,144,444
1526389497.582681846	124	40	48	1	2	0	2	-70	44468	7	0	1596	1478	144,444,144,444
1526389497.594530486	124	40	48	1	2	0	2	-71	44469	7	0	1596	1478	144,444,144,444
1526389497.606693157	124	40	48	1	2	0	2	-71	44470	7	0	1596	1478	144,444,144,444
1526389497.618015483	124	40	48	1	2	0	2	-71	44471	7	0	1596	1478	144,444,144,444
1526389497.629839067	124	40	48	1	2	0	2	-71	44472	7	0	1596	1478	144,444,144,444
1526389497.641425262	124	40	48	1	2	0	2	-71	44473	7	0	1596	1478	144,444,144,444
1526389497.653178696	124	40	48	1	2	0	2	-71	44474	7	0	1596	1478	144,444,144,444
1526389497.664911664	124	40	48	1	2	0	2	-71	44475	7	0	1596	1478	144,444,144,444
1526389497.676865944	124	40	48	1	2	0	2	-71	44476	7	0	1596	1478	144,444,144,444
1526389497.688492471	124	40	48	1	2	0	2	-71	44477	7	0	1596	1478	144,444,144,444
1526389497.700346222	124	40	48	1	2	0	2	-71	44478	7	0	1596	1478	144,444,144,444
1526389497.712145509	124	40	48	1	2	0	2	-71	44479	7	0	1596	1478	144,444,144,444
1526389497.723878217	124	40	48	1	2	0	2	-71	44480	7	0	1596	1478	144,444,144,444
1526389497.735654178	124	40	48	1	2	0	2	-71	44481	7	0	1596	1478	144,444,144,444
1526389497.747347717	124	40	48	1	2	0	2	-71	44482	7	0	1596	1478	144,444,144,444
1526389497.759047919	124	40	48	1	2	0	2	-71	44483	7	0	1596	1478	144,444,144,444
1526389497.771290745	124	40	48	1	2	0	2	-71	44484	7	0	1596	1478	144,444,144,444
1526389497.782682628	124	40	48	1	2	0	2	-71	44485	7	0	1596	1478	144,444,144,444
1526389497.794428057	124	40	48	1	2	0	2	-71	44486	7	0	1596	1478	144,444,144,444
1526389497.806197107	124	40	48	1	2	0	2	-71	44487	7	0	1596	1478	144,444,144,444
1526389497.817961464	124	40	48	1	2	0	2	-71	44488	7	0	1596	1478	144,444,144,444
1526389497.829648743	124	40	48	1	2	0	2	-71	44489	7	0	1596	1478	144,444,144,444
1526389497.841390407	124	40	48	1	2	0	2	-71	44490	7	0	1596	1478	144,444,144,444
1526389497.853146145	124	40	48	1	2	0	2	-71	44491	7	0	1596	1478	144,444,144,444
1526389497.864932717	124	40	48	1	2	0	2	-71	44492	7	0	1596	1478	144,444,144,444
1526389497.876667976	124	40	48	1	2	0	2	-71	44493	7	0	1596	1478	144,444,144,444
1526389497.888452698	124	40	48	1	2	0	2	-71	44494	7	0	1596	1478	144,444,144,444
1526389497.900171316	124	40	48	1	2	0	2	-71	44495	7	0	1596	1478	144,444,144,444
1526389497.911960614	124	40	48	1	2	0	2	-71	44496	7	0	1596	1478	144,444,144,444
1526389497.923723199	124	40	48	1	2	0	2	-71	44497	7	0	1596	1478	144,444,144,444
1526389497.935858618	124	40	48	1	2	0	2	-71	44498	7	0	1596	1478	144,444,144,444
1526389497.947230856	124	40	48	1	2	0	2	-71	44499	7	0	1596	1478	144,444,144,444
1526389497.958985032	124	40	48	1	2	0	2	-71	44500	7	0	1596	1478	144,444,144,444
1526389497.970736008	124	40	48	1	2	0	2	-71	44501	7	0	1596	1478	144,444,144,444
1526389497.982512441	124	40	48	1	2	0	2	-71	44502	7	0	1596	1478	144,444,144,444
1526389497.995056224	124	40	48	1	2	0	2	-71	44503	7	0	1596	1478	144,444,144,444
1526389498.006031070	124	40	48	1	2	0	2	-71	44504	7	0	1596	1478	144,444,144,444
1526389498.017689436	124	40	48	1	2	0	2	-71	44505	7	0	1596	1478	144,444,144,444
1526389498.029537170	124	40	48	1	2	0	2	-71	44506	7	0	1596	1478	144,444,144,444
1526389498.042009222	124	40	48	1	2	0	2	-71	44507	7	0	1596	1478	144,444,144,444
1526389498.052927304	124	40	48	1	2	0	2	-71	44508	7	0	1596	1478	144,444,144,444
1526389498.064687445	124	40	48	1	2	0	2	-71	44509	7	0	1596	1478	144,444,144,444
1526389498.076615530	124	40	48	1	2	0	2	-71	44510	7	0	1596	1478	144,444,144,444
1526389498.088426303	124	40	48	1	2	0	2	-71	44511	7	0	1596	1478	144,444,144,444
1526389498.100552109	124	40	48	1	2	0	2	-71	44512	7	0	1596	1478	144,444,144,444
1526389498.111824338	124	40	48	1	2	0	2	-71	44513	7	0	1596	1478	144,444,144,444
1526389498.123713835	124	40	48	1	2	0	2	-71	44514	7	0	1596	1478	144,444,144,444
1526389498.135504799	124	40	48	1	2	0	2	-71	44515	7	0	1596	1478	144,444,144,444
1526389498.147094507	124	40	48	1	2	0	2	-71	44516	7	0	1596	1478	144,444,144,444
1526389498.158867193	124	40	48	1	2	0	2	-71	44517	7	0	1596	1478	144,444,144,444
1526389498.170732760	124	40	48	1	2	0	2	-71	44518	7	0	1596	1478	144,444,144,444
1526389498.182513735	124	40	48	1	2	0	2	-71	44519	7	0	1596	1478	144,444,144,444
1526389498.194271351	124	40	48	1	2	0	2	-71	44520	7	0	1596	1478	144,444,144,444
1526389498.206025406	124	40	48	1	2	0	2	-70	44521	7	0	1596	1478	144,444,144,444
1526389498.217793695	124	40	48	1	2	0	2	-70	44522	7	0	1596	1478	144,444,144,444
1526389498.229542215	124	40	48	1	2	0	2	-70	44523	7	0	1596	1478	144,444,144,444
1526389498.241199159	124	40	48	1	2	0	2	-71	44524	7	0	1596	1478	144,444,144,444
1526389498.253081303	124	40	48	1	2	0	2	-71	44525	7	0	1596	1478	144,444,144,444
1526389498.265231389	124	40	48	1	2	0	2	-71	44527	7	0	1596	1478	144,444,144,444
1526389498.276582917	124	40	48	1	2	0	2	-71	44528	7	0	1596	1478	144,444,144,444
1526389498.288352700	124	40	48	1	2	0	2	-71	44529	7	0	1596	1478	144,444,144,444
1526389498.300046664	124	40	48	1	2	0	2	-71	44530	7	0	1596	1478	144,444,144,444
1526389498.311910419	124	40	48	1	2	0	2	-71	44531	7	0	1596	1478	144,444,144,444
1526389498.323636657	124	40	48	1	2	0	2	-71	44532	7	0	1596	1478	144,444,144,444
1526389498.335396743	124	40	48	1	2	0	2	-70	44533	7	0	1596	1478	144,444,144,444
1526389498.347162373	124	40	48	1	2	0	2	-71	44534	7	0	1596	1478	144,444,144,444
1526389498.358902864	124	40	48	1	2	0	2	-71	44535	7	0	1596	1478	144,444,144,444
1526389498.370663862	124	40	48	1	2	0	2	-71	44536	7	0	1596	1478	144,444,144,444
1526389498.382449429	124	40	48	1	2	0	2	-71	44537	7	0	1596	1478	144,444,144,444
1526389498.394501996	124	40	48	1	2	0	2	-71	44538	7	0	1596	1478	144,444,144,444
1526389498.405832456	124	40	48	1	2	0	2	-71	44539	7	0	1596	1478	144,444,144,444
1526389498.417718328	124	40	48	1	2	0	2	-71	44540	7	0	1596	1478	144,444,144,444
1526389498.429882759	124	40	48	1	2	0	2	-70	44541	7	0	1596	1478	144,444,144,444
1526389498.441234076	124	40	48	1	2	0	2	-70	44542	7	0	1596	1478	144,444,144,444
1526389498.452990958	124	40	48	1	2	0	2	-70	44543	7	0	1596	1478	144,444,144,444
1526389498.464759381	124	40	48	1	2	0	2	-70	44544	7	0	1596	1478	144,444,144,444
1526389498.476520272	124	40	48	1	2	0	2	-70	44545	7	0	1596	1478	144,444,144,444
1526389498.488289856	124	40	48	1	2	0	2	-70	44546	7	0	1596	1478	144,444,144,444
1526389498.500019065	124	40	48	1	2	0	2	-70	44547	7	0	1596	1478	144,444,144,444
1526389498.511808659	124	40	48	1	2	0	2	-70	44548	7	0	1596	1478	144,444,144,444
1526389498.523602118	124	40	48	1	2	0	2	-70	44549	7	0	1596	1478	144,444,144,444
1526389498.535325034	124	40	48	1	2	0	2	-70	44550	7	0	1596	1478	144,444,144,444
1526389498.547076566	124	40	48	1	2	0	2	-70	44551	7	0	1596	1478	144,444,144,444
1526389498.558822232	124	40	48	1	2	0	2	-71	44552	7	0	1596	1478	144,444,144,444
1526389498.570460708	124	40	48	1	2	0	2	-71	44553	7	0	1596	1478	144,444,144,444
1526389498.582218350	124	40	48	1	2	0	2	-71	44554	7	0	1596	1478	144,444,144,444
1526389498.594020567	118	40	48	0	2	0	2	-71	44555	8	0	1596	1478	156,156
1526389498.605884653	124	40	48	1	2	0	2	-71	44556	7	0	1596	1478	144,444,144,444
1526389498.617553998	124	40	48	1	2	0	2	-71	44557	7	0	1596	1478	144,444,144,444
1526389498.629308425	124	40	48	1	2	0	2	-71	44558	7	0	1596	1478	144,444,144,444
1526389498.641035484	124	40	48	1	2	0	2	-71	44559	7	0	1596	1478	144,444,144,444
1526389498.653146266	124	40	48	1	2	0	2	-71	44561	7	0	1596	1478	144,444,144,444
1526389498.664594585	124	40	48	1	2	0	2	-71	44562	7	0	1596	1478	144,444,144,444
1526389498.676405050	124	40	48	1	2	0	2	-71	44563	7	0	1596	1478	144,444,144,444
1526389498.688195678	124	40	48	1	2	0	2	-71	44564	7	0	1596	1478	144,444,144,444
1526389498.699882884	124	40	48	1	2	0	2	-71	44565	7	0	1596	1478	144,444,144,444
1526389498.711743989	124	40	48	1	2	0	2	-72	44566	7	0	1596	1478	144,444,144,444
1526389498.723493582	124	40	48	1	2	0	2	-72	44567	7	0	1596	1478	144,444,144,444
1526389498.735236812	124	40	48	1	2	0	2	-72	44568	7	0	1596	1478	144,444,144,444
1526389498.746984672	124	40	48	1	2	0	2	-72	44569	7	0	1596	1478	144,444,144,444
1526389498.758970204	124	40	48	1	2	0	2	-72	44570	7	0	1596	1478	144,444,144,444
1526389498.770510237	124	40	48	1	2	0	2	-72	44571	7	0	1596	1478	144,444,144,444
1526389498.782263982	124	40	48	1	2	0	2	-72	44572	7	0	1596	1478	144,444,144,444
1526389498.794371326	124	40	48	1	2	0	2	-72	44573	7	0	1596	1478	144,444,144,444
1526389498.805713945	124	40	48	1	2	0	2	-72	44574	7	0	1596	1478	144,444,144,444
1526389498.817849734	124	40	48	1	2	0	2	-71	44575	7	0	1596	1478	144,444,144,444
1526389498.829151315	124	40	48	1	2	0	2	-71	44576	7	0	1596	1478	144,444,144,444
1526389498.840989578	124	40	48	1	2	0	2	-71	44577	7	0	1596	1478	144,444,144,444
1526389498.852754171	124	40	48	1	2	0	2	-70	44578	7	0	1596	1478	144,444,144,444
1526389498.864513810	124	40	48	1	2	0	2	-70	44579	7	0	1596	1478	144,444,144,444
1526389498.876272529	124	40	48	1	2	0	2	-70	44580	7	0	1596	1478	144,444,144,444
1526389498.888013428	124	40	48	1	2	0	2	-70	44581	7	0	1596	1478	144,444,144,444
1526389498.899787108	124	40	48	1	2	0	2	-70	44582	7	0	1596	1478	144,444,144,444
1526389498.911488811	124	40	48	1	2	0	2	-70	44583	7	0	1596	1478	144,444,144,444
1526389498.923281192	124	40	48	1	2	0	2	-70	44584	7	0	1596	1478	144,444,144,444
1526389498.935069041	124	40	48	1	2	0	2	-70	44585	7	0	1596	1478	144,444,144,444
1526389498.946837507	124	40	48	1	2	0	2	-70	44586	7	0	1596	1478	144,444,144,444
1526389498.958592394	124	40	48	1	2	0	2	-71	44587	7	0	1596	1478	144,444,144,444
1526389498.970359456	124	40	48	1	2	0	2	-70	44588	7	0	1596	1478	144,444,144,444
1526389498.982391480	124	40	48	1	2	0	2	-71	44589	7	0	1596	1478	144,444,144,444
1526389498.993872342	124	40	48	1	2	0	2	-70	44590	7	0	1596	1478	144,444,144,444
1526389499.005618052	124	40	48	1	2	0	2	-71	44591	7	0	1596	1478	144,444,144,444
1526389499.017386685	124	40	48	1	2	0	2	-71	44592	7	0	1596	1478	144,444,144,444
1526389499.029026922	124	40	48	1	2	0	2	-71	44593	7	0	1596	1478	144,444,144,444
1526389499.040789195	124	40	48	1	2	0	2	-71	44594	7	0	1596	1478	144,444,144,444
1526389499.052680184	124	40	48	1	2	0	2	-70	44595	7	0	1596	1478	144,444,144,444
1526389499.064431508	124	40	48	1	2	0	2	-71	44596	7	0	1596	1478	144,444,144,444
1526389499.076190678	124	40	48	1	2	0	2	-71	44597	7	0	1596	1478	144,444,144,444
1526389499.087883894	124	40	48	1	2	0	2	-71	44598	7	0	1596	1478	144,444,144,444
1526389499.099693120	124	40	48	1	2	0	2	-70	44599	7	0	1596	1478	144,444,144,444
1526389499.111547865	124	40	48	1	2	0	2	-71	44600	7	0	1596	1478	144,444,144,444
1526389499.123324215	124	40	48	1	2	0	2	-71	44601	7	0	1596	1478	144,444,144,444
1526389499.135053903	124	40	48	1	2	0	2	-71	44602	7	0	1596	1478	144,444,144,444
1526389499.147087162	124	40	48	1	2	0	2	-71	44603	7	0	1596	1478	144,444,144,444
1526389499.158453515	124	40	48	1	2	0	2	-71	44604	7	0	1596	1478	144,444,144,444
1526389499.170340604	124	40	48	1	2	0	2	-71	44605	7	0	1596	1478	144,444,144,444
1526389499.182108469	124	40	48	1	2	0	2	-71	44606	7	0	1596	1478	144,444,144,444
1526389499.193888173	124	40	48	1	2	0	2	-71	44607	7	0	1596	1478	144,444,144,444
1526389499.205653177	124	40	48	1	2	0	2	-71	44608	7	0	1596	1478	144,444,144,444
1526389499.217329673	124	40	48	1	2	0	2	-70	44609	7	0	1596	1478	144,444,144,444
1526389499.229153251	124	40	48	1	2	0	2	-70	44610	7	0	1596	1478	144,444,144,444
1526389499.240904216	124	40	48	1	2	0	2	-70	44611	7	0	1596	1478	144,444,144,444
1526389499.252670503	124	40	48	1	2	0	2	-70	44612	7	0	1596	1478	144,444,144,444
1526389499.264461565	124	40	48	1	2	0	2	-70	44613	7	0	1596	1478	144,444,144,444
1526389499.276015181	124	40	48	1	2	0	2	-70	44614	7	0	1596	1478	144,444,144,444
1526389499.287865392	124	40	48	1	2	0	2	-70	44615	7	0	1596	1478	144,444,144,444
1526389499.299639273	124	40	48	1	2	0	2	-70	44616	7	0	1596	1478	144,444,144,444
1526389499.311884503	124	40	48	1	2	0	2	-70	44618	7	0	1596	1478	144,444,144,444
1526389499.323248480	124	40	48	1	2	0	2	-71	44619	7	0	1596	1478	144,444,144,444
1526389499.335006727	124	40	48	1	2	0	2	-71	44620	7	0	1596	1478	144,444,144,444
1526389499.346758438	124	40	48	1	2	0	2	-71	44621	7	0	1596	1478	144,444,144,444
1526389499.358509229	124	40	48	1	2	0	2	-71	44622	7	0	1596	1478	144,444,144,444
1526389499.370201146	124	40	48	1	2	0	2	-71	44623	7	0	1596	1478	144,444,144,444
1526389499.382035149	124	40	48	1	2	0	2	-71	44624	7	0	1596	1478	144,444,144,444
1526389499.393841275	124	40	48	1	2	0	2	-71	44625	7	0	1596	1478	144,444,144,444
1526389499.405548610	124	40	48	1	2	0	2	-71	44626	7	0	1596	1478	144,444,144,444
1526389499.417354183	124	40	48	1	2	0	2	-71	44627	7	0	1596	1478	144,444,144,444
1526389499.429107469	124	40	48	1	2	0	2	-71	44628	7	0	1596	1478	144,444,144,444
1526389499.440735314	124	40	48	1	2	0	2	-71	44629	7	0	1596	1478	144,444,144,444
1526389499.452604499	124	40	48	1	2	0	2	-71	44630	7	0	1596	1478	144,444,144,444
1526389499.464361692	124	40	48	1	2	0	2	-71	44631	7	0	1596	1478	144,444,144,444
1526389499.476530834	124	40	48	1	2	0	2	-71	44632	7	0	1596	1478	144,444,144,444
1526389499.487880622	124	40	48	1	2	0	2	-71	44633	7	0	1596	1478	144,444,144,444
1526389499.499639992	124	40	48	1	2	0	2	-71	44634	7	0	1596	1478	144,444,144,444
1526389499.511335622	124	40	48	1	2	0	2	-70	44635	7	0	1596	1478	144,444,144,444
1526389499.523099871	124	40	48	1	2	0	2	-71	44636	7	0	1596	1478	144,444,144,444
1526389499.534855260	124	40	48	1	2	0	2	-71	44637	7	0	1596	1478	144,444,144,444
1526389499.546676838	124	40	48	1	2	0	2	-71	44638	7	0	1596	1478	144,444,144,444
1526389499.558440783	124	40	48	1	2	0	2	-70	44639	7	0	1596	1478	144,444,144,444
1526389499.570211380	124	40	48	1	2	0	2	-71	44640	7	0	1596	1478	144,444,144,444
1526389499.581970052	124	40	48	1	2	0	2	-71	44641	7	0	1596	1478	144,444,144,444
1526389499.593650279	124	40	48	1	2	0	2	-71	44642	7	0	1596	1478	144,444,144,444
1526389499.605472586	124	40	48	1	2	0	2	-71	44643	7	0	1596	1478	144,444,144,444
1526389499.617109461	124	40	48	1	2	0	2	-70	44644	7	0	1596	1478	144,444,144,444
1526389499.629002002	124	40	48	1	2	0	2	-71	44645	7	0	1596	1478	144,444,144,444
1526389499.641135430	124	40	48	1	2	0	2	-71	44646	7	0	1596	1478	144,444,144,444
1526389499.652484729	124	40	48	1	2	0	2	-71	44647	7	0	1596	1478	144,444,144,444
1526389499.664197079	124	40	48	1	2	0	2	-71	44648	7	0	1596	1478	144,444,144,444
1526389499.676047646	124	40	48	1	2	0	2	-71	44649	7	0	1596	1478	144,444,144,444
1526389499.687786852	124	40	48	1	2	0	2	-71	44650	7	0	1596	1478	144,444,144,444
1526389499.699557242	124	40	48	1	2	0	2	-71	44651	7	0	1596	1478	144,444,144,444
1526389499.711325938	124	40	48	1	2	0	2	-71	44652	7	0	1596	1478	144,444,144,444
1526389499.723062960	124	40	48	1	2	0	2	-71	44653	7	0	1596	1478	144,444,144,444
1526389499.734792175	124	40	48	1	2	0	2	-71	44654	7	0	1596	1478	144,444,144,444
1526389499.746592068	124	40	48	1	2	0	2	-71	44655	7	0	1596	1478	144,444,144,444
1526389499.758357724	124	40	48	1	2	0	2	-71	44656	7	0	1596	1478	144,444,144,444
1526389499.769877089	124	40	48	1	2	0	2	-71	44657	7	0	1596	1478	144,444,144,444
1526389499.781836962	124	40	48	1	2	0	2	-71	44658	7	0	1596	1478	144,444,144,444
1526389499.793634788	124	40	48	1	2	0	2	-71	44659	7	0	1596	1478	144,444,144,444
1526389499.805785783	124	40	48	1	2	0	2	-71	44660	7	0	1596	1478	144,444,144,444
1526389499.817070863	124	40	48	1	2	0	2	-71	44661	7	0	1596	1478	144,444,144,444
1526389499.828893561	124	40	48	1	2	0	2	-71	44662	7	0	1596	1478	144,444,144,444
1526389499.840537239	124	40	48	1	2	0	2	-71	44663	7	0	1596	1478	144,444,144,444
1526389499.852403839	124	40	48	1	2	0	2	-71	44664	7	0	1596	1478	144,444,144,444
1526389499.864160256	124	40	48	1	2	0	2	-71	44665	7	0	1596	1478	144,444,144,444
1526389499.875920105	124	40	48	1	2	0	2	-71	44666	7	0	1596	1478	144,444,144,444
1526389499.887619358	124	40	48	1	2	0	2	-71	44667	7	0	1596	1478	144,444,144,444
1526389499.899463062	124	40	48	1	2	0	2	-71	44668	7	0	1596	1478	144,444,144,444
1526389499.911194119	124	40	48	1	2	0	2	-71	44669	7	0	1596	1478	144,444,144,444
1526389499.922945380	124	40	48	1	2	0	2	-71	44670	7	0	1596	1478	144,444,144,444
1526389499.934651229	124	40	48	1	2	0	2	-71	44671	7	0	1596	1478	144,444,144,444
1526389499.946481735	124	40	48	1	2	0	2	-71	44672	7	0	1596	1478	144,444,144,444
1526389499.958245927	124	40	48	1	2	0	2	-71	44673	7	0	1596	1478	144,444,144,444
1526389499.970425031	124	40	48	1	2	0	2	-71	44674	7	0	1596	1478	144,444,144,444
1526389499.981768996	124	40	48	1	2	0	2	-71	44675	7	0	1596	1478	144,444,144,444
1526389499.993565692	124	40	48	1	2	0	2	-71	44676	7	0	1596	1478	144,444,144,444
1526389500.005168454	124	40	48	1	2	0	2	-71	44677	7	0	1596	1478	144,444,144,444
1526389500.016812504	124	40	48	1	2	0	2	-71	44678	7	0	1596	1478	144,444,144,444
1526389500.028512858	124	40	48	1	2	0	2	-71	44679	7	0	1596	1478	144,444,144,444
1526389500.040326760	124	40	48	1	2	0	2	-71	44680	7	0	1596	1478	144,444,144,444
1526389500.052227775	124	40	48	1	2	0	2	-71	44681	7	0	1596	1478	144,444,144,444
1526389500.064033560	124	40	48	1	2	0	2	-71	44682	7	0	1596	1478	144,444,144,444
1526389500.075719875	124	40	48	1	2	0	2	-71	44683	7	0	1596	1478	144,444,144,444
1526389500.087503291	124	40	48	1	2	0	2	-71	44684	7	0	1596	1478	144,444,144,444
1526389500.099343489	124	40	48	1	2	0	2	-71	44685	7	0	1596	1478	144,444,144,444
1526389500.111086648	124	40	48	1	2	0	2	-71	44686	7	0	1596	1478	144,444,144,444
1526389500.122853032	124	40	48	1	2	0	2	-71	44687	7	0	1596	1478	144,444,144,444
1526389500.135125693	124	40	48	1	2	0	2	-71	44688	7	0	1596	1478	144,444,144,444
1526389500.146347086	124	40	48	1	2	0	2	-71	44689	7	0	1596	1478	144,444,144,444
1526389500.157973615	124	40	48	1	2	0	2	-71	44690	7	0	1596	1478	144,444,144,444
1526389500.169858354	124	40	48	1	2	0	2	-71	44691	7	0	1596	1478	144,444,144,444
1526389500.181712637	124	40	48	1	2	0	2	-71	44692	7	0	1596	1478	144,444,144,444
1526389500.193475348	124	40	48	1	2	0	2	-71	44693	7	0	1596	1478	144,444,144,444
1526389500.205226064	124	40	48	1	2	0	2	-71	44694	7	0	1596	1478	144,444,144,444
1526389500.216984204	124	40	48	1	2	0	2	-71	44695	7	0	1596	1478	144,444,144,444
1526389500.228773639	124	40	48	1	2	0	2	-71	44696	7	0	1596	1478	144,444,144,444
1526389500.240527907	124	40	48	1	2	0	2	-71	44697	7	0	1596	1478	144,444,144,444
1526389500.252278245	124	40	48	1	2	0	2	-71	44698	7	0	1596	1478	144,444,144,444
1526389500.264024382	124	40	48	1	2	0	2	-71	44699	7	0	1596	1478	144,444,144,444
1526389500.275729612	124	40	48	1	2	0	2	-71	44700	7	0	1596	1478	144,444,144,444
1526389500.287469561	124	40	48	1	2	0	2	-71	44701	7	0	1596	1478	144,444,144,444
1526389500.299698233	124	40	48	1	2	0	2	-71	44702	7	0	1596	1478	144,444,144,444
1526389500.311060697	124	40	48	1	2	0	2	-71	44703	7	0	1596	1478	144,444,144,444
1526389500.322852953	124	40	48	1	2	0	2	-71	44704	7	0	1596	1478	144,444,144,444
1526389500.334495062	124	40	48	1	2	0	2	-71	44705	7	0	1596	1478	144,444,144,444
1526389500.346267935	124	40	48	1	2	0	2	-71	44706	7	0	1596	1478	144,444,144,444
1526389500.358018374	124	40	48	1	2	0	2	-71	44707	7	0	1596	1478	144,444,144,444
1526389500.369709963	124	40	48	1	2	0	2	-71	44708	7	0	1596	1478	144,444,144,444
1526389500.381550403	124	40	48	1	2	0	2	-71	44709	7	0	1596	1478	144,444,144,444
1526389500.393311800	124	40	48	1	2	0	2	-71	44710	7	0	1596	1478	144,444,144,444
1526389500.405071153	124	40	48	1	2	0	2	-71	44711	7	0	1596	1478	144,444,144,444
1526389500.416762643	124	40	48	1	2	0	2	-71	44712	7	0	1596	1478	144,444,144,444
1526389500.428562790	124	40	48	1	2	0	2	-71	44713	7	0	1596	1478	144,444,144,444
1526389500.440323653	124	40	48	1	2	0	2	-71	44714	7	0	1596	1478	144,444,144,444
1526389500.452119316	124	40	48	1	2	0	2	-71	44715	7	0	1596	1478	144,444,144,444
1526389500.464280102	124	40	48	1	2	0	2	-71	44716	7	0	1596	1478	144,444,144,444
1526389500.475649352	124	40	48	1	2	0	2	-71	44717	7	0	1596	1478	144,444,144,444
1526389500.487418827	124	40	48	1	2	0	2	-71	44718	7	0	1596	1478	144,444,144,444
1526389500.499553066	124	40	48	1	2	0	2	-71	44719	7	0	1596	1478	144,444,144,444
1526389500.510900512	124	40	48	1	2	0	2	-71	44720	7	0	1596	1478	144,444,144,444
1526389500.522686630	124	40	48	1	2	0	2	-71	44721	7	0	1596	1478	144,444,144,444
1526389500.534372353	124	40	48	1	2	0	2	-71	44722	7	0	1596	1478	144,444,144,444
1526389500.546223452	124	40	48	1	2	0	2	-71	44723	7	0	1596	1478	144,444,144,444
1526389500.557961993	124	40	48	1	2	0	2	-71	44724	7	0	1596	1478	144,444,144,444
1526389500.569644361	124	40	48	1	2	0	2	-71	44725	7	0	1596	1478	144,444,144,444
1526389500.581447406	124	40	48	1	2	0	2	-71	44726	7	0	1596	1478	144,444,144,444
1526389500.593251012	124	40	48	1	2	0	2	-71	44727	7	0	1596	1478	144,444,144,444
1526389500.604974234	124	40	48	1	2	0	2	-71	44728	7	0	1596	1478	144,444,144,444
1526389500.616694424	124	40	48	1	2	0	2	-71	44729	7	0	1596	1478	144,444,144,444
1526389500.628959831	124	40	48	1	2	0	2	-71	44730	7	0	1596	1478	144,444,144,444
1526389500.640277126	124	40	48	1	2	0	2	-71	44731	7	0	1596	1478	144,444,144,444
1526389500.652005541	124	40	48	1	2	0	2	-71	44732	7	0	1596	1478	144,444,144,444
1526389500.663786828	124	40	48	1	2	0	2	-71	44733	7	0	1596	1478	144,444,144,444
1526389500.675545513	124	40	48	1	2	0	2	-71	44734	7	0	1596	1478	144,444,144,444
1526389500.687308461	124	40	48	1	2	0	2	-71	44735	7	0	1596	1478	144,444,144,444
1526389500.699069002	124	40	48	1	2	0	2	-71	44736	7	0	1596	1478	144,444,144,444
1526389500.710818342	124	40	48	1	2	0	2	-71	44737	7	0	1596	1478	144,444,144,444
1526389500.722494075	124	40	48	1	2	0	2	-71	44738	7	0	1596	1478	144,444,144,444
1526389500.734287952	124	40	48	1	2	0	2	-71	44739	7	0	1596	1478	144,444,144,444
1526389500.746124865	124	40	48	1	2	0	2	-71	44740	7	0	1596	1478	144,444,144,444
1526389500.757869644	124	40	48	1	2	0	2	-71	44741	7	0	1596	1478	144,444,144,444
1526389500.769645581	124	40	48	1	2	0	2	-71	44742	7	0	1596	1478	144,444,144,444
1526389500.781394687	124	40	48	1	2	0	2	-71	44743	7	0	1596	1478	144,444,144,444
1526389500.793555290	124	40	48	1	2	0	2	-71	44744	7	0	1596	1478	144,444,144,444
1526389500.804893665	124	40	48	1	2	0	2	-71	44745	7	0	1596	1478	144,444,144,444
1526389500.816607949	124	40	48	1	2	0	2	-71	44746	7	0	1596	1478	144,444,144,444
1526389500.828440087	124	40	48	1	2	0	2	-71	44747	7	0	1596	1478	144,444,144,444
1526389500.840131994	124	40	48	1	2	0	2	-71	44748	7	0	1596	1478	144,444,144,444
1526389500.851884643	124	40	48	1	2	0	2	-71	44749	7	0	1596	1478	144,444,144,444
1526389500.863632385	124	40	48	1	2	0	2	-71	44750	7	0	1596	1478	144,444,144,444
1526389500.875608547	124	40	48	1	2	0	2	-71	44751	7	0	1596	1478	144,444,144,444
1526389500.887235145	124	40	48	1	2	0	2	-71	44752	7	0	1596	1478	144,444,144,444
1526389500.898991205	124	40	48	1	2	0	2	-71	44753	7	0	1596	1478	144,444,144,444
1526389500.910741034	124	40	48	1	2	0	2	-71	44754	7	0	1596	1478	144,444,144,444
1526389500.922518077	124	40	48	1	2	0	2	-71	44755	7	0	1596	1478	144,444,144,444
1526389500.934274027	124	40	48	1	2	0	2	-71	44756	7	0	1596	1478	144,444,144,444
1526389500.946002231	124	40	48	1	2	0	2	-71	44757	7	0	1596	1478	144,444,144,444
1526389500.958125566	124	40	48	1	2	0	2	-71	44758	7	0	1596	1478	144,444,144,444
1526389500.969460781	124	40	48	1	2	0	2	-71	44759	7	0	1596	1478	144,444,144,444
1526389500.981283085	124	40	48	1	2	0	2	-71	44760	7	0	1596	1478	144,444,144,444
1526389500.993065434	124	40	48	1	2	0	2	-71	44761	7	0	1596	1478	144,444,144,444
1526389501.004833142	124	40	48	1	2	0	2	-71	44762	7	0	1596	1478	144,444,144,444
1526389501.016571612	124	40	48	1	2	0	2	-71	44763	7	0	1596	1478	144,444,144,444
1526389501.028247784	124	40	48	1	2	0	2	-71	44764	7	0	1596	1478	144,444,144,444
1526389501.039981867	124	40	48	1	2	0	2	-71	44765	7	0	1596	1478	144,444,144,444
1526389501.051867888	124	40	48	1	2	0	2	-71	44766	7	0	1596	1478	144,444,144,444
1526389501.063636395	124	40	48	1	2	0	2	-71	44767	7	0	1596	1478	144,444,144,444
1526389501.075421938	124	40	48	1	2	0	2	-71	44768	7	0	1596	1478	144,444,144,444
1526389501.087138855	124	40	48	1	2	0	2	-71	44769	7	0	1596	1478	144,444,144,444
1526389501.098905026	124	40	48	1	2	0	2	-71	44770	7	0	1596	1478	144,444,144,444
1526389501.110680153	124	40	48	1	2	0	2	-71	44771	7	0	1596	1478	144,444,144,444
1526389501.122813716	124	40	48	1	2	0	2	-71	44773	7	0	1596	1478	144,444,144,444
1526389501.134159792	124	40	48	1	2	0	2	-71	44774	7	0	1596	1478	144,444,144,444
1526389501.145926460	124	40	48	1	2	0	2	-71	44775	7	0	1596	1478	144,444,144,444
1526389501.157776572	124	40	48	1	2	0	2	-71	44776	7	0	1596	1478	144,444,144,444
1526389501.169544470	124	40	48	1	2	0	2	-71	44777	7	0	1596	1478	144,444,144,444
1526389501.181311256	124	40	48	1	2	0	2	-71	44778	7	0	1596	1478	144,444,144,444
1526389501.193092982	124	40	48	1	2	0	2	-71	44779	7	0	1596	1478	144,444,144,444
1526389501.204855720	124	40	48	1	2	0	2	-71	44780	7	0	1596	1478	144,444,144,444
1526389501.216903316	124	40	48	1	2	0	2	-71	44781	7	0	1596	1478	144,444,144,444
1526389501.228361067	124	40	48	1	2	0	2	-71	44782	7	0	1596	1478	144,444,144,444
1526389501.240107820	124	40	48	1	2	0	2	-71	44783	7	0	1596	1478	144,444,144,444
1526389501.251866640	124	40	48	1	2	0	2	-71	44784	7	0	1596	1478	144,444,144,444
1526389501.263651764	124	40	48	1	2	0	2	-71	44785	7	0	1596	1478	144,444,144,444
1526389501.275391604	124	40	48	1	2	0	2	-71	44786	7	0	1596	1478	144,444,144,444
1526389501.287445209	124	40	48	1	2	0	2	-71	44787	7	0	1596	1478	144,444,144,444
1526389501.298788779	124	40	48	1	2	0	2	-71	44788	7	0	1596	1478	144,444,144,444
1526389501.310620480	124	40	48	1	2	0	2	-72	44789	7	0	1596	1478	144,444,144,444
1526389501.322356203	124	40	48	1	2	0	2	-72	44790	7	0	1596	1478	144,444,144,444
1526389501.334184836	124	40	48	1	2	0	2	-72	44791	7	0	1596	1478	144,444,144,444
1526389501.345971665	124	40	48	1	2	0	2	-72	44792	7	0	1596	1478	144,444,144,444
1526389501.357594236	124	40	48	1	2	0	2	-72	44793	7	0	1596	1478	144,444,144,444
1526389501.369473749	124	40	48	1	2	0	2	-71	44794	7	0	1596	1478	144,444,144,444
1526389501.381226453	124	40	48	1	2	0	2	-72	44795	7	0	1596	1478	144,444,144,444
1526389501.392995296	124	40	48	1	2	0	2	-72	44796	7	0	1596	1478	144,444,144,444
1526389501.404773703	124	40	48	1	2	0	2	-72	44797	7	0	1596	1478	144,444,144,444
1526389501.416519811	124	40	48	1	2	0	2	-72	44798	7	0	1596	1478	144,444,144,444
1526389501.428294184	124	40	48	1	2	0	2	-72	44799	7	0	1596	1478	144,444,144,444
1526389501.439949068	124	40	48	1	2	0	2	-72	44800	7	0	1596	1478	144,444,144,444
1526389501.452087813	124	40	48	1	2	0	2	-72	44801	7	0	1596	1478	144,444,144,444
1526389501.463469255	124	40	48	1	2	0	2	-72	44802	7	0	1596	1478	144,444,144,444
1526389501.475235026	124	40	48	1	2	0	2	-72	44803	7	0	1596	1478	144,444,144,444
1526389501.486986935	124	40	48	1	2	0	2	-72	44804	7	0	1596	1478	144,444,144,444
1526389501.498733937	124	40	48	1	2	0	2	-71	44805	7	0	1596	1478	144,444,144,444
1526389501.510505833	124	40	48	1	2	0	2	-72	44806	7	0	1596	1478	144,444,144,444
1526389501.522361034	124	40	48	1	2	0	2	-71	44807	7	0	1596	1478	144,444,144,444
1526389501.534118899	124	40	48	1	2	0	2	-72	44808	7	0	1596	1478	144,444,144,444
1526389501.545859603	124	40	48	1	2	0	2	-72	44809	7	0	1596	1478	144,444,144,444
1526389501.557636895	124	40	48	1	2	0	2	-72	44810	7	0	1596	1478	144,444,144,444
1526389501.569391514	124	40	48	1	2	0	2	-72	44811	7	0	1596	1478	144,444,144,444
1526389501.581173501	124	40	48	1	2	0	2	-72	44812	7	0	1596	1478	144,444,144,444
1526389501.592935460	124	40	48	1	2	0	2	-72	44813	7	0	1596	1478	144,444,144,444
1526389501.604676146	124	40	48	1	2	0	2	-72	44814	7	0	1596	1478	144,444,144,444
1526389501.616836889	124	40	48	1	2	0	2	-72	44815	7	0	1596	1478	144,444,144,444
1526389501.628201107	124	40	48	1	2	0	2	-72	44816	7	0	1596	1478	144,444,144,444
1526389501.639824661	124	40	48	1	2	0	2	-72	44817	7	0	1596	1478	144,444,144,444
1526389501.651598022	124	40	48	1	2	0	2	-72	44818	7	0	1596	1478	144,444,144,444
1526389501.663382986	124	40	48	1	2	0	2	-72	44819	7	0	1596	1478	144,444,144,444
1526389501.675211388	124	40	48	1	2	0	2	-72	44820	7	0	1596	1478	144,444,144,444
1526389501.686977516	124	40	48	1	2	0	2	-71	44821	7	0	1596	1478	144,444,144,444
1526389501.698747669	124	40	48	1	2	0	2	-72	44822	7	0	1596	1478	144,444,144,444
1526389501.710425119	124	40	48	1	2	0	2	-72	44823	7	0	1596	1478	144,444,144,444
1526389501.722195098	124	40	48	1	2	0	2	-72	44824	7	0	1596	1478	144,444,144,444
1526389501.733971512	124	40	48	1	2	0	2	-72	44825	7	0	1596	1478	144,444,144,444
1526389501.745700281	124	40	48	1	2	0	2	-72	44826	7	0	1596	1478	144,444,144,444
1526389501.757465273	124	40	48	1	2	0	2	-72	44827	7	0	1596	1478	144,444,144,444
1526389501.769241337	124	40	48	1	2	0	2	-71	44828	7	0	1596	1478	144,444,144,444
1526389501.781385481	124	40	48	1	2	0	2	-72	44829	7	0	1596	1478	144,444,144,444
1526389501.792696904	124	40	48	1	2	0	2	-71	44830	7	0	1596	1478	144,444,144,444
1526389501.804523327	124	40	48	1	2	0	2	-72	44831	7	0	1596	1478	144,444,144,444
1526389501.816279271	124	40	48	1	2	0	2	-72	44832	7	0	1596	1478	144,444,144,444
1526389501.828043558	124	40	48	1	2	0	2	-71	44833	7	0	1596	1478	144,444,144,444
1526389501.840147979	124	40	48	1	2	0	2	-72	44834	7	0	1596	1478	144,444,144,444
1526389501.851543274	124	40	48	1	2	0	2	-71	44835	7	0	1596	1478	144,444,144,444
1526389501.863317586	124	40	48	1	2	0	2	-72	44836	7	0	1596	1478	144,444,144,444
1526389501.875084300	124	40	48	1	2	0	2	-72	44837	7	0	1596	1478	144,444,144,444
1526389501.886884535	124	40	48	1	2	0	2	-72	44838	7	0	1596	1478	144,444,144,444
1526389501.898540996	124	40	48	1	2	0	2	-71	44839	7	0	1596	1478	144,444,144,444
1526389501.910436507	124	40	48	1	2	0	2	-71	44840	7	0	1596	1478	144,444,144,444
1526389501.922204225	124	40	48	1	2	0	2	-72	44841	7	0	1596	1478	144,444,144,444
1526389501.933872746	124	40	48	1	2	0	2	-72	44842	7	0	1596	1478	144,444,144,444
1526389501.946085402	124	40	48	1	2	0	2	-72	44843	7	0	1596	1478	144,444,144,444
1526389501.957396079	124	40	48	1	2	0	2	-72	44844	7	0	1596	1478	144,444,144,444
1526389501.969229914	124	40	48	1	2	0	2	-72	44845	7	0	1596	1478	144,444,144,444
1526389501.980988678	124	40	48	1	2	0	2	-72	44846	7	0	1596	1478	144,444,144,444
1526389501.992750317	124	40	48	1	2	0	2	-72	44847	7	0	1596	1478	144,444,144,444
1526389502.004509091	124	40	48	1	2	0	2	-72	44848	7	0	1596	1478	144,444,144,444
1526389502.016282923	124	40	48	1	2	0	2	-72	44849	7	0	1596	1478	144,444,144,444
1526389502.028041139	124	40	48	1	2	0	2	-72	44850	7	0	1596	1478	144,444,144,444
1526389502.039714098	124	40	48	1	2	0	2	-72	44851	7	0	1596	1478	144,444,144,444
1526389502.051564676	124	40	48	1	2	0	2	-72	44852	7	0	1596	1478	144,444,144,444
1526389502.063305009	124	40	48	1	2	0	2	-72	44853	7	0	1596	1478	144,444,144,444
1526389502.075445748	124	40	48	1	2	0	2	-72	44854	7	0	1596	1478	144,444,144,444
1526389502.086862340	124	40	48	1	2	0	2	-72	44855	7	0	1596	1478	144,444,144,444
1526389502.098599284	124	40	48	1	2	0	2	-72	44856	7	0	1596	1478	144,444,144,444
1526389502.110736390	124	40	48	1	2	0	2	-71	44857	7	0	1596	1478	144,444,144,444
1526389502.122131586	124	40	48	1	2	0	2	-72	44858	7	0	1596	1478	144,444,144,444
1526389502.133915453	124	40	48	1	2	0	2	-72	44859	7	0	1596	1478	144,444,144,444
1526389502.145518765	124	40	48	1	2	0	2	-72	44860	7	0	1596	1478	144,444,144,444
1526389502.157188882	124	40	48	1	2	0	2	-72	44861	7	0	1596	1478	144,444,144,444
1526389502.169161461	124	40	48	1	2	0	2	-72	44862	7	0	1596	1478	144,444,144,444
1526389502.180896602	124	40	48	1	2	0	2	-72	44863	7	0	1596	1478	144,444,144,444
1526389502.192657508	124	40	48	1	2	0	2	-72	44864	7	0	1596	1478	144,444,144,444
1526389502.204437364	124	40	48	1	2	0	2	-72	44865	7	0	1596	1478	144,444,144,444
1526389502.216192466	124	40	48	1	2	0	2	-72	44866	7	0	1596	1478	144,444,144,444
1526389502.227841379	124	40	48	1	2	0	2	-72	44867	7	0	1596	1478	144,444,144,444
1526389502.240390268	124	40	48	1	2	0	2	-72	44868	7	0	1596	1478	144,444,144,444
1526389502.251342300	124	40	48	1	2	0	2	-71	44869	7	0	1596	1478	144,444,144,444
1526389502.263158369	124	40	48	1	2	0	2	-71	44870	7	0	1596	1478	144,444,144,444
1526389502.275386471	124	40	48	1	2	0	2	-71	44871	7	0	1596	1478	144,444,144,444
1526389502.286768781	124	40	48	1	2	0	2	-71	44872	7	0	1596	1478	144,444,144,444
1526389502.298514079	124	40	48	1	2	0	2	-71	44873	7	0	1596	1478	144,444,144,444
1526389502.310264950	124	40	48	1	2	0	2	-71	44874	7	0	1596	1478	144,444,144,444
1526389502.322035033	124	40	48	1	2	0	2	-71	44875	7	0	1596	1478	144,444,144,444
1526389502.333800005	124	40	48	1	2	0	2	-71	44876	7	0	1596	1478	144,444,144,444
1526389502.345557561	124	40	48	1	2	0	2	-71	44877	7	0	1596	1478	144,444,144,444
1526389502.357308039	124	40	48	1	2	0	2	-71	44878	7	0	1596	1478	144,444,144,444
1526389502.369062719	124	40	48	1	2	0	2	-71	44879	7	0	1596	1478	144,444,144,444
1526389502.380824741	124	40	48	1	2	0	2	-71	44880	7	0	1596	1478	144,444,144,444
1526389502.392599228	124	40	48	1	2	0	2	-71	44881	7	0	1596	1478	144,444,144,444
1526389502.404300314	124	40	48	1	2	0	2	-72	44882	7	0	1596	1478	144,444,144,444
1526389502.416100550	124	40	48	1	2	0	2	-72	44883	7	0	1596	1478	144,444,144,444
1526389502.427866476	124	40	48	1	2	0	2	-72	44884	7	0	1596	1478	144,444,144,444
1526389502.440043514	124	40	48	1	2	0	2	-72	44885	7	0	1596	1478	144,444,144,444
1526389502.451340328	124	40	48	1	2	0	2	-72	44886	7	0	1596	1478	144,444,144,444
1526389502.463059887	124	40	48	1	2	0	2	-72	44887	7	0	1596	1478	144,444,144,444
1526389502.474927453	124	40	48	1	2	0	2	-72	44888	7	0	1596	1478	144,444,144,444
1526389502.486647766	124	40	48	1	2	0	2	-72	44889	7	0	1596	1478	144,444,144,444
1526389502.498365898	124	40	48	1	2	0	2	-72	44890	7	0	1596	1478	144,444,144,444
1526389502.510186564	124	40	48	1	2	0	2	-72	44891	7	0	1596	1478	144,444,144,444
1526389502.521946916	124	40	48	1	2	0	2	-72	44892	7	0	1596	1478	144,444,144,444
1526389502.533726339	124	40	48	1	2	0	2	-72	44893	7	0	1596	1478	144,444,144,444
1526389502.545479990	124	40	48	1	2	0	2	-72	44894	7	0	1596	1478	144,444,144,444
1526389502.557234381	124	40	48	1	2	0	2	-72	44895	7	0	1596	1478	144,444,144,444
1526389502.568993731	124	40	48	1	2	0	2	-72	44896	7	0	1596	1478	144,444,144,444
1526389502.580755219	124	40	48	1	2	0	2	-72	44897	7	0	1596	1478	144,444,144,444
1526389502.592514699	124	40	48	1	2	0	2	-72	44898	7	0	1596	1478	144,444,144,444
1526389502.604652813	124	40	48	1	2	0	2	-72	44899	7	0	1596	1478	144,444,144,444
1526389502.616060019	124	40	48	1	2	0	2	-72	44900	7	0	1596	1478	144,444,144,444
1526389502.627780448	124	40	48	1	2	0	2	-72	44901	7	0	1596	1478	144,444,144,444
1526389502.639454032	124	40	48	1	2	0	2	-72	44902	7	0	1596	1478	144,444,144,444
1526389502.651324605	124	40	48	1	2	0	2	-72	44903	7	0	1596	1478	144,444,144,444
1526389502.662937896	124	40	48	1	2	0	2	-72	44904	7	0	1596	1478	144,444,144,444
1526389502.674693414	124	40	48	1	2	0	2	-72	44905	7	0	1596	1478	144,444,144,444
1526389502.686455776	124	40	48	1	2	0	2	-72	44906	7	0	1596	1478	144,444,144,444
1526389502.698359535	124	40	48	1	2	0	2	-71	44907	7	0	1596	1478	144,444,144,444
1526389502.710119201	124	40	48	1	2	0	2	-72	44908	7	0	1596	1478	144,444,144,444
1526389502.721876460	124	40	48	1	2	0	2	-72	44909	7	0	1596	1478	144,444,144,444
1526389502.733632388	124	40	48	1	2	0	2	-72	44910	7	0	1596	1478	144,444,144,444
1526389502.745268442	124	40	48	1	2	0	2	-72	44911	7	0	1596	1478	144,444,144,444
1526389502.757010424	124	40	48	1	2	0	2	-72	44912	7	0	1596	1478	144,444,144,444
1526389502.769433103	124	40	48	1	2	0	2	-72	44913	7	0	1596	1478	144,444,144,444
1526389502.780670285	124	40	48	1	2	0	2	-72	44914	7	0	1596	1478	144,444,144,444
1526389502.792415281	124	40	48	1	2	0	2	-72	44915	7	0	1596	1478	144,444,144,444
1526389502.804212475	124	40	48	1	2	0	2	-72	44916	7	0	1596	1478	144,444,144,444
1526389502.815829141	124	40	48	1	2	0	2	-72	44917	7	0	1596	1478	144,444,144,444
1526389502.827727021	124	40	48	1	2	0	2	-72	44918	7	0	1596	1478	144,444,144,444
1526389502.839473619	124	40	48	1	2	0	2	-72	44919	7	0	1596	1478	144,444,144,444
1526389502.851218004	124	40	48	1	2	0	2	-72	44920	7	0	1596	1478	144,444,144,444
1526389502.862987756	124	40	48	1	2	0	2	-71	44921	7	0	1596	1478	144,444,144,444
1526389502.874750605	124	40	48	1	2	0	2	-71	44922	7	0	1596	1478	144,444,144,444
1526389502.886547239	124	40	48	1	2	0	2	-71	44923	7	0	1596	1478	144,444,144,444
1526389502.898288784	124	40	48	1	2	0	2	-72	44924	7	0	1596	1478	144,444,144,444
1526389502.909942254	124	40	48	1	2	0	2	-71	44925	7	0	1596	1478	144,444,144,444
1526389502.921805875	124	40	48	1	2	0	2	-71	44926	7	0	1596	1478	144,444,144,444
1526389502.933923901	124	40	48	1	2	0	2	-71	44928	7	0	1596	1478	144,444,144,444
1526389502.945310515	124	40	48	1	2	0	2	-71	44929	7	0	1596	1478	144,444,144,444
1526389502.957330318	124	40	48	1	2	0	2	-71	44930	7	0	1596	1478	144,444,144,444
1526389502.968830872	124	40	48	1	2	0	2	-71	44931	7	0	1596	1478	144,444,144,444
1526389502.980601864	124	40	48	1	2	0	2	-71	44932	7	0	1596	1478	144,444,144,444
1526389502.992346243	124	40	48	1	2	0	2	-71	44933	7	0	1596	1478	144,444,144,444
1526389503.004109797	124	40	48	1	2	0	2	-72	44934	7	0	1596	1478	144,444,144,444
1526389503.015880204	124	40	48	1	2	0	2	-72	44935	7	0	1596	1478	144,444,144,444
1526389503.027631822	124	40	48	1	2	0	2	-72	44936	7	0	1596	1478	144,444,144,444
1526389503.039283645	124	40	48	1	2	0	2	-72	44937	7	0	1596	1478	144,444,144,444
1526389503.051152804	124	40	48	1	2	0	2	-72	44938	7	0	1596	1478	144,444,144,444
1526389503.062893794	124	40	48	1	2	0	2	-72	44939	7	0	1596	1478	144,444,144,444
1526389503.074683049	124	40	48	1	2	0	2	-72	44940	7	0	1596	1478	144,444,144,444
1526389503.086431008	124	40	48	1	2	0	2	-72	44941	7	0	1596	1478	144,444,144,444
1526389503.098506645	124	40	48	1	2	0	2	-72	44942	7	0	1596	1478	144,444,144,444
1526389503.109881671	124	40	48	1	2	0	2	-72	44943	7	0	1596	1478	144,444,144,444
1526389503.121711745	124	40	48	1	2	0	2	-72	44944	7	0	1596	1478	144,444,144,444
1526389503.133492322	124	40	48	1	2	0	2	-72	44945	7	0	1596	1478	144,444,144,444
1526389503.145169536	124	40	48	1	2	0	2	-72	44946	7	0	1596	1478	144,444,144,444
1526389503.157020535	124	40	48	1	2	0	2	-72	44947	7	0	1596	1478	144,444,144,444
1526389503.168739030	124	40	48	1	2	0	2	-72	44948	7	0	1596	1478	144,444,144,444
1526389503.180395446	124	40	48	1	2	0	2	-72	44949	7	0	1596	1478	144,444,144,444
1526389503.192288174	124	40	48	1	2	0	2	-72	44950	7	0	1596	1478	144,444,144,444
1526389503.205666790	124	40	48	1	2	0	2	-72	44951	7	0	1596	1478	144,444,144,444
1526389503.215798211	124	40	48	1	2	0	2	-72	44952	7	0	1596	1478	144,444,144,444
1526389503.227551768	124	40	48	1	2	0	2	-72	44953	7	0	1596	1478	144,444,144,444
1526389503.239185904	124	40	48	1	2	0	2	-72	44954	7	0	1596	1478	144,444,144,444
1526389503.250927033	124	40	48	1	2	0	2	-72	44955	7	0	1596	1478	144,444,144,444
1526389503.263116928	124	40	48	1	2	0	2	-72	44956	7	0	1596	1478	144,444,144,444
1526389503.274588359	124	40	48	1	2	0	2	-72	44957	7	0	1596	1478	144,444,144,444
1526389503.286345796	124	40	48	1	2	0	2	-72	44958	7	0	1596	1478	144,444,144,444
1526389503.298110196	124	40	48	1	2	0	2	-72	44959	7	0	1596	1478	144,444,144,444
1526389503.309889446	124	40	48	1	2	0	2	-72	44960	7	0	1596	1478	144,444,144,444
1526389503.321633459	124	40	48	1	2	0	2	-72	44961	7	0	1596	1478	144,444,144,444
1526389503.333403419	124	40	48	1	2	0	2	-72	44962	7	0	1596	1478	144,444,144,444
1526389503.345185727	124	40	48	1	2	0	2	-72	44963	7	0	1596	1478	144,444,144,444
1526389503.356937915	124	40	48	1	2	0	2	-72	44964	7	0	1596	1478	144,444,144,444
1526389503.368588095	124	40	48	1	2	0	2	-72	44965	7	0	1596	1478	144,444,144,444
1526389503.380445290	124	40	48	1	2	0	2	-72	44966	7	0	1596	1478	144,444,144,444
1526389503.392163773	124	40	48	1	2	0	2	-72	44967	7	0	1596	1478	144,444,144,444
1526389503.403944904	124	40	48	1	2	0	2	-71	44968	7	0	1596	1478	144,444,144,444
1526389503.415723682	124	40	48	1	2	0	2	-72	44969	7	0	1596	1478	144,444,144,444
1526389503.427893686	124	40	48	1	2	0	2	-72	44970	7	0	1596	1478	144,444,144,444
1526389503.439106904	124	40	48	1	2	0	2	-71	44971	7	0	1596	1478	144,444,144,444
1526389503.450995793	124	40	48	1	2	0	2	-72	44972	7	0	1596	1478	144,444,144,444
1526389503.462763130	124	40	48	1	2	0	2	-72	44973	7	0	1596	1478	144,444,144,444
1526389503.474527235	124	40	48	1	2	0	2	-72	44974	7	0	1596	1478	144,444,144,444
1526389503.486287724	124	40	48	1	2	0	2	-72	44975	7	0	1596	1478	144,444,144,444
1526389503.498044862	124	40	48	1	2	0	2	-72	44976	7	0	1596	1478	144,444,144,444
1526389503.509785886	124	40	48	1	2	0	2	-72	44977	7	0	1596	1478	144,444,144,444
1526389503.521552112	124	40	48	1	2	0	2	-72	44978	7	0	1596	1478	144,444,144,444
1526389503.533318262	124	40	48	1	2	0	2	-72	44979	7	0	1596	1478	144,444,144,444
1526389503.545016561	124	40	48	1	2	0	2	-72	44980	7	0	1596	1478	144,444,144,444
1526389503.556821866	124	40	48	1	2	0	2	-72	44981	7	0	1596	1478	144,444,144,444
1526389503.568597186	124	40	48	1	2	0	2	-72	44982	7	0	1596	1478	144,444,144,444
1526389503.580375373	124	40	48	1	2	0	2	-72	44983	7	0	1596	1478	144,444,144,444
1526389503.592494466	124	40	48	1	2	0	2	-72	44984	7	0	1596	1478	144,444,144,444
1526389503.603872903	124	40	48	1	2	0	2	-72	44985	7	0	1596	1478	144,444,144,444
1526389503.615648327	124	40	48	1	2	0	2	-72	44986	7	0	1596	1478	144,444,144,444
1526389503.627386217	124	40	48	1	2	0	2	-72	44987	7	0	1596	1478	144,444,144,444
1526389503.639049894	124	40	48	1	2	0	2	-72	44988	7	0	1596	1478	144,444,144,444
1526389503.650902934	124	40	48	1	2	0	2	-72	44989	7	0	1596	1478	144,444,144,444
1526389503.662584141	124	40	48	1	2	0	2	-72	44990	7	0	1596	1478	144,444,144,444
1526389503.675109125	124	40	48	1	2	0	2	-72	44991	7	0	1596	1478	144,444,144,444
1526389503.686051117	124	40	48	1	2	0	2	-72	44992	7	0	1596	1478	144,444,144,444
1526389503.697781918	124	40	48	1	2	0	2	-72	44993	7	0	1596	1478	144,444,144,444
1526389503.709628242	124	40	48	1	2	0	2	-72	44994	7	0	1596	1478	144,444,144,444
1526389503.721469510	124	40	48	1	2	0	2	-72	44995	7	0	1596	1478	144,444,144,444
1526389503.733233618	124	40	48	1	2	0	2	-72	44996	7	0	1596	1478	144,444,144,444
1526389503.744898263	124	40	48	1	2	0	2	-72	44997	7	0	1596	1478	144,444,144,444
1526389503.757177002	124	40	48	1	2	0	2	-72	44998	7	0	1596	1478	144,444,144,444
1526389503.768512825	124	40	48	1	2	0	2	-72	44999	7	0	1596	1478	144,444,144,444
1526389503.780255640	124	40	48	1	2	0	2	-72	45000	7	0	1596	1478	144,444,144,444
1526389503.792032787	124	40	48	1	2	0	2	-72	45001	7	0	1596	1478	144,444,144,444
1526389503.803701368	124	40	48	1	2	0	2	-72	45002	7	0	1596	1478	144,444,144,444
1526389503.815587684	124	40	48	1	2	0	2	-71	45003	7	0	1596	1478	144,444,144,444
1526389503.827321263	124	40	48	1	2	0	2	-72	45004	7	0	1596	1478	144,444,144,444
1526389503.839058281	124	40	48	1	2	0	2	-72	45005	7	0	1596	1478	144,444,144,444
1526389503.850778343	124	40	48	1	2	0	2	-72	45006	7	0	1596	1478	144,444,144,444
1526389503.862590110	124	40	48	1	2	0	2	-72	45007	7	0	1596	1478	144,444,144,444
1526389503.874277449	124	40	48	1	2	0	2	-72	45008	7	0	1596	1478	144,444,144,444
1526389503.886018837	124	40	48	1	2	0	2	-72	45009	7	0	1596	1478	144,444,144,444
1526389503.897847180	124	40	48	1	2	0	2	-72	45010	7	0	1596	1478	144,444,144,444
1526389503.909611281	124	40	48	1	2	0	2	-72	45011	7	0	1596	1478	144,444,144,444
1526389503.921746509	124	40	48	1	2	0	2	-72	45012	7	0	1596	1478	144,444,144,444
1526389503.933293242	124	40	48	1	2	0	2	-72	45013	7	0	1596	1478	144,444,144,444
1526389503.944927571	124	40	48	1	2	0	2	-72	45014	7	0	1596	1478	144,444,144,444
1526389503.956661864	124	40	48	1	2	0	2	-72	45015	7	0	1596	1478	144,444,144,444
1526389503.968441605	124	40	48	1	2	0	2	-72	45016	7	0	1596	1478	144,444,144,444
1526389503.980199114	124	40	48	1	2	0	2	-72	45017	7	0	1596	1478	144,444,144,444
1526389503.991945841	124	40	48	1	2	0	2	-72	45018	7	0	1596	1478	144,444,144,444
1526389504.003684842	124	40	48	1	2	0	2	-72	45019	7	0	1596	1478	144,444,144,444
1526389504.015515638	124	40	48	1	2	0	2	-72	45020	7	0	1596	1478	144,444,144,444
1526389504.027171010	124	40	48	1	2	0	2	-72	45021	7	0	1596	1478	144,444,144,444
1526389504.038839416	124	40	48	1	2	0	2	-72	45022	7	0	1596	1478	144,444,144,444
1526389504.050671480	124	40	48	1	2	0	2	-72	45023	7	0	1596	1478	144,444,144,444
1526389504.062427783	124	40	48	1	2	0	2	-72	45024	7	0	1596	1478	144,444,144,444
1526389504.074279138	124	40	48	1	2	0	2	-72	45025	7	0	1596	1478	144,444,144,444
1526389504.086473924	124	40	48	1	2	0	2	-72	45027	7	0	1596	1478	144,444,144,444
1526389504.097802647	124	40	48	1	2	0	2	-72	45028	7	0	1596	1478	144,444,144,444
1526389504.109549443	124	40	48	1	2	0	2	-72	45029	7	0	1596	1478	144,444,144,444
1526389504.121309367	124	40	48	1	2	0	2	-72	45030	7	0	1596	1478	144,444,144,444
1526389504.133081882	124	40	48	1	2	0	2	-72	45031	7	0	1596	1478	144,444,144,444
1526389504.144758707	124	40	48	1	2	0	2	-72	45032	7	0	1596	1478	144,444,144,444
1526389504.156479825	124	40	48	1	2	0	2	-72	45033	7	0	1596	1478	144,444,144,444
1526389504.168348092	124	40	48	1	2	0	2	-72	45035	7	0	1596	1478	144,444,144,444
1526389504.180133934	124	40	48	1	2	0	2	-72	45036	7	0	1596	1478	144,444,144,444
1526389504.191894590	124	40	48	1	2	0	2	-72	45037	7	0	1596	1478	144,444,144,444
1526389504.203513925	124	40	48	1	2	0	2	-72	45038	7	0	1596	1478	144,444,144,444
1526389504.215393159	124	40	48	1	2	0	2	-71	45039	7	0	1596	1478	144,444,144,444
1526389504.227141763	124	40	48	1	2	0	2	-72	45040	7	0	1596	1478	144,444,144,444
1526389504.238641891	124	40	48	1	2	0	2	-72	45041	7	0	1596	1478	144,444,144,444
1526389504.250966695	124	40	48	1	2	0	2	-72	45042	7	0	1596	1478	144,444,144,444
1526389504.262432507	124	40	48	1	2	0	2	-71	45043	7	0	1596	1478	144,444,144,444
1526389504.274180249	124	40	48	1	2	0	2	-72	45044	7	0	1596	1478	144,444,144,444
1526389504.285865359	124	40	48	1	2	0	2	-72	45045	7	0	1596	1478	144,444,144,444
1526389504.297692124	124	40	48	1	2	0	2	-72	45046	7	0	1596	1478	144,444,144,444
1526389504.309377429	124	40	48	1	2	0	2	-72	45047	7	0	1596	1478	144,444,144,444
1526389504.321222597	124	40	48	1	2	0	2	-72	45048	7	0	1596	1478	144,444,144,444
1526389504.333004540	124	40	48	1	2	0	2	-71	45049	7	0	1596	1478	144,444,144,444
1526389504.344756532	124	40	48	1	2	0	2	-72	45050	7	0	1596	1478	144,444,144,444
1526389504.356447442	124	40	48	1	2	0	2	-72	45051	7	0	1596	1478	144,444,144,444
1526389504.368280419	124	40	48	1	2	0	2	-72	45052	7	0	1596	1478	144,444,144,444
1526389504.380031729	124	40	48	1	2	0	2	-72	45053	7	0	1596	1478	144,444,144,444
1526389504.391838289	124	40	48	1	2	0	2	-72	45054	7	0	1596	1478	144,444,144,444
1526389504.403618877	124	40	48	1	2	0	2	-71	45055	7	0	1596	1478	144,444,144,444
1526389504.415690424	124	40	48	1	2	0	2	-72	45056	7	0	1596	1478	144,444,144,444
1526389504.427089229	124	40	48	1	2	0	2	-72	45057	7	0	1596	1478	144,444,144,444
1526389504.438818016	124	40	48	1	2	0	2	-72	45058	7	0	1596	1478	144,444,144,444
1526389504.450593694	124	40	48	1	2	0	2	-71	45059	7	0	1596	1478	144,444,144,444
1526389504.462255086	124	40	48	1	2	0	2	-71	45060	7	0	1596	1478	144,444,144,444
1526389504.474474687	124	40	48	1	2	0	2	-72	45061	7	0	1596	1478	144,444,144,444
1526389504.485881803	124	40	48	1	2	0	2	-72	45062	7	0	1596	1478	144,444,144,444
1526389504.497638740	124	40	48	1	2	0	2	-72	45063	7	0	1596	1478	144,444,144,444
1526389504.509394593	124	40	48	1	2	0	2	-71	45064	7	0	1596	1478	144,444,144,444
1526389504.521172816	124	40	48	1	2	0	2	-72	45065	7	0	1596	1478	144,444,144,444
1526389504.532900967	124	40	48	1	2	0	2	-72	45066	7	0	1596	1478	144,444,144,444
1526389504.544670490	124	40	48	1	2	0	2	-72	45067	7	0	1596	1478	144,444,144,444
1526389504.556462099	124	40	48	1	2	0	2	-72	45068	7	0	1596	1478	144,444,144,444
1526389504.568189636	124	40	48	1	2	0	2	-72	45069	7	0	1596	1478	144,444,144,444
1526389504.580339251	124	40	48	1	2	0	2	-72	45070	7	0	1596	1478	144,444,144,444
1526389504.591725837	124	40	48	1	2	0	2	-72	45071	7	0	1596	1478	144,444,144,444
1526389504.603491040	124	40	48	1	2	0	2	-72	45072	7	0	1596	1478	144,444,144,444
1526389504.615132676	124	40	48	1	2	0	2	-71	45073	7	0	1596	1478	144,444,144,444
1526389504.626899511	124	40	48	1	2	0	2	-72	45074	7	0	1596	1478	144,444,144,444
1526389504.638691554	124	40	48	1	2	0	2	-71	45075	7	0	1596	1478	144,444,144,444
1526389504.650423691	124	40	48	1	2	0	2	-72	45076	7	0	1596	1478	144,444,144,444
1526389504.662261118	124	40	48	1	2	0	2	-72	45077	7	0	1596	1478	144,444,144,444
1526389504.674032193	124	40	48	1	2	0	2	-72	45078	7	0	1596	1478	144,444,144,444
1526389504.685787437	124	40	48	1	2	0	2	-72	45079	7	0	1596	1478	144,444,144,444
1526389504.698139084	124	40	48	1	2	0	2	-72	45080	7	0	1596	1478	144,444,144,444
1526389504.709179591	124	40	48	1	2	0	2	-72	45081	7	0	1596	1478	144,444,144,444
1526389504.720932637	124	40	48	1	2	0	2	-72	45082	7	0	1596	1478	144,444,144,444
1526389504.732739469	124	40	48	1	2	0	2	-72	45083	7	0	1596	1478	144,444,144,444
1526389504.744840909	124	40	48	1	2	0	2	-72	45084	7	0	1596	1478	144,444,144,444
1526389504.756196171	124	40	48	1	2	0	2	-72	45085	7	0	1596	1478	144,444,144,444
1526389504.768037436	124	40	48	1	2	0	2	-72	45086	7	0	1596	1478	144,444,144,444
1526389504.779790162	124	40	48	1	2	0	2	-72	45087	7	0	1596	1478	144,444,144,444
1526389504.791668091	124	40	48	1	2	0	2	-72	45088	7	0	1596	1478	144,444,144,444
1526389504.803442849	124	40	48	1	2	0	2	-72	45089	7	0	1596	1478	144,444,144,444
1526389504.815193351	124	40	48	1	2	0	2	-72	45090	7	0	1596	1478	144,444,144,444
1526389504.826965130	124	40	48	1	2	0	2	-72	45091	7	0	1596	1478	144,444,144,444
1526389504.838678280	124	40	48	1	2	0	2	-72	45092	7	0	1596	1478	144,444,144,444
1526389504.850402930	124	40	48	1	2	0	2	-72	45093	7	0	1596	1478	144,444,144,444
1526389504.862167693	124	40	48	1	2	0	2	-72	45094	7	0	1596	1478	144,444,144,444
1526389504.873986598	124	40	48	1	2	0	2	-72	45095	7	0	1596	1478	144,444,144,444
1526389504.885760232	124	40	48	1	2	0	2	-72	45096	7	0	1596	1478	144,444,144,444
1526389504.897522705	124	40	48	1	2	0	2	-72	45097	7	0	1596	1478	144,444,144,444
1526389504.909586989	124	40	48	1	2	0	2	-72	45098	7	0	1596	1478	144,444,144,444
1526389504.921023975	124	40	48	1	2	0	2	-72	45099	7	0	1596	1478	144,444,144,444
1526389504.932702915	124	40	48	1	2	0	2	-72	45100	7	0	1596	1478	144,444,144,444
1526389504.944603652	124	40	48	1	2	0	2	-72	45101	7	0	1596	1478	144,444,144,444
1526389504.956335026	124	40	48	1	2	0	2	-72	45102	7	0	1596	1478	144,444,144,444
1526389504.968092883	124	40	48	1	2	0	2	-72	45103	7	0	1596	1478	144,444,144,444
1526389504.979836255	124	40	48	1	2	0	2	-72	45104	7	0	1596	1478	144,444,144,444
1526389504.991591444	124	40	48	1	2	0	2	-72	45105	7	0	1596	1478	144,444,144,444
1526389505.003113606	124	40	48	1	2	0	2	-72	45106	7	0	1596	1478	144,444,144,444
1526389505.015054475	124	40	48	1	2	0	2	-72	45107	7	0	1596	1478	144,444,144,444
1526389505.026714449	124	40	48	1	2	0	2	-72	45108	7	0	1596	1478	144,444,144,444
1526389505.038363317	124	40	48	1	2	0	2	-72	45109	7	0	1596	1478	144,444,144,444
1526389505.050292933	124	40	48	1	2	0	2	-72	45110	7	0	1596	1478	144,444,144,444
1526389505.062094840	124	40	48	1	2	0	2	-72	45111	7	0	1596	1478	144,444,144,444
1526389505.074252891	124	40	48	1	2	0	2	-72	45112	7	0	1596	1478	144,444,144,444
1526389505.085637147	124	40	48	1	2	0	2	-72	45113	7	0	1596	1478	144,444,144,444
1526389505.097422052	124	40	48	1	2	0	2	-72	45114	7	0	1596	1478	144,444,144,444
1526389505.109160022	124	40	48	1	2	0	2	-72	45115	7	0	1596	1478	144,444,144,444
1526389505.120917022	124	40	48	1	2	0	2	-72	45116	7	0	1596	1478	144,444,144,444
1526389505.132664406	124	40	48	1	2	0	2	-72	45117	7	0	1596	1478	144,444,144,444
1526389505.144294916	124	40	48	1	2	0	2	-72	45118	7	0	1596	1478	144,444,144,444
1526389505.156183380	124	40	48	1	2	0	2	-72	45119	7	0	1596	1478	144,444,144,444
1526389505.167949917	124	40	48	1	2	0	2	-72	45120	7	0	1596	1478	144,444,144,444
1526389505.179708233	124	40	48	1	2	0	2	-72	45121	7	0	1596	1478	144,444,144,444
1526389505.191479720	124	40	48	1	2	0	2	-72	45122	7	0	1596	1478	144,444,144,444
1526389505.203235174	124	40	48	1	2	0	2	-72	45123	7	0	1596	1478	144,444,144,444
1526389505.215004575	124	40	48	1	2	0	2	-72	45124	7	0	1596	1478	144,444,144,444
1526389505.226660165	124	40	48	1	2	0	2	-72	45125	7	0	1596	1478	144,444,144,444
1526389505.238787953	124	40	48	1	2	0	2	-72	45126	7	0	1596	1478	144,444,144,444
1526389505.250182698	124	40	48	1	2	0	2	-72	45127	7	0	1596	1478	144,444,144,444
1526389505.261951456	124	40	48	1	2	0	2	-72	45128	7	0	1596	1478	144,444,144,444
1526389505.274171593	124	40	48	1	2	0	2	-72	45129	7	0	1596	1478	144,444,144,444
1526389505.285527108	124	40	48	1	2	0	2	-72	45130	7	0	1596	1478	144,444,144,444
1526389505.297304573	124	40	48	1	2	0	2	-72	45131	7	0	1596	1478	144,444,144,444
1526389505.309083301	124	40	48	1	2	0	2	-72	45132	7	0	1596	1478	144,444,144,444
1526389505.320826643	124	40	48	1	2	0	2	-72	45133	7	0	1596	1478	144,444,144,444
1526389505.332589164	124	40	48	1	2	0	2	-72	45134	7	0	1596	1478	144,444,144,444
1526389505.344345816	124	40	48	1	2	0	2	-72	45135	7	0	1596	1478	144,444,144,444
1526389505.356117175	124	40	48	1	2	0	2	-72	45136	7	0	1596	1478	144,444,144,444
1526389505.367861702	124	40	48	1	2	0	2	-72	45137	7	0	1596	1478	144,444,144,444
1526389505.379543883	124	40	48	1	2	0	2	-72	45138	7	0	1596	1478	144,444,144,444
1526389505.391404096	124	40	48	1	2	0	2	-72	45139	7	0	1596	1478	144,444,144,444
1526389505.403578869	124	40	48	1	2	0	2	-72	45140	7	0	1596	1478	144,444,144,444
1526389505.415143058	124	40	48	1	2	0	2	-72	45141	7	0	1596	1478	144,444,144,444
1526389505.426684091	124	40	48	1	2	0	2	-72	45142	7	0	1596	1478	144,444,144,444
1526389505.438432754	124	40	48	1	2	0	2	-72	45143	7	0	1596	1478	144,444,144,444
1526389505.450181337	124	40	48	1	2	0	2	-72	45144	7	0	1596	1478	144,444,144,444
1526389505.461949650	124	40	48	1	2	0	2	-72	45145	7	0	1596	1478	144,444,144,444
1526389505.473743970	124	40	48	1	2	0	2	-72	45146	7	0	1596	1478	144,444,144,444
1526389505.485488621	124	40	48	1	2	0	2	-72	45147	7	0	1596	1478	144,444,144,444
1526389505.497226703	124	40	48	1	2	0	2	-72	45148	7	0	1596	1478	144,444,144,444
1526389505.509006729	124	40	48	1	2	0	2	-72	45149	7	0	1596	1478	144,444,144,444
1526389505.520638919	124	40	48	1	2	0	2	-71	45150	7	0	1596	1478	144,444,144,444
1526389505.532499433	124	40	48	1	2	0	2	-71	45151	7	0	1596	1478	144,444,144,444
1526389505.544276515	124	40	48	1	2	0	2	-72	45152	7	0	1596	1478	144,444,144,444
1526389505.556028699	124	40	48	1	2	0	2	-72	45153	7	0	1596	1478	144,444,144,444
1526389505.568192227	124	40	48	1	2	0	2	-71	45154	7	0	1596	1478	144,444,144,444
1526389505.579554479	124	40	48	1	2	0	2	-71	45155	7	0	1596	1478	144,444,144,444
1526389505.591316979	124	40	48	1	2	0	2	-71	45156	7	0	1596	1478	144,444,144,444
1526389505.602983756	124	40	48	1	2	0	2	-71	45157	7	0	1596	1478	144,444,144,444
1526389505.614755947	124	40	48	1	2	0	2	-71	45158	7	0	1596	1478	144,444,144,444
1526389505.626523706	124	40	48	1	2	0	2	-71	45159	7	0	1596	1478	144,444,144,444
1526389505.638293370	124	40	48	1	2	0	2	-71	45160	7	0	1596	1478	144,444,144,444
1526389505.650013450	124	40	48	1	2	0	2	-71	45161	7	0	1596	1478	144,444,144,444
1526389505.661878860	124	40	48	1	2	0	2	-71	45162	7	0	1596	1478	144,444,144,444
1526389505.673624152	124	40	48	1	2	0	2	-71	45163	7	0	1596	1478	144,444,144,444
1526389505.685381918	124	40	48	1	2	0	2	-71	45164	7	0	1596	1478	144,444,144,444
1526389505.697327481	124	40	48	1	2	0	2	-71	45165	7	0	1596	1478	144,444,144,444
1526389505.708902745	124	40	48	1	2	0	2	-71	45166	7	0	1596	1478	144,444,144,444
1526389505.720671353	124	40	48	1	2	0	2	-71	45167	7	0	1596	1478	144,444,144,444
1526389505.732796959	124	40	48	1	2	0	2	-71	45169	7	0	1596	1478	144,444,144,444
1526389505.744092067	124	40	48	1	2	0	2	-71	45170	7	0	1596	1478	144,444,144,444
1526389505.755918597	124	40	48	1	2	0	2	-71	45171	7	0	1596	1478	144,444,144,444
1526389505.767628603	124	40	48	1	2	0	2	-71	45172	7	0	1596	1478	144,444,144,444
1526389505.779471648	124	40	48	1	2	0	2	-71	45173	7	0	1596	1478	144,444,144,444
1526389505.791215021	124	40	48	1	2	0	2	-71	45174	7	0	1596	1478	144,444,144,444
1526389505.803021372	124	40	48	1	2	0	2	-71	45175	7	0	1596	1478	144,444,144,444
1526389505.814754735	124	40	48	1	2	0	2	-71	45176	7	0	1596	1478	144,444,144,444
1526389505.826436959	124	40	48	1	2	0	2	-72	45177	7	0	1596	1478	144,444,144,444
1526389505.838263371	124	40	48	1	2	0	2	-71	45178	7	0	1596	1478	144,444,144,444
1526389505.850033186	124	40	48	1	2	0	2	-71	45179	7	0	1596	1478	144,444,144,444
1526389505.861799027	124	40	48	1	2	0	2	-71	45180	7	0	1596	1478	144,444,144,444
1526389505.873544765	124	40	48	1	2	0	2	-71	45181	7	0	1596	1478	144,444,144,444
1526389505.885278322	124	40	48	1	2	0	2	-71	45182	7	0	1596	1478	144,444,144,444
1526389505.897379837	124	40	48	1	2	0	2	-71	45184	7	0	1596	1478	144,444,144,444
1526389505.908822048	124	40	48	1	2	0	2	-71	45185	7	0	1596	1478	144,444,144,444
1526389505.920596654	124	40	48	1	2	0	2	-71	45186	7	0	1596	1478	144,444,144,444
1526389505.932353867	124	40	48	1	2	0	2	-71	45187	7	0	1596	1478	144,444,144,444
1526389505.944110627	124	40	48	1	2	0	2	-71	45188	7	0	1596	1478	144,444,144,444
1526389505.955802607	124	40	48	1	2	0	2	-71	45189	7	0	1596	1478	144,444,144,444
1526389505.967625903	124	40	48	1	2	0	2	-71	45190	7	0	1596	1478	144,444,144,444
1526389505.979375829	124	40	48	1	2	0	2	-71	45191	7	0	1596	1478	144,444,144,444
1526389505.991159639	124	40	48	1	2	0	2	-71	45192	7	0	1596	1478	144,444,144,444
1526389506.002907579	124	40	48	1	2	0	2	-71	45193	7	0	1596	1478	144,444,144,444
1526389506.014670629	124	40	48	1	2	0	2	-71	45194	7	0	1596	1478	144,444,144,444
1526389506.026444829	124	40	48	1	2	0	2	-71	45195	7	0	1596	1478	144,444,144,444
1526389506.038201842	124	40	48	1	2	0	2	-71	45196	7	0	1596	1478	144,444,144,444
1526389506.049956837	124	40	48	1	2	0	2	-71	45197	7	0	1596	1478	144,444,144,444
1526389506.061689026	118	40	48	0	2	0	2	-71	45198	8	0	1596	1478	156,156
1526389506.073484577	124	40	48	1	2	0	2	-71	45199	7	0	1596	1478	144,444,144,444
1526389506.085226540	124	40	48	1	2	0	2	-71	45200	7	0	1596	1478	144,444,144,444
1526389506.096985901	124	40	48	1	2	0	2	-71	45201	7	0	1596	1478	144,444,144,444
1526389506.108698675	124	40	48	1	2	0	2	-71	45202	7	0	1596	1478	144,444,144,444
1526389506.120903369	124	40	48	1	2	0	2	-71	45204	7	0	1596	1478	144,444,144,444
1526389506.132257730	124	40	48	1	2	0	2	-71	45205	7	0	1596	1478	144,444,144,444
1526389506.143937176	124	40	48	1	2	0	2	-71	45206	7	0	1596	1478	144,444,144,444
1526389506.155810694	124	40	48	1	2	0	2	-71	45207	7	0	1596	1478	144,444,144,444
1526389506.167802882	124	40	48	1	2	0	2	-71	45208	7	0	1596	1478	144,444,144,444
1526389506.179313227	124	40	48	1	2	0	2	-71	45209	7	0	1596	1478	144,444,144,444
1526389506.191065688	124	40	48	1	2	0	2	-71	45210	7	0	1596	1478	144,444,144,444
1526389506.202764393	124	40	48	1	2	0	2	-71	45211	7	0	1596	1478	144,444,144,444
1526389506.214529876	124	40	48	1	2	0	2	-71	45212	7	0	1596	1478	144,444,144,444
1526389506.226373417	124	40	48	1	2	0	2	-71	45213	7	0	1596	1478	144,444,144,444
1526389506.238133310	124	40	48	1	2	0	2	-71	45214	7	0	1596	1478	144,444,144,444
1526389506.249772268	124	40	48	1	2	0	2	-71	45215	7	0	1596	1478	144,444,144,444
1526389506.261520670	124	40	48	1	2	0	2	-71	45216	7	0	1596	1478	144,444,144,444
1526389506.273385049	124	40	48	1	2	0	2	-71	45217	7	0	1596	1478	144,444,144,444
1526389506.285503528	124	40	48	1	2	0	2	-71	45219	7	0	1596	1478	144,444,144,444
1526389506.296894851	124	40	48	1	2	0	2	-71	45220	7	0	1596	1478	144,444,144,444
1526389506.308641079	124	40	48	1	2	0	2	-71	45221	7	0	1596	1478	144,444,144,444
1526389506.320333651	124	40	48	1	2	0	2	-71	45222	7	0	1596	1478	144,444,144,444
1526389506.332188704	124	40	48	1	2	0	2	-71	45223	7	0	1596	1478	144,444,144,444
1526389506.343816650	124	40	48	1	2	0	2	-71	45224	7	0	1596	1478	144,444,144,444
1526389506.355572476	124	40	48	1	2	0	2	-71	45225	7	0	1596	1478	144,444,144,444
1526389506.367385515	124	40	48	1	2	0	2	-71	45226	7	0	1596	1478	144,444,144,444
1526389506.379230119	124	40	48	1	2	0	2	-71	45227	7	0	1596	1478	144,444,144,444
1526389506.390977165	124	40	48	1	2	0	2	-71	45228	7	0	1596	1478	144,444,144,444
1526389506.402777892	124	40	48	1	2	0	2	-71	45229	7	0	1596	1478	144,444,144,444
1526389506.414519369	124	40	48	1	2	0	2	-71	45230	7	0	1596	1478	144,444,144,444
1526389506.426259392	124	40	48	1	2	0	2	-71	45231	7	0	1596	1478	144,444,144,444
1526389506.437952508	124	40	48	1	2	0	2	-71	45232	7	0	1596	1478	144,444,144,444
1526389506.450191429	124	40	48	1	2	0	2	-71	45234	7	0	1596	1478	144,444,144,444
1526389506.461543257	124	40	48	1	2	0	2	-71	45235	7	0	1596	1478	144,444,144,444
1526389506.473276396	124	40	48	1	2	0	2	-71	45236	7	0	1596	1478	144,444,144,444
1526389506.485084498	124	40	48	1	2	0	2	-71	45237	7	0	1596	1478	144,444,144,444
1526389506.496827083	124	40	48	1	2	0	2	-71	45238	7	0	1596	1478	144,444,144,444
1526389506.508581708	124	40	48	1	2	0	2	-71	45239	7	0	1596	1478	144,444,144,444
