1526389774.548275685	74	40	48	0	2	0	2	-72	50251	4	4	1596	1478	351,351
1526389774.548320786	74	40	48	0	2	0	2	-72	50251	4	4	1596	1478	351,351
1526389774.548330842	74	40	48	0	2	0	2	-72	50251	4	4	1596	1478	351,351
1526389774.548338310	74	40	48	0	2	0	2	-72	50251	4	4	1596	1478	351,351
1526389774.548346517	74	40	48	0	2	0	2	-72	50251	4	4	1596	1478	351,351
1526389774.548354277	74	40	48	0	2	0	2	-72	50251	4	4	1596	1478	351,351
1526389774.548362497	74	40	48	0	2	0	2	-72	50251	4	4	1596	1478	351,351
1526389774.548371060	74	40	48	0	2	0	2	-72	50251	4	4	1596	1478	351,351
1526389774.548379519	74	40	48	0	2	0	2	-72	50251	4	4	1596	1478	351,351
1526389774.548944263	74	40	48	0	2	0	2	-72	50252	4	4	1596	1478	351,351
1526389774.560740474	74	40	48	0	2	0	2	-72	50253	4	4	1596	1478	351,351
1526389774.572647795	74	40	48	0	2	0	2	-72	50254	4	4	1596	1478	351,351
1526389774.584382094	74	40	48	0	2	0	2	-72	50255	4	4	1596	1478	351,351
1526389774.596178713	74	40	48	0	2	0	2	-72	50256	4	4	1596	1478	351,351
1526389774.607941113	74	40	48	0	2	0	2	-72	50257	4	4	1596	1478	351,351
1526389774.619698059	74	40	48	0	2	0	2	-72	50258	4	4	1596	1478	351,351
1526389774.631801356	74	40	48	0	2	0	2	-72	50259	4	4	1596	1478	351,351
1526389774.643863767	74	40	48	0	2	0	2	-72	50260	4	4	1596	1478	351,351
1526389774.654972335	74	40	48	0	2	0	2	-72	50261	4	4	1596	1478	351,351
1526389774.666759343	74	40	48	0	2	0	2	-72	50262	4	4	1596	1478	351,351
1526389774.678861869	74	40	48	0	2	0	2	-72	50263	4	4	1596	1478	351,351
1526389774.690251014	74	40	48	0	2	0	2	-72	50264	4	4	1596	1478	351,351
1526389774.702005396	74	40	48	0	2	0	2	-72	50265	4	4	1596	1478	351,351
1526389774.713782765	74	40	48	0	2	0	2	-72	50266	4	4	1596	1478	351,351
1526389774.725529729	74	40	48	0	2	0	2	-72	50267	4	4	1596	1478	351,351
1526389774.737313438	74	40	48	0	2	0	2	-72	50268	4	4	1596	1478	351,351
1526389774.748963869	74	40	48	0	2	0	2	-72	50269	4	4	1596	1478	351,351
1526389774.760834687	74	40	48	0	2	0	2	-72	50270	4	4	1596	1478	351,351
1526389774.772499077	74	40	48	0	2	0	2	-72	50271	4	4	1596	1478	351,351
1526389774.784322351	74	40	48	0	2	0	2	-72	50272	4	4	1596	1478	351,351
1526389774.796444722	74	40	48	0	2	0	2	-72	50273	4	4	1596	1478	351,351
1526389774.807859355	74	40	48	0	2	0	2	-72	50274	4	4	1596	1478	351,351
1526389774.819624746	74	40	48	0	2	0	2	-72	50275	4	4	1596	1478	351,351
1526389774.831365434	74	40	48	0	2	0	2	-72	50276	4	4	1596	1478	351,351
1526389774.843169924	74	40	48	0	2	0	2	-72	50277	4	4	1596	1478	351,351
1526389774.854905383	74	40	48	0	2	0	2	-72	50278	4	4	1596	1478	351,351
1526389774.866671696	74	40	48	0	2	0	2	-72	50279	4	4	1596	1478	351,351
1526389774.878404904	74	40	48	0	2	0	2	-72	50280	4	4	1596	1478	351,351
1526389774.890552187	74	40	48	0	2	0	2	-72	50281	4	4	1596	1478	351,351
1526389774.901874267	74	40	48	0	2	0	2	-72	50282	4	4	1596	1478	351,351
1526389774.913684655	74	40	48	0	2	0	2	-72	50283	4	4	1596	1478	351,351
1526389774.925377174	74	40	48	0	2	0	2	-72	50284	4	4	1596	1478	351,351
1526389774.937208813	74	40	48	0	2	0	2	-72	50285	4	4	1596	1478	351,351
1526389774.948986738	74	40	48	0	2	0	2	-72	50286	4	4	1596	1478	351,351
1526389774.961086160	74	40	48	0	2	0	2	-72	50287	4	4	1596	1478	351,351
1526389774.972451642	74	40	48	0	2	0	2	-72	50288	4	4	1596	1478	351,351
1526389774.984044655	74	40	48	0	2	0	2	-72	50289	4	4	1596	1478	351,351
1526389774.995867730	74	40	48	0	2	0	2	-72	50290	4	4	1596	1478	351,351
1526389775.007699232	74	40	48	0	2	0	2	-72	50291	4	4	1596	1478	351,351
1526389775.019514881	74	40	48	0	2	0	2	-72	50292	4	4	1596	1478	351,351
1526389775.031277347	74	40	48	0	2	0	2	-72	50293	4	4	1596	1478	351,351
1526389775.042855290	74	40	48	0	2	0	2	-72	50294	4	4	1596	1478	351,351
1526389775.054591181	74	40	48	0	2	0	2	-72	50295	4	4	1596	1478	351,351
1526389775.066566291	74	40	48	0	2	0	2	-72	50296	4	4	1596	1478	351,351
1526389775.078240492	74	40	48	0	2	0	2	-72	50297	4	4	1596	1478	351,351
1526389775.090090719	74	40	48	0	2	0	2	-72	50298	4	4	1596	1478	351,351
1526389775.101705742	74	40	48	0	2	0	2	-72	50299	4	4	1596	1478	351,351
1526389775.113534833	74	40	48	0	2	0	2	-72	50300	4	4	1596	1478	351,351
1526389775.125640328	74	40	48	0	2	0	2	-72	50301	4	4	1596	1478	351,351
1526389775.137052091	74	40	48	0	2	0	2	-72	50302	4	4	1596	1478	351,351
1526389775.148803483	74	40	48	0	2	0	2	-72	50303	4	4	1596	1478	351,351
1526389775.160637545	74	40	48	0	2	0	2	-72	50304	4	4	1596	1478	351,351
1526389775.172440727	74	40	48	0	2	0	2	-72	50305	4	4	1596	1478	351,351
1526389775.184174970	74	40	48	0	2	0	2	-72	50306	4	4	1596	1478	351,351
1526389775.195958643	74	40	48	0	2	0	2	-72	50307	4	4	1596	1478	351,351
1526389775.207644725	74	40	48	0	2	0	2	-72	50308	4	4	1596	1478	351,351
1526389775.219455474	74	40	48	0	2	0	2	-72	50309	4	4	1596	1478	351,351
1526389775.231193075	74	40	48	0	2	0	2	-72	50310	4	4	1596	1478	351,351
1526389775.242958117	74	40	48	0	2	0	2	-72	50311	4	4	1596	1478	351,351
1526389775.254984207	74	40	48	0	2	0	2	-72	50312	4	4	1596	1478	351,351
1526389775.266299938	74	40	48	0	2	0	2	-72	50313	4	4	1596	1478	351,351
1526389775.278099712	74	40	48	0	2	0	2	-72	50314	4	4	1596	1478	351,351
1526389775.290423341	74	40	48	0	2	0	2	-72	50315	4	4	1596	1478	351,351
1526389775.301657470	74	40	48	0	2	0	2	-72	50316	4	4	1596	1478	351,351
1526389775.313525066	74	40	48	0	2	0	2	-72	50317	4	4	1596	1478	351,351
1526389775.325414970	74	40	48	0	2	0	2	-72	50318	4	4	1596	1478	351,351
1526389775.337067250	96	40	48	0	2	0	2	-73	50319	5	1	1596	1478	216,216
1526389775.348818950	74	40	48	0	2	0	2	-72	50320	4	4	1596	1478	351,351
1526389775.360905500	74	40	48	0	2	0	2	-72	50321	4	4	1596	1478	351,351
1526389775.372333828	74	40	48	0	2	0	2	-72	50322	4	4	1596	1478	351,351
1526389775.384106763	74	40	48	0	2	0	2	-71	50323	4	4	1596	1478	351,351
1526389775.396187970	74	40	48	0	2	0	2	-71	50324	4	4	1596	1478	351,351
1526389775.407894724	74	40	48	0	2	0	2	-71	50326	4	4	1596	1478	351,351
1526389775.419370511	74	40	48	0	2	0	2	-71	50327	4	4	1596	1478	351,351
1526389775.431085373	74	40	48	0	2	0	2	-72	50328	4	4	1596	1478	351,351
1526389775.442892949	74	40	48	0	2	0	2	-71	50329	4	4	1596	1478	351,351
1526389775.454992893	74	40	48	0	2	0	2	-72	50330	4	4	1596	1478	351,351
1526389775.466424827	74	40	48	0	2	0	2	-72	50331	4	4	1596	1478	351,351
1526389775.478199663	74	40	48	0	2	0	2	-71	50332	4	4	1596	1478	351,351
1526389775.489803100	74	40	48	0	2	0	2	-72	50333	4	4	1596	1478	351,351
1526389775.501567116	74	40	48	0	2	0	2	-72	50334	4	4	1596	1478	351,351
1526389775.513312862	74	40	48	0	2	0	2	-72	50335	4	4	1596	1478	351,351
1526389775.525228984	74	40	48	0	2	0	2	-72	50336	4	4	1596	1478	351,351
1526389775.536912923	74	40	48	0	2	0	2	-72	50337	4	4	1596	1478	351,351
1526389775.548616464	74	40	48	0	2	0	2	-72	50338	4	4	1596	1478	351,351
1526389775.560495417	74	40	48	0	2	0	2	-71	50339	4	4	1596	1478	351,351
1526389775.572243268	74	40	48	0	2	0	2	-71	50340	4	4	1596	1478	351,351
1526389775.583964775	74	40	48	0	2	0	2	-72	50341	4	4	1596	1478	351,351
1526389775.595776724	74	40	48	0	2	0	2	-71	50342	4	4	1596	1478	351,351
1526389775.607524437	74	40	48	0	2	0	2	-71	50343	4	4	1596	1478	351,351
1526389775.619863873	74	40	48	0	2	0	2	-72	50344	4	4	1596	1478	351,351
1526389775.631070047	74	40	48	0	2	0	2	-71	50345	4	4	1596	1478	351,351
1526389775.642678081	74	40	48	0	2	0	2	-72	50346	4	4	1596	1478	351,351
1526389775.654599387	74	40	48	0	2	0	2	-72	50347	4	4	1596	1478	351,351
1526389775.666329514	74	40	48	0	2	0	2	-71	50348	4	4	1596	1478	351,351
1526389775.678072259	74	40	48	0	2	0	2	-72	50349	4	4	1596	1478	351,351
1526389775.689874638	74	40	48	0	2	0	2	-72	50350	4	4	1596	1478	351,351
1526389775.701533271	74	40	48	0	2	0	2	-72	50351	4	4	1596	1478	351,351
1526389775.713372046	74	40	48	0	2	0	2	-72	50352	4	4	1596	1478	351,351
1526389775.725121273	74	40	48	0	2	0	2	-72	50353	4	4	1596	1478	351,351
1526389775.736853999	96	40	48	0	2	0	2	-72	50354	5	1	1596	1478	216,216
1526389775.748567347	74	40	48	0	2	0	2	-72	50355	4	4	1596	1478	351,351
1526389775.760411493	74	40	48	0	2	0	2	-72	50356	4	4	1596	1478	351,351
1526389775.772151013	74	40	48	0	2	0	2	-72	50357	4	4	1596	1478	351,351
1526389775.783944971	74	40	48	0	2	0	2	-72	50358	4	4	1596	1478	351,351
1526389775.796046590	74	40	48	0	2	0	2	-72	50359	4	4	1596	1478	351,351
1526389775.807450727	74	40	48	0	2	0	2	-72	50360	4	4	1596	1478	351,351
1526389775.819237448	74	40	48	0	2	0	2	-71	50361	4	4	1596	1478	351,351
1526389775.830976692	74	40	48	0	2	0	2	-72	50362	4	4	1596	1478	351,351
1526389775.842718634	74	40	48	0	2	0	2	-72	50363	4	4	1596	1478	351,351
1526389775.854488198	74	40	48	0	2	0	2	-71	50364	4	4	1596	1478	351,351
1526389775.866246716	74	40	48	0	2	0	2	-72	50365	4	4	1596	1478	351,351
1526389775.878049764	74	40	48	0	2	0	2	-72	50366	4	4	1596	1478	351,351
1526389775.889811771	74	40	48	0	2	0	2	-72	50367	4	4	1596	1478	351,351
1526389775.901521192	74	40	48	0	2	0	2	-72	50368	4	4	1596	1478	351,351
1526389775.913296333	74	40	48	0	2	0	2	-71	50369	4	4	1596	1478	351,351
1526389775.925062930	74	40	48	0	2	0	2	-71	50370	4	4	1596	1478	351,351
1526389775.936813580	74	40	48	0	2	0	2	-71	50371	4	4	1596	1478	351,351
1526389775.948571980	74	40	48	0	2	0	2	-71	50372	4	4	1596	1478	351,351
1526389775.960662097	74	40	48	0	2	0	2	-71	50373	4	4	1596	1478	351,351
1526389775.972086395	74	40	48	0	2	0	2	-71	50374	4	4	1596	1478	351,351
1526389775.983869500	74	40	48	0	2	0	2	-71	50375	4	4	1596	1478	351,351
1526389775.995642395	74	40	48	0	2	0	2	-71	50376	4	4	1596	1478	351,351
1526389776.007286979	74	40	48	0	2	0	2	-71	50377	4	4	1596	1478	351,351
1526389776.019149386	74	40	48	0	2	0	2	-71	50378	4	4	1596	1478	351,351
1526389776.030923486	74	40	48	0	2	0	2	-71	50379	4	4	1596	1478	351,351
1526389776.042466719	74	40	48	0	2	0	2	-71	50380	4	4	1596	1478	351,351
1526389776.054273271	74	40	48	0	2	0	2	-71	50381	4	4	1596	1478	351,351
1526389776.066025911	74	40	48	0	2	0	2	-71	50382	4	4	1596	1478	351,351
1526389776.077961934	74	40	48	0	2	0	2	-71	50383	4	4	1596	1478	351,351
1526389776.091330381	74	40	48	0	2	0	2	-71	50384	4	4	1596	1478	351,351
1526389776.101372511	74	40	48	0	2	0	2	-71	50385	4	4	1596	1478	351,351
1526389776.113125239	74	40	48	0	2	0	2	-71	50386	4	4	1596	1478	351,351
1526389776.125234936	74	40	48	0	2	0	2	-71	50387	4	4	1596	1478	351,351
1526389776.136717268	74	40	48	0	2	0	2	-71	50388	4	4	1596	1478	351,351
1526389776.148478122	74	40	48	0	2	0	2	-71	50389	4	4	1596	1478	351,351
1526389776.160247983	74	40	48	0	2	0	2	-71	50390	4	4	1596	1478	351,351
1526389776.172036835	96	40	48	0	2	0	2	-72	50391	5	1	1596	1478	216,216
1526389776.183845547	74	40	48	0	2	0	2	-71	50392	4	4	1596	1478	351,351
1526389776.195469226	74	40	48	0	2	0	2	-71	50393	4	4	1596	1478	351,351
1526389776.207196173	74	40	48	0	2	0	2	-71	50394	4	4	1596	1478	351,351
1526389776.218971571	74	40	48	0	2	0	2	-71	50395	4	4	1596	1478	351,351
1526389776.230711757	74	40	48	0	2	0	2	-71	50396	4	4	1596	1478	351,351
1526389776.242458820	74	40	48	0	2	0	2	-72	50397	4	4	1596	1478	351,351
1526389776.254208723	74	40	48	0	2	0	2	-71	50398	4	4	1596	1478	351,351
1526389776.265972798	74	40	48	0	2	0	2	-71	50399	4	4	1596	1478	351,351
1526389776.277736705	74	40	48	0	2	0	2	-71	50400	4	4	1596	1478	351,351
1526389776.289817229	74	40	48	0	2	0	2	-71	50401	4	4	1596	1478	351,351
1526389776.301255891	74	40	48	0	2	0	2	-71	50402	4	4	1596	1478	351,351
1526389776.313090992	74	40	48	0	2	0	2	-71	50403	4	4	1596	1478	351,351
1526389776.324876443	74	40	48	0	2	0	2	-71	50404	4	4	1596	1478	351,351
1526389776.336650366	74	40	48	0	2	0	2	-71	50405	4	4	1596	1478	351,351
1526389776.348335992	74	40	48	0	2	0	2	-71	50406	4	4	1596	1478	351,351
1526389776.360171202	74	40	48	0	2	0	2	-72	50407	4	4	1596	1478	351,351
1526389776.371937283	74	40	48	0	2	0	2	-71	50408	4	4	1596	1478	351,351
1526389776.383695940	74	40	48	0	2	0	2	-71	50409	4	4	1596	1478	351,351
1526389776.395440832	74	40	48	0	2	0	2	-71	50410	4	4	1596	1478	351,351
1526389776.407230699	74	40	48	0	2	0	2	-72	50411	4	4	1596	1478	351,351
1526389776.418839574	74	40	48	0	2	0	2	-71	50412	4	4	1596	1478	351,351
1526389776.430718399	74	40	48	0	2	0	2	-71	50413	4	4	1596	1478	351,351
1526389776.442486053	74	40	48	0	2	0	2	-72	50414	4	4	1596	1478	351,351
1526389776.454541078	74	40	48	0	2	0	2	-72	50415	4	4	1596	1478	351,351
1526389776.465996737	74	40	48	0	2	0	2	-72	50416	4	4	1596	1478	351,351
1526389776.477794299	74	40	48	0	2	0	2	-72	50417	4	4	1596	1478	351,351
1526389776.489532448	74	40	48	0	2	0	2	-72	50418	4	4	1596	1478	351,351
1526389776.501317231	74	40	48	0	2	0	2	-72	50419	4	4	1596	1478	351,351
1526389776.512984340	74	40	48	0	2	0	2	-72	50420	4	4	1596	1478	351,351
1526389776.524669492	74	40	48	0	2	0	2	-72	50421	4	4	1596	1478	351,351
1526389776.536530074	74	40	48	0	2	0	2	-72	50422	4	4	1596	1478	351,351
1526389776.548312862	74	40	48	0	2	0	2	-72	50423	4	4	1596	1478	351,351
1526389776.560087721	74	40	48	0	2	0	2	-72	50424	4	4	1596	1478	351,351
1526389776.571790058	96	40	48	0	2	0	2	-72	50425	5	1	1596	1478	216,216
1526389776.584010836	74	40	48	0	2	0	2	-72	50426	4	4	1596	1478	351,351
1526389776.595279037	74	40	48	0	2	0	2	-72	50427	4	4	1596	1478	351,351
1526389776.607183403	74	40	48	0	2	0	2	-72	50428	4	4	1596	1478	351,351
1526389776.618895737	74	40	48	0	2	0	2	-72	50429	4	4	1596	1478	351,351
1526389776.631000364	74	40	48	0	2	0	2	-72	50430	4	4	1596	1478	351,351
1526389776.642206127	74	40	48	0	2	0	2	-72	50431	4	4	1596	1478	351,351
1526389776.654185383	74	40	48	0	2	0	2	-72	50432	4	4	1596	1478	351,351
1526389776.665928262	74	40	48	0	2	0	2	-72	50433	4	4	1596	1478	351,351
1526389776.677682633	74	40	48	0	2	0	2	-72	50434	4	4	1596	1478	351,351
1526389776.689447559	74	40	48	0	2	0	2	-72	50435	4	4	1596	1478	351,351
1526389776.701490722	74	40	48	0	2	0	2	-72	50436	4	4	1596	1478	351,351
1526389776.712992278	74	40	48	0	2	0	2	-72	50437	4	4	1596	1478	351,351
1526389776.724755171	74	40	48	0	2	0	2	-72	50438	4	4	1596	1478	351,351
1526389776.736471065	74	40	48	0	2	0	2	-72	50439	4	4	1596	1478	351,351
1526389776.748251918	74	40	48	0	2	0	2	-72	50440	4	4	1596	1478	351,351
1526389776.760010048	74	40	48	0	2	0	2	-72	50441	4	4	1596	1478	351,351
1526389776.771774236	74	40	48	0	2	0	2	-72	50442	4	4	1596	1478	351,351
1526389776.783516211	74	40	48	0	2	0	2	-72	50443	4	4	1596	1478	351,351
1526389776.795674994	74	40	48	0	2	0	2	-72	50444	4	4	1596	1478	351,351
1526389776.807055089	74	40	48	0	2	0	2	-72	50445	4	4	1596	1478	351,351
1526389776.818814882	74	40	48	0	2	0	2	-72	50446	4	4	1596	1478	351,351
1526389776.830573410	74	40	48	0	2	0	2	-72	50447	4	4	1596	1478	351,351
1526389776.842608017	74	40	48	0	2	0	2	-72	50448	4	4	1596	1478	351,351
1526389776.854094179	74	40	48	0	2	0	2	-72	50449	4	4	1596	1478	351,351
1526389776.865829655	74	40	48	0	2	0	2	-72	50450	4	4	1596	1478	351,351
1526389776.877616551	74	40	48	0	2	0	2	-72	50451	4	4	1596	1478	351,351
1526389776.889305914	74	40	48	0	2	0	2	-72	50452	4	4	1596	1478	351,351
1526389776.901039236	74	40	48	0	2	0	2	-72	50453	4	4	1596	1478	351,351
1526389776.912788796	74	40	48	0	2	0	2	-72	50454	4	4	1596	1478	351,351
1526389776.924582870	74	40	48	0	2	0	2	-72	50455	4	4	1596	1478	351,351
1526389776.936366885	74	40	48	0	2	0	2	-72	50456	4	4	1596	1478	351,351
1526389776.948079742	74	40	48	0	2	0	2	-72	50457	4	4	1596	1478	351,351
1526389776.960221944	74	40	48	0	2	0	2	-72	50458	4	4	1596	1478	351,351
1526389776.971678267	74	40	48	0	2	0	2	-72	50459	4	4	1596	1478	351,351
1526389776.983446944	74	40	48	0	2	0	2	-72	50460	4	4	1596	1478	351,351
1526389776.995182330	74	40	48	0	2	0	2	-72	50461	4	4	1596	1478	351,351
1526389777.007264143	74	40	48	0	2	0	2	-72	50462	4	4	1596	1478	351,351
1526389777.018646044	74	40	48	0	2	0	2	-72	50463	4	4	1596	1478	351,351
1526389777.030328906	74	40	48	0	2	0	2	-72	50464	4	4	1596	1478	351,351
1526389777.042108543	74	40	48	0	2	0	2	-72	50465	4	4	1596	1478	351,351
1526389777.053942571	74	40	48	0	2	0	2	-72	50466	4	4	1596	1478	351,351
1526389777.065638668	74	40	48	0	2	0	2	-72	50467	4	4	1596	1478	351,351
1526389777.077546809	74	40	48	0	2	0	2	-72	50468	4	4	1596	1478	351,351
1526389777.089289679	74	40	48	0	2	0	2	-72	50469	4	4	1596	1478	351,351
1526389777.101638114	74	40	48	0	2	0	2	-72	50470	4	4	1596	1478	351,351
1526389777.112799444	74	40	48	0	2	0	2	-72	50471	4	4	1596	1478	351,351
1526389777.124934993	74	40	48	0	2	0	2	-72	50472	4	4	1596	1478	351,351
1526389777.136260467	74	40	48	0	2	0	2	-72	50473	4	4	1596	1478	351,351
1526389777.148078656	74	40	48	0	2	0	2	-72	50474	4	4	1596	1478	351,351
1526389777.159842947	74	40	48	0	2	0	2	-72	50475	4	4	1596	1478	351,351
1526389777.171581901	74	40	48	0	2	0	2	-72	50476	4	4	1596	1478	351,351
1526389777.183319052	74	40	48	0	2	0	2	-72	50477	4	4	1596	1478	351,351
1526389777.195042020	74	40	48	0	2	0	2	-72	50478	4	4	1596	1478	351,351
1526389777.206814366	74	40	48	0	2	0	2	-72	50479	4	4	1596	1478	351,351
1526389777.219033677	74	40	48	0	2	0	2	-72	50480	4	4	1596	1478	351,351
1526389777.230383678	74	40	48	0	2	0	2	-72	50481	4	4	1596	1478	351,351
1526389777.242181526	74	40	48	0	2	0	2	-72	50482	4	4	1596	1478	351,351
1526389777.253902042	74	40	48	0	2	0	2	-72	50483	4	4	1596	1478	351,351
1526389777.265601846	74	40	48	0	2	0	2	-72	50484	4	4	1596	1478	351,351
1526389777.277444556	74	40	48	0	2	0	2	-72	50485	4	4	1596	1478	351,351
1526389777.289560936	74	40	48	0	2	0	2	-72	50486	4	4	1596	1478	351,351
1526389777.300968936	74	40	48	0	2	0	2	-72	50487	4	4	1596	1478	351,351
1526389777.312738478	74	40	48	0	2	0	2	-72	50488	4	4	1596	1478	351,351
1526389777.324506520	74	40	48	0	2	0	2	-72	50489	4	4	1596	1478	351,351
1526389777.336125456	74	40	48	0	2	0	2	-72	50490	4	4	1596	1478	351,351
1526389777.347949591	74	40	48	0	2	0	2	-72	50491	4	4	1596	1478	351,351
1526389777.359616331	74	40	48	0	2	0	2	-72	50492	4	4	1596	1478	351,351
1526389777.371505255	74	40	48	0	2	0	2	-72	50493	4	4	1596	1478	351,351
1526389777.383263403	74	40	48	0	2	0	2	-72	50494	4	4	1596	1478	351,351
1526389777.394980061	74	40	48	0	2	0	2	-72	50495	4	4	1596	1478	351,351
1526389777.406813907	74	40	48	0	2	0	2	-72	50496	4	4	1596	1478	351,351
1526389777.418845225	74	40	48	0	2	0	2	-72	50497	4	4	1596	1478	351,351
1526389777.430348936	74	40	48	0	2	0	2	-72	50498	4	4	1596	1478	351,351
1526389777.442073743	74	40	48	0	2	0	2	-72	50499	4	4	1596	1478	351,351
1526389777.453850404	74	40	48	0	2	0	2	-72	50500	4	4	1596	1478	351,351
1526389777.465597490	74	40	48	0	2	0	2	-72	50501	4	4	1596	1478	351,351
1526389777.477377398	74	40	48	0	2	0	2	-72	50502	4	4	1596	1478	351,351
1526389777.489124200	74	40	48	0	2	0	2	-72	50503	4	4	1596	1478	351,351
1526389777.500801740	74	40	48	0	2	0	2	-72	50504	4	4	1596	1478	351,351
1526389777.513039578	74	40	48	0	2	0	2	-72	50505	4	4	1596	1478	351,351
1526389777.525521431	74	40	48	0	2	0	2	-72	50506	4	4	1596	1478	351,351
1526389777.536192540	74	40	48	0	2	0	2	-72	50507	4	4	1596	1478	351,351
1526389777.547798773	74	40	48	0	2	0	2	-72	50508	4	4	1596	1478	351,351
1526389777.559631588	74	40	48	0	2	0	2	-72	50509	4	4	1596	1478	351,351
1526389777.571432640	74	40	48	0	2	0	2	-72	50510	4	4	1596	1478	351,351
1526389777.583192278	74	40	48	0	2	0	2	-72	50511	4	4	1596	1478	351,351
1526389777.594966154	74	40	48	0	2	0	2	-72	50512	4	4	1596	1478	351,351
1526389777.606738739	74	40	48	0	2	0	2	-72	50513	4	4	1596	1478	351,351
1526389777.618412849	74	40	48	0	2	0	2	-72	50514	4	4	1596	1478	351,351
1526389777.630199237	74	40	48	0	2	0	2	-72	50515	4	4	1596	1478	351,351
1526389777.641907608	74	40	48	0	2	0	2	-72	50516	4	4	1596	1478	351,351
1526389777.653744529	74	40	48	0	2	0	2	-72	50517	4	4	1596	1478	351,351
1526389777.665526227	74	40	48	0	2	0	2	-72	50518	4	4	1596	1478	351,351
1526389777.678183383	74	40	48	0	2	0	2	-72	50519	4	4	1596	1478	351,351
1526389777.689039673	74	40	48	0	2	0	2	-72	50520	4	4	1596	1478	351,351
1526389777.700744191	74	40	48	0	2	0	2	-72	50521	4	4	1596	1478	351,351
1526389777.712915501	74	40	48	0	2	0	2	-72	50523	4	4	1596	1478	351,351
1526389777.724242672	74	40	48	0	2	0	2	-72	50524	4	4	1596	1478	351,351
1526389777.736120323	74	40	48	0	2	0	2	-72	50525	4	4	1596	1478	351,351
1526389777.747849570	74	40	48	0	2	0	2	-72	50526	4	4	1596	1478	351,351
1526389777.759413665	74	40	48	0	2	0	2	-72	50527	4	4	1596	1478	351,351
1526389777.771369732	74	40	48	0	2	0	2	-72	50528	4	4	1596	1478	351,351
1526389777.783048480	74	40	48	0	2	0	2	-72	50529	4	4	1596	1478	351,351
1526389777.794892111	74	40	48	0	2	0	2	-72	50530	4	4	1596	1478	351,351
1526389777.806563698	74	40	48	0	2	0	2	-72	50531	4	4	1596	1478	351,351
1526389777.818776426	74	40	48	0	2	0	2	-72	50532	4	4	1596	1478	351,351
1526389777.830203938	96	40	48	0	2	0	2	-73	50533	5	1	1596	1478	216,216
1526389777.841949515	74	40	48	0	2	0	2	-72	50534	4	4	1596	1478	351,351
1526389777.853686927	74	40	48	0	2	0	2	-72	50535	4	4	1596	1478	351,351
1526389777.865443653	74	40	48	0	2	0	2	-72	50536	4	4	1596	1478	351,351
1526389777.877126997	74	40	48	0	2	0	2	-72	50537	4	4	1596	1478	351,351
1526389777.889291598	74	40	48	0	2	0	2	-72	50538	4	4	1596	1478	351,351
1526389777.900734357	74	40	48	0	2	0	2	-72	50539	4	4	1596	1478	351,351
1526389777.912497789	74	40	48	0	2	0	2	-72	50540	4	4	1596	1478	351,351
1526389777.924240627	74	40	48	0	2	0	2	-72	50541	4	4	1596	1478	351,351
1526389777.935958364	74	40	48	0	2	0	2	-72	50542	4	4	1596	1478	351,351
1526389777.947758967	74	40	48	0	2	0	2	-72	50543	4	4	1596	1478	351,351
1526389777.959522856	74	40	48	0	2	0	2	-72	50544	4	4	1596	1478	351,351
1526389777.971287868	74	40	48	0	2	0	2	-72	50545	4	4	1596	1478	351,351
1526389777.983034739	74	40	48	0	2	0	2	-72	50546	4	4	1596	1478	351,351
1526389777.994812106	74	40	48	0	2	0	2	-73	50547	4	4	1596	1478	351,351
1526389778.006485606	74	40	48	0	2	0	2	-73	50548	4	4	1596	1478	351,351
1526389778.018252474	74	40	48	0	2	0	2	-72	50549	4	4	1596	1478	351,351
1526389778.030030008	74	40	48	0	2	0	2	-72	50550	4	4	1596	1478	351,351
1526389778.041788342	74	40	48	0	2	0	2	-72	50551	4	4	1596	1478	351,351
1526389778.053816356	74	40	48	0	2	0	2	-72	50552	4	4	1596	1478	351,351
1526389778.065375336	74	40	48	0	2	0	2	-72	50553	4	4	1596	1478	351,351
1526389778.077122331	74	40	48	0	2	0	2	-73	50554	4	4	1596	1478	351,351
1526389778.088808872	74	40	48	0	2	0	2	-72	50555	4	4	1596	1478	351,351
1526389778.100522541	74	40	48	0	2	0	2	-73	50556	4	4	1596	1478	351,351
1526389778.112337838	74	40	48	0	2	0	2	-72	50557	4	4	1596	1478	351,351
1526389778.124169917	74	40	48	0	2	0	2	-72	50558	4	4	1596	1478	351,351
1526389778.135923891	74	40	48	0	2	0	2	-73	50559	4	4	1596	1478	351,351
1526389778.147594696	74	40	48	0	2	0	2	-72	50560	4	4	1596	1478	351,351
1526389778.159357835	74	40	48	0	2	0	2	-72	50561	4	4	1596	1478	351,351
1526389778.171140945	74	40	48	0	2	0	2	-72	50562	4	4	1596	1478	351,351
1526389778.183266521	74	40	48	0	2	0	2	-72	50564	4	4	1596	1478	351,351
1526389778.194610321	74	40	48	0	2	0	2	-72	50565	4	4	1596	1478	351,351
1526389778.206385275	74	40	48	0	2	0	2	-72	50566	4	4	1596	1478	351,351
1526389778.218471947	74	40	48	0	2	0	2	-72	50567	4	4	1596	1478	351,351
1526389778.229874786	74	40	48	0	2	0	2	-72	50568	4	4	1596	1478	351,351
1526389778.241662291	74	40	48	0	2	0	2	-72	50569	4	4	1596	1478	351,351
1526389778.253401314	74	40	48	0	2	0	2	-72	50570	4	4	1596	1478	351,351
1526389778.265194319	96	40	48	0	2	0	2	-73	50571	5	1	1596	1478	216,216
1526389778.276912928	74	40	48	0	2	0	2	-73	50572	4	4	1596	1478	351,351
1526389778.288684252	74	40	48	0	2	0	2	-72	50573	4	4	1596	1478	351,351
1526389778.300431671	74	40	48	0	2	0	2	-73	50574	4	4	1596	1478	351,351
1526389778.312201625	74	40	48	0	2	0	2	-72	50575	4	4	1596	1478	351,351
1526389778.323950136	74	40	48	0	2	0	2	-72	50576	4	4	1596	1478	351,351
1526389778.335704095	74	40	48	0	2	0	2	-72	50577	4	4	1596	1478	351,351
1526389778.347528557	74	40	48	0	2	0	2	-72	50578	4	4	1596	1478	351,351
1526389778.359250373	74	40	48	0	2	0	2	-72	50579	4	4	1596	1478	351,351
1526389778.370993011	74	40	48	0	2	0	2	-72	50580	4	4	1596	1478	351,351
1526389778.383111158	74	40	48	0	2	0	2	-73	50581	4	4	1596	1478	351,351
1526389778.394509945	74	40	48	0	2	0	2	-72	50582	4	4	1596	1478	351,351
1526389778.406109950	74	40	48	0	2	0	2	-72	50583	4	4	1596	1478	351,351
1526389778.418034402	74	40	48	0	2	0	2	-72	50584	4	4	1596	1478	351,351
1526389778.429791327	74	40	48	0	2	0	2	-72	50585	4	4	1596	1478	351,351
1526389778.441560320	74	40	48	0	2	0	2	-73	50586	4	4	1596	1478	351,351
1526389778.453330012	74	40	48	0	2	0	2	-72	50587	4	4	1596	1478	351,351
1526389778.465083650	74	40	48	0	2	0	2	-72	50588	4	4	1596	1478	351,351
1526389778.476856045	74	40	48	0	2	0	2	-72	50589	4	4	1596	1478	351,351
1526389778.488593132	74	40	48	0	2	0	2	-72	50590	4	4	1596	1478	351,351
1526389778.500363640	74	40	48	0	2	0	2	-72	50591	4	4	1596	1478	351,351
1526389778.512096850	74	40	48	0	2	0	2	-72	50592	4	4	1596	1478	351,351
1526389778.523871354	74	40	48	0	2	0	2	-72	50593	4	4	1596	1478	351,351
1526389778.535739275	74	40	48	0	2	0	2	-72	50594	4	4	1596	1478	351,351
1526389778.548930368	74	40	48	0	2	0	2	-72	50595	4	4	1596	1478	351,351
1526389778.559113716	74	40	48	0	2	0	2	-72	50596	4	4	1596	1478	351,351
1526389778.570777781	74	40	48	0	2	0	2	-72	50597	4	4	1596	1478	351,351
1526389778.582566623	74	40	48	0	2	0	2	-72	50598	4	4	1596	1478	351,351
1526389778.594432887	74	40	48	0	2	0	2	-72	50599	4	4	1596	1478	351,351
1526389778.606097753	74	40	48	0	2	0	2	-72	50600	4	4	1596	1478	351,351
1526389778.617958100	74	40	48	0	2	0	2	-73	50601	4	4	1596	1478	351,351
1526389778.629711431	74	40	48	0	2	0	2	-72	50602	4	4	1596	1478	351,351
1526389778.641346582	74	40	48	0	2	0	2	-72	50603	4	4	1596	1478	351,351
1526389778.659029154	74	40	48	0	2	0	2	-73	50604	4	4	1596	1478	351,351
1526389778.665082784	96	40	48	0	2	0	2	-73	50605	5	1	1596	1478	216,216
1526389778.676880780	74	40	48	0	2	0	2	-72	50606	4	4	1596	1478	351,351
1526389778.688659111	74	40	48	0	2	0	2	-73	50607	4	4	1596	1478	351,351
1526389778.700291335	74	40	48	0	2	0	2	-72	50608	4	4	1596	1478	351,351
1526389778.712159869	74	40	48	0	2	0	2	-73	50609	4	4	1596	1478	351,351
1526389778.724303458	74	40	48	0	2	0	2	-73	50610	4	4	1596	1478	351,351
1526389778.735707191	74	40	48	0	2	0	2	-72	50611	4	4	1596	1478	351,351
1526389778.747405961	74	40	48	0	2	0	2	-73	50612	4	4	1596	1478	351,351
1526389778.759226861	74	40	48	0	2	0	2	-73	50613	4	4	1596	1478	351,351
1526389778.770945174	74	40	48	0	2	0	2	-73	50614	4	4	1596	1478	351,351
1526389778.782721570	74	40	48	0	2	0	2	-72	50615	4	4	1596	1478	351,351
1526389778.794473402	74	40	48	0	2	0	2	-73	50616	4	4	1596	1478	351,351
1526389778.806170898	74	40	48	0	2	0	2	-73	50617	4	4	1596	1478	351,351
1526389778.817993752	74	40	48	0	2	0	2	-73	50618	4	4	1596	1478	351,351
1526389778.829772251	74	40	48	0	2	0	2	-73	50619	4	4	1596	1478	351,351
1526389778.841538389	74	40	48	0	2	0	2	-73	50620	4	4	1596	1478	351,351
1526389778.853287794	74	40	48	0	2	0	2	-73	50621	4	4	1596	1478	351,351
1526389778.865069987	74	40	48	0	2	0	2	-73	50622	4	4	1596	1478	351,351
1526389778.876813890	74	40	48	0	2	0	2	-73	50623	4	4	1596	1478	351,351
1526389778.888952201	74	40	48	0	2	0	2	-73	50624	4	4	1596	1478	351,351
1526389778.900257594	74	40	48	0	2	0	2	-73	50625	4	4	1596	1478	351,351
1526389778.912088169	74	40	48	0	2	0	2	-73	50626	4	4	1596	1478	351,351
1526389778.923845864	74	40	48	0	2	0	2	-73	50627	4	4	1596	1478	351,351
1526389778.935622765	74	40	48	0	2	0	2	-73	50628	4	4	1596	1478	351,351
1526389778.947352518	74	40	48	0	2	0	2	-72	50629	4	4	1596	1478	351,351
1526389778.959180681	74	40	48	0	2	0	2	-72	50630	4	4	1596	1478	351,351
1526389778.970916572	74	40	48	0	2	0	2	-72	50631	4	4	1596	1478	351,351
1526389778.982572459	74	40	48	0	2	0	2	-72	50632	4	4	1596	1478	351,351
1526389778.994351679	74	40	48	0	2	0	2	-72	50633	4	4	1596	1478	351,351
1526389779.006086511	74	40	48	0	2	0	2	-72	50634	4	4	1596	1478	351,351
1526389779.017867925	74	40	48	0	2	0	2	-72	50635	4	4	1596	1478	351,351
1526389779.029613916	74	40	48	0	2	0	2	-72	50636	4	4	1596	1478	351,351
1526389779.041370148	74	40	48	0	2	0	2	-72	50637	4	4	1596	1478	351,351
1526389779.053414871	74	40	48	0	2	0	2	-72	50638	4	4	1596	1478	351,351
1526389779.064771950	74	40	48	0	2	0	2	-72	50639	4	4	1596	1478	351,351
1526389779.076661593	74	40	48	0	2	0	2	-72	50640	4	4	1596	1478	351,351
1526389779.088522427	74	40	48	0	2	0	2	-72	50641	4	4	1596	1478	351,351
1526389779.100317239	96	40	48	0	2	0	2	-73	50642	5	1	1596	1478	216,216
1526389779.112089626	90	40	48	0	2	0	2	-73	50643	6	1	1596	1478	243,243
1526389779.123827433	74	40	48	0	2	0	2	-73	50644	4	4	1596	1478	351,351
1526389779.135509740	74	40	48	0	2	0	2	-72	50645	4	4	1596	1478	351,351
1526389779.147122193	74	40	48	0	2	0	2	-73	50646	4	4	1596	1478	351,351
1526389779.158969109	74	40	48	0	2	0	2	-73	50647	4	4	1596	1478	351,351
1526389779.170726034	74	40	48	0	2	0	2	-73	50648	4	4	1596	1478	351,351
1526389779.182499081	74	40	48	0	2	0	2	-73	50649	4	4	1596	1478	351,351
1526389779.194261449	74	40	48	0	2	0	2	-72	50650	4	4	1596	1478	351,351
1526389779.206004464	74	40	48	0	2	0	2	-72	50651	4	4	1596	1478	351,351
1526389779.218137069	74	40	48	0	2	0	2	-72	50652	4	4	1596	1478	351,351
1526389779.229537158	74	40	48	0	2	0	2	-72	50653	4	4	1596	1478	351,351
1526389779.241272245	74	40	48	0	2	0	2	-72	50654	4	4	1596	1478	351,351
1526389779.253075044	74	40	48	0	2	0	2	-73	50655	4	4	1596	1478	351,351
1526389779.265242275	74	40	48	0	2	0	2	-72	50656	4	4	1596	1478	351,351
1526389779.276560591	74	40	48	0	2	0	2	-73	50657	4	4	1596	1478	351,351
1526389779.288310396	74	40	48	0	2	0	2	-73	50658	4	4	1596	1478	351,351
1526389779.299912324	74	40	48	0	2	0	2	-72	50659	4	4	1596	1478	351,351
1526389779.311762356	74	40	48	0	2	0	2	-72	50660	4	4	1596	1478	351,351
1526389779.323569798	74	40	48	0	2	0	2	-73	50661	4	4	1596	1478	351,351
1526389779.335409255	74	40	48	0	2	0	2	-73	50662	4	4	1596	1478	351,351
1526389779.347163880	74	40	48	0	2	0	2	-72	50663	4	4	1596	1478	351,351
1526389779.359003798	74	40	48	0	2	0	2	-73	50664	4	4	1596	1478	351,351
1526389779.370668351	74	40	48	0	2	0	2	-72	50665	4	4	1596	1478	351,351
1526389779.382783042	74	40	48	0	2	0	2	-72	50666	4	4	1596	1478	351,351
1526389779.394254346	74	40	48	0	2	0	2	-72	50667	4	4	1596	1478	351,351
1526389779.406011393	74	40	48	0	2	0	2	-73	50668	4	4	1596	1478	351,351
1526389779.417766888	74	40	48	0	2	0	2	-73	50669	4	4	1596	1478	351,351
1526389779.429514025	74	40	48	0	2	0	2	-73	50670	4	4	1596	1478	351,351
1526389779.441464691	74	40	48	0	2	0	2	-73	50671	4	4	1596	1478	351,351
1526389779.453064487	74	40	48	0	2	0	2	-73	50672	4	4	1596	1478	351,351
1526389779.464639036	74	40	48	0	2	0	2	-73	50673	4	4	1596	1478	351,351
1526389779.476599263	74	40	48	0	2	0	2	-72	50674	4	4	1596	1478	351,351
1526389779.488322726	74	40	48	0	2	0	2	-73	50675	4	4	1596	1478	351,351
1526389779.500422623	74	40	48	0	2	0	2	-73	50677	4	4	1596	1478	351,351
1526389779.511833073	74	40	48	0	2	0	2	-73	50678	4	4	1596	1478	351,351
1526389779.523600583	74	40	48	0	2	0	2	-73	50679	4	4	1596	1478	351,351
1526389779.535363978	74	40	48	0	2	0	2	-73	50680	4	4	1596	1478	351,351
1526389779.547472903	74	40	48	0	2	0	2	-73	50681	4	4	1596	1478	351,351
1526389779.559779461	74	40	48	0	2	0	2	-73	50683	4	4	1596	1478	351,351
1526389779.570646156	74	40	48	0	2	0	2	-73	50684	4	4	1596	1478	351,351
1526389779.582425827	74	40	48	0	2	0	2	-73	50685	4	4	1596	1478	351,351
1526389779.594086525	74	40	48	0	2	0	2	-73	50686	4	4	1596	1478	351,351
1526389779.605841900	74	40	48	0	2	0	2	-73	50687	4	4	1596	1478	351,351
1526389779.617929346	74	40	48	0	2	0	2	-73	50688	4	4	1596	1478	351,351
1526389779.629439121	74	40	48	0	2	0	2	-72	50689	4	4	1596	1478	351,351
1526389779.641114453	74	40	48	0	2	0	2	-73	50690	4	4	1596	1478	351,351
1526389779.652813093	74	40	48	0	2	0	2	-73	50691	4	4	1596	1478	351,351
1526389779.664719933	74	40	48	0	2	0	2	-73	50692	4	4	1596	1478	351,351
1526389779.676530080	74	40	48	0	2	0	2	-73	50693	4	4	1596	1478	351,351
1526389779.688250513	74	40	48	0	2	0	2	-73	50694	4	4	1596	1478	351,351
1526389779.699999569	74	40	48	0	2	0	2	-73	50695	4	4	1596	1478	351,351
1526389779.712155699	74	40	48	0	2	0	2	-73	50696	4	4	1596	1478	351,351
1526389779.723538370	74	40	48	0	2	0	2	-72	50697	4	4	1596	1478	351,351
1526389779.735297569	74	40	48	0	2	0	2	-72	50698	4	4	1596	1478	351,351
1526389779.747067865	74	40	48	0	2	0	2	-72	50699	4	4	1596	1478	351,351
1526389779.758555521	74	40	48	0	2	0	2	-72	50700	4	4	1596	1478	351,351
1526389779.770562078	74	40	48	0	2	0	2	-72	50701	4	4	1596	1478	351,351
1526389779.782348564	74	40	48	0	2	0	2	-72	50702	4	4	1596	1478	351,351
1526389779.794079046	74	40	48	0	2	0	2	-72	50703	4	4	1596	1478	351,351
1526389779.805831739	74	40	48	0	2	0	2	-72	50704	4	4	1596	1478	351,351
1526389779.817613145	74	40	48	0	2	0	2	-72	50705	4	4	1596	1478	351,351
1526389779.829408128	74	40	48	0	2	0	2	-72	50706	4	4	1596	1478	351,351
1526389779.840977224	74	40	48	0	2	0	2	-72	50707	4	4	1596	1478	351,351
1526389779.852823131	74	40	48	0	2	0	2	-72	50708	4	4	1596	1478	351,351
1526389779.864656849	74	40	48	0	2	0	2	-72	50709	4	4	1596	1478	351,351
1526389779.876780452	74	40	48	0	2	0	2	-72	50710	4	4	1596	1478	351,351
1526389779.888125044	74	40	48	0	2	0	2	-72	50711	4	4	1596	1478	351,351
1526389779.899812733	74	40	48	0	2	0	2	-72	50712	4	4	1596	1478	351,351
1526389779.911690359	74	40	48	0	2	0	2	-72	50713	4	4	1596	1478	351,351
1526389779.923823067	74	40	48	0	2	0	2	-72	50715	4	4	1596	1478	351,351
1526389779.935195865	74	40	48	0	2	0	2	-72	50716	4	4	1596	1478	351,351
1526389779.946973905	74	40	48	0	2	0	2	-72	50717	4	4	1596	1478	351,351
1526389779.958550788	74	40	48	0	2	0	2	-72	50718	4	4	1596	1478	351,351
1526389779.970396484	74	40	48	0	2	0	2	-71	50719	4	4	1596	1478	351,351
1526389779.982185511	74	40	48	0	2	0	2	-72	50720	4	4	1596	1478	351,351
1526389779.993940096	74	40	48	0	2	0	2	-72	50721	4	4	1596	1478	351,351
1526389780.005710229	74	40	48	0	2	0	2	-72	50722	4	4	1596	1478	351,351
1526389780.017518252	74	40	48	0	2	0	2	-72	50723	4	4	1596	1478	351,351
1526389780.029278782	74	40	48	0	2	0	2	-72	50724	4	4	1596	1478	351,351
1526389780.041394855	74	40	48	0	2	0	2	-72	50725	4	4	1596	1478	351,351
1526389780.053143655	74	40	48	0	2	0	2	-72	50726	4	4	1596	1478	351,351
1526389780.064565272	74	40	48	0	2	0	2	-72	50727	4	4	1596	1478	351,351
1526389780.076309202	74	40	48	0	2	0	2	-72	50728	4	4	1596	1478	351,351
1526389780.088116436	74	40	48	0	2	0	2	-72	50729	4	4	1596	1478	351,351
1526389780.099724059	74	40	48	0	2	0	2	-72	50730	4	4	1596	1478	351,351
1526389780.111419360	74	40	48	0	2	0	2	-72	50731	4	4	1596	1478	351,351
1526389780.123261750	74	40	48	0	2	0	2	-72	50732	4	4	1596	1478	351,351
1526389780.134991559	74	40	48	0	2	0	2	-72	50733	4	4	1596	1478	351,351
1526389780.146648134	74	40	48	0	2	0	2	-72	50734	4	4	1596	1478	351,351
1526389780.158443850	74	40	48	0	2	0	2	-72	50735	4	4	1596	1478	351,351
1526389780.170274254	74	40	48	0	2	0	2	-72	50736	4	4	1596	1478	351,351
1526389780.182028277	74	40	48	0	2	0	2	-72	50737	4	4	1596	1478	351,351
1526389780.193818400	74	40	48	0	2	0	2	-72	50738	4	4	1596	1478	351,351
1526389780.205897626	74	40	48	0	2	0	2	-72	50739	4	4	1596	1478	351,351
1526389780.217326329	74	40	48	0	2	0	2	-72	50740	4	4	1596	1478	351,351
1526389780.229064550	74	40	48	0	2	0	2	-72	50741	4	4	1596	1478	351,351
1526389780.240817040	74	40	48	0	2	0	2	-72	50742	4	4	1596	1478	351,351
1526389780.252539089	74	40	48	0	2	0	2	-72	50743	4	4	1596	1478	351,351
1526389780.264350579	74	40	48	0	2	0	2	-72	50744	4	4	1596	1478	351,351
1526389780.276468771	74	40	48	0	2	0	2	-72	50745	4	4	1596	1478	351,351
1526389780.289025969	74	40	48	0	2	0	2	-73	50746	4	4	1596	1478	351,351
1526389780.299646317	74	40	48	0	2	0	2	-72	50747	4	4	1596	1478	351,351
1526389780.311490098	74	40	48	0	2	0	2	-73	50748	4	4	1596	1478	351,351
1526389780.323508942	74	40	48	0	2	0	2	-73	50749	4	4	1596	1478	351,351
1526389780.335025626	74	40	48	0	2	0	2	-73	50750	4	4	1596	1478	351,351
1526389780.346809468	74	40	48	0	2	0	2	-73	50751	4	4	1596	1478	351,351
1526389780.358468484	74	40	48	0	2	0	2	-73	50752	4	4	1596	1478	351,351
1526389780.370583134	74	40	48	0	2	0	2	-72	50753	4	4	1596	1478	351,351
1526389780.382071227	74	40	48	0	2	0	2	-73	50754	4	4	1596	1478	351,351
1526389780.393863255	74	40	48	0	2	0	2	-72	50755	4	4	1596	1478	351,351
1526389780.405596430	74	40	48	0	2	0	2	-72	50756	4	4	1596	1478	351,351
1526389780.417361435	74	40	48	0	2	0	2	-73	50757	4	4	1596	1478	351,351
1526389780.429115378	74	40	48	0	2	0	2	-73	50758	4	4	1596	1478	351,351
1526389780.440873095	74	40	48	0	2	0	2	-73	50759	4	4	1596	1478	351,351
1526389780.452574900	74	40	48	0	2	0	2	-73	50760	4	4	1596	1478	351,351
1526389780.464390347	74	40	48	0	2	0	2	-73	50761	4	4	1596	1478	351,351
1526389780.476113587	74	40	48	0	2	0	2	-73	50762	4	4	1596	1478	351,351
1526389780.487929854	74	40	48	0	2	0	2	-73	50763	4	4	1596	1478	351,351
1526389780.499616232	74	40	48	0	2	0	2	-73	50764	4	4	1596	1478	351,351
1526389780.511458475	74	40	48	0	2	0	2	-72	50765	4	4	1596	1478	351,351
1526389780.523222518	74	40	48	0	2	0	2	-72	50766	4	4	1596	1478	351,351
1526389780.535307509	74	40	48	0	2	0	2	-72	50767	4	4	1596	1478	351,351
1526389780.546733549	74	40	48	0	2	0	2	-72	50768	4	4	1596	1478	351,351
1526389780.558417842	74	40	48	0	2	0	2	-72	50769	4	4	1596	1478	351,351
1526389780.570186020	74	40	48	0	2	0	2	-72	50770	4	4	1596	1478	351,351
1526389780.582011500	74	40	48	0	2	0	2	-72	50771	4	4	1596	1478	351,351
1526389780.593751233	74	40	48	0	2	0	2	-72	50772	4	4	1596	1478	351,351
1526389780.605544039	74	40	48	0	2	0	2	-72	50773	4	4	1596	1478	351,351
1526389780.617216083	74	40	48	0	2	0	2	-72	50774	4	4	1596	1478	351,351
1526389780.628981621	74	40	48	0	2	0	2	-72	50775	4	4	1596	1478	351,351
1526389780.640704017	74	40	48	0	2	0	2	-72	50776	4	4	1596	1478	351,351
1526389780.652498967	74	40	48	0	2	0	2	-72	50777	4	4	1596	1478	351,351
1526389780.664308889	74	40	48	0	2	0	2	-72	50778	4	4	1596	1478	351,351
1526389780.676074134	74	40	48	0	2	0	2	-72	50779	4	4	1596	1478	351,351
1526389780.687820392	74	40	48	0	2	0	2	-72	50780	4	4	1596	1478	351,351
1526389780.700628065	74	40	48	0	2	0	2	-72	50781	4	4	1596	1478	351,351
1526389780.711352699	74	40	48	0	2	0	2	-72	50782	4	4	1596	1478	351,351
1526389780.723165638	74	40	48	0	2	0	2	-72	50783	4	4	1596	1478	351,351
1526389780.734885836	74	40	48	0	2	0	2	-72	50784	4	4	1596	1478	351,351
1526389780.747019975	74	40	48	0	2	0	2	-72	50785	4	4	1596	1478	351,351
1526389780.758387583	74	40	48	0	2	0	2	-72	50786	4	4	1596	1478	351,351
1526389780.770167666	74	40	48	0	2	0	2	-72	50787	4	4	1596	1478	351,351
1526389780.781852416	74	40	48	0	2	0	2	-72	50788	4	4	1596	1478	351,351
1526389780.793682091	74	40	48	0	2	0	2	-72	50789	4	4	1596	1478	351,351
1526389780.805496460	74	40	48	0	2	0	2	-72	50790	4	4	1596	1478	351,351
1526389780.817199432	74	40	48	0	2	0	2	-72	50791	4	4	1596	1478	351,351
1526389780.828946221	74	40	48	0	2	0	2	-72	50792	4	4	1596	1478	351,351
1526389780.840727248	74	40	48	0	2	0	2	-72	50793	4	4	1596	1478	351,351
1526389780.852485857	74	40	48	0	2	0	2	-72	50794	4	4	1596	1478	351,351
1526389780.864598253	74	40	48	0	2	0	2	-72	50795	4	4	1596	1478	351,351
1526389780.876392503	74	40	48	0	2	0	2	-72	50796	4	4	1596	1478	351,351
1526389780.887778220	74	40	48	0	2	0	2	-72	50797	4	4	1596	1478	351,351
1526389780.899530743	74	40	48	0	2	0	2	-72	50798	4	4	1596	1478	351,351
1526389780.911240984	74	40	48	0	2	0	2	-72	50799	4	4	1596	1478	351,351
1526389780.922950679	74	40	48	0	2	0	2	-72	50800	4	4	1596	1478	351,351
1526389780.934627493	74	40	48	0	2	0	2	-72	50801	4	4	1596	1478	351,351
1526389780.946485512	74	40	48	0	2	0	2	-72	50802	4	4	1596	1478	351,351
1526389780.958233303	74	40	48	0	2	0	2	-72	50803	4	4	1596	1478	351,351
1526389780.969993741	74	40	48	0	2	0	2	-72	50804	4	4	1596	1478	351,351
1526389780.981763124	74	40	48	0	2	0	2	-72	50805	4	4	1596	1478	351,351
1526389780.993522512	74	40	48	0	2	0	2	-73	50806	4	4	1596	1478	351,351
1526389781.006447328	74	40	48	0	2	0	2	-72	50807	4	4	1596	1478	351,351
1526389781.017117570	74	40	48	0	2	0	2	-72	50808	4	4	1596	1478	351,351
1526389781.029242553	74	40	48	0	2	0	2	-72	50809	4	4	1596	1478	351,351
1526389781.041081764	74	40	48	0	2	0	2	-72	50811	4	4	1596	1478	351,351
1526389781.052383082	74	40	48	0	2	0	2	-72	50812	4	4	1596	1478	351,351
1526389781.064157625	74	40	48	0	2	0	2	-72	50813	4	4	1596	1478	351,351
1526389781.075937492	74	40	48	0	2	0	2	-72	50814	4	4	1596	1478	351,351
1526389781.087625359	74	40	48	0	2	0	2	-72	50815	4	4	1596	1478	351,351
1526389781.099314338	74	40	48	0	2	0	2	-72	50816	4	4	1596	1478	351,351
1526389781.111441110	74	40	48	0	2	0	2	-72	50818	4	4	1596	1478	351,351
1526389781.122754610	74	40	48	0	2	0	2	-72	50819	4	4	1596	1478	351,351
1526389781.134453352	74	40	48	0	2	0	2	-72	50820	4	4	1596	1478	351,351
1526389781.146652726	74	40	48	0	2	0	2	-72	50822	4	4	1596	1478	351,351
1526389781.158469411	74	40	48	0	2	0	2	-72	50823	4	4	1596	1478	351,351
1526389781.169954092	74	40	48	0	2	0	2	-72	50824	4	4	1596	1478	351,351
1526389781.181781336	74	40	48	0	2	0	2	-72	50825	4	4	1596	1478	351,351
1526389781.193513930	74	40	48	0	2	0	2	-72	50826	4	4	1596	1478	351,351
1526389781.205619854	74	40	48	0	2	0	2	-72	50827	4	4	1596	1478	351,351
1526389781.217059959	74	40	48	0	2	0	2	-72	50828	4	4	1596	1478	351,351
1526389781.228793575	74	40	48	0	2	0	2	-72	50829	4	4	1596	1478	351,351
1526389781.240551519	74	40	48	0	2	0	2	-72	50830	4	4	1596	1478	351,351
1526389781.252642746	74	40	48	0	2	0	2	-72	50832	4	4	1596	1478	351,351
1526389781.264002114	74	40	48	0	2	0	2	-72	50833	4	4	1596	1478	351,351
1526389781.275782347	74	40	48	0	2	0	2	-72	50834	4	4	1596	1478	351,351
1526389781.287605714	74	40	48	0	2	0	2	-72	50835	4	4	1596	1478	351,351
1526389781.300129072	74	40	48	0	2	0	2	-72	50836	4	4	1596	1478	351,351
1526389781.311123871	74	40	48	0	2	0	2	-72	50837	4	4	1596	1478	351,351
1526389781.322947101	74	40	48	0	2	0	2	-72	50838	4	4	1596	1478	351,351
1526389781.334641027	74	40	48	0	2	0	2	-72	50839	4	4	1596	1478	351,351
1526389781.346405943	74	40	48	0	2	0	2	-72	50840	4	4	1596	1478	351,351
1526389781.357962355	74	40	48	0	2	0	2	-72	50841	4	4	1596	1478	351,351
1526389781.370293326	74	40	48	0	2	0	2	-72	50842	4	4	1596	1478	351,351
1526389781.381672305	74	40	48	0	2	0	2	-72	50843	4	4	1596	1478	351,351
1526389781.393443228	74	40	48	0	2	0	2	-72	50844	4	4	1596	1478	351,351
1526389781.405205682	74	40	48	0	2	0	2	-72	50845	4	4	1596	1478	351,351
1526389781.416986392	74	40	48	0	2	0	2	-72	50846	4	4	1596	1478	351,351
1526389781.428744809	74	40	48	0	2	0	2	-72	50847	4	4	1596	1478	351,351
1526389781.440491538	74	40	48	0	2	0	2	-72	50848	4	4	1596	1478	351,351
1526389781.452261837	74	40	48	0	2	0	2	-72	50849	4	4	1596	1478	351,351
1526389781.463931747	74	40	48	0	2	0	2	-72	50850	4	4	1596	1478	351,351
1526389781.475782114	74	40	48	0	2	0	2	-72	50851	4	4	1596	1478	351,351
1526389781.487545263	74	40	48	0	2	0	2	-72	50852	4	4	1596	1478	351,351
1526389781.499301578	74	40	48	0	2	0	2	-72	50853	4	4	1596	1478	351,351
1526389781.511031333	74	40	48	0	2	0	2	-72	50854	4	4	1596	1478	351,351
1526389781.522846587	74	40	48	0	2	0	2	-72	50855	4	4	1596	1478	351,351
1526389781.534965933	74	40	48	0	2	0	2	-72	50856	4	4	1596	1478	351,351
1526389781.546316249	74	40	48	0	2	0	2	-72	50857	4	4	1596	1478	351,351
1526389781.558088818	74	40	48	0	2	0	2	-72	50858	4	4	1596	1478	351,351
1526389781.569861350	74	40	48	0	2	0	2	-72	50859	4	4	1596	1478	351,351
1526389781.581881489	74	40	48	0	2	0	2	-72	50860	4	4	1596	1478	351,351
1526389781.593366274	74	40	48	0	2	0	2	-72	50861	4	4	1596	1478	351,351
1526389781.605130857	74	40	48	0	2	0	2	-72	50862	4	4	1596	1478	351,351
1526389781.616833961	74	40	48	0	2	0	2	-72	50863	4	4	1596	1478	351,351
1526389781.628687737	74	40	48	0	2	0	2	-72	50864	4	4	1596	1478	351,351
1526389781.640281148	74	40	48	0	2	0	2	-72	50865	4	4	1596	1478	351,351
1526389781.652014168	74	40	48	0	2	0	2	-72	50866	4	4	1596	1478	351,351
1526389781.663861311	74	40	48	0	2	0	2	-72	50867	4	4	1596	1478	351,351
1526389781.675674618	74	40	48	0	2	0	2	-72	50868	4	4	1596	1478	351,351
1526389781.687445622	74	40	48	0	2	0	2	-72	50869	4	4	1596	1478	351,351
1526389781.699545816	74	40	48	0	2	0	2	-72	50870	4	4	1596	1478	351,351
1526389781.710964552	74	40	48	0	2	0	2	-72	50871	4	4	1596	1478	351,351
1526389781.722739325	74	40	48	0	2	0	2	-72	50872	4	4	1596	1478	351,351
1526389781.734495982	74	40	48	0	2	0	2	-72	50873	4	4	1596	1478	351,351
1526389781.746241634	74	40	48	0	2	0	2	-72	50874	4	4	1596	1478	351,351
1526389781.758009166	74	40	48	0	2	0	2	-72	50875	4	4	1596	1478	351,351
1526389781.769692342	74	40	48	0	2	0	2	-72	50876	4	4	1596	1478	351,351
1526389781.781505405	74	40	48	0	2	0	2	-72	50877	4	4	1596	1478	351,351
1526389781.793284237	74	40	48	0	2	0	2	-72	50878	4	4	1596	1478	351,351
1526389781.805055669	74	40	48	0	2	0	2	-72	50879	4	4	1596	1478	351,351
1526389781.816724133	74	40	48	0	2	0	2	-72	50880	4	4	1596	1478	351,351
1526389781.828590186	74	40	48	0	2	0	2	-72	50881	4	4	1596	1478	351,351
1526389781.840199617	74	40	48	0	2	0	2	-72	50882	4	4	1596	1478	351,351
1526389781.852083152	74	40	48	0	2	0	2	-72	50883	4	4	1596	1478	351,351
1526389781.864208780	74	40	48	0	2	0	2	-72	50884	4	4	1596	1478	351,351
1526389781.875599277	74	40	48	0	2	0	2	-72	50885	4	4	1596	1478	351,351
1526389781.887307367	74	40	48	0	2	0	2	-72	50886	4	4	1596	1478	351,351
1526389781.899043185	74	40	48	0	2	0	2	-72	50887	4	4	1596	1478	351,351
1526389781.910829091	74	40	48	0	2	0	2	-72	50888	4	4	1596	1478	351,351
1526389781.922378525	74	40	48	0	2	0	2	-72	50889	4	4	1596	1478	351,351
1526389781.934349933	74	40	48	0	2	0	2	-72	50890	4	4	1596	1478	351,351
1526389781.946086505	74	40	48	0	2	0	2	-72	50891	4	4	1596	1478	351,351
1526389781.957837403	74	40	48	0	2	0	2	-72	50892	4	4	1596	1478	351,351
1526389781.969606633	74	40	48	0	2	0	2	-72	50893	4	4	1596	1478	351,351
1526389781.981385219	74	40	48	0	2	0	2	-72	50894	4	4	1596	1478	351,351
1526389781.993490064	74	40	48	0	2	0	2	-72	50895	4	4	1596	1478	351,351
1526389782.004881630	74	40	48	0	2	0	2	-73	50896	4	4	1596	1478	351,351
1526389782.016973278	74	40	48	0	2	0	2	-72	50897	4	4	1596	1478	351,351
1526389782.028410191	74	40	48	0	2	0	2	-72	50898	4	4	1596	1478	351,351
1526389782.040536557	74	40	48	0	2	0	2	-72	50899	4	4	1596	1478	351,351
1526389782.051840599	74	40	48	0	2	0	2	-72	50900	4	4	1596	1478	351,351
1526389782.063590244	74	40	48	0	2	0	2	-72	50901	4	4	1596	1478	351,351
1526389782.075329461	74	40	48	0	2	0	2	-72	50902	4	4	1596	1478	351,351
1526389782.087090241	74	40	48	0	2	0	2	-72	50903	4	4	1596	1478	351,351
1526389782.098839810	74	40	48	0	2	0	2	-72	50904	4	4	1596	1478	351,351
1526389782.110606217	74	40	48	0	2	0	2	-72	50905	4	4	1596	1478	351,351
1526389782.122361707	74	40	48	0	2	0	2	-72	50906	4	4	1596	1478	351,351
1526389782.134140601	74	40	48	0	2	0	2	-72	50907	4	4	1596	1478	351,351
1526389782.145825661	74	40	48	0	2	0	2	-72	50908	4	4	1596	1478	351,351
1526389782.157567327	74	40	48	0	2	0	2	-72	50909	4	4	1596	1478	351,351
1526389782.169458684	74	40	48	0	2	0	2	-72	50910	4	4	1596	1478	351,351
1526389782.181232962	74	40	48	0	2	0	2	-72	50911	4	4	1596	1478	351,351
1526389782.192985534	74	40	48	0	2	0	2	-72	50912	4	4	1596	1478	351,351
1526389782.205008754	74	40	48	0	2	0	2	-72	50913	4	4	1596	1478	351,351
1526389782.216526269	74	40	48	0	2	0	2	-72	50914	4	4	1596	1478	351,351
1526389782.228279041	74	40	48	0	2	0	2	-72	50915	4	4	1596	1478	351,351
1526389782.240400389	74	40	48	0	2	0	2	-72	50916	4	4	1596	1478	351,351
1526389782.251666876	74	40	48	0	2	0	2	-72	50917	4	4	1596	1478	351,351
1526389782.263616260	74	40	48	0	2	0	2	-72	50918	4	4	1596	1478	351,351
1526389782.275444210	74	40	48	0	2	0	2	-72	50919	4	4	1596	1478	351,351
1526389782.287184236	74	40	48	0	2	0	2	-72	50920	4	4	1596	1478	351,351
1526389782.298951614	74	40	48	0	2	0	2	-72	50921	4	4	1596	1478	351,351
1526389782.310730250	74	40	48	0	2	0	2	-72	50922	4	4	1596	1478	351,351
1526389782.322497305	74	40	48	0	2	0	2	-72	50923	4	4	1596	1478	351,351
1526389782.334243305	74	40	48	0	2	0	2	-72	50924	4	4	1596	1478	351,351
1526389782.346030746	74	40	48	0	2	0	2	-72	50925	4	4	1596	1478	351,351
1526389782.357753656	74	40	48	0	2	0	2	-72	50926	4	4	1596	1478	351,351
1526389782.369819210	74	40	48	0	2	0	2	-72	50927	4	4	1596	1478	351,351
1526389782.381276223	74	40	48	0	2	0	2	-72	50928	4	4	1596	1478	351,351
1526389782.393053829	74	40	48	0	2	0	2	-72	50929	4	4	1596	1478	351,351
1526389782.404823654	74	40	48	0	2	0	2	-72	50930	4	4	1596	1478	351,351
1526389782.416912089	74	40	48	0	2	0	2	-72	50931	4	4	1596	1478	351,351
1526389782.428331910	74	40	48	0	2	0	2	-72	50932	4	4	1596	1478	351,351
1526389782.440102489	74	40	48	0	2	0	2	-72	50933	4	4	1596	1478	351,351
1526389782.451848368	74	40	48	0	2	0	2	-72	50934	4	4	1596	1478	351,351
1526389782.463616658	74	40	48	0	2	0	2	-72	50935	4	4	1596	1478	351,351
1526389782.475365147	74	40	48	0	2	0	2	-72	50936	4	4	1596	1478	351,351
1526389782.487138476	74	40	48	0	2	0	2	-72	50937	4	4	1596	1478	351,351
1526389782.498897622	74	40	48	0	2	0	2	-72	50938	4	4	1596	1478	351,351
1526389782.510635904	74	40	48	0	2	0	2	-72	50939	4	4	1596	1478	351,351
1526389782.522341076	74	40	48	0	2	0	2	-72	50940	4	4	1596	1478	351,351
1526389782.534511824	74	40	48	0	2	0	2	-72	50941	4	4	1596	1478	351,351
1526389782.545935760	74	40	48	0	2	0	2	-72	50942	4	4	1596	1478	351,351
1526389782.557675256	74	40	48	0	2	0	2	-72	50943	4	4	1596	1478	351,351
1526389782.569444097	74	40	48	0	2	0	2	-72	50944	4	4	1596	1478	351,351
1526389782.581195209	74	40	48	0	2	0	2	-72	50945	4	4	1596	1478	351,351
1526389782.592945396	74	40	48	0	2	0	2	-72	50946	4	4	1596	1478	351,351
1526389782.604731843	74	40	48	0	2	0	2	-72	50947	4	4	1596	1478	351,351
1526389782.616491422	74	40	48	0	2	0	2	-72	50948	4	4	1596	1478	351,351
1526389782.628257514	74	40	48	0	2	0	2	-72	50949	4	4	1596	1478	351,351
1526389782.639923945	74	40	48	0	2	0	2	-72	50950	4	4	1596	1478	351,351
1526389782.651805221	74	40	48	0	2	0	2	-72	50951	4	4	1596	1478	351,351
1526389782.663437996	74	40	48	0	2	0	2	-72	50952	4	4	1596	1478	351,351
1526389782.675222404	74	40	48	0	2	0	2	-72	50953	4	4	1596	1478	351,351
1526389782.687045246	74	40	48	0	2	0	2	-72	50954	4	4	1596	1478	351,351
1526389782.699140307	74	40	48	0	2	0	2	-72	50955	4	4	1596	1478	351,351
1526389782.710468925	74	40	48	0	2	0	2	-72	50956	4	4	1596	1478	351,351
1526389782.722336317	74	40	48	0	2	0	2	-72	50957	4	4	1596	1478	351,351
1526389782.734212108	74	40	48	0	2	0	2	-72	50958	4	4	1596	1478	351,351
1526389782.745777555	74	40	48	0	2	0	2	-72	50959	4	4	1596	1478	351,351
1526389782.757509883	74	40	48	0	2	0	2	-72	50960	4	4	1596	1478	351,351
1526389782.769384841	74	40	48	0	2	0	2	-72	50961	4	4	1596	1478	351,351
1526389782.781111023	74	40	48	0	2	0	2	-72	50962	4	4	1596	1478	351,351
1526389782.792862561	74	40	48	0	2	0	2	-72	50963	4	4	1596	1478	351,351
1526389782.804648237	74	40	48	0	2	0	2	-72	50964	4	4	1596	1478	351,351
1526389782.816389711	74	40	48	0	2	0	2	-72	50965	4	4	1596	1478	351,351
1526389782.828512187	74	40	48	0	2	0	2	-72	50966	4	4	1596	1478	351,351
1526389782.839910158	74	40	48	0	2	0	2	-72	50967	4	4	1596	1478	351,351
1526389782.851690352	74	40	48	0	2	0	2	-72	50968	4	4	1596	1478	351,351
1526389782.863440498	74	40	48	0	2	0	2	-72	50969	4	4	1596	1478	351,351
1526389782.875506315	74	40	48	0	2	0	2	-72	50970	4	4	1596	1478	351,351
1526389782.886836778	74	40	48	0	2	0	2	-72	50971	4	4	1596	1478	351,351
1526389782.898670516	74	40	48	0	2	0	2	-72	50972	4	4	1596	1478	351,351
1526389782.910403390	74	40	48	0	2	0	2	-72	50973	4	4	1596	1478	351,351
1526389782.922162511	74	40	48	0	2	0	2	-72	50974	4	4	1596	1478	351,351
1526389782.933909232	74	40	48	0	2	0	2	-72	50975	4	4	1596	1478	351,351
1526389782.945718157	74	40	48	0	2	0	2	-72	50976	4	4	1596	1478	351,351
1526389782.957862806	74	40	48	0	2	0	2	-72	50977	4	4	1596	1478	351,351
1526389782.969205804	74	40	48	0	2	0	2	-72	50978	4	4	1596	1478	351,351
1526389782.980899133	74	40	48	0	2	0	2	-72	50979	4	4	1596	1478	351,351
1526389782.992719767	74	40	48	0	2	0	2	-72	50980	4	4	1596	1478	351,351
1526389783.004503967	74	40	48	0	2	0	2	-72	50981	4	4	1596	1478	351,351
1526389783.016303655	74	40	48	0	2	0	2	-72	50982	4	4	1596	1478	351,351
1526389783.028017914	74	40	48	0	2	0	2	-73	50983	4	4	1596	1478	351,351
1526389783.040942306	74	40	48	0	2	0	2	-73	50984	4	4	1596	1478	351,351
1526389783.051573019	74	40	48	0	2	0	2	-73	50985	4	4	1596	1478	351,351
1526389783.063377748	74	40	48	0	2	0	2	-72	50986	4	4	1596	1478	351,351
1526389783.075150456	74	40	48	0	2	0	2	-72	50987	4	4	1596	1478	351,351
1526389783.086896879	74	40	48	0	2	0	2	-72	50988	4	4	1596	1478	351,351
1526389783.098636348	74	40	48	0	2	0	2	-72	50989	4	4	1596	1478	351,351
1526389783.110396122	74	40	48	0	2	0	2	-72	50990	4	4	1596	1478	351,351
1526389783.122192102	74	40	48	0	2	0	2	-72	50991	4	4	1596	1478	351,351
1526389783.133845212	74	40	48	0	2	0	2	-72	50992	4	4	1596	1478	351,351
1526389783.145584615	74	40	48	0	2	0	2	-72	50993	4	4	1596	1478	351,351
1526389783.157384323	74	40	48	0	2	0	2	-72	50994	4	4	1596	1478	351,351
1526389783.169048018	74	40	48	0	2	0	2	-72	50995	4	4	1596	1478	351,351
1526389783.180872864	74	40	48	0	2	0	2	-72	50996	4	4	1596	1478	351,351
1526389783.192627311	74	40	48	0	2	0	2	-72	50997	4	4	1596	1478	351,351
1526389783.204731700	74	40	48	0	2	0	2	-72	50998	4	4	1596	1478	351,351
1526389783.216261315	74	40	48	0	2	0	2	-72	50999	4	4	1596	1478	351,351
1526389783.227998394	74	40	48	0	2	0	2	-72	51000	4	4	1596	1478	351,351
1526389783.239690162	74	40	48	0	2	0	2	-72	51001	4	4	1596	1478	351,351
1526389783.251803356	74	40	48	0	2	0	2	-73	51002	4	4	1596	1478	351,351
1526389783.263201530	74	40	48	0	2	0	2	-73	51003	4	4	1596	1478	351,351
1526389783.275035443	74	40	48	0	2	0	2	-73	51004	4	4	1596	1478	351,351
1526389783.286734432	74	40	48	0	2	0	2	-73	51005	4	4	1596	1478	351,351
1526389783.298586359	74	40	48	0	2	0	2	-73	51006	4	4	1596	1478	351,351
1526389783.310339327	74	40	48	0	2	0	2	-73	51007	4	4	1596	1478	351,351
1526389783.322397544	74	40	48	0	2	0	2	-73	51008	4	4	1596	1478	351,351
1526389783.333850314	74	40	48	0	2	0	2	-72	51009	4	4	1596	1478	351,351
1526389783.345539309	74	40	48	0	2	0	2	-72	51010	4	4	1596	1478	351,351
1526389783.357276794	74	40	48	0	2	0	2	-73	51011	4	4	1596	1478	351,351
1526389783.369424946	74	40	48	0	2	0	2	-72	51012	4	4	1596	1478	351,351
1526389783.380760044	74	40	48	0	2	0	2	-72	51013	4	4	1596	1478	351,351
1526389783.392569843	74	40	48	0	2	0	2	-72	51014	4	4	1596	1478	351,351
1526389783.404425044	74	40	48	0	2	0	2	-72	51015	4	4	1596	1478	351,351
1526389783.416107438	74	40	48	0	2	0	2	-72	51016	4	4	1596	1478	351,351
1526389783.427933588	74	40	48	0	2	0	2	-72	51017	4	4	1596	1478	351,351
1526389783.439870118	74	40	48	0	2	0	2	-73	51018	4	4	1596	1478	351,351
1526389783.451371121	74	40	48	0	2	0	2	-73	51019	4	4	1596	1478	351,351
1526389783.464191910	74	40	48	0	2	0	2	-72	51020	4	4	1596	1478	351,351
1526389783.474994386	74	40	48	0	2	0	2	-72	51021	4	4	1596	1478	351,351
1526389783.486759782	74	40	48	0	2	0	2	-72	51022	4	4	1596	1478	351,351
1526389783.498463502	74	40	48	0	2	0	2	-72	51023	4	4	1596	1478	351,351
1526389783.510243201	74	40	48	0	2	0	2	-72	51024	4	4	1596	1478	351,351
1526389783.522003404	74	40	48	0	2	0	2	-72	51025	4	4	1596	1478	351,351
1526389783.534036930	74	40	48	0	2	0	2	-72	51026	4	4	1596	1478	351,351
1526389783.545519446	74	40	48	0	2	0	2	-72	51027	4	4	1596	1478	351,351
1526389783.557272868	74	40	48	0	2	0	2	-72	51028	4	4	1596	1478	351,351
1526389783.569079570	74	40	48	0	2	0	2	-72	51029	4	4	1596	1478	351,351
1526389783.580800595	74	40	48	0	2	0	2	-72	51030	4	4	1596	1478	351,351
1526389783.592492471	74	40	48	0	2	0	2	-72	51031	4	4	1596	1478	351,351
1526389783.604356195	74	40	48	0	2	0	2	-72	51032	4	4	1596	1478	351,351
1526389783.616000627	74	40	48	0	2	0	2	-72	51033	4	4	1596	1478	351,351
1526389783.627846062	74	40	48	0	2	0	2	-72	51034	4	4	1596	1478	351,351
1526389783.639824175	74	40	48	0	2	0	2	-72	51035	4	4	1596	1478	351,351
1526389783.651633576	74	40	48	0	2	0	2	-72	51036	4	4	1596	1478	351,351
1526389783.663122165	74	40	48	0	2	0	2	-72	51037	4	4	1596	1478	351,351
1526389783.674936062	74	40	48	0	2	0	2	-73	51038	4	4	1596	1478	351,351
1526389783.686558835	74	40	48	0	2	0	2	-72	51039	4	4	1596	1478	351,351
1526389783.698409219	74	40	48	0	2	0	2	-72	51040	4	4	1596	1478	351,351
1526389783.710166058	74	40	48	0	2	0	2	-72	51041	4	4	1596	1478	351,351
1526389783.721915224	74	40	48	0	2	0	2	-72	51042	4	4	1596	1478	351,351
1526389783.733663005	74	40	48	0	2	0	2	-72	51043	4	4	1596	1478	351,351
1526389783.745678328	74	40	48	0	2	0	2	-73	51044	4	4	1596	1478	351,351
1526389783.757764606	74	40	48	0	2	0	2	-72	51045	4	4	1596	1478	351,351
1526389783.768954056	74	40	48	0	2	0	2	-72	51046	4	4	1596	1478	351,351
1526389783.780755755	74	40	48	0	2	0	2	-72	51047	4	4	1596	1478	351,351
1526389783.792468768	74	40	48	0	2	0	2	-72	51048	4	4	1596	1478	351,351
1526389783.804261975	74	40	48	0	2	0	2	-72	51049	4	4	1596	1478	351,351
1526389783.816025154	74	40	48	0	2	0	2	-72	51050	4	4	1596	1478	351,351
1526389783.827765832	74	40	48	0	2	0	2	-72	51051	4	4	1596	1478	351,351
1526389783.839378050	74	40	48	0	2	0	2	-72	51052	4	4	1596	1478	351,351
1526389783.851208845	74	40	48	0	2	0	2	-73	51053	4	4	1596	1478	351,351
1526389783.862962670	74	40	48	0	2	0	2	-72	51054	4	4	1596	1478	351,351
1526389783.874763653	74	40	48	0	2	0	2	-73	51055	4	4	1596	1478	351,351
1526389783.886497784	74	40	48	0	2	0	2	-73	51056	4	4	1596	1478	351,351
1526389783.898343450	74	40	48	0	2	0	2	-73	51057	4	4	1596	1478	351,351
1526389783.910423825	74	40	48	0	2	0	2	-73	51058	4	4	1596	1478	351,351
1526389783.921707878	74	40	48	0	2	0	2	-73	51059	4	4	1596	1478	351,351
1526389783.933596091	74	40	48	0	2	0	2	-73	51060	4	4	1596	1478	351,351
1526389783.945287220	74	40	48	0	2	0	2	-73	51061	4	4	1596	1478	351,351
1526389783.957137657	74	40	48	0	2	0	2	-73	51062	4	4	1596	1478	351,351
1526389783.968887944	74	40	48	0	2	0	2	-73	51063	4	4	1596	1478	351,351
1526389783.980667527	74	40	48	0	2	0	2	-73	51064	4	4	1596	1478	351,351
1526389783.992384470	74	40	48	0	2	0	2	-73	51065	4	4	1596	1478	351,351
1526389784.004107106	74	40	48	0	2	0	2	-72	51066	4	4	1596	1478	351,351
1526389784.015840132	74	40	48	0	2	0	2	-72	51067	4	4	1596	1478	351,351
1526389784.027652007	74	40	48	0	2	0	2	-72	51068	4	4	1596	1478	351,351
1526389784.039352745	74	40	48	0	2	0	2	-73	51069	4	4	1596	1478	351,351
1526389784.051202007	74	40	48	0	2	0	2	-72	51070	4	4	1596	1478	351,351
1526389784.063197077	74	40	48	0	2	0	2	-73	51071	4	4	1596	1478	351,351
1526389784.074657033	74	40	48	0	2	0	2	-73	51072	4	4	1596	1478	351,351
1526389784.086467764	74	40	48	0	2	0	2	-73	51073	4	4	1596	1478	351,351
1526389784.098326814	74	40	48	0	2	0	2	-73	51074	4	4	1596	1478	351,351
1526389784.110412416	74	40	48	0	2	0	2	-73	51075	4	4	1596	1478	351,351
1526389784.121805692	74	40	48	0	2	0	2	-73	51076	4	4	1596	1478	351,351
1526389784.133593369	74	40	48	0	2	0	2	-73	51077	4	4	1596	1478	351,351
1526389784.145246125	74	40	48	0	2	0	2	-73	51078	4	4	1596	1478	351,351
1526389784.157112772	74	40	48	0	2	0	2	-73	51079	4	4	1596	1478	351,351
1526389784.168764010	74	40	48	0	2	0	2	-73	51080	4	4	1596	1478	351,351
1526389784.180586235	74	40	48	0	2	0	2	-73	51081	4	4	1596	1478	351,351
1526389784.192314748	74	40	48	0	2	0	2	-73	51082	4	4	1596	1478	351,351
1526389784.204034840	74	40	48	0	2	0	2	-73	51083	4	4	1596	1478	351,351
1526389784.215815881	74	40	48	0	2	0	2	-72	51084	4	4	1596	1478	351,351
1526389784.227638353	74	40	48	0	2	0	2	-73	51085	4	4	1596	1478	351,351
1526389784.239311317	74	40	48	0	2	0	2	-72	51086	4	4	1596	1478	351,351
1526389784.251090881	74	40	48	0	2	0	2	-72	51087	4	4	1596	1478	351,351
1526389784.262859938	74	40	48	0	2	0	2	-72	51088	4	4	1596	1478	351,351
1526389784.275044474	74	40	48	0	2	0	2	-72	51089	4	4	1596	1478	351,351
1526389784.286183321	74	40	48	0	2	0	2	-72	51090	4	4	1596	1478	351,351
1526389784.297939885	74	40	48	0	2	0	2	-72	51091	4	4	1596	1478	351,351
1526389784.309778446	74	40	48	0	2	0	2	-71	51092	4	4	1596	1478	351,351
1526389784.321589654	74	40	48	0	2	0	2	-72	51093	4	4	1596	1478	351,351
1526389784.333296272	74	40	48	0	2	0	2	-72	51094	4	4	1596	1478	351,351
1526389784.345072336	74	40	48	0	2	0	2	-71	51095	4	4	1596	1478	351,351
1526389784.356981839	74	40	48	0	2	0	2	-71	51096	4	4	1596	1478	351,351
1526389784.368621059	74	40	48	0	2	0	2	-72	51097	4	4	1596	1478	351,351
1526389784.380610341	74	40	48	0	2	0	2	-71	51098	4	4	1596	1478	351,351
1526389784.392282199	74	40	48	0	2	0	2	-72	51099	4	4	1596	1478	351,351
1526389784.404043122	74	40	48	0	2	0	2	-72	51100	4	4	1596	1478	351,351
1526389784.415778665	74	40	48	0	2	0	2	-72	51101	4	4	1596	1478	351,351
1526389784.427537901	74	40	48	0	2	0	2	-72	51102	4	4	1596	1478	351,351
1526389784.439630609	74	40	48	0	2	0	2	-72	51103	4	4	1596	1478	351,351
1526389784.451039918	74	40	48	0	2	0	2	-72	51104	4	4	1596	1478	351,351
1526389784.462803938	74	40	48	0	2	0	2	-72	51105	4	4	1596	1478	351,351
