1526389731.386483554	66	40	48	0	2	0	2	-67	49161	5	4	1596	1478	468,468
1526389731.386528796	66	40	48	0	2	0	2	-67	49161	5	4	1596	1478	468,468
1526389731.390915890	66	40	48	0	2	0	2	-67	49162	5	4	1596	1478	468,468
1526389731.402710390	66	40	48	0	2	0	2	-67	49163	5	4	1596	1478	468,468
1526389731.414533139	66	40	48	0	2	0	2	-67	49164	5	4	1596	1478	468,468
1526389731.426358672	63	40	48	0	2	0	2	-67	49165	6	4	1596	1478	526,5,526,5
1526389731.437984492	63	40	48	0	2	0	2	-67	49166	6	4	1596	1478	526,5,526,5
1526389731.449971083	63	40	48	0	2	0	2	-67	49167	6	4	1596	1478	526,5,526,5
1526389731.461727641	63	40	48	0	2	0	2	-67	49168	6	4	1596	1478	526,5,526,5
1526389731.473770725	63	40	48	0	2	0	2	-67	49170	6	4	1596	1478	526,5,526,5
1526389731.485607745	63	40	48	0	2	0	2	-67	49171	6	4	1596	1478	526,5,526,5
1526389731.496920791	63	40	48	0	2	0	2	-67	49172	6	4	1596	1478	526,5,526,5
1526389731.508644742	63	40	48	0	2	0	2	-67	49173	6	4	1596	1478	526,5,526,5
1526389731.520403666	63	40	48	0	2	0	2	-67	49174	6	4	1596	1478	526,5,526,5
1526389731.532145955	63	40	48	0	2	0	2	-67	49175	6	4	1596	1478	526,5,526,5
1526389731.543919924	63	40	48	0	2	0	2	-67	49176	6	4	1596	1478	526,5,526,5
1526389731.555713678	63	40	48	0	2	0	2	-67	49177	6	4	1596	1478	526,5,526,5
1526389731.567437628	63	40	48	0	2	0	2	-67	49178	6	4	1596	1478	526,5,526,5
1526389731.579212291	63	40	48	0	2	0	2	-67	49179	6	4	1596	1478	526,5,526,5
1526389731.590929867	63	40	48	0	2	0	2	-67	49180	6	4	1596	1478	526,5,526,5
1526389731.602713617	63	40	48	0	2	0	2	-67	49181	6	4	1596	1478	526,5,526,5
1526389731.614477767	63	40	48	0	2	0	2	-67	49182	6	4	1596	1478	526,5,526,5
1526389731.626242957	63	40	48	0	2	0	2	-67	49183	6	4	1596	1478	526,5,526,5
1526389731.638345040	63	40	48	0	2	0	2	-67	49185	6	4	1596	1478	526,5,526,5
1526389731.650416924	63	40	48	0	2	0	2	-67	49186	6	4	1596	1478	526,5,526,5
1526389731.661862200	63	40	48	0	2	0	2	-67	49188	6	4	1596	1478	526,5,526,5
1526389731.673796235	63	40	48	0	2	0	2	-67	49190	6	4	1596	1478	526,5,526,5
1526389731.685361908	63	40	48	0	2	0	2	-67	49192	6	4	1596	1478	526,5,526,5
1526389731.696803764	63	40	48	0	2	0	2	-67	49193	6	4	1596	1478	526,5,526,5
1526389731.708860794	63	40	48	0	2	0	2	-67	49195	6	4	1596	1478	526,5,526,5
1526389731.720706356	63	40	48	0	2	0	2	-67	49196	6	4	1596	1478	526,5,526,5
1526389731.732330020	63	40	48	0	2	0	2	-67	49198	6	4	1596	1478	526,5,526,5
1526389731.744248925	63	40	48	0	2	0	2	-67	49200	6	4	1596	1478	526,5,526,5
1526389731.756977750	63	40	48	0	2	0	2	-67	49203	6	4	1596	1478	526,5,526,5
1526389731.767357729	63	40	48	0	2	0	2	-67	49204	6	4	1596	1478	526,5,526,5
1526389731.778991695	63	40	48	0	2	0	2	-67	49205	6	4	1596	1478	526,5,526,5
1526389731.790866843	63	40	48	0	2	0	2	-67	49206	6	4	1596	1478	526,5,526,5
1526389731.802622262	63	40	48	0	2	0	2	-67	49207	6	4	1596	1478	526,5,526,5
1526389731.814736126	63	40	48	0	2	0	2	-67	49209	6	4	1596	1478	526,5,526,5
1526389731.826158052	63	40	48	0	2	0	2	-67	49210	6	4	1596	1478	526,5,526,5
1526389731.837914347	63	40	48	0	2	0	2	-67	49211	6	4	1596	1478	526,5,526,5
1526389731.849761513	63	40	48	0	2	0	2	-68	49212	6	4	1596	1478	526,5,526,5
1526389731.861501890	63	40	48	0	2	0	2	-67	49213	6	4	1596	1478	526,5,526,5
1526389731.874748246	66	40	48	0	2	0	2	-67	49217	5	4	1596	1478	468,468
1526389731.885000641	66	40	48	0	2	0	2	-67	49218	5	4	1596	1478	468,468
1526389731.896861630	66	40	48	0	2	0	2	-67	49219	5	4	1596	1478	468,468
1526389731.908995449	66	40	48	0	2	0	2	-67	49221	5	4	1596	1478	468,468
1526389731.923212498	74	40	48	0	2	0	2	-67	49226	4	4	1596	1478	351,351
1526389731.932115574	74	40	48	0	2	0	2	-67	49227	4	4	1596	1478	351,351
1526389731.943834181	74	40	48	0	2	0	2	-67	49228	4	4	1596	1478	351,351
1526389731.957055874	74	40	48	0	2	0	2	-67	49229	4	4	1596	1478	351,351
1526389731.967319065	74	40	48	0	2	0	2	-67	49230	4	4	1596	1478	351,351
1526389731.979109703	74	40	48	0	2	0	2	-67	49231	4	4	1596	1478	351,351
1526389731.990936456	74	40	48	0	2	0	2	-67	49232	4	4	1596	1478	351,351
1526389732.002594690	74	40	48	0	2	0	2	-67	49233	4	4	1596	1478	351,351
1526389732.014446727	66	40	48	0	2	0	2	-67	49234	5	4	1596	1478	468,468
1526389732.026098418	66	40	48	0	2	0	2	-67	49235	5	4	1596	1478	468,468
1526389732.037899164	66	40	48	0	2	0	2	-67	49236	5	4	1596	1478	468,468
1526389732.050224280	66	40	48	0	2	0	2	-67	49239	5	4	1596	1478	468,468
1526389732.061589548	66	40	48	0	2	0	2	-67	49240	5	4	1596	1478	468,468
1526389732.073491723	66	40	48	0	2	0	2	-68	49242	5	4	1596	1478	468,468
1526389732.084886742	66	40	48	0	2	0	2	-68	49243	5	4	1596	1478	468,468
1526389732.096632051	66	40	48	0	2	0	2	-68	49244	5	4	1596	1478	468,468
1526389732.108422366	66	40	48	0	2	0	2	-68	49245	5	4	1596	1478	468,468
1526389732.120139770	66	40	48	0	2	0	2	-68	49246	5	4	1596	1478	468,468
1526389732.131916964	66	40	48	0	2	0	2	-68	49247	5	4	1596	1478	468,468
1526389732.143606109	66	40	48	0	2	0	2	-68	49248	5	4	1596	1478	468,468
1526389732.156900823	74	40	48	0	2	0	2	-68	49252	4	4	1596	1478	351,351
1526389732.167244348	74	40	48	0	2	0	2	-68	49253	4	4	1596	1478	351,351
1526389732.178975293	74	40	48	0	2	0	2	-68	49254	4	4	1596	1478	351,351
1526389732.190726631	74	40	48	0	2	0	2	-68	49255	4	4	1596	1478	351,351
1526389732.202504107	74	40	48	0	2	0	2	-68	49256	4	4	1596	1478	351,351
1526389732.214253156	74	40	48	0	2	0	2	-68	49257	4	4	1596	1478	351,351
1526389732.225975384	74	40	48	0	2	0	2	-68	49258	4	4	1596	1478	351,351
1526389732.237768659	74	40	48	0	2	0	2	-68	49259	4	4	1596	1478	351,351
1526389732.249519049	66	40	48	0	2	0	2	-68	49260	5	4	1596	1478	468,468
1526389732.261277045	66	40	48	0	2	0	2	-68	49261	5	4	1596	1478	468,468
1526389732.273069223	66	40	48	0	2	0	2	-68	49262	5	4	1596	1478	468,468
1526389732.284647296	66	40	48	0	2	0	2	-68	49263	5	4	1596	1478	468,468
1526389732.296618649	66	40	48	0	2	0	2	-68	49264	5	4	1596	1478	468,468
1526389732.308790164	66	40	48	0	2	0	2	-68	49266	5	4	1596	1478	468,468
1526389732.320162109	66	40	48	0	2	0	2	-68	49267	5	4	1596	1478	468,468
1526389732.331943115	66	40	48	0	2	0	2	-68	49268	5	4	1596	1478	468,468
1526389732.343698579	66	40	48	0	2	0	2	-68	49269	5	4	1596	1478	468,468
1526389732.355472038	66	40	48	0	2	0	2	-68	49270	5	4	1596	1478	468,468
1526389732.367201101	66	40	48	0	2	0	2	-68	49271	5	4	1596	1478	468,468
1526389732.378969144	66	40	48	0	2	0	2	-68	49272	5	4	1596	1478	468,468
1526389732.390732978	66	40	48	0	2	0	2	-68	49273	5	4	1596	1478	468,468
1526389732.402375518	66	40	48	0	2	0	2	-68	49274	5	4	1596	1478	468,468
1526389732.414161562	66	40	48	0	2	0	2	-68	49275	5	4	1596	1478	468,468
1526389732.426003992	66	40	48	0	2	0	2	-68	49276	5	4	1596	1478	468,468
1526389732.437770842	66	40	48	0	2	0	2	-68	49277	5	4	1596	1478	468,468
1526389732.449478845	66	40	48	0	2	0	2	-67	49278	5	4	1596	1478	468,468
1526389732.461199399	66	40	48	0	2	0	2	-68	49279	5	4	1596	1478	468,468
1526389732.473292868	66	40	48	0	2	0	2	-68	49281	5	4	1596	1478	468,468
1526389732.484705214	66	40	48	0	2	0	2	-68	49282	5	4	1596	1478	468,468
1526389732.496521322	66	40	48	0	2	0	2	-68	49283	5	4	1596	1478	468,468
1526389732.508813375	66	40	48	0	2	0	2	-68	49284	5	4	1596	1478	468,468
1526389732.519858981	66	40	48	0	2	0	2	-68	49285	5	4	1596	1478	468,468
1526389732.531791149	66	40	48	0	2	0	2	-68	49286	5	4	1596	1478	468,468
1526389732.543519170	66	40	48	0	2	0	2	-68	49287	5	4	1596	1478	468,468
1526389732.555190670	66	40	48	0	2	0	2	-68	49288	5	4	1596	1478	468,468
1526389732.566920832	66	40	48	0	2	0	2	-68	49289	5	4	1596	1478	468,468
1526389732.578837806	66	40	48	0	2	0	2	-68	49290	5	4	1596	1478	468,468
1526389732.590587783	66	40	48	0	2	0	2	-68	49291	5	4	1596	1478	468,468
1526389732.602361444	66	40	48	0	2	0	2	-68	49292	5	4	1596	1478	468,468
1526389732.614140788	66	40	48	0	2	0	2	-68	49293	5	4	1596	1478	468,468
1526389732.625887438	66	40	48	0	2	0	2	-68	49294	5	4	1596	1478	468,468
1526389732.637578863	63	40	48	0	2	0	2	-68	49295	6	4	1596	1478	526,5,526,5
1526389732.649386520	66	40	48	0	2	0	2	-68	49296	5	4	1596	1478	468,468
1526389732.661151984	66	40	48	0	2	0	2	-68	49297	5	4	1596	1478	468,468
1526389732.673002529	66	40	48	0	2	0	2	-68	49298	5	4	1596	1478	468,468
1526389732.684703615	66	40	48	0	2	0	2	-68	49299	5	4	1596	1478	468,468
1526389732.696524513	63	40	48	0	2	0	2	-68	49300	6	4	1596	1478	526,5,526,5
1526389732.708316939	66	40	48	0	2	0	2	-68	49301	5	4	1596	1478	468,468
1526389732.719953478	66	40	48	0	2	0	2	-68	49302	5	4	1596	1478	468,468
1526389732.731800779	66	40	48	0	2	0	2	-68	49303	5	4	1596	1478	468,468
1526389732.743581395	66	40	48	0	2	0	2	-68	49304	5	4	1596	1478	468,468
1526389732.755681529	66	40	48	0	2	0	2	-68	49306	5	4	1596	1478	468,468
1526389732.767008303	66	40	48	0	2	0	2	-68	49307	5	4	1596	1478	468,468
1526389732.778871971	66	40	48	0	2	0	2	-68	49308	5	4	1596	1478	468,468
1526389732.790603244	66	40	48	0	2	0	2	-68	49309	5	4	1596	1478	468,468
1526389732.802264037	66	40	48	0	2	0	2	-67	49310	5	4	1596	1478	468,468
1526389732.813995991	66	40	48	0	2	0	2	-68	49311	5	4	1596	1478	468,468
1526389732.826219253	66	40	48	0	2	0	2	-68	49313	5	4	1596	1478	468,468
1526389732.837637023	66	40	48	0	2	0	2	-68	49314	5	4	1596	1478	468,468
1526389732.849403965	66	40	48	0	2	0	2	-67	49315	5	4	1596	1478	468,468
1526389732.861174154	66	40	48	0	2	0	2	-68	49316	5	4	1596	1478	468,468
1526389732.872919921	66	40	48	0	2	0	2	-67	49317	5	4	1596	1478	468,468
1526389732.898692853	66	40	48	0	2	0	2	-67	49318	5	4	1596	1478	468,468
1526389732.898866165	66	40	48	0	2	0	2	-67	49319	5	4	1596	1478	468,468
1526389732.908200399	66	40	48	0	2	0	2	-67	49320	5	4	1596	1478	468,468
1526389732.919899478	63	40	48	0	2	0	2	-67	49321	6	4	1596	1478	526,5,526,5
1526389732.931741028	66	40	48	0	2	0	2	-67	49322	5	4	1596	1478	468,468
1526389732.943481256	66	40	48	0	2	0	2	-68	49323	5	4	1596	1478	468,468
1526389732.955237709	66	40	48	0	2	0	2	-67	49324	5	4	1596	1478	468,468
1526389732.967004607	66	40	48	0	2	0	2	-67	49325	5	4	1596	1478	468,468
1526389732.980226713	66	40	48	0	2	0	2	-67	49327	5	4	1596	1478	468,468
1526389732.990538105	66	40	48	0	2	0	2	-67	49328	5	4	1596	1478	468,468
1526389733.002277597	66	40	48	0	2	0	2	-67	49329	5	4	1596	1478	468,468
1526389733.014066051	66	40	48	0	2	0	2	-67	49330	5	4	1596	1478	468,468
1526389733.025801980	66	40	48	0	2	0	2	-67	49331	5	4	1596	1478	468,468
1526389733.037876789	66	40	48	0	2	0	2	-67	49332	5	4	1596	1478	468,468
1526389733.049334403	66	40	48	0	2	0	2	-67	49333	5	4	1596	1478	468,468
1526389733.061068282	66	40	48	0	2	0	2	-66	49334	5	4	1596	1478	468,468
1526389733.072697681	66	40	48	0	2	0	2	-66	49335	5	4	1596	1478	468,468
1526389733.085385248	66	40	48	0	2	0	2	-66	49336	5	4	1596	1478	468,468
1526389733.096366598	66	40	48	0	2	0	2	-67	49337	5	4	1596	1478	468,468
1526389733.108118908	66	40	48	0	2	0	2	-67	49338	5	4	1596	1478	468,468
1526389733.119887908	66	40	48	0	2	0	2	-66	49339	5	4	1596	1478	468,468
1526389733.131631069	66	40	48	0	2	0	2	-66	49340	5	4	1596	1478	468,468
1526389733.143321358	63	40	48	0	2	0	2	-67	49341	6	4	1596	1478	526,5,526,5
1526389733.155080600	63	40	48	0	2	0	2	-67	49342	6	4	1596	1478	526,5,526,5
1526389733.167128231	63	40	48	0	2	0	2	-67	49344	6	4	1596	1478	526,5,526,5
1526389733.179013947	63	40	48	0	2	0	2	-67	49346	6	4	1596	1478	526,5,526,5
1526389733.190475155	63	40	48	0	2	0	2	-67	49347	6	4	1596	1478	526,5,526,5
1526389733.202568115	63	40	48	0	2	0	2	-67	49348	6	4	1596	1478	526,5,526,5
1526389733.213989914	63	40	48	0	2	0	2	-67	49349	6	4	1596	1478	526,5,526,5
1526389733.225877801	63	40	48	0	2	0	2	-67	49350	6	4	1596	1478	526,5,526,5
1526389733.237476997	63	40	48	0	2	0	2	-67	49351	6	4	1596	1478	526,5,526,5
1526389733.249225255	63	40	48	0	2	0	2	-67	49352	6	4	1596	1478	526,5,526,5
1526389733.260911626	63	40	48	0	2	0	2	-67	49353	6	4	1596	1478	526,5,526,5
1526389733.272754774	63	40	48	0	2	0	2	-67	49354	6	4	1596	1478	526,5,526,5
1526389733.284462454	63	40	48	0	2	0	2	-67	49355	6	4	1596	1478	526,5,526,5
1526389733.296296152	63	40	48	0	2	0	2	-67	49356	6	4	1596	1478	526,5,526,5
1526389733.308049094	63	40	48	0	2	0	2	-67	49357	6	4	1596	1478	526,5,526,5
1526389733.319801992	63	40	48	0	2	0	2	-67	49358	6	4	1596	1478	526,5,526,5
1526389733.331553871	63	40	48	0	2	0	2	-67	49359	6	4	1596	1478	526,5,526,5
1526389733.343330603	63	40	48	0	2	0	2	-67	49360	6	4	1596	1478	526,5,526,5
1526389733.355078442	63	40	48	0	2	0	2	-67	49361	6	4	1596	1478	526,5,526,5
1526389733.367214110	63	40	48	0	2	0	2	-67	49362	6	4	1596	1478	526,5,526,5
1526389733.378600409	63	40	48	0	2	0	2	-67	49363	6	4	1596	1478	526,5,526,5
1526389733.390544733	63	40	48	0	2	0	2	-68	49364	6	4	1596	1478	526,5,526,5
1526389733.402126776	63	40	48	0	2	0	2	-67	49365	6	4	1596	1478	526,5,526,5
1526389733.413898726	63	40	48	0	2	0	2	-67	49366	6	4	1596	1478	526,5,526,5
1526389733.425623296	63	40	48	0	2	0	2	-68	49367	6	4	1596	1478	526,5,526,5
1526389733.437482404	63	40	48	0	2	0	2	-68	49368	6	4	1596	1478	526,5,526,5
1526389733.448982235	63	40	48	0	2	0	2	-68	49369	6	4	1596	1478	526,5,526,5
1526389733.460893651	63	40	48	0	2	0	2	-67	49370	6	4	1596	1478	526,5,526,5
1526389733.472687316	63	40	48	0	2	0	2	-67	49371	6	4	1596	1478	526,5,526,5
1526389733.484434776	63	40	48	0	2	0	2	-67	49372	6	4	1596	1478	526,5,526,5
1526389733.496227487	63	40	48	0	2	0	2	-67	49373	6	4	1596	1478	526,5,526,5
1526389733.507955688	63	40	48	0	2	0	2	-67	49374	6	4	1596	1478	526,5,526,5
1526389733.519600684	63	40	48	0	2	0	2	-67	49375	6	4	1596	1478	526,5,526,5
1526389733.531753129	63	40	48	0	2	0	2	-67	49377	6	4	1596	1478	526,5,526,5
1526389733.543249793	63	40	48	0	2	0	2	-67	49378	6	4	1596	1478	526,5,526,5
1526389733.554983037	63	40	48	0	2	0	2	-67	49379	6	4	1596	1478	526,5,526,5
1526389733.566765021	63	40	48	0	2	0	2	-67	49380	6	4	1596	1478	526,5,526,5
1526389733.578429674	63	40	48	0	2	0	2	-67	49381	6	4	1596	1478	526,5,526,5
1526389733.590198109	63	40	48	0	2	0	2	-67	49382	6	4	1596	1478	526,5,526,5
1526389733.601863945	63	40	48	0	2	0	2	-68	49383	6	4	1596	1478	526,5,526,5
1526389733.613833140	63	40	48	0	2	0	2	-67	49384	6	4	1596	1478	526,5,526,5
1526389733.625548199	63	40	48	0	2	0	2	-67	49385	6	4	1596	1478	526,5,526,5
1526389733.637297300	63	40	48	0	2	0	2	-67	49386	6	4	1596	1478	526,5,526,5
1526389733.648993078	63	40	48	0	2	0	2	-67	49387	6	4	1596	1478	526,5,526,5
1526389733.660692542	63	40	48	0	2	0	2	-67	49388	6	4	1596	1478	526,5,526,5
1526389733.672599789	63	40	48	0	2	0	2	-67	49389	6	4	1596	1478	526,5,526,5
1526389733.684343968	63	40	48	0	2	0	2	-67	49390	6	4	1596	1478	526,5,526,5
1526389733.697268291	63	40	48	0	2	0	2	-68	49391	6	4	1596	1478	526,5,526,5
1526389733.707828711	63	40	48	0	2	0	2	-68	49392	6	4	1596	1478	526,5,526,5
1526389733.719649897	63	40	48	0	2	0	2	-67	49393	6	4	1596	1478	526,5,526,5
1526389733.731386927	63	40	48	0	2	0	2	-68	49394	6	4	1596	1478	526,5,526,5
1526389733.744558128	66	40	48	0	2	0	2	-67	49399	5	4	1596	1478	468,468
1526389733.754845320	66	40	48	0	2	0	2	-67	49400	5	4	1596	1478	468,468
1526389733.766686659	66	40	48	0	2	0	2	-67	49401	5	4	1596	1478	468,468
1526389733.778450123	66	40	48	0	2	0	2	-67	49402	5	4	1596	1478	468,468
1526389733.790231817	66	40	48	0	2	0	2	-67	49403	5	4	1596	1478	468,468
1526389733.801999492	66	40	48	0	2	0	2	-67	49404	5	4	1596	1478	468,468
1526389733.813646069	66	40	48	0	2	0	2	-67	49405	5	4	1596	1478	468,468
1526389733.825484352	66	40	48	0	2	0	2	-67	49406	5	4	1596	1478	468,468
1526389733.837423441	66	40	48	0	2	0	2	-67	49407	5	4	1596	1478	468,468
1526389733.848887512	66	40	48	0	2	0	2	-67	49408	5	4	1596	1478	468,468
1526389733.860578490	63	40	48	0	2	0	2	-68	49409	6	4	1596	1478	526,5,526,5
1526389733.872358533	66	40	48	0	2	0	2	-68	49410	5	4	1596	1478	468,468
1526389733.884116744	66	40	48	0	2	0	2	-67	49411	5	4	1596	1478	468,468
1526389733.895897455	66	40	48	0	2	0	2	-68	49412	5	4	1596	1478	468,468
1526389733.907650697	66	40	48	0	2	0	2	-67	49413	5	4	1596	1478	468,468
1526389733.919774435	66	40	48	0	2	0	2	-68	49415	5	4	1596	1478	468,468
1526389733.931188494	66	40	48	0	2	0	2	-68	49416	5	4	1596	1478	468,468
1526389733.943011835	66	40	48	0	2	0	2	-68	49417	5	4	1596	1478	468,468
1526389733.954705645	66	40	48	0	2	0	2	-68	49418	5	4	1596	1478	468,468
1526389733.966459334	66	40	48	0	2	0	2	-68	49419	5	4	1596	1478	468,468
1526389733.978222399	66	40	48	0	2	0	2	-68	49420	5	4	1596	1478	468,468
1526389733.989994119	66	40	48	0	2	0	2	-68	49421	5	4	1596	1478	468,468
1526389734.001678166	66	40	48	0	2	0	2	-68	49422	5	4	1596	1478	468,468
1526389734.013549441	66	40	48	0	2	0	2	-67	49423	5	4	1596	1478	468,468
1526389734.025291593	66	40	48	0	2	0	2	-67	49424	5	4	1596	1478	468,468
1526389734.037048257	66	40	48	0	2	0	2	-67	49425	5	4	1596	1478	468,468
1526389734.048625634	66	40	48	0	2	0	2	-67	49426	5	4	1596	1478	468,468
1526389734.060543677	66	40	48	0	2	0	2	-67	49427	5	4	1596	1478	468,468
1526389734.072333130	66	40	48	0	2	0	2	-67	49428	5	4	1596	1478	468,468
1526389734.084076640	63	40	48	0	2	0	2	-67	49429	6	4	1596	1478	526,5,526,5
1526389734.095769815	66	40	48	0	2	0	2	-67	49430	5	4	1596	1478	468,468
1526389734.108322734	66	40	48	0	2	0	2	-67	49431	5	4	1596	1478	468,468
1526389734.119318902	66	40	48	0	2	0	2	-67	49432	5	4	1596	1478	468,468
1526389734.131090923	66	40	48	0	2	0	2	-67	49433	5	4	1596	1478	468,468
1526389734.142716527	63	40	48	0	2	0	2	-67	49434	6	4	1596	1478	526,5,526,5
1526389734.154450310	66	40	48	0	2	0	2	-67	49435	5	4	1596	1478	468,468
1526389734.166343531	66	40	48	0	2	0	2	-67	49436	5	4	1596	1478	468,468
1526389734.178108632	66	40	48	0	2	0	2	-67	49437	5	4	1596	1478	468,468
1526389734.189875063	66	40	48	0	2	0	2	-67	49438	5	4	1596	1478	468,468
1526389734.201648543	63	40	48	0	2	0	2	-67	49439	6	4	1596	1478	526,5,526,5
1526389734.213425667	63	40	48	0	2	0	2	-67	49440	6	4	1596	1478	526,5,526,5
1526389734.225147996	63	40	48	0	2	0	2	-67	49441	6	4	1596	1478	526,5,526,5
1526389734.236881815	63	40	48	0	2	0	2	-67	49442	6	4	1596	1478	526,5,526,5
1526389734.249583429	63	40	48	0	2	0	2	-67	49444	6	4	1596	1478	526,5,526,5
1526389734.260710388	63	40	48	0	2	0	2	-67	49445	6	4	1596	1478	526,5,526,5
1526389734.272205540	63	40	48	0	2	0	2	-67	49446	6	4	1596	1478	526,5,526,5
1526389734.284003777	63	40	48	0	2	0	2	-67	49447	6	4	1596	1478	526,5,526,5
1526389734.295768510	63	40	48	0	2	0	2	-67	49448	6	4	1596	1478	526,5,526,5
1526389734.307513288	63	40	48	0	2	0	2	-67	49449	6	4	1596	1478	526,5,526,5
1526389734.319305205	63	40	48	0	2	0	2	-67	49450	6	4	1596	1478	526,5,526,5
1526389734.331026451	63	40	48	0	2	0	2	-67	49451	6	4	1596	1478	526,5,526,5
1526389734.342783493	63	40	48	0	2	0	2	-67	49452	6	4	1596	1478	526,5,526,5
1526389734.354516398	63	40	48	0	2	0	2	-67	49453	6	4	1596	1478	526,5,526,5
1526389734.366309416	63	40	48	0	2	0	2	-67	49454	6	4	1596	1478	526,5,526,5
1526389734.378022209	63	40	48	0	2	0	2	-67	49455	6	4	1596	1478	526,5,526,5
1526389734.389846058	63	40	48	0	2	0	2	-67	49456	6	4	1596	1478	526,5,526,5
1526389734.401587012	63	40	48	0	2	0	2	-67	49457	6	4	1596	1478	526,5,526,5
1526389734.413797069	63	40	48	0	2	0	2	-67	49458	6	4	1596	1478	526,5,526,5
1526389734.425736320	63	40	48	0	2	0	2	-67	49460	6	4	1596	1478	526,5,526,5
1526389734.436879722	63	40	48	0	2	0	2	-67	49461	6	4	1596	1478	526,5,526,5
1526389734.449349522	63	40	48	0	2	0	2	-67	49464	6	4	1596	1478	526,5,526,5
1526389734.461075363	63	40	48	0	2	0	2	-67	49467	6	4	1596	1478	526,5,526,5
1526389734.472848988	63	40	48	0	2	0	2	-67	49469	6	4	1596	1478	526,5,526,5
1526389734.483918038	63	40	48	0	2	0	2	-67	49470	6	4	1596	1478	526,5,526,5
1526389734.496507317	63	40	48	0	2	0	2	-67	49474	6	4	1596	1478	526,5,526,5
1526389734.508668322	66	40	48	0	2	0	2	-67	49479	5	4	1596	1478	468,468
1526389734.519135891	66	40	48	0	2	0	2	-67	49480	5	4	1596	1478	468,468
1526389734.530947740	66	40	48	0	2	0	2	-67	49481	5	4	1596	1478	468,468
1526389734.542716209	66	40	48	0	2	0	2	-67	49482	5	4	1596	1478	468,468
1526389734.554491838	66	40	48	0	2	0	2	-67	49483	5	4	1596	1478	468,468
1526389734.566261283	66	40	48	0	2	0	2	-67	49484	5	4	1596	1478	468,468
1526389734.578354415	66	40	48	0	2	0	2	-67	49485	5	4	1596	1478	468,468
1526389734.589742970	66	40	48	0	2	0	2	-67	49486	5	4	1596	1478	468,468
1526389734.601857622	66	40	48	0	2	0	2	-67	49488	5	4	1596	1478	468,468
1526389734.613277310	66	40	48	0	2	0	2	-67	49489	5	4	1596	1478	468,468
1526389734.625097993	66	40	48	0	2	0	2	-68	49490	5	4	1596	1478	468,468
1526389734.636927842	66	40	48	0	2	0	2	-68	49491	5	4	1596	1478	468,468
1526389734.648553152	66	40	48	0	2	0	2	-68	49492	5	4	1596	1478	468,468
1526389734.660448949	66	40	48	0	2	0	2	-68	49493	5	4	1596	1478	468,468
1526389734.672193608	66	40	48	0	2	0	2	-68	49494	5	4	1596	1478	468,468
1526389734.683943272	66	40	48	0	2	0	2	-67	49495	5	4	1596	1478	468,468
1526389734.695661291	66	40	48	0	2	0	2	-68	49496	5	4	1596	1478	468,468
1526389734.707486605	66	40	48	0	2	0	2	-68	49497	5	4	1596	1478	468,468
1526389734.719238846	66	40	48	0	2	0	2	-68	49498	5	4	1596	1478	468,468
1526389734.731027349	66	40	48	0	2	0	2	-67	49499	5	4	1596	1478	468,468
1526389734.742766300	66	40	48	0	2	0	2	-68	49500	5	4	1596	1478	468,468
1526389734.754545183	66	40	48	0	2	0	2	-68	49501	5	4	1596	1478	468,468
1526389734.766221612	63	40	48	0	2	0	2	-68	49502	6	4	1596	1478	526,5,526,5
1526389734.778054803	66	40	48	0	2	0	2	-68	49503	5	4	1596	1478	468,468
1526389734.789751177	66	40	48	0	2	0	2	-68	49504	5	4	1596	1478	468,468
1526389734.801551896	66	40	48	0	2	0	2	-68	49505	5	4	1596	1478	468,468
1526389734.813338706	66	40	48	0	2	0	2	-68	49506	5	4	1596	1478	468,468
1526389734.825114261	63	40	48	0	2	0	2	-68	49507	6	4	1596	1478	526,5,526,5
1526389734.836817695	66	40	48	0	2	0	2	-68	49508	5	4	1596	1478	468,468
1526389734.848600374	66	40	48	0	2	0	2	-68	49509	5	4	1596	1478	468,468
1526389734.860387686	66	40	48	0	2	0	2	-67	49510	5	4	1596	1478	468,468
1526389734.872019153	66	40	48	0	2	0	2	-67	49511	5	4	1596	1478	468,468
1526389734.883903868	63	40	48	0	2	0	2	-67	49512	6	4	1596	1478	526,5,526,5
1526389734.895652611	66	40	48	0	2	0	2	-67	49513	5	4	1596	1478	468,468
1526389734.907430982	66	40	48	0	2	0	2	-67	49514	5	4	1596	1478	468,468
1526389734.919195995	66	40	48	0	2	0	2	-67	49515	5	4	1596	1478	468,468
1526389734.930965976	66	40	48	0	2	0	2	-67	49516	5	4	1596	1478	468,468
1526389734.942710490	63	40	48	0	2	0	2	-67	49517	6	4	1596	1478	526,5,526,5
1526389734.955784414	66	40	48	0	2	0	2	-67	49521	5	4	1596	1478	468,468
1526389734.966583993	66	40	48	0	2	0	2	-67	49522	5	4	1596	1478	468,468
1526389734.977959628	66	40	48	0	2	0	2	-67	49523	5	4	1596	1478	468,468
1526389734.989750420	66	40	48	0	2	0	2	-67	49524	5	4	1596	1478	468,468
1526389735.001485282	66	40	48	0	2	0	2	-67	49525	5	4	1596	1478	468,468
1526389735.013256465	66	40	48	0	2	0	2	-67	49526	5	4	1596	1478	468,468
1526389735.025033279	66	40	48	0	2	0	2	-67	49527	5	4	1596	1478	468,468
1526389735.036808678	66	40	48	0	2	0	2	-67	49528	5	4	1596	1478	468,468
1526389735.048908648	66	40	48	0	2	0	2	-67	49530	5	4	1596	1478	468,468
1526389735.060290254	66	40	48	0	2	0	2	-67	49531	5	4	1596	1478	468,468
1526389735.071969210	66	40	48	0	2	0	2	-67	49532	5	4	1596	1478	468,468
1526389735.083716224	66	40	48	0	2	0	2	-67	49533	5	4	1596	1478	468,468
1526389735.095483093	66	40	48	0	2	0	2	-67	49534	5	4	1596	1478	468,468
1526389735.107215244	66	40	48	0	2	0	2	-66	49535	5	4	1596	1478	468,468
1526389735.118739187	66	40	48	0	2	0	2	-67	49536	5	4	1596	1478	468,468
1526389735.131681521	66	40	48	0	2	0	2	-67	49538	5	4	1596	1478	468,468
1526389735.143650137	66	40	48	0	2	0	2	-67	49539	5	4	1596	1478	468,468
1526389735.154208473	66	40	48	0	2	0	2	-67	49540	5	4	1596	1478	468,468
1526389735.166035840	66	40	48	0	2	0	2	-67	49541	5	4	1596	1478	468,468
1526389735.177720412	66	40	48	0	2	0	2	-67	49542	5	4	1596	1478	468,468
1526389735.189443514	66	40	48	0	2	0	2	-67	49543	5	4	1596	1478	468,468
1526389735.201202658	66	40	48	0	2	0	2	-67	49544	5	4	1596	1478	468,468
1526389735.213372334	66	40	48	0	2	0	2	-67	49546	5	4	1596	1478	468,468
1526389735.224834381	66	40	48	0	2	0	2	-67	49547	5	4	1596	1478	468,468
1526389735.237082135	66	40	48	0	2	0	2	-67	49548	5	4	1596	1478	468,468
1526389735.248285952	66	40	48	0	2	0	2	-67	49549	5	4	1596	1478	468,468
1526389735.260023611	66	40	48	0	2	0	2	-67	49550	5	4	1596	1478	468,468
1526389735.271861316	66	40	48	0	2	0	2	-67	49551	5	4	1596	1478	468,468
1526389735.283553777	66	40	48	0	2	0	2	-67	49552	5	4	1596	1478	468,468
1526389735.295367750	66	40	48	0	2	0	2	-67	49553	5	4	1596	1478	468,468
1526389735.307166281	66	40	48	0	2	0	2	-67	49554	5	4	1596	1478	468,468
1526389735.318926373	66	40	48	0	2	0	2	-67	49555	5	4	1596	1478	468,468
1526389735.330670251	66	40	48	0	2	0	2	-67	49556	5	4	1596	1478	468,468
1526389735.342463273	66	40	48	0	2	0	2	-67	49557	5	4	1596	1478	468,468
1526389735.354182579	66	40	48	0	2	0	2	-67	49558	5	4	1596	1478	468,468
1526389735.365959372	66	40	48	0	2	0	2	-67	49559	5	4	1596	1478	468,468
1526389735.377548658	63	40	48	0	2	0	2	-67	49560	6	4	1596	1478	526,5,526,5
1526389735.389375662	66	40	48	0	2	0	2	-67	49561	5	4	1596	1478	468,468
1526389735.401039204	66	40	48	0	2	0	2	-67	49562	5	4	1596	1478	468,468
1526389735.413025583	66	40	48	0	2	0	2	-67	49563	5	4	1596	1478	468,468
1526389735.424730128	66	40	48	0	2	0	2	-67	49564	5	4	1596	1478	468,468
1526389735.438837317	66	40	48	0	2	0	2	-67	49566	5	4	1596	1478	468,468
1526389735.448297952	66	40	48	0	2	0	2	-67	49567	5	4	1596	1478	468,468
1526389735.460049468	66	40	48	0	2	0	2	-67	49568	5	4	1596	1478	468,468
1526389735.471798381	66	40	48	0	2	0	2	-67	49569	5	4	1596	1478	468,468
1526389735.483561635	66	40	48	0	2	0	2	-67	49570	5	4	1596	1478	468,468
1526389735.495350673	66	40	48	0	2	0	2	-67	49571	5	4	1596	1478	468,468
1526389735.507070535	66	40	48	0	2	0	2	-67	49572	5	4	1596	1478	468,468
1526389735.518664605	66	40	48	0	2	0	2	-67	49573	5	4	1596	1478	468,468
1526389735.530609594	66	40	48	0	2	0	2	-67	49574	5	4	1596	1478	468,468
1526389735.542386293	66	40	48	0	2	0	2	-67	49575	5	4	1596	1478	468,468
1526389735.554127575	66	40	48	0	2	0	2	-67	49576	5	4	1596	1478	468,468
1526389735.565874277	66	40	48	0	2	0	2	-67	49577	5	4	1596	1478	468,468
1526389735.577558795	66	40	48	0	2	0	2	-67	49578	5	4	1596	1478	468,468
1526389735.589386405	66	40	48	0	2	0	2	-67	49579	5	4	1596	1478	468,468
1526389735.601029688	63	40	48	0	2	0	2	-67	49580	6	4	1596	1478	526,5,526,5
1526389735.612926881	66	40	48	0	2	0	2	-67	49581	5	4	1596	1478	468,468
1526389735.624680009	66	40	48	0	2	0	2	-67	49582	5	4	1596	1478	468,468
1526389735.636435513	96	40	48	0	2	0	2	-69	49583	5	1	1596	1478	216,216
1526389735.648182831	66	40	48	0	2	0	2	-67	49584	5	4	1596	1478	468,468
1526389735.659951200	66	40	48	0	2	0	2	-67	49585	5	4	1596	1478	468,468
1526389735.672056937	66	40	48	0	2	0	2	-67	49587	5	4	1596	1478	468,468
1526389735.683662314	66	40	48	0	2	0	2	-67	49588	5	4	1596	1478	468,468
1526389735.695230367	66	40	48	0	2	0	2	-67	49589	5	4	1596	1478	468,468
1526389735.706989209	66	40	48	0	2	0	2	-67	49590	5	4	1596	1478	468,468
1526389735.718762616	66	40	48	0	2	0	2	-67	49591	5	4	1596	1478	468,468
1526389735.730487143	66	40	48	0	2	0	2	-67	49592	5	4	1596	1478	468,468
1526389735.742285866	66	40	48	0	2	0	2	-67	49593	5	4	1596	1478	468,468
1526389735.754078755	66	40	48	0	2	0	2	-67	49594	5	4	1596	1478	468,468
1526389735.765806691	66	40	48	0	2	0	2	-67	49595	5	4	1596	1478	468,468
1526389735.777561503	66	40	48	0	2	0	2	-67	49596	5	4	1596	1478	468,468
1526389735.789332345	66	40	48	0	2	0	2	-67	49597	5	4	1596	1478	468,468
1526389735.801047112	66	40	48	0	2	0	2	-67	49598	5	4	1596	1478	468,468
1526389735.812767124	66	40	48	0	2	0	2	-67	49599	5	4	1596	1478	468,468
1526389735.824535049	66	40	48	0	2	0	2	-68	49600	5	4	1596	1478	468,468
1526389735.836353785	63	40	48	0	2	0	2	-67	49601	6	4	1596	1478	526,5,526,5
1526389735.848147375	66	40	48	0	2	0	2	-67	49602	5	4	1596	1478	468,468
1526389735.859804062	66	40	48	0	2	0	2	-67	49603	5	4	1596	1478	468,468
1526389735.871613074	66	40	48	0	2	0	2	-67	49604	5	4	1596	1478	468,468
1526389735.883375446	66	40	48	0	2	0	2	-68	49605	5	4	1596	1478	468,468
1526389735.895154571	63	40	48	0	2	0	2	-67	49606	6	4	1596	1478	526,5,526,5
1526389735.906922703	66	40	48	0	2	0	2	-67	49607	5	4	1596	1478	468,468
1526389735.918488624	66	40	48	0	2	0	2	-67	49608	5	4	1596	1478	468,468
1526389735.930431594	66	40	48	0	2	0	2	-67	49609	5	4	1596	1478	468,468
1526389735.942182581	66	40	48	0	2	0	2	-68	49610	5	4	1596	1478	468,468
1526389735.953949881	63	40	48	0	2	0	2	-68	49611	6	4	1596	1478	526,5,526,5
1526389735.965731100	63	40	48	0	2	0	2	-68	49612	6	4	1596	1478	526,5,526,5
1526389735.977434680	63	40	48	0	2	0	2	-68	49613	6	4	1596	1478	526,5,526,5
1526389735.989246952	63	40	48	0	2	0	2	-67	49614	6	4	1596	1478	526,5,526,5
1526389736.001007886	63	40	48	0	2	0	2	-67	49615	6	4	1596	1478	526,5,526,5
1526389736.012758802	60	40	48	0	2	0	2	-67	49616	7	4	1596	1478	585,585
1526389736.024424754	63	40	48	0	2	0	2	-67	49617	6	4	1596	1478	526,5,526,5
1526389736.036289134	63	40	48	0	2	0	2	-67	49618	6	4	1596	1478	526,5,526,5
1526389736.048035781	63	40	48	0	2	0	2	-67	49619	6	4	1596	1478	526,5,526,5
1526389736.059841913	63	40	48	0	2	0	2	-67	49620	6	4	1596	1478	526,5,526,5
1526389736.071952995	63	40	48	0	2	0	2	-67	49622	6	4	1596	1478	526,5,526,5
1526389736.083301856	63	40	48	0	2	0	2	-67	49623	6	4	1596	1478	526,5,526,5
1526389736.095105936	63	40	48	0	2	0	2	-67	49624	6	4	1596	1478	526,5,526,5
1526389736.106851569	63	40	48	0	2	0	2	-67	49625	6	4	1596	1478	526,5,526,5
1526389736.118601970	63	40	48	0	2	0	2	-67	49626	6	4	1596	1478	526,5,526,5
1526389736.130305581	63	40	48	0	2	0	2	-67	49627	6	4	1596	1478	526,5,526,5
1526389736.142337871	63	40	48	0	2	0	2	-67	49629	6	4	1596	1478	526,5,526,5
1526389736.156405498	66	40	48	0	2	0	2	-67	49634	5	4	1596	1478	468,468
1526389736.166309768	66	40	48	0	2	0	2	-67	49637	5	4	1596	1478	468,468
1526389736.177358429	66	40	48	0	2	0	2	-67	49638	5	4	1596	1478	468,468
1526389736.189181413	66	40	48	0	2	0	2	-67	49639	5	4	1596	1478	468,468
1526389736.201025932	66	40	48	0	2	0	2	-67	49640	5	4	1596	1478	468,468
1526389736.212788647	66	40	48	0	2	0	2	-67	49641	5	4	1596	1478	468,468
1526389736.224539307	66	40	48	0	2	0	2	-67	49642	5	4	1596	1478	468,468
1526389736.236270526	66	40	48	0	2	0	2	-67	49643	5	4	1596	1478	468,468
1526389736.248413991	66	40	48	0	2	0	2	-67	49644	5	4	1596	1478	468,468
1526389736.259726283	66	40	48	0	2	0	2	-67	49645	5	4	1596	1478	468,468
1526389736.271555625	66	40	48	0	2	0	2	-67	49646	5	4	1596	1478	468,468
1526389736.283256668	66	40	48	0	2	0	2	-67	49647	5	4	1596	1478	468,468
1526389736.295091698	66	40	48	0	2	0	2	-68	49648	5	4	1596	1478	468,468
1526389736.306829823	66	40	48	0	2	0	2	-67	49649	5	4	1596	1478	468,468
1526389736.318599905	66	40	48	0	2	0	2	-67	49650	5	4	1596	1478	468,468
1526389736.330264919	66	40	48	0	2	0	2	-67	49651	5	4	1596	1478	468,468
1526389736.342042851	66	40	48	0	2	0	2	-67	49652	5	4	1596	1478	468,468
1526389736.353787409	66	40	48	0	2	0	2	-67	49653	5	4	1596	1478	468,468
1526389736.365556276	66	40	48	0	2	0	2	-67	49654	5	4	1596	1478	468,468
1526389736.377604106	66	40	48	0	2	0	2	-67	49656	5	4	1596	1478	468,468
1526389736.389029515	66	40	48	0	2	0	2	-67	49657	5	4	1596	1478	468,468
1526389736.400794276	66	40	48	0	2	0	2	-67	49658	5	4	1596	1478	468,468
1526389736.413655829	66	40	48	0	2	0	2	-67	49661	5	4	1596	1478	468,468
1526389736.428214848	74	40	48	0	2	0	2	-67	49667	4	4	1596	1478	351,351
1526389736.436094307	74	40	48	0	2	0	2	-67	49668	4	4	1596	1478	351,351
1526389736.447852987	74	40	48	0	2	0	2	-67	49669	4	4	1596	1478	351,351
1526389736.459562640	74	40	48	0	2	0	2	-67	49670	4	4	1596	1478	351,351
1526389736.471379467	74	40	48	0	2	0	2	-67	49671	4	4	1596	1478	351,351
1526389736.483129148	74	40	48	0	2	0	2	-67	49672	4	4	1596	1478	351,351
1526389736.494883333	74	40	48	0	2	0	2	-67	49673	4	4	1596	1478	351,351
1526389736.506633092	74	40	48	0	2	0	2	-67	49674	4	4	1596	1478	351,351
1526389736.518400388	68	40	48	1	1	1	2	-65	49675	9	4	1596	1478	433,333,433,333
1526389736.530164987	68	40	48	1	1	1	2	-65	49676	9	4	1596	1478	433,333,433,333
1526389736.541791813	68	40	48	1	1	1	2	-65	49677	9	4	1596	1478	433,333,433,333
1526389736.553575201	68	40	48	1	1	1	2	-65	49678	9	4	1596	1478	433,333,433,333
1526389736.565366781	68	40	48	1	1	1	2	-65	49679	9	4	1596	1478	433,333,433,333
1526389736.577448252	68	40	48	1	1	1	2	-65	49681	9	4	1596	1478	433,333,433,333
1526389736.588939484	68	40	48	1	1	1	2	-65	49682	9	4	1596	1478	433,333,433,333
1526389736.600715312	68	40	48	1	1	1	2	-65	49683	9	4	1596	1478	433,333,433,333
1526389736.612336322	68	40	48	1	1	1	2	-65	49684	9	4	1596	1478	433,333,433,333
1526389736.624233707	68	40	48	1	1	1	2	-65	49685	9	4	1596	1478	433,333,433,333
1526389736.636381196	68	40	48	1	1	1	2	-65	49686	9	4	1596	1478	433,333,433,333
1526389736.647674574	68	40	48	1	1	1	2	-65	49687	9	4	1596	1478	433,333,433,333
1526389736.659375606	66	40	48	0	2	0	2	-67	49688	5	4	1596	1478	468,468
1526389736.671209558	68	40	48	1	1	1	2	-65	49689	9	4	1596	1478	433,333,433,333
1526389736.682968655	68	40	48	1	1	1	2	-65	49690	9	4	1596	1478	433,333,433,333
1526389736.694741824	68	40	48	1	1	1	2	-65	49691	9	4	1596	1478	433,333,433,333
1526389736.707279984	68	40	48	1	1	1	2	-65	49692	9	4	1596	1478	433,333,433,333
1526389736.718267521	66	40	48	0	2	0	2	-67	49693	5	4	1596	1478	468,468
1526389736.730014366	68	40	48	1	1	1	2	-65	49694	9	4	1596	1478	433,333,433,333
1526389736.741752055	68	40	48	1	1	1	2	-65	49695	9	4	1596	1478	433,333,433,333
1526389736.753513867	68	40	48	1	1	1	2	-65	49696	9	4	1596	1478	433,333,433,333
1526389736.765271481	68	40	48	1	1	1	2	-65	49697	9	4	1596	1478	433,333,433,333
1526389736.777172630	66	40	48	0	2	0	2	-67	49698	5	4	1596	1478	468,468
1526389736.788902413	68	40	48	1	1	1	2	-65	49699	9	4	1596	1478	433,333,433,333
1526389736.800706820	68	40	48	1	1	1	2	-65	49700	9	4	1596	1478	433,333,433,333
1526389736.812415611	68	40	48	1	1	1	2	-65	49701	9	4	1596	1478	433,333,433,333
1526389736.824182664	68	40	48	1	1	1	2	-65	49702	9	4	1596	1478	433,333,433,333
1526389736.836035018	66	40	48	0	2	0	2	-67	49703	5	4	1596	1478	468,468
1526389736.847787004	68	40	48	1	1	1	2	-65	49704	9	4	1596	1478	433,333,433,333
1526389736.859559270	68	40	48	1	1	1	2	-65	49705	9	4	1596	1478	433,333,433,333
1526389736.871343750	68	40	48	1	1	1	2	-65	49706	9	4	1596	1478	433,333,433,333
1526389736.883078566	68	40	48	1	1	1	2	-65	49707	9	4	1596	1478	433,333,433,333
1526389736.894821714	66	40	48	0	2	0	2	-67	49708	5	4	1596	1478	468,468
1526389736.906600043	66	40	48	0	2	0	2	-67	49709	5	4	1596	1478	468,468
1526389736.918350474	66	40	48	0	2	0	2	-67	49710	5	4	1596	1478	468,468
1526389736.930117934	66	40	48	0	2	0	2	-67	49711	5	4	1596	1478	468,468
1526389736.941803620	66	40	48	0	2	0	2	-67	49712	5	4	1596	1478	468,468
1526389736.953998485	66	40	48	0	2	0	2	-67	49714	5	4	1596	1478	468,468
1526389736.965437721	66	40	48	0	2	0	2	-67	49715	5	4	1596	1478	468,468
1526389736.977176113	66	40	48	0	2	0	2	-68	49716	5	4	1596	1478	468,468
1526389736.988904536	66	40	48	0	2	0	2	-67	49717	5	4	1596	1478	468,468
1526389737.000577016	66	40	48	0	2	0	2	-68	49718	5	4	1596	1478	468,468
1526389737.012443134	66	40	48	0	2	0	2	-68	49719	5	4	1596	1478	468,468
1526389737.024208860	66	40	48	0	2	0	2	-67	49720	5	4	1596	1478	468,468
1526389737.035977561	66	40	48	0	2	0	2	-67	49721	5	4	1596	1478	468,468
1526389737.047713369	66	40	48	0	2	0	2	-67	49722	5	4	1596	1478	468,468
1526389737.059490679	66	40	48	0	2	0	2	-67	49723	5	4	1596	1478	468,468
1526389737.071544485	66	40	48	0	2	0	2	-67	49725	5	4	1596	1478	468,468
1526389737.083041896	66	40	48	0	2	0	2	-67	49726	5	4	1596	1478	468,468
1526389737.094720323	66	40	48	0	2	0	2	-67	49727	5	4	1596	1478	468,468
1526389737.106515131	66	40	48	0	2	0	2	-67	49728	5	4	1596	1478	468,468
1526389737.118295185	63	40	48	0	2	0	2	-67	49729	6	4	1596	1478	526,5,526,5
1526389737.130027111	66	40	48	0	2	0	2	-67	49730	5	4	1596	1478	468,468
1526389737.141793249	66	40	48	0	2	0	2	-67	49731	5	4	1596	1478	468,468
1526389737.153479765	66	40	48	0	2	0	2	-67	49732	5	4	1596	1478	468,468
1526389737.165233050	66	40	48	0	2	0	2	-67	49733	5	4	1596	1478	468,468
1526389737.177069382	63	40	48	0	2	0	2	-67	49734	6	4	1596	1478	526,5,526,5
1526389737.188867513	66	40	48	0	2	0	2	-67	49735	5	4	1596	1478	468,468
1526389737.200488952	66	40	48	0	2	0	2	-67	49736	5	4	1596	1478	468,468
1526389737.212238784	66	40	48	0	2	0	2	-67	49737	5	4	1596	1478	468,468
1526389737.224130595	66	40	48	0	2	0	2	-67	49738	5	4	1596	1478	468,468
1526389737.235884553	63	40	48	0	2	0	2	-67	49739	6	4	1596	1478	526,5,526,5
1526389737.247446698	66	40	48	0	2	0	2	-67	49740	5	4	1596	1478	468,468
1526389737.259403912	66	40	48	0	2	0	2	-67	49741	5	4	1596	1478	468,468
1526389737.271208028	66	40	48	0	2	0	2	-68	49742	5	4	1596	1478	468,468
1526389737.282948707	66	40	48	0	2	0	2	-68	49743	5	4	1596	1478	468,468
1526389737.295112622	66	40	48	0	2	0	2	-68	49745	5	4	1596	1478	468,468
1526389737.306501522	66	40	48	0	2	0	2	-68	49746	5	4	1596	1478	468,468
1526389737.318194294	66	40	48	0	2	0	2	-68	49747	5	4	1596	1478	468,468
1526389737.329914188	66	40	48	0	2	0	2	-68	49748	5	4	1596	1478	468,468
1526389737.341665464	66	40	48	0	2	0	2	-68	49749	5	4	1596	1478	468,468
1526389737.353411465	66	40	48	0	2	0	2	-68	49750	5	4	1596	1478	468,468
1526389737.365175352	66	40	48	0	2	0	2	-68	49751	5	4	1596	1478	468,468
1526389737.377083735	66	40	48	0	2	0	2	-67	49752	5	4	1596	1478	468,468
1526389737.388706442	66	40	48	0	2	0	2	-68	49753	5	4	1596	1478	468,468
1526389737.400468088	66	40	48	0	2	0	2	-68	49754	5	4	1596	1478	468,468
1526389737.412208627	66	40	48	0	2	0	2	-67	49755	5	4	1596	1478	468,468
1526389737.424140140	66	40	48	0	2	0	2	-68	49756	5	4	1596	1478	468,468
1526389737.435717699	66	40	48	0	2	0	2	-68	49757	5	4	1596	1478	468,468
1526389737.447485166	66	40	48	0	2	0	2	-68	49758	5	4	1596	1478	468,468
1526389737.459603590	66	40	48	0	2	0	2	-68	49760	5	4	1596	1478	468,468
1526389737.471006735	66	40	48	0	2	0	2	-68	49761	5	4	1596	1478	468,468
1526389737.482769900	66	40	48	0	2	0	2	-68	49762	5	4	1596	1478	468,468
1526389737.494524196	66	40	48	0	2	0	2	-68	49763	5	4	1596	1478	468,468
1526389737.506447927	66	40	48	0	2	0	2	-68	49764	5	4	1596	1478	468,468
1526389737.517935557	66	40	48	0	2	0	2	-68	49765	5	4	1596	1478	468,468
1526389737.529784502	66	40	48	0	2	0	2	-68	49766	5	4	1596	1478	468,468
1526389737.541549886	66	40	48	0	2	0	2	-68	49767	5	4	1596	1478	468,468
1526389737.553402210	66	40	48	0	2	0	2	-68	49768	5	4	1596	1478	468,468
1526389737.565083464	66	40	48	0	2	0	2	-68	49769	5	4	1596	1478	468,468
1526389737.576931365	66	40	48	0	2	0	2	-68	49770	5	4	1596	1478	468,468
1526389737.588708844	66	40	48	0	2	0	2	-68	49771	5	4	1596	1478	468,468
1526389737.600321469	66	40	48	0	2	0	2	-68	49772	5	4	1596	1478	468,468
1526389737.612216938	66	40	48	0	2	0	2	-68	49773	5	4	1596	1478	468,468
1526389737.624333991	66	40	48	0	2	0	2	-68	49775	5	4	1596	1478	468,468
1526389737.635615727	66	40	48	0	2	0	2	-68	49776	5	4	1596	1478	468,468
1526389737.647485267	66	40	48	0	2	0	2	-68	49777	5	4	1596	1478	468,468
1526389737.659246905	66	40	48	0	2	0	2	-68	49778	5	4	1596	1478	468,468
1526389737.671337988	66	40	48	0	2	0	2	-68	49780	5	4	1596	1478	468,468
1526389737.682579927	66	40	48	0	2	0	2	-68	49781	5	4	1596	1478	468,468
1526389737.694555860	66	40	48	0	2	0	2	-68	49782	5	4	1596	1478	468,468
1526389737.706185741	66	40	48	0	2	0	2	-67	49783	5	4	1596	1478	468,468
1526389737.717957388	66	40	48	0	2	0	2	-68	49784	5	4	1596	1478	468,468
1526389737.729810912	66	40	48	0	2	0	2	-67	49785	5	4	1596	1478	468,468
1526389737.741486370	66	40	48	0	2	0	2	-67	49786	5	4	1596	1478	468,468
1526389737.753220747	66	40	48	0	2	0	2	-67	49787	5	4	1596	1478	468,468
1526389737.764991215	66	40	48	0	2	0	2	-67	49788	5	4	1596	1478	468,468
1526389737.776849266	66	40	48	0	2	0	2	-67	49789	5	4	1596	1478	468,468
1526389737.788595238	63	40	48	0	2	0	2	-67	49790	6	4	1596	1478	526,5,526,5
1526389737.800403746	63	40	48	0	2	0	2	-67	49791	6	4	1596	1478	526,5,526,5
1526389737.812124760	63	40	48	0	2	0	2	-67	49792	6	4	1596	1478	526,5,526,5
1526389737.825243532	66	40	48	0	2	0	2	-67	49797	5	4	1596	1478	468,468
1526389737.835623770	66	40	48	0	2	0	2	-67	49798	5	4	1596	1478	468,468
1526389737.847407337	66	40	48	0	2	0	2	-67	49799	5	4	1596	1478	468,468
1526389737.859181813	66	40	48	0	2	0	2	-67	49800	5	4	1596	1478	468,468
1526389737.870963232	66	40	48	0	2	0	2	-67	49801	5	4	1596	1478	468,468
1526389737.882691384	66	40	48	0	2	0	2	-67	49802	5	4	1596	1478	468,468
1526389737.894455220	66	40	48	0	2	0	2	-67	49803	5	4	1596	1478	468,468
1526389737.906217163	66	40	48	0	2	0	2	-67	49804	5	4	1596	1478	468,468
1526389737.918308641	66	40	48	0	2	0	2	-67	49806	5	4	1596	1478	468,468
1526389737.929716209	66	40	48	0	2	0	2	-68	49807	5	4	1596	1478	468,468
1526389737.941490225	66	40	48	0	2	0	2	-68	49808	5	4	1596	1478	468,468
1526389737.953241503	66	40	48	0	2	0	2	-68	49809	5	4	1596	1478	468,468
1526389737.965004617	66	40	48	0	2	0	2	-68	49810	5	4	1596	1478	468,468
1526389737.976704891	66	40	48	0	2	0	2	-68	49811	5	4	1596	1478	468,468
1526389737.988464518	66	40	48	0	2	0	2	-68	49812	5	4	1596	1478	468,468
1526389738.000111717	66	40	48	0	2	0	2	-68	49813	5	4	1596	1478	468,468
1526389738.012075040	66	40	48	0	2	0	2	-68	49814	5	4	1596	1478	468,468
1526389738.023839820	66	40	48	0	2	0	2	-68	49815	5	4	1596	1478	468,468
1526389738.035581016	66	40	48	0	2	0	2	-68	49816	5	4	1596	1478	468,468
1526389738.047323300	66	40	48	0	2	0	2	-68	49817	5	4	1596	1478	468,468
1526389738.059101358	66	40	48	0	2	0	2	-68	49818	5	4	1596	1478	468,468
1526389738.070884345	66	40	48	0	2	0	2	-68	49819	5	4	1596	1478	468,468
1526389738.082618175	63	40	48	0	2	0	2	-68	49820	6	4	1596	1478	526,5,526,5
1526389738.094389685	66	40	48	0	2	0	2	-68	49821	5	4	1596	1478	468,468
1526389738.106170408	66	40	48	0	2	0	2	-68	49822	5	4	1596	1478	468,468
1526389738.117783812	66	40	48	0	2	0	2	-68	49823	5	4	1596	1478	468,468
1526389738.129564074	66	40	48	0	2	0	2	-68	49824	5	4	1596	1478	468,468
1526389738.141322243	63	40	48	0	2	0	2	-68	49825	6	4	1596	1478	526,5,526,5
1526389738.153131268	66	40	48	0	2	0	2	-68	49826	5	4	1596	1478	468,468
1526389738.164930162	66	40	48	0	2	0	2	-68	49827	5	4	1596	1478	468,468
1526389738.176686441	66	40	48	0	2	0	2	-68	49828	5	4	1596	1478	468,468
1526389738.188350265	66	40	48	0	2	0	2	-68	49829	5	4	1596	1478	468,468
1526389738.200440303	66	40	48	0	2	0	2	-68	49831	5	4	1596	1478	468,468
1526389738.211988666	66	40	48	0	2	0	2	-68	49832	5	4	1596	1478	468,468
1526389738.223650815	66	40	48	0	2	0	2	-68	49833	5	4	1596	1478	468,468
1526389738.235508401	66	40	48	0	2	0	2	-68	49834	5	4	1596	1478	468,468
1526389738.247126633	66	40	48	0	2	0	2	-68	49835	5	4	1596	1478	468,468
1526389738.258940646	66	40	48	0	2	0	2	-68	49836	5	4	1596	1478	468,468
1526389738.270665708	66	40	48	0	2	0	2	-68	49837	5	4	1596	1478	468,468
1526389738.282561781	66	40	48	0	2	0	2	-68	49838	5	4	1596	1478	468,468
1526389738.294208841	66	40	48	0	2	0	2	-68	49839	5	4	1596	1478	468,468
1526389738.306642685	66	40	48	0	2	0	2	-68	49840	5	4	1596	1478	468,468
1526389738.317737939	96	40	48	0	2	0	2	-69	49841	5	1	1596	1478	216,216
1526389738.329474918	96	40	48	0	2	0	2	-69	49842	5	1	1596	1478	216,216
1526389738.341236352	96	40	48	0	2	0	2	-69	49843	5	1	1596	1478	216,216
1526389738.352990980	90	40	48	0	2	0	2	-69	49844	6	1	1596	1478	243,243
1526389738.365061924	66	40	48	0	2	0	2	-68	49845	5	4	1596	1478	468,468
1526389738.376472415	66	40	48	0	2	0	2	-68	49846	5	4	1596	1478	468,468
1526389738.388230237	66	40	48	0	2	0	2	-68	49847	5	4	1596	1478	468,468
1526389738.400189513	66	40	48	0	2	0	2	-68	49848	5	4	1596	1478	468,468
1526389738.411783431	66	40	48	0	2	0	2	-68	49849	5	4	1596	1478	468,468
1526389738.423500855	66	40	48	0	2	0	2	-68	49850	5	4	1596	1478	468,468
1526389738.435269007	66	40	48	0	2	0	2	-68	49851	5	4	1596	1478	468,468
1526389738.447046734	66	40	48	0	2	0	2	-68	49852	5	4	1596	1478	468,468
1526389738.458787901	66	40	48	0	2	0	2	-68	49853	5	4	1596	1478	468,468
1526389738.470561985	66	40	48	0	2	0	2	-68	49854	5	4	1596	1478	468,468
1526389738.482317102	66	40	48	0	2	0	2	-68	49855	5	4	1596	1478	468,468
1526389738.494066148	66	40	48	0	2	0	2	-68	49856	5	4	1596	1478	468,468
1526389738.505821613	66	40	48	0	2	0	2	-68	49857	5	4	1596	1478	468,468
1526389738.517616761	66	40	48	0	2	0	2	-68	49858	5	4	1596	1478	468,468
1526389738.529693882	66	40	48	0	2	0	2	-68	49860	5	4	1596	1478	468,468
1526389738.541114139	66	40	48	0	2	0	2	-68	49861	5	4	1596	1478	468,468
1526389738.552883251	66	40	48	0	2	0	2	-68	49862	5	4	1596	1478	468,468
1526389738.564636488	66	40	48	0	2	0	2	-68	49863	5	4	1596	1478	468,468
1526389738.576411331	66	40	48	0	2	0	2	-68	49864	5	4	1596	1478	468,468
1526389738.588164489	66	40	48	0	2	0	2	-68	49865	5	4	1596	1478	468,468
1526389738.599960178	66	40	48	0	2	0	2	-68	49866	5	4	1596	1478	468,468
1526389738.613060476	66	40	48	0	2	0	2	-68	49867	5	4	1596	1478	468,468
1526389738.623610933	66	40	48	0	2	0	2	-68	49868	5	4	1596	1478	468,468
1526389738.635324834	66	40	48	0	2	0	2	-68	49869	5	4	1596	1478	468,468
1526389738.647005038	66	40	48	0	2	0	2	-68	49870	5	4	1596	1478	468,468
1526389738.658832396	66	40	48	0	2	0	2	-68	49871	5	4	1596	1478	468,468
1526389738.670596829	66	40	48	0	2	0	2	-68	49872	5	4	1596	1478	468,468
1526389738.682376090	66	40	48	0	2	0	2	-68	49873	5	4	1596	1478	468,468
1526389738.694468539	66	40	48	0	2	0	2	-68	49874	5	4	1596	1478	468,468
1526389738.706116881	66	40	48	0	2	0	2	-68	49876	5	4	1596	1478	468,468
1526389738.717614547	66	40	48	0	2	0	2	-68	49877	5	4	1596	1478	468,468
1526389738.729728722	66	40	48	0	2	0	2	-68	49879	5	4	1596	1478	468,468
1526389738.741340453	66	40	48	0	2	0	2	-68	49881	5	4	1596	1478	468,468
1526389738.752862650	66	40	48	0	2	0	2	-68	49882	5	4	1596	1478	468,468
1526389738.764660662	66	40	48	0	2	0	2	-68	49883	5	4	1596	1478	468,468
1526389738.779500368	68	40	48	1	1	1	2	-65	49890	9	4	1596	1478	433,333,433,333
1526389738.788578750	68	40	48	1	1	1	2	-65	49891	9	4	1596	1478	433,333,433,333
1526389738.800297096	68	40	48	1	1	1	2	-65	49893	9	4	1596	1478	433,333,433,333
1526389738.811706622	68	40	48	1	1	1	2	-65	49894	9	4	1596	1478	433,333,433,333
1526389738.823516580	68	40	48	1	1	1	2	-65	49895	9	4	1596	1478	433,333,433,333
1526389738.835221188	68	40	48	1	1	1	2	-65	49896	9	4	1596	1478	433,333,433,333
1526389738.846920909	68	40	48	1	1	1	2	-65	49897	9	4	1596	1478	433,333,433,333
1526389738.858629237	68	40	48	1	1	1	2	-65	49898	9	4	1596	1478	433,333,433,333
1526389738.870481177	66	40	48	0	2	0	2	-68	49899	5	4	1596	1478	468,468
1526389738.882232508	68	40	48	1	1	1	2	-65	49900	9	4	1596	1478	433,333,433,333
1526389738.894024249	68	40	48	1	1	1	2	-65	49901	9	4	1596	1478	433,333,433,333
1526389738.905711347	68	40	48	1	1	1	2	-65	49902	9	4	1596	1478	433,333,433,333
1526389738.917580797	68	40	48	1	1	1	2	-65	49903	9	4	1596	1478	433,333,433,333
1526389738.929699047	68	40	48	1	1	1	2	-65	49905	9	4	1596	1478	433,333,433,333
1526389738.941342066	68	40	48	1	1	1	2	-65	49907	9	4	1596	1478	433,333,433,333
1526389738.952844642	68	40	48	1	1	1	2	-65	49908	9	4	1596	1478	433,333,433,333
1526389738.964588281	68	40	48	1	1	1	2	-65	49909	9	4	1596	1478	433,333,433,333
1526389738.976732991	68	40	48	1	1	1	2	-65	49911	9	4	1596	1478	433,333,433,333
1526389738.988064957	68	40	48	1	1	1	2	-65	49912	9	4	1596	1478	433,333,433,333
1526389738.999888778	68	40	48	1	1	1	2	-65	49913	9	4	1596	1478	433,333,433,333
1526389739.011647653	68	40	48	1	1	1	2	-65	49914	9	4	1596	1478	433,333,433,333
1526389739.023499403	68	40	48	1	1	1	2	-65	49915	9	4	1596	1478	433,333,433,333
1526389739.035538172	68	40	48	1	1	1	2	-65	49917	9	4	1596	1478	433,333,433,333
1526389739.047213367	68	40	48	1	1	1	2	-65	49919	9	4	1596	1478	433,333,433,333
1526389739.059361961	68	40	48	1	1	1	2	-65	49922	9	4	1596	1478	433,333,433,333
1526389739.070815217	68	40	48	1	1	1	2	-65	49924	9	4	1596	1478	433,333,433,333
1526389739.082186380	68	40	48	1	1	1	2	-65	49925	9	4	1596	1478	433,333,433,333
1526389739.093875434	68	40	48	1	1	1	2	-65	49926	9	4	1596	1478	433,333,433,333
1526389739.105648336	68	40	48	1	1	1	2	-65	49927	9	4	1596	1478	433,333,433,333
1526389739.117212105	68	40	48	1	1	1	2	-65	49928	9	4	1596	1478	433,333,433,333
1526389739.139066667	68	40	48	1	1	1	2	-65	49929	9	4	1596	1478	433,333,433,333
1526389739.141252156	68	40	48	1	1	1	2	-65	49931	9	4	1596	1478	433,333,433,333
1526389739.152954604	68	40	48	1	1	1	2	-65	49933	9	4	1596	1478	433,333,433,333
1526389739.164959858	68	40	48	1	1	1	2	-65	49934	9	4	1596	1478	433,333,433,333
1526389739.176281728	68	40	48	1	1	1	2	-65	49935	9	4	1596	1478	433,333,433,333
1526389739.188036974	68	40	48	1	1	1	2	-65	49936	9	4	1596	1478	433,333,433,333
1526389739.199820754	68	40	48	1	1	1	2	-65	49937	9	4	1596	1478	433,333,433,333
1526389739.211506220	68	40	48	1	1	1	2	-65	49938	9	4	1596	1478	433,333,433,333
1526389739.223129243	68	40	48	1	1	1	2	-65	49939	9	4	1596	1478	433,333,433,333
1526389739.235448788	68	40	48	1	1	1	2	-65	49941	9	4	1596	1478	433,333,433,333
1526389739.246718233	68	40	48	1	1	1	2	-65	49942	9	4	1596	1478	433,333,433,333
1526389739.258522483	68	40	48	1	1	1	2	-65	49943	9	4	1596	1478	433,333,433,333
1526389739.270247844	68	40	48	1	1	1	2	-65	49944	9	4	1596	1478	433,333,433,333
1526389739.282588882	68	40	48	1	1	1	2	-65	49947	9	4	1596	1478	433,333,433,333
1526389739.293847337	68	40	48	1	1	1	2	-65	49948	9	4	1596	1478	433,333,433,333
1526389739.305627257	68	40	48	1	1	1	2	-65	49949	9	4	1596	1478	433,333,433,333
1526389739.317402150	66	40	48	0	2	0	2	-68	49950	5	4	1596	1478	468,468
1526389739.329175114	68	40	48	1	1	1	2	-65	49951	9	4	1596	1478	433,333,433,333
1526389739.340910018	68	40	48	1	1	1	2	-65	49952	9	4	1596	1478	433,333,433,333
1526389739.352665903	68	40	48	1	1	1	2	-65	49953	9	4	1596	1478	433,333,433,333
1526389739.364440840	68	40	48	1	1	1	2	-65	49954	9	4	1596	1478	433,333,433,333
1526389739.376551856	68	40	48	1	1	1	2	-65	49956	9	4	1596	1478	433,333,433,333
1526389739.387948393	68	40	48	1	1	1	2	-65	49957	9	4	1596	1478	433,333,433,333
1526389739.399724283	68	40	48	1	1	1	2	-65	49958	9	4	1596	1478	433,333,433,333
1526389739.411472930	68	40	48	1	1	1	2	-65	49959	9	4	1596	1478	433,333,433,333
1526389739.423223039	66	40	48	0	2	0	2	-68	49960	5	4	1596	1478	468,468
1526389739.435961282	68	40	48	1	1	1	2	-65	49962	9	4	1596	1478	433,333,433,333
1526389739.446769232	68	40	48	1	1	1	2	-65	49963	9	4	1596	1478	433,333,433,333
1526389739.458771615	68	40	48	1	1	1	2	-65	49965	9	4	1596	1478	433,333,433,333
1526389739.470329812	68	40	48	1	1	1	2	-65	49966	9	4	1596	1478	433,333,433,333
1526389739.482039115	66	40	48	0	2	0	2	-68	49967	5	4	1596	1478	468,468
1526389739.493801734	68	40	48	1	1	1	2	-65	49968	9	4	1596	1478	433,333,433,333
1526389739.505568059	68	40	48	1	1	1	2	-65	49969	9	4	1596	1478	433,333,433,333
1526389739.517348102	68	40	48	1	1	1	2	-65	49970	9	4	1596	1478	433,333,433,333
1526389739.529460128	68	40	48	1	1	1	2	-65	49971	9	4	1596	1478	433,333,433,333
1526389739.540859677	66	40	48	0	2	0	2	-68	49972	5	4	1596	1478	468,468
1526389739.552547728	66	40	48	0	2	0	2	-68	49973	5	4	1596	1478	468,468
1526389739.564317841	66	40	48	0	2	0	2	-68	49974	5	4	1596	1478	468,468
1526389739.576044132	66	40	48	0	2	0	2	-68	49975	5	4	1596	1478	468,468
1526389739.587883080	66	40	48	0	2	0	2	-68	49976	5	4	1596	1478	468,468
1526389739.601277803	68	40	48	1	1	1	2	-65	49981	9	4	1596	1478	433,333,433,333
1526389739.611685398	68	40	48	1	1	1	2	-65	49982	9	4	1596	1478	433,333,433,333
1526389739.623195725	68	40	48	1	1	1	2	-65	49983	9	4	1596	1478	433,333,433,333
1526389739.634926235	68	40	48	1	1	1	2	-65	49984	9	4	1596	1478	433,333,433,333
1526389739.646715128	68	40	48	1	1	1	2	-65	49985	9	4	1596	1478	433,333,433,333
1526389739.658445294	68	40	48	1	1	1	2	-65	49986	9	4	1596	1478	433,333,433,333
1526389739.670215413	68	40	48	1	1	1	2	-65	49987	9	4	1596	1478	433,333,433,333
1526389739.682059281	68	40	48	1	1	1	2	-65	49990	9	4	1596	1478	433,333,433,333
1526389739.693760380	68	40	48	1	1	1	2	-65	49991	9	4	1596	1478	433,333,433,333
1526389739.705489804	68	40	48	1	1	1	2	-65	49992	9	4	1596	1478	433,333,433,333
1526389739.717232364	68	40	48	1	1	1	2	-65	49993	9	4	1596	1478	433,333,433,333
1526389739.728837060	68	40	48	1	1	1	2	-65	49994	9	4	1596	1478	433,333,433,333
1526389739.741109968	68	40	48	1	1	1	2	-65	49995	9	4	1596	1478	433,333,433,333
1526389739.752530041	68	40	48	1	1	1	2	-65	49996	9	4	1596	1478	433,333,433,333
1526389739.764613123	68	40	48	1	1	1	2	-65	49998	9	4	1596	1478	433,333,433,333
1526389739.776052115	66	40	48	0	2	0	2	-68	49999	5	4	1596	1478	468,468
1526389739.788085927	68	40	48	1	1	1	2	-65	50001	9	4	1596	1478	433,333,433,333
1526389739.799574064	68	40	48	1	1	1	2	-65	50002	9	4	1596	1478	433,333,433,333
1526389739.811352642	68	40	48	1	1	1	2	-65	50003	9	4	1596	1478	433,333,433,333
1526389739.823080532	68	40	48	1	1	1	2	-65	50004	9	4	1596	1478	433,333,433,333
1526389739.835223288	68	40	48	1	1	1	2	-65	50006	9	4	1596	1478	433,333,433,333
1526389739.846973381	68	40	48	1	1	1	2	-65	50008	9	4	1596	1478	433,333,433,333
1526389739.858365650	68	40	48	1	1	1	2	-65	50009	9	4	1596	1478	433,333,433,333
1526389739.870100112	68	40	48	1	1	1	2	-65	50010	9	4	1596	1478	433,333,433,333
1526389739.882213221	66	40	48	0	2	0	2	-68	50011	5	4	1596	1478	468,468
1526389739.893646195	68	40	48	1	1	1	2	-65	50012	9	4	1596	1478	433,333,433,333
1526389739.905392852	68	40	48	1	1	1	2	-65	50013	9	4	1596	1478	433,333,433,333
1526389739.917159052	68	40	48	1	1	1	2	-65	50014	9	4	1596	1478	433,333,433,333
1526389739.928904776	68	40	48	1	1	1	2	-65	50015	9	4	1596	1478	433,333,433,333
1526389739.941032662	68	40	48	1	1	1	2	-65	50017	9	4	1596	1478	433,333,433,333
1526389739.952758109	68	40	48	1	1	1	2	-65	50019	9	4	1596	1478	433,333,433,333
1526389739.964219146	68	40	48	1	1	1	2	-65	50020	9	4	1596	1478	433,333,433,333
1526389739.975982096	68	40	48	1	1	1	2	-65	50021	9	4	1596	1478	433,333,433,333
1526389739.987718901	66	40	48	0	2	0	2	-68	50022	5	4	1596	1478	468,468
1526389739.999480149	68	40	48	1	1	1	2	-65	50023	9	4	1596	1478	433,333,433,333
1526389740.011233945	68	40	48	1	1	1	2	-65	50024	9	4	1596	1478	433,333,433,333
1526389740.023354938	68	40	48	1	1	1	2	-65	50026	9	4	1596	1478	433,333,433,333
1526389740.034745869	68	40	48	1	1	1	2	-65	50027	9	4	1596	1478	433,333,433,333
1526389740.046553212	66	40	48	0	2	0	2	-68	50028	5	4	1596	1478	468,468
1526389740.058519075	68	40	48	1	1	1	2	-65	50030	9	4	1596	1478	433,333,433,333
1526389740.069965209	68	40	48	1	1	1	2	-65	50031	9	4	1596	1478	433,333,433,333
1526389740.081948300	68	40	48	1	1	1	2	-65	50032	9	4	1596	1478	433,333,433,333
1526389740.093823209	68	40	48	1	1	1	2	-65	50034	9	4	1596	1478	433,333,433,333
1526389740.105618653	68	40	48	1	1	1	2	-65	50036	9	4	1596	1478	433,333,433,333
1526389740.117090665	68	40	48	1	1	1	2	-65	50037	9	4	1596	1478	433,333,433,333
1526389740.128848021	68	40	48	1	1	1	2	-65	50038	9	4	1596	1478	433,333,433,333
1526389740.140525031	68	40	48	1	1	1	2	-65	50039	9	4	1596	1478	433,333,433,333
1526389740.152402993	68	40	48	1	1	1	2	-65	50040	9	4	1596	1478	433,333,433,333
1526389740.164387942	68	40	48	1	1	1	2	-65	50042	9	4	1596	1478	433,333,433,333
1526389740.175871951	68	40	48	1	1	1	2	-65	50043	9	4	1596	1478	433,333,433,333
1526389740.187565575	66	40	48	0	2	0	2	-68	50044	5	4	1596	1478	468,468
1526389740.199403173	66	40	48	0	2	0	2	-68	50045	5	4	1596	1478	468,468
1526389740.211209433	66	40	48	0	2	0	2	-68	50046	5	4	1596	1478	468,468
1526389740.222996782	66	40	48	0	2	0	2	-68	50047	5	4	1596	1478	468,468
1526389740.234519661	66	40	48	0	2	0	2	-68	50048	5	4	1596	1478	468,468
1526389740.246612558	66	40	48	0	2	0	2	-68	50050	5	4	1596	1478	468,468
1526389740.258012736	66	40	48	0	2	0	2	-68	50051	5	4	1596	1478	468,468
1526389740.269693872	66	40	48	0	2	0	2	-68	50052	5	4	1596	1478	468,468
1526389740.281589312	66	40	48	0	2	0	2	-68	50053	5	4	1596	1478	468,468
1526389740.293714740	66	40	48	0	2	0	2	-68	50055	5	4	1596	1478	468,468
1526389740.305103551	66	40	48	0	2	0	2	-68	50056	5	4	1596	1478	468,468
1526389740.317141745	66	40	48	0	2	0	2	-68	50057	5	4	1596	1478	468,468
1526389740.328917737	66	40	48	0	2	0	2	-68	50059	5	4	1596	1478	468,468
1526389740.340752786	66	40	48	0	2	0	2	-68	50061	5	4	1596	1478	468,468
1526389740.352323403	66	40	48	0	2	0	2	-68	50062	5	4	1596	1478	468,468
1526389740.363903017	66	40	48	0	2	0	2	-68	50063	5	4	1596	1478	468,468
1526389740.375689542	66	40	48	0	2	0	2	-68	50064	5	4	1596	1478	468,468
1526389740.387521878	66	40	48	0	2	0	2	-68	50065	5	4	1596	1478	468,468
1526389740.399315217	66	40	48	0	2	0	2	-68	50066	5	4	1596	1478	468,468
1526389740.411416974	66	40	48	0	2	0	2	-68	50067	5	4	1596	1478	468,468
1526389740.422841219	66	40	48	0	2	0	2	-68	50068	5	4	1596	1478	468,468
1526389740.434593032	66	40	48	0	2	0	2	-68	50069	5	4	1596	1478	468,468
1526389740.446410611	66	40	48	0	2	0	2	-68	50070	5	4	1596	1478	468,468
1526389740.458142519	66	40	48	0	2	0	2	-68	50071	5	4	1596	1478	468,468
1526389740.469876007	66	40	48	0	2	0	2	-68	50072	5	4	1596	1478	468,468
1526389740.481626419	66	40	48	0	2	0	2	-68	50073	5	4	1596	1478	468,468
1526389740.493415258	66	40	48	0	2	0	2	-68	50074	5	4	1596	1478	468,468
1526389740.505163289	66	40	48	0	2	0	2	-68	50075	5	4	1596	1478	468,468
1526389740.516908824	66	40	48	0	2	0	2	-68	50076	5	4	1596	1478	468,468
1526389740.528668069	66	40	48	0	2	0	2	-68	50077	5	4	1596	1478	468,468
1526389740.540351615	66	40	48	0	2	0	2	-68	50078	5	4	1596	1478	468,468
1526389740.552120701	66	40	48	0	2	0	2	-68	50079	5	4	1596	1478	468,468
1526389740.563990869	66	40	48	0	2	0	2	-68	50080	5	4	1596	1478	468,468
1526389740.576115916	66	40	48	0	2	0	2	-68	50081	5	4	1596	1478	468,468
1526389740.587466249	66	40	48	0	2	0	2	-68	50082	5	4	1596	1478	468,468
1526389740.599251393	66	40	48	0	2	0	2	-68	50083	5	4	1596	1478	468,468
1526389740.610990243	66	40	48	0	2	0	2	-68	50084	5	4	1596	1478	468,468
1526389740.622742828	66	40	48	0	2	0	2	-68	50085	5	4	1596	1478	468,468
1526389740.634532941	66	40	48	0	2	0	2	-68	50086	5	4	1596	1478	468,468
1526389740.646284207	66	40	48	0	2	0	2	-68	50087	5	4	1596	1478	468,468
1526389740.658061514	66	40	48	0	2	0	2	-68	50088	5	4	1596	1478	468,468
1526389740.669823260	66	40	48	0	2	0	2	-68	50089	5	4	1596	1478	468,468
1526389740.681573786	66	40	48	0	2	0	2	-68	50090	5	4	1596	1478	468,468
1526389740.693228735	66	40	48	0	2	0	2	-68	50091	5	4	1596	1478	468,468
1526389740.705077710	66	40	48	0	2	0	2	-68	50092	5	4	1596	1478	468,468
1526389740.717160938	66	40	48	0	2	0	2	-68	50093	5	4	1596	1478	468,468
1526389740.728615346	66	40	48	0	2	0	2	-68	50094	5	4	1596	1478	468,468
1526389740.740714945	66	40	48	0	2	0	2	-68	50096	5	4	1596	1478	468,468
1526389740.751997564	66	40	48	0	2	0	2	-68	50097	5	4	1596	1478	468,468
1526389740.763917706	66	40	48	0	2	0	2	-68	50098	5	4	1596	1478	468,468
1526389740.775620780	66	40	48	0	2	0	2	-68	50099	5	4	1596	1478	468,468
1526389740.787407330	66	40	48	0	2	0	2	-68	50100	5	4	1596	1478	468,468
1526389740.798975666	66	40	48	0	2	0	2	-68	50101	5	4	1596	1478	468,468
1526389740.810910518	66	40	48	0	2	0	2	-68	50102	5	4	1596	1478	468,468
1526389740.822595354	66	40	48	0	2	0	2	-68	50103	5	4	1596	1478	468,468
1526389740.834343214	66	40	48	0	2	0	2	-68	50104	5	4	1596	1478	468,468
1526389740.846049097	66	40	48	0	2	0	2	-68	50105	5	4	1596	1478	468,468
1526389740.857823698	66	40	48	0	2	0	2	-68	50106	5	4	1596	1478	468,468
1526389740.869727884	66	40	48	0	2	0	2	-68	50107	5	4	1596	1478	468,468
1526389740.881473478	66	40	48	0	2	0	2	-68	50108	5	4	1596	1478	468,468
1526389740.893223404	66	40	48	0	2	0	2	-68	50109	5	4	1596	1478	468,468
1526389740.905794089	66	40	48	0	2	0	2	-68	50110	5	4	1596	1478	468,468
1526389740.916596552	66	40	48	0	2	0	2	-68	50111	5	4	1596	1478	468,468
1526389740.928345638	66	40	48	0	2	0	2	-68	50112	5	4	1596	1478	468,468
1526389740.940094590	66	40	48	0	2	0	2	-68	50113	5	4	1596	1478	468,468
1526389740.951872137	66	40	48	0	2	0	2	-68	50114	5	4	1596	1478	468,468
1526389740.963646160	66	40	48	0	2	0	2	-68	50115	5	4	1596	1478	468,468
1526389740.975466730	66	40	48	0	2	0	2	-68	50116	5	4	1596	1478	468,468
1526389740.987180950	66	40	48	0	2	0	2	-68	50117	5	4	1596	1478	468,468
1526389740.998854980	66	40	48	0	2	0	2	-68	50118	5	4	1596	1478	468,468
1526389741.011020252	66	40	48	0	2	0	2	-68	50120	5	4	1596	1478	468,468
1526389741.022418523	66	40	48	0	2	0	2	-68	50121	5	4	1596	1478	468,468
1526389741.034175687	66	40	48	0	2	0	2	-68	50122	5	4	1596	1478	468,468
1526389741.045877747	66	40	48	0	2	0	2	-68	50123	5	4	1596	1478	468,468
1526389741.057611217	66	40	48	0	2	0	2	-68	50124	5	4	1596	1478	468,468
1526389741.069757713	66	40	48	0	2	0	2	-68	50126	5	4	1596	1478	468,468
1526389741.081128414	66	40	48	0	2	0	2	-68	50127	5	4	1596	1478	468,468
1526389741.092935920	66	40	48	0	2	0	2	-68	50128	5	4	1596	1478	468,468
1526389741.104658217	66	40	48	0	2	0	2	-68	50129	5	4	1596	1478	468,468
1526389741.116824252	66	40	48	0	2	0	2	-68	50130	5	4	1596	1478	468,468
1526389741.128222333	66	40	48	0	2	0	2	-68	50131	5	4	1596	1478	468,468
1526389741.139936588	66	40	48	0	2	0	2	-68	50132	5	4	1596	1478	468,468
1526389741.151834964	66	40	48	0	2	0	2	-68	50133	5	4	1596	1478	468,468
1526389741.163531812	66	40	48	0	2	0	2	-68	50134	5	4	1596	1478	468,468
1526389741.175304603	66	40	48	0	2	0	2	-68	50135	5	4	1596	1478	468,468
1526389741.187034147	66	40	48	0	2	0	2	-68	50136	5	4	1596	1478	468,468
1526389741.198803068	66	40	48	0	2	0	2	-68	50137	5	4	1596	1478	468,468
1526389741.210667350	66	40	48	0	2	0	2	-68	50138	5	4	1596	1478	468,468
1526389741.222267847	66	40	48	0	2	0	2	-68	50139	5	4	1596	1478	468,468
1526389741.234532052	66	40	48	0	2	0	2	-68	50141	5	4	1596	1478	468,468
1526389741.245901979	66	40	48	0	2	0	2	-68	50142	5	4	1596	1478	468,468
1526389741.258178137	66	40	48	0	2	0	2	-68	50145	5	4	1596	1478	468,468
1526389741.269240317	66	40	48	0	2	0	2	-68	50146	5	4	1596	1478	468,468
1526389741.281085237	66	40	48	0	2	0	2	-68	50147	5	4	1596	1478	468,468
1526389741.292904998	66	40	48	0	2	0	2	-68	50148	5	4	1596	1478	468,468
1526389741.304679946	66	40	48	0	2	0	2	-68	50149	5	4	1596	1478	468,468
1526389741.316796424	66	40	48	0	2	0	2	-68	50151	5	4	1596	1478	468,468
1526389741.328219102	66	40	48	0	2	0	2	-68	50152	5	4	1596	1478	468,468
1526389741.339900812	66	40	48	0	2	0	2	-68	50153	5	4	1596	1478	468,468
1526389741.351581379	66	40	48	0	2	0	2	-68	50154	5	4	1596	1478	468,468
1526389741.363543328	66	40	48	0	2	0	2	-68	50155	5	4	1596	1478	468,468
1526389741.375208093	66	40	48	0	2	0	2	-68	50156	5	4	1596	1478	468,468
1526389741.387299127	66	40	48	0	2	0	2	-68	50158	5	4	1596	1478	468,468
