1526389688.607389450	66	40	48	0	2	0	2	-60	48114	5	4	1596	1478	468,468
1526389688.607423493	66	40	48	0	2	0	2	-60	48114	5	4	1596	1478	468,468
1526389688.607433061	66	40	48	0	2	0	2	-60	48114	5	4	1596	1478	468,468
1526389688.607439617	66	40	48	0	2	0	2	-60	48114	5	4	1596	1478	468,468
1526389688.607445728	66	40	48	0	2	0	2	-60	48114	5	4	1596	1478	468,468
1526389688.607451325	66	40	48	0	2	0	2	-60	48114	5	4	1596	1478	468,468
1526389688.607461368	66	40	48	0	2	0	2	-60	48114	5	4	1596	1478	468,468
1526389688.607467629	66	40	48	0	2	0	2	-60	48114	5	4	1596	1478	468,468
1526389688.607474003	66	40	48	0	2	0	2	-60	48114	5	4	1596	1478	468,468
1526389688.607480019	66	40	48	0	2	0	2	-60	48114	5	4	1596	1478	468,468
1526389688.607486579	66	40	48	0	2	0	2	-60	48114	5	4	1596	1478	468,468
1526389688.607493753	66	40	48	0	2	0	2	-60	48114	5	4	1596	1478	468,468
1526389688.614104384	66	40	48	0	2	0	2	-60	48115	5	4	1596	1478	468,468
1526389688.625828695	66	40	48	0	2	0	2	-60	48116	5	4	1596	1478	468,468
1526389688.637716265	66	40	48	0	2	0	2	-60	48117	5	4	1596	1478	468,468
1526389688.649579258	63	40	48	0	2	0	2	-60	48118	6	4	1596	1478	526,5,526,5
1526389688.661229572	63	40	48	0	2	0	2	-60	48119	6	4	1596	1478	526,5,526,5
1526389688.673089841	63	40	48	0	2	0	2	-60	48120	6	4	1596	1478	526,5,526,5
1526389688.684835436	63	40	48	0	2	0	2	-60	48121	6	4	1596	1478	526,5,526,5
1526389688.696564537	63	40	48	0	2	0	2	-59	48122	6	4	1596	1478	526,5,526,5
1526389688.708290049	58	40	48	1	2	0	2	-59	48123	7	4	1596	1478	650,650
1526389688.720022376	58	40	48	1	2	0	2	-59	48124	7	4	1596	1478	650,650
1526389688.731787296	58	40	48	1	2	0	2	-59	48125	7	4	1596	1478	650,650
1526389688.743581402	58	40	48	1	2	0	2	-59	48126	7	4	1596	1478	650,650
1526389688.755415888	58	40	48	1	2	0	2	-59	48127	7	4	1596	1478	650,650
1526389688.767165369	55	40	48	1	2	0	2	-60	48128	8	4	1596	1478	780,780
1526389688.778922911	55	40	48	1	2	0	2	-59	48129	8	4	1596	1478	780,780
1526389688.790692967	55	40	48	1	2	0	2	-60	48130	8	4	1596	1478	780,780
1526389688.802429849	55	40	48	1	2	0	2	-60	48131	8	4	1596	1478	780,780
1526389688.814198421	55	40	48	1	2	0	2	-59	48132	8	4	1596	1478	780,780
1526389688.826321738	55	40	48	1	2	0	2	-59	48134	8	4	1596	1478	780,780
1526389688.837719280	55	40	48	1	2	0	2	-60	48135	8	4	1596	1478	780,780
1526389688.849522723	55	40	48	1	2	0	2	-60	48136	8	4	1596	1478	780,780
1526389688.861238571	55	40	48	1	2	0	2	-60	48137	8	4	1596	1478	780,780
1526389688.872988580	55	40	48	1	2	0	2	-59	48138	8	4	1596	1478	780,780
1526389688.884706377	55	40	48	1	2	0	2	-60	48139	8	4	1596	1478	780,780
1526389688.896503370	55	40	48	1	2	0	2	-59	48140	8	4	1596	1478	780,780
1526389688.908248120	55	40	48	1	2	0	2	-60	48141	8	4	1596	1478	780,780
1526389688.919998845	55	40	48	1	2	0	2	-59	48142	8	4	1596	1478	780,780
1526389688.931752602	55	40	48	1	2	0	2	-59	48143	8	4	1596	1478	780,780
1526389688.943560078	55	40	48	1	2	0	2	-60	48144	8	4	1596	1478	780,780
1526389688.955332440	55	40	48	1	2	0	2	-59	48145	8	4	1596	1478	780,780
1526389688.966989404	55	40	48	1	2	0	2	-60	48146	8	4	1596	1478	780,780
1526389688.978830863	55	40	48	1	2	0	2	-60	48147	8	4	1596	1478	780,780
1526389688.990964106	55	40	48	1	2	0	2	-59	48149	8	4	1596	1478	780,780
1526389689.002288592	55	40	48	1	2	0	2	-59	48150	8	4	1596	1478	780,780
1526389689.014131312	55	40	48	1	2	0	2	-59	48151	8	4	1596	1478	780,780
1526389689.025879946	55	40	48	1	2	0	2	-59	48152	8	4	1596	1478	780,780
1526389689.037628398	55	40	48	1	2	0	2	-59	48153	8	4	1596	1478	780,780
1526389689.049383543	55	40	48	1	2	0	2	-59	48154	8	4	1596	1478	780,780
1526389689.061168950	55	40	48	1	2	0	2	-59	48155	8	4	1596	1478	780,780
1526389689.072903578	55	40	48	1	2	0	2	-60	48156	8	4	1596	1478	780,780
1526389689.084678182	55	40	48	1	2	0	2	-60	48157	8	4	1596	1478	780,780
1526389689.096325741	55	40	48	1	2	0	2	-60	48158	8	4	1596	1478	780,780
1526389689.108071399	55	40	48	1	2	0	2	-60	48159	8	4	1596	1478	780,780
1526389689.119752225	55	40	48	1	2	0	2	-60	48160	8	4	1596	1478	780,780
1526389689.131738589	55	40	48	1	2	0	2	-59	48161	8	4	1596	1478	780,780
1526389689.143394500	55	40	48	1	2	0	2	-59	48162	8	4	1596	1478	780,780
1526389689.155270974	54	40	48	1	2	0	2	-59	48163	9	4	1596	1478	866,667,866,667
1526389689.166909084	54	40	48	1	2	0	2	-59	48164	9	4	1596	1478	866,667,866,667
1526389689.180045041	55	40	48	1	2	0	2	-59	48169	8	4	1596	1478	780,780
1526389689.190509536	55	40	48	1	2	0	2	-59	48170	8	4	1596	1478	780,780
1526389689.202191380	55	40	48	1	2	0	2	-59	48171	8	4	1596	1478	780,780
1526389689.214047390	55	40	48	1	2	0	2	-59	48172	8	4	1596	1478	780,780
1526389689.225746531	55	40	48	1	2	0	2	-59	48173	8	4	1596	1478	780,780
1526389689.237556709	55	40	48	1	2	0	2	-59	48174	8	4	1596	1478	780,780
1526389689.249210897	55	40	48	1	2	0	2	-59	48175	8	4	1596	1478	780,780
1526389689.261108439	55	40	48	1	2	0	2	-59	48176	8	4	1596	1478	780,780
1526389689.273202160	55	40	48	1	2	0	2	-59	48178	8	4	1596	1478	780,780
1526389689.284629515	55	40	48	1	2	0	2	-59	48179	8	4	1596	1478	780,780
1526389689.296375387	55	40	48	1	2	0	2	-59	48180	8	4	1596	1478	780,780
1526389689.308114473	55	40	48	1	2	0	2	-59	48181	8	4	1596	1478	780,780
1526389689.320197105	55	40	48	1	2	0	2	-59	48182	8	4	1596	1478	780,780
1526389689.331638627	55	40	48	1	2	0	2	-59	48183	8	4	1596	1478	780,780
1526389689.343409289	55	40	48	1	2	0	2	-59	48184	8	4	1596	1478	780,780
1526389689.355157837	55	40	48	1	2	0	2	-59	48185	8	4	1596	1478	780,780
1526389689.366940743	55	40	48	1	2	0	2	-59	48186	8	4	1596	1478	780,780
1526389689.378659144	55	40	48	1	2	0	2	-59	48187	8	4	1596	1478	780,780
1526389689.390438550	55	40	48	1	2	0	2	-59	48188	8	4	1596	1478	780,780
1526389689.402180709	55	40	48	1	2	0	2	-59	48189	8	4	1596	1478	780,780
1526389689.413968772	55	40	48	1	2	0	2	-59	48190	8	4	1596	1478	780,780
1526389689.425718004	55	40	48	1	2	0	2	-59	48191	8	4	1596	1478	780,780
1526389689.437815451	55	40	48	1	2	0	2	-59	48193	8	4	1596	1478	780,780
1526389689.449256175	55	40	48	1	2	0	2	-59	48194	8	4	1596	1478	780,780
1526389689.461155361	55	40	48	1	2	0	2	-59	48195	8	4	1596	1478	780,780
1526389689.472703459	55	40	48	1	2	0	2	-59	48196	8	4	1596	1478	780,780
1526389689.484435519	55	40	48	1	2	0	2	-59	48197	8	4	1596	1478	780,780
1526389689.496194502	55	40	48	1	2	0	2	-59	48198	8	4	1596	1478	780,780
1526389689.507954647	55	40	48	1	2	0	2	-59	48199	8	4	1596	1478	780,780
1526389689.519726472	55	40	48	1	2	0	2	-59	48200	8	4	1596	1478	780,780
1526389689.531443754	55	40	48	1	2	0	2	-59	48201	8	4	1596	1478	780,780
1526389689.543235786	55	40	48	1	2	0	2	-59	48202	8	4	1596	1478	780,780
1526389689.555023245	55	40	48	1	2	0	2	-59	48203	8	4	1596	1478	780,780
1526389689.566775565	55	40	48	1	2	0	2	-59	48204	8	4	1596	1478	780,780
1526389689.578537592	55	40	48	1	2	0	2	-59	48205	8	4	1596	1478	780,780
1526389689.590268899	55	40	48	1	2	0	2	-59	48206	8	4	1596	1478	780,780
1526389689.602220455	55	40	48	1	2	0	2	-59	48208	8	4	1596	1478	780,780
1526389689.613748621	55	40	48	1	2	0	2	-59	48209	8	4	1596	1478	780,780
1526389689.625535357	55	40	48	1	2	0	2	-59	48210	8	4	1596	1478	780,780
1526389689.637293568	55	40	48	1	2	0	2	-59	48211	8	4	1596	1478	780,780
1526389689.649055075	55	40	48	1	2	0	2	-59	48212	8	4	1596	1478	780,780
1526389689.660718799	55	40	48	1	2	0	2	-59	48213	8	4	1596	1478	780,780
1526389689.672527653	55	40	48	1	2	0	2	-59	48214	8	4	1596	1478	780,780
1526389689.684254381	55	40	48	1	2	0	2	-59	48215	8	4	1596	1478	780,780
1526389689.696127826	55	40	48	1	2	0	2	-59	48216	8	4	1596	1478	780,780
1526389689.707933638	55	40	48	1	2	0	2	-59	48217	8	4	1596	1478	780,780
1526389689.719729515	55	40	48	1	2	0	2	-59	48218	8	4	1596	1478	780,780
1526389689.731496562	55	40	48	1	2	0	2	-59	48219	8	4	1596	1478	780,780
1526389689.743252743	55	40	48	1	2	0	2	-59	48220	8	4	1596	1478	780,780
1526389689.754999688	55	40	48	1	2	0	2	-59	48221	8	4	1596	1478	780,780
1526389689.767096043	55	40	48	1	2	0	2	-59	48223	8	4	1596	1478	780,780
1526389689.778519767	55	40	48	1	2	0	2	-59	48224	8	4	1596	1478	780,780
1526389689.790274249	55	40	48	1	2	0	2	-59	48225	8	4	1596	1478	780,780
1526389689.802026351	55	40	48	1	2	0	2	-59	48226	8	4	1596	1478	780,780
1526389689.813784468	55	40	48	1	2	0	2	-59	48227	8	4	1596	1478	780,780
1526389689.825570888	55	40	48	1	2	0	2	-59	48228	8	4	1596	1478	780,780
1526389689.837253484	55	40	48	1	2	0	2	-59	48229	8	4	1596	1478	780,780
1526389689.849095934	55	40	48	1	2	0	2	-59	48230	8	4	1596	1478	780,780
1526389689.860786609	55	40	48	1	2	0	2	-59	48231	8	4	1596	1478	780,780
1526389689.872616529	55	40	48	1	2	0	2	-59	48232	8	4	1596	1478	780,780
1526389689.884347000	55	40	48	1	2	0	2	-59	48233	8	4	1596	1478	780,780
1526389689.896123354	55	40	48	1	2	0	2	-60	48234	8	4	1596	1478	780,780
1526389689.907876954	55	40	48	1	2	0	2	-60	48235	8	4	1596	1478	780,780
1526389689.919629029	55	40	48	1	2	0	2	-60	48236	8	4	1596	1478	780,780
1526389689.931734280	55	40	48	1	2	0	2	-59	48237	8	4	1596	1478	780,780
1526389689.943152651	55	40	48	1	2	0	2	-60	48238	8	4	1596	1478	780,780
1526389689.954845946	55	40	48	1	2	0	2	-60	48239	8	4	1596	1478	780,780
1526389689.966679548	55	40	48	1	2	0	2	-60	48240	8	4	1596	1478	780,780
1526389689.978460637	55	40	48	1	2	0	2	-60	48241	8	4	1596	1478	780,780
1526389689.990124252	55	40	48	1	2	0	2	-60	48242	8	4	1596	1478	780,780
1526389690.001946294	55	40	48	1	2	0	2	-60	48243	8	4	1596	1478	780,780
1526389690.013706502	55	40	48	1	2	0	2	-60	48244	8	4	1596	1478	780,780
1526389690.025472208	55	40	48	1	2	0	2	-60	48245	8	4	1596	1478	780,780
1526389690.037308317	55	40	48	1	2	0	2	-59	48246	8	4	1596	1478	780,780
1526389690.048983381	55	40	48	1	2	0	2	-59	48247	8	4	1596	1478	780,780
1526389690.060769150	55	40	48	1	2	0	2	-59	48248	8	4	1596	1478	780,780
1526389690.072523304	55	40	48	1	2	0	2	-59	48249	8	4	1596	1478	780,780
1526389690.084310192	55	40	48	1	2	0	2	-60	48250	8	4	1596	1478	780,780
1526389690.096389920	55	40	48	1	2	0	2	-59	48252	8	4	1596	1478	780,780
1526389690.107812921	55	40	48	1	2	0	2	-60	48253	8	4	1596	1478	780,780
1526389690.119489324	55	40	48	1	2	0	2	-59	48254	8	4	1596	1478	780,780
1526389690.131195268	55	40	48	1	2	0	2	-59	48255	8	4	1596	1478	780,780
1526389690.142886058	55	40	48	1	2	0	2	-60	48256	8	4	1596	1478	780,780
1526389690.154839216	55	40	48	1	2	0	2	-59	48257	8	4	1596	1478	780,780
1526389690.166593083	55	40	48	1	2	0	2	-59	48258	8	4	1596	1478	780,780
1526389690.178310677	55	40	48	1	2	0	2	-59	48260	8	4	1596	1478	780,780
1526389690.190093451	55	40	48	1	2	0	2	-59	48261	8	4	1596	1478	780,780
1526389690.201896759	55	40	48	1	2	0	2	-59	48262	8	4	1596	1478	780,780
1526389690.213642566	55	40	48	1	2	0	2	-59	48263	8	4	1596	1478	780,780
1526389690.225415990	55	40	48	1	2	0	2	-59	48264	8	4	1596	1478	780,780
1526389690.237144741	55	40	48	1	2	0	2	-59	48265	8	4	1596	1478	780,780
1526389690.248924494	55	40	48	1	2	0	2	-60	48266	8	4	1596	1478	780,780
1526389690.261012261	55	40	48	1	2	0	2	-60	48268	8	4	1596	1478	780,780
1526389690.272360441	55	40	48	1	2	0	2	-60	48269	8	4	1596	1478	780,780
1526389690.284221154	55	40	48	1	2	0	2	-60	48270	8	4	1596	1478	780,780
1526389690.295972569	55	40	48	1	2	0	2	-60	48271	8	4	1596	1478	780,780
1526389690.307641536	55	40	48	1	2	0	2	-59	48272	8	4	1596	1478	780,780
1526389690.319297232	55	40	48	1	2	0	2	-60	48273	8	4	1596	1478	780,780
1526389690.331253555	55	40	48	1	2	0	2	-60	48274	8	4	1596	1478	780,780
1526389690.343010415	55	40	48	1	2	0	2	-60	48275	8	4	1596	1478	780,780
1526389690.354750347	55	40	48	1	2	0	2	-59	48276	8	4	1596	1478	780,780
1526389690.366469617	55	40	48	1	2	0	2	-59	48277	8	4	1596	1478	780,780
1526389690.378272693	55	40	48	1	2	0	2	-59	48278	8	4	1596	1478	780,780
1526389690.390044941	55	40	48	1	2	0	2	-59	48279	8	4	1596	1478	780,780
1526389690.401792448	55	40	48	1	2	0	2	-60	48280	8	4	1596	1478	780,780
1526389690.413546643	55	40	48	1	2	0	2	-59	48281	8	4	1596	1478	780,780
1526389690.425679574	55	40	48	1	2	0	2	-59	48283	8	4	1596	1478	780,780
1526389690.437113085	55	40	48	1	2	0	2	-59	48284	8	4	1596	1478	780,780
1526389690.448771170	55	40	48	1	2	0	2	-59	48285	8	4	1596	1478	780,780
1526389690.460508579	55	40	48	1	2	0	2	-59	48286	8	4	1596	1478	780,780
1526389690.472262190	55	40	48	1	2	0	2	-59	48287	8	4	1596	1478	780,780
1526389690.484049415	55	40	48	1	2	0	2	-59	48288	8	4	1596	1478	780,780
1526389690.495796222	55	40	48	1	2	0	2	-59	48289	8	4	1596	1478	780,780
1526389690.507552002	55	40	48	1	2	0	2	-59	48290	8	4	1596	1478	780,780
1526389690.519236704	55	40	48	1	2	0	2	-59	48291	8	4	1596	1478	780,780
1526389690.531067199	55	40	48	1	2	0	2	-59	48292	8	4	1596	1478	780,780
1526389690.542853469	55	40	48	1	2	0	2	-59	48293	8	4	1596	1478	780,780
1526389690.554654908	55	40	48	1	2	0	2	-59	48294	8	4	1596	1478	780,780
1526389690.566444535	55	40	48	1	2	0	2	-59	48295	8	4	1596	1478	780,780
1526389690.578222804	55	40	48	1	2	0	2	-59	48296	8	4	1596	1478	780,780
1526389690.590325447	55	40	48	1	2	0	2	-59	48298	8	4	1596	1478	780,780
1526389690.601719463	55	40	48	1	2	0	2	-59	48299	8	4	1596	1478	780,780
1526389690.613470583	55	40	48	1	2	0	2	-59	48300	8	4	1596	1478	780,780
1526389690.625310629	55	40	48	1	2	0	2	-59	48301	8	4	1596	1478	780,780
1526389690.637028257	55	40	48	1	2	0	2	-60	48302	8	4	1596	1478	780,780
1526389690.648460542	55	40	48	1	2	0	2	-60	48303	8	4	1596	1478	780,780
1526389690.660305807	55	40	48	1	2	0	2	-60	48304	8	4	1596	1478	780,780
1526389690.672213106	55	40	48	1	2	0	2	-60	48305	8	4	1596	1478	780,780
1526389690.684009022	55	40	48	1	2	0	2	-60	48306	8	4	1596	1478	780,780
1526389690.695809574	55	40	48	1	2	0	2	-60	48307	8	4	1596	1478	780,780
1526389690.707556586	55	40	48	1	2	0	2	-60	48308	8	4	1596	1478	780,780
1526389690.719161679	55	40	48	1	2	0	2	-60	48309	8	4	1596	1478	780,780
1526389690.730991117	55	40	48	1	2	0	2	-60	48310	8	4	1596	1478	780,780
1526389690.742755932	55	40	48	1	2	0	2	-60	48311	8	4	1596	1478	780,780
1526389690.754872421	55	40	48	1	2	0	2	-60	48313	8	4	1596	1478	780,780
1526389690.766354140	55	40	48	1	2	0	2	-60	48314	8	4	1596	1478	780,780
1526389690.778107716	55	40	48	1	2	0	2	-60	48315	8	4	1596	1478	780,780
1526389690.789859126	55	40	48	1	2	0	2	-60	48316	8	4	1596	1478	780,780
1526389690.801662088	55	40	48	1	2	0	2	-60	48317	8	4	1596	1478	780,780
1526389690.813405383	55	40	48	1	2	0	2	-60	48318	8	4	1596	1478	780,780
1526389690.825151760	55	40	48	1	2	0	2	-60	48319	8	4	1596	1478	780,780
1526389690.836930317	55	40	48	1	2	0	2	-60	48320	8	4	1596	1478	780,780
1526389690.848680495	55	40	48	1	2	0	2	-60	48321	8	4	1596	1478	780,780
1526389690.860444638	55	40	48	1	2	0	2	-59	48322	8	4	1596	1478	780,780
1526389690.872219110	55	40	48	1	2	0	2	-59	48323	8	4	1596	1478	780,780
1526389690.883969507	55	40	48	1	2	0	2	-59	48324	8	4	1596	1478	780,780
1526389690.895757897	55	40	48	1	2	0	2	-59	48325	8	4	1596	1478	780,780
1526389690.907408657	55	40	48	1	2	0	2	-60	48326	8	4	1596	1478	780,780
1526389690.919597450	55	40	48	1	2	0	2	-60	48328	8	4	1596	1478	780,780
1526389690.931368901	55	40	48	1	2	0	2	-60	48330	8	4	1596	1478	780,780
1526389690.944110432	58	40	48	1	2	0	2	-60	48335	7	4	1596	1478	650,650
1526389690.954526583	58	40	48	1	2	0	2	-59	48336	7	4	1596	1478	650,650
1526389690.966302924	58	40	48	1	2	0	2	-59	48337	7	4	1596	1478	650,650
1526389690.977948095	58	40	48	1	2	0	2	-60	48338	7	4	1596	1478	650,650
1526389690.989792849	58	40	48	1	2	0	2	-59	48339	7	4	1596	1478	650,650
1526389691.001581401	58	40	48	1	2	0	2	-60	48340	7	4	1596	1478	650,650
1526389691.013326779	58	40	48	1	2	0	2	-60	48341	7	4	1596	1478	650,650
1526389691.025094649	58	40	48	1	2	0	2	-59	48342	7	4	1596	1478	650,650
1526389691.036850112	58	40	48	1	2	0	2	-60	48343	7	4	1596	1478	650,650
1526389691.048515662	58	40	48	1	2	0	2	-60	48344	7	4	1596	1478	650,650
1526389691.060869258	58	40	48	1	2	0	2	-59	48345	7	4	1596	1478	650,650
1526389691.072100997	58	40	48	1	2	0	2	-59	48346	7	4	1596	1478	650,650
1526389691.083885040	57	40	48	0	2	0	2	-59	48347	8	4	1596	1478	702,702
1526389691.095664609	58	40	48	1	2	0	2	-59	48348	7	4	1596	1478	650,650
1526389691.107420153	58	40	48	1	2	0	2	-59	48349	7	4	1596	1478	650,650
1526389691.119082544	58	40	48	1	2	0	2	-59	48350	7	4	1596	1478	650,650
1526389691.130847030	58	40	48	1	2	0	2	-59	48351	7	4	1596	1478	650,650
1526389691.142579979	57	40	48	0	2	0	2	-59	48352	8	4	1596	1478	702,702
1526389691.154327672	58	40	48	1	2	0	2	-59	48353	7	4	1596	1478	650,650
1526389691.166214155	58	40	48	1	2	0	2	-59	48354	7	4	1596	1478	650,650
1526389691.177973488	58	40	48	1	2	0	2	-59	48355	7	4	1596	1478	650,650
1526389691.189702181	58	40	48	1	2	0	2	-59	48356	7	4	1596	1478	650,650
1526389691.201693115	57	40	48	0	2	0	2	-59	48357	8	4	1596	1478	702,702
1526389691.213231949	57	40	48	0	2	0	2	-59	48358	8	4	1596	1478	702,702
1526389691.225005390	55	40	48	1	2	0	2	-59	48359	8	4	1596	1478	780,780
1526389691.236775111	55	40	48	1	2	0	2	-59	48360	8	4	1596	1478	780,780
1526389691.248412400	55	40	48	1	2	0	2	-59	48361	8	4	1596	1478	780,780
1526389691.260614250	55	40	48	1	2	0	2	-59	48362	8	4	1596	1478	780,780
1526389691.272044807	55	40	48	1	2	0	2	-59	48363	8	4	1596	1478	780,780
1526389691.283724882	55	40	48	1	2	0	2	-59	48364	8	4	1596	1478	780,780
1526389691.295544744	55	40	48	1	2	0	2	-59	48365	8	4	1596	1478	780,780
1526389691.307348259	55	40	48	1	2	0	2	-59	48366	8	4	1596	1478	780,780
1526389691.319098160	55	40	48	1	2	0	2	-59	48367	8	4	1596	1478	780,780
1526389691.330859999	55	40	48	1	2	0	2	-59	48368	8	4	1596	1478	780,780
1526389691.342591273	55	40	48	1	2	0	2	-59	48369	8	4	1596	1478	780,780
1526389691.354301111	55	40	48	1	2	0	2	-59	48370	8	4	1596	1478	780,780
1526389691.366107534	55	40	48	1	2	0	2	-59	48371	8	4	1596	1478	780,780
1526389691.377881231	55	40	48	1	2	0	2	-59	48372	8	4	1596	1478	780,780
1526389691.389642015	55	40	48	1	2	0	2	-59	48373	8	4	1596	1478	780,780
1526389691.401401797	55	40	48	1	2	0	2	-59	48374	8	4	1596	1478	780,780
1526389691.413202373	55	40	48	1	2	0	2	-59	48375	8	4	1596	1478	780,780
1526389691.424833707	55	40	48	0	2	0	2	-59	48376	9	4	1596	1478	780,780
1526389691.436621418	55	40	48	1	2	0	2	-59	48377	8	4	1596	1478	780,780
1526389691.448387365	55	40	48	1	2	0	2	-59	48378	8	4	1596	1478	780,780
1526389691.460240652	55	40	48	1	2	0	2	-59	48379	8	4	1596	1478	780,780
1526389691.471954119	55	40	48	1	2	0	2	-59	48380	8	4	1596	1478	780,780
1526389691.483722356	55	40	48	0	2	0	2	-59	48381	9	4	1596	1478	780,780
1526389691.495490280	55	40	48	1	2	0	2	-59	48382	8	4	1596	1478	780,780
1526389691.509517785	55	40	48	1	2	0	2	-59	48383	8	4	1596	1478	780,780
1526389691.519000847	55	40	48	1	2	0	2	-59	48384	8	4	1596	1478	780,780
1526389691.530754712	55	40	48	1	2	0	2	-59	48385	8	4	1596	1478	780,780
1526389691.542511394	55	40	48	0	2	0	2	-59	48386	9	4	1596	1478	780,780
1526389691.554288210	55	40	48	1	2	0	2	-59	48387	8	4	1596	1478	780,780
1526389691.566328963	55	40	48	1	2	0	2	-59	48388	8	4	1596	1478	780,780
1526389691.577819830	55	40	48	1	2	0	2	-59	48389	8	4	1596	1478	780,780
1526389691.589556774	55	40	48	1	2	0	2	-59	48390	8	4	1596	1478	780,780
1526389691.601234517	55	40	48	0	2	0	2	-60	48391	9	4	1596	1478	780,780
1526389691.613006450	54	40	48	1	2	0	2	-59	48392	9	4	1596	1478	866,667,866,667
1526389691.625336413	54	40	48	1	2	0	2	-59	48395	9	4	1596	1478	866,667,866,667
1526389691.636803930	54	40	48	1	2	0	2	-60	48397	9	4	1596	1478	866,667,866,667
1526389691.648223721	54	40	48	1	2	0	2	-59	48398	9	4	1596	1478	866,667,866,667
1526389691.660705295	54	40	48	1	2	0	2	-60	48403	9	4	1596	1478	866,667,866,667
1526389691.671652280	54	40	48	1	2	0	2	-59	48404	9	4	1596	1478	866,667,866,667
1526389691.683421921	54	40	48	1	2	0	2	-59	48405	9	4	1596	1478	866,667,866,667
1526389691.695260421	54	40	48	1	2	0	2	-59	48406	9	4	1596	1478	866,667,866,667
1526389691.707289193	54	40	48	1	2	0	2	-59	48408	9	4	1596	1478	866,667,866,667
1526389691.718807222	54	40	48	1	2	0	2	-59	48409	9	4	1596	1478	866,667,866,667
1526389691.731536121	54	40	48	1	2	0	2	-59	48413	9	4	1596	1478	866,667,866,667
1526389691.742185767	54	40	48	1	2	0	2	-59	48414	9	4	1596	1478	866,667,866,667
1526389691.754333239	54	40	48	1	2	0	2	-59	48416	9	4	1596	1478	866,667,866,667
1526389691.766524907	54	40	48	1	2	0	2	-59	48418	9	4	1596	1478	866,667,866,667
1526389691.778078025	54	40	48	1	2	0	2	-59	48420	9	4	1596	1478	866,667,866,667
1526389691.789687942	54	40	48	1	2	0	2	-59	48422	9	4	1596	1478	866,667,866,667
1526389691.801401719	54	40	48	1	2	0	2	-59	48424	9	4	1596	1478	866,667,866,667
1526389691.813498151	54	40	48	1	2	0	2	-59	48427	9	4	1596	1478	866,667,866,667
1526389691.824968077	54	40	48	1	2	0	2	-59	48429	9	4	1596	1478	866,667,866,667
1526389691.837753405	55	40	48	1	2	0	2	-59	48434	8	4	1596	1478	780,780
1526389691.848139362	55	40	48	1	2	0	2	-59	48435	8	4	1596	1478	780,780
1526389691.859911404	55	40	48	1	2	0	2	-59	48436	8	4	1596	1478	780,780
1526389691.871664166	55	40	48	1	2	0	2	-59	48437	8	4	1596	1478	780,780
1526389691.883434935	55	40	48	1	2	0	2	-59	48438	8	4	1596	1478	780,780
1526389691.895117805	55	40	48	1	2	0	2	-59	48439	8	4	1596	1478	780,780
1526389691.906952301	55	40	48	1	2	0	2	-59	48440	8	4	1596	1478	780,780
1526389691.918735263	55	40	48	1	2	0	2	-59	48441	8	4	1596	1478	780,780
1526389691.930807893	55	40	48	1	2	0	2	-59	48443	8	4	1596	1478	780,780
1526389691.942230189	55	40	48	1	2	0	2	-59	48444	8	4	1596	1478	780,780
1526389691.953972000	55	40	48	1	2	0	2	-59	48445	8	4	1596	1478	780,780
1526389691.965743988	55	40	48	1	2	0	2	-59	48446	8	4	1596	1478	780,780
1526389691.977501814	55	40	48	1	2	0	2	-59	48447	8	4	1596	1478	780,780
1526389691.989269101	55	40	48	1	2	0	2	-59	48448	8	4	1596	1478	780,780
1526389692.001024112	55	40	48	1	2	0	2	-59	48449	8	4	1596	1478	780,780
1526389692.012788332	55	40	48	1	2	0	2	-59	48450	8	4	1596	1478	780,780
1526389692.024574900	55	40	48	1	2	0	2	-59	48451	8	4	1596	1478	780,780
1526389692.036313979	55	40	48	1	2	0	2	-59	48452	8	4	1596	1478	780,780
1526389692.048076204	55	40	48	1	2	0	2	-59	48453	8	4	1596	1478	780,780
1526389692.059807476	55	40	48	1	2	0	2	-59	48454	8	4	1596	1478	780,780
1526389692.071579190	55	40	48	1	2	0	2	-59	48455	8	4	1596	1478	780,780
1526389692.083437465	55	40	48	1	2	0	2	-59	48456	8	4	1596	1478	780,780
1526389692.095234987	55	40	48	0	2	0	2	-59	48457	9	4	1596	1478	780,780
1526389692.107010193	55	40	48	1	2	0	2	-59	48458	8	4	1596	1478	780,780
1526389692.118754527	55	40	48	1	2	0	2	-59	48459	8	4	1596	1478	780,780
1526389692.130471684	55	40	48	1	2	0	2	-59	48460	8	4	1596	1478	780,780
1526389692.142223803	55	40	48	1	2	0	2	-59	48461	8	4	1596	1478	780,780
1526389692.154304165	55	40	48	1	2	0	2	-59	48463	8	4	1596	1478	780,780
1526389692.165602725	55	40	48	1	2	0	2	-59	48464	8	4	1596	1478	780,780
1526389692.177422650	55	40	48	1	2	0	2	-59	48465	8	4	1596	1478	780,780
1526389692.189172441	55	40	48	1	2	0	2	-59	48466	8	4	1596	1478	780,780
1526389692.201080579	55	40	48	1	2	0	2	-59	48467	8	4	1596	1478	780,780
1526389692.212818452	55	40	48	1	2	0	2	-59	48468	8	4	1596	1478	780,780
1526389692.224608630	55	40	48	1	2	0	2	-59	48469	8	4	1596	1478	780,780
1526389692.236592807	55	40	48	1	2	0	2	-59	48470	8	4	1596	1478	780,780
1526389692.247983409	55	40	48	1	2	0	2	-59	48471	8	4	1596	1478	780,780
1526389692.259738220	55	40	48	1	2	0	2	-59	48472	8	4	1596	1478	780,780
1526389692.271650240	55	40	48	1	2	0	2	-59	48473	8	4	1596	1478	780,780
1526389692.283400017	55	40	48	1	2	0	2	-59	48474	8	4	1596	1478	780,780
1526389692.295169215	55	40	48	1	2	0	2	-59	48475	8	4	1596	1478	780,780
1526389692.306909598	55	40	48	1	2	0	2	-59	48476	8	4	1596	1478	780,780
1526389692.318384667	55	40	48	0	2	0	2	-59	48477	9	4	1596	1478	780,780
1526389692.330359084	55	40	48	1	2	0	2	-59	48478	8	4	1596	1478	780,780
1526389692.342220411	55	40	48	1	2	0	2	-59	48479	8	4	1596	1478	780,780
1526389692.353866858	55	40	48	1	2	0	2	-59	48480	8	4	1596	1478	780,780
1526389692.365701211	55	40	48	1	2	0	2	-59	48481	8	4	1596	1478	780,780
1526389692.377843308	55	40	48	1	2	0	2	-59	48483	8	4	1596	1478	780,780
1526389692.389146615	55	40	48	1	2	0	2	-59	48484	8	4	1596	1478	780,780
1526389692.400789173	55	40	48	1	2	0	2	-59	48485	8	4	1596	1478	780,780
1526389692.412684246	55	40	48	1	2	0	2	-59	48486	8	4	1596	1478	780,780
1526389692.424429626	55	40	48	1	2	0	2	-59	48487	8	4	1596	1478	780,780
1526389692.436292160	55	40	48	1	2	0	2	-59	48488	8	4	1596	1478	780,780
1526389692.448027830	55	40	48	1	2	0	2	-59	48489	8	4	1596	1478	780,780
1526389692.459783407	55	40	48	1	2	0	2	-59	48490	8	4	1596	1478	780,780
1526389692.471487336	55	40	48	1	2	0	2	-59	48491	8	4	1596	1478	780,780
1526389692.483338905	55	40	48	1	2	0	2	-59	48492	8	4	1596	1478	780,780
1526389692.495094918	55	40	48	1	2	0	2	-59	48493	8	4	1596	1478	780,780
1526389692.506827398	55	40	48	1	2	0	2	-59	48494	8	4	1596	1478	780,780
1526389692.518606307	55	40	48	1	2	0	2	-59	48495	8	4	1596	1478	780,780
1526389692.530306182	55	40	48	1	2	0	2	-59	48496	8	4	1596	1478	780,780
1526389692.542159540	55	40	48	0	2	0	2	-59	48497	9	4	1596	1478	780,780
1526389692.553786997	55	40	48	1	2	0	2	-59	48498	8	4	1596	1478	780,780
1526389692.565575997	55	40	48	1	2	0	2	-59	48499	8	4	1596	1478	780,780
1526389692.577328441	55	40	48	1	2	0	2	-59	48500	8	4	1596	1478	780,780
1526389692.589039209	55	40	48	1	2	0	2	-59	48501	8	4	1596	1478	780,780
1526389692.601172288	55	40	48	1	2	0	2	-59	48503	8	4	1596	1478	780,780
1526389692.612553540	55	40	48	1	2	0	2	-59	48504	8	4	1596	1478	780,780
1526389692.624314581	55	40	48	1	2	0	2	-59	48505	8	4	1596	1478	780,780
1526389692.637224343	55	40	48	1	2	0	2	-59	48506	8	4	1596	1478	780,780
1526389692.647824189	55	40	48	1	2	0	2	-59	48507	8	4	1596	1478	780,780
1526389692.659574436	55	40	48	1	2	0	2	-59	48508	8	4	1596	1478	780,780
1526389692.671341802	55	40	48	1	2	0	2	-59	48509	8	4	1596	1478	780,780
1526389692.683141848	55	40	48	1	2	0	2	-59	48510	8	4	1596	1478	780,780
1526389692.694922192	55	40	48	1	2	0	2	-59	48511	8	4	1596	1478	780,780
1526389692.706741015	55	40	48	1	2	0	2	-59	48512	8	4	1596	1478	780,780
1526389692.718398268	55	40	48	1	2	0	2	-59	48513	8	4	1596	1478	780,780
1526389692.730179963	55	40	48	1	2	0	2	-59	48514	8	4	1596	1478	780,780
1526389692.741975004	55	40	48	1	2	0	2	-59	48515	8	4	1596	1478	780,780
1526389692.753693602	55	40	48	1	2	0	2	-59	48516	8	4	1596	1478	780,780
1526389692.765384658	55	40	48	0	2	0	2	-59	48517	9	4	1596	1478	780,780
1526389692.778596387	55	40	48	1	2	0	2	-59	48522	8	4	1596	1478	780,780
1526389692.789067813	55	40	48	1	2	0	2	-59	48523	8	4	1596	1478	780,780
1526389692.800837332	55	40	48	1	2	0	2	-59	48524	8	4	1596	1478	780,780
1526389692.812583339	55	40	48	1	2	0	2	-59	48525	8	4	1596	1478	780,780
1526389692.824345168	55	40	48	1	2	0	2	-59	48526	8	4	1596	1478	780,780
1526389692.836032168	55	40	48	1	2	0	2	-59	48527	8	4	1596	1478	780,780
1526389692.847916796	55	40	48	1	2	0	2	-59	48528	8	4	1596	1478	780,780
1526389692.859661810	55	40	48	1	2	0	2	-59	48529	8	4	1596	1478	780,780
1526389692.871724118	55	40	48	1	2	0	2	-59	48531	8	4	1596	1478	780,780
1526389692.883130389	55	40	48	1	2	0	2	-59	48532	8	4	1596	1478	780,780
1526389692.894916567	55	40	48	1	2	0	2	-59	48533	8	4	1596	1478	780,780
1526389692.906663439	55	40	48	1	2	0	2	-59	48534	8	4	1596	1478	780,780
1526389692.918366346	55	40	48	1	2	0	2	-59	48535	8	4	1596	1478	780,780
1526389692.930181135	55	40	48	1	2	0	2	-59	48536	8	4	1596	1478	780,780
1526389692.941986051	55	40	48	1	2	0	2	-59	48537	8	4	1596	1478	780,780
1526389692.953731418	55	40	48	1	2	0	2	-59	48538	8	4	1596	1478	780,780
1526389692.965524270	55	40	48	1	2	0	2	-59	48539	8	4	1596	1478	780,780
1526389692.977306267	55	40	48	1	2	0	2	-59	48540	8	4	1596	1478	780,780
1526389692.989042505	55	40	48	1	2	0	2	-59	48541	8	4	1596	1478	780,780
1526389693.000744551	55	40	48	1	2	0	2	-59	48542	8	4	1596	1478	780,780
1526389693.012586067	55	40	48	1	2	0	2	-59	48543	8	4	1596	1478	780,780
1526389693.024252359	55	40	48	1	2	0	2	-59	48544	8	4	1596	1478	780,780
1526389693.036414508	55	40	48	1	2	0	2	-59	48546	8	4	1596	1478	780,780
1526389693.047842498	55	40	48	1	2	0	2	-59	48547	8	4	1596	1478	780,780
1526389693.059624062	55	40	48	1	2	0	2	-59	48548	8	4	1596	1478	780,780
1526389693.071270153	55	40	48	1	2	0	2	-59	48549	8	4	1596	1478	780,780
1526389693.083168028	55	40	48	1	2	0	2	-59	48550	8	4	1596	1478	780,780
1526389693.094908396	55	40	48	1	2	0	2	-59	48551	8	4	1596	1478	780,780
1526389693.106655627	55	40	48	1	2	0	2	-59	48552	8	4	1596	1478	780,780
1526389693.118411786	55	40	48	1	2	0	2	-59	48553	8	4	1596	1478	780,780
1526389693.130188415	55	40	48	1	2	0	2	-59	48554	8	4	1596	1478	780,780
1526389693.141842115	55	40	48	1	2	0	2	-59	48555	8	4	1596	1478	780,780
1526389693.153998074	55	40	48	1	2	0	2	-59	48556	8	4	1596	1478	780,780
1526389693.165452118	55	40	48	1	2	0	2	-59	48557	8	4	1596	1478	780,780
1526389693.176988198	55	40	48	1	2	0	2	-59	48558	8	4	1596	1478	780,780
1526389693.189112436	55	40	48	1	2	0	2	-59	48559	8	4	1596	1478	780,780
1526389693.200827244	55	40	48	1	2	0	2	-59	48561	8	4	1596	1478	780,780
1526389693.212240163	55	40	48	1	2	0	2	-59	48562	8	4	1596	1478	780,780
1526389693.224083606	55	40	48	1	2	0	2	-59	48563	8	4	1596	1478	780,780
1526389693.235828093	55	40	48	1	2	0	2	-59	48564	8	4	1596	1478	780,780
1526389693.247609596	55	40	48	1	2	0	2	-59	48565	8	4	1596	1478	780,780
1526389693.259324067	55	40	48	1	2	0	2	-59	48566	8	4	1596	1478	780,780
1526389693.271150341	55	40	48	1	2	0	2	-59	48567	8	4	1596	1478	780,780
1526389693.282717520	55	40	48	1	2	0	2	-59	48568	8	4	1596	1478	780,780
1526389693.294815331	55	40	48	1	2	0	2	-59	48569	8	4	1596	1478	780,780
1526389693.306557446	55	40	48	1	2	0	2	-59	48570	8	4	1596	1478	780,780
1526389693.318276698	55	40	48	1	2	0	2	-59	48571	8	4	1596	1478	780,780
1526389693.330021751	55	40	48	1	2	0	2	-59	48572	8	4	1596	1478	780,780
1526389693.341805410	55	40	48	1	2	0	2	-59	48573	8	4	1596	1478	780,780
1526389693.353577379	55	40	48	1	2	0	2	-59	48574	8	4	1596	1478	780,780
1526389693.365276302	55	40	48	0	2	0	2	-59	48575	9	4	1596	1478	780,780
1526389693.376897703	55	40	48	1	2	0	2	-59	48576	8	4	1596	1478	780,780
1526389693.388761613	55	40	48	1	2	0	2	-59	48577	8	4	1596	1478	780,780
1526389693.400457374	55	40	48	1	2	0	2	-59	48578	8	4	1596	1478	780,780
1526389693.412283906	55	40	48	1	2	0	2	-59	48579	8	4	1596	1478	780,780
1526389693.424017425	55	40	48	0	2	0	2	-59	48580	9	4	1596	1478	780,780
1526389693.436198457	55	40	48	1	2	0	2	-59	48581	8	4	1596	1478	780,780
1526389693.447570551	55	40	48	1	2	0	2	-59	48582	8	4	1596	1478	780,780
1526389693.459343833	55	40	48	1	2	0	2	-59	48583	8	4	1596	1478	780,780
1526389693.471081584	55	40	48	1	2	0	2	-59	48584	8	4	1596	1478	780,780
1526389693.483166059	55	40	48	1	2	0	2	-59	48586	8	4	1596	1478	780,780
1526389693.494581751	55	40	48	1	2	0	2	-59	48587	8	4	1596	1478	780,780
1526389693.506369716	55	40	48	1	2	0	2	-59	48588	8	4	1596	1478	780,780
1526389693.518756413	55	40	48	1	2	0	2	-59	48589	8	4	1596	1478	780,780
1526389693.529877576	55	40	48	1	2	0	2	-59	48590	8	4	1596	1478	780,780
1526389693.541644519	55	40	48	1	2	0	2	-59	48591	8	4	1596	1478	780,780
1526389693.553367005	55	40	48	1	2	0	2	-59	48592	8	4	1596	1478	780,780
1526389693.565168685	55	40	48	1	2	0	2	-59	48593	8	4	1596	1478	780,780
1526389693.576911848	55	40	48	1	2	0	2	-59	48594	8	4	1596	1478	780,780
1526389693.588645803	55	40	48	1	2	0	2	-59	48595	8	4	1596	1478	780,780
1526389693.600289490	55	40	48	1	2	0	2	-59	48596	8	4	1596	1478	780,780
1526389693.612061538	55	40	48	1	2	0	2	-59	48597	8	4	1596	1478	780,780
1526389693.623911868	55	40	48	1	2	0	2	-59	48598	8	4	1596	1478	780,780
1526389693.635575714	55	40	48	1	2	0	2	-59	48599	8	4	1596	1478	780,780
1526389693.647412623	55	40	48	0	2	0	2	-59	48600	9	4	1596	1478	780,780
1526389693.659208790	55	40	48	1	2	0	2	-59	48601	8	4	1596	1478	780,780
1526389693.670962648	55	40	48	1	2	0	2	-59	48602	8	4	1596	1478	780,780
1526389693.682715931	55	40	48	1	2	0	2	-59	48603	8	4	1596	1478	780,780
1526389693.694461369	55	40	48	1	2	0	2	-59	48604	8	4	1596	1478	780,780
1526389693.706471956	55	40	48	1	2	0	2	-59	48606	8	4	1596	1478	780,780
1526389693.717897347	55	40	48	1	2	0	2	-59	48607	8	4	1596	1478	780,780
1526389693.729659896	55	40	48	1	2	0	2	-59	48608	8	4	1596	1478	780,780
1526389693.741425469	55	40	48	1	2	0	2	-59	48609	8	4	1596	1478	780,780
1526389693.753159060	55	40	48	1	2	0	2	-59	48610	8	4	1596	1478	780,780
1526389693.764940295	55	40	48	1	2	0	2	-59	48611	8	4	1596	1478	780,780
1526389693.776762689	55	40	48	1	2	0	2	-59	48612	8	4	1596	1478	780,780
1526389693.788527438	55	40	48	1	2	0	2	-59	48613	8	4	1596	1478	780,780
1526389693.800311117	55	40	48	1	2	0	2	-59	48614	8	4	1596	1478	780,780
1526389693.812085268	55	40	48	1	2	0	2	-59	48615	8	4	1596	1478	780,780
1526389693.823878485	55	40	48	1	2	0	2	-59	48616	8	4	1596	1478	780,780
1526389693.835611485	55	40	48	1	2	0	2	-59	48617	8	4	1596	1478	780,780
1526389693.847373827	55	40	48	1	2	0	2	-59	48618	8	4	1596	1478	780,780
1526389693.859114815	55	40	48	1	2	0	2	-59	48619	8	4	1596	1478	780,780
1526389693.870879109	55	40	48	0	2	0	2	-59	48620	9	4	1596	1478	780,780
1526389693.882667344	55	40	48	1	2	0	2	-59	48621	8	4	1596	1478	780,780
1526389693.894509727	55	40	48	1	2	0	2	-59	48622	8	4	1596	1478	780,780
1526389693.906217948	55	40	48	1	2	0	2	-59	48623	8	4	1596	1478	780,780
1526389693.918021989	55	40	48	1	2	0	2	-59	48624	8	4	1596	1478	780,780
1526389693.930110927	55	40	48	1	2	0	2	-59	48626	8	4	1596	1478	780,780
1526389693.941548338	55	40	48	1	2	0	2	-59	48627	8	4	1596	1478	780,780
1526389693.953319751	55	40	48	1	2	0	2	-59	48628	8	4	1596	1478	780,780
1526389693.965010200	55	40	48	1	2	0	2	-59	48629	8	4	1596	1478	780,780
1526389693.976733080	55	40	48	1	2	0	2	-59	48630	8	4	1596	1478	780,780
1526389693.988583907	55	40	48	1	2	0	2	-59	48631	8	4	1596	1478	780,780
1526389694.000345846	55	40	48	1	2	0	2	-59	48632	8	4	1596	1478	780,780
1526389694.012118862	55	40	48	1	2	0	2	-59	48633	8	4	1596	1478	780,780
1526389694.023879473	55	40	48	1	2	0	2	-59	48634	8	4	1596	1478	780,780
1526389694.035608712	55	40	48	1	2	0	2	-59	48635	8	4	1596	1478	780,780
1526389694.047374760	55	40	48	1	2	0	2	-59	48636	8	4	1596	1478	780,780
1526389694.059162445	55	40	48	1	2	0	2	-59	48637	8	4	1596	1478	780,780
1526389694.070930349	55	40	48	1	2	0	2	-59	48638	8	4	1596	1478	780,780
1526389694.082659084	55	40	48	1	2	0	2	-59	48639	8	4	1596	1478	780,780
1526389694.094442192	55	40	48	0	2	0	2	-59	48640	9	4	1596	1478	780,780
1526389694.106499958	54	40	48	1	2	0	2	-59	48642	9	4	1596	1478	866,667,866,667
1526389694.118316936	54	40	48	1	2	0	2	-59	48644	9	4	1596	1478	866,667,866,667
1526389694.129730135	54	40	48	1	2	0	2	-59	48645	9	4	1596	1478	866,667,866,667
1526389694.142010607	54	40	48	1	2	0	2	-59	48648	9	4	1596	1478	866,667,866,667
1526389694.153234498	54	40	48	1	2	0	2	-59	48649	9	4	1596	1478	866,667,866,667
1526389694.165611993	54	40	48	1	2	0	2	-59	48652	9	4	1596	1478	866,667,866,667
1526389694.176963843	54	40	48	1	2	0	2	-59	48654	9	4	1596	1478	866,667,866,667
1526389694.188518621	54	40	48	1	2	0	2	-59	48655	9	4	1596	1478	866,667,866,667
1526389694.200578889	54	40	48	1	2	0	2	-59	48657	9	4	1596	1478	866,667,866,667
1526389694.212060863	54	40	48	1	2	0	2	-59	48658	9	4	1596	1478	866,667,866,667
1526389694.223691691	54	40	48	1	2	0	2	-59	48659	9	4	1596	1478	866,667,866,667
1526389694.235954390	54	40	48	1	2	0	2	-59	48660	9	4	1596	1478	866,667,866,667
1526389694.247199341	54	40	48	1	2	0	2	-59	48661	9	4	1596	1478	866,667,866,667
1526389694.259691435	54	40	48	1	2	0	2	-59	48664	9	4	1596	1478	866,667,866,667
1526389694.270824886	54	40	48	1	2	0	2	-59	48665	9	4	1596	1478	866,667,866,667
1526389694.282615031	54	40	48	1	2	0	2	-59	48666	9	4	1596	1478	866,667,866,667
1526389694.295372092	54	40	48	1	2	0	2	-59	48670	9	4	1596	1478	866,667,866,667
1526389694.306117902	54	40	48	1	2	0	2	-59	48671	9	4	1596	1478	866,667,866,667
1526389694.318431035	54	40	48	1	2	0	2	-59	48674	9	4	1596	1478	866,667,866,667
1526389694.329620862	54	40	48	1	2	0	2	-59	48675	9	4	1596	1478	866,667,866,667
1526389694.341340964	54	40	48	1	2	0	2	-59	48676	9	4	1596	1478	866,667,866,667
1526389694.353067948	54	40	48	1	2	0	2	-59	48677	9	4	1596	1478	866,667,866,667
1526389694.365081217	54	40	48	1	2	0	2	-59	48679	9	4	1596	1478	866,667,866,667
1526389694.377547141	54	40	48	1	2	0	2	-59	48682	9	4	1596	1478	866,667,866,667
1526389694.389031717	54	40	48	1	2	0	2	-59	48685	9	4	1596	1478	866,667,866,667
1526389694.399999853	54	40	48	1	2	0	2	-59	48686	9	4	1596	1478	866,667,866,667
1526389694.411885245	54	40	48	1	2	0	2	-59	48687	9	4	1596	1478	866,667,866,667
1526389694.423641625	54	40	48	1	2	0	2	-59	48688	9	4	1596	1478	866,667,866,667
1526389694.435394540	54	40	48	1	2	0	2	-59	48689	9	4	1596	1478	866,667,866,667
1526389694.447845519	54	40	48	1	2	0	2	-59	48692	9	4	1596	1478	866,667,866,667
1526389694.459270031	54	40	48	1	2	0	2	-59	48694	9	4	1596	1478	866,667,866,667
1526389694.470915616	54	40	48	1	2	0	2	-59	48696	9	4	1596	1478	866,667,866,667
1526389694.482338708	54	40	48	1	2	0	2	-59	48697	9	4	1596	1478	866,667,866,667
1526389694.495586945	55	40	48	1	2	0	2	-60	48702	8	4	1596	1478	780,780
1526389694.506054012	55	40	48	1	2	0	2	-59	48703	8	4	1596	1478	780,780
1526389694.517725390	55	40	48	1	2	0	2	-59	48704	8	4	1596	1478	780,780
1526389694.529441541	55	40	48	1	2	0	2	-59	48705	8	4	1596	1478	780,780
1526389694.541295739	55	40	48	1	2	0	2	-59	48706	8	4	1596	1478	780,780
1526389694.553060874	55	40	48	1	2	0	2	-59	48707	8	4	1596	1478	780,780
1526389694.564833100	55	40	48	1	2	0	2	-60	48708	8	4	1596	1478	780,780
1526389694.576608140	55	40	48	1	2	0	2	-60	48709	8	4	1596	1478	780,780
1526389694.588726647	55	40	48	1	2	0	2	-60	48711	8	4	1596	1478	780,780
1526389694.600127538	55	40	48	1	2	0	2	-59	48712	8	4	1596	1478	780,780
1526389694.611901786	55	40	48	1	2	0	2	-60	48713	8	4	1596	1478	780,780
1526389694.624217822	55	40	48	1	2	0	2	-60	48715	8	4	1596	1478	780,780
1526389694.635381891	55	40	48	1	2	0	2	-60	48716	8	4	1596	1478	780,780
1526389694.647049515	55	40	48	1	2	0	2	-60	48717	8	4	1596	1478	780,780
1526389694.658912170	55	40	48	1	2	0	2	-60	48718	8	4	1596	1478	780,780
1526389694.670680282	55	40	48	1	2	0	2	-60	48719	8	4	1596	1478	780,780
1526389694.683091688	55	40	48	1	2	0	2	-59	48720	8	4	1596	1478	780,780
1526389694.694193785	55	40	48	1	2	0	2	-60	48721	8	4	1596	1478	780,780
1526389694.705955710	55	40	48	1	2	0	2	-59	48722	8	4	1596	1478	780,780
1526389694.717742260	55	40	48	1	2	0	2	-60	48723	8	4	1596	1478	780,780
1526389694.729378355	55	40	48	1	2	0	2	-59	48724	8	4	1596	1478	780,780
1526389694.741129548	55	40	48	1	2	0	2	-59	48725	8	4	1596	1478	780,780
1526389694.753324879	55	40	48	1	2	0	2	-59	48727	8	4	1596	1478	780,780
1526389694.764722372	55	40	48	1	2	0	2	-59	48728	8	4	1596	1478	780,780
1526389694.776511827	55	40	48	1	2	0	2	-59	48729	8	4	1596	1478	780,780
1526389694.788302664	55	40	48	1	2	0	2	-59	48730	8	4	1596	1478	780,780
1526389694.799923393	55	40	48	1	2	0	2	-59	48731	8	4	1596	1478	780,780
1526389694.811840574	55	40	48	1	2	0	2	-59	48732	8	4	1596	1478	780,780
1526389694.823569648	55	40	48	1	2	0	2	-59	48733	8	4	1596	1478	780,780
1526389694.835308699	55	40	48	1	2	0	2	-59	48734	8	4	1596	1478	780,780
1526389694.847084889	55	40	48	1	2	0	2	-59	48735	8	4	1596	1478	780,780
1526389694.858831863	55	40	48	1	2	0	2	-59	48736	8	4	1596	1478	780,780
1526389694.870513434	55	40	48	1	2	0	2	-59	48737	8	4	1596	1478	780,780
1526389694.882352465	55	40	48	1	2	0	2	-59	48738	8	4	1596	1478	780,780
1526389694.894167535	55	40	48	1	2	0	2	-59	48739	8	4	1596	1478	780,780
1526389694.905811909	55	40	48	1	2	0	2	-59	48740	8	4	1596	1478	780,780
1526389694.917641029	55	40	48	0	2	0	2	-59	48741	9	4	1596	1478	780,780
1526389694.929393680	55	40	48	1	2	0	2	-59	48742	8	4	1596	1478	780,780
1526389694.941159226	55	40	48	1	2	0	2	-59	48743	8	4	1596	1478	780,780
1526389694.952861051	55	40	48	1	2	0	2	-59	48744	8	4	1596	1478	780,780
1526389694.964671283	55	40	48	1	2	0	2	-59	48745	8	4	1596	1478	780,780
1526389694.976701610	55	40	48	1	2	0	2	-59	48747	8	4	1596	1478	780,780
1526389694.988175673	55	40	48	1	2	0	2	-59	48748	8	4	1596	1478	780,780
1526389694.999983076	55	40	48	1	2	0	2	-59	48749	8	4	1596	1478	780,780
1526389695.011710647	55	40	48	1	2	0	2	-59	48750	8	4	1596	1478	780,780
1526389695.023496816	55	40	48	1	2	0	2	-59	48751	8	4	1596	1478	780,780
1526389695.035237423	55	40	48	1	2	0	2	-59	48752	8	4	1596	1478	780,780
1526389695.046914351	55	40	48	1	2	0	2	-59	48753	8	4	1596	1478	780,780
1526389695.058645938	55	40	48	1	2	0	2	-59	48754	8	4	1596	1478	780,780
1526389695.070511056	55	40	48	1	2	0	2	-59	48755	8	4	1596	1478	780,780
1526389695.082209006	55	40	48	1	2	0	2	-59	48756	8	4	1596	1478	780,780
1526389695.094062622	55	40	48	1	2	0	2	-59	48757	8	4	1596	1478	780,780
1526389695.105795116	55	40	48	1	2	0	2	-59	48758	8	4	1596	1478	780,780
1526389695.117580701	55	40	48	1	2	0	2	-59	48759	8	4	1596	1478	780,780
1526389695.129328922	55	40	48	1	2	0	2	-59	48760	8	4	1596	1478	780,780
1526389695.141323556	55	40	48	1	2	0	2	-59	48762	8	4	1596	1478	780,780
1526389695.152830826	55	40	48	1	2	0	2	-59	48763	8	4	1596	1478	780,780
1526389695.164590605	55	40	48	1	2	0	2	-59	48764	8	4	1596	1478	780,780
1526389695.176363209	55	40	48	1	2	0	2	-59	48765	8	4	1596	1478	780,780
1526389695.188051339	55	40	48	1	2	0	2	-59	48766	8	4	1596	1478	780,780
1526389695.199902909	55	40	48	1	2	0	2	-59	48767	8	4	1596	1478	780,780
1526389695.211553367	55	40	48	1	2	0	2	-59	48768	8	4	1596	1478	780,780
1526389695.223385991	55	40	48	1	2	0	2	-59	48769	8	4	1596	1478	780,780
1526389695.235167399	55	40	48	1	2	0	2	-59	48770	8	4	1596	1478	780,780
1526389695.246820062	55	40	48	1	2	0	2	-59	48771	8	4	1596	1478	780,780
1526389695.259174650	55	40	48	1	2	0	2	-59	48772	8	4	1596	1478	780,780
1526389695.270427409	55	40	48	1	2	0	2	-59	48773	8	4	1596	1478	780,780
1526389695.282065805	55	40	48	1	2	0	2	-60	48774	8	4	1596	1478	780,780
1526389695.293937904	55	40	48	1	2	0	2	-59	48775	8	4	1596	1478	780,780
1526389695.305644993	55	40	48	0	2	0	2	-59	48776	9	4	1596	1478	780,780
1526389695.317385026	55	40	48	1	2	0	2	-59	48777	8	4	1596	1478	780,780
1526389695.329086240	55	40	48	1	2	0	2	-60	48778	8	4	1596	1478	780,780
1526389695.340977303	55	40	48	1	2	0	2	-60	48779	8	4	1596	1478	780,780
1526389695.352759917	55	40	48	1	2	0	2	-59	48780	8	4	1596	1478	780,780
1526389695.364889119	55	40	48	1	2	0	2	-59	48782	8	4	1596	1478	780,780
1526389695.376264623	55	40	48	1	2	0	2	-59	48783	8	4	1596	1478	780,780
1526389695.388046532	55	40	48	1	2	0	2	-59	48784	8	4	1596	1478	780,780
1526389695.399938924	55	40	48	1	2	0	2	-59	48785	8	4	1596	1478	780,780
1526389695.411554194	55	40	48	1	2	0	2	-59	48786	8	4	1596	1478	780,780
1526389695.423327418	55	40	48	1	2	0	2	-59	48787	8	4	1596	1478	780,780
1526389695.435087957	55	40	48	1	2	0	2	-59	48788	8	4	1596	1478	780,780
1526389695.446835720	55	40	48	1	2	0	2	-59	48789	8	4	1596	1478	780,780
1526389695.458608305	55	40	48	1	2	0	2	-59	48790	8	4	1596	1478	780,780
1526389695.470356713	55	40	48	1	2	0	2	-59	48791	8	4	1596	1478	780,780
1526389695.482048823	55	40	48	1	2	0	2	-59	48792	8	4	1596	1478	780,780
1526389695.493796165	55	40	48	1	2	0	2	-59	48793	8	4	1596	1478	780,780
1526389695.505564099	55	40	48	1	2	0	2	-59	48794	8	4	1596	1478	780,780
1526389695.517266129	55	40	48	1	2	0	2	-59	48795	8	4	1596	1478	780,780
1526389695.529404787	55	40	48	1	2	0	2	-59	48797	8	4	1596	1478	780,780
1526389695.540783516	55	40	48	1	2	0	2	-59	48798	8	4	1596	1478	780,780
1526389695.552556367	55	40	48	1	2	0	2	-59	48799	8	4	1596	1478	780,780
1526389695.564304241	55	40	48	1	2	0	2	-59	48800	8	4	1596	1478	780,780
1526389695.576084304	55	40	48	1	2	0	2	-59	48801	8	4	1596	1478	780,780
1526389695.587816049	55	40	48	1	2	0	2	-59	48802	8	4	1596	1478	780,780
1526389695.599570879	55	40	48	1	2	0	2	-59	48803	8	4	1596	1478	780,780
1526389695.611374596	55	40	48	1	2	0	2	-59	48804	8	4	1596	1478	780,780
1526389695.623109754	55	40	48	1	2	0	2	-59	48805	8	4	1596	1478	780,780
1526389695.634848914	55	40	48	1	2	0	2	-59	48806	8	4	1596	1478	780,780
1526389695.646531409	55	40	48	1	2	0	2	-59	48807	8	4	1596	1478	780,780
1526389695.658379907	55	40	48	1	2	0	2	-59	48808	8	4	1596	1478	780,780
1526389695.670137403	55	40	48	1	2	0	2	-59	48809	8	4	1596	1478	780,780
1526389695.681873193	55	40	48	1	2	0	2	-59	48810	8	4	1596	1478	780,780
1526389695.693679272	55	40	48	0	2	0	2	-59	48811	9	4	1596	1478	780,780
1526389695.707473337	55	40	48	1	2	0	2	-59	48812	8	4	1596	1478	780,780
1526389695.717348518	55	40	48	1	2	0	2	-59	48813	8	4	1596	1478	780,780
1526389695.729068633	55	40	48	1	2	0	2	-59	48814	8	4	1596	1478	780,780
1526389695.740825064	55	40	48	1	2	0	2	-59	48815	8	4	1596	1478	780,780
1526389695.752490670	55	40	48	0	2	0	2	-59	48816	9	4	1596	1478	780,780
1526389695.764226342	54	40	48	1	2	0	2	-59	48817	9	4	1596	1478	866,667,866,667
1526389695.776049249	54	40	48	1	2	0	2	-59	48818	9	4	1596	1478	866,667,866,667
1526389695.788447067	54	40	48	1	2	0	2	-59	48821	9	4	1596	1478	866,667,866,667
1526389695.800624553	54	40	48	1	2	0	2	-59	48825	9	4	1596	1478	866,667,866,667
1526389695.811397809	54	40	48	1	2	0	2	-59	48826	9	4	1596	1478	866,667,866,667
1526389695.823135961	54	40	48	1	2	0	2	-59	48827	9	4	1596	1478	866,667,866,667
1526389695.834909628	54	40	48	1	2	0	2	-59	48828	9	4	1596	1478	866,667,866,667
1526389695.846859635	54	40	48	1	2	0	2	-59	48830	9	4	1596	1478	866,667,866,667
1526389695.858693453	54	40	48	1	2	0	2	-59	48832	9	4	1596	1478	866,667,866,667
1526389695.870491985	54	40	48	1	2	0	2	-60	48834	9	4	1596	1478	866,667,866,667
1526389695.882894969	54	40	48	1	2	0	2	-59	48838	9	4	1596	1478	866,667,866,667
1526389695.893617090	54	40	48	1	2	0	2	-59	48839	9	4	1596	1478	866,667,866,667
1526389695.906831836	55	40	48	1	2	0	2	-59	48844	8	4	1596	1478	780,780
1526389695.917240240	55	40	48	1	2	0	2	-60	48845	8	4	1596	1478	780,780
1526389695.928927681	55	40	48	1	2	0	2	-59	48846	8	4	1596	1478	780,780
1526389695.940764893	55	40	48	1	2	0	2	-60	48847	8	4	1596	1478	780,780
1526389695.952525438	55	40	48	1	2	0	2	-60	48848	8	4	1596	1478	780,780
1526389695.964259773	55	40	48	1	2	0	2	-60	48849	8	4	1596	1478	780,780
1526389695.976268472	55	40	48	1	2	0	2	-59	48850	8	4	1596	1478	780,780
1526389695.987798222	55	40	48	1	2	0	2	-59	48851	8	4	1596	1478	780,780
1526389695.999555871	55	40	48	0	2	0	2	-59	48852	9	4	1596	1478	780,780
1526389696.011310475	55	40	48	1	2	0	2	-59	48853	8	4	1596	1478	780,780
1526389696.023091634	55	40	48	1	2	0	2	-59	48854	8	4	1596	1478	780,780
1526389696.034848883	55	40	48	1	2	0	2	-59	48855	8	4	1596	1478	780,780
1526389696.046504419	55	40	48	1	2	0	2	-59	48856	8	4	1596	1478	780,780
1526389696.058344206	55	40	48	0	2	0	2	-59	48857	9	4	1596	1478	780,780
1526389696.070109502	55	40	48	1	2	0	2	-60	48858	8	4	1596	1478	780,780
1526389696.081793649	55	40	48	1	2	0	2	-59	48859	8	4	1596	1478	780,780
1526389696.093627788	55	40	48	1	2	0	2	-60	48860	8	4	1596	1478	780,780
1526389696.105392372	55	40	48	1	2	0	2	-59	48861	8	4	1596	1478	780,780
1526389696.117186216	55	40	48	0	2	0	2	-59	48862	9	4	1596	1478	780,780
1526389696.128921164	55	40	48	1	2	0	2	-59	48863	8	4	1596	1478	780,780
1526389696.140667256	55	40	48	1	2	0	2	-59	48864	8	4	1596	1478	780,780
1526389696.152431737	55	40	48	1	2	0	2	-60	48865	8	4	1596	1478	780,780
1526389696.164188477	55	40	48	1	2	0	2	-59	48866	8	4	1596	1478	780,780
1526389696.176330230	55	40	48	1	2	0	2	-59	48868	8	4	1596	1478	780,780
1526389696.187725717	55	40	48	1	2	0	2	-59	48869	8	4	1596	1478	780,780
1526389696.199397262	55	40	48	1	2	0	2	-59	48870	8	4	1596	1478	780,780
1526389696.211282844	55	40	48	1	2	0	2	-59	48871	8	4	1596	1478	780,780
1526389696.223005685	55	40	48	1	2	0	2	-59	48872	8	4	1596	1478	780,780
1526389696.234699909	55	40	48	1	2	0	2	-59	48873	8	4	1596	1478	780,780
1526389696.246427184	55	40	48	1	2	0	2	-60	48874	8	4	1596	1478	780,780
1526389696.258269363	55	40	48	1	2	0	2	-59	48875	8	4	1596	1478	780,780
1526389696.269899835	55	40	48	1	2	0	2	-59	48876	8	4	1596	1478	780,780
1526389696.281777812	55	40	48	1	2	0	2	-59	48877	8	4	1596	1478	780,780
1526389696.293545920	55	40	48	1	2	0	2	-59	48878	8	4	1596	1478	780,780
1526389696.305309141	55	40	48	1	2	0	2	-59	48879	8	4	1596	1478	780,780
1526389696.317243372	55	40	48	1	2	0	2	-59	48880	8	4	1596	1478	780,780
1526389696.328870619	55	40	48	1	2	0	2	-59	48881	8	4	1596	1478	780,780
1526389696.340834102	55	40	48	1	2	0	2	-59	48883	8	4	1596	1478	780,780
1526389696.352196849	55	40	48	1	2	0	2	-59	48884	8	4	1596	1478	780,780
1526389696.364012084	55	40	48	1	2	0	2	-59	48885	8	4	1596	1478	780,780
1526389696.375869663	55	40	48	1	2	0	2	-59	48886	8	4	1596	1478	780,780
1526389696.387549248	55	40	48	1	2	0	2	-59	48887	8	4	1596	1478	780,780
1526389696.399278899	55	40	48	1	2	0	2	-59	48888	8	4	1596	1478	780,780
1526389696.411159255	55	40	48	1	2	0	2	-59	48889	8	4	1596	1478	780,780
1526389696.423321774	55	40	48	1	2	0	2	-59	48890	8	4	1596	1478	780,780
1526389696.434686879	55	40	48	1	2	0	2	-59	48891	8	4	1596	1478	780,780
1526389696.446446937	55	40	48	1	2	0	2	-59	48892	8	4	1596	1478	780,780
1526389696.458185216	55	40	48	1	2	0	2	-59	48893	8	4	1596	1478	780,780
1526389696.469859966	55	40	48	1	2	0	2	-59	48894	8	4	1596	1478	780,780
1526389696.481487196	55	40	48	1	2	0	2	-59	48895	8	4	1596	1478	780,780
1526389696.493357845	55	40	48	1	2	0	2	-59	48896	8	4	1596	1478	780,780
1526389696.505442883	55	40	48	1	2	0	2	-59	48898	8	4	1596	1478	780,780
1526389696.516788508	55	40	48	1	2	0	2	-59	48899	8	4	1596	1478	780,780
1526389696.528653400	55	40	48	1	2	0	2	-59	48900	8	4	1596	1478	780,780
1526389696.540372565	55	40	48	1	2	0	2	-60	48901	8	4	1596	1478	780,780
1526389696.552145565	55	40	48	1	2	0	2	-60	48902	8	4	1596	1478	780,780
1526389696.563904628	55	40	48	1	2	0	2	-60	48903	8	4	1596	1478	780,780
1526389696.575701516	55	40	48	1	2	0	2	-59	48904	8	4	1596	1478	780,780
1526389696.587417334	55	40	48	1	2	0	2	-60	48905	8	4	1596	1478	780,780
1526389696.599102841	55	40	48	1	2	0	2	-60	48906	8	4	1596	1478	780,780
1526389696.610950152	55	40	48	1	2	0	2	-59	48907	8	4	1596	1478	780,780
1526389696.622706428	55	40	48	1	2	0	2	-59	48908	8	4	1596	1478	780,780
1526389696.634498360	55	40	48	1	2	0	2	-60	48909	8	4	1596	1478	780,780
1526389696.646130458	55	40	48	1	2	0	2	-59	48910	8	4	1596	1478	780,780
1526389696.657974750	55	40	48	1	2	0	2	-60	48911	8	4	1596	1478	780,780
1526389696.670100222	55	40	48	1	2	0	2	-59	48913	8	4	1596	1478	780,780
1526389696.681488133	55	40	48	1	2	0	2	-60	48914	8	4	1596	1478	780,780
1526389696.693377656	55	40	48	1	2	0	2	-59	48915	8	4	1596	1478	780,780
1526389696.705038453	55	40	48	1	2	0	2	-59	48916	8	4	1596	1478	780,780
1526389696.716785265	55	40	48	1	2	0	2	-59	48917	8	4	1596	1478	780,780
1526389696.728531143	55	40	48	1	2	0	2	-59	48918	8	4	1596	1478	780,780
1526389696.740313504	55	40	48	1	2	0	2	-59	48919	8	4	1596	1478	780,780
1526389696.752025070	55	40	48	1	2	0	2	-59	48920	8	4	1596	1478	780,780
1526389696.763920656	55	40	48	1	2	0	2	-59	48921	8	4	1596	1478	780,780
1526389696.775568170	55	40	48	1	2	0	2	-59	48922	8	4	1596	1478	780,780
1526389696.787600705	55	40	48	1	2	0	2	-59	48924	8	4	1596	1478	780,780
1526389696.799224500	55	40	48	1	2	0	2	-60	48925	8	4	1596	1478	780,780
1526389696.810969956	55	40	48	1	2	0	2	-59	48926	8	4	1596	1478	780,780
1526389696.823103648	55	40	48	1	2	0	2	-59	48928	8	4	1596	1478	780,780
1526389696.834868720	55	40	48	1	2	0	2	-59	48930	8	4	1596	1478	780,780
1526389696.846152009	55	40	48	1	2	0	2	-60	48931	8	4	1596	1478	780,780
1526389696.858027305	55	40	48	1	2	0	2	-60	48932	8	4	1596	1478	780,780
1526389696.870120775	55	40	48	1	2	0	2	-59	48934	8	4	1596	1478	780,780
1526389696.881419938	55	40	48	1	2	0	2	-60	48935	8	4	1596	1478	780,780
1526389696.893313056	55	40	48	1	2	0	2	-60	48936	8	4	1596	1478	780,780
1526389696.905085902	55	40	48	1	2	0	2	-60	48937	8	4	1596	1478	780,780
1526389696.917181976	55	40	48	1	2	0	2	-60	48939	8	4	1596	1478	780,780
1526389696.928584666	55	40	48	1	2	0	2	-60	48940	8	4	1596	1478	780,780
1526389696.941130652	55	40	48	1	2	0	2	-60	48943	8	4	1596	1478	780,780
1526389696.952114940	55	40	48	1	2	0	2	-60	48944	8	4	1596	1478	780,780
1526389696.963862180	55	40	48	1	2	0	2	-60	48945	8	4	1596	1478	780,780
1526389696.975530355	55	40	48	1	2	0	2	-60	48946	8	4	1596	1478	780,780
1526389696.987399947	55	40	48	1	2	0	2	-60	48947	8	4	1596	1478	780,780
1526389697.000110661	55	40	48	1	2	0	2	-60	48949	8	4	1596	1478	780,780
1526389697.010904452	55	40	48	1	2	0	2	-60	48950	8	4	1596	1478	780,780
1526389697.022667749	55	40	48	1	2	0	2	-60	48951	8	4	1596	1478	780,780
1526389697.034335573	55	40	48	1	2	0	2	-60	48952	8	4	1596	1478	780,780
1526389697.046213396	55	40	48	1	2	0	2	-60	48953	8	4	1596	1478	780,780
1526389697.057891665	55	40	48	1	2	0	2	-60	48954	8	4	1596	1478	780,780
1526389697.069711679	55	40	48	1	2	0	2	-60	48955	8	4	1596	1478	780,780
1526389697.081472531	55	40	48	1	2	0	2	-60	48956	8	4	1596	1478	780,780
1526389697.093238652	55	40	48	1	2	0	2	-60	48957	8	4	1596	1478	780,780
1526389697.104978022	55	40	48	1	2	0	2	-60	48958	8	4	1596	1478	780,780
1526389697.116761964	55	40	48	1	2	0	2	-60	48959	8	4	1596	1478	780,780
1526389697.128525709	55	40	48	1	2	0	2	-60	48960	8	4	1596	1478	780,780
1526389697.140583435	55	40	48	1	2	0	2	-60	48961	8	4	1596	1478	780,780
1526389697.152029093	55	40	48	1	2	0	2	-60	48962	8	4	1596	1478	780,780
1526389697.164038904	55	40	48	1	2	0	2	-60	48964	8	4	1596	1478	780,780
1526389697.175552185	55	40	48	1	2	0	2	-60	48965	8	4	1596	1478	780,780
1526389697.187220695	55	40	48	1	2	0	2	-60	48966	8	4	1596	1478	780,780
1526389697.199327964	55	40	48	1	2	0	2	-60	48968	8	4	1596	1478	780,780
1526389697.210767658	55	40	48	1	2	0	2	-60	48969	8	4	1596	1478	780,780
1526389697.222804064	55	40	48	1	2	0	2	-60	48971	8	4	1596	1478	780,780
1526389697.235210706	55	40	48	1	2	0	2	-60	48975	8	4	1596	1478	780,780
1526389697.246068558	55	40	48	1	2	0	2	-60	48976	8	4	1596	1478	780,780
1526389697.258033755	55	40	48	1	2	0	2	-60	48978	8	4	1596	1478	780,780
1526389697.269504960	55	40	48	1	2	0	2	-60	48979	8	4	1596	1478	780,780
1526389697.281263136	55	40	48	1	2	0	2	-60	48980	8	4	1596	1478	780,780
1526389697.293210733	55	40	48	1	2	0	2	-60	48982	8	4	1596	1478	780,780
1526389697.304774691	55	40	48	1	2	0	2	-60	48983	8	4	1596	1478	780,780
1526389697.316920445	55	40	48	1	2	0	2	-60	48985	8	4	1596	1478	780,780
1526389697.328773928	55	40	48	1	2	0	2	-60	48987	8	4	1596	1478	780,780
1526389697.340455020	55	40	48	1	2	0	2	-60	48989	8	4	1596	1478	780,780
1526389697.351877500	55	40	48	1	2	0	2	-60	48990	8	4	1596	1478	780,780
1526389697.363512817	55	40	48	1	2	0	2	-60	48991	8	4	1596	1478	780,780
1526389697.375746362	55	40	48	1	2	0	2	-60	48993	8	4	1596	1478	780,780
1526389697.387161456	55	40	48	1	2	0	2	-60	48994	8	4	1596	1478	780,780
1526389697.398988057	55	40	48	1	2	0	2	-60	48995	8	4	1596	1478	780,780
1526389697.411009756	55	40	48	1	2	0	2	-60	48997	8	4	1596	1478	780,780
1526389697.423659988	58	40	48	1	2	0	2	-60	49002	7	4	1596	1478	650,650
1526389697.434169455	58	40	48	1	2	0	2	-60	49003	7	4	1596	1478	650,650
1526389697.445956876	58	40	48	1	2	0	2	-60	49004	7	4	1596	1478	650,650
1526389697.457793850	58	40	48	1	2	0	2	-60	49005	7	4	1596	1478	650,650
1526389697.469543620	58	40	48	1	2	0	2	-60	49006	7	4	1596	1478	650,650
1526389697.481286064	58	40	48	1	2	0	2	-60	49007	7	4	1596	1478	650,650
1526389697.493060817	58	40	48	1	2	0	2	-60	49008	7	4	1596	1478	650,650
1526389697.504761705	58	40	48	1	2	0	2	-60	49009	7	4	1596	1478	650,650
1526389697.517350741	57	40	48	0	2	0	2	-60	49010	8	4	1596	1478	702,702
1526389697.528283989	58	40	48	1	2	0	2	-60	49011	7	4	1596	1478	650,650
1526389697.540140846	58	40	48	1	2	0	2	-60	49012	7	4	1596	1478	650,650
1526389697.551927182	58	40	48	1	2	0	2	-60	49013	7	4	1596	1478	650,650
1526389697.563508083	58	40	48	1	2	0	2	-60	49014	7	4	1596	1478	650,650
1526389697.575407391	57	40	48	0	2	0	2	-60	49015	8	4	1596	1478	702,702
1526389697.587172749	58	40	48	1	2	0	2	-60	49016	7	4	1596	1478	650,650
1526389697.598741148	58	40	48	1	2	0	2	-60	49017	7	4	1596	1478	650,650
1526389697.610573144	58	40	48	1	2	0	2	-60	49018	7	4	1596	1478	650,650
1526389697.622327167	58	40	48	1	2	0	2	-60	49019	7	4	1596	1478	650,650
1526389697.634198880	57	40	48	0	2	0	2	-60	49020	8	4	1596	1478	702,702
1526389697.645934090	57	40	48	0	2	0	2	-60	49021	8	4	1596	1478	702,702
1526389697.657732624	55	40	48	1	2	0	2	-60	49022	8	4	1596	1478	780,780
1526389697.669467395	55	40	48	1	2	0	2	-60	49023	8	4	1596	1478	780,780
1526389697.681234529	55	40	48	1	2	0	2	-60	49024	8	4	1596	1478	780,780
1526389697.693360858	55	40	48	1	2	0	2	-60	49026	8	4	1596	1478	780,780
1526389697.704754450	55	40	48	1	2	0	2	-60	49027	8	4	1596	1478	780,780
1526389697.716946845	55	40	48	1	2	0	2	-60	49028	8	4	1596	1478	780,780
1526389697.728265795	55	40	48	1	2	0	2	-60	49029	8	4	1596	1478	780,780
1526389697.740013184	55	40	48	1	2	0	2	-60	49030	8	4	1596	1478	780,780
1526389697.751783852	55	40	48	1	2	0	2	-60	49031	8	4	1596	1478	780,780
1526389697.763583128	55	40	48	1	2	0	2	-60	49032	8	4	1596	1478	780,780
1526389697.775320018	55	40	48	1	2	0	2	-60	49033	8	4	1596	1478	780,780
1526389697.787068549	55	40	48	1	2	0	2	-60	49034	8	4	1596	1478	780,780
1526389697.799091066	55	40	48	1	2	0	2	-60	49036	8	4	1596	1478	780,780
1526389697.810470631	55	40	48	1	2	0	2	-60	49037	8	4	1596	1478	780,780
1526389697.822290965	55	40	48	1	2	0	2	-60	49038	8	4	1596	1478	780,780
1526389697.834096311	55	40	48	1	2	0	2	-60	49039	8	4	1596	1478	780,780
1526389697.845751097	55	40	48	1	2	0	2	-60	49040	8	4	1596	1478	780,780
1526389697.858020895	55	40	48	1	2	0	2	-60	49042	8	4	1596	1478	780,780
1526389697.869371537	55	40	48	1	2	0	2	-60	49043	8	4	1596	1478	780,780
1526389697.881126081	55	40	48	1	2	0	2	-60	49044	8	4	1596	1478	780,780
1526389697.892899083	55	40	48	1	2	0	2	-60	49045	8	4	1596	1478	780,780
1526389697.904674614	55	40	48	1	2	0	2	-60	49046	8	4	1596	1478	780,780
1526389697.916744432	55	40	48	1	2	0	2	-60	49047	8	4	1596	1478	780,780
1526389697.928130447	55	40	48	1	2	0	2	-60	49048	8	4	1596	1478	780,780
1526389697.939922575	55	40	48	1	2	0	2	-60	49049	8	4	1596	1478	780,780
1526389697.951695999	55	40	48	1	2	0	2	-60	49050	8	4	1596	1478	780,780
1526389697.963511541	55	40	48	1	2	0	2	-60	49051	8	4	1596	1478	780,780
1526389697.975279706	55	40	48	1	2	0	2	-60	49052	8	4	1596	1478	780,780
1526389697.987035412	55	40	48	1	2	0	2	-60	49053	8	4	1596	1478	780,780
1526389697.998802723	55	40	48	1	2	0	2	-60	49054	8	4	1596	1478	780,780
1526389698.010558440	55	40	48	1	2	0	2	-60	49055	8	4	1596	1478	780,780
1526389698.022688400	55	40	48	1	2	0	2	-60	49056	8	4	1596	1478	780,780
1526389698.035044188	55	40	48	1	2	0	2	-60	49059	8	4	1596	1478	780,780
1526389698.046483194	55	40	48	1	2	0	2	-60	49062	8	4	1596	1478	780,780
1526389698.057587584	55	40	48	1	2	0	2	-60	49063	8	4	1596	1478	780,780
1526389698.069353221	55	40	48	1	2	0	2	-60	49064	8	4	1596	1478	780,780
1526389698.081119401	55	40	48	1	2	0	2	-60	49065	8	4	1596	1478	780,780
1526389698.092866292	55	40	48	1	2	0	2	-60	49066	8	4	1596	1478	780,780
1526389698.104642135	55	40	48	1	2	0	2	-60	49067	8	4	1596	1478	780,780
1526389698.116409105	55	40	48	1	2	0	2	-60	49068	8	4	1596	1478	780,780
1526389698.128086475	55	40	48	1	2	0	2	-60	49069	8	4	1596	1478	780,780
1526389698.139866585	55	40	48	1	2	0	2	-60	49070	8	4	1596	1478	780,780
1526389698.151789550	55	40	48	1	2	0	2	-60	49071	8	4	1596	1478	780,780
1526389698.164590437	55	40	48	1	2	0	2	-60	49072	8	4	1596	1478	780,780
1526389698.175242490	55	40	48	1	2	0	2	-60	49073	8	4	1596	1478	780,780
1526389698.187206436	55	40	48	1	2	0	2	-60	49074	8	4	1596	1478	780,780
1526389698.198475402	55	40	48	1	2	0	2	-60	49075	8	4	1596	1478	780,780
1526389698.210310758	55	40	48	1	2	0	2	-60	49076	8	4	1596	1478	780,780
1526389698.221997255	55	40	48	1	2	0	2	-60	49077	8	4	1596	1478	780,780
1526389698.233729921	55	40	48	1	2	0	2	-60	49078	8	4	1596	1478	780,780
1526389698.245521509	55	40	48	1	2	0	2	-60	49079	8	4	1596	1478	780,780
1526389698.257384937	55	40	48	1	2	0	2	-60	49080	8	4	1596	1478	780,780
1526389698.269094670	55	40	48	1	2	0	2	-59	49081	8	4	1596	1478	780,780
1526389698.280827651	55	40	48	1	2	0	2	-60	49082	8	4	1596	1478	780,780
1526389698.292675275	55	40	48	1	2	0	2	-60	49083	8	4	1596	1478	780,780
1526389698.304419531	55	40	48	1	2	0	2	-60	49084	8	4	1596	1478	780,780
1526389698.316164713	55	40	48	1	2	0	2	-60	49085	8	4	1596	1478	780,780
1526389698.328025405	55	40	48	1	2	0	2	-60	49086	8	4	1596	1478	780,780
1526389698.339545968	55	40	48	1	2	0	2	-60	49087	8	4	1596	1478	780,780
1526389698.351808945	55	40	48	1	2	0	2	-60	49089	8	4	1596	1478	780,780
1526389698.363296157	55	40	48	1	2	0	2	-60	49090	8	4	1596	1478	780,780
1526389698.375105730	55	40	48	1	2	0	2	-60	49091	8	4	1596	1478	780,780
1526389698.386838107	55	40	48	1	2	0	2	-60	49092	8	4	1596	1478	780,780
1526389698.398571788	55	40	48	1	2	0	2	-60	49093	8	4	1596	1478	780,780
1526389698.410276986	55	40	48	1	2	0	2	-60	49094	8	4	1596	1478	780,780
1526389698.422018101	55	40	48	1	2	0	2	-60	49095	8	4	1596	1478	780,780
1526389698.434200445	55	40	48	1	2	0	2	-60	49096	8	4	1596	1478	780,780
1526389698.445613180	55	40	48	1	2	0	2	-60	49097	8	4	1596	1478	780,780
1526389698.457377925	55	40	48	1	2	0	2	-60	49098	8	4	1596	1478	780,780
1526389698.469141576	55	40	48	1	2	0	2	-60	49099	8	4	1596	1478	780,780
1526389698.480791838	55	40	48	1	2	0	2	-60	49100	8	4	1596	1478	780,780
1526389698.492697276	55	40	48	1	2	0	2	-60	49101	8	4	1596	1478	780,780
