1526382280.971859257	1928	40	84	0	1	1	2	-92	294578	0	0	1596	1478	6,5,6,5
1526382280.973493934	1928	40	84	0	1	1	2	-92	294578	0	0	1596	1478	6,5,6,5
1526382280.980809698	1928	40	84	0	1	1	2	-92	294580	0	0	1596	1478	6,5,6,5
1526382280.982426921	1928	40	84	0	1	1	2	-92	294580	0	0	1596	1478	6,5,6,5
1526382280.989416401	1928	40	84	0	1	1	2	-92	294581	0	0	1596	1478	6,5,6,5
1526382280.991071918	1928	40	84	0	1	1	2	-92	294581	0	0	1596	1478	6,5,6,5
1526382280.994065139	1928	40	84	0	1	1	2	-91	294582	0	0	1596	1478	6,5,6,5
1526382281.001984522	1928	40	84	0	1	1	2	-92	294583	0	0	1596	1478	6,5,6,5
1526382281.003659180	1928	40	84	0	1	1	2	-92	294583	0	0	1596	1478	6,5,6,5
1526382281.006312929	1928	40	84	0	1	1	2	-91	294584	0	0	1596	1478	6,5,6,5
1526382281.007970128	1928	40	84	0	1	1	2	-91	294584	0	0	1596	1478	6,5,6,5
1526382281.014928839	1928	40	84	0	1	1	2	-93	294586	0	0	1596	1478	6,5,6,5
1526382281.016558979	1928	40	84	0	1	1	2	-93	294586	0	0	1596	1478	6,5,6,5
1526382281.038078910	1928	40	84	0	1	1	2	-91	294588	0	0	1596	1478	6,5,6,5
1526382281.053619806	1928	40	84	0	1	1	2	-92	294589	0	0	1596	1478	6,5,6,5
1526382281.055358224	1928	40	84	0	1	1	2	-92	294589	0	0	1596	1478	6,5,6,5
1526382281.059572226	3816	40	84	0	1	1	2	-91	294590	0	0	3130	1478,1478	6,5,6,5
1526382281.064019827	3816	40	84	0	1	1	2	-91	294591	0	0	3130	1478,1478	6,5,6,5
1526382281.066534608	1928	40	84	0	1	1	2	-91	294592	0	0	1596	1478	6,5,6,5
1526382281.070907590	1928	40	84	0	1	1	2	-91	294593	0	0	1596	1478	6,5,6,5
1526382281.072581963	1928	40	84	0	1	1	2	-91	294593	0	0	1596	1478	6,5,6,5
1526382281.075079371	1928	40	84	0	1	1	2	-91	294594	0	0	1596	1478	6,5,6,5
1526382281.076739100	1928	40	84	0	1	1	2	-91	294594	0	0	1596	1478	6,5,6,5
1526382281.085059815	3816	40	84	0	1	1	2	-92	294595	0	0	3130	1478,1478	6,5,6,5
1526382281.087821431	1928	40	84	0	1	1	2	-93	294596	0	0	1596	1478	6,5,6,5
1526382281.089457717	1928	40	84	0	1	1	2	-93	294596	0	0	1596	1478	6,5,6,5
1526382281.096489801	1928	40	84	0	1	1	2	-90	294597	0	0	1596	1478	6,5,6,5
1526382281.098138717	1928	40	84	0	1	1	2	-90	294597	0	0	1596	1478	6,5,6,5
1526382281.108756862	1928	40	84	0	1	1	2	-91	294598	0	0	1596	1478	6,5,6,5
1526382281.110376710	1928	40	84	0	1	1	2	-91	294598	0	0	1596	1478	6,5,6,5
1526382281.117774057	1928	40	84	0	1	1	2	-92	294599	0	0	1596	1478	6,5,6,5
1526382281.119422192	1928	40	84	0	1	1	2	-92	294599	0	0	1596	1478	6,5,6,5
1526382281.122023163	1928	40	84	0	1	1	2	-93	294600	0	0	1596	1478	6,5,6,5
1526382281.123710426	1928	40	84	0	1	1	2	-93	294600	0	0	1596	1478	6,5,6,5
1526382281.134932435	1928	40	84	0	1	1	2	-93	294601	0	0	1596	1478	6,5,6,5
1526382281.136682090	1928	40	84	0	1	1	2	-93	294601	0	0	1596	1478	6,5,6,5
1526382281.139492595	1928	40	84	0	1	1	2	-90	294602	0	0	1596	1478	6,5,6,5
1526382281.141123017	1928	40	84	0	1	1	2	-90	294602	0	0	1596	1478	6,5,6,5
1526382281.149360162	1928	40	84	0	1	1	2	-92	294604	0	0	1596	1478	6,5,6,5
1526382281.149385791	1928	40	84	0	1	1	2	-92	294604	0	0	1596	1478	6,5,6,5
1526382281.152138175	1928	40	84	0	1	1	2	-92	294605	0	0	1596	1478	6,5,6,5
1526382281.153777358	1928	40	84	0	1	1	2	-92	294605	0	0	1596	1478	6,5,6,5
1526382281.168662245	1928	40	84	0	1	1	2	-92	294606	0	0	1596	1478	6,5,6,5
1526382281.170290358	1928	40	84	0	1	1	2	-92	294606	0	0	1596	1478	6,5,6,5
1526382281.177635338	1928	40	84	0	1	1	2	-92	294607	0	0	1596	1478	6,5,6,5
1526382281.179293511	1928	40	84	0	1	1	2	-92	294607	0	0	1596	1478	6,5,6,5
1526382281.194569570	1928	40	84	0	1	1	2	-91	294610	0	0	1596	1478	6,5,6,5
1526382281.196135831	1928	40	84	0	1	1	2	-91	294610	0	0	1596	1478	6,5,6,5
1526382281.198815869	1928	40	84	0	1	1	2	-90	294611	0	0	1596	1478	6,5,6,5
1526382281.200491757	1928	40	84	0	1	1	2	-90	294611	0	0	1596	1478	6,5,6,5
1526382281.203013433	1928	40	84	0	1	1	2	-92	294612	0	0	1596	1478	6,5,6,5
1526382281.204690782	1928	40	84	0	1	1	2	-92	294612	0	0	1596	1478	6,5,6,5
1526382281.223901314	1928	40	84	0	1	1	2	-92	294615	0	0	1596	1478	6,5,6,5
1526382281.237794970	1928	40	84	0	1	1	2	-92	294617	0	0	1596	1478	6,5,6,5
1526382281.239463438	1928	40	84	0	1	1	2	-92	294617	0	0	1596	1478	6,5,6,5
1526382281.242145363	1928	40	84	0	1	1	2	-92	294618	0	0	1596	1478	6,5,6,5
1526382281.243807356	1928	40	84	0	1	1	2	-92	294618	0	0	1596	1478	6,5,6,5
1526382281.246542468	1928	40	84	0	1	1	2	-91	294619	0	0	1596	1478	6,5,6,5
1526382281.248195851	1928	40	84	0	1	1	2	-91	294619	0	0	1596	1478	6,5,6,5
1526382281.250815894	1928	40	84	0	1	1	2	-91	294620	0	0	1596	1478	6,5,6,5
1526382281.252433404	1928	40	84	0	1	1	2	-91	294620	0	0	1596	1478	6,5,6,5
1526382281.254706630	1928	40	84	0	1	1	2	-93	294621	0	0	1596	1478	6,5,6,5
1526382281.264358227	1928	40	84	0	1	1	2	-92	294622	0	0	1596	1478	6,5,6,5
1526382281.268601590	1928	40	84	0	1	1	2	-91	294623	0	0	1596	1478	6,5,6,5
1526382281.280089290	1928	40	84	0	1	1	2	-94	294624	0	0	1596	1478	6,5,6,5
1526382281.293105157	1928	40	84	0	1	1	2	-92	294625	0	0	1596	1478	6,5,6,5
1526382281.306241657	1928	40	84	0	1	1	2	-91	294626	0	0	1596	1478	6,5,6,5
1526382281.317614598	1928	40	84	0	1	1	2	-92	294627	0	0	1596	1478	6,5,6,5
1526382281.327128155	1928	40	84	0	1	1	2	-91	294628	0	0	1596	1478	6,5,6,5
1526382281.341558169	1928	40	84	0	1	1	2	-92	294629	0	0	1596	1478	6,5,6,5
1526382281.355065129	1928	40	84	0	1	1	2	-92	294631	0	0	1596	1478	6,5,6,5
1526382281.368978610	1928	40	84	0	1	1	2	-91	294632	0	0	1596	1478	6,5,6,5
1526382281.374327655	1928	40	84	0	1	1	2	-92	294633	0	0	1596	1478	6,5,6,5
1526382281.385938369	1928	40	84	0	1	1	2	-92	294634	0	0	1596	1478	6,5,6,5
1526382281.400106214	1928	40	84	0	1	1	2	-91	294635	0	0	1596	1478	6,5,6,5
1526382281.418327797	1928	40	84	0	1	1	2	-92	294638	0	0	1596	1478	6,5,6,5
1526382281.421209944	1928	40	84	0	1	1	2	-92	294639	0	0	1596	1478	6,5,6,5
1526382281.461366310	1928	40	84	0	1	1	2	-92	294644	0	0	1596	1478	6,5,6,5
1526382281.463060341	1928	40	84	0	1	1	2	-92	294644	0	0	1596	1478	6,5,6,5
1526382281.467896755	1928	40	84	0	1	1	2	-92	294646	0	0	1596	1478	6,5,6,5
1526382281.470502004	1928	40	84	0	1	1	2	-92	294647	0	0	1596	1478	6,5,6,5
1526382281.484539471	1928	40	84	0	1	1	2	-92	294648	0	0	1596	1478	6,5,6,5
1526382281.494332809	1928	40	84	0	1	1	2	-93	294649	0	0	1596	1478	6,5,6,5
1526382281.508231369	1928	40	84	0	1	1	2	-90	294650	0	0	1596	1478	6,5,6,5
1526382281.515318204	1928	40	84	0	1	1	2	-92	294651	0	0	1596	1478	6,5,6,5
1526382281.527074529	1928	40	84	0	1	1	2	-91	294652	0	0	1596	1478	6,5,6,5
1526382281.538988769	1928	40	84	0	1	1	2	-92	294653	0	0	1596	1478	6,5,6,5
1526382281.557664338	1928	40	84	0	1	1	2	-91	294655	0	0	1596	1478	6,5,6,5
1526382281.562268129	1928	40	84	0	1	1	2	-92	294656	0	0	1596	1478	6,5,6,5
1526382281.574207439	1928	40	84	0	1	1	2	-93	294657	0	0	1596	1478	6,5,6,5
1526382281.587100744	1928	40	84	0	1	1	2	-92	294658	0	0	1596	1478	6,5,6,5
1526382281.597619697	1928	40	84	0	1	1	2	-92	294659	0	0	1596	1478	6,5,6,5
1526382281.609542995	1928	40	84	0	1	1	2	-91	294660	0	0	1596	1478	6,5,6,5
1526382281.621015346	1928	40	84	0	1	1	2	-93	294661	0	0	1596	1478	6,5,6,5
1526382281.632982300	1928	40	84	0	1	1	2	-90	294662	0	0	1596	1478	6,5,6,5
1526382281.644636898	1928	40	84	0	1	1	2	-92	294663	0	0	1596	1478	6,5,6,5
1526382281.660855039	1928	40	84	0	1	1	2	-91	294664	0	0	1596	1478	6,5,6,5
1526382281.668157516	1928	40	84	0	1	1	2	-92	294665	0	0	1596	1478	6,5,6,5
1526382281.679952378	1928	40	84	0	1	1	2	-91	294666	0	0	1596	1478	6,5,6,5
1526382281.694210229	1928	40	84	0	1	1	2	-93	294667	0	0	1596	1478	6,5,6,5
1526382281.703285582	1928	40	84	0	1	1	2	-90	294668	0	0	1596	1478	6,5,6,5
1526382281.718579765	1928	40	84	0	1	1	2	-91	294669	0	0	1596	1478	6,5,6,5
1526382281.726899823	1928	40	84	0	1	1	2	-93	294670	0	0	1596	1478	6,5,6,5
1526382281.738738665	1928	40	84	0	1	1	2	-94	294671	0	0	1596	1478	6,5,6,5
1526382281.752829837	1928	40	84	0	1	1	2	-91	294673	0	0	1596	1478	6,5,6,5
1526382281.767221667	1928	40	84	0	1	1	2	-91	294676	0	0	1596	1478	6,5,6,5
1526382281.776449931	1928	40	84	0	1	1	2	-89	294678	0	0	1596	1478	6,5,6,5
1526382281.785701941	1928	40	84	0	1	1	2	-92	294679	0	0	1596	1478	6,5,6,5
1526382281.798623229	1928	40	84	0	1	1	2	-92	294680	0	0	1596	1478	6,5,6,5
1526382281.809326016	1928	40	84	0	1	1	2	-90	294681	0	0	1596	1478	6,5,6,5
1526382281.823306852	1928	40	84	0	1	1	2	-91	294683	0	0	1596	1478	6,5,6,5
1526382281.832890796	1928	40	84	0	1	1	2	-90	294684	0	0	1596	1478	6,5,6,5
1526382281.844618815	1928	40	84	0	1	1	2	-91	294685	0	0	1596	1478	6,5,6,5
1526382281.863128082	1928	40	84	0	1	1	2	-91	294686	0	0	1596	1478	6,5,6,5
1526382281.874127985	1928	40	84	0	1	1	2	-91	294688	0	0	1596	1478	6,5,6,5
1526382281.881983969	1928	40	84	0	1	1	2	-92	294689	0	0	1596	1478	6,5,6,5
1526382281.891682376	1928	40	84	0	1	1	2	-94	294690	0	0	1596	1478	6,5,6,5
1526382281.905778357	1928	40	84	0	1	1	2	-92	294691	0	0	1596	1478	6,5,6,5
1526382281.915247900	1928	40	84	0	1	1	2	-91	294692	0	0	1596	1478	6,5,6,5
1526382281.926731280	1928	40	84	0	1	1	2	-92	294693	0	0	1596	1478	6,5,6,5
1526382281.938587585	1928	40	84	0	1	1	2	-90	294694	0	0	1596	1478	6,5,6,5
1526382281.950360486	1928	40	84	0	1	1	2	-90	294695	0	0	1596	1478	6,5,6,5
1526382281.966652767	1928	40	84	0	1	1	2	-90	294696	0	0	1596	1478	6,5,6,5
1526382281.987041875	1928	40	84	0	1	1	2	-92	294697	0	0	1596	1478	6,5,6,5
1526382281.989742895	1928	40	84	0	1	1	2	-90	294698	0	0	1596	1478	6,5,6,5
1526382281.997429743	1928	40	84	0	1	1	2	-91	294699	0	0	1596	1478	6,5,6,5
1526382282.014045270	1928	40	84	0	1	1	2	-93	294700	0	0	1596	1478	6,5,6,5
1526382282.020885329	1928	40	84	0	1	1	2	-90	294701	0	0	1596	1478	6,5,6,5
1526382282.039411518	1928	40	84	0	1	1	2	-91	294702	0	0	1596	1478	6,5,6,5
1526382282.044773153	1928	40	84	0	1	1	2	-94	294703	0	0	1596	1478	6,5,6,5
1526382282.062901420	1928	40	84	0	1	1	2	-91	294705	0	0	1596	1478	6,5,6,5
1526382282.073601619	1928	40	84	0	1	1	2	-93	294707	0	0	1596	1478	6,5,6,5
1526382282.079837072	1928	40	84	0	1	1	2	-92	294708	0	0	1596	1478	6,5,6,5
1526382282.091285708	1928	40	84	0	1	1	2	-91	294709	0	0	1596	1478	6,5,6,5
1526382282.107802387	1928	40	84	0	1	1	2	-92	294711	0	0	1596	1478	6,5,6,5
1526382282.115065953	1928	40	84	0	1	1	2	-91	294712	0	0	1596	1478	6,5,6,5
1526382282.126752541	1928	40	84	0	1	1	2	-93	294713	0	0	1596	1478	6,5,6,5
1526382282.142897017	1928	40	84	0	1	1	2	-93	294714	0	0	1596	1478	6,5,6,5
1526382282.164218718	1928	40	84	0	1	1	2	-92	294716	0	0	1596	1478	6,5,6,5
1526382282.169172702	1928	40	84	0	1	1	2	-92	294718	0	0	1596	1478	6,5,6,5
1526382282.173782198	1928	40	84	0	1	1	2	-92	294719	0	0	1596	1478	6,5,6,5
1526382282.194619546	1928	40	84	0	1	1	2	-92	294720	0	0	1596	1478	6,5,6,5
1526382282.197478752	1928	40	84	0	1	1	2	-92	294721	0	0	1596	1478	6,5,6,5
1526382282.211269904	1928	40	84	0	1	1	2	-92	294722	0	0	1596	1478	6,5,6,5
1526382282.230337261	1928	40	84	0	1	1	2	-92	294724	0	0	1596	1478	6,5,6,5
1526382282.237699573	1928	40	84	0	1	1	2	-90	294726	0	0	1596	1478	6,5,6,5
1526382282.261757682	1928	40	84	0	1	1	2	-90	294729	0	0	1596	1478	6,5,6,5
1526382282.264314166	1928	40	84	0	1	1	2	-93	294730	0	0	1596	1478	6,5,6,5
1526382282.286215032	1928	40	84	0	1	1	2	-91	294732	0	0	1596	1478	6,5,6,5
1526382282.288767903	1928	40	84	0	1	1	2	-92	294733	0	0	1596	1478	6,5,6,5
1526382282.324833434	1928	40	84	0	1	1	2	-93	294736	0	0	1596	1478	6,5,6,5
1526382282.326562512	1928	40	84	0	1	1	2	-93	294736	0	0	1596	1478	6,5,6,5
1526382282.357959493	1928	40	84	0	1	1	2	-92	294740	0	0	1596	1478	6,5,6,5
1526382282.598888783	1928	40	84	0	1	1	2	-94	294756	0	0	1596	1478	6,5,6,5
1526382282.612078849	1928	40	84	0	1	1	2	-91	294757	0	0	1596	1478	6,5,6,5
1526382282.614743166	1928	40	84	0	1	1	2	-92	294758	0	0	1596	1478	6,5,6,5
1526382282.616476171	1928	40	84	0	1	1	2	-92	294758	0	0	1596	1478	6,5,6,5
1526382282.684353105	1928	40	84	0	1	1	2	-93	294767	0	0	1596	1478	6,5,6,5
1526382282.686017420	1928	40	84	0	1	1	2	-93	294767	0	0	1596	1478	6,5,6,5
1526382282.723882819	1928	40	84	0	1	1	2	-91	294770	0	0	1596	1478	6,5,6,5
1526382282.725582364	1928	40	84	0	1	1	2	-91	294770	0	0	1596	1478	6,5,6,5
1526382282.762272067	1928	40	84	0	1	1	2	-92	294772	0	0	1596	1478	6,5,6,5
1526382282.764065405	1928	40	84	0	1	1	2	-92	294772	0	0	1596	1478	6,5,6,5
1526382282.767020675	1928	40	84	0	1	1	2	-93	294773	0	0	1596	1478	6,5,6,5
1526382282.768593493	1928	40	84	0	1	1	2	-93	294773	0	0	1596	1478	6,5,6,5
1526382282.771187781	1928	40	84	0	1	1	2	-93	294774	0	0	1596	1478	6,5,6,5
1526382282.792517921	1928	40	84	0	1	1	2	-91	294776	0	0	1596	1478	6,5,6,5
1526382282.805838156	1928	40	84	0	1	1	2	-93	294778	0	0	1596	1478	6,5,6,5
1526382282.807498958	1928	40	84	0	1	1	2	-93	294778	0	0	1596	1478	6,5,6,5
1526382282.898585746	1928	40	84	0	1	1	2	-92	294781	0	0	1596	1478	6,5,6,5
1526382282.906276726	1928	40	84	0	1	1	2	-92	294782	0	0	1596	1478	6,5,6,5
1526382282.907951277	1928	40	84	0	1	1	2	-92	294782	0	0	1596	1478	6,5,6,5
1526382282.928148536	1928	40	84	0	1	1	2	-92	294785	0	0	1596	1478	6,5,6,5
1526382282.964147053	1928	40	84	0	1	1	2	-92	294788	0	0	1596	1478	6,5,6,5
1526382282.965802937	1928	40	84	0	1	1	2	-92	294788	0	0	1596	1478	6,5,6,5
1526382283.014030991	1928	40	84	0	1	1	2	-90	294791	0	0	1596	1478	6,5,6,5
1526382283.015673253	1928	40	84	0	1	1	2	-90	294791	0	0	1596	1478	6,5,6,5
1526382283.027035123	1928	40	84	0	1	1	2	-90	294792	0	0	1596	1478	6,5,6,5
1526382283.028783945	1928	40	84	0	1	1	2	-90	294792	0	0	1596	1478	6,5,6,5
1526382283.064536309	1928	40	84	0	1	1	2	-91	294793	0	0	1596	1478	6,5,6,5
1526382283.208310656	1928	40	84	0	1	1	2	-90	294802	0	0	1596	1478	6,5,6,5
1526382283.216556627	1928	40	84	0	1	1	2	-91	294803	0	0	1596	1478	6,5,6,5
1526382283.303093243	1928	40	84	0	1	1	2	-90	294809	0	0	1596	1478	6,5,6,5
1526382283.304760615	1928	40	84	0	1	1	2	-90	294809	0	0	1596	1478	6,5,6,5
1526382283.320102151	1928	40	84	0	1	1	2	-91	294811	0	0	1596	1478	6,5,6,5
1526382283.321777736	1928	40	84	0	1	1	2	-91	294811	0	0	1596	1478	6,5,6,5
1526382283.324786317	1928	40	84	0	1	1	2	-90	294812	0	0	1596	1478	6,5,6,5
1526382283.326542277	1928	40	84	0	1	1	2	-90	294812	0	0	1596	1478	6,5,6,5
1526382283.333384310	1928	40	84	0	1	1	2	-93	294813	0	0	1596	1478	6,5,6,5
1526382283.335034659	1928	40	84	0	1	1	2	-93	294813	0	0	1596	1478	6,5,6,5
1526382283.351357993	1928	40	84	0	1	1	2	-92	294815	0	0	1596	1478	6,5,6,5
1526382283.352981152	1928	40	84	0	1	1	2	-92	294815	0	0	1596	1478	6,5,6,5
1526382283.355629523	1928	40	84	0	1	1	2	-91	294816	0	0	1596	1478	6,5,6,5
1526382283.357299163	1928	40	84	0	1	1	2	-91	294816	0	0	1596	1478	6,5,6,5
1526382283.401526097	1928	40	84	0	1	1	2	-92	294818	0	0	1596	1478	6,5,6,5
1526382283.434701500	1928	40	84	0	1	1	2	-91	294821	0	0	1596	1478	6,5,6,5
1526382283.435206739	1928	40	84	0	1	1	2	-91	294821	0	0	1596	1478	6,5,6,5
1526382283.474879524	1928	40	84	0	1	1	2	-94	294823	0	0	1596	1478	6,5,6,5
1526382283.476523260	1928	40	84	0	1	1	2	-94	294823	0	0	1596	1478	6,5,6,5
1526382283.528879755	1928	40	84	0	1	1	2	-93	294825	0	0	1596	1478	6,5,6,5
1526382283.541526043	1928	40	84	0	1	1	2	-93	294826	0	0	1596	1478	6,5,6,5
1526382283.775143077	1928	40	84	0	1	1	2	-93	294837	0	0	1596	1478	6,5,6,5
1526382283.775181873	1928	40	84	0	1	1	2	-93	294837	0	0	1596	1478	6,5,6,5
1526382283.777652435	1928	40	84	0	1	1	2	-92	294838	0	0	1596	1478	6,5,6,5
1526382283.779296405	1928	40	84	0	1	1	2	-92	294838	0	0	1596	1478	6,5,6,5
1526382283.803882602	1928	40	84	0	1	1	2	-92	294841	0	0	1596	1478	6,5,6,5
1526382283.812169179	1928	40	84	0	1	1	2	-90	294843	0	0	1596	1478	6,5,6,5
1526382283.813848179	1928	40	84	0	1	1	2	-90	294843	0	0	1596	1478	6,5,6,5
1526382283.820892966	1928	40	84	0	1	1	2	-92	294845	0	0	1596	1478	6,5,6,5
1526382283.822543576	1928	40	84	0	1	1	2	-92	294845	0	0	1596	1478	6,5,6,5
1526382283.825173084	1928	40	84	0	1	1	2	-93	294846	0	0	1596	1478	6,5,6,5
1526382283.826931001	1928	40	84	0	1	1	2	-93	294846	0	0	1596	1478	6,5,6,5
1526382283.829442423	1928	40	84	0	1	1	2	-90	294847	0	0	1596	1478	6,5,6,5
1526382283.831142351	1928	40	84	0	1	1	2	-90	294847	0	0	1596	1478	6,5,6,5
1526382283.833872159	1928	40	84	0	1	1	2	-91	294848	0	0	1596	1478	6,5,6,5
1526382283.835526108	1928	40	84	0	1	1	2	-91	294848	0	0	1596	1478	6,5,6,5
1526382283.844037039	1928	40	84	0	1	1	2	-90	294849	0	0	1596	1478	6,5,6,5
1526382283.846799395	1928	40	84	0	1	1	2	-91	294850	0	0	1596	1478	6,5,6,5
1526382283.848469264	1928	40	84	0	1	1	2	-91	294850	0	0	1596	1478	6,5,6,5
1526382283.855226043	1928	40	84	0	1	1	2	-91	294851	0	0	1596	1478	6,5,6,5
1526382283.859567994	1928	40	84	0	1	1	2	-92	294852	0	0	1596	1478	6,5,6,5
1526382283.861227800	1928	40	84	0	1	1	2	-92	294852	0	0	1596	1478	6,5,6,5
1526382283.863725339	1928	40	84	0	1	1	2	-90	294853	0	0	1596	1478	6,5,6,5
1526382283.865487874	1928	40	84	0	1	1	2	-90	294853	0	0	1596	1478	6,5,6,5
1526382283.867974750	1928	40	84	0	1	1	2	-91	294854	0	0	1596	1478	6,5,6,5
1526382283.869648384	1928	40	84	0	1	1	2	-91	294854	0	0	1596	1478	6,5,6,5
1526382283.872452532	1928	40	84	0	1	1	2	-91	294855	0	0	1596	1478	6,5,6,5
1526382283.874101651	1928	40	84	0	1	1	2	-91	294855	0	0	1596	1478	6,5,6,5
1526382283.876825462	1928	40	84	0	1	1	2	-90	294856	0	0	1596	1478	6,5,6,5
1526382283.878485526	1928	40	84	0	1	1	2	-90	294856	0	0	1596	1478	6,5,6,5
1526382283.889578490	1928	40	84	0	1	1	2	-92	294858	0	0	1596	1478	6,5,6,5
1526382283.891233283	1928	40	84	0	1	1	2	-92	294858	0	0	1596	1478	6,5,6,5
1526382283.898277879	1928	40	84	0	1	1	2	-90	294859	0	0	1596	1478	6,5,6,5
1526382283.899948806	1928	40	84	0	1	1	2	-90	294859	0	0	1596	1478	6,5,6,5
1526382283.903052010	1928	40	84	0	1	1	2	-90	294860	0	0	1596	1478	6,5,6,5
1526382283.911382817	1928	40	84	0	1	1	2	-92	294862	0	0	1596	1478	6,5,6,5
1526382283.913000428	1928	40	84	0	1	1	2	-92	294862	0	0	1596	1478	6,5,6,5
1526382283.915439342	1928	40	84	0	1	1	2	-90	294863	0	0	1596	1478	6,5,6,5
1526382283.917089524	1928	40	84	0	1	1	2	-90	294863	0	0	1596	1478	6,5,6,5
1526382283.919820417	1928	40	84	0	1	1	2	-92	294864	0	0	1596	1478	6,5,6,5
1526382283.921487006	1928	40	84	0	1	1	2	-92	294864	0	0	1596	1478	6,5,6,5
1526382283.924166651	1928	40	84	0	1	1	2	-91	294865	0	0	1596	1478	6,5,6,5
1526382283.925818964	1928	40	84	0	1	1	2	-91	294865	0	0	1596	1478	6,5,6,5
1526382283.928689754	1928	40	84	0	1	1	2	-92	294866	0	0	1596	1478	6,5,6,5
1526382283.930347116	1928	40	84	0	1	1	2	-92	294866	0	0	1596	1478	6,5,6,5
1526382283.933162806	1928	40	84	0	1	1	2	-91	294867	0	0	1596	1478	6,5,6,5
1526382283.939804734	1928	40	84	0	1	1	2	-91	294868	0	0	1596	1478	6,5,6,5
1526382283.948024841	1928	40	84	0	1	1	2	-92	294869	0	0	1596	1478	6,5,6,5
1526382283.954864026	1928	40	84	0	1	1	2	-92	294870	0	0	1596	1478	6,5,6,5
1526382283.959091864	1928	40	84	0	1	1	2	-91	294871	0	0	1596	1478	6,5,6,5
1526382283.960744517	1928	40	84	0	1	1	2	-91	294871	0	0	1596	1478	6,5,6,5
1526382283.967502050	1928	40	84	0	1	1	2	-91	294872	0	0	1596	1478	6,5,6,5
1526382283.969167211	1928	40	84	0	1	1	2	-91	294872	0	0	1596	1478	6,5,6,5
1526382283.971955013	1928	40	84	0	1	1	2	-91	294873	0	0	1596	1478	6,5,6,5
1526382283.978143845	1928	40	84	0	1	1	2	-90	294874	0	0	1596	1478	6,5,6,5
1526382283.986950725	1928	40	84	0	1	1	2	-92	294876	0	0	1596	1478	6,5,6,5
1526382283.998047603	1928	40	84	0	1	1	2	-91	294878	0	0	1596	1478	6,5,6,5
1526382283.999664004	1928	40	84	0	1	1	2	-91	294878	0	0	1596	1478	6,5,6,5
1526382284.002970263	1928	40	84	0	1	1	2	-91	294879	0	0	1596	1478	6,5,6,5
1526382284.004722383	1928	40	84	0	1	1	2	-91	294879	0	0	1596	1478	6,5,6,5
1526382284.007214442	1928	40	84	0	1	1	2	-91	294880	0	0	1596	1478	6,5,6,5
1526382284.008889182	1928	40	84	0	1	1	2	-91	294880	0	0	1596	1478	6,5,6,5
1526382284.011594584	1928	40	84	0	1	1	2	-93	294881	0	0	1596	1478	6,5,6,5
1526382284.025636887	1928	40	84	0	1	1	2	-91	294882	0	0	1596	1478	6,5,6,5
1526382284.028397877	1928	40	84	0	1	1	2	-92	294883	0	0	1596	1478	6,5,6,5
1526382284.030057852	1928	40	84	0	1	1	2	-92	294883	0	0	1596	1478	6,5,6,5
1526382284.032818206	1928	40	84	0	1	1	2	-91	294884	0	0	1596	1478	6,5,6,5
1526382284.034461419	1928	40	84	0	1	1	2	-91	294884	0	0	1596	1478	6,5,6,5
1526382284.045574475	1928	40	84	0	1	1	2	-90	294886	0	0	1596	1478	6,5,6,5
1526382284.047244055	1928	40	84	0	1	1	2	-90	294886	0	0	1596	1478	6,5,6,5
1526382284.053954515	1928	40	84	0	1	1	2	-91	294888	0	0	1596	1478	6,5,6,5
1526382284.055699413	1928	40	84	0	1	1	2	-91	294888	0	0	1596	1478	6,5,6,5
1526382284.070619999	1928	40	84	0	1	1	2	-93	294890	0	0	1596	1478	6,5,6,5
1526382284.072437550	1928	40	84	0	1	1	2	-93	294890	0	0	1596	1478	6,5,6,5
1526382284.077016261	1928	40	84	0	1	1	2	-90	294891	0	0	1596	1478	6,5,6,5
1526382284.125312092	1928	40	84	0	1	1	2	-91	294895	0	0	1596	1478	6,5,6,5
1526382284.149228124	1928	40	84	0	1	1	2	-91	294897	0	0	1596	1478	6,5,6,5
1526382284.151015056	1928	40	84	0	1	1	2	-91	294897	0	0	1596	1478	6,5,6,5
1526382284.153912105	1928	40	84	0	1	1	2	-91	294898	0	0	1596	1478	6,5,6,5
1526382284.162200992	1928	40	84	0	1	1	2	-91	294899	0	0	1596	1478	6,5,6,5
1526382284.163852048	1928	40	84	0	1	1	2	-91	294899	0	0	1596	1478	6,5,6,5
1526382284.170841284	1928	40	84	0	1	1	2	-93	294900	0	0	1596	1478	6,5,6,5
1526382284.172479942	1928	40	84	0	1	1	2	-93	294900	0	0	1596	1478	6,5,6,5
1526382284.175120037	1928	40	84	0	1	1	2	-90	294901	0	0	1596	1478	6,5,6,5
1526382284.176779484	1928	40	84	0	1	1	2	-90	294901	0	0	1596	1478	6,5,6,5
1526382284.185473627	1928	40	84	0	1	1	2	-93	294902	0	0	1596	1478	6,5,6,5
1526382284.188184876	1928	40	84	0	1	1	2	-90	294903	0	0	1596	1478	6,5,6,5
1526382284.189821508	1928	40	84	0	1	1	2	-90	294903	0	0	1596	1478	6,5,6,5
1526382284.204596846	1928	40	84	0	1	1	2	-91	294904	0	0	1596	1478	6,5,6,5
1526382284.206206929	1928	40	84	0	1	1	2	-91	294904	0	0	1596	1478	6,5,6,5
1526382284.217342703	1928	40	84	0	1	1	2	-90	294905	0	0	1596	1478	6,5,6,5
1526382284.219015805	1928	40	84	0	1	1	2	-90	294905	0	0	1596	1478	6,5,6,5
1526382284.221765443	1928	40	84	0	1	1	2	-93	294906	0	0	1596	1478	6,5,6,5
1526382284.223416215	1928	40	84	0	1	1	2	-93	294906	0	0	1596	1478	6,5,6,5
1526382284.230093096	1928	40	84	0	1	1	2	-93	294907	0	0	1596	1478	6,5,6,5
1526382284.231757730	1928	40	84	0	1	1	2	-93	294907	0	0	1596	1478	6,5,6,5
1526382284.234796262	1928	40	84	0	1	1	2	-92	294908	0	0	1596	1478	6,5,6,5
1526382284.236444594	1928	40	84	0	1	1	2	-92	294908	0	0	1596	1478	6,5,6,5
1526382284.238955990	1928	40	84	0	1	1	2	-91	294909	0	0	1596	1478	6,5,6,5
1526382284.240621596	1928	40	84	0	1	1	2	-91	294909	0	0	1596	1478	6,5,6,5
1526382284.243151613	1928	40	84	0	1	1	2	-91	294910	0	0	1596	1478	6,5,6,5
1526382284.244798536	1928	40	84	0	1	1	2	-91	294910	0	0	1596	1478	6,5,6,5
1526382284.251410265	1928	40	84	0	1	1	2	-91	294911	0	0	1596	1478	6,5,6,5
1526382284.253056354	1928	40	84	0	1	1	2	-91	294911	0	0	1596	1478	6,5,6,5
1526382284.255923860	1928	40	84	0	1	1	2	-91	294912	0	0	1596	1478	6,5,6,5
1526382284.257496353	1928	40	84	0	1	1	2	-91	294912	0	0	1596	1478	6,5,6,5
1526382284.268329991	1928	40	84	0	1	1	2	-91	294913	0	0	1596	1478	6,5,6,5
1526382284.269979781	1928	40	84	0	1	1	2	-91	294913	0	0	1596	1478	6,5,6,5
1526382284.284964653	1928	40	84	0	1	1	2	-93	294914	0	0	1596	1478	6,5,6,5
1526382284.286608314	1928	40	84	0	1	1	2	-93	294914	0	0	1596	1478	6,5,6,5
1526382284.298639409	1928	40	84	0	1	1	2	-92	294915	0	0	1596	1478	6,5,6,5
1526382284.300314748	1928	40	84	0	1	1	2	-92	294915	0	0	1596	1478	6,5,6,5
1526382284.307162503	1928	40	84	0	1	1	2	-92	294916	0	0	1596	1478	6,5,6,5
1526382284.308796415	1928	40	84	0	1	1	2	-92	294916	0	0	1596	1478	6,5,6,5
1526382284.316080497	1928	40	84	0	1	1	2	-92	294917	0	0	1596	1478	6,5,6,5
1526382284.317743608	1928	40	84	0	1	1	2	-92	294917	0	0	1596	1478	6,5,6,5
1526382284.321845574	1928	40	84	0	1	1	2	-92	294918	0	0	1596	1478	6,5,6,5
1526382284.323421904	1928	40	84	0	1	1	2	-92	294918	0	0	1596	1478	6,5,6,5
1526382284.326422540	1928	40	84	0	1	1	2	-92	294919	0	0	1596	1478	6,5,6,5
1526382284.328091395	1928	40	84	0	1	1	2	-92	294919	0	0	1596	1478	6,5,6,5
1526382284.342167461	1928	40	84	0	1	1	2	-91	294921	0	0	1596	1478	6,5,6,5
1526382284.349464759	1928	40	84	0	1	1	2	-92	294922	0	0	1596	1478	6,5,6,5
1526382284.361236696	1928	40	84	0	1	1	2	-92	294923	0	0	1596	1478	6,5,6,5
1526382284.372994503	1928	40	84	0	1	1	2	-94	294924	0	0	1596	1478	6,5,6,5
1526382284.386958170	1928	40	84	0	1	1	2	-91	294925	0	0	1596	1478	6,5,6,5
1526382284.411596298	1928	40	84	0	1	1	2	-91	294927	0	0	1596	1478	6,5,6,5
1526382284.418652716	1928	40	84	0	1	1	2	-91	294928	0	0	1596	1478	6,5,6,5
1526382284.435519974	1928	40	84	0	1	1	2	-93	294929	0	0	1596	1478	6,5,6,5
1526382284.438141473	1928	40	84	0	1	1	2	-93	294930	0	0	1596	1478	6,5,6,5
1526382284.443449362	1928	40	84	0	1	1	2	-92	294931	0	0	1596	1478	6,5,6,5
1526382284.463284453	1928	40	84	0	1	1	2	-91	294932	0	0	1596	1478	6,5,6,5
1526382284.467081657	1928	40	84	0	1	1	2	-92	294933	0	0	1596	1478	6,5,6,5
1526382284.478831542	1928	40	84	0	1	1	2	-92	294934	0	0	1596	1478	6,5,6,5
1526382284.490601130	1928	40	84	0	1	1	2	-89	294935	0	0	1596	1478	6,5,6,5
1526382284.504478604	1928	40	84	0	1	1	2	-91	294936	0	0	1596	1478	6,5,6,5
1526382284.514085613	1928	40	84	0	1	1	2	-91	294937	0	0	1596	1478	6,5,6,5
1526382284.525861169	1928	40	84	0	1	1	2	-92	294938	0	0	1596	1478	6,5,6,5
1526382284.537640070	1928	40	84	0	1	1	2	-91	294939	0	0	1596	1478	6,5,6,5
1526382284.549392527	1928	40	84	0	1	1	2	-93	294940	0	0	1596	1478	6,5,6,5
1526382284.562408860	1928	40	84	0	1	1	2	-92	294941	0	0	1596	1478	6,5,6,5
1526382284.572906815	1928	40	84	0	1	1	2	-90	294942	0	0	1596	1478	6,5,6,5
1526382284.584655947	1928	40	84	0	1	1	2	-92	294943	0	0	1596	1478	6,5,6,5
1526382284.596363760	1928	40	84	0	1	1	2	-91	294944	0	0	1596	1478	6,5,6,5
1526382284.608190781	1928	40	84	0	1	1	2	-91	294945	0	0	1596	1478	6,5,6,5
1526382284.619923537	1928	40	84	0	1	1	2	-91	294946	0	0	1596	1478	6,5,6,5
1526382284.631956214	1928	40	84	0	1	1	2	-90	294947	0	0	1596	1478	6,5,6,5
1526382284.643468463	1928	40	84	0	1	1	2	-91	294948	0	0	1596	1478	6,5,6,5
1526382284.655403921	1928	40	84	0	1	1	2	-92	294949	0	0	1596	1478	6,5,6,5
1526382284.667012425	1928	40	84	0	1	1	2	-92	294950	0	0	1596	1478	6,5,6,5
1526382284.678758009	1928	40	84	0	1	1	2	-90	294951	0	0	1596	1478	6,5,6,5
1526382284.690595876	1928	40	84	0	1	1	2	-94	294952	0	0	1596	1478	6,5,6,5
1526382284.702148153	1928	40	84	0	1	1	2	-92	294953	0	0	1596	1478	6,5,6,5
1526382284.713960318	1928	40	84	0	1	1	2	-91	294954	0	0	1596	1478	6,5,6,5
1526382284.732602184	1928	40	84	0	1	1	2	-91	294955	0	0	1596	1478	6,5,6,5
1526382284.743284238	1928	40	84	0	1	1	2	-92	294957	0	0	1596	1478	6,5,6,5
1526382284.749238286	1928	40	84	0	1	1	2	-91	294958	0	0	1596	1478	6,5,6,5
1526382284.767709886	1928	40	84	0	1	1	2	-92	294959	0	0	1596	1478	6,5,6,5
1526382284.775043642	1928	40	84	0	1	1	2	-92	294960	0	0	1596	1478	6,5,6,5
1526382284.789052984	1928	40	84	0	1	1	2	-92	294961	0	0	1596	1478	6,5,6,5
1526382284.802804858	1928	40	84	0	1	1	2	-92	294962	0	0	1596	1478	6,5,6,5
1526382284.810184761	1928	40	84	0	1	1	2	-93	294963	0	0	1596	1478	6,5,6,5
1526382284.819877761	1928	40	84	0	1	1	2	-92	294964	0	0	1596	1478	6,5,6,5
1526382284.834141424	1928	40	84	0	1	1	2	-90	294965	0	0	1596	1478	6,5,6,5
1526382284.843439808	1928	40	84	0	1	1	2	-91	294966	0	0	1596	1478	6,5,6,5
1526382284.854924271	1928	40	84	0	1	1	2	-91	294967	0	0	1596	1478	6,5,6,5
1526382284.878199175	1928	40	84	0	1	1	2	-93	294968	0	0	1596	1478	6,5,6,5
1526382284.883540944	1928	40	84	0	1	1	2	-90	294969	0	0	1596	1478	6,5,6,5
1526382284.905543417	1928	40	84	0	1	1	2	-93	294970	0	0	1596	1478	6,5,6,5
1526382284.907203930	1928	40	84	0	1	1	2	-93	294970	0	0	1596	1478	6,5,6,5
1526382284.925339590	1928	40	84	0	1	1	2	-94	294971	0	0	1596	1478	6,5,6,5
1526382284.943178182	1928	40	84	0	1	1	2	-93	294972	0	0	1596	1478	6,5,6,5
1526382284.945836384	1928	40	84	0	1	1	2	-93	294973	0	0	1596	1478	6,5,6,5
1526382284.956439574	1928	40	84	0	1	1	2	-92	294974	0	0	1596	1478	6,5,6,5
1526382284.960991880	1928	40	84	0	1	1	2	-92	294975	0	0	1596	1478	6,5,6,5
1526382284.973257302	1928	40	84	0	1	1	2	-91	294976	0	0	1596	1478	6,5,6,5
1526382284.992513889	1928	40	84	0	1	1	2	-90	294977	0	0	1596	1478	6,5,6,5
1526382284.999908789	1928	40	84	0	1	1	2	-91	294978	0	0	1596	1478	6,5,6,5
1526382285.008740757	1928	40	84	0	1	1	2	-92	294979	0	0	1596	1478	6,5,6,5
1526382285.021940428	1928	40	84	0	1	1	2	-92	294980	0	0	1596	1478	6,5,6,5
1526382285.038500605	1928	40	84	0	1	1	2	-92	294983	0	0	1596	1478	6,5,6,5
1526382285.051271763	1928	40	84	0	1	1	2	-91	294985	0	0	1596	1478	6,5,6,5
1526382285.062308538	1928	40	84	0	1	1	2	-90	294986	0	0	1596	1478	6,5,6,5
1526382285.066846394	1928	40	84	0	1	1	2	-92	294987	0	0	1596	1478	6,5,6,5
1526382285.086425406	1928	40	84	0	1	1	2	-92	294989	0	0	1596	1478	6,5,6,5
1526382285.092548783	1928	40	84	0	1	1	2	-91	294991	0	0	1596	1478	6,5,6,5
1526382285.104282083	1928	40	84	0	1	1	2	-92	294992	0	0	1596	1478	6,5,6,5
1526382285.118680459	1928	40	84	0	1	1	2	-93	294994	0	0	1596	1478	6,5,6,5
1526382285.126019481	1928	40	84	0	1	1	2	-93	294995	0	0	1596	1478	6,5,6,5
1526382285.137325799	1928	40	84	0	1	1	2	-91	294996	0	0	1596	1478	6,5,6,5
1526382285.151416738	1928	40	84	0	1	1	2	-91	294997	0	0	1596	1478	6,5,6,5
1526382285.161095631	1928	40	84	0	1	1	2	-92	294998	0	0	1596	1478	6,5,6,5
1526382285.172666517	1928	40	84	0	1	1	2	-91	294999	0	0	1596	1478	6,5,6,5
1526382285.185698891	1928	40	84	0	1	1	2	-94	295000	0	0	1596	1478	6,5,6,5
1526382285.198318304	1928	40	84	0	1	1	2	-92	295001	0	0	1596	1478	6,5,6,5
1526382285.207831031	1928	40	84	0	1	1	2	-94	295002	0	0	1596	1478	6,5,6,5
1526382285.233511812	1928	40	84	0	1	1	2	-93	295003	0	0	1596	1478	6,5,6,5
1526382285.245342708	1928	40	84	0	1	1	2	-92	295005	0	0	1596	1478	6,5,6,5
1526382285.250423784	1928	40	84	0	1	1	2	-92	295006	0	0	1596	1478	6,5,6,5
1526382285.254978286	1928	40	84	0	1	1	2	-92	295007	0	0	1596	1478	6,5,6,5
1526382285.271191241	1928	40	84	0	1	1	2	-94	295008	0	0	1596	1478	6,5,6,5
1526382285.280666220	1928	40	84	0	1	1	2	-91	295009	0	0	1596	1478	6,5,6,5
1526382285.290274870	1928	40	84	0	1	1	2	-91	295010	0	0	1596	1478	6,5,6,5
1526382285.301868325	1928	40	84	0	1	1	2	-93	295011	0	0	1596	1478	6,5,6,5
1526382285.315958495	1928	40	84	0	1	1	2	-92	295012	0	0	1596	1478	6,5,6,5
1526382285.325556754	1928	40	84	0	1	1	2	-91	295013	0	0	1596	1478	6,5,6,5
1526382285.339545779	1928	40	84	0	1	1	2	-91	295014	0	0	1596	1478	6,5,6,5
1526382285.350329092	1928	40	84	0	1	1	2	-90	295015	0	0	1596	1478	6,5,6,5
1526382285.360852937	1928	40	84	0	1	1	2	-90	295016	0	0	1596	1478	6,5,6,5
1526382285.372477792	1928	40	84	0	1	1	2	-91	295017	0	0	1596	1478	6,5,6,5
1526382285.386521919	1928	40	84	0	1	1	2	-91	295018	0	0	1596	1478	6,5,6,5
1526382285.398270391	1928	40	84	0	1	1	2	-89	295019	0	0	1596	1478	6,5,6,5
1526382285.412307789	1928	40	84	0	1	1	2	-91	295020	0	0	1596	1478	6,5,6,5
1526382285.419868882	1928	40	84	0	1	1	2	-93	295021	0	0	1596	1478	6,5,6,5
1526382285.438706756	1928	40	84	0	1	1	2	-91	295022	0	0	1596	1478	6,5,6,5
1526382285.447582554	1928	40	84	0	1	1	2	-91	295023	0	0	1596	1478	6,5,6,5
1526382285.454947747	1928	40	84	0	1	1	2	-91	295024	0	0	1596	1478	6,5,6,5
1526382285.466684415	1928	40	84	0	1	1	2	-92	295025	0	0	1596	1478	6,5,6,5
1526382285.478336806	1928	40	84	0	1	1	2	-93	295026	0	0	1596	1478	6,5,6,5
1526382285.492810035	1928	40	84	0	1	1	2	-91	295027	0	0	1596	1478	6,5,6,5
1526382285.501891518	1928	40	84	0	1	1	2	-92	295028	0	0	1596	1478	6,5,6,5
1526382285.515938646	1928	40	84	0	1	1	2	-90	295030	0	0	1596	1478	6,5,6,5
1526382285.531357373	1928	40	84	0	1	1	2	-90	295034	0	0	1596	1478	6,5,6,5
1526382285.542082494	1928	40	84	0	1	1	2	-92	295035	0	0	1596	1478	6,5,6,5
1526382285.548983033	1928	40	84	0	1	1	2	-90	295036	0	0	1596	1478	6,5,6,5
1526382285.560726335	1928	40	84	0	1	1	2	-91	295037	0	0	1596	1478	6,5,6,5
1526382285.572514301	1928	40	84	0	1	1	2	-91	295038	0	0	1596	1478	6,5,6,5
1526382285.588645749	1928	40	84	0	1	1	2	-92	295039	0	0	1596	1478	6,5,6,5
1526382285.596031569	1928	40	84	0	1	1	2	-91	295040	0	0	1596	1478	6,5,6,5
1526382285.607790014	1928	40	84	0	1	1	2	-90	295041	0	0	1596	1478	6,5,6,5
1526382285.625136946	1928	40	84	0	1	1	2	-91	295042	0	0	1596	1478	6,5,6,5
1526382285.656615112	1928	40	84	0	1	1	2	-92	295043	0	0	1596	1478	6,5,6,5
1526382285.658259165	1928	40	84	0	1	1	2	-92	295043	0	0	1596	1478	6,5,6,5
1526382285.663082622	1928	40	84	0	1	1	2	-92	295044	0	0	1596	1478	6,5,6,5
1526382285.668633356	1928	40	84	0	1	1	2	-91	295045	0	0	1596	1478	6,5,6,5
1526382285.678318587	1928	40	84	0	1	1	2	-92	295046	0	0	1596	1478	6,5,6,5
1526382285.697432369	1928	40	84	0	1	1	2	-91	295047	0	0	1596	1478	6,5,6,5
1526382285.709076045	1928	40	84	0	1	1	2	-93	295048	0	0	1596	1478	6,5,6,5
1526382285.724757816	1928	40	84	0	1	1	2	-90	295050	0	0	1596	1478	6,5,6,5
1526382285.766979092	1928	40	84	0	1	1	2	-93	295051	0	0	1596	1478	6,5,6,5
1526382285.768638527	1928	40	84	0	1	1	2	-93	295051	0	0	1596	1478	6,5,6,5
1526382285.779894293	1928	40	84	0	1	1	2	-90	295052	0	0	1596	1478	6,5,6,5
1526382285.781548516	1928	40	84	0	1	1	2	-90	295052	0	0	1596	1478	6,5,6,5
1526382285.832307080	1928	40	84	0	1	1	2	-91	295053	0	0	1596	1478	6,5,6,5
1526382285.834987342	1928	40	84	0	1	1	2	-93	295054	0	0	1596	1478	6,5,6,5
1526382285.836632768	1928	40	84	0	1	1	2	-93	295054	0	0	1596	1478	6,5,6,5
1526382285.839353243	1928	40	84	0	1	1	2	-91	295055	0	0	1596	1478	6,5,6,5
1526382285.841034133	1928	40	84	0	1	1	2	-91	295055	0	0	1596	1478	6,5,6,5
1526382285.843872776	1928	40	84	0	1	1	2	-91	295056	0	0	1596	1478	6,5,6,5
1526382285.846466753	1928	40	84	0	1	1	2	-92	295057	0	0	1596	1478	6,5,6,5
1526382285.855099731	1928	40	84	0	1	1	2	-92	295058	0	0	1596	1478	6,5,6,5
1526382285.875538286	1928	40	84	0	1	1	2	-92	295059	0	0	1596	1478	6,5,6,5
1526382285.880693867	1928	40	84	0	1	1	2	-92	295060	0	0	1596	1478	6,5,6,5
1526382285.890101201	1928	40	84	0	1	1	2	-92	295061	0	0	1596	1478	6,5,6,5
1526382285.922216513	1928	40	84	0	1	1	2	-93	295063	0	0	1596	1478	6,5,6,5
1526382285.922255605	1928	40	84	0	1	1	2	-93	295063	0	0	1596	1478	6,5,6,5
1526382285.996735788	1928	40	84	0	1	1	2	-93	295067	0	0	1596	1478	6,5,6,5
1526382285.996774482	1928	40	84	0	1	1	2	-93	295067	0	0	1596	1478	6,5,6,5
1526382285.999422330	1928	40	84	0	1	1	2	-90	295068	0	0	1596	1478	6,5,6,5
1526382286.001086430	1928	40	84	0	1	1	2	-90	295068	0	0	1596	1478	6,5,6,5
1526382286.003700695	1928	40	84	0	1	1	2	-93	295069	0	0	1596	1478	6,5,6,5
1526382286.005376641	1928	40	84	0	1	1	2	-93	295069	0	0	1596	1478	6,5,6,5
1526382286.008273791	1928	40	84	0	1	1	2	-91	295070	0	0	1596	1478	6,5,6,5
1526382286.009950275	1928	40	84	0	1	1	2	-91	295070	0	0	1596	1478	6,5,6,5
1526382286.026000908	1928	40	84	0	1	1	2	-92	295072	0	0	1596	1478	6,5,6,5
1526382286.031063661	1928	40	84	0	1	1	2	-93	295073	0	0	1596	1478	6,5,6,5
1526382286.043227794	1928	40	84	0	1	1	2	-92	295074	0	0	1596	1478	6,5,6,5
1526382286.103728099	1928	40	84	0	1	1	2	-93	295078	0	0	1596	1478	6,5,6,5
1526382286.105395222	1928	40	84	0	1	1	2	-93	295078	0	0	1596	1478	6,5,6,5
1526382286.108185691	1928	40	84	0	1	1	2	-93	295079	0	0	1596	1478	6,5,6,5
1526382286.109802668	1928	40	84	0	1	1	2	-93	295079	0	0	1596	1478	6,5,6,5
1526382286.112138990	1928	40	84	0	1	1	2	-91	295080	0	0	1596	1478	6,5,6,5
1526382286.114727195	1928	40	84	0	1	1	2	-90	295081	0	0	1596	1478	6,5,6,5
1526382286.125247178	1928	40	84	0	1	1	2	-93	295082	0	0	1596	1478	6,5,6,5
1526382286.179140629	1928	40	84	0	1	1	2	-90	295085	0	0	1596	1478	6,5,6,5
1526382286.294794568	1928	40	84	0	1	1	2	-91	295089	0	0	1596	1478	6,5,6,5
1526382286.296349817	1928	40	84	0	1	1	2	-91	295089	0	0	1596	1478	6,5,6,5
1526382286.298875064	1928	40	84	0	1	1	2	-93	295090	0	0	1596	1478	6,5,6,5
1526382286.300524312	1928	40	84	0	1	1	2	-93	295090	0	0	1596	1478	6,5,6,5
1526382286.303580231	1928	40	84	0	1	1	2	-93	295091	0	0	1596	1478	6,5,6,5
1526382286.305236861	1928	40	84	0	1	1	2	-93	295091	0	0	1596	1478	6,5,6,5
1526382286.307805187	1928	40	84	0	1	1	2	-92	295092	0	0	1596	1478	6,5,6,5
1526382286.309503566	1928	40	84	0	1	1	2	-92	295092	0	0	1596	1478	6,5,6,5
1526382286.316652107	1928	40	84	0	1	1	2	-92	295093	0	0	1596	1478	6,5,6,5
1526382286.318275594	1928	40	84	0	1	1	2	-92	295093	0	0	1596	1478	6,5,6,5
1526382286.321205337	1928	40	84	0	1	1	2	-92	295094	0	0	1596	1478	6,5,6,5
1526382286.322762047	1928	40	84	0	1	1	2	-92	295094	0	0	1596	1478	6,5,6,5
1526382286.330905763	1928	40	84	0	1	1	2	-92	295095	0	0	1596	1478	6,5,6,5
1526382286.332619876	1928	40	84	0	1	1	2	-92	295095	0	0	1596	1478	6,5,6,5
1526382286.339123500	1928	40	84	0	1	1	2	-94	295096	0	0	1596	1478	6,5,6,5
1526382286.340759323	1928	40	84	0	1	1	2	-94	295096	0	0	1596	1478	6,5,6,5
1526382286.376058062	1928	40	84	0	1	1	2	-92	295098	0	0	1596	1478	6,5,6,5
1526382286.377725023	1928	40	84	0	1	1	2	-92	295098	0	0	1596	1478	6,5,6,5
1526382286.380417023	1928	40	84	0	1	1	2	-91	295099	0	0	1596	1478	6,5,6,5
1526382286.388462102	1928	40	84	0	1	1	2	-92	295101	0	0	1596	1478	6,5,6,5
1526382286.390732228	1928	40	84	0	1	1	2	-93	295102	0	0	1596	1478	6,5,6,5
1526382286.439581978	1928	40	84	0	1	1	2	-93	295105	0	0	1596	1478	6,5,6,5
1526382286.444993951	1928	40	84	0	1	1	2	-90	295106	0	0	1596	1478	6,5,6,5
1526382286.446626804	1928	40	84	0	1	1	2	-90	295106	0	0	1596	1478	6,5,6,5
1526382286.547509094	1928	40	84	0	1	1	2	-91	295112	0	0	1596	1478	6,5,6,5
1526382286.547546510	1928	40	84	0	1	1	2	-91	295112	0	0	1596	1478	6,5,6,5
1526382286.559225534	1928	40	84	0	1	1	2	-91	295114	0	0	1596	1478	6,5,6,5
1526382286.563682700	1928	40	84	0	1	1	2	-93	295115	0	0	1596	1478	6,5,6,5
1526382286.565341795	1928	40	84	0	1	1	2	-93	295115	0	0	1596	1478	6,5,6,5
1526382286.572254305	1928	40	84	0	1	1	2	-93	295116	0	0	1596	1478	6,5,6,5
1526382286.573898230	1928	40	84	0	1	1	2	-93	295116	0	0	1596	1478	6,5,6,5
1526382286.594142396	1928	40	84	0	1	1	2	-91	295118	0	0	1596	1478	6,5,6,5
1526382286.595819776	1928	40	84	0	1	1	2	-91	295118	0	0	1596	1478	6,5,6,5
1526382286.628835790	1928	40	84	0	1	1	2	-92	295119	0	0	1596	1478	6,5,6,5
1526382286.630494237	1928	40	84	0	1	1	2	-92	295119	0	0	1596	1478	6,5,6,5
1526382286.656908150	1928	40	84	0	1	1	2	-91	295120	0	0	1596	1478	6,5,6,5
1526382286.658544675	1928	40	84	0	1	1	2	-91	295120	0	0	1596	1478	6,5,6,5
1526382286.661048500	1928	40	84	0	1	1	2	-90	295121	0	0	1596	1478	6,5,6,5
1526382286.662717221	1928	40	84	0	1	1	2	-90	295121	0	0	1596	1478	6,5,6,5
1526382286.696120682	1928	40	84	0	1	1	2	-92	295122	0	0	1596	1478	6,5,6,5
1526382286.697767537	1928	40	84	0	1	1	2	-92	295122	0	0	1596	1478	6,5,6,5
1526382286.700810007	1928	40	84	0	1	1	2	-92	295123	0	0	1596	1478	6,5,6,5
1526382286.702462424	1928	40	84	0	1	1	2	-92	295123	0	0	1596	1478	6,5,6,5
1526382286.705211530	1928	40	84	0	1	1	2	-91	295124	0	0	1596	1478	6,5,6,5
1526382286.706866444	1928	40	84	0	1	1	2	-91	295124	0	0	1596	1478	6,5,6,5
1526382286.709613043	1928	40	84	0	1	1	2	-93	295125	0	0	1596	1478	6,5,6,5
1526382286.711267871	1928	40	84	0	1	1	2	-93	295125	0	0	1596	1478	6,5,6,5
1526382286.713817184	1928	40	84	0	1	1	2	-92	295126	0	0	1596	1478	6,5,6,5
1526382286.716180068	1928	40	84	0	1	1	2	-92	295127	0	0	1596	1478	6,5,6,5
1526382286.724969976	1928	40	84	0	1	1	2	-91	295128	0	0	1596	1478	6,5,6,5
1526382286.741754769	1928	40	84	0	1	1	2	-91	295129	0	0	1596	1478	6,5,6,5
1526382286.749721744	1928	40	84	0	1	1	2	-94	295130	0	0	1596	1478	6,5,6,5
1526382286.801310375	1928	40	84	0	1	1	2	-91	295132	0	0	1596	1478	6,5,6,5
1526382286.802971245	1928	40	84	0	1	1	2	-91	295132	0	0	1596	1478	6,5,6,5
1526382286.848205361	1928	40	84	0	1	1	2	-90	295133	0	0	1596	1478	6,5,6,5
1526382286.849880703	1928	40	84	0	1	1	2	-90	295133	0	0	1596	1478	6,5,6,5
1526382286.860892768	1928	40	84	0	1	1	2	-91	295134	0	0	1596	1478	6,5,6,5
1526382286.862542108	1928	40	84	0	1	1	2	-91	295134	0	0	1596	1478	6,5,6,5
1526382286.892450116	1928	40	84	0	1	1	2	-92	295135	0	0	1596	1478	6,5,6,5
1526382286.894103896	1928	40	84	0	1	1	2	-92	295135	0	0	1596	1478	6,5,6,5
1526382286.909608149	1928	40	84	0	1	1	2	-93	295136	0	0	1596	1478	6,5,6,5
1526382286.911261045	1928	40	84	0	1	1	2	-93	295136	0	0	1596	1478	6,5,6,5
1526382286.914001528	1928	40	84	0	1	1	2	-92	295137	0	0	1596	1478	6,5,6,5
1526382286.915743119	1928	40	84	0	1	1	2	-92	295137	0	0	1596	1478	6,5,6,5
1526382286.922288173	1928	40	84	0	1	1	2	-91	295138	0	0	1596	1478	6,5,6,5
1526382286.923939878	1928	40	84	0	1	1	2	-91	295138	0	0	1596	1478	6,5,6,5
1526382286.926564106	1928	40	84	0	1	1	2	-91	295139	0	0	1596	1478	6,5,6,5
1526382286.936934808	1928	40	84	0	1	1	2	-91	295140	0	0	1596	1478	6,5,6,5
1526382286.948420355	1928	40	84	0	1	1	2	-91	295141	0	0	1596	1478	6,5,6,5
1526382286.960235850	1928	40	84	0	1	1	2	-90	295142	0	0	1596	1478	6,5,6,5
1526382286.973263152	1928	40	84	0	1	1	2	-92	295143	0	0	1596	1478	6,5,6,5
1526382286.988400652	1928	40	84	0	1	1	2	-92	295144	0	0	1596	1478	6,5,6,5
1526382286.995429744	1928	40	84	0	1	1	2	-90	295145	0	0	1596	1478	6,5,6,5
1526382287.009441736	1928	40	84	0	1	1	2	-94	295147	0	0	1596	1478	6,5,6,5
1526382287.019216514	1928	40	84	0	1	1	2	-92	295148	0	0	1596	1478	6,5,6,5
1526382287.031192542	1928	40	84	0	1	1	2	-92	295149	0	0	1596	1478	6,5,6,5
1526382287.042594605	1928	40	84	0	1	1	2	-91	295150	0	0	1596	1478	6,5,6,5
1526382287.054169896	1928	40	84	0	1	1	2	-92	295151	0	0	1596	1478	6,5,6,5
1526382287.065833325	1928	40	84	0	1	1	2	-90	295152	0	0	1596	1478	6,5,6,5
1526382287.077733552	1928	40	84	0	1	1	2	-90	295153	0	0	1596	1478	6,5,6,5
1526382287.091669156	1928	40	84	0	1	1	2	-90	295154	0	0	1596	1478	6,5,6,5
1526382287.101224102	1928	40	84	0	1	1	2	-91	295155	0	0	1596	1478	6,5,6,5
1526382287.113180232	1928	40	84	0	1	1	2	-92	295156	0	0	1596	1478	6,5,6,5
1526382287.124746207	1928	40	84	0	1	1	2	-90	295157	0	0	1596	1478	6,5,6,5
1526382287.142351211	1928	40	84	0	1	1	2	-93	295159	0	0	1596	1478	6,5,6,5
1526382287.150926953	1928	40	84	0	1	1	2	-91	295160	0	0	1596	1478	6,5,6,5
1526382287.164634753	1928	40	84	0	1	1	2	-92	295161	0	0	1596	1478	6,5,6,5
1526382287.171877093	1928	40	84	0	1	1	2	-92	295162	0	0	1596	1478	6,5,6,5
1526382287.185823851	1928	40	84	0	1	1	2	-91	295163	0	0	1596	1478	6,5,6,5
1526382287.195526674	1928	40	84	0	1	1	2	-93	295164	0	0	1596	1478	6,5,6,5
1526382287.211984872	1928	40	84	0	1	1	2	-92	295165	0	0	1596	1478	6,5,6,5
1526382287.218908828	1928	40	84	0	1	1	2	-91	295166	0	0	1596	1478	6,5,6,5
1526382287.233163854	1928	40	84	0	1	1	2	-89	295168	0	0	1596	1478	6,5,6,5
1526382287.242414573	1928	40	84	0	1	1	2	-90	295169	0	0	1596	1478	6,5,6,5
1526382287.268229972	1928	40	84	0	1	1	2	-92	295170	0	0	1596	1478	6,5,6,5
1526382287.269866292	1928	40	84	0	1	1	2	-92	295170	0	0	1596	1478	6,5,6,5
1526382287.280678139	1928	40	84	0	1	1	2	-93	295171	0	0	1596	1478	6,5,6,5
1526382287.291715962	1928	40	84	0	1	1	2	-92	295172	0	0	1596	1478	6,5,6,5
1526382287.315613421	1928	40	84	0	1	1	2	-91	295173	0	0	1596	1478	6,5,6,5
1526382287.317256061	1928	40	84	0	1	1	2	-91	295173	0	0	1596	1478	6,5,6,5
1526382287.326886209	1928	40	84	0	1	1	2	-91	295174	0	0	1596	1478	6,5,6,5
1526382287.336703641	1928	40	84	0	1	1	2	-90	295175	0	0	1596	1478	6,5,6,5
1526382287.355848397	1928	40	84	0	1	1	2	-92	295176	0	0	1596	1478	6,5,6,5
1526382287.358091526	1928	40	84	0	1	1	2	-92	295177	0	0	1596	1478	6,5,6,5
1526382287.368082903	1928	40	84	0	1	1	2	-92	295178	0	0	1596	1478	6,5,6,5
1526382287.387631164	1928	40	84	0	1	1	2	-93	295179	0	0	1596	1478	6,5,6,5
1526382287.390249278	1928	40	84	0	1	1	2	-93	295180	0	0	1596	1478	6,5,6,5
1526382287.395185631	1928	40	84	0	1	1	2	-91	295181	0	0	1596	1478	6,5,6,5
1526382287.409549291	1928	40	84	0	1	1	2	-92	295182	0	0	1596	1478	6,5,6,5
1526382287.434521777	1928	40	84	0	1	1	2	-92	295184	0	0	1596	1478	6,5,6,5
1526382287.453193156	1928	40	84	0	1	1	2	-91	295186	0	0	1596	1478	6,5,6,5
1526382287.475841971	1928	40	84	0	1	1	2	-91	295187	0	0	1596	1478	6,5,6,5
1526382287.477479244	1928	40	84	0	1	1	2	-91	295187	0	0	1596	1478	6,5,6,5
1526382287.479789358	1928	40	84	0	1	1	2	-92	295188	0	0	1596	1478	6,5,6,5
1526382287.487055050	1928	40	84	0	1	1	2	-91	295189	0	0	1596	1478	6,5,6,5
1526382287.501353976	1928	40	84	0	1	1	2	-91	295190	0	0	1596	1478	6,5,6,5
1526382287.510461161	1928	40	84	0	1	1	2	-94	295191	0	0	1596	1478	6,5,6,5
1526382287.530293111	1928	40	84	0	1	1	2	-91	295193	0	0	1596	1478	6,5,6,5
1526382287.531938347	1928	40	84	0	1	1	2	-91	295193	0	0	1596	1478	6,5,6,5
1526382287.541603833	1928	40	84	0	1	1	2	-92	295194	0	0	1596	1478	6,5,6,5
1526382287.567098649	1928	40	84	0	1	1	2	-91	295195	0	0	1596	1478	6,5,6,5
1526382287.568746809	1928	40	84	0	1	1	2	-91	295195	0	0	1596	1478	6,5,6,5
1526382287.571613593	1928	40	84	0	1	1	2	-91	295196	0	0	1596	1478	6,5,6,5
1526382287.591715212	1928	40	84	0	1	1	2	-90	295197	0	0	1596	1478	6,5,6,5
1526382287.615043076	1928	40	84	0	1	1	2	-90	295200	0	0	1596	1478	6,5,6,5
1526382287.616693710	1928	40	84	0	1	1	2	-90	295200	0	0	1596	1478	6,5,6,5
1526382287.627156330	1928	40	84	0	1	1	2	-91	295201	0	0	1596	1478	6,5,6,5
1526382287.637159291	1928	40	84	0	1	1	2	-91	295202	0	0	1596	1478	6,5,6,5
1526382287.642277103	1928	40	84	0	1	1	2	-91	295203	0	0	1596	1478	6,5,6,5
1526382287.654019926	1928	40	84	0	1	1	2	-92	295204	0	0	1596	1478	6,5,6,5
1526382287.665803761	1928	40	84	0	1	1	2	-91	295205	0	0	1596	1478	6,5,6,5
1526382287.679787346	1928	40	84	0	1	1	2	-91	295206	0	0	1596	1478	6,5,6,5
1526382287.693796011	1928	40	84	0	1	1	2	-91	295207	0	0	1596	1478	6,5,6,5
1526382287.703529495	1928	40	84	0	1	1	2	-91	295208	0	0	1596	1478	6,5,6,5
1526382287.712741699	1928	40	84	0	1	1	2	-92	295209	0	0	1596	1478	6,5,6,5
1526382287.724798978	1928	40	84	0	1	1	2	-90	295210	0	0	1596	1478	6,5,6,5
1526382287.738491309	1928	40	84	0	1	1	2	-91	295211	0	0	1596	1478	6,5,6,5
1526382287.749271990	1928	40	84	0	1	1	2	-91	295212	0	0	1596	1478	6,5,6,5
1526382287.761923867	1928	40	84	0	1	1	2	-90	295214	0	0	1596	1478	6,5,6,5
1526382287.771393925	1928	40	84	0	1	1	2	-92	295215	0	0	1596	1478	6,5,6,5
1526382287.783305745	1928	40	84	0	1	1	2	-91	295216	0	0	1596	1478	6,5,6,5
1526382287.796268563	1928	40	84	0	1	1	2	-92	295217	0	0	1596	1478	6,5,6,5
1526382287.811522164	1928	40	84	0	1	1	2	-92	295218	0	0	1596	1478	6,5,6,5
1526382287.818662522	1928	40	84	0	1	1	2	-90	295219	0	0	1596	1478	6,5,6,5
1526382287.830451215	1928	40	84	0	1	1	2	-92	295220	0	0	1596	1478	6,5,6,5
1526382287.842200611	1928	40	84	0	1	1	2	-90	295221	0	0	1596	1478	6,5,6,5
1526382287.853813463	1928	40	84	0	1	1	2	-90	295222	0	0	1596	1478	6,5,6,5
1526382287.866081660	1928	40	84	0	1	1	2	-90	295223	0	0	1596	1478	6,5,6,5
1526382287.881934291	1928	40	84	0	1	1	2	-90	295224	0	0	1596	1478	6,5,6,5
1526382287.889230274	1928	40	84	0	1	1	2	-91	295225	0	0	1596	1478	6,5,6,5
1526382287.900995426	1928	40	84	0	1	1	2	-91	295226	0	0	1596	1478	6,5,6,5
1526382287.915553313	1928	40	84	0	1	1	2	-93	295227	0	0	1596	1478	6,5,6,5
1526382287.931128119	1928	40	84	0	1	1	2	-90	295229	0	0	1596	1478	6,5,6,5
1526382287.938414801	1928	40	84	0	1	1	2	-91	295230	0	0	1596	1478	6,5,6,5
1526382287.948027316	1928	40	84	0	1	1	2	-92	295231	0	0	1596	1478	6,5,6,5
1526382287.969827754	1928	40	84	0	1	1	2	-91	295232	0	0	1596	1478	6,5,6,5
1526382287.972462393	1928	40	84	0	1	1	2	-92	295233	0	0	1596	1478	6,5,6,5
1526382287.985478966	1928	40	84	0	1	1	2	-92	295234	0	0	1596	1478	6,5,6,5
1526382287.995363530	1928	40	84	0	1	1	2	-94	295235	0	0	1596	1478	6,5,6,5
1526382288.006835421	1928	40	84	0	1	1	2	-93	295236	0	0	1596	1478	6,5,6,5
1526382288.020748667	1928	40	84	0	1	1	2	-91	295237	0	0	1596	1478	6,5,6,5
1526382288.030526000	1928	40	84	0	1	1	2	-92	295238	0	0	1596	1478	6,5,6,5
1526382288.042011647	1928	40	84	0	1	1	2	-91	295239	0	0	1596	1478	6,5,6,5
1526382288.063109157	1928	40	84	0	1	1	2	-94	295240	0	0	1596	1478	6,5,6,5
1526382288.073293248	1928	40	84	0	1	1	2	-93	295241	0	0	1596	1478	6,5,6,5
1526382288.079708045	1928	40	84	0	1	1	2	-92	295242	0	0	1596	1478	6,5,6,5
1526382288.088925514	1928	40	84	0	1	1	2	-91	295243	0	0	1596	1478	6,5,6,5
1526382288.121736795	1928	40	84	0	1	1	2	-93	295244	0	0	1596	1478	6,5,6,5
1526382288.123382134	1928	40	84	0	1	1	2	-93	295244	0	0	1596	1478	6,5,6,5
1526382288.130554856	1928	40	84	0	1	1	2	-92	295246	0	0	1596	1478	6,5,6,5
1526382288.136553461	1928	40	84	0	1	1	2	-92	295247	0	0	1596	1478	6,5,6,5
1526382288.147936725	1928	40	84	0	1	1	2	-92	295248	0	0	1596	1478	6,5,6,5
1526382288.159691409	1928	40	84	0	1	1	2	-91	295249	0	0	1596	1478	6,5,6,5
1526382288.173541392	1928	40	84	0	1	1	2	-91	295250	0	0	1596	1478	6,5,6,5
1526382288.183238829	1928	40	84	0	1	1	2	-92	295251	0	0	1596	1478	6,5,6,5
1526382288.195172722	1928	40	84	0	1	1	2	-91	295252	0	0	1596	1478	6,5,6,5
1526382288.208008255	1928	40	84	0	1	1	2	-93	295253	0	0	1596	1478	6,5,6,5
1526382288.218498258	1928	40	84	0	1	1	2	-90	295254	0	0	1596	1478	6,5,6,5
1526382288.230260439	1928	40	84	0	1	1	2	-89	295255	0	0	1596	1478	6,5,6,5
1526382288.241935312	1928	40	84	0	1	1	2	-91	295256	0	0	1596	1478	6,5,6,5
1526382288.255027274	1928	40	84	0	1	1	2	-90	295257	0	0	1596	1478	6,5,6,5
1526382288.265459039	1928	40	84	0	1	1	2	-91	295258	0	0	1596	1478	6,5,6,5
1526382288.277181393	1928	40	84	0	1	1	2	-91	295259	0	0	1596	1478	6,5,6,5
1526382288.289066448	1928	40	84	0	1	1	2	-91	295260	0	0	1596	1478	6,5,6,5
1526382288.300699035	1928	40	84	0	1	1	2	-91	295261	0	0	1596	1478	6,5,6,5
1526382288.312571413	1928	40	84	0	1	1	2	-92	295262	0	0	1596	1478	6,5,6,5
1526382288.326563104	1928	40	84	0	1	1	2	-90	295263	0	0	1596	1478	6,5,6,5
1526382288.335953248	1928	40	84	0	1	1	2	-92	295264	0	0	1596	1478	6,5,6,5
1526382288.347844283	1928	40	84	0	1	1	2	-90	295265	0	0	1596	1478	6,5,6,5
1526382288.363343189	1928	40	84	0	1	1	2	-91	295267	0	0	1596	1478	6,5,6,5
1526382288.371383184	1928	40	84	0	1	1	2	-91	295268	0	0	1596	1478	6,5,6,5
1526382288.383126300	1928	40	84	0	1	1	2	-89	295269	0	0	1596	1478	6,5,6,5
1526382288.394821106	1928	40	84	0	1	1	2	-91	295270	0	0	1596	1478	6,5,6,5
1526382288.406892362	1928	40	84	0	1	1	2	-91	295271	0	0	1596	1478	6,5,6,5
1526382288.418424097	1928	40	84	0	1	1	2	-93	295272	0	0	1596	1478	6,5,6,5
1526382288.430161292	1928	40	84	0	1	1	2	-90	295273	0	0	1596	1478	6,5,6,5
1526382288.441931773	1928	40	84	0	1	1	2	-91	295274	0	0	1596	1478	6,5,6,5
1526382288.453687382	1928	40	84	0	1	1	2	-91	295275	0	0	1596	1478	6,5,6,5
1526382288.465605300	1928	40	84	0	1	1	2	-91	295276	0	0	1596	1478	6,5,6,5
1526382288.477223833	1928	40	84	0	1	1	2	-91	295277	0	0	1596	1478	6,5,6,5
1526382288.488699996	1928	40	84	0	1	1	2	-92	295278	0	0	1596	1478	6,5,6,5
1526382288.502852224	1928	40	84	0	1	1	2	-91	295279	0	0	1596	1478	6,5,6,5
1526382288.514586073	1928	40	84	0	1	1	2	-90	295280	0	0	1596	1478	6,5,6,5
1526382288.527647304	1928	40	84	0	1	1	2	-91	295281	0	0	1596	1478	6,5,6,5
1526382288.535973961	1928	40	84	0	1	1	2	-91	295282	0	0	1596	1478	6,5,6,5
1526382288.547712246	1928	40	84	0	1	1	2	-92	295283	0	0	1596	1478	6,5,6,5
1526382288.568353596	1928	40	84	0	1	1	2	-91	295286	0	0	1596	1478	6,5,6,5
1526382288.571302744	1928	40	84	0	1	1	2	-92	295287	0	0	1596	1478	6,5,6,5
1526382288.585046112	1928	40	84	0	1	1	2	-91	295289	0	0	1596	1478	6,5,6,5
1526382288.594832278	1928	40	84	0	1	1	2	-91	295290	0	0	1596	1478	6,5,6,5
1526382288.608731973	1928	40	84	0	1	1	2	-91	295291	0	0	1596	1478	6,5,6,5
1526382288.618149906	1928	40	84	0	1	1	2	-90	295293	0	0	1596	1478	6,5,6,5
1526382288.636934863	1928	40	84	0	1	1	2	-93	295295	0	0	1596	1478	6,5,6,5
1526382288.646428177	1928	40	84	0	1	1	2	-89	295297	0	0	1596	1478	6,5,6,5
1526382288.654721928	1928	40	84	0	1	1	2	-93	295298	0	0	1596	1478	6,5,6,5
1526382288.665369416	1928	40	84	0	1	1	2	-91	295299	0	0	1596	1478	6,5,6,5
1526382288.677346769	1928	40	84	0	1	1	2	-92	295300	0	0	1596	1478	6,5,6,5
1526382288.688893814	1928	40	84	0	1	1	2	-91	295301	0	0	1596	1478	6,5,6,5
1526382288.704076012	1928	40	84	0	1	1	2	-90	295303	0	0	1596	1478	6,5,6,5
1526382288.712458605	1928	40	84	0	1	1	2	-90	295304	0	0	1596	1478	6,5,6,5
1526382288.726312961	1928	40	84	0	1	1	2	-90	295305	0	0	1596	1478	6,5,6,5
1526382288.735864892	1928	40	84	0	1	1	2	-91	295306	0	0	1596	1478	6,5,6,5
1526382288.747581395	1928	40	84	0	1	1	2	-90	295307	0	0	1596	1478	6,5,6,5
1526382288.759278780	1928	40	84	0	1	1	2	-92	295308	0	0	1596	1478	6,5,6,5
1526382288.773403010	1928	40	84	0	1	1	2	-91	295309	0	0	1596	1478	6,5,6,5
1526382288.782905205	1928	40	84	0	1	1	2	-90	295310	0	0	1596	1478	6,5,6,5
1526382288.794589366	1928	40	84	0	1	1	2	-92	295311	0	0	1596	1478	6,5,6,5
1526382288.806480696	1928	40	84	0	1	1	2	-91	295312	0	0	1596	1478	6,5,6,5
1526382288.818249032	1928	40	84	0	1	1	2	-91	295313	0	0	1596	1478	6,5,6,5
1526382288.829944985	1928	40	84	0	1	1	2	-91	295314	0	0	1596	1478	6,5,6,5
1526382288.841782940	1928	40	84	0	1	1	2	-92	295315	0	0	1596	1478	6,5,6,5
1526382288.853472504	1928	40	84	0	1	1	2	-92	295316	0	0	1596	1478	6,5,6,5
1526382288.869098680	1928	40	84	0	1	1	2	-90	295318	0	0	1596	1478	6,5,6,5
1526382288.879208683	1928	40	84	0	1	1	2	-94	295319	0	0	1596	1478	6,5,6,5
1526382288.888803071	1928	40	84	0	1	1	2	-90	295320	0	0	1596	1478	6,5,6,5
1526382288.902773675	1928	40	84	0	1	1	2	-91	295321	0	0	1596	1478	6,5,6,5
1526382288.914533911	1928	40	84	0	1	1	2	-92	295322	0	0	1596	1478	6,5,6,5
1526382288.924098175	1928	40	84	0	1	1	2	-92	295323	0	0	1596	1478	6,5,6,5
1526382288.937990198	1928	40	84	0	1	1	2	-92	295324	0	0	1596	1478	6,5,6,5
1526382288.947628266	1928	40	84	0	1	1	2	-91	295325	0	0	1596	1478	6,5,6,5
1526382288.959361637	1928	40	84	0	1	1	2	-91	295326	0	0	1596	1478	6,5,6,5
1526382288.971127252	1928	40	84	0	1	1	2	-92	295327	0	0	1596	1478	6,5,6,5
1526382288.983216275	1928	40	84	0	1	1	2	-93	295328	0	0	1596	1478	6,5,6,5
1526382288.994651593	1928	40	84	0	1	1	2	-92	295329	0	0	1596	1478	6,5,6,5
1526382289.006353180	1928	40	84	0	1	1	2	-91	295330	0	0	1596	1478	6,5,6,5
1526382289.020637148	1928	40	84	0	1	1	2	-91	295331	0	0	1596	1478	6,5,6,5
1526382289.031521934	1928	40	84	0	1	1	2	-93	295332	0	0	1596	1478	6,5,6,5
1526382289.046141740	1928	40	84	0	1	1	2	-91	295334	0	0	1596	1478	6,5,6,5
1526382289.053454115	1928	40	84	0	1	1	2	-91	295335	0	0	1596	1478	6,5,6,5
1526382289.065214686	1928	40	84	0	1	1	2	-92	295336	0	0	1596	1478	6,5,6,5
1526382289.078220960	1928	40	84	0	1	1	2	-92	295337	0	0	1596	1478	6,5,6,5
1526382289.096676152	1928	40	84	0	1	1	2	-94	295338	0	0	1596	1478	6,5,6,5
1526382289.104790374	1928	40	84	0	1	1	2	-92	295339	0	0	1596	1478	6,5,6,5
1526382289.122113754	1928	40	84	0	1	1	2	-93	295340	0	0	1596	1478	6,5,6,5
1526382289.131732446	1928	40	84	0	1	1	2	-91	295341	0	0	1596	1478	6,5,6,5
1526382289.135609745	1928	40	84	0	1	1	2	-93	295342	0	0	1596	1478	6,5,6,5
1526382289.149959145	1928	40	84	0	1	1	2	-92	295343	0	0	1596	1478	6,5,6,5
1526382289.161544807	1928	40	84	0	1	1	2	-91	295344	0	0	1596	1478	6,5,6,5
1526382289.173330331	1928	40	84	0	1	1	2	-92	295345	0	0	1596	1478	6,5,6,5
1526382289.182816849	1928	40	84	0	1	1	2	-91	295346	0	0	1596	1478	6,5,6,5
1526382289.198961870	1928	40	84	0	1	1	2	-91	295348	0	0	1596	1478	6,5,6,5
1526382289.207899192	1928	40	84	0	1	1	2	-91	295349	0	0	1596	1478	6,5,6,5
1526382289.218130310	1928	40	84	0	1	1	2	-92	295350	0	0	1596	1478	6,5,6,5
1526382289.232240152	1928	40	84	0	1	1	2	-91	295351	0	0	1596	1478	6,5,6,5
1526382289.246011814	1928	40	84	0	1	1	2	-92	295352	0	0	1596	1478	6,5,6,5
1526382289.257985132	1928	40	84	0	1	1	2	-92	295353	0	0	1596	1478	6,5,6,5
1526382289.265131875	1928	40	84	0	1	1	2	-91	295354	0	0	1596	1478	6,5,6,5
1526382289.281345182	1928	40	84	0	1	1	2	-91	295355	0	0	1596	1478	6,5,6,5
1526382289.297572360	1928	40	84	0	1	1	2	-90	295356	0	0	1596	1478	6,5,6,5
1526382289.302650082	1928	40	84	0	1	1	2	-91	295357	0	0	1596	1478	6,5,6,5
1526382289.314504631	1928	40	84	0	1	1	2	-92	295358	0	0	1596	1478	6,5,6,5
1526382289.323864227	1928	40	84	0	1	1	2	-93	295359	0	0	1596	1478	6,5,6,5
1526382289.338450937	1928	40	84	0	1	1	2	-92	295360	0	0	1596	1478	6,5,6,5
1526382289.347460525	1928	40	84	0	1	1	2	-91	295361	0	0	1596	1478	6,5,6,5
1526382289.359249205	1928	40	84	0	1	1	2	-92	295362	0	0	1596	1478	6,5,6,5
1526382289.370880191	1928	40	84	0	1	1	2	-90	295363	0	0	1596	1478	6,5,6,5
1526382289.383972798	1928	40	84	0	1	1	2	-91	295364	0	0	1596	1478	6,5,6,5
1526382289.396553575	1928	40	84	0	1	1	2	-92	295365	0	0	1596	1478	6,5,6,5
1526382289.415142787	1928	40	84	0	1	1	2	-90	295366	0	0	1596	1478	6,5,6,5
1526382289.420202420	1928	40	84	0	1	1	2	-91	295367	0	0	1596	1478	6,5,6,5
1526382289.429944945	1928	40	84	0	1	1	2	-91	295368	0	0	1596	1478	6,5,6,5
1526382289.441530291	1928	40	84	0	1	1	2	-90	295369	0	0	1596	1478	6,5,6,5
1526382289.453293600	1928	40	84	0	1	1	2	-93	295370	0	0	1596	1478	6,5,6,5
1526382289.474240225	1928	40	84	0	1	1	2	-91	295371	0	0	1596	1478	6,5,6,5
1526382289.486401718	1928	40	84	0	1	1	2	-91	295373	0	0	1596	1478	6,5,6,5
1526382289.491229594	1928	40	84	0	1	1	2	-90	295374	0	0	1596	1478	6,5,6,5
1526382289.502431982	1928	40	84	0	1	1	2	-91	295375	0	0	1596	1478	6,5,6,5
1526382289.512104179	1928	40	84	0	1	1	2	-91	295376	0	0	1596	1478	6,5,6,5
1526382289.526073525	1928	40	84	0	1	1	2	-92	295377	0	0	1596	1478	6,5,6,5
1526382289.535539216	1928	40	84	0	1	1	2	-93	295378	0	0	1596	1478	6,5,6,5
1526382289.554317943	1928	40	84	0	1	1	2	-92	295379	0	0	1596	1478	6,5,6,5
1526382289.559149259	1928	40	84	0	1	1	2	-90	295380	0	0	1596	1478	6,5,6,5
1526382289.574311609	1928	40	84	0	1	1	2	-91	295381	0	0	1596	1478	6,5,6,5
1526382289.582603866	1928	40	84	0	1	1	2	-92	295382	0	0	1596	1478	6,5,6,5
1526382289.594782303	1928	40	84	0	1	1	2	-92	295383	0	0	1596	1478	6,5,6,5
1526382289.608420793	1928	40	84	0	1	1	2	-91	295384	0	0	1596	1478	6,5,6,5
1526382289.621448918	1928	40	84	0	1	1	2	-92	295385	0	0	1596	1478	6,5,6,5
1526382289.629611224	1928	40	84	0	1	1	2	-92	295386	0	0	1596	1478	6,5,6,5
1526382289.646182164	1928	40	84	0	1	1	2	-93	295388	0	0	1596	1478	6,5,6,5
1526382289.656431271	1928	40	84	0	1	1	2	-91	295389	0	0	1596	1478	6,5,6,5
1526382289.669422903	1928	40	84	0	1	1	2	-92	295391	0	0	1596	1478	6,5,6,5
1526382289.681218139	1928	40	84	0	1	1	2	-92	295392	0	0	1596	1478	6,5,6,5
1526382289.688513749	1928	40	84	0	1	1	2	-92	295393	0	0	1596	1478	6,5,6,5
1526382289.700162342	1928	40	84	0	1	1	2	-91	295394	0	0	1596	1478	6,5,6,5
1526382289.718939407	1928	40	84	0	1	1	2	-91	295395	0	0	1596	1478	6,5,6,5
1526382289.725089892	1928	40	84	0	1	1	2	-92	295396	0	0	1596	1478	6,5,6,5
1526382289.740664126	1928	40	84	0	1	1	2	-92	295398	0	0	1596	1478	6,5,6,5
1526382289.749469598	1928	40	84	0	1	1	2	-91	295400	0	0	1596	1478	6,5,6,5
1526382289.759058053	1928	40	84	0	1	1	2	-92	295401	0	0	1596	1478	6,5,6,5
1526382289.776148789	1928	40	84	0	1	1	2	-90	295402	0	0	1596	1478	6,5,6,5
1526382289.782501509	1928	40	84	0	1	1	2	-91	295403	0	0	1596	1478	6,5,6,5
1526382289.794339123	1928	40	84	0	1	1	2	-90	295404	0	0	1596	1478	6,5,6,5
1526382289.806216527	1928	40	84	0	1	1	2	-91	295405	0	0	1596	1478	6,5,6,5
1526382289.820007335	1928	40	84	0	1	1	2	-92	295406	0	0	1596	1478	6,5,6,5
1526382289.829548193	1928	40	84	0	1	1	2	-90	295407	0	0	1596	1478	6,5,6,5
1526382289.841472038	1928	40	84	0	1	1	2	-93	295408	0	0	1596	1478	6,5,6,5
1526382289.853143988	1928	40	84	0	1	1	2	-91	295409	0	0	1596	1478	6,5,6,5
1526382289.864880124	1928	40	84	0	1	1	2	-92	295410	0	0	1596	1478	6,5,6,5
1526382289.876657689	1928	40	84	0	1	1	2	-91	295411	0	0	1596	1478	6,5,6,5
1526382289.894130593	1928	40	84	0	1	1	2	-92	295412	0	0	1596	1478	6,5,6,5
1526382289.900106870	1928	40	84	0	1	1	2	-92	295413	0	0	1596	1478	6,5,6,5
1526382289.911851430	1928	40	84	0	1	1	2	-91	295414	0	0	1596	1478	6,5,6,5
1526382289.923551835	1928	40	84	0	1	1	2	-92	295415	0	0	1596	1478	6,5,6,5
1526382289.937738412	1928	40	84	0	1	1	2	-91	295416	0	0	1596	1478	6,5,6,5
1526382289.947248232	1928	40	84	0	1	1	2	-93	295417	0	0	1596	1478	6,5,6,5
1526382289.958986818	1928	40	84	0	1	1	2	-91	295418	0	0	1596	1478	6,5,6,5
1526382289.970739165	1928	40	84	0	1	1	2	-92	295419	0	0	1596	1478	6,5,6,5
1526382289.982503728	1928	40	84	0	1	1	2	-91	295420	0	0	1596	1478	6,5,6,5
1526382290.000803984	1928	40	84	0	1	1	2	-91	295421	0	0	1596	1478	6,5,6,5
1526382290.006025395	1928	40	84	0	1	1	2	-90	295422	0	0	1596	1478	6,5,6,5
1526382290.017793615	1928	40	84	0	1	1	2	-91	295423	0	0	1596	1478	6,5,6,5
1526382290.030795626	1928	40	84	0	1	1	2	-92	295424	0	0	1596	1478	6,5,6,5
1526382290.037413064	1928	40	84	0	1	1	2	-89	295425	0	0	1596	1478	6,5,6,5
1526382290.041307901	1928	40	84	0	1	1	2	-91	295426	0	0	1596	1478	6,5,6,5
1526382290.055325719	1928	40	84	0	1	1	2	-91	295427	0	0	1596	1478	6,5,6,5
1526382290.064814089	1928	40	84	0	1	1	2	-91	295428	0	0	1596	1478	6,5,6,5
1526382290.079900186	1928	40	84	0	1	1	2	-90	295429	0	0	1596	1478	6,5,6,5
1526382290.088153872	1928	40	84	0	1	1	2	-92	295430	0	0	1596	1478	6,5,6,5
1526382290.100103698	1928	40	84	0	1	1	2	-91	295431	0	0	1596	1478	6,5,6,5
1526382290.111829143	1928	40	84	0	1	1	2	-91	295432	0	0	1596	1478	6,5,6,5
1526382290.123631906	1928	40	84	0	1	1	2	-90	295433	0	0	1596	1478	6,5,6,5
1526382290.135443108	1928	40	84	0	1	1	2	-91	295434	0	0	1596	1478	6,5,6,5
1526382290.151534375	1928	40	84	0	1	1	2	-93	295435	0	0	1596	1478	6,5,6,5
1526382290.158904019	1928	40	84	0	1	1	2	-91	295436	0	0	1596	1478	6,5,6,5
1526382290.172749129	1928	40	84	0	1	1	2	-90	295437	0	0	1596	1478	6,5,6,5
1526382290.182439310	1928	40	84	0	1	1	2	-90	295438	0	0	1596	1478	6,5,6,5
1526382290.194174324	1928	40	84	0	1	1	2	-92	295439	0	0	1596	1478	6,5,6,5
1526382290.205946376	1928	40	84	0	1	1	2	-90	295440	0	0	1596	1478	6,5,6,5
1526382290.217623355	1928	40	84	0	1	1	2	-91	295441	0	0	1596	1478	6,5,6,5
1526382290.229400676	1928	40	84	0	1	1	2	-92	295442	0	0	1596	1478	6,5,6,5
1526382290.242468132	1928	40	84	0	1	1	2	-91	295443	0	0	1596	1478	6,5,6,5
1526382290.252869503	1928	40	84	0	1	1	2	-90	295444	0	0	1596	1478	6,5,6,5
1526382290.264740853	1928	40	84	0	1	1	2	-92	295445	0	0	1596	1478	6,5,6,5
1526382290.276510442	1928	40	84	0	1	1	2	-91	295446	0	0	1596	1478	6,5,6,5
1526382290.288265696	1928	40	84	0	1	1	2	-91	295447	0	0	1596	1478	6,5,6,5
1526382290.306616841	1928	40	84	0	1	1	2	-91	295449	0	0	1596	1478	6,5,6,5
1526382290.311789753	1928	40	84	0	1	1	2	-92	295450	0	0	1596	1478	6,5,6,5
1526382290.323394158	1928	40	84	0	1	1	2	-91	295451	0	0	1596	1478	6,5,6,5
1526382290.337392972	1928	40	84	0	1	1	2	-91	295452	0	0	1596	1478	6,5,6,5
1526382290.347057328	1928	40	84	0	1	1	2	-92	295453	0	0	1596	1478	6,5,6,5
1526382290.358824989	1928	40	84	0	1	1	2	-94	295454	0	0	1596	1478	6,5,6,5
1526382290.370563605	1928	40	84	0	1	1	2	-91	295455	0	0	1596	1478	6,5,6,5
1526382290.386643686	1928	40	84	0	1	1	2	-91	295456	0	0	1596	1478	6,5,6,5
1526382290.394232129	1928	40	84	0	1	1	2	-90	295457	0	0	1596	1478	6,5,6,5
1526382290.412003684	1928	40	84	0	1	1	2	-91	295459	0	0	1596	1478	6,5,6,5
1526382290.419905422	1928	40	84	0	1	1	2	-92	295460	0	0	1596	1478	6,5,6,5
1526382290.429286750	1928	40	84	0	1	1	2	-92	295461	0	0	1596	1478	6,5,6,5
1526382290.443684766	1928	40	84	0	1	1	2	-92	295462	0	0	1596	1478	6,5,6,5
1526382290.456780805	1928	40	84	0	1	1	2	-93	295463	0	0	1596	1478	6,5,6,5
1526382290.464652862	1928	40	84	0	1	1	2	-94	295464	0	0	1596	1478	6,5,6,5
1526382290.478649112	1928	40	84	0	1	1	2	-92	295465	0	0	1596	1478	6,5,6,5
1526382290.488164211	1928	40	84	0	1	1	2	-92	295466	0	0	1596	1478	6,5,6,5
1526382290.499947777	1928	40	84	0	1	1	2	-91	295467	0	0	1596	1478	6,5,6,5
1526382290.511637156	1928	40	84	0	1	1	2	-91	295468	0	0	1596	1478	6,5,6,5
