1532436721.143112522	354	40	48	0	2	0	2	-81	50808	4	0	3130	1478,1478	78,78
1532436721.145389267	249	40	48	0	1	1	2	-78	50809	6	0	1596	1478	58,5,58,5
1532436721.145417245	459	40	48	0	1	1	2	-78	50809	6	0	3130	1478,1478	58,5,58,5
1532436721.145433659	459	40	48	0	1	1	2	-78	50809	6	0	3130	1478,1478	58,5,58,5
1532436721.145440308	459	40	48	0	1	1	2	-78	50809	6	0	3130	1478,1478	58,5,58,5
1532436721.145446568	459	40	48	0	1	1	2	-78	50809	6	0	3130	1478,1478	58,5,58,5
1532436721.145931773	249	40	48	0	1	1	2	-78	50810	6	0	1596	1478	58,5,58,5
1532436721.156749366	249	40	48	0	1	1	2	-78	50811	6	0	1596	1478	58,5,58,5
1532436721.207749214	459	40	48	0	1	1	2	-78	50812	6	0	3130	1478,1478	58,5,58,5
1532436721.207795818	459	40	48	0	1	1	2	-78	50812	6	0	3130	1478,1478	58,5,58,5
1532436721.215656640	249	40	48	0	1	1	2	-78	50813	6	0	1596	1478	58,5,58,5
1532436721.255584854	459	40	48	0	1	1	2	-78	50814	6	0	3130	1478,1478	58,5,58,5
1532436721.255628303	249	40	48	0	1	1	2	-78	50814	6	0	1596	1478	58,5,58,5
1532436721.262444281	249	40	48	0	1	1	2	-78	50815	6	0	1596	1478	58,5,58,5
1532436721.262974103	249	40	48	0	1	1	2	-78	50816	6	0	1596	1478	58,5,58,5
1532436721.274176256	249	40	48	0	1	1	2	-79	50817	6	0	1596	1478	58,5,58,5
1532436721.285905715	228	40	48	0	1	1	2	-79	50818	7	0	1596	1478	65,65
1532436721.297694977	249	40	48	0	1	1	2	-79	50819	6	0	1596	1478	58,5,58,5
1532436721.309505827	249	40	48	0	1	1	2	-79	50820	6	0	1596	1478	58,5,58,5
1532436721.321265236	249	40	48	0	1	1	2	-78	50821	6	0	1596	1478	58,5,58,5
1532436721.333108409	249	40	48	0	1	1	2	-78	50822	6	0	1596	1478	58,5,58,5
1532436721.344845602	228	40	48	0	1	1	2	-78	50823	7	0	1596	1478	65,65
1532436721.356603451	209	40	48	1	1	1	2	-78	50824	7	0	1596	1478	72,2222,72,2222
1532436721.368268203	209	40	48	1	1	1	2	-76	50825	7	0	1596	1478	72,2222,72,2222
1532436721.380112365	209	40	48	1	1	1	2	-77	50826	7	0	1596	1478	72,2222,72,2222
1532436721.391896918	209	40	48	1	1	1	2	-77	50827	7	0	1596	1478	72,2222,72,2222
1532436721.405739022	249	40	48	0	1	1	2	-78	50829	6	0	1596	1478	58,5,58,5
1532436721.415437041	249	40	48	0	1	1	2	-77	50831	6	0	1596	1478	58,5,58,5
1532436721.427201309	249	40	48	0	1	1	2	-79	50832	6	0	1596	1478	58,5,58,5
1532436721.438959929	249	40	48	0	1	1	2	-78	50833	6	0	1596	1478	58,5,58,5
1532436721.450595615	249	40	48	0	1	1	2	-78	50834	6	0	1596	1478	58,5,58,5
1532436721.462465554	249	40	48	0	1	1	2	-78	50835	6	0	1596	1478	58,5,58,5
1532436721.474143820	249	40	48	0	1	1	2	-79	50836	6	0	1596	1478	58,5,58,5
1532436721.485899702	249	40	48	0	1	1	2	-78	50837	6	0	1596	1478	58,5,58,5
1532436721.498121958	249	40	48	0	1	1	2	-78	50838	6	0	1596	1478	58,5,58,5
1532436721.509905952	249	40	48	0	1	1	2	-78	50840	6	0	1596	1478	58,5,58,5
1532436721.521174792	249	40	48	0	1	1	2	-78	50841	6	0	1596	1478	58,5,58,5
1532436721.532940128	249	40	48	0	1	1	2	-77	50842	6	0	1596	1478	58,5,58,5
1532436721.544698805	249	40	48	0	1	1	2	-77	50843	6	0	1596	1478	58,5,58,5
1532436721.556426837	249	40	48	0	1	1	2	-77	50844	6	0	1596	1478	58,5,58,5
1532436721.568191628	228	40	48	0	1	1	2	-78	50845	7	0	1596	1478	65,65
1532436721.579972998	249	40	48	0	1	1	2	-78	50846	6	0	1596	1478	58,5,58,5
1532436721.591726080	249	40	48	0	1	1	2	-78	50847	6	0	1596	1478	58,5,58,5
1532436721.603489366	249	40	48	0	1	1	2	-78	50848	6	0	1596	1478	58,5,58,5
1532436721.615346811	249	40	48	0	1	1	2	-78	50849	6	0	1596	1478	58,5,58,5
1532436721.627098900	228	40	48	0	1	1	2	-77	50850	7	0	1596	1478	65,65
1532436721.638955161	249	40	48	0	1	1	2	-77	50851	6	0	1596	1478	58,5,58,5
1532436721.650742333	249	40	48	0	1	1	2	-77	50852	6	0	1596	1478	58,5,58,5
1532436721.662514811	249	40	48	0	1	1	2	-77	50853	6	0	1596	1478	58,5,58,5
1532436721.674267213	249	40	48	0	1	1	2	-76	50854	6	0	1596	1478	58,5,58,5
1532436721.686506309	249	40	48	0	1	1	2	-77	50856	6	0	1596	1478	58,5,58,5
1532436721.697766022	249	40	48	0	1	1	2	-77	50857	6	0	1596	1478	58,5,58,5
1532436721.709551310	249	40	48	0	1	1	2	-77	50858	6	0	1596	1478	58,5,58,5
1532436721.721914962	249	40	48	0	1	1	2	-77	50859	6	0	1596	1478	58,5,58,5
1532436721.733129297	197	40	48	0	2	0	2	-80	50860	4	0	1596	1478	78,78
1532436721.744825210	249	40	48	0	1	1	2	-78	50861	6	0	1596	1478	58,5,58,5
1532436721.756598647	249	40	48	0	1	1	2	-78	50862	6	0	1596	1478	58,5,58,5
1532436721.768327141	249	40	48	0	1	1	2	-79	50863	6	0	1596	1478	58,5,58,5
1532436721.780100413	249	40	48	0	1	1	2	-78	50864	6	0	1596	1478	58,5,58,5
1532436721.780630929	249	40	48	0	1	1	2	-78	50865	6	0	1596	1478	58,5,58,5
1532436721.791845303	249	40	48	0	1	1	2	-79	50866	6	0	1596	1478	58,5,58,5
1532436721.792384040	249	40	48	0	1	1	2	-79	50867	6	0	1596	1478	58,5,58,5
1532436721.803630370	249	40	48	0	1	1	2	-79	50868	6	0	1596	1478	58,5,58,5
1532436721.815394470	249	40	48	0	1	1	2	-79	50869	6	0	1596	1478	58,5,58,5
1532436721.827171563	249	40	48	0	1	1	2	-78	50870	6	0	1596	1478	58,5,58,5
1532436721.838850694	249	40	48	0	1	1	2	-78	50871	6	0	1596	1478	58,5,58,5
1532436721.850637905	228	40	48	0	1	1	2	-78	50872	7	0	1596	1478	65,65
1532436721.862431966	249	40	48	0	1	1	2	-78	50873	6	0	1596	1478	58,5,58,5
1532436721.874113890	249	40	48	0	1	1	2	-77	50874	6	0	1596	1478	58,5,58,5
1532436721.885956100	249	40	48	0	1	1	2	-77	50875	6	0	1596	1478	58,5,58,5
1532436721.897704370	249	40	48	0	1	1	2	-77	50876	6	0	1596	1478	58,5,58,5
1532436721.909445051	228	40	48	0	1	1	2	-77	50877	7	0	1596	1478	65,65
1532436721.921178851	209	40	48	1	1	1	2	-77	50878	7	0	1596	1478	72,2222,72,2222
1532436721.933430001	209	40	48	1	1	1	2	-77	50879	7	0	1596	1478	72,2222,72,2222
1532436721.944696954	209	40	48	1	1	1	2	-77	50880	7	0	1596	1478	72,2222,72,2222
1532436721.956465389	209	40	48	1	1	1	2	-76	50881	7	0	1596	1478	72,2222,72,2222
1532436721.968664029	209	40	48	1	1	1	2	-77	50882	7	0	1596	1478	72,2222,72,2222
1532436721.979984875	209	40	48	1	1	1	2	-77	50883	7	0	1596	1478	72,2222,72,2222
1532436721.991750897	209	40	48	1	1	1	2	-76	50884	7	0	1596	1478	72,2222,72,2222
1532436722.003480382	209	40	48	1	1	1	2	-77	50885	7	0	1596	1478	72,2222,72,2222
1532436722.015245248	197	40	48	0	2	0	2	-80	50886	4	0	1596	1478	78,78
1532436722.027033286	209	40	48	1	1	1	2	-76	50887	7	0	1596	1478	72,2222,72,2222
1532436722.038788630	209	40	48	1	1	1	2	-76	50888	7	0	1596	1478	72,2222,72,2222
1532436722.050540600	209	40	48	1	1	1	2	-77	50889	7	0	1596	1478	72,2222,72,2222
1532436722.062307136	209	40	48	1	1	1	2	-77	50890	7	0	1596	1478	72,2222,72,2222
1532436722.073973752	209	40	48	1	1	1	2	-77	50891	7	0	1596	1478	72,2222,72,2222
1532436722.085701949	209	40	48	1	1	1	2	-77	50892	7	0	1596	1478	72,2222,72,2222
1532436722.097579755	209	40	48	1	1	1	2	-78	50893	7	0	1596	1478	72,2222,72,2222
1532436722.109347190	209	40	48	1	1	1	2	-77	50894	7	0	1596	1478	72,2222,72,2222
1532436722.121019403	209	40	48	1	1	1	2	-78	50895	7	0	1596	1478	72,2222,72,2222
1532436722.133295232	209	40	48	1	1	1	2	-77	50896	7	0	1596	1478	72,2222,72,2222
1532436722.144626811	209	40	48	1	1	1	2	-78	50897	7	0	1596	1478	72,2222,72,2222
1532436722.156414122	209	40	48	1	1	1	2	-78	50898	7	0	1596	1478	72,2222,72,2222
1532436722.168132636	209	40	48	1	1	1	2	-77	50899	7	0	1596	1478	72,2222,72,2222
1532436722.179892060	197	40	48	0	2	0	2	-81	50900	4	0	1596	1478	78,78
1532436722.191683541	209	40	48	1	1	1	2	-77	50901	7	0	1596	1478	72,2222,72,2222
1532436722.203439882	209	40	48	1	1	1	2	-77	50902	7	0	1596	1478	72,2222,72,2222
1532436722.215128711	209	40	48	1	1	1	2	-77	50903	7	0	1596	1478	72,2222,72,2222
1532436722.226816542	209	40	48	1	1	1	2	-77	50904	7	0	1596	1478	72,2222,72,2222
1532436722.238615029	209	40	48	1	1	1	2	-77	50905	7	0	1596	1478	72,2222,72,2222
1532436722.250866463	209	40	48	1	1	1	2	-77	50907	7	0	1596	1478	72,2222,72,2222
1532436722.262119270	209	40	48	1	1	1	2	-77	50908	7	0	1596	1478	72,2222,72,2222
1532436722.273816357	209	40	48	1	1	1	2	-76	50909	7	0	1596	1478	72,2222,72,2222
1532436722.285629493	209	40	48	1	1	1	2	-77	50910	7	0	1596	1478	72,2222,72,2222
1532436722.297861406	209	40	48	1	1	1	2	-77	50911	7	0	1596	1478	72,2222,72,2222
1532436722.309160719	209	40	48	1	1	1	2	-77	50912	7	0	1596	1478	72,2222,72,2222
1532436722.320974240	209	40	48	1	1	1	2	-77	50913	7	0	1596	1478	72,2222,72,2222
1532436722.332663306	209	40	48	1	1	1	2	-78	50914	7	0	1596	1478	72,2222,72,2222
1532436722.344336256	197	40	48	0	2	0	2	-80	50915	4	0	1596	1478	78,78
1532436722.356173576	209	40	48	1	1	1	2	-78	50916	7	0	1596	1478	72,2222,72,2222
1532436722.368039733	209	40	48	1	1	1	2	-78	50917	7	0	1596	1478	72,2222,72,2222
1532436722.379801130	209	40	48	1	1	1	2	-78	50918	7	0	1596	1478	72,2222,72,2222
1532436722.391578386	209	40	48	1	1	1	2	-78	50919	7	0	1596	1478	72,2222,72,2222
1532436722.403360556	209	40	48	1	1	1	2	-77	50920	7	0	1596	1478	72,2222,72,2222
1532436722.415102848	209	40	48	1	1	1	2	-78	50921	7	0	1596	1478	72,2222,72,2222
1532436722.427390949	209	40	48	1	1	1	2	-78	50923	7	0	1596	1478	72,2222,72,2222
1532436722.438731621	209	40	48	1	1	1	2	-77	50924	7	0	1596	1478	72,2222,72,2222
1532436722.450362061	209	40	48	1	1	1	2	-78	50925	7	0	1596	1478	72,2222,72,2222
1532436722.462527859	209	40	48	1	1	1	2	-77	50926	7	0	1596	1478	72,2222,72,2222
1532436722.473819342	209	40	48	1	1	1	2	-77	50927	7	0	1596	1478	72,2222,72,2222
1532436722.485678762	209	40	48	1	1	1	2	-76	50928	7	0	1596	1478	72,2222,72,2222
1532436722.497444818	209	40	48	1	1	1	2	-77	50929	7	0	1596	1478	72,2222,72,2222
1532436722.509177167	197	40	48	0	2	0	2	-79	50930	4	0	1596	1478	78,78
1532436722.522802795	209	40	48	1	1	1	2	-76	50935	7	0	1596	1478	72,2222,72,2222
1532436722.532694827	209	40	48	1	1	1	2	-76	50936	7	0	1596	1478	72,2222,72,2222
1532436722.544461261	209	40	48	1	1	1	2	-75	50937	7	0	1596	1478	72,2222,72,2222
1532436722.556139618	209	40	48	1	1	1	2	-75	50938	7	0	1596	1478	72,2222,72,2222
1532436722.567959549	209	40	48	1	1	1	2	-75	50939	7	0	1596	1478	72,2222,72,2222
1532436722.579664840	209	40	48	1	1	1	2	-76	50940	7	0	1596	1478	72,2222,72,2222
1532436722.591383325	209	40	48	1	1	1	2	-75	50941	7	0	1596	1478	72,2222,72,2222
1532436722.603258150	209	40	48	1	1	1	2	-75	50942	7	0	1596	1478	72,2222,72,2222
1532436722.615486572	209	40	48	1	1	1	2	-76	50944	7	0	1596	1478	72,2222,72,2222
1532436722.626790112	209	40	48	1	1	1	2	-76	50945	7	0	1596	1478	72,2222,72,2222
1532436722.638543449	209	40	48	1	1	1	2	-76	50946	7	0	1596	1478	72,2222,72,2222
1532436722.650318564	209	40	48	1	1	1	2	-76	50947	7	0	1596	1478	72,2222,72,2222
1532436722.662531569	209	40	48	1	1	1	2	-76	50948	7	0	1596	1478	72,2222,72,2222
1532436722.673761673	209	40	48	1	1	1	2	-76	50949	7	0	1596	1478	72,2222,72,2222
1532436722.685484426	209	40	48	1	1	1	2	-77	50950	7	0	1596	1478	72,2222,72,2222
1532436722.697241697	209	40	48	1	1	1	2	-77	50951	7	0	1596	1478	72,2222,72,2222
1532436722.709105851	209	40	48	1	1	1	2	-76	50952	7	0	1596	1478	72,2222,72,2222
1532436722.720865642	209	40	48	1	1	1	2	-77	50953	7	0	1596	1478	72,2222,72,2222
1532436722.732626187	209	40	48	1	1	1	2	-77	50954	7	0	1596	1478	72,2222,72,2222
1532436722.744273301	209	40	48	1	1	1	2	-78	50955	7	0	1596	1478	72,2222,72,2222
1532436722.756154282	209	40	48	1	1	1	2	-77	50956	7	0	1596	1478	72,2222,72,2222
1532436722.767906094	209	40	48	1	1	1	2	-77	50957	7	0	1596	1478	72,2222,72,2222
1532436722.779665567	209	40	48	1	1	1	2	-77	50958	7	0	1596	1478	72,2222,72,2222
1532436722.791416943	209	40	48	1	1	1	2	-77	50959	7	0	1596	1478	72,2222,72,2222
1532436722.803189653	209	40	48	1	1	1	2	-77	50960	7	0	1596	1478	72,2222,72,2222
1532436722.814958735	209	40	48	1	1	1	2	-77	50961	7	0	1596	1478	72,2222,72,2222
1532436722.827183511	209	40	48	1	1	1	2	-77	50962	7	0	1596	1478	72,2222,72,2222
1532436722.838457627	209	40	48	1	1	1	2	-76	50963	7	0	1596	1478	72,2222,72,2222
1532436722.850238337	209	40	48	1	1	1	2	-76	50964	7	0	1596	1478	72,2222,72,2222
1532436722.861990763	209	40	48	1	1	1	2	-76	50965	7	0	1596	1478	72,2222,72,2222
1532436722.873638215	197	40	48	0	2	0	2	-79	50966	4	0	1596	1478	78,78
1532436722.885512915	209	40	48	1	1	1	2	-76	50967	7	0	1596	1478	72,2222,72,2222
1532436722.897287025	209	40	48	1	1	1	2	-76	50968	7	0	1596	1478	72,2222,72,2222
1532436722.909011483	209	40	48	1	1	1	2	-76	50969	7	0	1596	1478	72,2222,72,2222
1532436722.920658480	209	40	48	1	1	1	2	-76	50970	7	0	1596	1478	72,2222,72,2222
1532436722.932497159	209	40	48	1	1	1	2	-77	50971	7	0	1596	1478	72,2222,72,2222
1532436722.944214413	209	40	48	1	1	1	2	-76	50972	7	0	1596	1478	72,2222,72,2222
1532436722.956055190	209	40	48	1	1	1	2	-76	50973	7	0	1596	1478	72,2222,72,2222
1532436722.967721268	209	40	48	1	1	1	2	-77	50974	7	0	1596	1478	72,2222,72,2222
1532436722.979588361	209	40	48	1	1	1	2	-76	50975	7	0	1596	1478	72,2222,72,2222
1532436722.991789970	209	40	48	1	1	1	2	-76	50976	7	0	1596	1478	72,2222,72,2222
1532436723.003122382	209	40	48	1	1	1	2	-76	50977	7	0	1596	1478	72,2222,72,2222
1532436723.014865775	209	40	48	1	1	1	2	-77	50978	7	0	1596	1478	72,2222,72,2222
1532436723.026554333	209	40	48	1	1	1	2	-77	50979	7	0	1596	1478	72,2222,72,2222
1532436723.038374366	197	40	48	0	2	0	2	-78	50980	4	0	1596	1478	78,78
1532436723.050673856	209	40	48	1	1	1	2	-77	50982	7	0	1596	1478	72,2222,72,2222
1532436723.061812363	209	40	48	1	1	1	2	-78	50983	7	0	1596	1478	72,2222,72,2222
1532436723.073666525	209	40	48	1	1	1	2	-77	50984	7	0	1596	1478	72,2222,72,2222
1532436723.085433531	209	40	48	1	1	1	2	-76	50985	7	0	1596	1478	72,2222,72,2222
1532436723.097120271	209	40	48	1	1	1	2	-77	50986	7	0	1596	1478	72,2222,72,2222
1532436723.108828784	209	40	48	1	1	1	2	-76	50987	7	0	1596	1478	72,2222,72,2222
1532436723.120711306	209	40	48	1	1	1	2	-77	50988	7	0	1596	1478	72,2222,72,2222
1532436723.132477296	209	40	48	1	1	1	2	-77	50989	7	0	1596	1478	72,2222,72,2222
1532436723.145304390	209	40	48	1	1	1	2	-78	50991	7	0	1596	1478	72,2222,72,2222
1532436723.155970893	209	40	48	1	1	1	2	-78	50992	7	0	1596	1478	72,2222,72,2222
1532436723.167670763	209	40	48	1	1	1	2	-77	50993	7	0	1596	1478	72,2222,72,2222
1532436723.179350394	209	40	48	1	1	1	2	-77	50994	7	0	1596	1478	72,2222,72,2222
1532436723.191173687	197	40	48	0	2	0	2	-80	50995	4	0	1596	1478	78,78
1532436723.202804221	209	40	48	1	1	1	2	-77	50996	7	0	1596	1478	72,2222,72,2222
1532436723.214680627	209	40	48	1	1	1	2	-76	50997	7	0	1596	1478	72,2222,72,2222
1532436723.226451738	209	40	48	1	1	1	2	-76	50998	7	0	1596	1478	72,2222,72,2222
1532436723.238201495	209	40	48	1	1	1	2	-75	50999	7	0	1596	1478	72,2222,72,2222
1532436723.249968025	209	40	48	1	1	1	2	-75	51000	7	0	1596	1478	72,2222,72,2222
1532436723.261711635	209	40	48	1	1	1	2	-75	51001	7	0	1596	1478	72,2222,72,2222
1532436723.262212289	209	40	48	1	1	1	2	-76	51002	7	0	1596	1478	72,2222,72,2222
1532436723.273489646	209	40	48	1	1	1	2	-76	51003	7	0	1596	1478	72,2222,72,2222
1532436723.285231120	209	40	48	1	1	1	2	-76	51004	7	0	1596	1478	72,2222,72,2222
1532436723.297015969	209	40	48	1	1	1	2	-76	51005	7	0	1596	1478	72,2222,72,2222
1532436723.309250622	209	40	48	1	1	1	2	-75	51006	7	0	1596	1478	72,2222,72,2222
1532436723.320510995	209	40	48	1	1	1	2	-75	51007	7	0	1596	1478	72,2222,72,2222
1532436723.332712572	209	40	48	1	1	1	2	-76	51009	7	0	1596	1478	72,2222,72,2222
1532436723.345860544	197	40	48	0	2	0	2	-79	51013	4	0	1596	1478	78,78
1532436723.355778816	197	40	48	0	2	0	2	-79	51014	4	0	1596	1478	78,78
1532436723.367546312	197	40	48	0	2	0	2	-79	51015	4	0	1596	1478	78,78
1532436723.379207761	197	40	48	0	2	0	2	-78	51016	4	0	1596	1478	78,78
1532436723.391071398	197	40	48	0	2	0	2	-78	51017	4	0	1596	1478	78,78
1532436723.402839500	197	40	48	0	2	0	2	-79	51018	4	0	1596	1478	78,78
1532436723.414663830	197	40	48	0	2	0	2	-79	51019	4	0	1596	1478	78,78
1532436723.426440608	197	40	48	0	2	0	2	-78	51020	4	0	1596	1478	78,78
1532436723.440444914	249	40	48	0	1	1	2	-75	51021	6	0	1596	1478	58,5,58,5
1532436723.449924095	249	40	48	0	1	1	2	-75	51022	6	0	1596	1478	58,5,58,5
1532436723.461709235	249	40	48	0	1	1	2	-76	51023	6	0	1596	1478	58,5,58,5
1532436723.473468497	249	40	48	0	1	1	2	-77	51024	6	0	1596	1478	58,5,58,5
1532436723.485310553	249	40	48	0	1	1	2	-76	51025	6	0	1596	1478	58,5,58,5
1532436723.497089295	249	40	48	0	1	1	2	-76	51026	6	0	1596	1478	58,5,58,5
1532436723.508807599	249	40	48	0	1	1	2	-76	51027	6	0	1596	1478	58,5,58,5
1532436723.520591861	249	40	48	0	1	1	2	-76	51028	6	0	1596	1478	58,5,58,5
1532436723.532319182	228	40	48	0	1	1	2	-76	51029	7	0	1596	1478	65,65
1532436723.532822373	249	40	48	0	1	1	2	-76	51030	6	0	1596	1478	58,5,58,5
1532436723.544116512	249	40	48	0	1	1	2	-76	51031	6	0	1596	1478	58,5,58,5
1532436723.555880322	249	40	48	0	1	1	2	-76	51032	6	0	1596	1478	58,5,58,5
1532436723.567632796	249	40	48	0	1	1	2	-75	51033	6	0	1596	1478	58,5,58,5
1532436723.579400488	249	40	48	0	1	1	2	-76	51034	6	0	1596	1478	58,5,58,5
1532436723.591137816	249	40	48	0	1	1	2	-76	51035	6	0	1596	1478	58,5,58,5
1532436723.602836539	249	40	48	0	1	1	2	-77	51036	6	0	1596	1478	58,5,58,5
1532436723.614553843	249	40	48	0	1	1	2	-76	51037	6	0	1596	1478	58,5,58,5
1532436723.626386104	197	40	48	0	2	0	2	-78	51038	4	0	1596	1478	78,78
1532436723.638214142	249	40	48	0	1	1	2	-76	51039	6	0	1596	1478	58,5,58,5
1532436723.649950342	249	40	48	0	1	1	2	-76	51040	6	0	1596	1478	58,5,58,5
1532436723.661673171	249	40	48	0	1	1	2	-76	51041	6	0	1596	1478	58,5,58,5
1532436723.673383535	249	40	48	0	1	1	2	-76	51042	6	0	1596	1478	58,5,58,5
1532436723.685133212	249	40	48	0	1	1	2	-76	51043	6	0	1596	1478	58,5,58,5
1532436723.696875089	228	40	48	0	1	1	2	-75	51044	7	0	1596	1478	65,65
1532436723.708724969	249	40	48	0	1	1	2	-75	51045	6	0	1596	1478	58,5,58,5
1532436723.720379515	249	40	48	0	1	1	2	-76	51046	6	0	1596	1478	58,5,58,5
1532436723.732295287	249	40	48	0	1	1	2	-76	51047	6	0	1596	1478	58,5,58,5
1532436723.744016084	249	40	48	0	1	1	2	-75	51048	6	0	1596	1478	58,5,58,5
1532436723.755757500	228	40	48	0	1	1	2	-77	51049	7	0	1596	1478	65,65
1532436723.767555708	249	40	48	0	1	1	2	-77	51050	6	0	1596	1478	58,5,58,5
1532436723.779313795	249	40	48	0	1	1	2	-76	51051	6	0	1596	1478	58,5,58,5
1532436723.791086135	249	40	48	0	1	1	2	-76	51052	6	0	1596	1478	58,5,58,5
1532436723.802871104	249	40	48	0	1	1	2	-77	51053	6	0	1596	1478	58,5,58,5
1532436723.814608697	228	40	48	0	1	1	2	-78	51054	7	0	1596	1478	65,65
1532436723.826353127	249	40	48	0	1	1	2	-77	51055	6	0	1596	1478	58,5,58,5
1532436723.838117779	249	40	48	0	1	1	2	-77	51056	6	0	1596	1478	58,5,58,5
1532436723.849808001	249	40	48	0	1	1	2	-77	51057	6	0	1596	1478	58,5,58,5
1532436723.861626020	249	40	48	0	1	1	2	-77	51058	6	0	1596	1478	58,5,58,5
1532436723.873899462	249	40	48	0	1	1	2	-78	51060	6	0	1596	1478	58,5,58,5
1532436723.885166374	249	40	48	0	1	1	2	-78	51061	6	0	1596	1478	58,5,58,5
1532436723.896894432	249	40	48	0	1	1	2	-79	51062	6	0	1596	1478	58,5,58,5
1532436723.908676375	249	40	48	0	1	1	2	-79	51063	6	0	1596	1478	58,5,58,5
1532436723.920888400	249	40	48	0	1	1	2	-80	51064	6	0	1596	1478	58,5,58,5
1532436723.932192483	249	40	48	0	1	1	2	-79	51065	6	0	1596	1478	58,5,58,5
1532436723.943945501	249	40	48	0	1	1	2	-79	51066	6	0	1596	1478	58,5,58,5
1532436723.955734228	249	40	48	0	1	1	2	-78	51067	6	0	1596	1478	58,5,58,5
1532436723.967382913	249	40	48	0	1	1	2	-77	51068	6	0	1596	1478	58,5,58,5
1532436723.979217933	249	40	48	0	1	1	2	-77	51069	6	0	1596	1478	58,5,58,5
1532436723.990987752	249	40	48	0	1	1	2	-78	51070	6	0	1596	1478	58,5,58,5
1532436724.002681452	249	40	48	0	1	1	2	-77	51071	6	0	1596	1478	58,5,58,5
1532436724.014540065	249	40	48	0	1	1	2	-77	51072	6	0	1596	1478	58,5,58,5
1532436724.026292003	249	40	48	0	1	1	2	-78	51073	6	0	1596	1478	58,5,58,5
1532436724.038574771	249	40	48	0	1	1	2	-79	51075	6	0	1596	1478	58,5,58,5
1532436724.049777096	249	40	48	0	1	1	2	-78	51076	6	0	1596	1478	58,5,58,5
1532436724.061463003	249	40	48	0	1	1	2	-78	51077	6	0	1596	1478	58,5,58,5
1532436724.073340777	249	40	48	0	1	1	2	-77	51078	6	0	1596	1478	58,5,58,5
1532436724.085069324	249	40	48	0	1	1	2	-77	51079	6	0	1596	1478	58,5,58,5
1532436724.096838210	249	40	48	0	1	1	2	-77	51080	6	0	1596	1478	58,5,58,5
1532436724.108583342	249	40	48	0	1	1	2	-78	51081	6	0	1596	1478	58,5,58,5
1532436724.120230441	249	40	48	0	1	1	2	-77	51082	6	0	1596	1478	58,5,58,5
1532436724.132471325	249	40	48	0	1	1	2	-77	51083	6	0	1596	1478	58,5,58,5
1532436724.143795604	249	40	48	0	1	1	2	-77	51084	6	0	1596	1478	58,5,58,5
1532436724.155633851	249	40	48	0	1	1	2	-76	51085	6	0	1596	1478	58,5,58,5
1532436724.167275331	249	40	48	0	1	1	2	-77	51086	6	0	1596	1478	58,5,58,5
1532436724.179450197	249	40	48	0	1	1	2	-77	51087	6	0	1596	1478	58,5,58,5
1532436724.190710473	249	40	48	0	1	1	2	-76	51088	6	0	1596	1478	58,5,58,5
1532436724.202544374	228	40	48	0	1	1	2	-76	51089	7	0	1596	1478	65,65
1532436724.216249037	249	40	48	0	1	1	2	-77	51090	6	0	1596	1478	58,5,58,5
1532436724.226085349	249	40	48	0	1	1	2	-77	51091	6	0	1596	1478	58,5,58,5
1532436724.237894137	249	40	48	0	1	1	2	-76	51092	6	0	1596	1478	58,5,58,5
1532436724.249608386	249	40	48	0	1	1	2	-77	51093	6	0	1596	1478	58,5,58,5
1532436724.261361466	249	40	48	0	1	1	2	-76	51094	6	0	1596	1478	58,5,58,5
1532436724.273098273	249	40	48	0	1	1	2	-76	51095	6	0	1596	1478	58,5,58,5
1532436724.284878403	249	40	48	0	1	1	2	-76	51096	6	0	1596	1478	58,5,58,5
1532436724.296654805	249	40	48	0	1	1	2	-75	51097	6	0	1596	1478	58,5,58,5
1532436724.308339932	228	40	48	0	1	1	2	-76	51098	7	0	1596	1478	65,65
1532436724.320170233	249	40	48	0	1	1	2	-76	51099	6	0	1596	1478	58,5,58,5
1532436724.332010037	249	40	48	0	1	1	2	-75	51100	6	0	1596	1478	58,5,58,5
1532436724.343797996	249	40	48	0	1	1	2	-76	51101	6	0	1596	1478	58,5,58,5
1532436724.355537009	249	40	48	0	1	1	2	-75	51102	6	0	1596	1478	58,5,58,5
1532436724.367189168	228	40	48	0	1	1	2	-77	51103	7	0	1596	1478	65,65
1532436724.378992560	249	40	48	0	1	1	2	-76	51104	6	0	1596	1478	58,5,58,5
1532436724.390838452	249	40	48	0	1	1	2	-75	51105	6	0	1596	1478	58,5,58,5
1532436724.402517823	249	40	48	0	1	1	2	-76	51106	6	0	1596	1478	58,5,58,5
1532436724.414278635	249	40	48	0	1	1	2	-76	51107	6	0	1596	1478	58,5,58,5
1532436724.426489288	249	40	48	0	1	1	2	-75	51108	6	0	1596	1478	58,5,58,5
1532436724.443127059	276	40	48	0	1	1	2	-77	51112	5	0	1596	1478	52,52
1532436724.449691310	276	40	48	0	1	1	2	-76	51113	5	0	1596	1478	52,52
1532436724.461427083	276	40	48	0	1	1	2	-76	51114	5	0	1596	1478	52,52
1532436724.473133092	276	40	48	0	1	1	2	-76	51115	5	0	1596	1478	52,52
1532436724.484942389	276	40	48	0	1	1	2	-76	51116	5	0	1596	1478	52,52
1532436724.496699657	276	40	48	0	1	1	2	-76	51117	5	0	1596	1478	52,52
1532436724.508483795	276	40	48	0	1	1	2	-75	51118	5	0	1596	1478	52,52
1532436724.520204755	276	40	48	0	1	1	2	-75	51119	5	0	1596	1478	52,52
1532436724.532479002	276	40	48	0	1	1	2	-76	51120	5	0	1596	1478	52,52
1532436724.543743101	276	40	48	0	1	1	2	-78	51121	5	0	1596	1478	52,52
1532436724.555502510	276	40	48	0	1	1	2	-79	51122	5	0	1596	1478	52,52
1532436724.567259822	276	40	48	0	1	1	2	-78	51123	5	0	1596	1478	52,52
1532436724.578965798	276	40	48	0	1	1	2	-76	51124	5	0	1596	1478	52,52
1532436724.590757845	249	40	48	0	1	1	2	-75	51126	6	0	1596	1478	58,5,58,5
1532436724.602455269	276	40	48	0	1	1	2	-76	51127	5	0	1596	1478	52,52
1532436724.614305731	276	40	48	0	1	1	2	-77	51128	5	0	1596	1478	52,52
1532436724.625990311	276	40	48	0	1	1	2	-78	51129	5	0	1596	1478	52,52
1532436724.637622315	276	40	48	0	1	1	2	-76	51130	5	0	1596	1478	52,52
1532436724.649510199	249	40	48	0	1	1	2	-76	51131	6	0	1596	1478	58,5,58,5
1532436724.661333804	276	40	48	0	1	1	2	-76	51132	5	0	1596	1478	52,52
1532436724.661871973	276	40	48	0	1	1	2	-76	51133	5	0	1596	1478	52,52
1532436724.672996586	276	40	48	0	1	1	2	-76	51134	5	0	1596	1478	52,52
1532436724.684768027	276	40	48	0	1	1	2	-75	51135	5	0	1596	1478	52,52
1532436724.696602636	276	40	48	0	1	1	2	-77	51136	5	0	1596	1478	52,52
1532436724.708383712	249	40	48	0	1	1	2	-75	51137	6	0	1596	1478	58,5,58,5
1532436724.720164664	276	40	48	0	1	1	2	-74	51138	5	0	1596	1478	52,52
1532436724.731927407	276	40	48	0	1	1	2	-75	51139	5	0	1596	1478	52,52
1532436724.743491889	276	40	48	0	1	1	2	-77	51140	5	0	1596	1478	52,52
1532436724.755408727	276	40	48	0	1	1	2	-76	51141	5	0	1596	1478	52,52
1532436724.767060546	249	40	48	0	1	1	2	-75	51142	6	0	1596	1478	58,5,58,5
1532436724.778924757	249	40	48	0	1	1	2	-75	51143	6	0	1596	1478	58,5,58,5
1532436724.790695860	249	40	48	0	1	1	2	-77	51144	6	0	1596	1478	58,5,58,5
1532436724.802431500	249	40	48	0	1	1	2	-77	51146	6	0	1596	1478	58,5,58,5
1532436724.814188663	249	40	48	0	1	1	2	-77	51147	6	0	1596	1478	58,5,58,5
1532436724.825925316	228	40	48	0	1	1	2	-76	51148	7	0	1596	1478	65,65
1532436724.837714170	249	40	48	0	1	1	2	-75	51149	6	0	1596	1478	58,5,58,5
1532436724.849500535	249	40	48	0	1	1	2	-75	51150	6	0	1596	1478	58,5,58,5
1532436724.861175611	249	40	48	0	1	1	2	-76	51151	6	0	1596	1478	58,5,58,5
1532436724.873014378	249	40	48	0	1	1	2	-77	51152	6	0	1596	1478	58,5,58,5
1532436724.884753883	228	40	48	0	1	1	2	-75	51153	7	0	1596	1478	65,65
1532436724.896524118	249	40	48	0	1	1	2	-75	51154	6	0	1596	1478	58,5,58,5
1532436724.908271021	249	40	48	0	1	1	2	-76	51155	6	0	1596	1478	58,5,58,5
1532436724.919910043	249	40	48	0	1	1	2	-76	51156	6	0	1596	1478	58,5,58,5
1532436724.931671281	249	40	48	0	1	1	2	-76	51157	6	0	1596	1478	58,5,58,5
1532436724.943431109	228	40	48	0	1	1	2	-76	51158	7	0	1596	1478	65,65
1532436724.955316965	249	40	48	0	1	1	2	-76	51159	6	0	1596	1478	58,5,58,5
1532436724.966947122	249	40	48	0	1	1	2	-76	51160	6	0	1596	1478	58,5,58,5
1532436724.979562040	249	40	48	0	1	1	2	-77	51161	6	0	1596	1478	58,5,58,5
1532436724.990636253	249	40	48	0	1	1	2	-76	51162	6	0	1596	1478	58,5,58,5
1532436725.002369281	228	40	48	0	1	1	2	-76	51163	7	0	1596	1478	65,65
1532436725.014128378	209	40	48	1	1	1	2	-77	51164	7	0	1596	1478	72,2222,72,2222
1532436725.025894494	209	40	48	1	1	1	2	-78	51165	7	0	1596	1478	72,2222,72,2222
1532436725.037651258	209	40	48	1	1	1	2	-76	51166	7	0	1596	1478	72,2222,72,2222
1532436725.049392059	209	40	48	1	1	1	2	-77	51167	7	0	1596	1478	72,2222,72,2222
1532436725.061598339	209	40	48	1	1	1	2	-78	51168	7	0	1596	1478	72,2222,72,2222
1532436725.072909362	209	40	48	1	1	1	2	-77	51169	7	0	1596	1478	72,2222,72,2222
1532436725.084684156	209	40	48	1	1	1	2	-78	51170	7	0	1596	1478	72,2222,72,2222
1532436725.096443802	209	40	48	1	1	1	2	-77	51171	7	0	1596	1478	72,2222,72,2222
1532436725.108204423	197	40	48	0	2	0	2	-79	51172	4	0	1596	1478	78,78
1532436725.119957253	209	40	48	1	1	1	2	-77	51173	7	0	1596	1478	72,2222,72,2222
1532436725.131705050	209	40	48	1	1	1	2	-78	51174	7	0	1596	1478	72,2222,72,2222
1532436725.143339547	209	40	48	1	1	1	2	-78	51175	7	0	1596	1478	72,2222,72,2222
1532436725.155402581	209	40	48	1	1	1	2	-77	51176	7	0	1596	1478	72,2222,72,2222
1532436725.166884302	209	40	48	1	1	1	2	-77	51177	7	0	1596	1478	72,2222,72,2222
1532436725.178638586	209	40	48	1	1	1	2	-78	51178	7	0	1596	1478	72,2222,72,2222
1532436725.190488324	209	40	48	1	1	1	2	-79	51179	7	0	1596	1478	72,2222,72,2222
1532436725.203555671	209	40	48	1	1	1	2	-80	51181	7	0	1596	1478	72,2222,72,2222
1532436725.213915188	209	40	48	1	1	1	2	-80	51182	7	0	1596	1478	72,2222,72,2222
1532436725.226092562	209	40	48	1	1	1	2	-79	51183	7	0	1596	1478	72,2222,72,2222
1532436725.237338630	209	40	48	1	1	1	2	-80	51184	7	0	1596	1478	72,2222,72,2222
1532436725.249247010	209	40	48	1	1	1	2	-79	51185	7	0	1596	1478	72,2222,72,2222
1532436725.261462991	209	40	48	1	1	1	2	-79	51186	7	0	1596	1478	72,2222,72,2222
1532436725.272660888	209	40	48	1	1	1	2	-79	51188	7	0	1596	1478	72,2222,72,2222
1532436725.284542456	209	40	48	1	1	1	2	-80	51189	7	0	1596	1478	72,2222,72,2222
1532436725.310762579	249	40	48	0	1	1	2	-79	51192	6	0	1596	1478	58,5,58,5
1532436725.311316100	249	40	48	0	1	1	2	-79	51193	6	0	1596	1478	58,5,58,5
1532436725.319859448	249	40	48	0	1	1	2	-79	51194	6	0	1596	1478	58,5,58,5
1532436725.331573148	249	40	48	0	1	1	2	-80	51195	6	0	1596	1478	58,5,58,5
1532436725.343366628	249	40	48	0	1	1	2	-79	51196	6	0	1596	1478	58,5,58,5
1532436725.355158739	249	40	48	0	1	1	2	-77	51197	6	0	1596	1478	58,5,58,5
1532436725.366907847	249	40	48	0	1	1	2	-79	51198	6	0	1596	1478	58,5,58,5
1532436725.378560658	249	40	48	0	1	1	2	-79	51199	6	0	1596	1478	58,5,58,5
1532436725.390362502	249	40	48	0	1	1	2	-78	51200	6	0	1596	1478	58,5,58,5
1532436725.402657622	249	40	48	0	1	1	2	-79	51203	6	0	1596	1478	58,5,58,5
1532436725.413862733	249	40	48	0	1	1	2	-78	51205	6	0	1596	1478	58,5,58,5
1532436725.425522956	249	40	48	0	1	1	2	-78	51206	6	0	1596	1478	58,5,58,5
1532436725.437845391	249	40	48	0	1	1	2	-78	51207	6	0	1596	1478	58,5,58,5
1532436725.449133257	249	40	48	0	1	1	2	-78	51208	6	0	1596	1478	58,5,58,5
1532436725.460787819	249	40	48	0	1	1	2	-77	51209	6	0	1596	1478	58,5,58,5
1532436725.473757191	249	40	48	0	1	1	2	-78	51212	6	0	1596	1478	58,5,58,5
1532436725.484506930	249	40	48	0	1	1	2	-79	51213	6	0	1596	1478	58,5,58,5
1532436725.496207379	249	40	48	0	1	1	2	-79	51214	6	0	1596	1478	58,5,58,5
1532436725.508046458	249	40	48	0	1	1	2	-77	51215	6	0	1596	1478	58,5,58,5
1532436725.519791291	249	40	48	0	1	1	2	-77	51216	6	0	1596	1478	58,5,58,5
1532436725.531548874	249	40	48	0	1	1	2	-77	51217	6	0	1596	1478	58,5,58,5
1532436725.543227476	249	40	48	0	1	1	2	-77	51218	6	0	1596	1478	58,5,58,5
1532436725.555048960	228	40	48	0	1	1	2	-78	51219	7	0	1596	1478	65,65
1532436725.566848375	249	40	48	0	1	1	2	-77	51220	6	0	1596	1478	58,5,58,5
1532436725.578584645	249	40	48	0	1	1	2	-76	51221	6	0	1596	1478	58,5,58,5
1532436725.590334772	249	40	48	0	1	1	2	-78	51222	6	0	1596	1478	58,5,58,5
1532436725.602119213	249	40	48	0	1	1	2	-77	51223	6	0	1596	1478	58,5,58,5
1532436725.613867173	228	40	48	0	1	1	2	-76	51224	7	0	1596	1478	65,65
1532436725.625555499	249	40	48	0	1	1	2	-76	51225	6	0	1596	1478	58,5,58,5
1532436725.637396096	249	40	48	0	1	1	2	-76	51226	6	0	1596	1478	58,5,58,5
1532436725.649068002	249	40	48	0	1	1	2	-76	51227	6	0	1596	1478	58,5,58,5
1532436725.660901225	249	40	48	0	1	1	2	-75	51228	6	0	1596	1478	58,5,58,5
1532436725.672639293	228	40	48	0	1	1	2	-75	51229	7	0	1596	1478	65,65
1532436725.684350846	249	40	48	0	1	1	2	-76	51230	6	0	1596	1478	58,5,58,5
1532436725.696198865	249	40	48	0	1	1	2	-76	51231	6	0	1596	1478	58,5,58,5
1532436725.707874899	249	40	48	0	1	1	2	-75	51232	6	0	1596	1478	58,5,58,5
1532436725.719724871	249	40	48	0	1	1	2	-75	51233	6	0	1596	1478	58,5,58,5
1532436725.731392404	228	40	48	0	1	1	2	-75	51234	7	0	1596	1478	65,65
1532436725.743181002	209	40	48	1	1	1	2	-75	51235	7	0	1596	1478	72,2222,72,2222
1532436725.754960761	209	40	48	1	1	1	2	-74	51236	7	0	1596	1478	72,2222,72,2222
1532436725.768466706	249	40	48	0	1	1	2	-76	51241	6	0	1596	1478	58,5,58,5
1532436725.778424226	249	40	48	0	1	1	2	-74	51242	6	0	1596	1478	58,5,58,5
1532436725.790086405	249	40	48	0	1	1	2	-75	51243	6	0	1596	1478	58,5,58,5
1532436725.801914659	249	40	48	0	1	1	2	-76	51244	6	0	1596	1478	58,5,58,5
1532436725.813776958	249	40	48	0	1	1	2	-75	51245	6	0	1596	1478	58,5,58,5
1532436725.825551438	249	40	48	0	1	1	2	-76	51246	6	0	1596	1478	58,5,58,5
1532436725.837252707	249	40	48	0	1	1	2	-76	51247	6	0	1596	1478	58,5,58,5
1532436725.849122793	249	40	48	0	1	1	2	-76	51248	6	0	1596	1478	58,5,58,5
1532436725.860845569	228	40	48	0	1	1	2	-75	51249	7	0	1596	1478	65,65
1532436725.872627284	249	40	48	0	1	1	2	-75	51250	6	0	1596	1478	58,5,58,5
1532436725.884329134	249	40	48	0	1	1	2	-78	51251	6	0	1596	1478	58,5,58,5
1532436725.896133673	249	40	48	0	1	1	2	-76	51252	6	0	1596	1478	58,5,58,5
1532436725.907865819	249	40	48	0	1	1	2	-78	51253	6	0	1596	1478	58,5,58,5
1532436725.920369756	228	40	48	0	1	1	2	-75	51254	7	0	1596	1478	65,65
1532436725.931415381	249	40	48	0	1	1	2	-76	51255	6	0	1596	1478	58,5,58,5
1532436725.943193994	249	40	48	0	1	1	2	-77	51256	6	0	1596	1478	58,5,58,5
1532436725.954858611	249	40	48	0	1	1	2	-76	51257	6	0	1596	1478	58,5,58,5
1532436725.966604798	249	40	48	0	1	1	2	-76	51258	6	0	1596	1478	58,5,58,5
1532436725.978244519	228	40	48	0	1	1	2	-76	51259	7	0	1596	1478	65,65
1532436725.990215067	249	40	48	0	1	1	2	-77	51260	6	0	1596	1478	58,5,58,5
1532436726.001963144	249	40	48	0	1	1	2	-75	51261	6	0	1596	1478	58,5,58,5
1532436726.013735329	249	40	48	0	1	1	2	-75	51262	6	0	1596	1478	58,5,58,5
1532436726.025494121	249	40	48	0	1	1	2	-76	51263	6	0	1596	1478	58,5,58,5
1532436726.037211305	228	40	48	0	1	1	2	-76	51264	7	0	1596	1478	65,65
1532436726.049012910	249	40	48	0	1	1	2	-76	51265	6	0	1596	1478	58,5,58,5
1532436726.060755398	249	40	48	0	1	1	2	-76	51266	6	0	1596	1478	58,5,58,5
1532436726.072531055	249	40	48	0	1	1	2	-76	51267	6	0	1596	1478	58,5,58,5
1532436726.084272249	249	40	48	0	1	1	2	-75	51268	6	0	1596	1478	58,5,58,5
1532436726.096038022	228	40	48	0	1	1	2	-76	51269	7	0	1596	1478	65,65
1532436726.107792604	209	40	48	1	1	1	2	-76	51270	7	0	1596	1478	72,2222,72,2222
1532436726.119445899	209	40	48	1	1	1	2	-76	51271	7	0	1596	1478	72,2222,72,2222
1532436726.131191319	209	40	48	1	1	1	2	-76	51272	7	0	1596	1478	72,2222,72,2222
1532436726.142936385	209	40	48	1	1	1	2	-76	51273	7	0	1596	1478	72,2222,72,2222
1532436726.155146642	209	40	48	1	1	1	2	-76	51274	7	0	1596	1478	72,2222,72,2222
1532436726.166446779	209	40	48	1	1	1	2	-77	51275	7	0	1596	1478	72,2222,72,2222
1532436726.178201974	209	40	48	1	1	1	2	-76	51276	7	0	1596	1478	72,2222,72,2222
1532436726.189877500	209	40	48	1	1	1	2	-76	51277	7	0	1596	1478	72,2222,72,2222
1532436726.201672919	197	40	48	0	2	0	2	-78	51278	4	0	1596	1478	78,78
1532436726.213487518	209	40	48	1	1	1	2	-76	51279	7	0	1596	1478	72,2222,72,2222
1532436726.225356919	209	40	48	1	1	1	2	-77	51280	7	0	1596	1478	72,2222,72,2222
1532436726.237088503	209	40	48	1	1	1	2	-78	51282	7	0	1596	1478	72,2222,72,2222
1532436726.248866936	209	40	48	1	1	1	2	-77	51283	7	0	1596	1478	72,2222,72,2222
1532436726.260538871	209	40	48	1	1	1	2	-76	51284	7	0	1596	1478	72,2222,72,2222
1532436726.272281848	209	40	48	1	1	1	2	-76	51285	7	0	1596	1478	72,2222,72,2222
1532436726.283998370	209	40	48	1	1	1	2	-76	51286	7	0	1596	1478	72,2222,72,2222
1532436726.302340275	209	40	48	1	1	1	2	-75	51287	7	0	1596	1478	72,2222,72,2222
1532436726.308144200	209	40	48	1	1	1	2	-75	51288	7	0	1596	1478	72,2222,72,2222
1532436726.319446555	209	40	48	1	1	1	2	-75	51289	7	0	1596	1478	72,2222,72,2222
1532436726.331194908	209	40	48	1	1	1	2	-75	51290	7	0	1596	1478	72,2222,72,2222
1532436726.342949555	209	40	48	1	1	1	2	-76	51291	7	0	1596	1478	72,2222,72,2222
1532436726.343552523	209	40	48	1	1	1	2	-76	51292	7	0	1596	1478	72,2222,72,2222
1532436726.354605509	197	40	48	0	2	0	2	-78	51293	4	0	1596	1478	78,78
1532436726.366385837	209	40	48	1	1	1	2	-75	51294	7	0	1596	1478	72,2222,72,2222
1532436726.378148412	209	40	48	1	1	1	2	-76	51295	7	0	1596	1478	72,2222,72,2222
1532436726.389997094	209	40	48	1	1	1	2	-76	51296	7	0	1596	1478	72,2222,72,2222
1532436726.401783028	209	40	48	1	1	1	2	-75	51297	7	0	1596	1478	72,2222,72,2222
1532436726.413530164	209	40	48	1	1	1	2	-75	51298	7	0	1596	1478	72,2222,72,2222
1532436726.425274022	209	40	48	1	1	1	2	-75	51299	7	0	1596	1478	72,2222,72,2222
1532436726.436945787	209	40	48	1	1	1	2	-75	51301	7	0	1596	1478	72,2222,72,2222
1532436726.437138891	209	40	48	1	1	1	2	-75	51302	7	0	1596	1478	72,2222,72,2222
1532436726.448786592	209	40	48	1	1	1	2	-75	51303	7	0	1596	1478	72,2222,72,2222
1532436726.460556652	209	40	48	1	1	1	2	-75	51304	7	0	1596	1478	72,2222,72,2222
1532436726.472733649	209	40	48	1	1	1	2	-76	51305	7	0	1596	1478	72,2222,72,2222
1532436726.484063864	209	40	48	1	1	1	2	-75	51306	7	0	1596	1478	72,2222,72,2222
1532436726.495845570	209	40	48	1	1	1	2	-75	51307	7	0	1596	1478	72,2222,72,2222
1532436726.507608686	209	40	48	1	1	1	2	-75	51308	7	0	1596	1478	72,2222,72,2222
1532436726.519358395	197	40	48	0	2	0	2	-80	51309	4	0	1596	1478	78,78
1532436726.531145825	209	40	48	1	1	1	2	-75	51310	7	0	1596	1478	72,2222,72,2222
1532436726.542805146	209	40	48	1	1	1	2	-76	51311	7	0	1596	1478	72,2222,72,2222
1532436726.554635940	209	40	48	1	1	1	2	-76	51312	7	0	1596	1478	72,2222,72,2222
1532436726.566389381	209	40	48	1	1	1	2	-77	51313	7	0	1596	1478	72,2222,72,2222
1532436726.578048743	209	40	48	1	1	1	2	-77	51314	7	0	1596	1478	72,2222,72,2222
1532436726.589910654	209	40	48	1	1	1	2	-76	51315	7	0	1596	1478	72,2222,72,2222
1532436726.601685815	209	40	48	1	1	1	2	-76	51316	7	0	1596	1478	72,2222,72,2222
1532436726.613356036	209	40	48	1	1	1	2	-76	51317	7	0	1596	1478	72,2222,72,2222
1532436726.625208015	209	40	48	1	1	1	2	-77	51318	7	0	1596	1478	72,2222,72,2222
1532436726.637719500	209	40	48	1	1	1	2	-76	51319	7	0	1596	1478	72,2222,72,2222
1532436726.648713331	209	40	48	1	1	1	2	-77	51320	7	0	1596	1478	72,2222,72,2222
1532436726.660489420	209	40	48	1	1	1	2	-77	51321	7	0	1596	1478	72,2222,72,2222
1532436726.672242150	209	40	48	1	1	1	2	-76	51322	7	0	1596	1478	72,2222,72,2222
1532436726.683982043	197	40	48	0	2	0	2	-78	51323	4	0	1596	1478	78,78
1532436726.695758273	197	40	48	0	2	0	2	-78	51324	4	0	1596	1478	78,78
1532436726.707407369	197	40	48	0	2	0	2	-79	51325	4	0	1596	1478	78,78
1532436726.719162432	197	40	48	0	2	0	2	-79	51326	4	0	1596	1478	78,78
1532436726.731032077	197	40	48	0	2	0	2	-78	51327	4	0	1596	1478	78,78
1532436726.743216767	197	40	48	0	2	0	2	-79	51328	4	0	1596	1478	78,78
1532436726.754551368	197	40	48	0	2	0	2	-78	51329	4	0	1596	1478	78,78
1532436726.766307728	197	40	48	0	2	0	2	-78	51330	4	0	1596	1478	78,78
1532436726.777980188	197	40	48	0	2	0	2	-77	51331	4	0	1596	1478	78,78
1532436726.789747797	197	40	48	0	2	0	2	-78	51332	4	0	1596	1478	78,78
1532436726.801430863	197	40	48	0	2	0	2	-77	51333	4	0	1596	1478	78,78
1532436726.813342795	197	40	48	0	2	0	2	-77	51334	4	0	1596	1478	78,78
1532436726.825090064	197	40	48	0	2	0	2	-79	51335	4	0	1596	1478	78,78
1532436726.836793298	197	40	48	0	2	0	2	-79	51336	4	0	1596	1478	78,78
1532436726.837320143	197	40	48	0	2	0	2	-79	51337	4	0	1596	1478	78,78
1532436726.848657853	197	40	48	0	2	0	2	-78	51338	4	0	1596	1478	78,78
1532436726.860392414	197	40	48	0	2	0	2	-78	51339	4	0	1596	1478	78,78
1532436726.872172244	197	40	48	0	2	0	2	-79	51340	4	0	1596	1478	78,78
1532436726.883902610	197	40	48	0	2	0	2	-79	51341	4	0	1596	1478	78,78
1532436726.895702174	197	40	48	0	2	0	2	-79	51342	4	0	1596	1478	78,78
1532436726.907902292	197	40	48	0	2	0	2	-78	51343	4	0	1596	1478	78,78
1532436726.919068077	197	40	48	0	2	0	2	-79	51344	4	0	1596	1478	78,78
1532436726.930871707	197	40	48	0	2	0	2	-79	51345	4	0	1596	1478	78,78
1532436726.942620992	197	40	48	0	2	0	2	-80	51346	4	0	1596	1478	78,78
1532436726.954377516	197	40	48	0	2	0	2	-79	51347	4	0	1596	1478	78,78
1532436726.966200054	197	40	48	0	2	0	2	-80	51348	4	0	1596	1478	78,78
1532436726.977916405	197	40	48	0	2	0	2	-81	51349	4	0	1596	1478	78,78
1532436726.989741061	197	40	48	0	2	0	2	-80	51350	4	0	1596	1478	78,78
1532436727.001508643	197	40	48	0	2	0	2	-80	51351	4	0	1596	1478	78,78
1532436727.013272631	197	40	48	0	2	0	2	-80	51352	4	0	1596	1478	78,78
1532436727.025047869	197	40	48	0	2	0	2	-79	51353	4	0	1596	1478	78,78
1532436727.036709299	197	40	48	0	2	0	2	-80	51354	4	0	1596	1478	78,78
1532436727.048544349	197	40	48	0	2	0	2	-79	51355	4	0	1596	1478	78,78
1532436727.060296132	197	40	48	0	2	0	2	-79	51356	4	0	1596	1478	78,78
1532436727.072526167	197	40	48	0	2	0	2	-80	51357	4	0	1596	1478	78,78
1532436727.083721217	197	40	48	0	2	0	2	-80	51358	4	0	1596	1478	78,78
1532436727.095494896	197	40	48	0	2	0	2	-80	51359	4	0	1596	1478	78,78
1532436727.107243073	197	40	48	0	2	0	2	-80	51360	4	0	1596	1478	78,78
1532436727.118999253	197	40	48	0	2	0	2	-78	51361	4	0	1596	1478	78,78
1532436727.130762258	197	40	48	0	2	0	2	-78	51362	4	0	1596	1478	78,78
1532436727.142526546	197	40	48	0	2	0	2	-79	51363	4	0	1596	1478	78,78
1532436727.154351322	197	40	48	0	2	0	2	-78	51364	4	0	1596	1478	78,78
1532436727.166132470	197	40	48	0	2	0	2	-80	51365	4	0	1596	1478	78,78
1532436727.177909797	197	40	48	0	2	0	2	-78	51366	4	0	1596	1478	78,78
1532436727.189642496	197	40	48	0	2	0	2	-79	51367	4	0	1596	1478	78,78
1532436727.201334857	197	40	48	0	2	0	2	-78	51368	4	0	1596	1478	78,78
1532436727.213188660	197	40	48	0	2	0	2	-78	51369	4	0	1596	1478	78,78
1532436727.213745387	197	40	48	0	2	0	2	-78	51370	4	0	1596	1478	78,78
1532436727.224965065	197	40	48	0	2	0	2	-77	51371	4	0	1596	1478	78,78
1532436727.237048115	197	40	48	0	2	0	2	-78	51372	4	0	1596	1478	78,78
1532436727.248383790	197	40	48	0	2	0	2	-79	51373	4	0	1596	1478	78,78
1532436727.260197647	197	40	48	0	2	0	2	-79	51374	4	0	1596	1478	78,78
1532436727.271870021	197	40	48	0	2	0	2	-79	51375	4	0	1596	1478	78,78
1532436727.283630307	197	40	48	0	2	0	2	-80	51376	4	0	1596	1478	78,78
1532436727.295505165	197	40	48	0	2	0	2	-80	51377	4	0	1596	1478	78,78
1532436727.307255899	197	40	48	0	2	0	2	-80	51378	4	0	1596	1478	78,78
1532436727.319033518	197	40	48	0	2	0	2	-79	51379	4	0	1596	1478	78,78
1532436727.330687011	197	40	48	0	2	0	2	-80	51380	4	0	1596	1478	78,78
1532436727.342448336	197	40	48	0	2	0	2	-79	51381	4	0	1596	1478	78,78
1532436727.354211907	197	40	48	0	2	0	2	-80	51382	4	0	1596	1478	78,78
1532436727.365977619	197	40	48	0	2	0	2	-80	51383	4	0	1596	1478	78,78
1532436727.377846539	197	40	48	0	2	0	2	-79	51384	4	0	1596	1478	78,78
1532436727.389502489	197	40	48	0	2	0	2	-79	51385	4	0	1596	1478	78,78
1532436727.402286791	197	40	48	0	2	0	2	-80	51386	4	0	1596	1478	78,78
1532436727.413046750	197	40	48	0	2	0	2	-79	51387	4	0	1596	1478	78,78
1532436727.424866527	197	40	48	0	2	0	2	-79	51388	4	0	1596	1478	78,78
1532436727.436633568	197	40	48	0	2	0	2	-78	51389	4	0	1596	1478	78,78
1532436727.448404894	197	40	48	0	2	0	2	-79	51390	4	0	1596	1478	78,78
1532436727.460145234	197	40	48	0	2	0	2	-79	51391	4	0	1596	1478	78,78
1532436727.471817586	197	40	48	0	2	0	2	-79	51392	4	0	1596	1478	78,78
1532436727.483694038	197	40	48	0	2	0	2	-80	51393	4	0	1596	1478	78,78
1532436727.495435389	197	40	48	0	2	0	2	-80	51394	4	0	1596	1478	78,78
1532436727.507169220	197	40	48	0	2	0	2	-79	51395	4	0	1596	1478	78,78
1532436727.520734950	209	40	48	1	1	1	2	-78	51400	7	0	1596	1478	72,2222,72,2222
1532436727.530669029	209	40	48	1	1	1	2	-77	51401	7	0	1596	1478	72,2222,72,2222
1532436727.542495293	209	40	48	1	1	1	2	-78	51402	7	0	1596	1478	72,2222,72,2222
1532436727.554233852	209	40	48	1	1	1	2	-79	51403	7	0	1596	1478	72,2222,72,2222
1532436727.565985647	209	40	48	1	1	1	2	-79	51404	7	0	1596	1478	72,2222,72,2222
1532436727.577742880	209	40	48	1	1	1	2	-78	51405	7	0	1596	1478	72,2222,72,2222
1532436727.589510870	209	40	48	1	1	1	2	-79	51406	7	0	1596	1478	72,2222,72,2222
1532436727.601286698	209	40	48	1	1	1	2	-78	51407	7	0	1596	1478	72,2222,72,2222
1532436727.613555923	209	40	48	1	1	1	2	-78	51408	7	0	1596	1478	72,2222,72,2222
1532436727.624815003	209	40	48	1	1	1	2	-78	51409	7	0	1596	1478	72,2222,72,2222
1532436727.636457420	209	40	48	1	1	1	2	-78	51410	7	0	1596	1478	72,2222,72,2222
1532436727.648227010	209	40	48	1	1	1	2	-78	51411	7	0	1596	1478	72,2222,72,2222
1532436727.660070081	197	40	48	0	2	0	2	-80	51412	4	0	1596	1478	78,78
1532436727.671848467	209	40	48	1	1	1	2	-78	51413	7	0	1596	1478	72,2222,72,2222
1532436727.683601469	209	40	48	1	1	1	2	-78	51414	7	0	1596	1478	72,2222,72,2222
1532436727.695369787	209	40	48	1	1	1	2	-79	51415	7	0	1596	1478	72,2222,72,2222
1532436727.707131782	209	40	48	1	1	1	2	-78	51416	7	0	1596	1478	72,2222,72,2222
1532436727.718871267	209	40	48	1	1	1	2	-78	51417	7	0	1596	1478	72,2222,72,2222
1532436727.730615825	197	40	48	0	2	0	2	-79	51418	4	0	1596	1478	78,78
1532436727.742401026	209	40	48	1	1	1	2	-78	51419	7	0	1596	1478	72,2222,72,2222
1532436727.754172349	209	40	48	1	1	1	2	-78	51420	7	0	1596	1478	72,2222,72,2222
1532436727.765853957	209	40	48	1	1	1	2	-77	51421	7	0	1596	1478	72,2222,72,2222
1532436727.777567672	209	40	48	1	1	1	2	-77	51422	7	0	1596	1478	72,2222,72,2222
1532436727.789786235	209	40	48	1	1	1	2	-77	51423	7	0	1596	1478	72,2222,72,2222
1532436727.801187266	209	40	48	1	1	1	2	-77	51424	7	0	1596	1478	72,2222,72,2222
1532436727.812965375	209	40	48	1	1	1	2	-77	51425	7	0	1596	1478	72,2222,72,2222
1532436727.824727891	209	40	48	1	1	1	2	-76	51426	7	0	1596	1478	72,2222,72,2222
1532436727.836455972	197	40	48	0	2	0	2	-79	51427	4	0	1596	1478	78,78
1532436727.848266491	209	40	48	1	1	1	2	-78	51428	7	0	1596	1478	72,2222,72,2222
1532436727.860421752	209	40	48	1	1	1	2	-77	51430	7	0	1596	1478	72,2222,72,2222
1532436727.871685331	209	40	48	1	1	1	2	-77	51431	7	0	1596	1478	72,2222,72,2222
1532436727.883529253	209	40	48	1	1	1	2	-77	51432	7	0	1596	1478	72,2222,72,2222
1532436727.895275131	209	40	48	1	1	1	2	-77	51433	7	0	1596	1478	72,2222,72,2222
1532436727.906937295	197	40	48	0	2	0	2	-80	51434	4	0	1596	1478	78,78
1532436727.918817325	209	40	48	1	1	1	2	-77	51435	7	0	1596	1478	72,2222,72,2222
1532436727.930577924	209	40	48	1	1	1	2	-78	51436	7	0	1596	1478	72,2222,72,2222
1532436727.942329735	209	40	48	1	1	1	2	-78	51437	7	0	1596	1478	72,2222,72,2222
1532436727.954068181	209	40	48	1	1	1	2	-78	51438	7	0	1596	1478	72,2222,72,2222
1532436727.966296900	209	40	48	1	1	1	2	-78	51439	7	0	1596	1478	72,2222,72,2222
1532436727.977508587	209	40	48	1	1	1	2	-78	51441	7	0	1596	1478	72,2222,72,2222
1532436727.989371902	209	40	48	1	1	1	2	-78	51442	7	0	1596	1478	72,2222,72,2222
1532436728.001128619	209	40	48	1	1	1	2	-77	51443	7	0	1596	1478	72,2222,72,2222
1532436728.012881636	197	40	48	0	2	0	2	-82	51444	4	0	1596	1478	78,78
1532436728.024687525	197	40	48	0	2	0	2	-81	51445	4	0	1596	1478	78,78
1532436728.036386686	197	40	48	0	2	0	2	-82	51446	4	0	1596	1478	78,78
1532436728.048134320	197	40	48	0	2	0	2	-81	51447	4	0	1596	1478	78,78
1532436728.059825008	197	40	48	0	2	0	2	-81	51448	4	0	1596	1478	78,78
1532436728.072071731	197	40	48	0	2	0	2	-81	51449	4	0	1596	1478	78,78
1532436728.083330541	197	40	48	0	2	0	2	-80	51450	4	0	1596	1478	78,78
1532436728.095084280	197	40	48	0	2	0	2	-81	51451	4	0	1596	1478	78,78
1532436728.106837713	197	40	48	0	2	0	2	-81	51452	4	0	1596	1478	78,78
1532436728.118595226	197	40	48	0	2	0	2	-81	51453	4	0	1596	1478	78,78
1532436728.130365961	197	40	48	0	2	0	2	-81	51454	4	0	1596	1478	78,78
1532436728.142101521	197	40	48	0	2	0	2	-81	51455	4	0	1596	1478	78,78
1532436728.153918170	197	40	48	0	2	0	2	-81	51456	4	0	1596	1478	78,78
1532436728.165648999	197	40	48	0	2	0	2	-80	51457	4	0	1596	1478	78,78
1532436728.177400514	197	40	48	0	2	0	2	-80	51458	4	0	1596	1478	78,78
1532436728.189164499	197	40	48	0	2	0	2	-80	51459	4	0	1596	1478	78,78
1532436728.200925620	197	40	48	0	2	0	2	-80	51460	4	0	1596	1478	78,78
1532436728.212673690	197	40	48	0	2	0	2	-80	51461	4	0	1596	1478	78,78
1532436728.224521572	197	40	48	0	2	0	2	-78	51462	4	0	1596	1478	78,78
1532436728.236718417	197	40	48	0	2	0	2	-79	51463	4	0	1596	1478	78,78
1532436728.248055855	197	40	48	0	2	0	2	-80	51464	4	0	1596	1478	78,78
1532436728.259832916	197	40	48	0	2	0	2	-80	51465	4	0	1596	1478	78,78
1532436728.271501492	197	40	48	0	2	0	2	-80	51466	4	0	1596	1478	78,78
1532436728.283214695	197	40	48	0	2	0	2	-81	51468	4	0	1596	1478	78,78
1532436728.295110583	197	40	48	0	2	0	2	-80	51469	4	0	1596	1478	78,78
1532436728.306900715	197	40	48	0	2	0	2	-81	51470	4	0	1596	1478	78,78
1532436728.320390628	209	40	48	1	1	1	2	-76	51471	7	0	1596	1478	72,2222,72,2222
1532436728.330301630	209	40	48	1	1	1	2	-75	51472	7	0	1596	1478	72,2222,72,2222
1532436728.342131552	209	40	48	1	1	1	2	-76	51473	7	0	1596	1478	72,2222,72,2222
1532436728.355892688	249	40	48	0	1	1	2	-75	51474	6	0	1596	1478	58,5,58,5
1532436728.365714408	249	40	48	0	1	1	2	-75	51475	6	0	1596	1478	58,5,58,5
1532436728.377916994	249	40	48	0	1	1	2	-75	51476	6	0	1596	1478	58,5,58,5
1532436728.389246728	249	40	48	0	1	1	2	-74	51477	6	0	1596	1478	58,5,58,5
1532436728.400967885	249	40	48	0	1	1	2	-74	51478	6	0	1596	1478	58,5,58,5
1532436728.412744196	249	40	48	0	1	1	2	-74	51479	6	0	1596	1478	58,5,58,5
1532436728.424518957	249	40	48	0	1	1	2	-74	51480	6	0	1596	1478	58,5,58,5
1532436728.436298252	249	40	48	0	1	1	2	-74	51481	6	0	1596	1478	58,5,58,5
1532436728.448011330	228	40	48	0	1	1	2	-75	51482	7	0	1596	1478	65,65
1532436728.459825551	249	40	48	0	1	1	2	-74	51483	6	0	1596	1478	58,5,58,5
1532436728.471479123	249	40	48	0	1	1	2	-74	51484	6	0	1596	1478	58,5,58,5
1532436728.483308071	249	40	48	0	1	1	2	-74	51485	6	0	1596	1478	58,5,58,5
1532436728.495076868	249	40	48	0	1	1	2	-74	51486	6	0	1596	1478	58,5,58,5
1532436728.506839647	228	40	48	0	1	1	2	-73	51487	7	0	1596	1478	65,65
1532436728.518611452	249	40	48	0	1	1	2	-74	51488	6	0	1596	1478	58,5,58,5
1532436728.530350843	249	40	48	0	1	1	2	-74	51489	6	0	1596	1478	58,5,58,5
1532436728.542134257	249	40	48	0	1	1	2	-74	51490	6	0	1596	1478	58,5,58,5
1532436728.553868725	249	40	48	0	1	1	2	-75	51491	6	0	1596	1478	58,5,58,5
1532436728.565626708	228	40	48	0	1	1	2	-74	51492	7	0	1596	1478	65,65
1532436728.577417711	249	40	48	0	1	1	2	-74	51493	6	0	1596	1478	58,5,58,5
1532436728.589139019	249	40	48	0	1	1	2	-73	51494	6	0	1596	1478	58,5,58,5
1532436728.600921640	249	40	48	0	1	1	2	-73	51495	6	0	1596	1478	58,5,58,5
1532436728.612696385	249	40	48	0	1	1	2	-73	51496	6	0	1596	1478	58,5,58,5
1532436728.624431396	228	40	48	0	1	1	2	-73	51497	7	0	1596	1478	65,65
1532436728.636159051	209	40	48	1	1	1	2	-73	51498	7	0	1596	1478	72,2222,72,2222
1532436728.647901310	209	40	48	1	1	1	2	-73	51499	7	0	1596	1478	72,2222,72,2222
1532436728.659692550	209	40	48	1	1	1	2	-73	51500	7	0	1596	1478	72,2222,72,2222
1532436728.671449961	209	40	48	1	1	1	2	-73	51501	7	0	1596	1478	72,2222,72,2222
1532436728.683661738	209	40	48	1	1	1	2	-73	51502	7	0	1596	1478	72,2222,72,2222
1532436728.694874989	209	40	48	1	1	1	2	-74	51503	7	0	1596	1478	72,2222,72,2222
1532436728.706694084	209	40	48	1	1	1	2	-74	51504	7	0	1596	1478	72,2222,72,2222
1532436728.718457604	209	40	48	1	1	1	2	-74	51505	7	0	1596	1478	72,2222,72,2222
1532436728.730213967	197	40	48	0	2	0	2	-78	51506	4	0	1596	1478	78,78
1532436728.742001001	209	40	48	1	1	1	2	-74	51507	7	0	1596	1478	72,2222,72,2222
1532436728.753769582	209	40	48	1	1	1	2	-74	51508	7	0	1596	1478	72,2222,72,2222
1532436728.765530106	209	40	48	1	1	1	2	-74	51509	7	0	1596	1478	72,2222,72,2222
1532436728.777296477	209	40	48	1	1	1	2	-74	51510	7	0	1596	1478	72,2222,72,2222
1532436728.788929136	209	40	48	1	1	1	2	-74	51511	7	0	1596	1478	72,2222,72,2222
1532436728.800645299	197	40	48	0	2	0	2	-79	51512	4	0	1596	1478	78,78
1532436728.812497585	209	40	48	1	1	1	2	-74	51513	7	0	1596	1478	72,2222,72,2222
1532436728.824315744	209	40	48	1	1	1	2	-74	51514	7	0	1596	1478	72,2222,72,2222
1532436728.836114202	209	40	48	1	1	1	2	-74	51515	7	0	1596	1478	72,2222,72,2222
1532436728.847831767	209	40	48	1	1	1	2	-74	51516	7	0	1596	1478	72,2222,72,2222
1532436728.860011209	209	40	48	1	1	1	2	-74	51517	7	0	1596	1478	72,2222,72,2222
1532436728.871284860	209	40	48	1	1	1	2	-74	51518	7	0	1596	1478	72,2222,72,2222
1532436728.883066088	209	40	48	1	1	1	2	-74	51519	7	0	1596	1478	72,2222,72,2222
1532436728.894802909	209	40	48	1	1	1	2	-74	51520	7	0	1596	1478	72,2222,72,2222
1532436728.906591306	197	40	48	0	2	0	2	-78	51521	4	0	1596	1478	78,78
1532436728.918290519	209	40	48	1	1	1	2	-74	51522	7	0	1596	1478	72,2222,72,2222
1532436728.930158205	209	40	48	1	1	1	2	-74	51523	7	0	1596	1478	72,2222,72,2222
1532436728.941834319	209	40	48	1	1	1	2	-74	51524	7	0	1596	1478	72,2222,72,2222
1532436728.953685426	209	40	48	1	1	1	2	-74	51525	7	0	1596	1478	72,2222,72,2222
1532436728.965425444	209	40	48	1	1	1	2	-74	51526	7	0	1596	1478	72,2222,72,2222
1532436728.977671545	209	40	48	1	1	1	2	-75	51527	7	0	1596	1478	72,2222,72,2222
1532436728.988872369	209	40	48	1	1	1	2	-75	51528	7	0	1596	1478	72,2222,72,2222
1532436729.000742301	209	40	48	1	1	1	2	-75	51529	7	0	1596	1478	72,2222,72,2222
1532436729.012801619	209	40	48	1	1	1	2	-75	51531	7	0	1596	1478	72,2222,72,2222
1532436729.024710819	209	40	48	1	1	1	2	-75	51532	7	0	1596	1478	72,2222,72,2222
1532436729.036433529	209	40	48	1	1	1	2	-76	51533	7	0	1596	1478	72,2222,72,2222
1532436729.047657557	209	40	48	1	1	1	2	-75	51534	7	0	1596	1478	72,2222,72,2222
1532436729.059421348	209	40	48	1	1	1	2	-76	51535	7	0	1596	1478	72,2222,72,2222
1532436729.071174357	209	40	48	1	1	1	2	-76	51536	7	0	1596	1478	72,2222,72,2222
1532436729.082925855	209	40	48	1	1	1	2	-76	51537	7	0	1596	1478	72,2222,72,2222
1532436729.094824550	209	40	48	1	1	1	2	-76	51538	7	0	1596	1478	72,2222,72,2222
1532436729.106455467	209	40	48	1	1	1	2	-75	51539	7	0	1596	1478	72,2222,72,2222
1532436729.118202810	209	40	48	1	1	1	2	-75	51540	7	0	1596	1478	72,2222,72,2222
1532436729.129979092	209	40	48	1	1	1	2	-76	51541	7	0	1596	1478	72,2222,72,2222
1532436729.141730807	209	40	48	1	1	1	2	-75	51542	7	0	1596	1478	72,2222,72,2222
1532436729.153501038	209	40	48	1	1	1	2	-76	51543	7	0	1596	1478	72,2222,72,2222
1532436729.165253136	209	40	48	1	1	1	2	-76	51544	7	0	1596	1478	72,2222,72,2222
1532436729.177004066	209	40	48	1	1	1	2	-76	51545	7	0	1596	1478	72,2222,72,2222
1532436729.189238185	209	40	48	1	1	1	2	-75	51546	7	0	1596	1478	72,2222,72,2222
1532436729.200540957	209	40	48	1	1	1	2	-75	51547	7	0	1596	1478	72,2222,72,2222
1532436729.212301447	209	40	48	1	1	1	2	-76	51548	7	0	1596	1478	72,2222,72,2222
1532436729.224058748	209	40	48	1	1	1	2	-75	51549	7	0	1596	1478	72,2222,72,2222
1532436729.235795207	197	40	48	0	2	0	2	-80	51550	4	0	1596	1478	78,78
1532436729.247586567	209	40	48	1	1	1	2	-76	51551	7	0	1596	1478	72,2222,72,2222
1532436729.259345583	209	40	48	1	1	1	2	-77	51552	7	0	1596	1478	72,2222,72,2222
1532436729.270992638	209	40	48	1	1	1	2	-76	51553	7	0	1596	1478	72,2222,72,2222
1532436729.282755430	209	40	48	1	1	1	2	-76	51554	7	0	1596	1478	72,2222,72,2222
1532436729.294523474	209	40	48	1	1	1	2	-75	51555	7	0	1596	1478	72,2222,72,2222
1532436729.306240348	209	40	48	1	1	1	2	-76	51556	7	0	1596	1478	72,2222,72,2222
1532436729.318133592	209	40	48	1	1	1	2	-76	51557	7	0	1596	1478	72,2222,72,2222
1532436729.329890253	209	40	48	1	1	1	2	-76	51558	7	0	1596	1478	72,2222,72,2222
1532436729.341668654	209	40	48	1	1	1	2	-76	51559	7	0	1596	1478	72,2222,72,2222
1532436729.353883657	209	40	48	1	1	1	2	-75	51560	7	0	1596	1478	72,2222,72,2222
1532436729.365166487	209	40	48	1	1	1	2	-76	51561	7	0	1596	1478	72,2222,72,2222
1532436729.376862321	209	40	48	1	1	1	2	-74	51562	7	0	1596	1478	72,2222,72,2222
1532436729.388601173	209	40	48	1	1	1	2	-74	51563	7	0	1596	1478	72,2222,72,2222
1532436729.400359056	197	40	48	0	2	0	2	-80	51564	4	0	1596	1478	78,78
1532436729.412194515	197	40	48	0	2	0	2	-79	51565	4	0	1596	1478	78,78
1532436729.423879307	197	40	48	0	2	0	2	-80	51566	4	0	1596	1478	78,78
1532436729.435815351	197	40	48	0	2	0	2	-79	51567	4	0	1596	1478	78,78
1532436729.447561514	197	40	48	0	2	0	2	-79	51568	4	0	1596	1478	78,78
1532436729.459769347	197	40	48	0	2	0	2	-79	51569	4	0	1596	1478	78,78
1532436729.470982419	197	40	48	0	2	0	2	-80	51570	4	0	1596	1478	78,78
1532436729.482817402	197	40	48	0	2	0	2	-80	51571	4	0	1596	1478	78,78
1532436729.494650324	197	40	48	0	2	0	2	-78	51572	4	0	1596	1478	78,78
1532436729.506383312	197	40	48	0	2	0	2	-78	51574	4	0	1596	1478	78,78
1532436729.518132057	197	40	48	0	2	0	2	-78	51575	4	0	1596	1478	78,78
1532436729.529922029	197	40	48	0	2	0	2	-79	51576	4	0	1596	1478	78,78
1532436729.541673056	197	40	48	0	2	0	2	-78	51577	4	0	1596	1478	78,78
1532436729.553438430	197	40	48	0	2	0	2	-79	51578	4	0	1596	1478	78,78
1532436729.565100923	197	40	48	0	2	0	2	-79	51579	4	0	1596	1478	78,78
1532436729.576944325	197	40	48	0	2	0	2	-79	51580	4	0	1596	1478	78,78
1532436729.588724526	197	40	48	0	2	0	2	-79	51581	4	0	1596	1478	78,78
1532436729.600492204	197	40	48	0	2	0	2	-78	51582	4	0	1596	1478	78,78
1532436729.612232053	197	40	48	0	2	0	2	-78	51583	4	0	1596	1478	78,78
1532436729.624414739	197	40	48	0	2	0	2	-79	51584	4	0	1596	1478	78,78
1532436729.635755517	197	40	48	0	2	0	2	-79	51585	4	0	1596	1478	78,78
1532436729.647524167	197	40	48	0	2	0	2	-79	51586	4	0	1596	1478	78,78
1532436729.659280462	197	40	48	0	2	0	2	-80	51587	4	0	1596	1478	78,78
1532436729.671058807	197	40	48	0	2	0	2	-80	51588	4	0	1596	1478	78,78
1532436729.682777488	197	40	48	0	2	0	2	-79	51589	4	0	1596	1478	78,78
1532436729.694548102	197	40	48	0	2	0	2	-79	51590	4	0	1596	1478	78,78
1532436729.706319965	197	40	48	0	2	0	2	-79	51591	4	0	1596	1478	78,78
1532436729.718072085	197	40	48	0	2	0	2	-81	51592	4	0	1596	1478	78,78
1532436729.729850795	197	40	48	0	2	0	2	-81	51593	4	0	1596	1478	78,78
1532436729.741598403	197	40	48	0	2	0	2	-81	51594	4	0	1596	1478	78,78
1532436729.753350971	197	40	48	0	2	0	2	-80	51595	4	0	1596	1478	78,78
1532436729.765088032	197	40	48	0	2	0	2	-80	51596	4	0	1596	1478	78,78
1532436729.776862053	197	40	48	0	2	0	2	-80	51597	4	0	1596	1478	78,78
1532436729.789071868	197	40	48	0	2	0	2	-80	51598	4	0	1596	1478	78,78
1532436729.800397823	197	40	48	0	2	0	2	-80	51599	4	0	1596	1478	78,78
1532436729.812052946	197	40	48	0	2	0	2	-79	51600	4	0	1596	1478	78,78
1532436729.823849674	197	40	48	0	2	0	2	-79	51601	4	0	1596	1478	78,78
1532436729.835562032	197	40	48	0	2	0	2	-79	51602	4	0	1596	1478	78,78
1532436729.847348019	197	40	48	0	2	0	2	-80	51603	4	0	1596	1478	78,78
1532436729.859194168	197	40	48	0	2	0	2	-79	51604	4	0	1596	1478	78,78
1532436729.870854342	197	40	48	0	2	0	2	-78	51605	4	0	1596	1478	78,78
1532436729.882622666	197	40	48	0	2	0	2	-78	51606	4	0	1596	1478	78,78
1532436729.894395355	197	40	48	0	2	0	2	-79	51607	4	0	1596	1478	78,78
1532436729.906270637	197	40	48	0	2	0	2	-79	51608	4	0	1596	1478	78,78
1532436729.917990885	197	40	48	0	2	0	2	-79	51609	4	0	1596	1478	78,78
1532436729.929752863	197	40	48	0	2	0	2	-79	51610	4	0	1596	1478	78,78
1532436729.941515638	197	40	48	0	2	0	2	-79	51611	4	0	1596	1478	78,78
1532436729.953680000	197	40	48	0	2	0	2	-80	51613	4	0	1596	1478	78,78
1532436729.965209840	197	40	48	0	2	0	2	-80	51614	4	0	1596	1478	78,78
1532436729.976727768	197	40	48	0	2	0	2	-80	51615	4	0	1596	1478	78,78
1532436729.988417416	197	40	48	0	2	0	2	-79	51616	4	0	1596	1478	78,78
1532436730.000275523	197	40	48	0	2	0	2	-80	51617	4	0	1596	1478	78,78
1532436730.012087251	197	40	48	0	2	0	2	-80	51618	4	0	1596	1478	78,78
1532436730.023787442	197	40	48	0	2	0	2	-80	51619	4	0	1596	1478	78,78
1532436730.035555476	197	40	48	0	2	0	2	-80	51620	4	0	1596	1478	78,78
1532436730.047347363	197	40	48	0	2	0	2	-79	51621	4	0	1596	1478	78,78
1532436730.059149711	197	40	48	0	2	0	2	-79	51622	4	0	1596	1478	78,78
1532436730.070909374	197	40	48	0	2	0	2	-79	51623	4	0	1596	1478	78,78
1532436730.082684224	197	40	48	0	2	0	2	-79	51624	4	0	1596	1478	78,78
1532436730.094434678	197	40	48	0	2	0	2	-78	51625	4	0	1596	1478	78,78
1532436730.106215739	197	40	48	0	2	0	2	-78	51626	4	0	1596	1478	78,78
1532436730.119169114	197	40	48	0	2	0	2	-78	51628	4	0	1596	1478	78,78
1532436730.129737596	197	40	48	0	2	0	2	-77	51629	4	0	1596	1478	78,78
1532436730.141480842	197	40	48	0	2	0	2	-78	51630	4	0	1596	1478	78,78
1532436730.153165299	197	40	48	0	2	0	2	-78	51631	4	0	1596	1478	78,78
1532436730.164903925	197	40	48	0	2	0	2	-77	51632	4	0	1596	1478	78,78
1532436730.176764856	197	40	48	0	2	0	2	-77	51633	4	0	1596	1478	78,78
1532436730.188543728	197	40	48	0	2	0	2	-77	51634	4	0	1596	1478	78,78
1532436730.200298451	197	40	48	0	2	0	2	-78	51635	4	0	1596	1478	78,78
1532436730.211880613	197	40	48	0	2	0	2	-78	51636	4	0	1596	1478	78,78
1532436730.223676242	197	40	48	0	2	0	2	-77	51637	4	0	1596	1478	78,78
1532436730.235397428	197	40	48	0	2	0	2	-76	51638	4	0	1596	1478	78,78
1532436730.247138299	197	40	48	0	2	0	2	-76	51639	4	0	1596	1478	78,78
1532436730.258844253	197	40	48	0	2	0	2	-77	51640	4	0	1596	1478	78,78
1532436730.270679321	197	40	48	0	2	0	2	-76	51641	4	0	1596	1478	78,78
1532436730.282405119	158	40	48	0	2	0	2	-77	51643	5	0	1596	1478	104,104
1532436730.294037083	158	40	48	0	2	0	2	-78	51644	5	0	1596	1478	104,104
1532436730.305910966	158	40	48	0	2	0	2	-78	51645	5	0	1596	1478	104,104
1532436730.317648078	158	40	48	0	2	0	2	-77	51646	5	0	1596	1478	104,104
1532436730.329837504	158	40	48	0	2	0	2	-76	51647	5	0	1596	1478	104,104
1532436730.341592138	158	40	48	0	2	0	2	-76	51649	5	0	1596	1478	104,104
1532436730.354175169	158	40	48	0	2	0	2	-76	51653	5	0	1596	1478	104,104
1532436730.366448454	197	40	48	0	2	0	2	-76	51656	4	0	1596	1478	78,78
1532436730.376443087	197	40	48	0	2	0	2	-76	51657	4	0	1596	1478	78,78
1532436730.388290030	197	40	48	0	2	0	2	-77	51658	4	0	1596	1478	78,78
1532436730.400121667	197	40	48	0	2	0	2	-77	51659	4	0	1596	1478	78,78
1532436730.411795403	197	40	48	0	2	0	2	-78	51660	4	0	1596	1478	78,78
1532436730.423679623	197	40	48	0	2	0	2	-76	51661	4	0	1596	1478	78,78
1532436730.435444224	197	40	48	0	2	0	2	-76	51663	4	0	1596	1478	78,78
1532436730.447102449	197	40	48	0	2	0	2	-77	51664	4	0	1596	1478	78,78
1532436730.458945127	197	40	48	0	2	0	2	-76	51665	4	0	1596	1478	78,78
1532436730.470649054	197	40	48	0	2	0	2	-76	51666	4	0	1596	1478	78,78
1532436730.482495588	197	40	48	0	2	0	2	-75	51667	4	0	1596	1478	78,78
1532436730.494661058	197	40	48	0	2	0	2	-75	51668	4	0	1596	1478	78,78
1532436730.506021125	197	40	48	0	2	0	2	-74	51669	4	0	1596	1478	78,78
1532436730.517750187	197	40	48	0	2	0	2	-74	51670	4	0	1596	1478	78,78
1532436730.533098172	209	40	48	1	1	1	2	-72	51671	7	0	1596	1478	72,2222,72,2222
1532436730.541126630	209	40	48	1	1	1	2	-72	51672	7	0	1596	1478	72,2222,72,2222
1532436730.553055334	209	40	48	1	1	1	2	-72	51673	7	0	1596	1478	72,2222,72,2222
1532436730.564803016	209	40	48	1	1	1	2	-73	51674	7	0	1596	1478	72,2222,72,2222
1532436730.576572228	209	40	48	1	1	1	2	-72	51675	7	0	1596	1478	72,2222,72,2222
1532436730.588353670	209	40	48	1	1	1	2	-72	51676	7	0	1596	1478	72,2222,72,2222
1532436730.600094040	209	40	48	1	1	1	2	-72	51677	7	0	1596	1478	72,2222,72,2222
1532436730.611839312	209	40	48	1	1	1	2	-72	51678	7	0	1596	1478	72,2222,72,2222
1532436730.624059840	209	40	48	1	1	1	2	-72	51679	7	0	1596	1478	72,2222,72,2222
1532436730.635381398	209	40	48	1	1	1	2	-72	51680	7	0	1596	1478	72,2222,72,2222
1532436730.646899249	209	40	48	1	1	1	2	-73	51682	7	0	1596	1478	72,2222,72,2222
1532436730.658879631	209	40	48	1	1	1	2	-73	51683	7	0	1596	1478	72,2222,72,2222
1532436730.670645386	209	40	48	1	1	1	2	-72	51684	7	0	1596	1478	72,2222,72,2222
1532436730.682392035	197	40	48	0	2	0	2	-75	51685	4	0	1596	1478	78,78
1532436730.694157230	209	40	48	1	1	1	2	-72	51686	7	0	1596	1478	72,2222,72,2222
1532436730.705912147	209	40	48	1	1	1	2	-72	51687	7	0	1596	1478	72,2222,72,2222
1532436730.717609230	209	40	48	1	1	1	2	-72	51688	7	0	1596	1478	72,2222,72,2222
1532436730.729448837	209	40	48	1	1	1	2	-73	51689	7	0	1596	1478	72,2222,72,2222
1532436730.741216888	209	40	48	1	1	1	2	-72	51690	7	0	1596	1478	72,2222,72,2222
1532436730.752885463	197	40	48	0	2	0	2	-75	51691	4	0	1596	1478	78,78
1532436730.764723533	209	40	48	1	1	1	2	-72	51692	7	0	1596	1478	72,2222,72,2222
1532436730.776490040	209	40	48	1	1	1	2	-72	51693	7	0	1596	1478	72,2222,72,2222
1532436730.788244190	209	40	48	1	1	1	2	-72	51694	7	0	1596	1478	72,2222,72,2222
1532436730.800001340	209	40	48	1	1	1	2	-72	51695	7	0	1596	1478	72,2222,72,2222
1532436730.812244704	209	40	48	1	1	1	2	-71	51696	7	0	1596	1478	72,2222,72,2222
1532436730.823516132	209	40	48	1	1	1	2	-72	51697	7	0	1596	1478	72,2222,72,2222
1532436730.835557328	209	40	48	1	1	1	2	-72	51698	7	0	1596	1478	72,2222,72,2222
1532436730.846966138	209	40	48	1	1	1	2	-72	51699	7	0	1596	1478	72,2222,72,2222
1532436730.858732024	197	40	48	0	2	0	2	-74	51700	4	0	1596	1478	78,78
1532436730.870497685	209	40	48	1	1	1	2	-72	51701	7	0	1596	1478	72,2222,72,2222
1532436730.882220955	209	40	48	1	1	1	2	-71	51702	7	0	1596	1478	72,2222,72,2222
1532436730.894046193	209	40	48	1	1	1	2	-71	51703	7	0	1596	1478	72,2222,72,2222
1532436730.905837818	209	40	48	1	1	1	2	-72	51704	7	0	1596	1478	72,2222,72,2222
1532436730.917502752	209	40	48	1	1	1	2	-72	51705	7	0	1596	1478	72,2222,72,2222
1532436730.929361116	197	40	48	0	2	0	2	-74	51706	4	0	1596	1478	78,78
1532436730.941138024	209	40	48	1	1	1	2	-71	51708	7	0	1596	1478	72,2222,72,2222
1532436730.952896627	209	40	48	1	1	1	2	-72	51709	7	0	1596	1478	72,2222,72,2222
1532436730.964647761	209	40	48	1	1	1	2	-72	51710	7	0	1596	1478	72,2222,72,2222
1532436730.976229642	209	40	48	1	1	1	2	-72	51711	7	0	1596	1478	72,2222,72,2222
1532436730.988564014	209	40	48	1	1	1	2	-72	51712	7	0	1596	1478	72,2222,72,2222
1532436730.999825564	209	40	48	1	1	1	2	-71	51713	7	0	1596	1478	72,2222,72,2222
1532436731.011590627	209	40	48	1	1	1	2	-71	51714	7	0	1596	1478	72,2222,72,2222
1532436731.023339737	209	40	48	1	1	1	2	-71	51715	7	0	1596	1478	72,2222,72,2222
1532436731.035001069	197	40	48	0	2	0	2	-73	51716	4	0	1596	1478	78,78
