1526394972.503261442	158	40	48	0	2	0	2	-49	38914	5	0	1596	1478	104,104
1526394972.503306107	158	40	48	0	2	0	2	-49	38914	5	0	1596	1478	104,104
1526394972.503316225	158	40	48	0	2	0	2	-49	38914	5	0	1596	1478	104,104
1526394972.503323375	158	40	48	0	2	0	2	-49	38914	5	0	1596	1478	104,104
1526394972.504078651	158	40	48	0	2	0	2	-49	38915	5	0	1596	1478	104,104
1526394972.515110171	158	40	48	0	2	0	2	-49	38916	5	0	1596	1478	104,104
1526394972.526925115	158	40	48	0	2	0	2	-49	38917	5	0	1596	1478	104,104
1526394972.538658275	144	40	48	0	2	0	2	-49	38918	6	0	1596	1478	117,117
1526394972.550716001	144	40	48	0	2	0	2	-49	38919	6	0	1596	1478	117,117
1526394972.562476967	144	40	48	0	2	0	2	-50	38920	6	0	1596	1478	117,117
1526394972.574243227	144	40	48	0	2	0	2	-50	38921	6	0	1596	1478	117,117
1526394972.585994651	144	40	48	0	2	0	2	-50	38922	6	0	1596	1478	117,117
1526394972.597748507	124	40	48	1	2	0	2	-50	38923	7	0	1596	1478	144,444,144,444
1526394972.609304664	124	40	48	1	2	0	2	-50	38924	7	0	1596	1478	144,444,144,444
1526394972.621167012	124	40	48	1	2	0	2	-50	38925	7	0	1596	1478	144,444,144,444
1526394972.632948323	124	40	48	1	2	0	2	-50	38926	7	0	1596	1478	144,444,144,444
1526394972.644670682	124	40	48	1	2	0	2	-50	38927	7	0	1596	1478	144,444,144,444
1526394972.656428067	110	40	48	1	2	0	2	-50	38928	8	0	1596	1478	173,333,173,333
1526394972.668089284	110	40	48	1	2	0	2	-50	38929	8	0	1596	1478	173,333,173,333
1526394972.679950518	110	40	48	1	2	0	2	-50	38930	8	0	1596	1478	173,333,173,333
1526394972.691693688	110	40	48	1	2	0	2	-50	38931	8	0	1596	1478	173,333,173,333
1526394972.703796279	110	40	48	1	2	0	2	-50	38932	8	0	1596	1478	173,333,173,333
1526394972.715214859	110	40	48	1	2	0	2	-50	38933	8	0	1596	1478	173,333,173,333
1526394972.726891301	110	40	48	1	2	0	2	-50	38934	8	0	1596	1478	173,333,173,333
1526394972.738631528	110	40	48	1	2	0	2	-50	38935	8	0	1596	1478	173,333,173,333
1526394972.750386978	110	40	48	1	2	0	2	-50	38936	8	0	1596	1478	173,333,173,333
1526394972.762124591	110	40	48	1	2	0	2	-50	38937	8	0	1596	1478	173,333,173,333
1526394972.773891625	110	40	48	1	2	0	2	-50	38938	8	0	1596	1478	173,333,173,333
1526394972.785650735	110	40	48	1	2	0	2	-50	38939	8	0	1596	1478	173,333,173,333
1526394972.797410667	110	40	48	1	2	0	2	-50	38940	8	0	1596	1478	173,333,173,333
1526394972.809172891	110	40	48	1	2	0	2	-50	38941	8	0	1596	1478	173,333,173,333
1526394972.820926756	110	40	48	1	2	0	2	-50	38942	8	0	1596	1478	173,333,173,333
1526394972.832693850	110	40	48	1	2	0	2	-50	38943	8	0	1596	1478	173,333,173,333
1526394972.844439800	110	40	48	1	2	0	2	-50	38944	8	0	1596	1478	173,333,173,333
1526394972.856206313	110	40	48	1	2	0	2	-50	38945	8	0	1596	1478	173,333,173,333
1526394972.867964551	110	40	48	1	2	0	2	-50	38946	8	0	1596	1478	173,333,173,333
1526394972.879812016	110	40	48	1	2	0	2	-50	38947	8	0	1596	1478	173,333,173,333
1526394972.891588070	110	40	48	1	2	0	2	-50	38948	8	0	1596	1478	173,333,173,333
1526394972.903358640	110	40	48	1	2	0	2	-50	38949	8	0	1596	1478	173,333,173,333
1526394972.915106028	110	40	48	1	2	0	2	-49	38950	8	0	1596	1478	173,333,173,333
1526394972.926872100	110	40	48	1	2	0	2	-49	38951	8	0	1596	1478	173,333,173,333
1526394972.938633890	110	40	48	1	2	0	2	-49	38952	8	0	1596	1478	173,333,173,333
1526394972.950393329	110	40	48	1	2	0	2	-49	38953	8	0	1596	1478	173,333,173,333
1526394972.962201139	110	40	48	1	2	0	2	-49	38954	8	0	1596	1478	173,333,173,333
1526394972.973853534	110	40	48	1	2	0	2	-49	38955	8	0	1596	1478	173,333,173,333
1526394972.985674734	110	40	48	1	2	0	2	-49	38956	8	0	1596	1478	173,333,173,333
1526394972.997425335	110	40	48	1	2	0	2	-49	38957	8	0	1596	1478	173,333,173,333
1526394973.009188080	110	40	48	1	2	0	2	-49	38958	8	0	1596	1478	173,333,173,333
1526394973.020911099	110	40	48	1	2	0	2	-50	38959	8	0	1596	1478	173,333,173,333
1526394973.032615955	110	40	48	1	2	0	2	-49	38960	8	0	1596	1478	173,333,173,333
1526394973.044476683	110	40	48	1	2	0	2	-50	38961	8	0	1596	1478	173,333,173,333
1526394973.056316291	110	40	48	1	2	0	2	-50	38962	8	0	1596	1478	173,333,173,333
1526394973.068038273	110	40	48	1	2	0	2	-50	38963	8	0	1596	1478	173,333,173,333
1526394973.079876092	110	40	48	1	2	0	2	-50	38964	8	0	1596	1478	173,333,173,333
1526394973.091524775	110	40	48	1	2	0	2	-50	38965	8	0	1596	1478	173,333,173,333
1526394973.103376289	110	40	48	1	2	0	2	-50	38966	8	0	1596	1478	173,333,173,333
1526394973.115149263	110	40	48	1	2	0	2	-50	38967	8	0	1596	1478	173,333,173,333
1526394973.126929798	110	40	48	1	2	0	2	-50	38968	8	0	1596	1478	173,333,173,333
1526394973.138596305	110	40	48	1	2	0	2	-50	38969	8	0	1596	1478	173,333,173,333
1526394973.150430946	110	40	48	1	2	0	2	-50	38970	8	0	1596	1478	173,333,173,333
1526394973.162189323	110	40	48	1	2	0	2	-50	38971	8	0	1596	1478	173,333,173,333
1526394973.173962586	110	40	48	1	2	0	2	-50	38972	8	0	1596	1478	173,333,173,333
1526394973.185732186	110	40	48	1	2	0	2	-50	38973	8	0	1596	1478	173,333,173,333
1526394973.197471729	110	40	48	1	2	0	2	-50	38974	8	0	1596	1478	173,333,173,333
1526394973.209261092	110	40	48	1	2	0	2	-50	38975	8	0	1596	1478	173,333,173,333
1526394973.221008092	110	40	48	1	2	0	2	-50	38976	8	0	1596	1478	173,333,173,333
1526394973.232773334	110	40	48	1	2	0	2	-50	38977	8	0	1596	1478	173,333,173,333
1526394973.244531213	110	40	48	1	2	0	2	-50	38978	8	0	1596	1478	173,333,173,333
1526394973.256207870	110	40	48	1	2	0	2	-50	38979	8	0	1596	1478	173,333,173,333
1526394973.267906973	110	40	48	1	2	0	2	-50	38980	8	0	1596	1478	173,333,173,333
1526394973.279785049	110	40	48	1	2	0	2	-50	38981	8	0	1596	1478	173,333,173,333
1526394973.291579907	110	40	48	1	2	0	2	-50	38982	8	0	1596	1478	173,333,173,333
1526394973.303187753	110	40	48	1	2	0	2	-50	38983	8	0	1596	1478	173,333,173,333
1526394973.315093534	110	40	48	1	2	0	2	-50	38984	8	0	1596	1478	173,333,173,333
1526394973.326833718	110	40	48	1	2	0	2	-50	38985	8	0	1596	1478	173,333,173,333
1526394973.338595658	110	40	48	1	2	0	2	-50	38986	8	0	1596	1478	173,333,173,333
1526394973.350368963	110	40	48	1	2	0	2	-50	38987	8	0	1596	1478	173,333,173,333
1526394973.362132253	110	40	48	1	2	0	2	-50	38988	8	0	1596	1478	173,333,173,333
1526394973.373901052	110	40	48	1	2	0	2	-50	38989	8	0	1596	1478	173,333,173,333
1526394973.385661650	110	40	48	1	2	0	2	-50	38990	8	0	1596	1478	173,333,173,333
1526394973.397404681	110	40	48	1	2	0	2	-50	38991	8	0	1596	1478	173,333,173,333
1526394973.409145550	110	40	48	1	2	0	2	-50	38992	8	0	1596	1478	173,333,173,333
1526394973.420921681	110	40	48	1	2	0	2	-50	38993	8	0	1596	1478	173,333,173,333
1526394973.432686882	110	40	48	1	2	0	2	-50	38994	8	0	1596	1478	173,333,173,333
1526394973.444359674	110	40	48	1	2	0	2	-50	38995	8	0	1596	1478	173,333,173,333
1526394973.456193657	110	40	48	1	2	0	2	-50	38996	8	0	1596	1478	173,333,173,333
1526394973.467971765	110	40	48	1	2	0	2	-50	38997	8	0	1596	1478	173,333,173,333
1526394973.479721169	110	40	48	1	2	0	2	-50	38998	8	0	1596	1478	173,333,173,333
1526394973.491498058	110	40	48	1	2	0	2	-50	38999	8	0	1596	1478	173,333,173,333
1526394973.503205765	110	40	48	1	2	0	2	-50	39000	8	0	1596	1478	173,333,173,333
1526394973.514931336	110	40	48	1	2	0	2	-50	39001	8	0	1596	1478	173,333,173,333
1526394973.526691803	110	40	48	1	2	0	2	-50	39002	8	0	1596	1478	173,333,173,333
1526394973.538515700	110	40	48	1	2	0	2	-50	39003	8	0	1596	1478	173,333,173,333
1526394973.550301806	110	40	48	1	2	0	2	-50	39004	8	0	1596	1478	173,333,173,333
1526394973.562054245	110	40	48	1	2	0	2	-50	39005	8	0	1596	1478	173,333,173,333
1526394973.573803657	110	40	48	1	2	0	2	-50	39006	8	0	1596	1478	173,333,173,333
1526394973.585512046	110	40	48	1	2	0	2	-50	39007	8	0	1596	1478	173,333,173,333
1526394973.597185459	110	40	48	1	2	0	2	-50	39008	8	0	1596	1478	173,333,173,333
1526394973.608958108	110	40	48	1	2	0	2	-50	39009	8	0	1596	1478	173,333,173,333
1526394973.620800078	110	40	48	1	2	0	2	-51	39010	8	0	1596	1478	173,333,173,333
1526394973.632496629	110	40	48	1	2	0	2	-50	39011	8	0	1596	1478	173,333,173,333
1526394973.644367528	110	40	48	1	2	0	2	-50	39012	8	0	1596	1478	173,333,173,333
1526394973.656046200	110	40	48	1	2	0	2	-51	39013	8	0	1596	1478	173,333,173,333
1526394973.667813168	110	40	48	1	2	0	2	-50	39014	8	0	1596	1478	173,333,173,333
1526394973.679586339	110	40	48	1	2	0	2	-51	39015	8	0	1596	1478	173,333,173,333
1526394973.691344968	110	40	48	1	2	0	2	-50	39016	8	0	1596	1478	173,333,173,333
1526394973.703051731	110	40	48	1	2	0	2	-50	39017	8	0	1596	1478	173,333,173,333
1526394973.714816187	110	40	48	1	2	0	2	-50	39018	8	0	1596	1478	173,333,173,333
1526394973.726580449	110	40	48	1	2	0	2	-51	39019	8	0	1596	1478	173,333,173,333
1526394973.738317794	110	40	48	1	2	0	2	-50	39020	8	0	1596	1478	173,333,173,333
1526394973.750073216	110	40	48	1	2	0	2	-50	39021	8	0	1596	1478	173,333,173,333
1526394973.761826675	110	40	48	1	2	0	2	-50	39022	8	0	1596	1478	173,333,173,333
1526394973.773602779	110	40	48	1	2	0	2	-50	39023	8	0	1596	1478	173,333,173,333
1526394973.785360620	110	40	48	1	2	0	2	-50	39024	8	0	1596	1478	173,333,173,333
1526394973.797119883	110	40	48	1	2	0	2	-50	39025	8	0	1596	1478	173,333,173,333
1526394973.808888112	110	40	48	1	2	0	2	-50	39026	8	0	1596	1478	173,333,173,333
1526394973.820642076	110	40	48	1	2	0	2	-50	39027	8	0	1596	1478	173,333,173,333
1526394973.832401277	110	40	48	1	2	0	2	-50	39028	8	0	1596	1478	173,333,173,333
1526394973.844148376	110	40	48	1	2	0	2	-50	39029	8	0	1596	1478	173,333,173,333
1526394973.855908753	110	40	48	1	2	0	2	-50	39030	8	0	1596	1478	173,333,173,333
1526394973.867684977	110	40	48	1	2	0	2	-50	39031	8	0	1596	1478	173,333,173,333
1526394973.879417106	110	40	48	1	2	0	2	-51	39032	8	0	1596	1478	173,333,173,333
1526394973.891179207	110	40	48	1	2	0	2	-50	39033	8	0	1596	1478	173,333,173,333
1526394973.902957938	110	40	48	1	2	0	2	-51	39034	8	0	1596	1478	173,333,173,333
1526394973.914711063	110	40	48	1	2	0	2	-51	39035	8	0	1596	1478	173,333,173,333
1526394973.926484033	110	40	48	1	2	0	2	-51	39036	8	0	1596	1478	173,333,173,333
1526394973.938227486	110	40	48	1	2	0	2	-50	39037	8	0	1596	1478	173,333,173,333
1526394973.950026003	110	40	48	1	2	0	2	-51	39038	8	0	1596	1478	173,333,173,333
1526394973.961835685	110	40	48	1	2	0	2	-50	39039	8	0	1596	1478	173,333,173,333
1526394973.973629370	110	40	48	1	2	0	2	-50	39040	8	0	1596	1478	173,333,173,333
1526394973.985405855	110	40	48	1	2	0	2	-51	39041	8	0	1596	1478	173,333,173,333
1526394973.997164416	110	40	48	1	2	0	2	-50	39042	8	0	1596	1478	173,333,173,333
1526394974.008908477	110	40	48	1	2	0	2	-50	39043	8	0	1596	1478	173,333,173,333
1526394974.020728408	110	40	48	1	2	0	2	-50	39044	8	0	1596	1478	173,333,173,333
1526394974.032321942	110	40	48	1	2	0	2	-50	39045	8	0	1596	1478	173,333,173,333
1526394974.044232751	110	40	48	1	2	0	2	-50	39046	8	0	1596	1478	173,333,173,333
1526394974.055961424	110	40	48	1	2	0	2	-50	39047	8	0	1596	1478	173,333,173,333
1526394974.067749118	110	40	48	1	2	0	2	-50	39048	8	0	1596	1478	173,333,173,333
1526394974.079513426	110	40	48	1	2	0	2	-51	39049	8	0	1596	1478	173,333,173,333
1526394974.091238555	110	40	48	1	2	0	2	-50	39050	8	0	1596	1478	173,333,173,333
1526394974.102940413	110	40	48	1	2	0	2	-51	39051	8	0	1596	1478	173,333,173,333
1526394974.114676930	110	40	48	1	2	0	2	-51	39052	8	0	1596	1478	173,333,173,333
1526394974.126399423	110	40	48	1	2	0	2	-50	39053	8	0	1596	1478	173,333,173,333
1526394974.138283389	110	40	48	1	2	0	2	-50	39054	8	0	1596	1478	173,333,173,333
1526394974.149974541	110	40	48	1	2	0	2	-50	39055	8	0	1596	1478	173,333,173,333
1526394974.161789050	110	40	48	1	2	0	2	-51	39056	8	0	1596	1478	173,333,173,333
1526394974.173478781	110	40	48	1	2	0	2	-50	39057	8	0	1596	1478	173,333,173,333
1526394974.185314094	110	40	48	1	2	0	2	-50	39058	8	0	1596	1478	173,333,173,333
1526394974.197086127	110	40	48	1	2	0	2	-51	39059	8	0	1596	1478	173,333,173,333
1526394974.208840464	110	40	48	1	2	0	2	-50	39060	8	0	1596	1478	173,333,173,333
1526394974.220599741	110	40	48	1	2	0	2	-50	39061	8	0	1596	1478	173,333,173,333
1526394974.232369114	110	40	48	1	2	0	2	-50	39062	8	0	1596	1478	173,333,173,333
1526394974.244107101	110	40	48	1	2	0	2	-51	39063	8	0	1596	1478	173,333,173,333
1526394974.255873809	110	40	48	1	2	0	2	-51	39064	8	0	1596	1478	173,333,173,333
1526394974.267633321	110	40	48	1	2	0	2	-50	39065	8	0	1596	1478	173,333,173,333
1526394974.279409377	110	40	48	1	2	0	2	-50	39066	8	0	1596	1478	173,333,173,333
1526394974.291178023	110	40	48	1	2	0	2	-51	39067	8	0	1596	1478	173,333,173,333
1526394974.302934864	110	40	48	1	2	0	2	-51	39068	8	0	1596	1478	173,333,173,333
1526394974.314692361	110	40	48	1	2	0	2	-50	39069	8	0	1596	1478	173,333,173,333
1526394974.326372327	110	40	48	1	2	0	2	-50	39070	8	0	1596	1478	173,333,173,333
1526394974.338199825	110	40	48	1	2	0	2	-50	39071	8	0	1596	1478	173,333,173,333
1526394974.349965025	110	40	48	1	2	0	2	-50	39072	8	0	1596	1478	173,333,173,333
1526394974.361643164	110	40	48	1	2	0	2	-50	39073	8	0	1596	1478	173,333,173,333
1526394974.373467975	110	40	48	1	2	0	2	-50	39074	8	0	1596	1478	173,333,173,333
1526394974.385137801	110	40	48	1	2	0	2	-51	39075	8	0	1596	1478	173,333,173,333
1526394974.397010304	110	40	48	1	2	0	2	-50	39076	8	0	1596	1478	173,333,173,333
1526394974.408768659	110	40	48	1	2	0	2	-50	39077	8	0	1596	1478	173,333,173,333
1526394974.420479838	110	40	48	1	2	0	2	-50	39078	8	0	1596	1478	173,333,173,333
1526394974.432236861	110	40	48	1	2	0	2	-50	39079	8	0	1596	1478	173,333,173,333
1526394974.444500957	110	40	48	1	2	0	2	-50	39080	8	0	1596	1478	173,333,173,333
1526394974.455749042	110	40	48	1	2	0	2	-50	39081	8	0	1596	1478	173,333,173,333
1526394974.467504107	110	40	48	1	2	0	2	-51	39082	8	0	1596	1478	173,333,173,333
1526394974.479278643	110	40	48	1	2	0	2	-50	39083	8	0	1596	1478	173,333,173,333
1526394974.491035005	110	40	48	1	2	0	2	-50	39084	8	0	1596	1478	173,333,173,333
1526394974.502778184	110	40	48	1	2	0	2	-50	39085	8	0	1596	1478	173,333,173,333
1526394974.514553421	110	40	48	1	2	0	2	-50	39086	8	0	1596	1478	173,333,173,333
1526394974.526316773	110	40	48	1	2	0	2	-50	39087	8	0	1596	1478	173,333,173,333
1526394974.538086135	110	40	48	1	2	0	2	-50	39088	8	0	1596	1478	173,333,173,333
1526394974.549843720	110	40	48	1	2	0	2	-50	39089	8	0	1596	1478	173,333,173,333
1526394974.561506887	110	40	48	1	2	0	2	-50	39090	8	0	1596	1478	173,333,173,333
1526394974.573262823	110	40	48	1	2	0	2	-50	39091	8	0	1596	1478	173,333,173,333
1526394974.585017916	110	40	48	1	2	0	2	-50	39092	8	0	1596	1478	173,333,173,333
1526394974.596908188	110	40	48	1	2	0	2	-50	39093	8	0	1596	1478	173,333,173,333
1526394974.608665234	110	40	48	1	2	0	2	-50	39094	8	0	1596	1478	173,333,173,333
1526394974.620439389	110	40	48	1	2	0	2	-50	39095	8	0	1596	1478	173,333,173,333
1526394974.632058060	110	40	48	1	2	0	2	-50	39096	8	0	1596	1478	173,333,173,333
1526394974.643822123	110	40	48	1	2	0	2	-50	39097	8	0	1596	1478	173,333,173,333
1526394974.655760577	110	40	48	1	2	0	2	-50	39098	8	0	1596	1478	173,333,173,333
1526394974.667366493	110	40	48	1	2	0	2	-50	39099	8	0	1596	1478	173,333,173,333
1526394974.679142188	110	40	48	1	2	0	2	-50	39100	8	0	1596	1478	173,333,173,333
1526394974.690859520	110	40	48	1	2	0	2	-50	39101	8	0	1596	1478	173,333,173,333
1526394974.702664469	110	40	48	1	2	0	2	-50	39102	8	0	1596	1478	173,333,173,333
1526394974.714394858	110	40	48	1	2	0	2	-50	39103	8	0	1596	1478	173,333,173,333
1526394974.726151173	110	40	48	1	2	0	2	-50	39104	8	0	1596	1478	173,333,173,333
1526394974.737921820	110	40	48	1	2	0	2	-50	39105	8	0	1596	1478	173,333,173,333
1526394974.749690535	110	40	48	1	2	0	2	-50	39106	8	0	1596	1478	173,333,173,333
1526394974.761440208	110	40	48	1	2	0	2	-50	39107	8	0	1596	1478	173,333,173,333
1526394974.773181168	110	40	48	1	2	0	2	-50	39108	8	0	1596	1478	173,333,173,333
1526394974.784948778	110	40	48	1	2	0	2	-50	39109	8	0	1596	1478	173,333,173,333
1526394974.796714704	110	40	48	1	2	0	2	-50	39110	8	0	1596	1478	173,333,173,333
1526394974.808464922	110	40	48	1	2	0	2	-50	39111	8	0	1596	1478	173,333,173,333
1526394974.820239334	110	40	48	1	2	0	2	-50	39112	8	0	1596	1478	173,333,173,333
1526394974.831999575	110	40	48	1	2	0	2	-50	39113	8	0	1596	1478	173,333,173,333
1526394974.843763807	110	40	48	1	2	0	2	-50	39114	8	0	1596	1478	173,333,173,333
1526394974.855522462	110	40	48	1	2	0	2	-50	39115	8	0	1596	1478	173,333,173,333
1526394974.867272175	110	40	48	1	2	0	2	-50	39116	8	0	1596	1478	173,333,173,333
1526394974.879148862	110	40	48	1	2	0	2	-50	39117	8	0	1596	1478	173,333,173,333
1526394974.890917959	110	40	48	1	2	0	2	-50	39118	8	0	1596	1478	173,333,173,333
1526394974.902685893	110	40	48	1	2	0	2	-50	39119	8	0	1596	1478	173,333,173,333
1526394974.914395567	110	40	48	1	2	0	2	-50	39120	8	0	1596	1478	173,333,173,333
1526394974.926186134	110	40	48	1	2	0	2	-50	39121	8	0	1596	1478	173,333,173,333
1526394974.937972711	110	40	48	1	2	0	2	-50	39122	8	0	1596	1478	173,333,173,333
1526394974.949759961	110	40	48	1	2	0	2	-50	39123	8	0	1596	1478	173,333,173,333
1526394974.961462614	110	40	48	1	2	0	2	-50	39124	8	0	1596	1478	173,333,173,333
1526394974.973239396	110	40	48	1	2	0	2	-50	39125	8	0	1596	1478	173,333,173,333
1526394974.984993626	110	40	48	1	2	0	2	-50	39126	8	0	1596	1478	173,333,173,333
1526394974.996675758	110	40	48	1	2	0	2	-50	39127	8	0	1596	1478	173,333,173,333
1526394975.008524951	110	40	48	1	2	0	2	-50	39128	8	0	1596	1478	173,333,173,333
1526394975.020286623	110	40	48	1	2	0	2	-50	39129	8	0	1596	1478	173,333,173,333
1526394975.031958184	110	40	48	1	2	0	2	-50	39130	8	0	1596	1478	173,333,173,333
1526394975.043804096	110	40	48	1	2	0	2	-50	39131	8	0	1596	1478	173,333,173,333
1526394975.055560351	110	40	48	1	2	0	2	-50	39132	8	0	1596	1478	173,333,173,333
1526394975.067326011	110	40	48	1	2	0	2	-50	39133	8	0	1596	1478	173,333,173,333
1526394975.079087468	110	40	48	1	2	0	2	-50	39134	8	0	1596	1478	173,333,173,333
1526394975.090853828	110	40	48	1	2	0	2	-50	39135	8	0	1596	1478	173,333,173,333
1526394975.102610776	110	40	48	1	2	0	2	-50	39136	8	0	1596	1478	173,333,173,333
1526394975.114371848	110	40	48	1	2	0	2	-50	39137	8	0	1596	1478	173,333,173,333
1526394975.126115325	110	40	48	1	2	0	2	-50	39138	8	0	1596	1478	173,333,173,333
1526394975.137755069	110	40	48	1	2	0	2	-50	39139	8	0	1596	1478	173,333,173,333
1526394975.149531291	110	40	48	1	2	0	2	-50	39140	8	0	1596	1478	173,333,173,333
1526394975.161720018	110	40	48	1	2	0	2	-50	39141	8	0	1596	1478	173,333,173,333
1526394975.173158596	110	40	48	1	2	0	2	-50	39142	8	0	1596	1478	173,333,173,333
1526394975.184909609	110	40	48	1	2	0	2	-50	39143	8	0	1596	1478	173,333,173,333
1526394975.196674365	110	40	48	1	2	0	2	-50	39144	8	0	1596	1478	173,333,173,333
1526394975.208444658	110	40	48	1	2	0	2	-50	39145	8	0	1596	1478	173,333,173,333
1526394975.220195892	110	40	48	1	2	0	2	-50	39146	8	0	1596	1478	173,333,173,333
1526394975.231874232	110	40	48	1	2	0	2	-50	39147	8	0	1596	1478	173,333,173,333
1526394975.243647407	110	40	48	1	2	0	2	-50	39148	8	0	1596	1478	173,333,173,333
1526394975.255381408	110	40	48	1	2	0	2	-50	39149	8	0	1596	1478	173,333,173,333
1526394975.267232232	110	40	48	1	2	0	2	-50	39150	8	0	1596	1478	173,333,173,333
1526394975.279012447	110	40	48	1	2	0	2	-50	39151	8	0	1596	1478	173,333,173,333
1526394975.290767307	110	40	48	1	2	0	2	-50	39152	8	0	1596	1478	173,333,173,333
1526394975.302496840	110	40	48	1	2	0	2	-50	39153	8	0	1596	1478	173,333,173,333
1526394975.314273807	110	40	48	1	2	0	2	-50	39154	8	0	1596	1478	173,333,173,333
1526394975.326052694	110	40	48	1	2	0	2	-50	39155	8	0	1596	1478	173,333,173,333
1526394975.337812765	110	40	48	1	2	0	2	-50	39156	8	0	1596	1478	173,333,173,333
1526394975.349585191	110	40	48	1	2	0	2	-50	39157	8	0	1596	1478	173,333,173,333
1526394975.361321287	110	40	48	1	2	0	2	-50	39158	8	0	1596	1478	173,333,173,333
1526394975.373092554	110	40	48	1	2	0	2	-50	39159	8	0	1596	1478	173,333,173,333
1526394975.384833226	110	40	48	1	2	0	2	-50	39160	8	0	1596	1478	173,333,173,333
1526394975.396595717	110	40	48	1	2	0	2	-50	39161	8	0	1596	1478	173,333,173,333
1526394975.408385392	110	40	48	1	2	0	2	-50	39162	8	0	1596	1478	173,333,173,333
1526394975.420140437	110	40	48	1	2	0	2	-50	39163	8	0	1596	1478	173,333,173,333
1526394975.431888903	110	40	48	1	2	0	2	-50	39164	8	0	1596	1478	173,333,173,333
1526394975.443645215	110	40	48	1	2	0	2	-50	39165	8	0	1596	1478	173,333,173,333
1526394975.455340002	110	40	48	1	2	0	2	-50	39166	8	0	1596	1478	173,333,173,333
1526394975.467197972	110	40	48	1	2	0	2	-50	39167	8	0	1596	1478	173,333,173,333
1526394975.478921811	110	40	48	1	2	0	2	-50	39168	8	0	1596	1478	173,333,173,333
1526394975.490674233	110	40	48	1	2	0	2	-50	39169	8	0	1596	1478	173,333,173,333
1526394975.502447500	110	40	48	1	2	0	2	-50	39170	8	0	1596	1478	173,333,173,333
1526394975.514209648	110	40	48	1	2	0	2	-50	39171	8	0	1596	1478	173,333,173,333
1526394975.525950357	110	40	48	1	2	0	2	-50	39172	8	0	1596	1478	173,333,173,333
1526394975.537632336	110	40	48	1	2	0	2	-50	39173	8	0	1596	1478	173,333,173,333
1526394975.549412151	110	40	48	1	2	0	2	-50	39174	8	0	1596	1478	173,333,173,333
1526394975.561165070	110	40	48	1	2	0	2	-50	39175	8	0	1596	1478	173,333,173,333
1526394975.572891532	110	40	48	1	2	0	2	-50	39176	8	0	1596	1478	173,333,173,333
1526394975.584666257	110	40	48	1	2	0	2	-50	39177	8	0	1596	1478	173,333,173,333
1526394975.596351554	110	40	48	1	2	0	2	-50	39178	8	0	1596	1478	173,333,173,333
1526394975.608107543	110	40	48	1	2	0	2	-50	39179	8	0	1596	1478	173,333,173,333
1526394975.619947620	110	40	48	1	2	0	2	-50	39180	8	0	1596	1478	173,333,173,333
1526394975.631708559	110	40	48	1	2	0	2	-50	39181	8	0	1596	1478	173,333,173,333
1526394975.643384367	110	40	48	1	2	0	2	-50	39182	8	0	1596	1478	173,333,173,333
1526394975.655184410	110	40	48	1	2	0	2	-50	39183	8	0	1596	1478	173,333,173,333
1526394975.666804124	110	40	48	1	2	0	2	-50	39184	8	0	1596	1478	173,333,173,333
1526394975.678783588	110	40	48	1	2	0	2	-50	39185	8	0	1596	1478	173,333,173,333
1526394975.690527182	110	40	48	1	2	0	2	-50	39186	8	0	1596	1478	173,333,173,333
1526394975.702316552	110	40	48	1	2	0	2	-50	39187	8	0	1596	1478	173,333,173,333
1526394975.714060082	110	40	48	1	2	0	2	-50	39188	8	0	1596	1478	173,333,173,333
1526394975.725821514	110	40	48	1	2	0	2	-50	39189	8	0	1596	1478	173,333,173,333
1526394975.737475032	110	40	48	1	2	0	2	-50	39190	8	0	1596	1478	173,333,173,333
1526394975.749229637	110	40	48	1	2	0	2	-50	39191	8	0	1596	1478	173,333,173,333
1526394975.761091487	110	40	48	1	2	0	2	-50	39192	8	0	1596	1478	173,333,173,333
1526394975.772844968	110	40	48	1	2	0	2	-50	39193	8	0	1596	1478	173,333,173,333
1526394975.784627615	110	40	48	1	2	0	2	-50	39194	8	0	1596	1478	173,333,173,333
1526394975.796368929	110	40	48	1	2	0	2	-50	39195	8	0	1596	1478	173,333,173,333
1526394975.808226422	110	40	48	1	2	0	2	-50	39196	8	0	1596	1478	173,333,173,333
1526394975.819991177	110	40	48	1	2	0	2	-50	39197	8	0	1596	1478	173,333,173,333
1526394975.831782590	110	40	48	1	2	0	2	-50	39198	8	0	1596	1478	173,333,173,333
1526394975.843584839	110	40	48	1	2	0	2	-50	39199	8	0	1596	1478	173,333,173,333
1526394975.855294693	110	40	48	1	2	0	2	-50	39200	8	0	1596	1478	173,333,173,333
1526394975.866954398	110	40	48	1	2	0	2	-50	39201	8	0	1596	1478	173,333,173,333
1526394975.878634641	110	40	48	1	2	0	2	-50	39202	8	0	1596	1478	173,333,173,333
1526394975.890878242	110	40	48	1	2	0	2	-50	39203	8	0	1596	1478	173,333,173,333
1526394975.902229200	110	40	48	1	2	0	2	-50	39204	8	0	1596	1478	173,333,173,333
1526394975.913893951	110	40	48	1	2	0	2	-50	39205	8	0	1596	1478	173,333,173,333
1526394975.925761024	110	40	48	1	2	0	2	-50	39206	8	0	1596	1478	173,333,173,333
1526394975.937520888	110	40	48	1	2	0	2	-50	39207	8	0	1596	1478	173,333,173,333
1526394975.949320169	110	40	48	1	2	0	2	-50	39208	8	0	1596	1478	173,333,173,333
1526394975.961029498	110	40	48	1	2	0	2	-50	39209	8	0	1596	1478	173,333,173,333
1526394975.972855723	110	40	48	1	2	0	2	-50	39210	8	0	1596	1478	173,333,173,333
1526394975.984612564	110	40	48	1	2	0	2	-50	39211	8	0	1596	1478	173,333,173,333
1526394975.996379789	110	40	48	1	2	0	2	-50	39212	8	0	1596	1478	173,333,173,333
1526394976.008131869	110	40	48	1	2	0	2	-50	39213	8	0	1596	1478	173,333,173,333
1526394976.019899902	110	40	48	1	2	0	2	-50	39214	8	0	1596	1478	173,333,173,333
1526394976.031574640	110	40	48	1	2	0	2	-50	39215	8	0	1596	1478	173,333,173,333
1526394976.043403888	110	40	48	1	2	0	2	-50	39216	8	0	1596	1478	173,333,173,333
1526394976.055156339	110	40	48	1	2	0	2	-50	39217	8	0	1596	1478	173,333,173,333
1526394976.066928117	110	40	48	1	2	0	2	-50	39218	8	0	1596	1478	173,333,173,333
1526394976.078684165	110	40	48	1	2	0	2	-50	39219	8	0	1596	1478	173,333,173,333
1526394976.090448097	110	40	48	1	2	0	2	-50	39220	8	0	1596	1478	173,333,173,333
1526394976.102224305	110	40	48	1	2	0	2	-50	39221	8	0	1596	1478	173,333,173,333
1526394976.113954384	110	40	48	1	2	0	2	-50	39222	8	0	1596	1478	173,333,173,333
1526394976.125755786	110	40	48	1	2	0	2	-50	39223	8	0	1596	1478	173,333,173,333
1526394976.137388543	110	40	48	1	2	0	2	-50	39224	8	0	1596	1478	173,333,173,333
1526394976.149258297	110	40	48	1	2	0	2	-50	39225	8	0	1596	1478	173,333,173,333
1526394976.160941198	110	40	48	1	2	0	2	-50	39226	8	0	1596	1478	173,333,173,333
1526394976.172644373	110	40	48	1	2	0	2	-50	39227	8	0	1596	1478	173,333,173,333
1526394976.185335922	110	40	48	1	2	0	2	-50	39228	8	0	1596	1478	173,333,173,333
1526394976.196258422	110	40	48	1	2	0	2	-50	39229	8	0	1596	1478	173,333,173,333
1526394976.208018528	110	40	48	1	2	0	2	-50	39230	8	0	1596	1478	173,333,173,333
1526394976.219801609	110	40	48	1	2	0	2	-50	39231	8	0	1596	1478	173,333,173,333
1526394976.231491548	110	40	48	1	2	0	2	-50	39232	8	0	1596	1478	173,333,173,333
1526394976.243220957	110	40	48	1	2	0	2	-50	39233	8	0	1596	1478	173,333,173,333
1526394976.254995774	110	40	48	1	2	0	2	-50	39234	8	0	1596	1478	173,333,173,333
1526394976.266836528	110	40	48	1	2	0	2	-50	39235	8	0	1596	1478	173,333,173,333
1526394976.278602091	110	40	48	1	2	0	2	-50	39236	8	0	1596	1478	173,333,173,333
1526394976.290365275	110	40	48	1	2	0	2	-51	39237	8	0	1596	1478	173,333,173,333
1526394976.302143379	110	40	48	1	2	0	2	-50	39238	8	0	1596	1478	173,333,173,333
1526394976.313875811	110	40	48	1	2	0	2	-50	39239	8	0	1596	1478	173,333,173,333
1526394976.325652126	110	40	48	1	2	0	2	-50	39240	8	0	1596	1478	173,333,173,333
1526394976.337403951	110	40	48	1	2	0	2	-50	39241	8	0	1596	1478	173,333,173,333
1526394976.349053158	110	40	48	1	2	0	2	-50	39242	8	0	1596	1478	173,333,173,333
1526394976.360932471	110	40	48	1	2	0	2	-51	39243	8	0	1596	1478	173,333,173,333
1526394976.372672276	110	40	48	1	2	0	2	-50	39244	8	0	1596	1478	173,333,173,333
1526394976.384434427	110	40	48	1	2	0	2	-50	39245	8	0	1596	1478	173,333,173,333
1526394976.396203714	110	40	48	1	2	0	2	-51	39246	8	0	1596	1478	173,333,173,333
1526394976.407961457	110	40	48	1	2	0	2	-50	39247	8	0	1596	1478	173,333,173,333
1526394976.419743598	110	40	48	1	2	0	2	-50	39248	8	0	1596	1478	173,333,173,333
1526394976.431460602	110	40	48	1	2	0	2	-50	39249	8	0	1596	1478	173,333,173,333
1526394976.443251330	110	40	48	1	2	0	2	-50	39250	8	0	1596	1478	173,333,173,333
1526394976.455014805	110	40	48	1	2	0	2	-50	39251	8	0	1596	1478	173,333,173,333
1526394976.466768664	110	40	48	1	2	0	2	-50	39252	8	0	1596	1478	173,333,173,333
1526394976.478529842	110	40	48	1	2	0	2	-50	39253	8	0	1596	1478	173,333,173,333
1526394976.490281210	110	40	48	1	2	0	2	-50	39254	8	0	1596	1478	173,333,173,333
1526394976.501959983	110	40	48	1	2	0	2	-51	39255	8	0	1596	1478	173,333,173,333
1526394976.513717100	110	40	48	1	2	0	2	-50	39256	8	0	1596	1478	173,333,173,333
1526394976.525563399	110	40	48	1	2	0	2	-51	39257	8	0	1596	1478	173,333,173,333
1526394976.537316372	110	40	48	1	2	0	2	-50	39258	8	0	1596	1478	173,333,173,333
1526394976.549071716	110	40	48	1	2	0	2	-50	39259	8	0	1596	1478	173,333,173,333
1526394976.560863969	110	40	48	1	2	0	2	-51	39260	8	0	1596	1478	173,333,173,333
1526394976.572600793	110	40	48	1	2	0	2	-51	39261	8	0	1596	1478	173,333,173,333
1526394976.584308314	110	40	48	1	2	0	2	-51	39262	8	0	1596	1478	173,333,173,333
1526394976.596150508	110	40	48	1	2	0	2	-50	39263	8	0	1596	1478	173,333,173,333
1526394976.608491646	110	40	48	1	2	0	2	-50	39264	8	0	1596	1478	173,333,173,333
1526394976.619644328	110	40	48	1	2	0	2	-50	39265	8	0	1596	1478	173,333,173,333
1526394976.631230180	110	40	48	1	2	0	2	-51	39266	8	0	1596	1478	173,333,173,333
1526394976.642978375	110	40	48	1	2	0	2	-50	39267	8	0	1596	1478	173,333,173,333
1526394976.654859903	110	40	48	1	2	0	2	-50	39268	8	0	1596	1478	173,333,173,333
1526394976.666683287	110	40	48	1	2	0	2	-50	39269	8	0	1596	1478	173,333,173,333
1526394976.678292114	110	40	48	1	2	0	2	-50	39270	8	0	1596	1478	173,333,173,333
1526394976.690208557	110	40	48	1	2	0	2	-50	39271	8	0	1596	1478	173,333,173,333
1526394976.701990778	110	40	48	1	2	0	2	-50	39272	8	0	1596	1478	173,333,173,333
1526394976.713699019	110	40	48	1	2	0	2	-50	39273	8	0	1596	1478	173,333,173,333
1526394976.725472221	110	40	48	1	2	0	2	-50	39274	8	0	1596	1478	173,333,173,333
1526394976.737141207	110	40	48	1	2	0	2	-50	39275	8	0	1596	1478	173,333,173,333
1526394976.748899347	110	40	48	1	2	0	2	-50	39276	8	0	1596	1478	173,333,173,333
1526394976.760755910	110	40	48	1	2	0	2	-50	39277	8	0	1596	1478	173,333,173,333
1526394976.772514756	110	40	48	1	2	0	2	-50	39278	8	0	1596	1478	173,333,173,333
1526394976.784230538	110	40	48	1	2	0	2	-50	39279	8	0	1596	1478	173,333,173,333
1526394976.796041270	110	40	48	1	2	0	2	-50	39280	8	0	1596	1478	173,333,173,333
1526394976.807802813	110	40	48	1	2	0	2	-50	39281	8	0	1596	1478	173,333,173,333
1526394976.819568100	110	40	48	1	2	0	2	-50	39282	8	0	1596	1478	173,333,173,333
1526394976.831338075	110	40	48	1	2	0	2	-50	39283	8	0	1596	1478	173,333,173,333
1526394976.843113372	110	40	48	1	2	0	2	-50	39284	8	0	1596	1478	173,333,173,333
1526394976.854842269	110	40	48	1	2	0	2	-50	39285	8	0	1596	1478	173,333,173,333
1526394976.866585947	110	40	48	1	2	0	2	-50	39286	8	0	1596	1478	173,333,173,333
1526394976.878352333	110	40	48	1	2	0	2	-50	39287	8	0	1596	1478	173,333,173,333
1526394976.890108889	110	40	48	1	2	0	2	-50	39288	8	0	1596	1478	173,333,173,333
1526394976.902172858	110	40	48	1	2	0	2	-50	39289	8	0	1596	1478	173,333,173,333
1526394976.913644054	110	40	48	1	2	0	2	-50	39290	8	0	1596	1478	173,333,173,333
1526394976.925405719	110	40	48	1	2	0	2	-50	39291	8	0	1596	1478	173,333,173,333
1526394976.937172403	110	40	48	1	2	0	2	-50	39292	8	0	1596	1478	173,333,173,333
1526394976.948927049	110	40	48	1	2	0	2	-50	39293	8	0	1596	1478	173,333,173,333
1526394976.960704736	110	40	48	1	2	0	2	-50	39294	8	0	1596	1478	173,333,173,333
1526394976.972454676	110	40	48	1	2	0	2	-50	39295	8	0	1596	1478	173,333,173,333
1526394976.984205332	110	40	48	1	2	0	2	-50	39296	8	0	1596	1478	173,333,173,333
1526394976.995971336	110	40	48	1	2	0	2	-50	39297	8	0	1596	1478	173,333,173,333
1526394977.007743121	110	40	48	1	2	0	2	-50	39298	8	0	1596	1478	173,333,173,333
1526394977.019488895	110	40	48	1	2	0	2	-50	39299	8	0	1596	1478	173,333,173,333
1526394977.031119247	110	40	48	1	2	0	2	-50	39300	8	0	1596	1478	173,333,173,333
1526394977.042988401	110	40	48	1	2	0	2	-50	39301	8	0	1596	1478	173,333,173,333
1526394977.054755856	110	40	48	1	2	0	2	-50	39302	8	0	1596	1478	173,333,173,333
1526394977.066530074	110	40	48	1	2	0	2	-50	39303	8	0	1596	1478	173,333,173,333
1526394977.078294599	110	40	48	1	2	0	2	-50	39304	8	0	1596	1478	173,333,173,333
1526394977.090071083	110	40	48	1	2	0	2	-50	39305	8	0	1596	1478	173,333,173,333
1526394977.101742699	110	40	48	1	2	0	2	-50	39306	8	0	1596	1478	173,333,173,333
1526394977.113546144	110	40	48	1	2	0	2	-50	39307	8	0	1596	1478	173,333,173,333
1526394977.125316947	110	40	48	1	2	0	2	-50	39308	8	0	1596	1478	173,333,173,333
1526394977.137082858	110	40	48	1	2	0	2	-50	39309	8	0	1596	1478	173,333,173,333
1526394977.148853912	110	40	48	1	2	0	2	-50	39310	8	0	1596	1478	173,333,173,333
1526394977.160615871	110	40	48	1	2	0	2	-50	39311	8	0	1596	1478	173,333,173,333
1526394977.172360675	110	40	48	1	2	0	2	-50	39312	8	0	1596	1478	173,333,173,333
1526394977.184032748	110	40	48	1	2	0	2	-50	39313	8	0	1596	1478	173,333,173,333
1526394977.195755231	110	40	48	1	2	0	2	-50	39314	8	0	1596	1478	173,333,173,333
1526394977.207649128	110	40	48	1	2	0	2	-50	39315	8	0	1596	1478	173,333,173,333
1526394977.219403918	110	40	48	1	2	0	2	-50	39316	8	0	1596	1478	173,333,173,333
1526394977.231062494	110	40	48	1	2	0	2	-51	39317	8	0	1596	1478	173,333,173,333
1526394977.242809291	110	40	48	1	2	0	2	-50	39318	8	0	1596	1478	173,333,173,333
1526394977.254585492	110	40	48	1	2	0	2	-50	39319	8	0	1596	1478	173,333,173,333
1526394977.266349712	110	40	48	1	2	0	2	-51	39320	8	0	1596	1478	173,333,173,333
1526394977.278137667	110	40	48	1	2	0	2	-51	39321	8	0	1596	1478	173,333,173,333
1526394977.289918483	110	40	48	1	2	0	2	-51	39322	8	0	1596	1478	173,333,173,333
1526394977.301688971	110	40	48	1	2	0	2	-51	39323	8	0	1596	1478	173,333,173,333
1526394977.313447077	110	40	48	1	2	0	2	-51	39324	8	0	1596	1478	173,333,173,333
1526394977.325234991	110	40	48	1	2	0	2	-51	39325	8	0	1596	1478	173,333,173,333
1526394977.337015870	110	40	48	1	2	0	2	-51	39326	8	0	1596	1478	173,333,173,333
1526394977.348641536	110	40	48	1	2	0	2	-51	39327	8	0	1596	1478	173,333,173,333
1526394977.360539531	110	40	48	1	2	0	2	-50	39328	8	0	1596	1478	173,333,173,333
1526394977.372290063	110	40	48	1	2	0	2	-51	39329	8	0	1596	1478	173,333,173,333
1526394977.384041777	110	40	48	1	2	0	2	-50	39330	8	0	1596	1478	173,333,173,333
1526394977.395805001	110	40	48	1	2	0	2	-50	39331	8	0	1596	1478	173,333,173,333
1526394977.407567465	110	40	48	1	2	0	2	-50	39332	8	0	1596	1478	173,333,173,333
1526394977.419325745	110	40	48	1	2	0	2	-50	39333	8	0	1596	1478	173,333,173,333
1526394977.431023096	110	40	48	1	2	0	2	-50	39334	8	0	1596	1478	173,333,173,333
1526394977.442828411	110	40	48	1	2	0	2	-50	39335	8	0	1596	1478	173,333,173,333
1526394977.454595499	110	40	48	1	2	0	2	-50	39336	8	0	1596	1478	173,333,173,333
1526394977.466353949	110	40	48	1	2	0	2	-50	39337	8	0	1596	1478	173,333,173,333
1526394977.478127949	110	40	48	1	2	0	2	-50	39338	8	0	1596	1478	173,333,173,333
1526394977.489792542	110	40	48	1	2	0	2	-50	39340	8	0	1596	1478	173,333,173,333
1526394977.501412018	110	40	48	1	2	0	2	-50	39341	8	0	1596	1478	173,333,173,333
1526394977.513410152	110	40	48	1	2	0	2	-50	39342	8	0	1596	1478	173,333,173,333
1526394977.525089179	110	40	48	1	2	0	2	-50	39343	8	0	1596	1478	173,333,173,333
1526394977.536817769	110	40	48	1	2	0	2	-50	39344	8	0	1596	1478	173,333,173,333
1526394977.548682019	110	40	48	1	2	0	2	-50	39345	8	0	1596	1478	173,333,173,333
1526394977.560443895	110	40	48	1	2	0	2	-50	39346	8	0	1596	1478	173,333,173,333
1526394977.572242274	110	40	48	1	2	0	2	-50	39347	8	0	1596	1478	173,333,173,333
1526394977.583980290	110	40	48	1	2	0	2	-50	39348	8	0	1596	1478	173,333,173,333
1526394977.595630440	110	40	48	1	2	0	2	-50	39349	8	0	1596	1478	173,333,173,333
1526394977.607371707	110	40	48	1	2	0	2	-50	39350	8	0	1596	1478	173,333,173,333
1526394977.619334935	110	40	48	1	2	0	2	-50	39351	8	0	1596	1478	173,333,173,333
1526394977.630888793	110	40	48	1	2	0	2	-50	39352	8	0	1596	1478	173,333,173,333
1526394977.642650534	110	40	48	1	2	0	2	-50	39353	8	0	1596	1478	173,333,173,333
1526394977.654381116	110	40	48	1	2	0	2	-50	39354	8	0	1596	1478	173,333,173,333
1526394977.666167839	110	40	48	1	2	0	2	-50	39355	8	0	1596	1478	173,333,173,333
1526394977.677914001	110	40	48	1	2	0	2	-50	39356	8	0	1596	1478	173,333,173,333
1526394977.689676176	110	40	48	1	2	0	2	-50	39357	8	0	1596	1478	173,333,173,333
1526394977.701424873	110	40	48	1	2	0	2	-50	39358	8	0	1596	1478	173,333,173,333
1526394977.713209725	110	40	48	1	2	0	2	-50	39359	8	0	1596	1478	173,333,173,333
1526394977.724990648	110	40	48	1	2	0	2	-50	39360	8	0	1596	1478	173,333,173,333
1526394977.736683389	110	40	48	1	2	0	2	-50	39361	8	0	1596	1478	173,333,173,333
1526394977.748590903	110	40	48	1	2	0	2	-50	39362	8	0	1596	1478	173,333,173,333
1526394977.760348202	110	40	48	1	2	0	2	-50	39363	8	0	1596	1478	173,333,173,333
1526394977.772109368	110	40	48	1	2	0	2	-50	39364	8	0	1596	1478	173,333,173,333
1526394977.783869446	110	40	48	1	2	0	2	-50	39365	8	0	1596	1478	173,333,173,333
1526394977.795638194	110	40	48	1	2	0	2	-50	39366	8	0	1596	1478	173,333,173,333
1526394977.807399576	110	40	48	1	2	0	2	-50	39367	8	0	1596	1478	173,333,173,333
1526394977.819159490	110	40	48	1	2	0	2	-50	39368	8	0	1596	1478	173,333,173,333
1526394977.830916211	110	40	48	1	2	0	2	-50	39369	8	0	1596	1478	173,333,173,333
1526394977.842607992	110	40	48	1	2	0	2	-50	39370	8	0	1596	1478	173,333,173,333
1526394977.854434160	110	40	48	1	2	0	2	-50	39371	8	0	1596	1478	173,333,173,333
1526394977.866208230	110	40	48	1	2	0	2	-50	39372	8	0	1596	1478	173,333,173,333
1526394977.877959720	110	40	48	1	2	0	2	-50	39373	8	0	1596	1478	173,333,173,333
1526394977.889710851	110	40	48	1	2	0	2	-50	39374	8	0	1596	1478	173,333,173,333
1526394977.901505795	110	40	48	1	2	0	2	-50	39375	8	0	1596	1478	173,333,173,333
1526394977.913234078	110	40	48	1	2	0	2	-50	39376	8	0	1596	1478	173,333,173,333
1526394977.924997015	110	40	48	1	2	0	2	-50	39377	8	0	1596	1478	173,333,173,333
1526394977.936767523	110	40	48	1	2	0	2	-50	39378	8	0	1596	1478	173,333,173,333
1526394977.948510137	110	40	48	1	2	0	2	-50	39379	8	0	1596	1478	173,333,173,333
1526394977.960734241	110	40	48	1	2	0	2	-50	39380	8	0	1596	1478	173,333,173,333
1526394977.972052390	110	40	48	1	2	0	2	-50	39381	8	0	1596	1478	173,333,173,333
1526394977.983806796	110	40	48	1	2	0	2	-50	39382	8	0	1596	1478	173,333,173,333
1526394977.995558217	110	40	48	1	2	0	2	-50	39383	8	0	1596	1478	173,333,173,333
1526394978.007330125	110	40	48	1	2	0	2	-50	39384	8	0	1596	1478	173,333,173,333
1526394978.019083929	110	40	48	1	2	0	2	-50	39385	8	0	1596	1478	173,333,173,333
1526394978.030740939	110	40	48	1	2	0	2	-50	39386	8	0	1596	1478	173,333,173,333
1526394978.042595548	110	40	48	1	2	0	2	-50	39387	8	0	1596	1478	173,333,173,333
1526394978.054370406	110	40	48	1	2	0	2	-50	39388	8	0	1596	1478	173,333,173,333
1526394978.066126946	110	40	48	1	2	0	2	-50	39389	8	0	1596	1478	173,333,173,333
1526394978.077881538	110	40	48	1	2	0	2	-50	39390	8	0	1596	1478	173,333,173,333
1526394978.089633782	110	40	48	1	2	0	2	-50	39391	8	0	1596	1478	173,333,173,333
1526394978.101411189	110	40	48	1	2	0	2	-50	39392	8	0	1596	1478	173,333,173,333
1526394978.113163052	110	40	48	1	2	0	2	-50	39393	8	0	1596	1478	173,333,173,333
1526394978.124917323	110	40	48	1	2	0	2	-50	39394	8	0	1596	1478	173,333,173,333
1526394978.136674897	110	40	48	1	2	0	2	-50	39395	8	0	1596	1478	173,333,173,333
1526394978.148429502	110	40	48	1	2	0	2	-50	39396	8	0	1596	1478	173,333,173,333
1526394978.160196741	110	40	48	1	2	0	2	-50	39397	8	0	1596	1478	173,333,173,333
1526394978.171961699	110	40	48	1	2	0	2	-50	39398	8	0	1596	1478	173,333,173,333
1526394978.183768634	110	40	48	1	2	0	2	-50	39399	8	0	1596	1478	173,333,173,333
1526394978.195538467	110	40	48	1	2	0	2	-50	39400	8	0	1596	1478	173,333,173,333
1526394978.207156172	110	40	48	1	2	0	2	-50	39401	8	0	1596	1478	173,333,173,333
1526394978.218881349	110	40	48	1	2	0	2	-50	39402	8	0	1596	1478	173,333,173,333
1526394978.230648896	110	40	48	1	2	0	2	-50	39403	8	0	1596	1478	173,333,173,333
1526394978.242502790	110	40	48	1	2	0	2	-50	39404	8	0	1596	1478	173,333,173,333
1526394978.254093200	110	40	48	1	2	0	2	-50	39405	8	0	1596	1478	173,333,173,333
1526394978.266037414	110	40	48	1	2	0	2	-50	39406	8	0	1596	1478	173,333,173,333
1526394978.277783354	110	40	48	1	2	0	2	-50	39407	8	0	1596	1478	173,333,173,333
1526394978.289568362	110	40	48	1	2	0	2	-50	39408	8	0	1596	1478	173,333,173,333
1526394978.301321895	110	40	48	1	2	0	2	-50	39409	8	0	1596	1478	173,333,173,333
1526394978.313090893	110	40	48	1	2	0	2	-50	39410	8	0	1596	1478	173,333,173,333
1526394978.324851617	110	40	48	1	2	0	2	-50	39411	8	0	1596	1478	173,333,173,333
1526394978.336611760	110	40	48	1	2	0	2	-50	39412	8	0	1596	1478	173,333,173,333
1526394978.348361787	110	40	48	1	2	0	2	-50	39413	8	0	1596	1478	173,333,173,333
1526394978.360045646	110	40	48	1	2	0	2	-50	39414	8	0	1596	1478	173,333,173,333
1526394978.371876392	110	40	48	1	2	0	2	-50	39415	8	0	1596	1478	173,333,173,333
1526394978.383646480	110	40	48	1	2	0	2	-50	39416	8	0	1596	1478	173,333,173,333
1526394978.395393655	110	40	48	1	2	0	2	-50	39417	8	0	1596	1478	173,333,173,333
1526394978.407092055	110	40	48	1	2	0	2	-50	39418	8	0	1596	1478	173,333,173,333
1526394978.418920704	110	40	48	1	2	0	2	-50	39419	8	0	1596	1478	173,333,173,333
1526394978.430691526	110	40	48	1	2	0	2	-50	39420	8	0	1596	1478	173,333,173,333
1526394978.442442829	110	40	48	1	2	0	2	-50	39421	8	0	1596	1478	173,333,173,333
1526394978.454103563	110	40	48	1	2	0	2	-50	39422	8	0	1596	1478	173,333,173,333
1526394978.465854430	110	40	48	1	2	0	2	-50	39423	8	0	1596	1478	173,333,173,333
1526394978.477523254	110	40	48	1	2	0	2	-50	39424	8	0	1596	1478	173,333,173,333
1526394978.489368032	110	40	48	1	2	0	2	-50	39425	8	0	1596	1478	173,333,173,333
1526394978.501142987	110	40	48	1	2	0	2	-50	39426	8	0	1596	1478	173,333,173,333
1526394978.512899027	110	40	48	1	2	0	2	-50	39427	8	0	1596	1478	173,333,173,333
1526394978.524664351	110	40	48	1	2	0	2	-50	39428	8	0	1596	1478	173,333,173,333
1526394978.536440229	110	40	48	1	2	0	2	-50	39429	8	0	1596	1478	173,333,173,333
1526394978.548284228	110	40	48	1	2	0	2	-50	39430	8	0	1596	1478	173,333,173,333
1526394978.559936467	110	40	48	1	2	0	2	-50	39431	8	0	1596	1478	173,333,173,333
1526394978.571628726	110	40	48	1	2	0	2	-50	39432	8	0	1596	1478	173,333,173,333
1526394978.583426941	110	40	48	1	2	0	2	-50	39433	8	0	1596	1478	173,333,173,333
1526394978.595292828	110	40	48	1	2	0	2	-50	39434	8	0	1596	1478	173,333,173,333
1526394978.607063195	110	40	48	1	2	0	2	-50	39435	8	0	1596	1478	173,333,173,333
1526394978.618820532	110	40	48	1	2	0	2	-50	39436	8	0	1596	1478	173,333,173,333
1526394978.630602601	110	40	48	1	2	0	2	-50	39437	8	0	1596	1478	173,333,173,333
1526394978.643007575	110	40	48	1	2	0	2	-50	39438	8	0	1596	1478	173,333,173,333
1526394978.654128880	110	40	48	1	2	0	2	-50	39439	8	0	1596	1478	173,333,173,333
1526394978.665871481	110	40	48	1	2	0	2	-50	39440	8	0	1596	1478	173,333,173,333
1526394978.677640489	110	40	48	1	2	0	2	-50	39441	8	0	1596	1478	173,333,173,333
1526394978.689412910	110	40	48	1	2	0	2	-50	39442	8	0	1596	1478	173,333,173,333
1526394978.701163077	110	40	48	1	2	0	2	-50	39443	8	0	1596	1478	173,333,173,333
1526394978.712836129	110	40	48	1	2	0	2	-50	39444	8	0	1596	1478	173,333,173,333
1526394978.724541647	110	40	48	1	2	0	2	-50	39445	8	0	1596	1478	173,333,173,333
1526394978.736317340	110	40	48	1	2	0	2	-50	39446	8	0	1596	1478	173,333,173,333
1526394978.748217473	110	40	48	1	2	0	2	-50	39447	8	0	1596	1478	173,333,173,333
1526394978.759943806	110	40	48	1	2	0	2	-50	39448	8	0	1596	1478	173,333,173,333
1526394978.771712635	110	40	48	1	2	0	2	-50	39449	8	0	1596	1478	173,333,173,333
1526394978.783498689	110	40	48	1	2	0	2	-50	39450	8	0	1596	1478	173,333,173,333
1526394978.795235580	110	40	48	1	2	0	2	-50	39451	8	0	1596	1478	173,333,173,333
1526394978.807019566	110	40	48	1	2	0	2	-50	39452	8	0	1596	1478	173,333,173,333
1526394978.818796342	110	40	48	1	2	0	2	-50	39453	8	0	1596	1478	173,333,173,333
1526394978.830540612	110	40	48	1	2	0	2	-50	39454	8	0	1596	1478	173,333,173,333
1526394978.842271146	110	40	48	1	2	0	2	-50	39455	8	0	1596	1478	173,333,173,333
1526394978.854059421	110	40	48	1	2	0	2	-50	39456	8	0	1596	1478	173,333,173,333
1526394978.865663787	110	40	48	1	2	0	2	-50	39457	8	0	1596	1478	173,333,173,333
1526394978.877552275	110	40	48	1	2	0	2	-50	39458	8	0	1596	1478	173,333,173,333
1526394978.889317317	110	40	48	1	2	0	2	-50	39459	8	0	1596	1478	173,333,173,333
1526394978.901092263	110	40	48	1	2	0	2	-50	39460	8	0	1596	1478	173,333,173,333
1526394978.912845901	110	40	48	1	2	0	2	-50	39461	8	0	1596	1478	173,333,173,333
1526394978.924604575	110	40	48	1	2	0	2	-50	39462	8	0	1596	1478	173,333,173,333
1526394978.936361305	110	40	48	1	2	0	2	-50	39463	8	0	1596	1478	173,333,173,333
1526394978.948123248	110	40	48	1	2	0	2	-50	39464	8	0	1596	1478	173,333,173,333
1526394978.959894012	110	40	48	1	2	0	2	-50	39465	8	0	1596	1478	173,333,173,333
1526394978.971652037	110	40	48	1	2	0	2	-50	39466	8	0	1596	1478	173,333,173,333
1526394978.983411050	110	40	48	1	2	0	2	-50	39467	8	0	1596	1478	173,333,173,333
1526394978.995147216	110	40	48	1	2	0	2	-50	39468	8	0	1596	1478	173,333,173,333
1526394979.006804904	110	40	48	1	2	0	2	-50	39469	8	0	1596	1478	173,333,173,333
1526394979.018622898	110	40	48	1	2	0	2	-50	39470	8	0	1596	1478	173,333,173,333
1526394979.030347294	110	40	48	1	2	0	2	-50	39471	8	0	1596	1478	173,333,173,333
1526394979.042203140	110	40	48	1	2	0	2	-50	39472	8	0	1596	1478	173,333,173,333
1526394979.053951217	110	40	48	1	2	0	2	-50	39473	8	0	1596	1478	173,333,173,333
1526394979.065691399	110	40	48	1	2	0	2	-50	39474	8	0	1596	1478	173,333,173,333
1526394979.077500161	110	40	48	1	2	0	2	-50	39475	8	0	1596	1478	173,333,173,333
1526394979.089181020	110	40	48	1	2	0	2	-50	39476	8	0	1596	1478	173,333,173,333
1526394979.101003998	110	40	48	1	2	0	2	-50	39477	8	0	1596	1478	173,333,173,333
1526394979.112752154	110	40	48	1	2	0	2	-50	39478	8	0	1596	1478	173,333,173,333
1526394979.124536957	110	40	48	1	2	0	2	-50	39479	8	0	1596	1478	173,333,173,333
1526394979.136280596	110	40	48	1	2	0	2	-50	39480	8	0	1596	1478	173,333,173,333
1526394979.148023150	110	40	48	1	2	0	2	-50	39481	8	0	1596	1478	173,333,173,333
1526394979.159803100	110	40	48	1	2	0	2	-50	39482	8	0	1596	1478	173,333,173,333
1526394979.171564179	110	40	48	1	2	0	2	-50	39483	8	0	1596	1478	173,333,173,333
1526394979.183341377	110	40	48	1	2	0	2	-50	39484	8	0	1596	1478	173,333,173,333
1526394979.195090286	110	40	48	1	2	0	2	-50	39485	8	0	1596	1478	173,333,173,333
1526394979.206840953	110	40	48	1	2	0	2	-50	39486	8	0	1596	1478	173,333,173,333
1526394979.218592920	110	40	48	1	2	0	2	-51	39487	8	0	1596	1478	173,333,173,333
1526394979.230270885	110	40	48	1	2	0	2	-50	39488	8	0	1596	1478	173,333,173,333
1526394979.241940246	110	40	48	1	2	0	2	-50	39489	8	0	1596	1478	173,333,173,333
1526394979.253783453	110	40	48	1	2	0	2	-50	39490	8	0	1596	1478	173,333,173,333
1526394979.265625483	110	40	48	1	2	0	2	-50	39491	8	0	1596	1478	173,333,173,333
1526394979.277393150	110	40	48	1	2	0	2	-50	39492	8	0	1596	1478	173,333,173,333
1526394979.289149395	110	40	48	1	2	0	2	-50	39493	8	0	1596	1478	173,333,173,333
1526394979.300914165	110	40	48	1	2	0	2	-50	39494	8	0	1596	1478	173,333,173,333
1526394979.312683537	110	40	48	1	2	0	2	-50	39495	8	0	1596	1478	173,333,173,333
1526394979.324436902	110	40	48	1	2	0	2	-51	39496	8	0	1596	1478	173,333,173,333
1526394979.336115516	110	40	48	1	2	0	2	-51	39497	8	0	1596	1478	173,333,173,333
1526394979.347862688	110	40	48	1	2	0	2	-50	39498	8	0	1596	1478	173,333,173,333
1526394979.359897416	110	40	48	1	2	0	2	-50	39499	8	0	1596	1478	173,333,173,333
1526394979.371475804	110	40	48	1	2	0	2	-50	39500	8	0	1596	1478	173,333,173,333
1526394979.383246115	110	40	48	1	2	0	2	-50	39501	8	0	1596	1478	173,333,173,333
1526394979.394928893	110	40	48	1	2	0	2	-50	39502	8	0	1596	1478	173,333,173,333
1526394979.406690296	110	40	48	1	2	0	2	-50	39503	8	0	1596	1478	173,333,173,333
1526394979.418521615	110	40	48	1	2	0	2	-51	39504	8	0	1596	1478	173,333,173,333
1526394979.430184829	110	40	48	1	2	0	2	-50	39505	8	0	1596	1478	173,333,173,333
1526394979.441945853	110	40	48	1	2	0	2	-50	39506	8	0	1596	1478	173,333,173,333
1526394979.453697714	110	40	48	1	2	0	2	-50	39507	8	0	1596	1478	173,333,173,333
1526394979.465451460	110	40	48	1	2	0	2	-50	39508	8	0	1596	1478	173,333,173,333
1526394979.477210339	110	40	48	1	2	0	2	-50	39509	8	0	1596	1478	173,333,173,333
1526394979.488982547	110	40	48	1	2	0	2	-50	39510	8	0	1596	1478	173,333,173,333
1526394979.500751292	110	40	48	1	2	0	2	-50	39511	8	0	1596	1478	173,333,173,333
1526394979.512518632	110	40	48	1	2	0	2	-50	39512	8	0	1596	1478	173,333,173,333
1526394979.524175557	110	40	48	1	2	0	2	-50	39513	8	0	1596	1478	173,333,173,333
1526394979.536007478	110	40	48	1	2	0	2	-50	39514	8	0	1596	1478	173,333,173,333
1526394979.547748860	110	40	48	1	2	0	2	-50	39515	8	0	1596	1478	173,333,173,333
1526394979.559536988	110	40	48	1	2	0	2	-50	39516	8	0	1596	1478	173,333,173,333
1526394979.571266023	110	40	48	1	2	0	2	-50	39517	8	0	1596	1478	173,333,173,333
1526394979.583007078	110	40	48	1	2	0	2	-50	39518	8	0	1596	1478	173,333,173,333
1526394979.594873428	110	40	48	1	2	0	2	-50	39519	8	0	1596	1478	173,333,173,333
1526394979.606679031	110	40	48	1	2	0	2	-50	39520	8	0	1596	1478	173,333,173,333
1526394979.618438388	110	40	48	1	2	0	2	-50	39521	8	0	1596	1478	173,333,173,333
1526394979.630209786	110	40	48	1	2	0	2	-50	39522	8	0	1596	1478	173,333,173,333
1526394979.641979640	110	40	48	1	2	0	2	-50	39523	8	0	1596	1478	173,333,173,333
1526394979.653722760	110	40	48	1	2	0	2	-51	39524	8	0	1596	1478	173,333,173,333
1526394979.665478960	110	40	48	1	2	0	2	-51	39525	8	0	1596	1478	173,333,173,333
1526394979.677226343	110	40	48	1	2	0	2	-51	39526	8	0	1596	1478	173,333,173,333
1526394979.689019903	110	40	48	1	2	0	2	-50	39527	8	0	1596	1478	173,333,173,333
1526394979.700763046	110	40	48	1	2	0	2	-51	39528	8	0	1596	1478	173,333,173,333
1526394979.712531473	110	40	48	1	2	0	2	-51	39529	8	0	1596	1478	173,333,173,333
1526394979.724271428	110	40	48	1	2	0	2	-51	39530	8	0	1596	1478	173,333,173,333
1526394979.736043065	110	40	48	1	2	0	2	-51	39531	8	0	1596	1478	173,333,173,333
1526394979.747668256	110	40	48	1	2	0	2	-51	39532	8	0	1596	1478	173,333,173,333
1526394979.759554964	110	40	48	1	2	0	2	-51	39533	8	0	1596	1478	173,333,173,333
1526394979.771306975	110	40	48	1	2	0	2	-51	39534	8	0	1596	1478	173,333,173,333
1526394979.783066319	110	40	48	1	2	0	2	-51	39535	8	0	1596	1478	173,333,173,333
1526394979.794830475	110	40	48	1	2	0	2	-51	39536	8	0	1596	1478	173,333,173,333
1526394979.806602668	110	40	48	1	2	0	2	-51	39537	8	0	1596	1478	173,333,173,333
1526394979.818344681	110	40	48	1	2	0	2	-51	39538	8	0	1596	1478	173,333,173,333
1526394979.830030435	110	40	48	1	2	0	2	-51	39539	8	0	1596	1478	173,333,173,333
1526394979.841782089	110	40	48	1	2	0	2	-51	39540	8	0	1596	1478	173,333,173,333
1526394979.853494998	110	40	48	1	2	0	2	-51	39541	8	0	1596	1478	173,333,173,333
1526394979.865410896	110	40	48	1	2	0	2	-51	39542	8	0	1596	1478	173,333,173,333
1526394979.877148074	110	40	48	1	2	0	2	-50	39543	8	0	1596	1478	173,333,173,333
1526394979.888916980	110	40	48	1	2	0	2	-51	39544	8	0	1596	1478	173,333,173,333
1526394979.900685359	110	40	48	1	2	0	2	-51	39545	8	0	1596	1478	173,333,173,333
1526394979.912454558	110	40	48	1	2	0	2	-51	39546	8	0	1596	1478	173,333,173,333
1526394979.924143809	110	40	48	1	2	0	2	-51	39547	8	0	1596	1478	173,333,173,333
1526394979.935959223	110	40	48	1	2	0	2	-51	39548	8	0	1596	1478	173,333,173,333
1526394979.947746007	110	40	48	1	2	0	2	-51	39549	8	0	1596	1478	173,333,173,333
1526394979.959524372	110	40	48	1	2	0	2	-51	39550	8	0	1596	1478	173,333,173,333
1526394979.971261232	110	40	48	1	2	0	2	-51	39551	8	0	1596	1478	173,333,173,333
1526394979.983007185	110	40	48	1	2	0	2	-51	39552	8	0	1596	1478	173,333,173,333
1526394979.994759646	110	40	48	1	2	0	2	-51	39553	8	0	1596	1478	173,333,173,333
1526394980.006517497	110	40	48	1	2	0	2	-51	39554	8	0	1596	1478	173,333,173,333
1526394980.018296846	110	40	48	1	2	0	2	-51	39555	8	0	1596	1478	173,333,173,333
1526394980.029955410	110	40	48	1	2	0	2	-51	39556	8	0	1596	1478	173,333,173,333
1526394980.041802901	110	40	48	1	2	0	2	-51	39557	8	0	1596	1478	173,333,173,333
1526394980.053458935	110	40	48	1	2	0	2	-51	39558	8	0	1596	1478	173,333,173,333
1526394980.065326518	110	40	48	1	2	0	2	-51	39559	8	0	1596	1478	173,333,173,333
1526394980.077060269	110	40	48	1	2	0	2	-51	39560	8	0	1596	1478	173,333,173,333
1526394980.088850293	110	40	48	1	2	0	2	-51	39561	8	0	1596	1478	173,333,173,333
1526394980.100604889	110	40	48	1	2	0	2	-51	39562	8	0	1596	1478	173,333,173,333
1526394980.112359660	110	40	48	1	2	0	2	-51	39563	8	0	1596	1478	173,333,173,333
1526394980.124113932	110	40	48	1	2	0	2	-51	39564	8	0	1596	1478	173,333,173,333
1526394980.135868972	110	40	48	1	2	0	2	-51	39565	8	0	1596	1478	173,333,173,333
1526394980.147648429	110	40	48	1	2	0	2	-51	39566	8	0	1596	1478	173,333,173,333
1526394980.159426105	110	40	48	1	2	0	2	-51	39567	8	0	1596	1478	173,333,173,333
1526394980.171174587	110	40	48	1	2	0	2	-51	39568	8	0	1596	1478	173,333,173,333
1526394980.182821703	110	40	48	1	2	0	2	-51	39569	8	0	1596	1478	173,333,173,333
1526394980.194678392	110	40	48	1	2	0	2	-51	39570	8	0	1596	1478	173,333,173,333
1526394980.206364449	110	40	48	1	2	0	2	-51	39571	8	0	1596	1478	173,333,173,333
1526394980.218201440	110	40	48	1	2	0	2	-51	39572	8	0	1596	1478	173,333,173,333
1526394980.229893073	110	40	48	1	2	0	2	-51	39573	8	0	1596	1478	173,333,173,333
1526394980.241727818	110	40	48	1	2	0	2	-51	39574	8	0	1596	1478	173,333,173,333
1526394980.253500140	110	40	48	1	2	0	2	-51	39575	8	0	1596	1478	173,333,173,333
1526394980.265147399	110	40	48	1	2	0	2	-51	39576	8	0	1596	1478	173,333,173,333
1526394980.276899370	110	40	48	1	2	0	2	-51	39577	8	0	1596	1478	173,333,173,333
1526394980.288748546	110	40	48	1	2	0	2	-51	39578	8	0	1596	1478	173,333,173,333
1526394980.300519406	110	40	48	1	2	0	2	-51	39579	8	0	1596	1478	173,333,173,333
1526394980.312276652	110	40	48	1	2	0	2	-50	39580	8	0	1596	1478	173,333,173,333
1526394980.324059481	110	40	48	1	2	0	2	-51	39581	8	0	1596	1478	173,333,173,333
1526394980.335723788	110	40	48	1	2	0	2	-51	39582	8	0	1596	1478	173,333,173,333
1526394980.347482636	110	40	48	1	2	0	2	-50	39583	8	0	1596	1478	173,333,173,333
1526394980.359221114	110	40	48	1	2	0	2	-51	39584	8	0	1596	1478	173,333,173,333
1526394980.371093294	110	40	48	1	2	0	2	-51	39585	8	0	1596	1478	173,333,173,333
1526394980.382770675	110	40	48	1	2	0	2	-51	39586	8	0	1596	1478	173,333,173,333
1526394980.394539267	110	40	48	1	2	0	2	-51	39587	8	0	1596	1478	173,333,173,333
1526394980.406265228	110	40	48	1	2	0	2	-51	39588	8	0	1596	1478	173,333,173,333
1526394980.418017254	110	40	48	1	2	0	2	-51	39589	8	0	1596	1478	173,333,173,333
1526394980.429782600	110	40	48	1	2	0	2	-51	39590	8	0	1596	1478	173,333,173,333
1526394980.441534356	110	40	48	1	2	0	2	-51	39591	8	0	1596	1478	173,333,173,333
1526394980.453288026	110	40	48	1	2	0	2	-51	39592	8	0	1596	1478	173,333,173,333
1526394980.465083845	110	40	48	1	2	0	2	-51	39593	8	0	1596	1478	173,333,173,333
1526394980.476827351	110	40	48	1	2	0	2	-51	39594	8	0	1596	1478	173,333,173,333
1526394980.488572289	110	40	48	1	2	0	2	-51	39595	8	0	1596	1478	173,333,173,333
1526394980.500277256	110	40	48	1	2	0	2	-51	39596	8	0	1596	1478	173,333,173,333
1526394980.512003694	110	40	48	1	2	0	2	-51	39597	8	0	1596	1478	173,333,173,333
1526394980.523751904	110	40	48	1	2	0	2	-50	39598	8	0	1596	1478	173,333,173,333
1526394980.535504354	110	40	48	1	2	0	2	-50	39599	8	0	1596	1478	173,333,173,333
1526394980.547342624	110	40	48	1	2	0	2	-50	39600	8	0	1596	1478	173,333,173,333
1526394980.559111632	110	40	48	1	2	0	2	-50	39601	8	0	1596	1478	173,333,173,333
1526394980.570871284	110	40	48	1	2	0	2	-50	39602	8	0	1596	1478	173,333,173,333
1526394980.582625976	110	40	48	1	2	0	2	-50	39603	8	0	1596	1478	173,333,173,333
1526394980.594378282	110	40	48	1	2	0	2	-50	39604	8	0	1596	1478	173,333,173,333
1526394980.606165155	110	40	48	1	2	0	2	-50	39605	8	0	1596	1478	173,333,173,333
1526394980.617935624	110	40	48	1	2	0	2	-50	39606	8	0	1596	1478	173,333,173,333
1526394980.629676972	110	40	48	1	2	0	2	-50	39607	8	0	1596	1478	173,333,173,333
1526394980.641456215	110	40	48	1	2	0	2	-50	39608	8	0	1596	1478	173,333,173,333
1526394980.653183215	110	40	48	1	2	0	2	-50	39609	8	0	1596	1478	173,333,173,333
1526394980.665173884	110	40	48	1	2	0	2	-50	39610	8	0	1596	1478	173,333,173,333
1526394980.676856786	110	40	48	1	2	0	2	-50	39611	8	0	1596	1478	173,333,173,333
1526394980.688645284	110	40	48	1	2	0	2	-50	39612	8	0	1596	1478	173,333,173,333
1526394980.700420721	110	40	48	1	2	0	2	-50	39613	8	0	1596	1478	173,333,173,333
1526394980.712166520	110	40	48	1	2	0	2	-50	39614	8	0	1596	1478	173,333,173,333
1526394980.723922502	110	40	48	1	2	0	2	-50	39615	8	0	1596	1478	173,333,173,333
1526394980.735690845	110	40	48	1	2	0	2	-50	39616	8	0	1596	1478	173,333,173,333
1526394980.747446876	110	40	48	1	2	0	2	-50	39617	8	0	1596	1478	173,333,173,333
1526394980.759209086	110	40	48	1	2	0	2	-51	39618	8	0	1596	1478	173,333,173,333
1526394980.770888886	110	40	48	1	2	0	2	-50	39619	8	0	1596	1478	173,333,173,333
1526394980.782612173	110	40	48	1	2	0	2	-50	39620	8	0	1596	1478	173,333,173,333
1526394980.794405653	110	40	48	1	2	0	2	-50	39621	8	0	1596	1478	173,333,173,333
1526394980.806243743	110	40	48	1	2	0	2	-50	39622	8	0	1596	1478	173,333,173,333
1526394980.818002855	110	40	48	1	2	0	2	-50	39623	8	0	1596	1478	173,333,173,333
1526394980.829622981	110	40	48	1	2	0	2	-50	39624	8	0	1596	1478	173,333,173,333
1526394980.841428014	110	40	48	1	2	0	2	-50	39625	8	0	1596	1478	173,333,173,333
1526394980.853161437	110	40	48	1	2	0	2	-50	39626	8	0	1596	1478	173,333,173,333
1526394980.865043793	110	40	48	1	2	0	2	-50	39627	8	0	1596	1478	173,333,173,333
1526394980.876728768	110	40	48	1	2	0	2	-50	39628	8	0	1596	1478	173,333,173,333
1526394980.888563519	110	40	48	1	2	0	2	-50	39629	8	0	1596	1478	173,333,173,333
1526394980.900054833	110	40	48	1	2	0	2	-50	39630	8	0	1596	1478	173,333,173,333
1526394980.911950896	110	40	48	1	2	0	2	-51	39631	8	0	1596	1478	173,333,173,333
1526394980.923753399	110	40	48	1	2	0	2	-50	39632	8	0	1596	1478	173,333,173,333
1526394980.935402856	110	40	48	1	2	0	2	-51	39633	8	0	1596	1478	173,333,173,333
1526394980.947202575	110	40	48	1	2	0	2	-50	39634	8	0	1596	1478	173,333,173,333
1526394980.959089668	110	40	48	1	2	0	2	-51	39635	8	0	1596	1478	173,333,173,333
1526394980.970851141	110	40	48	1	2	0	2	-50	39636	8	0	1596	1478	173,333,173,333
1526394980.982534524	110	40	48	1	2	0	2	-51	39637	8	0	1596	1478	173,333,173,333
1526394980.994379150	110	40	48	1	2	0	2	-51	39638	8	0	1596	1478	173,333,173,333
1526394981.006120337	110	40	48	1	2	0	2	-51	39639	8	0	1596	1478	173,333,173,333
1526394981.017869916	110	40	48	1	2	0	2	-51	39640	8	0	1596	1478	173,333,173,333
1526394981.029643118	110	40	48	1	2	0	2	-51	39641	8	0	1596	1478	173,333,173,333
1526394981.041418079	110	40	48	1	2	0	2	-51	39642	8	0	1596	1478	173,333,173,333
1526394981.053078481	110	40	48	1	2	0	2	-51	39643	8	0	1596	1478	173,333,173,333
1526394981.064861618	110	40	48	1	2	0	2	-50	39644	8	0	1596	1478	173,333,173,333
1526394981.076608939	110	40	48	1	2	0	2	-50	39645	8	0	1596	1478	173,333,173,333
1526394981.088425695	110	40	48	1	2	0	2	-50	39646	8	0	1596	1478	173,333,173,333
1526394981.100658542	110	40	48	1	2	0	2	-50	39647	8	0	1596	1478	173,333,173,333
1526394981.111953704	110	40	48	1	2	0	2	-51	39648	8	0	1596	1478	173,333,173,333
1526394981.123759746	110	40	48	1	2	0	2	-51	39649	8	0	1596	1478	173,333,173,333
1526394981.135495141	110	40	48	1	2	0	2	-51	39650	8	0	1596	1478	173,333,173,333
1526394981.147118031	110	40	48	1	2	0	2	-51	39651	8	0	1596	1478	173,333,173,333
1526394981.159001308	110	40	48	1	2	0	2	-51	39652	8	0	1596	1478	173,333,173,333
1526394981.170757069	110	40	48	1	2	0	2	-51	39653	8	0	1596	1478	173,333,173,333
1526394981.182524157	110	40	48	1	2	0	2	-51	39654	8	0	1596	1478	173,333,173,333
1526394981.194278687	110	40	48	1	2	0	2	-51	39655	8	0	1596	1478	173,333,173,333
1526394981.206009989	110	40	48	1	2	0	2	-51	39656	8	0	1596	1478	173,333,173,333
1526394981.217808952	110	40	48	1	2	0	2	-51	39657	8	0	1596	1478	173,333,173,333
1526394981.229565556	110	40	48	1	2	0	2	-51	39658	8	0	1596	1478	173,333,173,333
1526394981.241331922	110	40	48	1	2	0	2	-51	39659	8	0	1596	1478	173,333,173,333
1526394981.253066931	110	40	48	1	2	0	2	-51	39660	8	0	1596	1478	173,333,173,333
1526394981.264841564	110	40	48	1	2	0	2	-51	39661	8	0	1596	1478	173,333,173,333
1526394981.276527594	110	40	48	1	2	0	2	-51	39662	8	0	1596	1478	173,333,173,333
1526394981.288252681	110	40	48	1	2	0	2	-51	39663	8	0	1596	1478	173,333,173,333
1526394981.300024067	110	40	48	1	2	0	2	-51	39664	8	0	1596	1478	173,333,173,333
1526394981.311893520	110	40	48	1	2	0	2	-51	39665	8	0	1596	1478	173,333,173,333
1526394981.323525045	110	40	48	1	2	0	2	-51	39666	8	0	1596	1478	173,333,173,333
1526394981.335275556	110	40	48	1	2	0	2	-51	39667	8	0	1596	1478	173,333,173,333
1526394981.347075264	110	40	48	1	2	0	2	-51	39668	8	0	1596	1478	173,333,173,333
1526394981.358836326	110	40	48	1	2	0	2	-51	39669	8	0	1596	1478	173,333,173,333
1526394981.370675969	110	40	48	1	2	0	2	-51	39670	8	0	1596	1478	173,333,173,333
1526394981.382368306	110	40	48	1	2	0	2	-51	39671	8	0	1596	1478	173,333,173,333
1526394981.394101985	110	40	48	1	2	0	2	-51	39672	8	0	1596	1478	173,333,173,333
1526394981.405875628	110	40	48	1	2	0	2	-51	39673	8	0	1596	1478	173,333,173,333
1526394981.417616767	110	40	48	1	2	0	2	-51	39674	8	0	1596	1478	173,333,173,333
1526394981.429373531	110	40	48	1	2	0	2	-51	39675	8	0	1596	1478	173,333,173,333
1526394981.441131320	110	40	48	1	2	0	2	-51	39676	8	0	1596	1478	173,333,173,333
1526394981.452899896	110	40	48	1	2	0	2	-51	39677	8	0	1596	1478	173,333,173,333
1526394981.464674061	110	40	48	1	2	0	2	-50	39678	8	0	1596	1478	173,333,173,333
1526394981.476337816	110	40	48	1	2	0	2	-51	39679	8	0	1596	1478	173,333,173,333
1526394981.488086066	110	40	48	1	2	0	2	-51	39680	8	0	1596	1478	173,333,173,333
1526394981.499838318	110	40	48	1	2	0	2	-51	39681	8	0	1596	1478	173,333,173,333
1526394981.511571372	110	40	48	1	2	0	2	-51	39682	8	0	1596	1478	173,333,173,333
1526394981.523351566	110	40	48	1	2	0	2	-50	39683	8	0	1596	1478	173,333,173,333
1526394981.535093861	110	40	48	1	2	0	2	-51	39684	8	0	1596	1478	173,333,173,333
1526394981.546927286	110	40	48	1	2	0	2	-51	39685	8	0	1596	1478	173,333,173,333
1526394981.558715320	110	40	48	1	2	0	2	-50	39686	8	0	1596	1478	173,333,173,333
1526394981.570470647	110	40	48	1	2	0	2	-51	39687	8	0	1596	1478	173,333,173,333
1526394981.582234287	110	40	48	1	2	0	2	-50	39688	8	0	1596	1478	173,333,173,333
1526394981.593982203	110	40	48	1	2	0	2	-51	39689	8	0	1596	1478	173,333,173,333
1526394981.605764688	110	40	48	1	2	0	2	-50	39690	8	0	1596	1478	173,333,173,333
1526394981.617520785	110	40	48	1	2	0	2	-50	39691	8	0	1596	1478	173,333,173,333
1526394981.629265953	110	40	48	1	2	0	2	-50	39692	8	0	1596	1478	173,333,173,333
1526394981.641047910	110	40	48	1	2	0	2	-50	39693	8	0	1596	1478	173,333,173,333
1526394981.652775295	110	40	48	1	2	0	2	-50	39694	8	0	1596	1478	173,333,173,333
1526394981.664628387	110	40	48	1	2	0	2	-51	39695	8	0	1596	1478	173,333,173,333
1526394981.676413024	110	40	48	1	2	0	2	-50	39696	8	0	1596	1478	173,333,173,333
1526394981.688195533	110	40	48	1	2	0	2	-50	39697	8	0	1596	1478	173,333,173,333
1526394981.699938353	110	40	48	1	2	0	2	-50	39698	8	0	1596	1478	173,333,173,333
1526394981.711748474	110	40	48	1	2	0	2	-50	39699	8	0	1596	1478	173,333,173,333
1526394981.723492491	110	40	48	1	2	0	2	-50	39700	8	0	1596	1478	173,333,173,333
1526394981.735231561	110	40	48	1	2	0	2	-50	39701	8	0	1596	1478	173,333,173,333
1526394981.746997497	110	40	48	1	2	0	2	-50	39702	8	0	1596	1478	173,333,173,333
1526394981.758764595	110	40	48	1	2	0	2	-50	39703	8	0	1596	1478	173,333,173,333
1526394981.770433711	110	40	48	1	2	0	2	-50	39704	8	0	1596	1478	173,333,173,333
1526394981.782269994	110	40	48	1	2	0	2	-50	39705	8	0	1596	1478	173,333,173,333
1526394981.793933089	110	40	48	1	2	0	2	-50	39706	8	0	1596	1478	173,333,173,333
1526394981.805720898	110	40	48	1	2	0	2	-51	39707	8	0	1596	1478	173,333,173,333
1526394981.817885803	110	40	48	1	2	0	2	-50	39708	8	0	1596	1478	173,333,173,333
1526394981.829213610	110	40	48	1	2	0	2	-50	39709	8	0	1596	1478	173,333,173,333
1526394981.840971219	110	40	48	1	2	0	2	-50	39710	8	0	1596	1478	173,333,173,333
1526394981.852739154	110	40	48	1	2	0	2	-51	39711	8	0	1596	1478	173,333,173,333
1526394981.864593410	110	40	48	1	2	0	2	-51	39712	8	0	1596	1478	173,333,173,333
1526394981.876345801	110	40	48	1	2	0	2	-51	39713	8	0	1596	1478	173,333,173,333
1526394981.888138329	110	40	48	1	2	0	2	-51	39714	8	0	1596	1478	173,333,173,333
1526394981.899888702	110	40	48	1	2	0	2	-50	39715	8	0	1596	1478	173,333,173,333
1526394981.911641220	110	40	48	1	2	0	2	-50	39716	8	0	1596	1478	173,333,173,333
1526394981.923389294	110	40	48	1	2	0	2	-50	39717	8	0	1596	1478	173,333,173,333
1526394981.935163764	110	40	48	1	2	0	2	-50	39718	8	0	1596	1478	173,333,173,333
1526394981.946920744	110	40	48	1	2	0	2	-50	39719	8	0	1596	1478	173,333,173,333
1526394981.958599597	110	40	48	1	2	0	2	-50	39720	8	0	1596	1478	173,333,173,333
1526394981.970436796	110	40	48	1	2	0	2	-50	39721	8	0	1596	1478	173,333,173,333
1526394981.982214129	110	40	48	1	2	0	2	-50	39722	8	0	1596	1478	173,333,173,333
1526394981.993959176	110	40	48	1	2	0	2	-50	39723	8	0	1596	1478	173,333,173,333
1526394982.005727059	110	40	48	1	2	0	2	-50	39724	8	0	1596	1478	173,333,173,333
1526394982.017481558	110	40	48	1	2	0	2	-50	39725	8	0	1596	1478	173,333,173,333
1526394982.029141987	110	40	48	1	2	0	2	-50	39726	8	0	1596	1478	173,333,173,333
1526394982.041008433	110	40	48	1	2	0	2	-50	39727	8	0	1596	1478	173,333,173,333
1526394982.052678317	110	40	48	1	2	0	2	-50	39728	8	0	1596	1478	173,333,173,333
1526394982.064517709	110	40	48	1	2	0	2	-50	39729	8	0	1596	1478	173,333,173,333
1526394982.076274870	110	40	48	1	2	0	2	-51	39730	8	0	1596	1478	173,333,173,333
1526394982.087978074	110	40	48	1	2	0	2	-50	39731	8	0	1596	1478	173,333,173,333
1526394982.099816168	110	40	48	1	2	0	2	-50	39732	8	0	1596	1478	173,333,173,333
1526394982.111477388	110	40	48	1	2	0	2	-50	39733	8	0	1596	1478	173,333,173,333
1526394982.123333231	110	40	48	1	2	0	2	-50	39734	8	0	1596	1478	173,333,173,333
1526394982.135088572	110	40	48	1	2	0	2	-51	39735	8	0	1596	1478	173,333,173,333
1526394982.146838092	110	40	48	1	2	0	2	-51	39736	8	0	1596	1478	173,333,173,333
1526394982.158615747	110	40	48	1	2	0	2	-50	39737	8	0	1596	1478	173,333,173,333
1526394982.170359367	110	40	48	1	2	0	2	-50	39738	8	0	1596	1478	173,333,173,333
1526394982.182138897	110	40	48	1	2	0	2	-50	39739	8	0	1596	1478	173,333,173,333
1526394982.193869589	110	40	48	1	2	0	2	-50	39740	8	0	1596	1478	173,333,173,333
1526394982.205640368	110	40	48	1	2	0	2	-50	39741	8	0	1596	1478	173,333,173,333
1526394982.217404947	110	40	48	1	2	0	2	-50	39742	8	0	1596	1478	173,333,173,333
1526394982.229128113	110	40	48	1	2	0	2	-50	39743	8	0	1596	1478	173,333,173,333
1526394982.240915078	110	40	48	1	2	0	2	-50	39744	8	0	1596	1478	173,333,173,333
1526394982.252678088	110	40	48	1	2	0	2	-50	39745	8	0	1596	1478	173,333,173,333
1526394982.264389581	110	40	48	1	2	0	2	-50	39746	8	0	1596	1478	173,333,173,333
1526394982.276196418	110	40	48	1	2	0	2	-50	39747	8	0	1596	1478	173,333,173,333
1526394982.287965419	110	40	48	1	2	0	2	-50	39748	8	0	1596	1478	173,333,173,333
1526394982.299740384	110	40	48	1	2	0	2	-50	39749	8	0	1596	1478	173,333,173,333
1526394982.311408413	110	40	48	1	2	0	2	-50	39750	8	0	1596	1478	173,333,173,333
1526394982.323234840	110	40	48	1	2	0	2	-50	39751	8	0	1596	1478	173,333,173,333
1526394982.334877179	110	40	48	1	2	0	2	-50	39752	8	0	1596	1478	173,333,173,333
1526394982.346628702	110	40	48	1	2	0	2	-50	39753	8	0	1596	1478	173,333,173,333
1526394982.358393733	110	40	48	1	2	0	2	-50	39754	8	0	1596	1478	173,333,173,333
1526394982.370155674	110	40	48	1	2	0	2	-50	39755	8	0	1596	1478	173,333,173,333
1526394982.381929040	110	40	48	1	2	0	2	-50	39756	8	0	1596	1478	173,333,173,333
1526394982.393706656	110	40	48	1	2	0	2	-50	39757	8	0	1596	1478	173,333,173,333
1526394982.405441103	110	40	48	1	2	0	2	-50	39758	8	0	1596	1478	173,333,173,333
1526394982.417142190	110	40	48	1	2	0	2	-50	39759	8	0	1596	1478	173,333,173,333
1526394982.428976872	110	40	48	1	2	0	2	-50	39760	8	0	1596	1478	173,333,173,333
1526394982.440657897	110	40	48	1	2	0	2	-50	39761	8	0	1596	1478	173,333,173,333
1526394982.452414282	110	40	48	1	2	0	2	-50	39762	8	0	1596	1478	173,333,173,333
1526394982.464140550	110	40	48	1	2	0	2	-50	39763	8	0	1596	1478	173,333,173,333
1526394982.475900975	110	40	48	1	2	0	2	-50	39764	8	0	1596	1478	173,333,173,333
