1526394857.484010131	158	40	48	0	2	0	2	-45	38088	5	0	1596	1478	104,104
1526394857.484055781	158	40	48	0	2	0	2	-45	38088	5	0	1596	1478	104,104
1526394857.484066939	158	40	48	0	2	0	2	-45	38088	5	0	1596	1478	104,104
1526394857.484074150	158	40	48	0	2	0	2	-45	38088	5	0	1596	1478	104,104
1526394857.484081683	158	40	48	0	2	0	2	-45	38088	5	0	1596	1478	104,104
1526394857.484089064	158	40	48	0	2	0	2	-45	38088	5	0	1596	1478	104,104
1526394857.484098358	158	40	48	0	2	0	2	-45	38088	5	0	1596	1478	104,104
1526394857.484105873	158	40	48	0	2	0	2	-45	38088	5	0	1596	1478	104,104
1526394857.484114217	158	40	48	0	2	0	2	-45	38088	5	0	1596	1478	104,104
1526394857.484121445	158	40	48	0	2	0	2	-45	38088	5	0	1596	1478	104,104
1526394857.487562478	158	40	48	0	2	0	2	-45	38089	5	0	1596	1478	104,104
1526394857.499307560	158	40	48	0	2	0	2	-45	38090	5	0	1596	1478	104,104
1526394857.511045882	158	40	48	0	2	0	2	-45	38091	5	0	1596	1478	104,104
1526394857.522916943	144	40	48	0	2	0	2	-45	38092	6	0	1596	1478	117,117
1526394857.534665473	144	40	48	0	2	0	2	-45	38093	6	0	1596	1478	117,117
1526394857.546542955	144	40	48	0	2	0	2	-45	38094	6	0	1596	1478	117,117
1526394857.558342064	144	40	48	0	2	0	2	-45	38095	6	0	1596	1478	117,117
1526394857.570006035	144	40	48	0	2	0	2	-45	38096	6	0	1596	1478	117,117
1526394857.581813856	124	40	48	1	2	0	2	-45	38098	7	0	1596	1478	144,444,144,444
1526394857.593592189	124	40	48	1	2	0	2	-45	38099	7	0	1596	1478	144,444,144,444
1526394857.605341559	124	40	48	1	2	0	2	-45	38100	7	0	1596	1478	144,444,144,444
1526394857.617112130	124	40	48	1	2	0	2	-45	38101	7	0	1596	1478	144,444,144,444
1526394857.628866748	124	40	48	1	2	0	2	-45	38102	7	0	1596	1478	144,444,144,444
1526394857.640596898	110	40	48	1	2	0	2	-45	38103	8	0	1596	1478	173,333,173,333
1526394857.652294124	110	40	48	1	2	0	2	-45	38104	8	0	1596	1478	173,333,173,333
1526394857.664124410	110	40	48	1	2	0	2	-45	38105	8	0	1596	1478	173,333,173,333
1526394857.675898086	110	40	48	1	2	0	2	-45	38106	8	0	1596	1478	173,333,173,333
1526394857.687651111	110	40	48	1	2	0	2	-45	38107	8	0	1596	1478	173,333,173,333
1526394857.699420275	110	40	48	1	2	0	2	-45	38108	8	0	1596	1478	173,333,173,333
1526394857.711170355	110	40	48	1	2	0	2	-45	38109	8	0	1596	1478	173,333,173,333
1526394857.722923541	110	40	48	1	2	0	2	-45	38110	8	0	1596	1478	173,333,173,333
1526394857.734622021	110	40	48	1	2	0	2	-45	38111	8	0	1596	1478	173,333,173,333
1526394857.746418029	110	40	48	1	2	0	2	-45	38112	8	0	1596	1478	173,333,173,333
1526394857.758211208	110	40	48	1	2	0	2	-45	38113	8	0	1596	1478	173,333,173,333
1526394857.769967915	110	40	48	1	2	0	2	-45	38114	8	0	1596	1478	173,333,173,333
1526394857.781730528	110	40	48	1	2	0	2	-45	38115	8	0	1596	1478	173,333,173,333
1526394857.793495481	110	40	48	1	2	0	2	-44	38116	8	0	1596	1478	173,333,173,333
1526394857.805250875	110	40	48	1	2	0	2	-45	38117	8	0	1596	1478	173,333,173,333
1526394857.816957643	110	40	48	1	2	0	2	-45	38118	8	0	1596	1478	173,333,173,333
1526394857.828761022	110	40	48	1	2	0	2	-45	38119	8	0	1596	1478	173,333,173,333
1526394857.840451418	110	40	48	1	2	0	2	-45	38120	8	0	1596	1478	173,333,173,333
1526394857.852152315	110	40	48	1	2	0	2	-45	38121	8	0	1596	1478	173,333,173,333
1526394857.863975662	110	40	48	1	2	0	2	-45	38122	8	0	1596	1478	173,333,173,333
1526394857.875813874	110	40	48	1	2	0	2	-45	38123	8	0	1596	1478	173,333,173,333
1526394857.888283756	110	40	48	1	2	0	2	-45	38124	8	0	1596	1478	173,333,173,333
1526394857.899271444	110	40	48	1	2	0	2	-45	38125	8	0	1596	1478	173,333,173,333
1526394857.911110046	110	40	48	1	2	0	2	-45	38126	8	0	1596	1478	173,333,173,333
1526394857.922854888	110	40	48	1	2	0	2	-45	38127	8	0	1596	1478	173,333,173,333
1526394857.934512113	110	40	48	1	2	0	2	-45	38128	8	0	1596	1478	173,333,173,333
1526394857.946304781	110	40	48	1	2	0	2	-45	38129	8	0	1596	1478	173,333,173,333
1526394857.958020573	110	40	48	1	2	0	2	-45	38130	8	0	1596	1478	173,333,173,333
1526394857.969885755	110	40	48	1	2	0	2	-45	38131	8	0	1596	1478	173,333,173,333
1526394857.981521142	110	40	48	1	2	0	2	-45	38132	8	0	1596	1478	173,333,173,333
1526394857.993412946	110	40	48	1	2	0	2	-45	38133	8	0	1596	1478	173,333,173,333
1526394858.005175341	110	40	48	1	2	0	2	-45	38134	8	0	1596	1478	173,333,173,333
1526394858.016925992	110	40	48	1	2	0	2	-45	38135	8	0	1596	1478	173,333,173,333
1526394858.028606736	110	40	48	1	2	0	2	-45	38136	8	0	1596	1478	173,333,173,333
1526394858.040387184	110	40	48	1	2	0	2	-45	38137	8	0	1596	1478	173,333,173,333
1526394858.052156459	110	40	48	1	2	0	2	-45	38138	8	0	1596	1478	173,333,173,333
1526394858.063968676	110	40	48	1	2	0	2	-45	38139	8	0	1596	1478	173,333,173,333
1526394858.075755858	110	40	48	1	2	0	2	-45	38140	8	0	1596	1478	173,333,173,333
1526394858.087483805	110	40	48	1	2	0	2	-45	38141	8	0	1596	1478	173,333,173,333
1526394858.099254584	110	40	48	1	2	0	2	-45	38142	8	0	1596	1478	173,333,173,333
1526394858.111031551	110	40	48	1	2	0	2	-45	38143	8	0	1596	1478	173,333,173,333
1526394858.122785741	110	40	48	1	2	0	2	-45	38144	8	0	1596	1478	173,333,173,333
1526394858.134529918	110	40	48	1	2	0	2	-45	38145	8	0	1596	1478	173,333,173,333
1526394858.146220207	110	40	48	1	2	0	2	-45	38146	8	0	1596	1478	173,333,173,333
1526394858.158061549	110	40	48	1	2	0	2	-45	38147	8	0	1596	1478	173,333,173,333
1526394858.169837629	110	40	48	1	2	0	2	-45	38148	8	0	1596	1478	173,333,173,333
1526394858.181571940	110	40	48	1	2	0	2	-46	38149	8	0	1596	1478	173,333,173,333
1526394858.193330712	110	40	48	1	2	0	2	-45	38150	8	0	1596	1478	173,333,173,333
1526394858.205019358	110	40	48	1	2	0	2	-45	38151	8	0	1596	1478	173,333,173,333
1526394858.216863376	110	40	48	1	2	0	2	-45	38152	8	0	1596	1478	173,333,173,333
1526394858.228627059	110	40	48	1	2	0	2	-45	38153	8	0	1596	1478	173,333,173,333
1526394858.240406459	110	40	48	1	2	0	2	-45	38154	8	0	1596	1478	173,333,173,333
1526394858.252150242	110	40	48	1	2	0	2	-45	38155	8	0	1596	1478	173,333,173,333
1526394858.263895097	110	40	48	1	2	0	2	-45	38156	8	0	1596	1478	173,333,173,333
1526394858.275653301	110	40	48	1	2	0	2	-45	38157	8	0	1596	1478	173,333,173,333
1526394858.287436515	110	40	48	1	2	0	2	-45	38158	8	0	1596	1478	173,333,173,333
1526394858.299187891	110	40	48	1	2	0	2	-45	38159	8	0	1596	1478	173,333,173,333
1526394858.310943672	110	40	48	1	2	0	2	-45	38160	8	0	1596	1478	173,333,173,333
1526394858.322689009	110	40	48	1	2	0	2	-45	38161	8	0	1596	1478	173,333,173,333
1526394858.334456838	110	40	48	1	2	0	2	-45	38162	8	0	1596	1478	173,333,173,333
1526394858.346208443	110	40	48	1	2	0	2	-45	38163	8	0	1596	1478	173,333,173,333
1526394858.357837629	110	40	48	1	2	0	2	-45	38164	8	0	1596	1478	173,333,173,333
1526394858.369581749	110	40	48	1	2	0	2	-45	38165	8	0	1596	1478	173,333,173,333
1526394858.381407624	110	40	48	1	2	0	2	-45	38166	8	0	1596	1478	173,333,173,333
1526394858.393257360	110	40	48	1	2	0	2	-45	38167	8	0	1596	1478	173,333,173,333
1526394858.404993172	110	40	48	1	2	0	2	-45	38168	8	0	1596	1478	173,333,173,333
1526394858.416809706	110	40	48	1	2	0	2	-45	38169	8	0	1596	1478	173,333,173,333
1526394858.428481327	110	40	48	1	2	0	2	-45	38170	8	0	1596	1478	173,333,173,333
1526394858.440145612	110	40	48	1	2	0	2	-45	38171	8	0	1596	1478	173,333,173,333
1526394858.451920568	110	40	48	1	2	0	2	-45	38172	8	0	1596	1478	173,333,173,333
1526394858.463815950	110	40	48	1	2	0	2	-45	38173	8	0	1596	1478	173,333,173,333
1526394858.475568441	110	40	48	1	2	0	2	-45	38174	8	0	1596	1478	173,333,173,333
1526394858.487333209	110	40	48	1	2	0	2	-45	38175	8	0	1596	1478	173,333,173,333
1526394858.499108666	110	40	48	1	2	0	2	-45	38176	8	0	1596	1478	173,333,173,333
1526394858.510785291	110	40	48	1	2	0	2	-45	38177	8	0	1596	1478	173,333,173,333
1526394858.522482745	110	40	48	1	2	0	2	-45	38178	8	0	1596	1478	173,333,173,333
1526394858.534305808	110	40	48	1	2	0	2	-45	38179	8	0	1596	1478	173,333,173,333
1526394858.546127813	110	40	48	1	2	0	2	-45	38180	8	0	1596	1478	173,333,173,333
1526394858.557888034	110	40	48	1	2	0	2	-45	38181	8	0	1596	1478	173,333,173,333
1526394858.569662220	110	40	48	1	2	0	2	-45	38182	8	0	1596	1478	173,333,173,333
1526394858.581352452	110	40	48	1	2	0	2	-45	38183	8	0	1596	1478	173,333,173,333
1526394858.593162600	110	40	48	1	2	0	2	-45	38184	8	0	1596	1478	173,333,173,333
1526394858.605193029	110	40	48	1	2	0	2	-45	38185	8	0	1596	1478	173,333,173,333
1526394858.616677929	110	40	48	1	2	0	2	-45	38186	8	0	1596	1478	173,333,173,333
1526394858.628451326	110	40	48	1	2	0	2	-45	38187	8	0	1596	1478	173,333,173,333
1526394858.640205132	110	40	48	1	2	0	2	-45	38188	8	0	1596	1478	173,333,173,333
1526394858.651964596	110	40	48	1	2	0	2	-45	38189	8	0	1596	1478	173,333,173,333
1526394858.663742328	110	40	48	1	2	0	2	-45	38190	8	0	1596	1478	173,333,173,333
1526394858.675493983	110	40	48	1	2	0	2	-45	38191	8	0	1596	1478	173,333,173,333
1526394858.687265340	110	40	48	1	2	0	2	-45	38192	8	0	1596	1478	173,333,173,333
1526394858.699029548	110	40	48	1	2	0	2	-45	38193	8	0	1596	1478	173,333,173,333
1526394858.710798085	110	40	48	1	2	0	2	-45	38194	8	0	1596	1478	173,333,173,333
1526394858.722540643	110	40	48	1	2	0	2	-45	38195	8	0	1596	1478	173,333,173,333
1526394858.734319145	110	40	48	1	2	0	2	-45	38196	8	0	1596	1478	173,333,173,333
1526394858.746070477	110	40	48	1	2	0	2	-45	38197	8	0	1596	1478	173,333,173,333
1526394858.757813671	110	40	48	1	2	0	2	-45	38198	8	0	1596	1478	173,333,173,333
1526394858.769574811	110	40	48	1	2	0	2	-45	38199	8	0	1596	1478	173,333,173,333
1526394858.781338668	110	40	48	1	2	0	2	-45	38200	8	0	1596	1478	173,333,173,333
1526394858.793070445	110	40	48	1	2	0	2	-45	38201	8	0	1596	1478	173,333,173,333
1526394858.804868123	110	40	48	1	2	0	2	-45	38202	8	0	1596	1478	173,333,173,333
1526394858.816436649	110	40	48	1	2	0	2	-45	38203	8	0	1596	1478	173,333,173,333
1526394858.828290761	110	40	48	1	2	0	2	-45	38204	8	0	1596	1478	173,333,173,333
1526394858.840041732	110	40	48	1	2	0	2	-45	38205	8	0	1596	1478	173,333,173,333
1526394858.851834318	110	40	48	1	2	0	2	-45	38206	8	0	1596	1478	173,333,173,333
1526394858.863543557	110	40	48	1	2	0	2	-45	38207	8	0	1596	1478	173,333,173,333
1526394858.875262074	110	40	48	1	2	0	2	-45	38208	8	0	1596	1478	173,333,173,333
1526394858.887169143	110	40	48	1	2	0	2	-45	38209	8	0	1596	1478	173,333,173,333
1526394858.898925397	110	40	48	1	2	0	2	-45	38210	8	0	1596	1478	173,333,173,333
1526394858.910684916	110	40	48	1	2	0	2	-45	38211	8	0	1596	1478	173,333,173,333
1526394858.922240239	110	40	48	1	2	0	2	-45	38212	8	0	1596	1478	173,333,173,333
1526394858.934112915	110	40	48	1	2	0	2	-45	38213	8	0	1596	1478	173,333,173,333
1526394858.945859187	110	40	48	1	2	0	2	-45	38214	8	0	1596	1478	173,333,173,333
1526394858.957730063	110	40	48	1	2	0	2	-45	38215	8	0	1596	1478	173,333,173,333
1526394858.969485610	110	40	48	1	2	0	2	-45	38216	8	0	1596	1478	173,333,173,333
1526394858.981257020	110	40	48	1	2	0	2	-45	38217	8	0	1596	1478	173,333,173,333
1526394858.993001453	110	40	48	1	2	0	2	-45	38218	8	0	1596	1478	173,333,173,333
1526394859.004766043	110	40	48	1	2	0	2	-45	38219	8	0	1596	1478	173,333,173,333
1526394859.016531397	110	40	48	1	2	0	2	-44	38220	8	0	1596	1478	173,333,173,333
1526394859.028214834	110	40	48	1	2	0	2	-45	38221	8	0	1596	1478	173,333,173,333
1526394859.040060691	110	40	48	1	2	0	2	-45	38222	8	0	1596	1478	173,333,173,333
1526394859.051651826	110	40	48	1	2	0	2	-45	38223	8	0	1596	1478	173,333,173,333
1526394859.063577252	110	40	48	1	2	0	2	-45	38224	8	0	1596	1478	173,333,173,333
1526394859.075327769	110	40	48	1	2	0	2	-45	38225	8	0	1596	1478	173,333,173,333
1526394859.087094769	110	40	48	1	2	0	2	-45	38226	8	0	1596	1478	173,333,173,333
1526394859.098795327	110	40	48	1	2	0	2	-45	38227	8	0	1596	1478	173,333,173,333
1526394859.110634220	110	40	48	1	2	0	2	-45	38228	8	0	1596	1478	173,333,173,333
1526394859.122247355	110	40	48	1	2	0	2	-45	38229	8	0	1596	1478	173,333,173,333
1526394859.134132551	110	40	48	1	2	0	2	-45	38230	8	0	1596	1478	173,333,173,333
1526394859.145848555	110	40	48	1	2	0	2	-45	38231	8	0	1596	1478	173,333,173,333
1526394859.157645328	110	40	48	1	2	0	2	-45	38232	8	0	1596	1478	173,333,173,333
1526394859.169434825	110	40	48	1	2	0	2	-45	38233	8	0	1596	1478	173,333,173,333
1526394859.181116256	110	40	48	1	2	0	2	-45	38234	8	0	1596	1478	173,333,173,333
1526394859.192941295	110	40	48	1	2	0	2	-45	38235	8	0	1596	1478	173,333,173,333
1526394859.204604020	110	40	48	1	2	0	2	-45	38236	8	0	1596	1478	173,333,173,333
1526394859.216468946	110	40	48	1	2	0	2	-45	38237	8	0	1596	1478	173,333,173,333
1526394859.228203078	110	40	48	1	2	0	2	-45	38238	8	0	1596	1478	173,333,173,333
1526394859.239980249	110	40	48	1	2	0	2	-45	38239	8	0	1596	1478	173,333,173,333
1526394859.251764149	110	40	48	1	2	0	2	-45	38240	8	0	1596	1478	173,333,173,333
1526394859.263476331	110	40	48	1	2	0	2	-45	38241	8	0	1596	1478	173,333,173,333
1526394859.275204056	110	40	48	1	2	0	2	-45	38242	8	0	1596	1478	173,333,173,333
1526394859.287041838	110	40	48	1	2	0	2	-45	38243	8	0	1596	1478	173,333,173,333
1526394859.298765531	110	40	48	1	2	0	2	-45	38244	8	0	1596	1478	173,333,173,333
1526394859.310525806	110	40	48	1	2	0	2	-45	38245	8	0	1596	1478	173,333,173,333
1526394859.322559999	110	40	48	1	2	0	2	-45	38246	8	0	1596	1478	173,333,173,333
1526394859.334047675	110	40	48	1	2	0	2	-45	38247	8	0	1596	1478	173,333,173,333
1526394859.345823620	110	40	48	1	2	0	2	-45	38248	8	0	1596	1478	173,333,173,333
1526394859.357577521	110	40	48	1	2	0	2	-45	38249	8	0	1596	1478	173,333,173,333
1526394859.369339312	110	40	48	1	2	0	2	-45	38250	8	0	1596	1478	173,333,173,333
1526394859.381096188	110	40	48	1	2	0	2	-45	38251	8	0	1596	1478	173,333,173,333
1526394859.392766775	110	40	48	1	2	0	2	-45	38252	8	0	1596	1478	173,333,173,333
1526394859.404518442	110	40	48	1	2	0	2	-45	38253	8	0	1596	1478	173,333,173,333
1526394859.416347429	110	40	48	1	2	0	2	-45	38254	8	0	1596	1478	173,333,173,333
1526394859.427957004	110	40	48	1	2	0	2	-45	38255	8	0	1596	1478	173,333,173,333
1526394859.439806184	110	40	48	1	2	0	2	-45	38256	8	0	1596	1478	173,333,173,333
1526394859.451545222	110	40	48	1	2	0	2	-45	38257	8	0	1596	1478	173,333,173,333
1526394859.463406192	110	40	48	1	2	0	2	-45	38258	8	0	1596	1478	173,333,173,333
1526394859.475164625	110	40	48	1	2	0	2	-45	38259	8	0	1596	1478	173,333,173,333
1526394859.486926872	110	40	48	1	2	0	2	-45	38260	8	0	1596	1478	173,333,173,333
1526394859.498688046	110	40	48	1	2	0	2	-45	38261	8	0	1596	1478	173,333,173,333
1526394859.510437146	110	40	48	1	2	0	2	-45	38262	8	0	1596	1478	173,333,173,333
1526394859.522228289	110	40	48	1	2	0	2	-45	38263	8	0	1596	1478	173,333,173,333
1526394859.533891009	110	40	48	1	2	0	2	-45	38264	8	0	1596	1478	173,333,173,333
1526394859.545728355	110	40	48	1	2	0	2	-45	38265	8	0	1596	1478	173,333,173,333
1526394859.557502636	110	40	48	1	2	0	2	-45	38266	8	0	1596	1478	173,333,173,333
1526394859.569244628	110	40	48	1	2	0	2	-45	38267	8	0	1596	1478	173,333,173,333
1526394859.580839994	110	40	48	1	2	0	2	-45	38269	8	0	1596	1478	173,333,173,333
1526394859.592664092	110	40	48	1	2	0	2	-45	38270	8	0	1596	1478	173,333,173,333
1526394859.604452935	110	40	48	1	2	0	2	-45	38271	8	0	1596	1478	173,333,173,333
1526394859.616194603	110	40	48	1	2	0	2	-45	38272	8	0	1596	1478	173,333,173,333
1526394859.627933303	110	40	48	1	2	0	2	-45	38273	8	0	1596	1478	173,333,173,333
1526394859.639703419	110	40	48	1	2	0	2	-45	38274	8	0	1596	1478	173,333,173,333
1526394859.651434041	110	40	48	1	2	0	2	-45	38275	8	0	1596	1478	173,333,173,333
1526394859.663170748	110	40	48	1	2	0	2	-45	38276	8	0	1596	1478	173,333,173,333
1526394859.674970677	110	40	48	1	2	0	2	-45	38277	8	0	1596	1478	173,333,173,333
1526394859.686723335	110	40	48	1	2	0	2	-45	38278	8	0	1596	1478	173,333,173,333
1526394859.698494755	110	40	48	1	2	0	2	-45	38279	8	0	1596	1478	173,333,173,333
1526394859.710255312	110	40	48	1	2	0	2	-45	38280	8	0	1596	1478	173,333,173,333
1526394859.722011217	110	40	48	1	2	0	2	-45	38281	8	0	1596	1478	173,333,173,333
1526394859.733755285	110	40	48	1	2	0	2	-45	38282	8	0	1596	1478	173,333,173,333
1526394859.745514445	110	40	48	1	2	0	2	-45	38283	8	0	1596	1478	173,333,173,333
1526394859.757276537	110	40	48	1	2	0	2	-45	38284	8	0	1596	1478	173,333,173,333
1526394859.769077907	110	40	48	1	2	0	2	-45	38285	8	0	1596	1478	173,333,173,333
1526394859.780717820	110	40	48	1	2	0	2	-45	38286	8	0	1596	1478	173,333,173,333
1526394859.792487370	110	40	48	1	2	0	2	-45	38287	8	0	1596	1478	173,333,173,333
1526394859.804246836	110	40	48	1	2	0	2	-45	38288	8	0	1596	1478	173,333,173,333
1526394859.816003321	110	40	48	1	2	0	2	-45	38289	8	0	1596	1478	173,333,173,333
1526394859.827741425	110	40	48	1	2	0	2	-45	38290	8	0	1596	1478	173,333,173,333
1526394859.839508574	110	40	48	1	2	0	2	-45	38291	8	0	1596	1478	173,333,173,333
1526394859.851268664	110	40	48	1	2	0	2	-45	38292	8	0	1596	1478	173,333,173,333
1526394859.863020127	110	40	48	1	2	0	2	-45	38293	8	0	1596	1478	173,333,173,333
1526394859.874752117	110	40	48	1	2	0	2	-45	38294	8	0	1596	1478	173,333,173,333
1526394859.886518476	110	40	48	1	2	0	2	-45	38295	8	0	1596	1478	173,333,173,333
1526394859.898258827	110	40	48	1	2	0	2	-45	38296	8	0	1596	1478	173,333,173,333
1526394859.910082799	110	40	48	1	2	0	2	-45	38297	8	0	1596	1478	173,333,173,333
1526394859.921921985	110	40	48	1	2	0	2	-45	38298	8	0	1596	1478	173,333,173,333
1526394859.933568661	110	40	48	1	2	0	2	-45	38299	8	0	1596	1478	173,333,173,333
1526394859.945438416	110	40	48	1	2	0	2	-45	38300	8	0	1596	1478	173,333,173,333
1526394859.957057279	110	40	48	1	2	0	2	-45	38301	8	0	1596	1478	173,333,173,333
1526394859.968955684	110	40	48	1	2	0	2	-45	38302	8	0	1596	1478	173,333,173,333
1526394859.980720709	110	40	48	1	2	0	2	-45	38303	8	0	1596	1478	173,333,173,333
1526394859.992489104	110	40	48	1	2	0	2	-45	38304	8	0	1596	1478	173,333,173,333
1526394860.004272728	110	40	48	1	2	0	2	-45	38305	8	0	1596	1478	173,333,173,333
1526394860.015979570	110	40	48	1	2	0	2	-45	38306	8	0	1596	1478	173,333,173,333
1526394860.027755817	110	40	48	1	2	0	2	-45	38307	8	0	1596	1478	173,333,173,333
1526394860.039543338	110	40	48	1	2	0	2	-45	38308	8	0	1596	1478	173,333,173,333
1526394860.051311849	110	40	48	1	2	0	2	-45	38309	8	0	1596	1478	173,333,173,333
1526394860.063064209	110	40	48	1	2	0	2	-45	38310	8	0	1596	1478	173,333,173,333
1526394860.074817589	110	40	48	1	2	0	2	-45	38311	8	0	1596	1478	173,333,173,333
1526394860.086580086	110	40	48	1	2	0	2	-45	38312	8	0	1596	1478	173,333,173,333
1526394860.098332182	110	40	48	1	2	0	2	-45	38313	8	0	1596	1478	173,333,173,333
1526394860.110001965	110	40	48	1	2	0	2	-45	38314	8	0	1596	1478	173,333,173,333
1526394860.121862666	110	40	48	1	2	0	2	-45	38315	8	0	1596	1478	173,333,173,333
1526394860.133614473	110	40	48	1	2	0	2	-45	38316	8	0	1596	1478	173,333,173,333
1526394860.145359009	110	40	48	1	2	0	2	-45	38317	8	0	1596	1478	173,333,173,333
1526394860.157112458	110	40	48	1	2	0	2	-45	38318	8	0	1596	1478	173,333,173,333
1526394860.168863775	110	40	48	1	2	0	2	-45	38319	8	0	1596	1478	173,333,173,333
1526394860.180630374	110	40	48	1	2	0	2	-45	38320	8	0	1596	1478	173,333,173,333
1526394860.192390594	110	40	48	1	2	0	2	-45	38321	8	0	1596	1478	173,333,173,333
1526394860.204169321	110	40	48	1	2	0	2	-45	38322	8	0	1596	1478	173,333,173,333
1526394860.215935503	110	40	48	1	2	0	2	-45	38323	8	0	1596	1478	173,333,173,333
1526394860.227729662	110	40	48	1	2	0	2	-45	38324	8	0	1596	1478	173,333,173,333
1526394860.239467163	110	40	48	1	2	0	2	-45	38325	8	0	1596	1478	173,333,173,333
1526394860.251185753	110	40	48	1	2	0	2	-45	38326	8	0	1596	1478	173,333,173,333
1526394860.262948850	110	40	48	1	2	0	2	-45	38327	8	0	1596	1478	173,333,173,333
1526394860.274727039	110	40	48	1	2	0	2	-45	38328	8	0	1596	1478	173,333,173,333
1526394860.286497207	110	40	48	1	2	0	2	-45	38329	8	0	1596	1478	173,333,173,333
1526394860.298266270	110	40	48	1	2	0	2	-45	38330	8	0	1596	1478	173,333,173,333
1526394860.309985112	110	40	48	1	2	0	2	-45	38331	8	0	1596	1478	173,333,173,333
1526394860.321727294	110	40	48	1	2	0	2	-45	38332	8	0	1596	1478	173,333,173,333
1526394860.333521917	110	40	48	1	2	0	2	-45	38333	8	0	1596	1478	173,333,173,333
1526394860.345970550	110	40	48	1	2	0	2	-45	38334	8	0	1596	1478	173,333,173,333
1526394860.357047876	110	40	48	1	2	0	2	-45	38335	8	0	1596	1478	173,333,173,333
1526394860.368818761	110	40	48	1	2	0	2	-45	38336	8	0	1596	1478	173,333,173,333
1526394860.380567678	110	40	48	1	2	0	2	-45	38337	8	0	1596	1478	173,333,173,333
1526394860.392330170	110	40	48	1	2	0	2	-45	38338	8	0	1596	1478	173,333,173,333
1526394860.404103830	110	40	48	1	2	0	2	-45	38339	8	0	1596	1478	173,333,173,333
1526394860.415788000	110	40	48	1	2	0	2	-45	38340	8	0	1596	1478	173,333,173,333
1526394860.427454425	110	40	48	1	2	0	2	-45	38341	8	0	1596	1478	173,333,173,333
1526394860.439371764	110	40	48	1	2	0	2	-45	38342	8	0	1596	1478	173,333,173,333
1526394860.451139520	110	40	48	1	2	0	2	-45	38343	8	0	1596	1478	173,333,173,333
1526394860.462860884	110	40	48	1	2	0	2	-45	38344	8	0	1596	1478	173,333,173,333
1526394860.474606345	110	40	48	1	2	0	2	-45	38345	8	0	1596	1478	173,333,173,333
1526394860.486270373	110	40	48	1	2	0	2	-45	38346	8	0	1596	1478	173,333,173,333
1526394860.498105114	110	40	48	1	2	0	2	-45	38347	8	0	1596	1478	173,333,173,333
1526394860.509882255	110	40	48	1	2	0	2	-45	38348	8	0	1596	1478	173,333,173,333
1526394860.521625604	110	40	48	1	2	0	2	-45	38349	8	0	1596	1478	173,333,173,333
1526394860.533261731	110	40	48	1	2	0	2	-45	38350	8	0	1596	1478	173,333,173,333
1526394860.545167170	110	40	48	1	2	0	2	-45	38351	8	0	1596	1478	173,333,173,333
1526394860.556946040	110	40	48	1	2	0	2	-45	38352	8	0	1596	1478	173,333,173,333
1526394860.568690253	110	40	48	1	2	0	2	-45	38353	8	0	1596	1478	173,333,173,333
1526394860.580436799	110	40	48	1	2	0	2	-45	38354	8	0	1596	1478	173,333,173,333
1526394860.592202716	110	40	48	1	2	0	2	-45	38355	8	0	1596	1478	173,333,173,333
1526394860.603901949	110	40	48	1	2	0	2	-45	38356	8	0	1596	1478	173,333,173,333
1526394860.615735199	110	40	48	1	2	0	2	-45	38357	8	0	1596	1478	173,333,173,333
1526394860.627504999	110	40	48	1	2	0	2	-45	38358	8	0	1596	1478	173,333,173,333
1526394860.639250644	110	40	48	1	2	0	2	-45	38359	8	0	1596	1478	173,333,173,333
1526394860.651047736	110	40	48	1	2	0	2	-45	38360	8	0	1596	1478	173,333,173,333
1526394860.662767778	110	40	48	1	2	0	2	-45	38361	8	0	1596	1478	173,333,173,333
1526394860.674578190	110	40	48	1	2	0	2	-45	38362	8	0	1596	1478	173,333,173,333
1526394860.686298833	110	40	48	1	2	0	2	-45	38363	8	0	1596	1478	173,333,173,333
1526394860.698022553	110	40	48	1	2	0	2	-45	38364	8	0	1596	1478	173,333,173,333
1526394860.709864608	110	40	48	1	2	0	2	-45	38365	8	0	1596	1478	173,333,173,333
1526394860.721622748	110	40	48	1	2	0	2	-45	38366	8	0	1596	1478	173,333,173,333
1526394860.733349350	110	40	48	1	2	0	2	-45	38367	8	0	1596	1478	173,333,173,333
1526394860.745149842	110	40	48	1	2	0	2	-45	38368	8	0	1596	1478	173,333,173,333
1526394860.756783310	110	40	48	1	2	0	2	-45	38369	8	0	1596	1478	173,333,173,333
1526394860.768538696	110	40	48	1	2	0	2	-45	38370	8	0	1596	1478	173,333,173,333
1526394860.780313543	110	40	48	1	2	0	2	-45	38371	8	0	1596	1478	173,333,173,333
1526394860.792065070	110	40	48	1	2	0	2	-45	38372	8	0	1596	1478	173,333,173,333
1526394860.803837592	110	40	48	1	2	0	2	-45	38373	8	0	1596	1478	173,333,173,333
1526394860.815589688	110	40	48	1	2	0	2	-45	38374	8	0	1596	1478	173,333,173,333
1526394860.827371720	110	40	48	1	2	0	2	-45	38375	8	0	1596	1478	173,333,173,333
1526394860.839094343	110	40	48	1	2	0	2	-45	38376	8	0	1596	1478	173,333,173,333
1526394860.850869386	110	40	48	1	2	0	2	-45	38377	8	0	1596	1478	173,333,173,333
1526394860.862593653	110	40	48	1	2	0	2	-45	38378	8	0	1596	1478	173,333,173,333
1526394860.874386173	110	40	48	1	2	0	2	-45	38379	8	0	1596	1478	173,333,173,333
1526394860.886153592	110	40	48	1	2	0	2	-45	38380	8	0	1596	1478	173,333,173,333
1526394860.897891572	110	40	48	1	2	0	2	-45	38381	8	0	1596	1478	173,333,173,333
1526394860.909655085	110	40	48	1	2	0	2	-45	38382	8	0	1596	1478	173,333,173,333
1526394860.921396877	110	40	48	1	2	0	2	-45	38383	8	0	1596	1478	173,333,173,333
1526394860.933194862	110	40	48	1	2	0	2	-45	38384	8	0	1596	1478	173,333,173,333
1526394860.945063622	110	40	48	1	2	0	2	-45	38385	8	0	1596	1478	173,333,173,333
1526394860.956710147	110	40	48	1	2	0	2	-45	38386	8	0	1596	1478	173,333,173,333
1526394860.968548744	110	40	48	1	2	0	2	-45	38387	8	0	1596	1478	173,333,173,333
1526394860.980291575	110	40	48	1	2	0	2	-45	38388	8	0	1596	1478	173,333,173,333
1526394860.992063597	110	40	48	1	2	0	2	-45	38389	8	0	1596	1478	173,333,173,333
1526394861.003720077	110	40	48	1	2	0	2	-45	38390	8	0	1596	1478	173,333,173,333
1526394861.015592743	110	40	48	1	2	0	2	-45	38391	8	0	1596	1478	173,333,173,333
1526394861.027316272	110	40	48	1	2	0	2	-45	38392	8	0	1596	1478	173,333,173,333
1526394861.039135316	110	40	48	1	2	0	2	-45	38393	8	0	1596	1478	173,333,173,333
1526394861.050868722	110	40	48	1	2	0	2	-45	38394	8	0	1596	1478	173,333,173,333
1526394861.062890651	110	40	48	1	2	0	2	-45	38395	8	0	1596	1478	173,333,173,333
1526394861.074460276	110	40	48	1	2	0	2	-45	38396	8	0	1596	1478	173,333,173,333
1526394861.086207493	110	40	48	1	2	0	2	-45	38397	8	0	1596	1478	173,333,173,333
1526394861.097972356	110	40	48	1	2	0	2	-45	38398	8	0	1596	1478	173,333,173,333
1526394861.110728054	110	40	48	1	2	0	2	-45	38399	8	0	1596	1478	173,333,173,333
1526394861.121396477	110	40	48	1	2	0	2	-45	38400	8	0	1596	1478	173,333,173,333
1526394861.133204621	110	40	48	1	2	0	2	-45	38401	8	0	1596	1478	173,333,173,333
1526394861.144949336	110	40	48	1	2	0	2	-45	38402	8	0	1596	1478	173,333,173,333
1526394861.156772064	110	40	48	1	2	0	2	-45	38403	8	0	1596	1478	173,333,173,333
1526394861.168569499	110	40	48	1	2	0	2	-45	38404	8	0	1596	1478	173,333,173,333
1526394861.180288130	110	40	48	1	2	0	2	-45	38405	8	0	1596	1478	173,333,173,333
1526394861.192096463	110	40	48	1	2	0	2	-45	38406	8	0	1596	1478	173,333,173,333
1526394861.203814252	110	40	48	1	2	0	2	-45	38407	8	0	1596	1478	173,333,173,333
1526394861.215454322	110	40	48	1	2	0	2	-45	38408	8	0	1596	1478	173,333,173,333
1526394861.227400293	110	40	48	1	2	0	2	-45	38409	8	0	1596	1478	173,333,173,333
1526394861.239133931	110	40	48	1	2	0	2	-45	38410	8	0	1596	1478	173,333,173,333
1526394861.250880276	110	40	48	1	2	0	2	-45	38411	8	0	1596	1478	173,333,173,333
1526394861.262645417	110	40	48	1	2	0	2	-45	38412	8	0	1596	1478	173,333,173,333
1526394861.274437808	110	40	48	1	2	0	2	-45	38413	8	0	1596	1478	173,333,173,333
1526394861.286266409	110	40	48	1	2	0	2	-45	38414	8	0	1596	1478	173,333,173,333
1526394861.297957416	110	40	48	1	2	0	2	-45	38415	8	0	1596	1478	173,333,173,333
1526394861.309723415	110	40	48	1	2	0	2	-45	38416	8	0	1596	1478	173,333,173,333
1526394861.321573352	110	40	48	1	2	0	2	-45	38417	8	0	1596	1478	173,333,173,333
1526394861.333239844	110	40	48	1	2	0	2	-45	38418	8	0	1596	1478	173,333,173,333
1526394861.345197323	110	40	48	1	2	0	2	-45	38419	8	0	1596	1478	173,333,173,333
1526394861.356733230	110	40	48	1	2	0	2	-45	38420	8	0	1596	1478	173,333,173,333
1526394861.368576821	110	40	48	1	2	0	2	-45	38421	8	0	1596	1478	173,333,173,333
1526394861.380317806	110	40	48	1	2	0	2	-45	38422	8	0	1596	1478	173,333,173,333
1526394861.392071562	110	40	48	1	2	0	2	-45	38423	8	0	1596	1478	173,333,173,333
1526394861.403853303	110	40	48	1	2	0	2	-45	38424	8	0	1596	1478	173,333,173,333
1526394861.415560347	110	40	48	1	2	0	2	-45	38425	8	0	1596	1478	173,333,173,333
1526394861.427300219	110	40	48	1	2	0	2	-45	38426	8	0	1596	1478	173,333,173,333
1526394861.438971844	110	40	48	1	2	0	2	-45	38427	8	0	1596	1478	173,333,173,333
1526394861.450903221	110	40	48	1	2	0	2	-45	38428	8	0	1596	1478	173,333,173,333
1526394861.462588630	110	40	48	1	2	0	2	-45	38429	8	0	1596	1478	173,333,173,333
1526394861.474290998	110	40	48	1	2	0	2	-45	38430	8	0	1596	1478	173,333,173,333
1526394861.486158593	110	40	48	1	2	0	2	-45	38431	8	0	1596	1478	173,333,173,333
1526394861.497942572	110	40	48	1	2	0	2	-45	38432	8	0	1596	1478	173,333,173,333
1526394861.509734964	110	40	48	1	2	0	2	-45	38433	8	0	1596	1478	173,333,173,333
1526394861.521416885	110	40	48	1	2	0	2	-45	38434	8	0	1596	1478	173,333,173,333
1526394861.533063347	110	40	48	1	2	0	2	-45	38435	8	0	1596	1478	173,333,173,333
1526394861.544876633	110	40	48	1	2	0	2	-45	38436	8	0	1596	1478	173,333,173,333
1526394861.556470051	110	40	48	1	2	0	2	-45	38437	8	0	1596	1478	173,333,173,333
1526394861.568431087	110	40	48	1	2	0	2	-45	38438	8	0	1596	1478	173,333,173,333
1526394861.580127240	110	40	48	1	2	0	2	-45	38439	8	0	1596	1478	173,333,173,333
1526394861.591962657	110	40	48	1	2	0	2	-45	38440	8	0	1596	1478	173,333,173,333
1526394861.603739505	110	40	48	1	2	0	2	-45	38441	8	0	1596	1478	173,333,173,333
1526394861.615471564	110	40	48	1	2	0	2	-45	38442	8	0	1596	1478	173,333,173,333
1526394861.627220518	110	40	48	1	2	0	2	-45	38443	8	0	1596	1478	173,333,173,333
1526394861.638985362	110	40	48	1	2	0	2	-45	38444	8	0	1596	1478	173,333,173,333
1526394861.650738435	110	40	48	1	2	0	2	-45	38445	8	0	1596	1478	173,333,173,333
1526394861.662509709	110	40	48	1	2	0	2	-45	38446	8	0	1596	1478	173,333,173,333
1526394861.678535960	110	40	48	1	2	0	2	-45	38447	8	0	1596	1478	173,333,173,333
1526394861.686088585	110	40	48	1	2	0	2	-45	38448	8	0	1596	1478	173,333,173,333
1526394861.698051798	110	40	48	1	2	0	2	-45	38449	8	0	1596	1478	173,333,173,333
1526394861.709532336	110	40	48	1	2	0	2	-45	38450	8	0	1596	1478	173,333,173,333
1526394861.721129029	110	40	48	1	2	0	2	-46	38451	8	0	1596	1478	173,333,173,333
1526394861.733449871	110	40	48	1	2	0	2	-45	38452	8	0	1596	1478	173,333,173,333
1526394861.745017851	110	40	48	1	2	0	2	-46	38453	8	0	1596	1478	173,333,173,333
1526394861.756375596	110	40	48	1	2	0	2	-46	38454	8	0	1596	1478	173,333,173,333
1526394861.768079522	110	40	48	1	2	0	2	-46	38455	8	0	1596	1478	173,333,173,333
1526394861.780561423	110	40	48	1	2	0	2	-45	38456	8	0	1596	1478	173,333,173,333
1526394861.791698271	110	40	48	1	2	0	2	-45	38457	8	0	1596	1478	173,333,173,333
1526394861.803435959	110	40	48	1	2	0	2	-46	38458	8	0	1596	1478	173,333,173,333
1526394861.815424114	110	40	48	1	2	0	2	-46	38459	8	0	1596	1478	173,333,173,333
1526394861.826946771	110	40	48	1	2	0	2	-45	38460	8	0	1596	1478	173,333,173,333
1526394861.838884949	110	40	48	1	2	0	2	-46	38461	8	0	1596	1478	173,333,173,333
1526394861.850597947	110	40	48	1	2	0	2	-45	38462	8	0	1596	1478	173,333,173,333
1526394861.862242120	110	40	48	1	2	0	2	-45	38463	8	0	1596	1478	173,333,173,333
1526394861.874130510	110	40	48	1	2	0	2	-46	38464	8	0	1596	1478	173,333,173,333
1526394861.886236552	110	40	48	1	2	0	2	-45	38465	8	0	1596	1478	173,333,173,333
1526394861.897669600	110	40	48	1	2	0	2	-46	38466	8	0	1596	1478	173,333,173,333
1526394861.909419705	110	40	48	1	2	0	2	-45	38467	8	0	1596	1478	173,333,173,333
1526394861.921225268	110	40	48	1	2	0	2	-45	38468	8	0	1596	1478	173,333,173,333
1526394861.933001474	110	40	48	1	2	0	2	-45	38469	8	0	1596	1478	173,333,173,333
1526394861.944646817	110	40	48	1	2	0	2	-45	38470	8	0	1596	1478	173,333,173,333
1526394861.956250654	110	40	48	1	2	0	2	-46	38471	8	0	1596	1478	173,333,173,333
1526394861.968043927	110	40	48	1	2	0	2	-45	38472	8	0	1596	1478	173,333,173,333
1526394861.979847975	110	40	48	1	2	0	2	-46	38473	8	0	1596	1478	173,333,173,333
1526394861.991684859	110	40	48	1	2	0	2	-45	38474	8	0	1596	1478	173,333,173,333
1526394862.003401996	110	40	48	1	2	0	2	-45	38475	8	0	1596	1478	173,333,173,333
1526394862.015320431	110	40	48	1	2	0	2	-46	38476	8	0	1596	1478	173,333,173,333
1526394862.027087258	110	40	48	1	2	0	2	-45	38477	8	0	1596	1478	173,333,173,333
1526394862.038541801	110	40	48	1	2	0	2	-45	38478	8	0	1596	1478	173,333,173,333
1526394862.050780050	110	40	48	1	2	0	2	-45	38479	8	0	1596	1478	173,333,173,333
1526394862.062330658	110	40	48	1	2	0	2	-45	38480	8	0	1596	1478	173,333,173,333
1526394862.074106724	110	40	48	1	2	0	2	-45	38481	8	0	1596	1478	173,333,173,333
1526394862.085719859	110	40	48	1	2	0	2	-45	38482	8	0	1596	1478	173,333,173,333
1526394862.097627779	110	40	48	1	2	0	2	-45	38483	8	0	1596	1478	173,333,173,333
1526394862.109190773	110	40	48	1	2	0	2	-45	38484	8	0	1596	1478	173,333,173,333
1526394862.121246386	110	40	48	1	2	0	2	-45	38485	8	0	1596	1478	173,333,173,333
1526394862.132939500	110	40	48	1	2	0	2	-45	38486	8	0	1596	1478	173,333,173,333
1526394862.144706849	110	40	48	1	2	0	2	-45	38487	8	0	1596	1478	173,333,173,333
1526394862.156379813	110	40	48	1	2	0	2	-45	38488	8	0	1596	1478	173,333,173,333
1526394862.168009143	110	40	48	1	2	0	2	-45	38489	8	0	1596	1478	173,333,173,333
1526394862.179941088	110	40	48	1	2	0	2	-45	38490	8	0	1596	1478	173,333,173,333
1526394862.191750403	110	40	48	1	2	0	2	-45	38491	8	0	1596	1478	173,333,173,333
1526394862.203450011	110	40	48	1	2	0	2	-45	38492	8	0	1596	1478	173,333,173,333
1526394862.215281935	110	40	48	1	2	0	2	-45	38493	8	0	1596	1478	173,333,173,333
1526394862.226859599	110	40	48	1	2	0	2	-45	38494	8	0	1596	1478	173,333,173,333
1526394862.238722294	110	40	48	1	2	0	2	-45	38495	8	0	1596	1478	173,333,173,333
1526394862.251106566	110	40	48	1	2	0	2	-45	38496	8	0	1596	1478	173,333,173,333
1526394862.262632762	110	40	48	1	2	0	2	-45	38497	8	0	1596	1478	173,333,173,333
1526394862.274025062	110	40	48	1	2	0	2	-45	38498	8	0	1596	1478	173,333,173,333
1526394862.286021991	110	40	48	1	2	0	2	-45	38499	8	0	1596	1478	173,333,173,333
1526394862.297467259	110	40	48	1	2	0	2	-45	38500	8	0	1596	1478	173,333,173,333
1526394862.309144571	110	40	48	1	2	0	2	-45	38501	8	0	1596	1478	173,333,173,333
1526394862.320912804	110	40	48	1	2	0	2	-45	38502	8	0	1596	1478	173,333,173,333
1526394862.332615382	110	40	48	1	2	0	2	-45	38503	8	0	1596	1478	173,333,173,333
1526394862.344640389	110	40	48	1	2	0	2	-45	38504	8	0	1596	1478	173,333,173,333
1526394862.356524090	110	40	48	1	2	0	2	-45	38505	8	0	1596	1478	173,333,173,333
1526394862.368113158	110	40	48	1	2	0	2	-45	38506	8	0	1596	1478	173,333,173,333
1526394862.379707033	110	40	48	1	2	0	2	-45	38507	8	0	1596	1478	173,333,173,333
1526394862.391478795	110	40	48	1	2	0	2	-45	38508	8	0	1596	1478	173,333,173,333
1526394862.403178885	110	40	48	1	2	0	2	-45	38509	8	0	1596	1478	173,333,173,333
1526394862.415279928	110	40	48	1	2	0	2	-45	38510	8	0	1596	1478	173,333,173,333
1526394862.426826732	110	40	48	1	2	0	2	-45	38511	8	0	1596	1478	173,333,173,333
1526394862.439119346	110	40	48	1	2	0	2	-45	38512	8	0	1596	1478	173,333,173,333
1526394862.450412323	110	40	48	1	2	0	2	-45	38513	8	0	1596	1478	173,333,173,333
1526394862.462107784	110	40	48	1	2	0	2	-45	38514	8	0	1596	1478	173,333,173,333
1526394862.473796502	110	40	48	1	2	0	2	-45	38515	8	0	1596	1478	173,333,173,333
1526394862.485541566	110	40	48	1	2	0	2	-45	38516	8	0	1596	1478	173,333,173,333
1526394862.497849657	110	40	48	1	2	0	2	-45	38517	8	0	1596	1478	173,333,173,333
1526394862.509196271	110	40	48	1	2	0	2	-45	38518	8	0	1596	1478	173,333,173,333
1526394862.520877203	110	40	48	1	2	0	2	-45	38519	8	0	1596	1478	173,333,173,333
1526394862.532962711	110	40	48	1	2	0	2	-45	38520	8	0	1596	1478	173,333,173,333
1526394862.544113500	110	40	48	1	2	0	2	-45	38522	8	0	1596	1478	173,333,173,333
1526394862.556036141	110	40	48	1	2	0	2	-45	38523	8	0	1596	1478	173,333,173,333
1526394862.567901241	110	40	48	1	2	0	2	-45	38524	8	0	1596	1478	173,333,173,333
1526394862.579672773	110	40	48	1	2	0	2	-45	38525	8	0	1596	1478	173,333,173,333
1526394862.591742164	110	40	48	1	2	0	2	-45	38526	8	0	1596	1478	173,333,173,333
1526394862.603304320	110	40	48	1	2	0	2	-45	38527	8	0	1596	1478	173,333,173,333
1526394862.614925118	110	40	48	1	2	0	2	-45	38528	8	0	1596	1478	173,333,173,333
1526394862.626612569	110	40	48	1	2	0	2	-45	38529	8	0	1596	1478	173,333,173,333
1526394862.638633786	110	40	48	1	2	0	2	-45	38530	8	0	1596	1478	173,333,173,333
1526394862.650490612	110	40	48	1	2	0	2	-45	38531	8	0	1596	1478	173,333,173,333
1526394862.662109565	110	40	48	1	2	0	2	-45	38532	8	0	1596	1478	173,333,173,333
1526394862.674012422	110	40	48	1	2	0	2	-45	38533	8	0	1596	1478	173,333,173,333
1526394862.685613115	110	40	48	1	2	0	2	-45	38534	8	0	1596	1478	173,333,173,333
1526394862.697383509	110	40	48	1	2	0	2	-45	38535	8	0	1596	1478	173,333,173,333
1526394862.709089457	110	40	48	1	2	0	2	-45	38536	8	0	1596	1478	173,333,173,333
1526394862.720933119	110	40	48	1	2	0	2	-45	38537	8	0	1596	1478	173,333,173,333
1526394862.733668178	110	40	48	1	2	0	2	-45	38538	8	0	1596	1478	173,333,173,333
1526394862.744753063	110	40	48	1	2	0	2	-45	38539	8	0	1596	1478	173,333,173,333
1526394862.756526373	110	40	48	1	2	0	2	-45	38540	8	0	1596	1478	173,333,173,333
1526394862.767598513	110	40	48	1	2	0	2	-45	38541	8	0	1596	1478	173,333,173,333
1526394862.783997251	110	40	48	1	2	0	2	-45	38542	8	0	1596	1478	173,333,173,333
1526394862.791202978	110	40	48	1	2	0	2	-45	38543	8	0	1596	1478	173,333,173,333
1526394862.803533204	110	40	48	1	2	0	2	-45	38544	8	0	1596	1478	173,333,173,333
1526394862.814787028	110	40	48	1	2	0	2	-45	38545	8	0	1596	1478	173,333,173,333
1526394862.827006425	110	40	48	1	2	0	2	-45	38546	8	0	1596	1478	173,333,173,333
1526394862.838174886	110	40	48	1	2	0	2	-45	38547	8	0	1596	1478	173,333,173,333
1526394862.849917065	110	40	48	1	2	0	2	-45	38548	8	0	1596	1478	173,333,173,333
1526394862.863127638	110	40	48	1	2	0	2	-45	38549	8	0	1596	1478	173,333,173,333
1526394862.873773549	110	40	48	1	2	0	2	-45	38550	8	0	1596	1478	173,333,173,333
1526394862.885322274	110	40	48	1	2	0	2	-45	38551	8	0	1596	1478	173,333,173,333
1526394862.897063681	110	40	48	1	2	0	2	-45	38552	8	0	1596	1478	173,333,173,333
1526394862.908849302	110	40	48	1	2	0	2	-45	38553	8	0	1596	1478	173,333,173,333
1526394862.920702490	110	40	48	1	2	0	2	-45	38554	8	0	1596	1478	173,333,173,333
1526394862.932715519	110	40	48	1	2	0	2	-45	38555	8	0	1596	1478	173,333,173,333
1526394862.944130076	110	40	48	1	2	0	2	-45	38556	8	0	1596	1478	173,333,173,333
1526394862.956412810	110	40	48	1	2	0	2	-45	38557	8	0	1596	1478	173,333,173,333
1526394862.967798346	110	40	48	1	2	0	2	-45	38558	8	0	1596	1478	173,333,173,333
1526394862.979347966	110	40	48	1	2	0	2	-45	38559	8	0	1596	1478	173,333,173,333
1526394862.991503730	110	40	48	1	2	0	2	-45	38560	8	0	1596	1478	173,333,173,333
1526394863.003314093	110	40	48	1	2	0	2	-45	38561	8	0	1596	1478	173,333,173,333
1526394863.015354592	110	40	48	1	2	0	2	-45	38562	8	0	1596	1478	173,333,173,333
1526394863.026958762	110	40	48	1	2	0	2	-45	38563	8	0	1596	1478	173,333,173,333
1526394863.038335965	110	40	48	1	2	0	2	-45	38564	8	0	1596	1478	173,333,173,333
1526394863.050026095	110	40	48	1	2	0	2	-45	38565	8	0	1596	1478	173,333,173,333
1526394863.061776188	110	40	48	1	2	0	2	-45	38566	8	0	1596	1478	173,333,173,333
1526394863.073583502	110	40	48	1	2	0	2	-45	38567	8	0	1596	1478	173,333,173,333
1526394863.085320268	110	40	48	1	2	0	2	-45	38568	8	0	1596	1478	173,333,173,333
1526394863.097416495	110	40	48	1	2	0	2	-45	38569	8	0	1596	1478	173,333,173,333
1526394863.109002995	110	40	48	1	2	0	2	-45	38570	8	0	1596	1478	173,333,173,333
1526394863.120808902	110	40	48	1	2	0	2	-45	38571	8	0	1596	1478	173,333,173,333
1526394863.132666474	110	40	48	1	2	0	2	-45	38572	8	0	1596	1478	173,333,173,333
1526394863.144643848	110	40	48	1	2	0	2	-45	38573	8	0	1596	1478	173,333,173,333
1526394863.156113472	110	40	48	1	2	0	2	-45	38574	8	0	1596	1478	173,333,173,333
1526394863.167797653	110	40	48	1	2	0	2	-45	38575	8	0	1596	1478	173,333,173,333
1526394863.179761309	110	40	48	1	2	0	2	-45	38576	8	0	1596	1478	173,333,173,333
1526394863.191554331	110	40	48	1	2	0	2	-45	38577	8	0	1596	1478	173,333,173,333
1526394863.202862496	110	40	48	1	2	0	2	-45	38578	8	0	1596	1478	173,333,173,333
1526394863.214657592	110	40	48	1	2	0	2	-45	38579	8	0	1596	1478	173,333,173,333
1526394863.226422367	110	40	48	1	2	0	2	-45	38580	8	0	1596	1478	173,333,173,333
1526394863.238345656	110	40	48	1	2	0	2	-45	38581	8	0	1596	1478	173,333,173,333
1526394863.250375193	110	40	48	1	2	0	2	-45	38582	8	0	1596	1478	173,333,173,333
1526394863.261772250	110	40	48	1	2	0	2	-45	38583	8	0	1596	1478	173,333,173,333
1526394863.274079397	110	40	48	1	2	0	2	-45	38584	8	0	1596	1478	173,333,173,333
1526394863.285170610	110	40	48	1	2	0	2	-45	38585	8	0	1596	1478	173,333,173,333
1526394863.296967950	110	40	48	1	2	0	2	-45	38586	8	0	1596	1478	173,333,173,333
1526394863.308919869	110	40	48	1	2	0	2	-45	38587	8	0	1596	1478	173,333,173,333
1526394863.320974564	110	40	48	1	2	0	2	-45	38588	8	0	1596	1478	173,333,173,333
1526394863.332194140	110	40	48	1	2	0	2	-45	38589	8	0	1596	1478	173,333,173,333
1526394863.344069538	110	40	48	1	2	0	2	-45	38590	8	0	1596	1478	173,333,173,333
1526394863.355819900	110	40	48	1	2	0	2	-45	38591	8	0	1596	1478	173,333,173,333
1526394863.367582194	110	40	48	1	2	0	2	-45	38592	8	0	1596	1478	173,333,173,333
1526394863.379239212	110	40	48	1	2	0	2	-45	38593	8	0	1596	1478	173,333,173,333
1526394863.390979760	110	40	48	1	2	0	2	-45	38594	8	0	1596	1478	173,333,173,333
1526394863.402931279	110	40	48	1	2	0	2	-45	38595	8	0	1596	1478	173,333,173,333
1526394863.414624273	110	40	48	1	2	0	2	-45	38596	8	0	1596	1478	173,333,173,333
1526394863.426292355	110	40	48	1	2	0	2	-45	38597	8	0	1596	1478	173,333,173,333
1526394863.438187085	110	40	48	1	2	0	2	-45	38598	8	0	1596	1478	173,333,173,333
1526394863.450013476	110	40	48	1	2	0	2	-45	38599	8	0	1596	1478	173,333,173,333
1526394863.461740183	110	40	48	1	2	0	2	-45	38600	8	0	1596	1478	173,333,173,333
1526394863.473447022	110	40	48	1	2	0	2	-45	38601	8	0	1596	1478	173,333,173,333
1526394863.485077517	110	40	48	1	2	0	2	-45	38602	8	0	1596	1478	173,333,173,333
1526394863.496951820	110	40	48	1	2	0	2	-45	38603	8	0	1596	1478	173,333,173,333
1526394863.508699449	110	40	48	1	2	0	2	-45	38604	8	0	1596	1478	173,333,173,333
1526394863.520868693	110	40	48	1	2	0	2	-45	38605	8	0	1596	1478	173,333,173,333
1526394863.532105617	110	40	48	1	2	0	2	-45	38606	8	0	1596	1478	173,333,173,333
1526394863.543868565	110	40	48	1	2	0	2	-45	38607	8	0	1596	1478	173,333,173,333
1526394863.555746336	110	40	48	1	2	0	2	-45	38608	8	0	1596	1478	173,333,173,333
1526394863.567502900	110	40	48	1	2	0	2	-45	38609	8	0	1596	1478	173,333,173,333
1526394863.579274966	110	40	48	1	2	0	2	-45	38610	8	0	1596	1478	173,333,173,333
1526394863.591024074	110	40	48	1	2	0	2	-45	38611	8	0	1596	1478	173,333,173,333
1526394863.602866518	110	40	48	1	2	0	2	-45	38612	8	0	1596	1478	173,333,173,333
1526394863.614560027	110	40	48	1	2	0	2	-45	38613	8	0	1596	1478	173,333,173,333
1526394863.626337638	110	40	48	1	2	0	2	-45	38614	8	0	1596	1478	173,333,173,333
1526394863.750933526	181	40	48	1	2	0	2	-45	38615	8	0	3130	1478,1478	173,333,173,333
1526394863.750963324	181	40	48	1	2	0	2	-45	38615	8	0	3130	1478,1478	173,333,173,333
1526394863.750974148	181	40	48	1	2	0	2	-45	38615	8	0	3130	1478,1478	173,333,173,333
1526394863.751196588	181	40	48	1	2	0	2	-45	38615	8	0	3130	1478,1478	173,333,173,333
1526394863.751217676	181	40	48	1	2	0	2	-45	38615	8	0	3130	1478,1478	173,333,173,333
1526394863.755621148	110	40	48	1	2	0	2	-44	38616	8	0	1596	1478	173,333,173,333
1526394863.767399476	110	40	48	1	2	0	2	-45	38617	8	0	1596	1478	173,333,173,333
1526394863.779121863	110	40	48	1	2	0	2	-45	38618	8	0	1596	1478	173,333,173,333
1526394863.790888477	110	40	48	1	2	0	2	-45	38619	8	0	1596	1478	173,333,173,333
1526394863.802528678	110	40	48	1	2	0	2	-44	38620	8	0	1596	1478	173,333,173,333
1526394863.814399388	110	40	48	1	2	0	2	-44	38621	8	0	1596	1478	173,333,173,333
1526394863.826175201	110	40	48	1	2	0	2	-44	38622	8	0	1596	1478	173,333,173,333
1526394863.837929040	110	40	48	1	2	0	2	-44	38623	8	0	1596	1478	173,333,173,333
1526394863.955273754	181	40	48	1	2	0	2	-44	38624	8	0	3130	1478,1478	173,333,173,333
1526394863.955316077	181	40	48	1	2	0	2	-44	38624	8	0	3130	1478,1478	173,333,173,333
1526394863.955326429	181	40	48	1	2	0	2	-44	38624	8	0	3130	1478,1478	173,333,173,333
1526394863.955336506	181	40	48	1	2	0	2	-44	38624	8	0	3130	1478,1478	173,333,173,333
1526394863.955348191	110	40	48	1	2	0	2	-44	38624	8	0	1596	1478	173,333,173,333
1526394863.955927642	110	40	48	1	2	0	2	-44	38625	8	0	1596	1478	173,333,173,333
1526394863.967456323	110	40	48	1	2	0	2	-44	38626	8	0	1596	1478	173,333,173,333
1526394863.979227516	110	40	48	1	2	0	2	-44	38627	8	0	1596	1478	173,333,173,333
1526394863.990796512	110	40	48	1	2	0	2	-44	38628	8	0	1596	1478	173,333,173,333
1526394864.002614341	110	40	48	1	2	0	2	-44	38629	8	0	1596	1478	173,333,173,333
1526394864.014518613	110	40	48	1	2	0	2	-44	38630	8	0	1596	1478	173,333,173,333
1526394864.026286838	110	40	48	1	2	0	2	-44	38631	8	0	1596	1478	173,333,173,333
1526394864.140929250	181	40	48	1	2	0	2	-45	38635	8	0	3130	1478,1478	173,333,173,333
1526394864.140974205	181	40	48	1	2	0	2	-45	38635	8	0	3130	1478,1478	173,333,173,333
1526394864.140986737	181	40	48	1	2	0	2	-45	38635	8	0	3130	1478,1478	173,333,173,333
1526394864.141003491	181	40	48	1	2	0	2	-45	38635	8	0	3130	1478,1478	173,333,173,333
1526394864.141016501	110	40	48	1	2	0	2	-45	38635	8	0	1596	1478	173,333,173,333
1526394864.143798303	110	40	48	1	2	0	2	-45	38636	8	0	1596	1478	173,333,173,333
1526394864.155664271	110	40	48	1	2	0	2	-44	38637	8	0	1596	1478	173,333,173,333
1526394864.219400987	181	40	48	1	2	0	2	-44	38638	8	0	3130	1478,1478	173,333,173,333
1526394864.219454081	181	40	48	1	2	0	2	-44	38638	8	0	3130	1478,1478	173,333,173,333
1526394864.219467402	110	40	48	1	2	0	2	-44	38638	8	0	1596	1478	173,333,173,333
1526394864.226124298	110	40	48	1	2	0	2	-44	38639	8	0	1596	1478	173,333,173,333
1526394864.237804011	110	40	48	1	2	0	2	-44	38640	8	0	1596	1478	173,333,173,333
1526394864.300311778	181	40	48	1	2	0	2	-44	38641	8	0	3130	1478,1478	173,333,173,333
1526394864.300358170	181	40	48	1	2	0	2	-44	38641	8	0	3130	1478,1478	173,333,173,333
1526394864.300372858	110	40	48	1	2	0	2	-44	38641	8	0	1596	1478	173,333,173,333
1526394864.308390804	110	40	48	1	2	0	2	-44	38642	8	0	1596	1478	173,333,173,333
1526394864.320212320	110	40	48	1	2	0	2	-44	38643	8	0	1596	1478	173,333,173,333
1526394864.443217349	181	40	48	1	2	0	2	-44	38648	8	0	3130	1478,1478	173,333,173,333
1526394864.443260783	181	40	48	1	2	0	2	-44	38648	8	0	3130	1478,1478	173,333,173,333
1526394864.443273544	181	40	48	1	2	0	2	-44	38648	8	0	3130	1478,1478	173,333,173,333
1526394864.443287309	181	40	48	1	2	0	2	-44	38648	8	0	3130	1478,1478	173,333,173,333
1526394864.443302318	181	40	48	1	2	0	2	-44	38648	8	0	3130	1478,1478	173,333,173,333
1526394864.449664566	110	40	48	1	2	0	2	-44	38649	8	0	1596	1478	173,333,173,333
1526394864.461418245	110	40	48	1	2	0	2	-45	38650	8	0	1596	1478	173,333,173,333
1526394864.570943025	181	40	48	1	2	0	2	-45	38653	8	0	3130	1478,1478	173,333,173,333
1526394864.570972302	181	40	48	1	2	0	2	-45	38653	8	0	3130	1478,1478	173,333,173,333
1526394864.570980429	181	40	48	1	2	0	2	-45	38653	8	0	3130	1478,1478	173,333,173,333
1526394864.570986523	181	40	48	1	2	0	2	-45	38653	8	0	3130	1478,1478	173,333,173,333
1526394864.570993960	110	40	48	1	2	0	2	-45	38653	8	0	1596	1478	173,333,173,333
1526394864.578971151	110	40	48	1	2	0	2	-45	38654	8	0	1596	1478	173,333,173,333
1526394864.590703610	110	40	48	1	2	0	2	-45	38655	8	0	1596	1478	173,333,173,333
1526394864.602538140	110	40	48	1	2	0	2	-45	38656	8	0	1596	1478	173,333,173,333
1526394864.614284044	110	40	48	1	2	0	2	-45	38657	8	0	1596	1478	173,333,173,333
1526394864.626044124	110	40	48	1	2	0	2	-45	38658	8	0	1596	1478	173,333,173,333
1526394864.637808890	110	40	48	1	2	0	2	-45	38659	8	0	1596	1478	173,333,173,333
1526394864.649465839	110	40	48	1	2	0	2	-45	38660	8	0	1596	1478	173,333,173,333
1526394864.768573142	181	40	48	1	2	0	2	-45	38664	8	0	3130	1478,1478	173,333,173,333
1526394864.768596440	181	40	48	1	2	0	2	-45	38664	8	0	3130	1478,1478	173,333,173,333
1526394864.768604523	181	40	48	1	2	0	2	-45	38664	8	0	3130	1478,1478	173,333,173,333
1526394864.768820135	181	40	48	1	2	0	2	-45	38664	8	0	3130	1478,1478	173,333,173,333
1526394864.768839249	181	40	48	1	2	0	2	-45	38664	8	0	3130	1478,1478	173,333,173,333
1526394864.778817024	110	40	48	1	2	0	2	-45	38665	8	0	1596	1478	173,333,173,333
1526394864.790574307	110	40	48	1	2	0	2	-45	38666	8	0	1596	1478	173,333,173,333
1526394864.850075829	181	40	48	1	2	0	2	-45	38669	8	0	3130	1478,1478	173,333,173,333
1526394864.850094170	181	40	48	1	2	0	2	-45	38669	8	0	3130	1478,1478	173,333,173,333
1526394864.850103134	110	40	48	1	2	0	2	-45	38669	8	0	1596	1478	173,333,173,333
1526394864.861135409	110	40	48	1	2	0	2	-45	38670	8	0	1596	1478	173,333,173,333
1526394864.893896202	181	40	48	1	2	0	2	-45	38672	8	0	3130	1478,1478	173,333,173,333
1526394864.896428287	110	40	48	1	2	0	2	-45	38673	8	0	1596	1478	173,333,173,333
1526394864.908182590	110	40	48	1	2	0	2	-45	38674	8	0	1596	1478	173,333,173,333
1526394864.919940439	110	40	48	1	2	0	2	-45	38675	8	0	1596	1478	173,333,173,333
1526394865.037799646	181	40	48	1	2	0	2	-44	38676	8	0	3130	1478,1478	173,333,173,333
1526394865.037815674	181	40	48	1	2	0	2	-44	38676	8	0	3130	1478,1478	173,333,173,333
1526394865.037820889	181	40	48	1	2	0	2	-44	38676	8	0	3130	1478,1478	173,333,173,333
1526394865.037842117	181	40	48	1	2	0	2	-44	38676	8	0	3130	1478,1478	173,333,173,333
1526394865.038518346	110	40	48	1	2	0	2	-44	38676	8	0	1596	1478	173,333,173,333
1526394865.038525644	110	40	48	1	2	0	2	-44	38677	8	0	1596	1478	173,333,173,333
1526394865.049405791	110	40	48	1	2	0	2	-44	38678	8	0	1596	1478	173,333,173,333
1526394865.061151166	110	40	48	1	2	0	2	-44	38679	8	0	1596	1478	173,333,173,333
1526394865.185445562	181	40	48	1	2	0	2	-45	38680	8	0	3130	1478,1478	173,333,173,333
1526394865.185492634	181	40	48	1	2	0	2	-45	38680	8	0	3130	1478,1478	173,333,173,333
1526394865.185518042	181	40	48	1	2	0	2	-45	38680	8	0	3130	1478,1478	173,333,173,333
1526394865.185529572	181	40	48	1	2	0	2	-45	38680	8	0	3130	1478,1478	173,333,173,333
1526394865.185542253	181	40	48	1	2	0	2	-45	38680	8	0	3130	1478,1478	173,333,173,333
1526394865.190468157	110	40	48	1	2	0	2	-45	38681	8	0	1596	1478	173,333,173,333
1526394865.202288351	110	40	48	1	2	0	2	-45	38682	8	0	1596	1478	173,333,173,333
1526394865.258717058	181	40	48	1	2	0	2	-45	38684	8	0	3130	1478,1478	173,333,173,333
1526394865.258765295	181	40	48	1	2	0	2	-45	38684	8	0	3130	1478,1478	173,333,173,333
1526394865.261365105	110	40	48	1	2	0	2	-45	38685	8	0	1596	1478	173,333,173,333
1526394865.272840804	110	40	48	1	2	0	2	-45	38686	8	0	1596	1478	173,333,173,333
1526394865.284726877	110	40	48	1	2	0	2	-45	38687	8	0	1596	1478	173,333,173,333
1526394865.402442769	181	40	48	1	2	0	2	-45	38688	8	0	3130	1478,1478	173,333,173,333
1526394865.402489465	181	40	48	1	2	0	2	-45	38688	8	0	3130	1478,1478	173,333,173,333
1526394865.402501968	181	40	48	1	2	0	2	-45	38688	8	0	3130	1478,1478	173,333,173,333
1526394865.402516882	181	40	48	1	2	0	2	-45	38688	8	0	3130	1478,1478	173,333,173,333
1526394865.402530173	110	40	48	1	2	0	2	-45	38688	8	0	1596	1478	173,333,173,333
1526394865.403107536	110	40	48	1	2	0	2	-45	38689	8	0	1596	1478	173,333,173,333
1526394865.413924620	110	40	48	1	2	0	2	-45	38690	8	0	1596	1478	173,333,173,333
1526394865.425730638	110	40	48	1	2	0	2	-45	38691	8	0	1596	1478	173,333,173,333
1526394865.445904770	110	40	48	1	2	0	2	-45	38692	8	0	1596	1478	173,333,173,333
1526394865.449243383	110	40	48	1	2	0	2	-45	38693	8	0	1596	1478	173,333,173,333
1526394865.461017939	110	40	48	1	2	0	2	-44	38694	8	0	1596	1478	173,333,173,333
1526394865.472772216	110	40	48	1	2	0	2	-44	38695	8	0	1596	1478	173,333,173,333
1526394865.594989034	181	40	48	1	2	0	2	-44	38696	8	0	3130	1478,1478	173,333,173,333
1526394865.595028048	181	40	48	1	2	0	2	-44	38696	8	0	3130	1478,1478	173,333,173,333
1526394865.595041151	181	40	48	1	2	0	2	-44	38696	8	0	3130	1478,1478	173,333,173,333
1526394865.595051748	181	40	48	1	2	0	2	-44	38696	8	0	3130	1478,1478	173,333,173,333
1526394865.595060100	181	40	48	1	2	0	2	-44	38696	8	0	3130	1478,1478	173,333,173,333
1526394865.602138020	110	40	48	1	2	0	2	-44	38697	8	0	1596	1478	173,333,173,333
1526394865.613894854	110	40	48	1	2	0	2	-44	38698	8	0	1596	1478	173,333,173,333
1526394865.638413509	181	40	48	1	2	0	2	-44	38704	8	0	3130	1478,1478	173,333,173,333
1526394865.649072120	110	40	48	1	2	0	2	-44	38705	8	0	1596	1478	173,333,173,333
1526394865.660827799	110	40	48	1	2	0	2	-44	38706	8	0	1596	1478	173,333,173,333
1526394865.784718847	181	40	48	1	2	0	2	-44	38707	8	0	3130	1478,1478	173,333,173,333
1526394865.784736964	181	40	48	1	2	0	2	-44	38707	8	0	3130	1478,1478	173,333,173,333
1526394865.784744958	181	40	48	1	2	0	2	-44	38707	8	0	3130	1478,1478	173,333,173,333
1526394865.784843025	181	40	48	1	2	0	2	-44	38707	8	0	3130	1478,1478	173,333,173,333
1526394865.784861589	181	40	48	1	2	0	2	-44	38707	8	0	3130	1478,1478	173,333,173,333
1526394865.790212946	110	40	48	1	2	0	2	-44	38708	8	0	1596	1478	173,333,173,333
1526394865.801935567	110	40	48	1	2	0	2	-44	38709	8	0	1596	1478	173,333,173,333
1526394865.813701528	110	40	48	1	2	0	2	-44	38710	8	0	1596	1478	173,333,173,333
1526394865.825465881	110	40	48	1	2	0	2	-44	38711	8	0	1596	1478	173,333,173,333
1526394865.837219580	110	40	48	1	2	0	2	-44	38712	8	0	1596	1478	173,333,173,333
1526394865.848987249	110	40	48	1	2	0	2	-44	38713	8	0	1596	1478	173,333,173,333
1526394865.860737637	110	40	48	1	2	0	2	-44	38714	8	0	1596	1478	173,333,173,333
1526394865.872429296	110	40	48	1	2	0	2	-44	38715	8	0	1596	1478	173,333,173,333
1526394865.884141959	110	40	48	1	2	0	2	-44	38716	8	0	1596	1478	173,333,173,333
1526394866.004653751	181	40	48	1	2	0	2	-45	38717	8	0	3130	1478,1478	173,333,173,333
1526394866.004672066	181	40	48	1	2	0	2	-45	38717	8	0	3130	1478,1478	173,333,173,333
1526394866.004679124	181	40	48	1	2	0	2	-45	38717	8	0	3130	1478,1478	173,333,173,333
1526394866.004685947	181	40	48	1	2	0	2	-45	38717	8	0	3130	1478,1478	173,333,173,333
1526394866.004693705	181	40	48	1	2	0	2	-45	38717	8	0	3130	1478,1478	173,333,173,333
1526394866.013561063	110	40	48	1	2	0	2	-45	38718	8	0	1596	1478	173,333,173,333
1526394866.025324461	110	40	48	1	2	0	2	-45	38719	8	0	1596	1478	173,333,173,333
1526394866.037254504	110	40	48	1	2	0	2	-45	38720	8	0	1596	1478	173,333,173,333
1526394866.048928035	110	40	48	1	2	0	2	-44	38721	8	0	1596	1478	173,333,173,333
1526394866.060688828	110	40	48	1	2	0	2	-44	38722	8	0	1596	1478	173,333,173,333
1526394866.072454913	110	40	48	1	2	0	2	-44	38723	8	0	1596	1478	173,333,173,333
1526394866.084278968	110	40	48	1	2	0	2	-44	38724	8	0	1596	1478	173,333,173,333
1526394866.096042617	110	40	48	1	2	0	2	-44	38725	8	0	1596	1478	173,333,173,333
1526394866.107677635	110	40	48	1	2	0	2	-44	38726	8	0	1596	1478	173,333,173,333
1526394866.119574322	110	40	48	1	2	0	2	-45	38727	8	0	1596	1478	173,333,173,333
1526394866.131253108	110	40	48	1	2	0	2	-45	38728	8	0	1596	1478	173,333,173,333
1526394866.142972199	110	40	48	1	2	0	2	-45	38729	8	0	1596	1478	173,333,173,333
1526394866.154841498	110	40	48	1	2	0	2	-45	38730	8	0	1596	1478	173,333,173,333
1526394866.166511622	110	40	48	1	2	0	2	-45	38731	8	0	1596	1478	173,333,173,333
1526394866.178380693	110	40	48	1	2	0	2	-44	38732	8	0	1596	1478	173,333,173,333
1526394866.190142722	110	40	48	1	2	0	2	-44	38733	8	0	1596	1478	173,333,173,333
1526394866.201893627	110	40	48	1	2	0	2	-44	38734	8	0	1596	1478	173,333,173,333
1526394866.213658384	110	40	48	1	2	0	2	-44	38735	8	0	1596	1478	173,333,173,333
1526394866.225398244	110	40	48	1	2	0	2	-45	38736	8	0	1596	1478	173,333,173,333
1526394866.237152370	110	40	48	1	2	0	2	-45	38737	8	0	1596	1478	173,333,173,333
1526394866.248840768	110	40	48	1	2	0	2	-45	38738	8	0	1596	1478	173,333,173,333
1526394866.260680579	110	40	48	1	2	0	2	-45	38739	8	0	1596	1478	173,333,173,333
1526394866.272464389	110	40	48	1	2	0	2	-45	38740	8	0	1596	1478	173,333,173,333
1526394866.284218128	110	40	48	1	2	0	2	-45	38741	8	0	1596	1478	173,333,173,333
1526394866.295989503	110	40	48	1	2	0	2	-44	38742	8	0	1596	1478	173,333,173,333
1526394866.307749522	110	40	48	1	2	0	2	-44	38743	8	0	1596	1478	173,333,173,333
1526394866.319454533	110	40	48	1	2	0	2	-45	38744	8	0	1596	1478	173,333,173,333
1526394866.331226912	110	40	48	1	2	0	2	-44	38745	8	0	1596	1478	173,333,173,333
1526394866.343009055	110	40	48	1	2	0	2	-44	38746	8	0	1596	1478	173,333,173,333
1526394866.354818811	110	40	48	1	2	0	2	-44	38747	8	0	1596	1478	173,333,173,333
1526394866.366529196	110	40	48	1	2	0	2	-44	38748	8	0	1596	1478	173,333,173,333
1526394866.378277351	110	40	48	1	2	0	2	-44	38749	8	0	1596	1478	173,333,173,333
1526394866.390052633	110	40	48	1	2	0	2	-44	38750	8	0	1596	1478	173,333,173,333
1526394866.401793940	110	40	48	1	2	0	2	-44	38751	8	0	1596	1478	173,333,173,333
1526394866.413568377	110	40	48	1	2	0	2	-44	38752	8	0	1596	1478	173,333,173,333
1526394866.425337285	110	40	48	1	2	0	2	-44	38753	8	0	1596	1478	173,333,173,333
1526394866.436996501	110	40	48	1	2	0	2	-44	38754	8	0	1596	1478	173,333,173,333
1526394866.448738887	110	40	48	1	2	0	2	-44	38755	8	0	1596	1478	173,333,173,333
1526394866.460606827	110	40	48	1	2	0	2	-44	38756	8	0	1596	1478	173,333,173,333
1526394866.472358798	110	40	48	1	2	0	2	-44	38757	8	0	1596	1478	173,333,173,333
1526394866.484072924	110	40	48	1	2	0	2	-45	38758	8	0	1596	1478	173,333,173,333
1526394866.495892336	110	40	48	1	2	0	2	-45	38759	8	0	1596	1478	173,333,173,333
1526394866.507636274	110	40	48	1	2	0	2	-44	38760	8	0	1596	1478	173,333,173,333
1526394866.519756657	110	40	48	1	2	0	2	-45	38761	8	0	1596	1478	173,333,173,333
1526394866.531038423	110	40	48	1	2	0	2	-45	38762	8	0	1596	1478	173,333,173,333
1526394866.542920775	110	40	48	1	2	0	2	-45	38763	8	0	1596	1478	173,333,173,333
1526394866.554595326	110	40	48	1	2	0	2	-45	38764	8	0	1596	1478	173,333,173,333
1526394866.566291948	110	40	48	1	2	0	2	-45	38765	8	0	1596	1478	173,333,173,333
1526394866.578225503	110	40	48	1	2	0	2	-45	38766	8	0	1596	1478	173,333,173,333
1526394866.589966110	110	40	48	1	2	0	2	-45	38767	8	0	1596	1478	173,333,173,333
1526394866.601626831	110	40	48	1	2	0	2	-45	38768	8	0	1596	1478	173,333,173,333
1526394866.613385167	110	40	48	1	2	0	2	-45	38769	8	0	1596	1478	173,333,173,333
1526394866.625145628	110	40	48	1	2	0	2	-44	38770	8	0	1596	1478	173,333,173,333
1526394866.636904404	110	40	48	1	2	0	2	-45	38771	8	0	1596	1478	173,333,173,333
1526394866.648671951	110	40	48	1	2	0	2	-45	38772	8	0	1596	1478	173,333,173,333
1526394866.660519231	110	40	48	1	2	0	2	-45	38773	8	0	1596	1478	173,333,173,333
1526394866.672293004	110	40	48	1	2	0	2	-45	38774	8	0	1596	1478	173,333,173,333
1526394866.684042084	110	40	48	1	2	0	2	-45	38775	8	0	1596	1478	173,333,173,333
1526394866.695819256	110	40	48	1	2	0	2	-45	38776	8	0	1596	1478	173,333,173,333
1526394866.707474200	110	40	48	1	2	0	2	-45	38777	8	0	1596	1478	173,333,173,333
1526394866.719300908	110	40	48	1	2	0	2	-45	38778	8	0	1596	1478	173,333,173,333
1526394866.731089776	110	40	48	1	2	0	2	-45	38779	8	0	1596	1478	173,333,173,333
1526394866.742816130	110	40	48	1	2	0	2	-45	38780	8	0	1596	1478	173,333,173,333
1526394866.754615538	110	40	48	1	2	0	2	-45	38781	8	0	1596	1478	173,333,173,333
1526394866.766356035	110	40	48	1	2	0	2	-45	38782	8	0	1596	1478	173,333,173,333
1526394866.778127823	110	40	48	1	2	0	2	-45	38783	8	0	1596	1478	173,333,173,333
1526394866.789893977	110	40	48	1	2	0	2	-45	38784	8	0	1596	1478	173,333,173,333
1526394866.801645944	110	40	48	1	2	0	2	-45	38785	8	0	1596	1478	173,333,173,333
1526394866.813419179	110	40	48	1	2	0	2	-45	38786	8	0	1596	1478	173,333,173,333
1526394866.825228011	110	40	48	1	2	0	2	-45	38787	8	0	1596	1478	173,333,173,333
1526394866.836985797	110	40	48	1	2	0	2	-45	38788	8	0	1596	1478	173,333,173,333
1526394866.848725058	110	40	48	1	2	0	2	-45	38789	8	0	1596	1478	173,333,173,333
1526394866.860505169	110	40	48	1	2	0	2	-45	38790	8	0	1596	1478	173,333,173,333
1526394866.872266650	110	40	48	1	2	0	2	-45	38791	8	0	1596	1478	173,333,173,333
1526394866.884029175	110	40	48	1	2	0	2	-45	38792	8	0	1596	1478	173,333,173,333
1526394866.895791812	110	40	48	1	2	0	2	-45	38793	8	0	1596	1478	173,333,173,333
1526394866.907571529	110	40	48	1	2	0	2	-44	38794	8	0	1596	1478	173,333,173,333
1526394866.919626447	110	40	48	1	2	0	2	-44	38795	8	0	1596	1478	173,333,173,333
1526394866.931000061	110	40	48	1	2	0	2	-44	38796	8	0	1596	1478	173,333,173,333
1526394866.942778114	110	40	48	1	2	0	2	-44	38797	8	0	1596	1478	173,333,173,333
1526394866.954574717	110	40	48	1	2	0	2	-44	38798	8	0	1596	1478	173,333,173,333
1526394866.966341563	110	40	48	1	2	0	2	-44	38799	8	0	1596	1478	173,333,173,333
1526394866.978102862	110	40	48	1	2	0	2	-44	38800	8	0	1596	1478	173,333,173,333
1526394866.989862596	110	40	48	1	2	0	2	-44	38801	8	0	1596	1478	173,333,173,333
1526394867.002140625	110	40	48	1	2	0	2	-45	38802	8	0	1596	1478	173,333,173,333
1526394867.013382865	110	40	48	1	2	0	2	-45	38803	8	0	1596	1478	173,333,173,333
1526394867.025130897	110	40	48	1	2	0	2	-45	38804	8	0	1596	1478	173,333,173,333
1526394867.036898159	110	40	48	1	2	0	2	-45	38805	8	0	1596	1478	173,333,173,333
1526394867.048671040	110	40	48	1	2	0	2	-44	38806	8	0	1596	1478	173,333,173,333
1526394867.060239786	110	40	48	1	2	0	2	-45	38807	8	0	1596	1478	173,333,173,333
1526394867.072108837	110	40	48	1	2	0	2	-44	38808	8	0	1596	1478	173,333,173,333
1526394867.083726156	110	40	48	1	2	0	2	-44	38809	8	0	1596	1478	173,333,173,333
1526394867.095543935	110	40	48	1	2	0	2	-44	38810	8	0	1596	1478	173,333,173,333
1526394867.107301830	110	40	48	1	2	0	2	-44	38811	8	0	1596	1478	173,333,173,333
1526394867.119145969	110	40	48	1	2	0	2	-44	38812	8	0	1596	1478	173,333,173,333
1526394867.130795741	110	40	48	1	2	0	2	-44	38813	8	0	1596	1478	173,333,173,333
1526394867.142491671	110	40	48	1	2	0	2	-44	38814	8	0	1596	1478	173,333,173,333
1526394867.154382430	110	40	48	1	2	0	2	-44	38815	8	0	1596	1478	173,333,173,333
1526394867.166224869	110	40	48	1	2	0	2	-44	38816	8	0	1596	1478	173,333,173,333
1526394867.177958222	110	40	48	1	2	0	2	-45	38817	8	0	1596	1478	173,333,173,333
1526394867.189758534	110	40	48	1	2	0	2	-45	38818	8	0	1596	1478	173,333,173,333
1526394867.201434850	110	40	48	1	2	0	2	-45	38819	8	0	1596	1478	173,333,173,333
1526394867.213240654	110	40	48	1	2	0	2	-45	38820	8	0	1596	1478	173,333,173,333
1526394867.224911755	110	40	48	1	2	0	2	-45	38821	8	0	1596	1478	173,333,173,333
1526394867.236758851	110	40	48	1	2	0	2	-45	38822	8	0	1596	1478	173,333,173,333
1526394867.248518242	110	40	48	1	2	0	2	-44	38823	8	0	1596	1478	173,333,173,333
1526394867.260279495	110	40	48	1	2	0	2	-44	38824	8	0	1596	1478	173,333,173,333
1526394867.272043562	110	40	48	1	2	0	2	-44	38825	8	0	1596	1478	173,333,173,333
1526394867.283806910	110	40	48	1	2	0	2	-44	38826	8	0	1596	1478	173,333,173,333
1526394867.295599779	110	40	48	1	2	0	2	-44	38827	8	0	1596	1478	173,333,173,333
1526394867.307330650	110	40	48	1	2	0	2	-44	38828	8	0	1596	1478	173,333,173,333
1526394867.319091716	110	40	48	1	2	0	2	-44	38829	8	0	1596	1478	173,333,173,333
1526394867.330855804	110	40	48	1	2	0	2	-44	38830	8	0	1596	1478	173,333,173,333
1526394867.342618512	110	40	48	1	2	0	2	-45	38831	8	0	1596	1478	173,333,173,333
1526394867.354361464	110	40	48	1	2	0	2	-44	38832	8	0	1596	1478	173,333,173,333
1526394867.366138009	110	40	48	1	2	0	2	-45	38833	8	0	1596	1478	173,333,173,333
1526394867.377862955	110	40	48	1	2	0	2	-45	38834	8	0	1596	1478	173,333,173,333
1526394867.389646933	110	40	48	1	2	0	2	-45	38835	8	0	1596	1478	173,333,173,333
