1526395907.730575348	66	40	48	0	2	0	2	-49	44461	5	4	1596	1478	468,468
1526395907.730638335	66	40	48	0	2	0	2	-49	44461	5	4	1596	1478	468,468
1526395907.730651015	66	40	48	0	2	0	2	-49	44461	5	4	1596	1478	468,468
1526395907.730659340	66	40	48	0	2	0	2	-49	44461	5	4	1596	1478	468,468
1526395907.730669831	66	40	48	0	2	0	2	-49	44461	5	4	1596	1478	468,468
1526395907.730678416	66	40	48	0	2	0	2	-49	44461	5	4	1596	1478	468,468
1526395907.730687256	66	40	48	0	2	0	2	-49	44461	5	4	1596	1478	468,468
1526395907.730695367	66	40	48	0	2	0	2	-49	44461	5	4	1596	1478	468,468
1526395907.730709416	66	40	48	0	2	0	2	-49	44461	5	4	1596	1478	468,468
1526395907.730719033	66	40	48	0	2	0	2	-49	44461	5	4	1596	1478	468,468
1526395907.730728610	66	40	48	0	2	0	2	-49	44461	5	4	1596	1478	468,468
1526395907.730737093	66	40	48	0	2	0	2	-49	44461	5	4	1596	1478	468,468
1526395907.730745699	66	40	48	0	2	0	2	-49	44461	5	4	1596	1478	468,468
1526395907.730753802	66	40	48	0	2	0	2	-49	44461	5	4	1596	1478	468,468
1526395907.730761907	66	40	48	0	2	0	2	-49	44461	5	4	1596	1478	468,468
1526395907.741101368	66	40	48	0	2	0	2	-49	44462	5	4	1596	1478	468,468
1526395907.752921368	66	40	48	0	2	0	2	-49	44463	5	4	1596	1478	468,468
1526395907.764571186	66	40	48	0	2	0	2	-49	44464	5	4	1596	1478	468,468
1526395907.776400048	63	40	48	0	2	0	2	-49	44465	6	4	1596	1478	526,5,526,5
1526395907.788082490	63	40	48	0	2	0	2	-49	44466	6	4	1596	1478	526,5,526,5
1526395907.800292544	63	40	48	0	2	0	2	-49	44467	6	4	1596	1478	526,5,526,5
1526395907.811497848	63	40	48	0	2	0	2	-49	44468	6	4	1596	1478	526,5,526,5
1526395907.823471872	63	40	48	0	2	0	2	-49	44469	6	4	1596	1478	526,5,526,5
1526395907.835224087	58	40	48	1	2	0	2	-49	44470	7	4	1596	1478	650,650
1526395907.846971965	58	40	48	1	2	0	2	-49	44471	7	4	1596	1478	650,650
1526395907.858765034	58	40	48	1	2	0	2	-49	44472	7	4	1596	1478	650,650
1526395907.870420193	58	40	48	1	2	0	2	-49	44473	7	4	1596	1478	650,650
1526395907.882179994	58	40	48	1	2	0	2	-49	44474	7	4	1596	1478	650,650
1526395907.894000618	55	40	48	1	2	0	2	-49	44475	8	4	1596	1478	780,780
1526395907.905767910	55	40	48	1	2	0	2	-49	44476	8	4	1596	1478	780,780
1526395907.917545550	55	40	48	1	2	0	2	-49	44477	8	4	1596	1478	780,780
1526395907.929296266	55	40	48	1	2	0	2	-49	44478	8	4	1596	1478	780,780
1526395907.940977574	55	40	48	1	2	0	2	-49	44479	8	4	1596	1478	780,780
1526395907.952837742	54	40	48	1	2	0	2	-49	44480	9	4	1596	1478	866,667,866,667
1526395907.964613415	54	40	48	1	2	0	2	-49	44481	9	4	1596	1478	866,667,866,667
1526395907.976344293	54	40	48	1	2	0	2	-49	44482	9	4	1596	1478	866,667,866,667
1526395907.988150583	54	40	48	1	2	0	2	-49	44483	9	4	1596	1478	866,667,866,667
1526395907.999752108	54	40	48	1	2	0	2	-49	44484	9	4	1596	1478	866,667,866,667
1526395908.011602759	54	40	48	1	2	0	2	-49	44485	9	4	1596	1478	866,667,866,667
1526395908.023410597	54	40	48	1	2	0	2	-49	44486	9	4	1596	1478	866,667,866,667
1526395908.035041072	54	40	48	1	2	0	2	-49	44487	9	4	1596	1478	866,667,866,667
1526395908.046872537	54	40	48	1	2	0	2	-49	44488	9	4	1596	1478	866,667,866,667
1526395908.058684411	54	40	48	1	2	0	2	-49	44489	9	4	1596	1478	866,667,866,667
1526395908.070425184	54	40	48	1	2	0	2	-49	44490	9	4	1596	1478	866,667,866,667
1526395908.082089029	54	40	48	1	2	0	2	-49	44491	9	4	1596	1478	866,667,866,667
1526395908.093860083	54	40	48	1	2	0	2	-49	44492	9	4	1596	1478	866,667,866,667
1526395908.105673286	54	40	48	1	2	0	2	-49	44493	9	4	1596	1478	866,667,866,667
1526395908.117361707	54	40	48	1	2	0	2	-49	44494	9	4	1596	1478	866,667,866,667
1526395908.129085192	54	40	48	1	2	0	2	-49	44495	9	4	1596	1478	866,667,866,667
1526395908.140861217	54	40	48	1	2	0	2	-49	44496	9	4	1596	1478	866,667,866,667
1526395908.152716630	54	40	48	1	2	0	2	-49	44497	9	4	1596	1478	866,667,866,667
1526395908.164503043	54	40	48	1	2	0	2	-49	44498	9	4	1596	1478	866,667,866,667
1526395908.176234819	54	40	48	1	2	0	2	-49	44499	9	4	1596	1478	866,667,866,667
1526395908.188006873	54	40	48	1	2	0	2	-49	44500	9	4	1596	1478	866,667,866,667
1526395908.199769664	54	40	48	1	2	0	2	-49	44501	9	4	1596	1478	866,667,866,667
1526395908.211562113	54	40	48	1	2	0	2	-49	44502	9	4	1596	1478	866,667,866,667
1526395908.223277824	54	40	48	1	2	0	2	-49	44503	9	4	1596	1478	866,667,866,667
1526395908.235042326	54	40	48	1	2	0	2	-49	44504	9	4	1596	1478	866,667,866,667
1526395908.246802200	54	40	48	1	2	0	2	-49	44505	9	4	1596	1478	866,667,866,667
1526395908.258558532	54	40	48	1	2	0	2	-49	44506	9	4	1596	1478	866,667,866,667
1526395908.270350947	54	40	48	1	2	0	2	-49	44507	9	4	1596	1478	866,667,866,667
1526395908.282087504	54	40	48	1	2	0	2	-49	44508	9	4	1596	1478	866,667,866,667
1526395908.293872148	54	40	48	1	2	0	2	-49	44509	9	4	1596	1478	866,667,866,667
1526395908.305630401	54	40	48	1	2	0	2	-49	44510	9	4	1596	1478	866,667,866,667
1526395908.317376217	54	40	48	1	2	0	2	-49	44511	9	4	1596	1478	866,667,866,667
1526395908.329159762	54	40	48	1	2	0	2	-49	44512	9	4	1596	1478	866,667,866,667
1526395908.341021393	54	40	48	1	2	0	2	-49	44513	9	4	1596	1478	866,667,866,667
1526395908.352631684	54	40	48	1	2	0	2	-49	44514	9	4	1596	1478	866,667,866,667
1526395908.364443508	54	40	48	1	2	0	2	-49	44515	9	4	1596	1478	866,667,866,667
1526395908.376082476	54	40	48	1	2	0	2	-49	44516	9	4	1596	1478	866,667,866,667
1526395908.387832248	54	40	48	1	2	0	2	-49	44517	9	4	1596	1478	866,667,866,667
1526395908.399585371	54	40	48	1	2	0	2	-49	44518	9	4	1596	1478	866,667,866,667
1526395908.411437398	54	40	48	1	2	0	2	-49	44519	9	4	1596	1478	866,667,866,667
1526395908.423065173	54	40	48	1	2	0	2	-49	44520	9	4	1596	1478	866,667,866,667
1526395908.434808849	54	40	48	1	2	0	2	-49	44521	9	4	1596	1478	866,667,866,667
1526395908.446524084	54	40	48	1	2	0	2	-49	44522	9	4	1596	1478	866,667,866,667
1526395908.458442537	54	40	48	1	2	0	2	-49	44523	9	4	1596	1478	866,667,866,667
1526395908.470262016	54	40	48	1	2	0	2	-49	44524	9	4	1596	1478	866,667,866,667
1526395908.482027255	54	40	48	1	2	0	2	-49	44525	9	4	1596	1478	866,667,866,667
1526395908.493779115	54	40	48	1	2	0	2	-49	44526	9	4	1596	1478	866,667,866,667
1526395908.505515229	54	40	48	1	2	0	2	-49	44527	9	4	1596	1478	866,667,866,667
1526395908.517313376	54	40	48	1	2	0	2	-49	44528	9	4	1596	1478	866,667,866,667
1526395908.529260624	54	40	48	1	2	0	2	-49	44529	9	4	1596	1478	866,667,866,667
1526395908.540715172	54	40	48	1	2	0	2	-49	44530	9	4	1596	1478	866,667,866,667
1526395908.552562038	54	40	48	1	2	0	2	-49	44531	9	4	1596	1478	866,667,866,667
1526395908.564352729	54	40	48	1	2	0	2	-49	44532	9	4	1596	1478	866,667,866,667
1526395908.576092821	54	40	48	1	2	0	2	-49	44533	9	4	1596	1478	866,667,866,667
1526395908.587828575	54	40	48	1	2	0	2	-49	44534	9	4	1596	1478	866,667,866,667
1526395908.599611713	54	40	48	1	2	0	2	-49	44535	9	4	1596	1478	866,667,866,667
1526395908.611356313	54	40	48	1	2	0	2	-49	44536	9	4	1596	1478	866,667,866,667
1526395908.622992199	54	40	48	1	2	0	2	-49	44537	9	4	1596	1478	866,667,866,667
1526395908.634792239	54	40	48	1	2	0	2	-49	44538	9	4	1596	1478	866,667,866,667
1526395908.646559058	54	40	48	1	2	0	2	-49	44539	9	4	1596	1478	866,667,866,667
1526395908.658317578	54	40	48	1	2	0	2	-49	44540	9	4	1596	1478	866,667,866,667
1526395908.671209381	54	40	48	1	2	0	2	-49	44541	9	4	1596	1478	866,667,866,667
1526395908.681910038	54	40	48	1	2	0	2	-49	44542	9	4	1596	1478	866,667,866,667
1526395908.693679134	54	40	48	1	2	0	2	-49	44543	9	4	1596	1478	866,667,866,667
1526395908.705353968	54	40	48	1	2	0	2	-49	44544	9	4	1596	1478	866,667,866,667
1526395908.717201453	54	40	48	1	2	0	2	-49	44545	9	4	1596	1478	866,667,866,667
1526395908.728957059	54	40	48	1	2	0	2	-49	44546	9	4	1596	1478	866,667,866,667
1526395908.740726396	54	40	48	1	2	0	2	-49	44547	9	4	1596	1478	866,667,866,667
1526395908.752491250	54	40	48	1	2	0	2	-49	44548	9	4	1596	1478	866,667,866,667
1526395908.764169370	54	40	48	1	2	0	2	-49	44549	9	4	1596	1478	866,667,866,667
1526395908.775895391	54	40	48	1	2	0	2	-49	44550	9	4	1596	1478	866,667,866,667
1526395908.787801873	54	40	48	1	2	0	2	-49	44551	9	4	1596	1478	866,667,866,667
1526395908.799517962	54	40	48	1	2	0	2	-49	44552	9	4	1596	1478	866,667,866,667
1526395908.811309757	54	40	48	1	2	0	2	-49	44553	9	4	1596	1478	866,667,866,667
1526395908.823058367	54	40	48	1	2	0	2	-49	44554	9	4	1596	1478	866,667,866,667
1526395908.834803391	54	40	48	1	2	0	2	-49	44555	9	4	1596	1478	866,667,866,667
1526395908.846595117	54	40	48	1	2	0	2	-49	44556	9	4	1596	1478	866,667,866,667
1526395908.858282865	54	40	48	1	2	0	2	-49	44557	9	4	1596	1478	866,667,866,667
1526395908.870111224	54	40	48	1	2	0	2	-49	44558	9	4	1596	1478	866,667,866,667
1526395908.881865052	54	40	48	1	2	0	2	-49	44559	9	4	1596	1478	866,667,866,667
1526395908.893615710	54	40	48	1	2	0	2	-49	44560	9	4	1596	1478	866,667,866,667
1526395908.905375403	54	40	48	1	2	0	2	-49	44561	9	4	1596	1478	866,667,866,667
1526395908.917153874	54	40	48	1	2	0	2	-49	44562	9	4	1596	1478	866,667,866,667
1526395908.928757632	54	40	48	1	2	0	2	-49	44563	9	4	1596	1478	866,667,866,667
1526395908.940534862	54	40	48	1	2	0	2	-49	44564	9	4	1596	1478	866,667,866,667
1526395908.952404341	54	40	48	1	2	0	2	-49	44565	9	4	1596	1478	866,667,866,667
1526395908.964178000	54	40	48	1	2	0	2	-49	44566	9	4	1596	1478	866,667,866,667
1526395908.975931182	54	40	48	1	2	0	2	-49	44567	9	4	1596	1478	866,667,866,667
1526395908.987700078	54	40	48	1	2	0	2	-49	44568	9	4	1596	1478	866,667,866,667
1526395908.999441473	54	40	48	1	2	0	2	-49	44569	9	4	1596	1478	866,667,866,667
1526395909.011114654	54	40	48	1	2	0	2	-49	44570	9	4	1596	1478	866,667,866,667
1526395909.022969856	54	40	48	1	2	0	2	-49	44571	9	4	1596	1478	866,667,866,667
1526395909.034641198	54	40	48	1	2	0	2	-49	44572	9	4	1596	1478	866,667,866,667
1526395909.046481478	54	40	48	1	2	0	2	-49	44573	9	4	1596	1478	866,667,866,667
1526395909.058252428	54	40	48	1	2	0	2	-49	44574	9	4	1596	1478	866,667,866,667
1526395909.069995570	54	40	48	1	2	0	2	-49	44575	9	4	1596	1478	866,667,866,667
1526395909.081927016	54	40	48	1	2	0	2	-49	44576	9	4	1596	1478	866,667,866,667
1526395909.093528073	54	40	48	1	2	0	2	-49	44577	9	4	1596	1478	866,667,866,667
1526395909.105284498	54	40	48	1	2	0	2	-49	44578	9	4	1596	1478	866,667,866,667
1526395909.117064204	54	40	48	1	2	0	2	-49	44579	9	4	1596	1478	866,667,866,667
1526395909.128824122	54	40	48	1	2	0	2	-49	44580	9	4	1596	1478	866,667,866,667
1526395909.140488753	54	40	48	1	2	0	2	-49	44581	9	4	1596	1478	866,667,866,667
1526395909.152338250	54	40	48	1	2	0	2	-49	44582	9	4	1596	1478	866,667,866,667
1526395909.164078798	54	40	48	1	2	0	2	-49	44583	9	4	1596	1478	866,667,866,667
1526395909.175858720	54	40	48	1	2	0	2	-49	44584	9	4	1596	1478	866,667,866,667
1526395909.187623139	54	40	48	1	2	0	2	-49	44585	9	4	1596	1478	866,667,866,667
1526395909.199390081	54	40	48	1	2	0	2	-49	44586	9	4	1596	1478	866,667,866,667
1526395909.211131025	54	40	48	1	2	0	2	-49	44587	9	4	1596	1478	866,667,866,667
1526395909.222876267	54	40	48	1	2	0	2	-49	44588	9	4	1596	1478	866,667,866,667
1526395909.234458383	54	40	48	1	2	0	2	-49	44589	9	4	1596	1478	866,667,866,667
1526395909.246319985	54	40	48	1	2	0	2	-49	44590	9	4	1596	1478	866,667,866,667
1526395909.258084703	54	40	48	1	2	0	2	-49	44591	9	4	1596	1478	866,667,866,667
1526395909.269918122	54	40	48	1	2	0	2	-49	44592	9	4	1596	1478	866,667,866,667
1526395909.281685898	54	40	48	1	2	0	2	-49	44593	9	4	1596	1478	866,667,866,667
1526395909.293481081	54	40	48	1	2	0	2	-49	44594	9	4	1596	1478	866,667,866,667
1526395909.305260519	54	40	48	1	2	0	2	-49	44595	9	4	1596	1478	866,667,866,667
1526395909.316883391	54	40	48	1	2	0	2	-49	44596	9	4	1596	1478	866,667,866,667
1526395909.328720763	54	40	48	1	2	0	2	-49	44597	9	4	1596	1478	866,667,866,667
1526395909.340376869	54	40	48	1	2	0	2	-49	44598	9	4	1596	1478	866,667,866,667
1526395909.352158156	54	40	48	1	2	0	2	-49	44599	9	4	1596	1478	866,667,866,667
1526395909.364472811	54	40	48	1	2	0	2	-49	44600	9	4	1596	1478	866,667,866,667
1526395909.375663314	54	40	48	1	2	0	2	-49	44601	9	4	1596	1478	866,667,866,667
1526395909.387362425	54	40	48	1	2	0	2	-49	44602	9	4	1596	1478	866,667,866,667
1526395909.399033849	54	40	48	1	2	0	2	-49	44603	9	4	1596	1478	866,667,866,667
1526395909.410920020	54	40	48	1	2	0	2	-49	44604	9	4	1596	1478	866,667,866,667
1526395909.422694414	54	40	48	1	2	0	2	-49	44605	9	4	1596	1478	866,667,866,667
1526395909.434398590	54	40	48	1	2	0	2	-49	44606	9	4	1596	1478	866,667,866,667
1526395909.446218899	54	40	48	1	2	0	2	-49	44607	9	4	1596	1478	866,667,866,667
1526395909.457988202	54	40	48	1	2	0	2	-49	44608	9	4	1596	1478	866,667,866,667
1526395909.469730712	54	40	48	1	2	0	2	-49	44609	9	4	1596	1478	866,667,866,667
1526395909.481505218	54	40	48	1	2	0	2	-49	44610	9	4	1596	1478	866,667,866,667
1526395909.493505271	54	40	48	1	2	0	2	-49	44611	9	4	1596	1478	866,667,866,667
1526395909.505006408	54	40	48	1	2	0	2	-49	44612	9	4	1596	1478	866,667,866,667
1526395909.516817704	54	40	48	1	2	0	2	-49	44613	9	4	1596	1478	866,667,866,667
1526395909.528555842	54	40	48	1	2	0	2	-49	44614	9	4	1596	1478	866,667,866,667
1526395909.540249665	54	40	48	1	2	0	2	-49	44615	9	4	1596	1478	866,667,866,667
1526395909.552087887	54	40	48	1	2	0	2	-49	44616	9	4	1596	1478	866,667,866,667
1526395909.563839277	54	40	48	1	2	0	2	-49	44617	9	4	1596	1478	866,667,866,667
1526395909.575495520	54	40	48	1	2	0	2	-49	44618	9	4	1596	1478	866,667,866,667
1526395909.587359225	54	40	48	1	2	0	2	-49	44619	9	4	1596	1478	866,667,866,667
1526395909.599144784	54	40	48	1	2	0	2	-49	44620	9	4	1596	1478	866,667,866,667
1526395909.610812289	54	40	48	1	2	0	2	-49	44621	9	4	1596	1478	866,667,866,667
1526395909.622636581	54	40	48	1	2	0	2	-49	44622	9	4	1596	1478	866,667,866,667
1526395909.634486690	54	40	48	1	2	0	2	-49	44623	9	4	1596	1478	866,667,866,667
1526395909.646169709	54	40	48	1	2	0	2	-49	44624	9	4	1596	1478	866,667,866,667
1526395909.657926874	54	40	48	1	2	0	2	-49	44625	9	4	1596	1478	866,667,866,667
1526395909.669666994	54	40	48	1	2	0	2	-49	44626	9	4	1596	1478	866,667,866,667
1526395909.681534567	54	40	48	1	2	0	2	-49	44627	9	4	1596	1478	866,667,866,667
1526395909.693203280	54	40	48	1	2	0	2	-49	44628	9	4	1596	1478	866,667,866,667
1526395909.705089023	54	40	48	1	2	0	2	-49	44629	9	4	1596	1478	866,667,866,667
1526395909.716806626	54	40	48	1	2	0	2	-49	44630	9	4	1596	1478	866,667,866,667
1526395909.728449654	54	40	48	1	2	0	2	-49	44631	9	4	1596	1478	866,667,866,667
1526395909.740239807	54	40	48	1	2	0	2	-49	44632	9	4	1596	1478	866,667,866,667
1526395909.752084806	54	40	48	1	2	0	2	-49	44633	9	4	1596	1478	866,667,866,667
1526395909.763769677	54	40	48	1	2	0	2	-49	44634	9	4	1596	1478	866,667,866,667
1526395909.775601465	54	40	48	1	2	0	2	-49	44635	9	4	1596	1478	866,667,866,667
1526395909.787369401	54	40	48	1	2	0	2	-49	44636	9	4	1596	1478	866,667,866,667
1526395909.799041905	54	40	48	1	2	0	2	-49	44637	9	4	1596	1478	866,667,866,667
1526395909.810880322	54	40	48	1	2	0	2	-49	44638	9	4	1596	1478	866,667,866,667
1526395909.822627184	54	40	48	1	2	0	2	-49	44639	9	4	1596	1478	866,667,866,667
1526395909.834396078	54	40	48	1	2	0	2	-49	44640	9	4	1596	1478	866,667,866,667
1526395909.846153522	54	40	48	1	2	0	2	-49	44641	9	4	1596	1478	866,667,866,667
1526395909.857935411	54	40	48	1	2	0	2	-49	44642	9	4	1596	1478	866,667,866,667
1526395909.869710271	54	40	48	1	2	0	2	-49	44643	9	4	1596	1478	866,667,866,667
1526395909.881451396	54	40	48	1	2	0	2	-49	44644	9	4	1596	1478	866,667,866,667
1526395909.893096877	54	40	48	1	2	0	2	-49	44645	9	4	1596	1478	866,667,866,667
1526395909.905011981	54	40	48	1	2	0	2	-49	44646	9	4	1596	1478	866,667,866,667
1526395909.916682457	54	40	48	1	2	0	2	-49	44647	9	4	1596	1478	866,667,866,667
1526395909.928510288	54	40	48	1	2	0	2	-49	44648	9	4	1596	1478	866,667,866,667
1526395909.940313945	54	40	48	1	2	0	2	-49	44649	9	4	1596	1478	866,667,866,667
1526395909.952029287	54	40	48	1	2	0	2	-49	44650	9	4	1596	1478	866,667,866,667
1526395909.963786357	54	40	48	1	2	0	2	-49	44651	9	4	1596	1478	866,667,866,667
1526395909.975520448	54	40	48	1	2	0	2	-49	44652	9	4	1596	1478	866,667,866,667
1526395909.987272830	54	40	48	1	2	0	2	-49	44653	9	4	1596	1478	866,667,866,667
1526395909.998964496	54	40	48	1	2	0	2	-49	44654	9	4	1596	1478	866,667,866,667
1526395910.010831109	54	40	48	1	2	0	2	-49	44655	9	4	1596	1478	866,667,866,667
1526395910.022580489	54	40	48	1	2	0	2	-49	44656	9	4	1596	1478	866,667,866,667
1526395910.034267113	54	40	48	1	2	0	2	-49	44657	9	4	1596	1478	866,667,866,667
1526395910.046085508	54	40	48	1	2	0	2	-49	44658	9	4	1596	1478	866,667,866,667
1526395910.057831176	54	40	48	1	2	0	2	-49	44659	9	4	1596	1478	866,667,866,667
1526395910.069486980	54	40	48	1	2	0	2	-49	44660	9	4	1596	1478	866,667,866,667
1526395910.081564914	54	40	48	1	2	0	2	-49	44661	9	4	1596	1478	866,667,866,667
1526395910.093142192	54	40	48	1	2	0	2	-49	44662	9	4	1596	1478	866,667,866,667
1526395910.105086542	54	40	48	1	2	0	2	-49	44663	9	4	1596	1478	866,667,866,667
1526395910.116659781	54	40	48	1	2	0	2	-49	44664	9	4	1596	1478	866,667,866,667
1526395910.128396751	54	40	48	1	2	0	2	-49	44665	9	4	1596	1478	866,667,866,667
1526395910.140166463	54	40	48	1	2	0	2	-49	44666	9	4	1596	1478	866,667,866,667
1526395910.151847565	54	40	48	1	2	0	2	-49	44667	9	4	1596	1478	866,667,866,667
1526395910.163589939	54	40	48	1	2	0	2	-49	44668	9	4	1596	1478	866,667,866,667
1526395910.175432520	54	40	48	1	2	0	2	-49	44669	9	4	1596	1478	866,667,866,667
1526395910.187197992	54	40	48	1	2	0	2	-49	44670	9	4	1596	1478	866,667,866,667
1526395910.198956116	54	40	48	1	2	0	2	-50	44671	9	4	1596	1478	866,667,866,667
1526395910.210732814	54	40	48	1	2	0	2	-50	44672	9	4	1596	1478	866,667,866,667
1526395910.222406032	54	40	48	1	2	0	2	-50	44673	9	4	1596	1478	866,667,866,667
1526395910.234161890	54	40	48	1	2	0	2	-50	44674	9	4	1596	1478	866,667,866,667
1526395910.245908876	54	40	48	1	2	0	2	-49	44675	9	4	1596	1478	866,667,866,667
1526395910.257700150	54	40	48	1	2	0	2	-49	44676	9	4	1596	1478	866,667,866,667
1526395910.269517575	54	40	48	1	2	0	2	-50	44677	9	4	1596	1478	866,667,866,667
1526395910.281315205	54	40	48	1	2	0	2	-49	44678	9	4	1596	1478	866,667,866,667
1526395910.293061882	54	40	48	1	2	0	2	-49	44679	9	4	1596	1478	866,667,866,667
1526395910.305044958	54	40	48	1	2	0	2	-49	44680	9	4	1596	1478	866,667,866,667
1526395910.316507646	54	40	48	1	2	0	2	-49	44681	9	4	1596	1478	866,667,866,667
1526395910.328244303	54	40	48	1	2	0	2	-49	44682	9	4	1596	1478	866,667,866,667
1526395910.339991151	54	40	48	1	2	0	2	-49	44683	9	4	1596	1478	866,667,866,667
1526395910.351743592	54	40	48	1	2	0	2	-49	44684	9	4	1596	1478	866,667,866,667
1526395910.363523715	54	40	48	1	2	0	2	-49	44685	9	4	1596	1478	866,667,866,667
1526395910.375248260	54	40	48	1	2	0	2	-49	44686	9	4	1596	1478	866,667,866,667
1526395910.387014642	54	40	48	1	2	0	2	-49	44687	9	4	1596	1478	866,667,866,667
1526395910.398755926	54	40	48	1	2	0	2	-49	44688	9	4	1596	1478	866,667,866,667
1526395910.410529936	54	40	48	1	2	0	2	-49	44689	9	4	1596	1478	866,667,866,667
1526395910.422208882	54	40	48	1	2	0	2	-49	44690	9	4	1596	1478	866,667,866,667
1526395910.434043617	54	40	48	1	2	0	2	-49	44691	9	4	1596	1478	866,667,866,667
1526395910.445780535	54	40	48	1	2	0	2	-49	44692	9	4	1596	1478	866,667,866,667
1526395910.457554392	54	40	48	1	2	0	2	-49	44693	9	4	1596	1478	866,667,866,667
1526395910.469329809	54	40	48	1	2	0	2	-49	44694	9	4	1596	1478	866,667,866,667
1526395910.481064066	54	40	48	1	2	0	2	-49	44695	9	4	1596	1478	866,667,866,667
1526395910.492844956	54	40	48	1	2	0	2	-49	44696	9	4	1596	1478	866,667,866,667
1526395910.504683753	54	40	48	1	2	0	2	-49	44697	9	4	1596	1478	866,667,866,667
1526395910.516485087	54	40	48	1	2	0	2	-49	44698	9	4	1596	1478	866,667,866,667
1526395910.528152869	54	40	48	1	2	0	2	-49	44699	9	4	1596	1478	866,667,866,667
1526395910.539934026	54	40	48	1	2	0	2	-49	44700	9	4	1596	1478	866,667,866,667
1526395910.551769548	54	40	48	1	2	0	2	-49	44701	9	4	1596	1478	866,667,866,667
1526395910.563527962	54	40	48	1	2	0	2	-49	44702	9	4	1596	1478	866,667,866,667
1526395910.575275615	54	40	48	1	2	0	2	-50	44703	9	4	1596	1478	866,667,866,667
1526395910.587043404	54	40	48	1	2	0	2	-50	44704	9	4	1596	1478	866,667,866,667
1526395910.598794961	54	40	48	1	2	0	2	-50	44705	9	4	1596	1478	866,667,866,667
1526395910.610373933	54	40	48	1	2	0	2	-49	44706	9	4	1596	1478	866,667,866,667
1526395910.622348373	54	40	48	1	2	0	2	-50	44707	9	4	1596	1478	866,667,866,667
1526395910.634097448	54	40	48	1	2	0	2	-50	44708	9	4	1596	1478	866,667,866,667
1526395910.645838357	54	40	48	1	2	0	2	-49	44709	9	4	1596	1478	866,667,866,667
1526395910.657622142	54	40	48	1	2	0	2	-49	44710	9	4	1596	1478	866,667,866,667
1526395910.669322208	54	40	48	1	2	0	2	-49	44711	9	4	1596	1478	866,667,866,667
1526395910.681013053	54	40	48	1	2	0	2	-49	44712	9	4	1596	1478	866,667,866,667
1526395910.692695493	54	40	48	1	2	0	2	-49	44713	9	4	1596	1478	866,667,866,667
1526395910.704627246	54	40	48	1	2	0	2	-49	44714	9	4	1596	1478	866,667,866,667
1526395910.716390811	54	40	48	1	2	0	2	-49	44715	9	4	1596	1478	866,667,866,667
1526395910.728112654	54	40	48	1	2	0	2	-49	44716	9	4	1596	1478	866,667,866,667
1526395910.739838335	54	40	48	1	2	0	2	-49	44717	9	4	1596	1478	866,667,866,667
1526395910.751466831	54	40	48	1	2	0	2	-49	44718	9	4	1596	1478	866,667,866,667
1526395910.763453615	54	40	48	1	2	0	2	-49	44719	9	4	1596	1478	866,667,866,667
1526395910.775206352	54	40	48	1	2	0	2	-49	44720	9	4	1596	1478	866,667,866,667
1526395910.786952312	54	40	48	1	2	0	2	-49	44721	9	4	1596	1478	866,667,866,667
1526395910.798745404	54	40	48	1	2	0	2	-49	44722	9	4	1596	1478	866,667,866,667
1526395910.810493666	54	40	48	1	2	0	2	-49	44723	9	4	1596	1478	866,667,866,667
1526395910.822293532	54	40	48	1	2	0	2	-49	44724	9	4	1596	1478	866,667,866,667
1526395910.834001699	54	40	48	1	2	0	2	-49	44725	9	4	1596	1478	866,667,866,667
1526395910.845791596	54	40	48	1	2	0	2	-49	44726	9	4	1596	1478	866,667,866,667
1526395910.857531527	54	40	48	1	2	0	2	-49	44727	9	4	1596	1478	866,667,866,667
1526395910.869252246	54	40	48	1	2	0	2	-49	44728	9	4	1596	1478	866,667,866,667
1526395910.881022670	54	40	48	1	2	0	2	-49	44729	9	4	1596	1478	866,667,866,667
1526395910.892800470	54	40	48	1	2	0	2	-49	44730	9	4	1596	1478	866,667,866,667
1526395910.904535077	54	40	48	1	2	0	2	-49	44731	9	4	1596	1478	866,667,866,667
1526395910.916339476	54	40	48	1	2	0	2	-49	44732	9	4	1596	1478	866,667,866,667
1526395910.928449131	54	40	48	1	2	0	2	-49	44733	9	4	1596	1478	866,667,866,667
1526395910.939854103	54	40	48	1	2	0	2	-49	44734	9	4	1596	1478	866,667,866,667
1526395910.951625615	54	40	48	1	2	0	2	-49	44735	9	4	1596	1478	866,667,866,667
1526395910.963403808	54	40	48	1	2	0	2	-49	44736	9	4	1596	1478	866,667,866,667
1526395910.974935807	54	40	48	1	2	0	2	-49	44737	9	4	1596	1478	866,667,866,667
1526395910.986886816	54	40	48	1	2	0	2	-49	44738	9	4	1596	1478	866,667,866,667
1526395910.998664003	54	40	48	1	2	0	2	-49	44739	9	4	1596	1478	866,667,866,667
1526395911.010406803	54	40	48	1	2	0	2	-49	44740	9	4	1596	1478	866,667,866,667
1526395911.022162354	54	40	48	1	2	0	2	-49	44741	9	4	1596	1478	866,667,866,667
1526395911.033850131	54	40	48	1	2	0	2	-49	44742	9	4	1596	1478	866,667,866,667
1526395911.045694453	54	40	48	1	2	0	2	-49	44743	9	4	1596	1478	866,667,866,667
1526395911.057361669	54	40	48	1	2	0	2	-49	44744	9	4	1596	1478	866,667,866,667
1526395911.069214612	54	40	48	1	2	0	2	-49	44745	9	4	1596	1478	866,667,866,667
1526395911.080955578	54	40	48	1	2	0	2	-49	44746	9	4	1596	1478	866,667,866,667
1526395911.092614895	54	40	48	1	2	0	2	-49	44747	9	4	1596	1478	866,667,866,667
1526395911.104485530	54	40	48	1	2	0	2	-49	44748	9	4	1596	1478	866,667,866,667
1526395911.116256743	54	40	48	1	2	0	2	-49	44749	9	4	1596	1478	866,667,866,667
1526395911.129451074	54	40	48	1	2	0	2	-49	44750	9	4	1596	1478	866,667,866,667
1526395911.139800390	54	40	48	1	2	0	2	-49	44751	9	4	1596	1478	866,667,866,667
1526395911.151519052	54	40	48	1	2	0	2	-49	44752	9	4	1596	1478	866,667,866,667
1526395911.163283140	54	40	48	1	2	0	2	-49	44753	9	4	1596	1478	866,667,866,667
1526395911.175059820	54	40	48	1	2	0	2	-49	44754	9	4	1596	1478	866,667,866,667
1526395911.186709237	54	40	48	1	2	0	2	-49	44755	9	4	1596	1478	866,667,866,667
1526395911.198579428	54	40	48	1	2	0	2	-49	44756	9	4	1596	1478	866,667,866,667
1526395911.210230072	54	40	48	1	2	0	2	-49	44757	9	4	1596	1478	866,667,866,667
1526395911.222073775	54	40	48	1	2	0	2	-49	44758	9	4	1596	1478	866,667,866,667
1526395911.233723010	54	40	48	1	2	0	2	-49	44759	9	4	1596	1478	866,667,866,667
1526395911.245489600	54	40	48	1	2	0	2	-49	44760	9	4	1596	1478	866,667,866,667
1526395911.257332006	54	40	48	1	2	0	2	-49	44761	9	4	1596	1478	866,667,866,667
1526395911.269117057	54	40	48	1	2	0	2	-49	44762	9	4	1596	1478	866,667,866,667
1526395911.280785970	54	40	48	1	2	0	2	-49	44763	9	4	1596	1478	866,667,866,667
1526395911.292564517	54	40	48	1	2	0	2	-49	44764	9	4	1596	1478	866,667,866,667
1526395911.304326362	54	40	48	1	2	0	2	-49	44765	9	4	1596	1478	866,667,866,667
1526395911.316061136	54	40	48	1	2	0	2	-49	44766	9	4	1596	1478	866,667,866,667
1526395911.327802584	54	40	48	1	2	0	2	-49	44767	9	4	1596	1478	866,667,866,667
1526395911.339493558	54	40	48	1	2	0	2	-49	44768	9	4	1596	1478	866,667,866,667
1526395911.351188340	54	40	48	1	2	0	2	-49	44769	9	4	1596	1478	866,667,866,667
1526395911.362979444	54	40	48	1	2	0	2	-49	44770	9	4	1596	1478	866,667,866,667
1526395911.374795525	54	40	48	1	2	0	2	-49	44771	9	4	1596	1478	866,667,866,667
1526395911.386573207	54	40	48	1	2	0	2	-49	44772	9	4	1596	1478	866,667,866,667
1526395911.398326551	54	40	48	1	2	0	2	-49	44773	9	4	1596	1478	866,667,866,667
1526395911.410090181	54	40	48	1	2	0	2	-49	44774	9	4	1596	1478	866,667,866,667
1526395911.421775098	54	40	48	1	2	0	2	-49	44775	9	4	1596	1478	866,667,866,667
1526395911.433658828	54	40	48	1	2	0	2	-49	44776	9	4	1596	1478	866,667,866,667
1526395911.445423914	54	40	48	1	2	0	2	-49	44777	9	4	1596	1478	866,667,866,667
1526395911.457171733	54	40	48	1	2	0	2	-49	44778	9	4	1596	1478	866,667,866,667
1526395911.468931475	54	40	48	1	2	0	2	-49	44779	9	4	1596	1478	866,667,866,667
1526395911.480769410	54	40	48	1	2	0	2	-49	44780	9	4	1596	1478	866,667,866,667
1526395911.492558657	54	40	48	1	2	0	2	-49	44781	9	4	1596	1478	866,667,866,667
1526395911.504224278	54	40	48	1	2	0	2	-49	44782	9	4	1596	1478	866,667,866,667
1526395911.516088737	54	40	48	1	2	0	2	-49	44783	9	4	1596	1478	866,667,866,667
1526395911.527717073	54	40	48	1	2	0	2	-49	44784	9	4	1596	1478	866,667,866,667
1526395911.539523414	54	40	48	1	2	0	2	-49	44785	9	4	1596	1478	866,667,866,667
1526395911.551361327	54	40	48	1	2	0	2	-49	44786	9	4	1596	1478	866,667,866,667
1526395911.563202815	54	40	48	1	2	0	2	-49	44787	9	4	1596	1478	866,667,866,667
1526395911.574941369	54	40	48	1	2	0	2	-49	44788	9	4	1596	1478	866,667,866,667
1526395911.586695442	54	40	48	1	2	0	2	-49	44789	9	4	1596	1478	866,667,866,667
1526395911.598459010	54	40	48	1	2	0	2	-49	44790	9	4	1596	1478	866,667,866,667
1526395911.610197349	54	40	48	1	2	0	2	-49	44791	9	4	1596	1478	866,667,866,667
1526395911.621984328	54	40	48	1	2	0	2	-49	44792	9	4	1596	1478	866,667,866,667
1526395911.633745544	54	40	48	1	2	0	2	-49	44793	9	4	1596	1478	866,667,866,667
1526395911.645493341	54	40	48	1	2	0	2	-49	44794	9	4	1596	1478	866,667,866,667
1526395911.657260413	54	40	48	1	2	0	2	-49	44795	9	4	1596	1478	866,667,866,667
1526395911.669016027	54	40	48	1	2	0	2	-49	44796	9	4	1596	1478	866,667,866,667
1526395911.680779462	54	40	48	1	2	0	2	-50	44797	9	4	1596	1478	866,667,866,667
1526395911.692538817	54	40	48	1	2	0	2	-49	44798	9	4	1596	1478	866,667,866,667
1526395911.704151919	54	40	48	1	2	0	2	-49	44799	9	4	1596	1478	866,667,866,667
1526395911.715951685	54	40	48	1	2	0	2	-50	44800	9	4	1596	1478	866,667,866,667
1526395911.727833179	54	40	48	1	2	0	2	-49	44801	9	4	1596	1478	866,667,866,667
1526395911.739429103	54	40	48	1	2	0	2	-50	44802	9	4	1596	1478	866,667,866,667
1526395911.751338615	54	40	48	1	2	0	2	-50	44803	9	4	1596	1478	866,667,866,667
1526395911.763086273	54	40	48	1	2	0	2	-50	44804	9	4	1596	1478	866,667,866,667
1526395911.774977951	54	40	48	1	2	0	2	-50	44805	9	4	1596	1478	866,667,866,667
1526395911.787255466	54	40	48	1	2	0	2	-49	44806	9	4	1596	1478	866,667,866,667
1526395911.798245121	54	40	48	1	2	0	2	-50	44807	9	4	1596	1478	866,667,866,667
1526395911.810025197	54	40	48	1	2	0	2	-50	44808	9	4	1596	1478	866,667,866,667
1526395911.822206215	54	40	48	1	2	0	2	-50	44809	9	4	1596	1478	866,667,866,667
1526395911.833568467	54	40	48	1	2	0	2	-49	44810	9	4	1596	1478	866,667,866,667
1526395911.845387005	54	40	48	1	2	0	2	-50	44811	9	4	1596	1478	866,667,866,667
1526395911.857064680	54	40	48	1	2	0	2	-50	44812	9	4	1596	1478	866,667,866,667
1526395911.868880942	54	40	48	1	2	0	2	-50	44813	9	4	1596	1478	866,667,866,667
1526395911.880625555	54	40	48	1	2	0	2	-50	44814	9	4	1596	1478	866,667,866,667
1526395911.892423292	54	40	48	1	2	0	2	-50	44815	9	4	1596	1478	866,667,866,667
1526395911.904159160	54	40	48	1	2	0	2	-50	44816	9	4	1596	1478	866,667,866,667
1526395911.915922416	54	40	48	1	2	0	2	-50	44817	9	4	1596	1478	866,667,866,667
1526395911.927673909	54	40	48	1	2	0	2	-50	44818	9	4	1596	1478	866,667,866,667
1526395911.939454675	54	40	48	1	2	0	2	-50	44819	9	4	1596	1478	866,667,866,667
1526395911.951235976	54	40	48	1	2	0	2	-50	44820	9	4	1596	1478	866,667,866,667
1526395911.962986645	54	40	48	1	2	0	2	-50	44821	9	4	1596	1478	866,667,866,667
1526395911.974725938	54	40	48	1	2	0	2	-50	44822	9	4	1596	1478	866,667,866,667
1526395911.986480491	54	40	48	1	2	0	2	-50	44823	9	4	1596	1478	866,667,866,667
1526395911.998238787	54	40	48	1	2	0	2	-50	44824	9	4	1596	1478	866,667,866,667
1526395912.010405933	54	40	48	1	2	0	2	-50	44825	9	4	1596	1478	866,667,866,667
1526395912.021771443	54	40	48	1	2	0	2	-50	44826	9	4	1596	1478	866,667,866,667
1526395912.033436634	54	40	48	1	2	0	2	-50	44827	9	4	1596	1478	866,667,866,667
1526395912.045296864	54	40	48	1	2	0	2	-50	44828	9	4	1596	1478	866,667,866,667
1526395912.057069107	54	40	48	1	2	0	2	-50	44829	9	4	1596	1478	866,667,866,667
1526395912.068810842	54	40	48	1	2	0	2	-50	44830	9	4	1596	1478	866,667,866,667
1526395912.080569787	54	40	48	1	2	0	2	-50	44831	9	4	1596	1478	866,667,866,667
1526395912.092332511	54	40	48	1	2	0	2	-50	44832	9	4	1596	1478	866,667,866,667
1526395912.104034704	54	40	48	1	2	0	2	-50	44833	9	4	1596	1478	866,667,866,667
1526395912.115855679	54	40	48	1	2	0	2	-50	44834	9	4	1596	1478	866,667,866,667
1526395912.127633179	54	40	48	1	2	0	2	-50	44835	9	4	1596	1478	866,667,866,667
1526395912.139419641	54	40	48	1	2	0	2	-50	44836	9	4	1596	1478	866,667,866,667
1526395912.151118355	54	40	48	1	2	0	2	-50	44837	9	4	1596	1478	866,667,866,667
1526395912.162922451	54	40	48	1	2	0	2	-50	44838	9	4	1596	1478	866,667,866,667
1526395912.174673595	54	40	48	1	2	0	2	-50	44839	9	4	1596	1478	866,667,866,667
1526395912.186390480	54	40	48	1	2	0	2	-50	44840	9	4	1596	1478	866,667,866,667
1526395912.198178558	54	40	48	1	2	0	2	-50	44841	9	4	1596	1478	866,667,866,667
1526395912.209833977	54	40	48	1	2	0	2	-50	44842	9	4	1596	1478	866,667,866,667
1526395912.221586584	54	40	48	1	2	0	2	-50	44843	9	4	1596	1478	866,667,866,667
1526395912.233329205	54	40	48	1	2	0	2	-50	44844	9	4	1596	1478	866,667,866,667
1526395912.245104433	54	40	48	1	2	0	2	-49	44845	9	4	1596	1478	866,667,866,667
1526395912.256828610	54	40	48	1	2	0	2	-49	44846	9	4	1596	1478	866,667,866,667
1526395912.268637096	54	40	48	1	2	0	2	-49	44847	9	4	1596	1478	866,667,866,667
1526395912.280410112	54	40	48	1	2	0	2	-49	44848	9	4	1596	1478	866,667,866,667
1526395912.292144030	54	40	48	1	2	0	2	-49	44849	9	4	1596	1478	866,667,866,667
1526395912.303836234	54	40	48	1	2	0	2	-49	44850	9	4	1596	1478	866,667,866,667
1526395912.315563015	54	40	48	1	2	0	2	-49	44851	9	4	1596	1478	866,667,866,667
1526395912.327301892	54	40	48	1	2	0	2	-49	44852	9	4	1596	1478	866,667,866,667
1526395912.339064483	54	40	48	1	2	0	2	-49	44853	9	4	1596	1478	866,667,866,667
1526395912.350805673	54	40	48	1	2	0	2	-49	44854	9	4	1596	1478	866,667,866,667
1526395912.362593789	54	40	48	1	2	0	2	-49	44855	9	4	1596	1478	866,667,866,667
1526395912.374449181	54	40	48	1	2	0	2	-49	44856	9	4	1596	1478	866,667,866,667
1526395912.386303631	54	40	48	1	2	0	2	-49	44857	9	4	1596	1478	866,667,866,667
1526395912.398076137	54	40	48	1	2	0	2	-49	44858	9	4	1596	1478	866,667,866,667
1526395912.409819413	54	40	48	1	2	0	2	-49	44859	9	4	1596	1478	866,667,866,667
1526395912.421622574	54	40	48	1	2	0	2	-49	44860	9	4	1596	1478	866,667,866,667
1526395912.433377419	54	40	48	1	2	0	2	-49	44861	9	4	1596	1478	866,667,866,667
1526395912.445129073	54	40	48	1	2	0	2	-49	44862	9	4	1596	1478	866,667,866,667
1526395912.456886269	54	40	48	1	2	0	2	-49	44863	9	4	1596	1478	866,667,866,667
1526395912.468577495	54	40	48	1	2	0	2	-49	44864	9	4	1596	1478	866,667,866,667
1526395912.480376629	54	40	48	1	2	0	2	-49	44865	9	4	1596	1478	866,667,866,667
1526395912.492184939	54	40	48	1	2	0	2	-49	44866	9	4	1596	1478	866,667,866,667
1526395912.503938812	54	40	48	1	2	0	2	-49	44867	9	4	1596	1478	866,667,866,667
1526395912.515671117	54	40	48	1	2	0	2	-49	44868	9	4	1596	1478	866,667,866,667
1526395912.527446636	54	40	48	1	2	0	2	-49	44869	9	4	1596	1478	866,667,866,667
1526395912.539366385	54	40	48	1	2	0	2	-49	44870	9	4	1596	1478	866,667,866,667
1526395912.550868799	54	40	48	1	2	0	2	-49	44871	9	4	1596	1478	866,667,866,667
1526395912.562744348	54	40	48	1	2	0	2	-49	44872	9	4	1596	1478	866,667,866,667
1526395912.574510424	54	40	48	1	2	0	2	-49	44873	9	4	1596	1478	866,667,866,667
1526395912.586251203	54	40	48	1	2	0	2	-49	44874	9	4	1596	1478	866,667,866,667
1526395912.598022721	54	40	48	1	2	0	2	-49	44875	9	4	1596	1478	866,667,866,667
1526395912.609774850	54	40	48	1	2	0	2	-49	44876	9	4	1596	1478	866,667,866,667
1526395912.621510310	54	40	48	1	2	0	2	-49	44877	9	4	1596	1478	866,667,866,667
1526395912.633226860	54	40	48	1	2	0	2	-49	44878	9	4	1596	1478	866,667,866,667
1526395912.645058147	54	40	48	1	2	0	2	-49	44879	9	4	1596	1478	866,667,866,667
1526395912.656458357	54	40	48	1	2	0	2	-50	44881	9	4	1596	1478	866,667,866,667
1526395912.668592509	54	40	48	1	2	0	2	-49	44882	9	4	1596	1478	866,667,866,667
1526395912.680333101	54	40	48	1	2	0	2	-49	44883	9	4	1596	1478	866,667,866,667
1526395912.691981216	54	40	48	1	2	0	2	-50	44884	9	4	1596	1478	866,667,866,667
1526395912.703756577	54	40	48	1	2	0	2	-50	44885	9	4	1596	1478	866,667,866,667
1526395912.715613502	54	40	48	1	2	0	2	-49	44886	9	4	1596	1478	866,667,866,667
1526395912.727282674	54	40	48	1	2	0	2	-49	44887	9	4	1596	1478	866,667,866,667
1526395912.738971205	54	40	48	1	2	0	2	-50	44888	9	4	1596	1478	866,667,866,667
1526395912.750875755	54	40	48	1	2	0	2	-49	44889	9	4	1596	1478	866,667,866,667
1526395912.762641307	54	40	48	1	2	0	2	-49	44890	9	4	1596	1478	866,667,866,667
1526395912.774427356	54	40	48	1	2	0	2	-49	44891	9	4	1596	1478	866,667,866,667
1526395912.786134903	54	40	48	1	2	0	2	-49	44892	9	4	1596	1478	866,667,866,667
1526395912.797927023	54	40	48	1	2	0	2	-49	44893	9	4	1596	1478	866,667,866,667
1526395912.809692531	54	40	48	1	2	0	2	-49	44894	9	4	1596	1478	866,667,866,667
1526395912.821456450	54	40	48	1	2	0	2	-49	44895	9	4	1596	1478	866,667,866,667
1526395912.833197665	54	40	48	1	2	0	2	-49	44896	9	4	1596	1478	866,667,866,667
1526395912.844950473	54	40	48	1	2	0	2	-49	44897	9	4	1596	1478	866,667,866,667
1526395912.856730708	54	40	48	1	2	0	2	-49	44898	9	4	1596	1478	866,667,866,667
1526395912.868478475	54	40	48	1	2	0	2	-49	44899	9	4	1596	1478	866,667,866,667
1526395912.880284307	54	40	48	1	2	0	2	-49	44900	9	4	1596	1478	866,667,866,667
1526395912.892007058	54	40	48	1	2	0	2	-49	44901	9	4	1596	1478	866,667,866,667
1526395912.903757858	54	40	48	1	2	0	2	-49	44902	9	4	1596	1478	866,667,866,667
1526395912.915515808	54	40	48	1	2	0	2	-49	44903	9	4	1596	1478	866,667,866,667
1526395912.927266822	54	40	48	1	2	0	2	-49	44904	9	4	1596	1478	866,667,866,667
1526395912.938992809	54	40	48	1	2	0	2	-49	44905	9	4	1596	1478	866,667,866,667
1526395912.950817320	54	40	48	1	2	0	2	-49	44906	9	4	1596	1478	866,667,866,667
1526395912.962600252	54	40	48	1	2	0	2	-49	44907	9	4	1596	1478	866,667,866,667
1526395912.974244837	54	40	48	1	2	0	2	-49	44908	9	4	1596	1478	866,667,866,667
1526395912.986106177	54	40	48	1	2	0	2	-49	44909	9	4	1596	1478	866,667,866,667
1526395912.997847164	54	40	48	1	2	0	2	-49	44910	9	4	1596	1478	866,667,866,667
1526395913.009593857	54	40	48	1	2	0	2	-49	44911	9	4	1596	1478	866,667,866,667
1526395913.021387120	54	40	48	1	2	0	2	-49	44912	9	4	1596	1478	866,667,866,667
1526395913.033054034	54	40	48	1	2	0	2	-49	44913	9	4	1596	1478	866,667,866,667
1526395913.044895619	54	40	48	1	2	0	2	-49	44914	9	4	1596	1478	866,667,866,667
1526395913.056627613	54	40	48	1	2	0	2	-49	44915	9	4	1596	1478	866,667,866,667
1526395913.068409142	54	40	48	1	2	0	2	-49	44916	9	4	1596	1478	866,667,866,667
1526395913.080186271	54	40	48	1	2	0	2	-49	44917	9	4	1596	1478	866,667,866,667
1526395913.091865174	54	40	48	1	2	0	2	-49	44918	9	4	1596	1478	866,667,866,667
1526395913.103680563	54	40	48	1	2	0	2	-49	44919	9	4	1596	1478	866,667,866,667
1526395913.115450425	54	40	48	1	2	0	2	-49	44920	9	4	1596	1478	866,667,866,667
1526395913.127180364	54	40	48	1	2	0	2	-49	44921	9	4	1596	1478	866,667,866,667
1526395913.138954380	54	40	48	1	2	0	2	-49	44922	9	4	1596	1478	866,667,866,667
1526395913.150725985	54	40	48	1	2	0	2	-49	44923	9	4	1596	1478	866,667,866,667
1526395913.162474906	54	40	48	1	2	0	2	-49	44924	9	4	1596	1478	866,667,866,667
1526395913.174119056	54	40	48	1	2	0	2	-49	44925	9	4	1596	1478	866,667,866,667
1526395913.191299051	54	40	48	1	2	0	2	-49	44926	9	4	1596	1478	866,667,866,667
1526395913.197817465	54	40	48	1	2	0	2	-49	44927	9	4	1596	1478	866,667,866,667
1526395913.209529163	54	40	48	1	2	0	2	-49	44928	9	4	1596	1478	866,667,866,667
1526395913.221287023	54	40	48	1	2	0	2	-49	44929	9	4	1596	1478	866,667,866,667
1526395913.232925193	54	40	48	1	2	0	2	-49	44930	9	4	1596	1478	866,667,866,667
1526395913.244704533	54	40	48	1	2	0	2	-49	44931	9	4	1596	1478	866,667,866,667
1526395913.256557871	54	40	48	1	2	0	2	-49	44932	9	4	1596	1478	866,667,866,667
1526395913.268327716	54	40	48	1	2	0	2	-50	44933	9	4	1596	1478	866,667,866,667
1526395913.280022152	54	40	48	1	2	0	2	-50	44934	9	4	1596	1478	866,667,866,667
1526395913.291768975	54	40	48	1	2	0	2	-50	44935	9	4	1596	1478	866,667,866,667
1526395913.303481773	54	40	48	1	2	0	2	-50	44936	9	4	1596	1478	866,667,866,667
1526395913.315232715	54	40	48	1	2	0	2	-50	44937	9	4	1596	1478	866,667,866,667
1526395913.326999542	54	40	48	1	2	0	2	-50	44938	9	4	1596	1478	866,667,866,667
1526395913.338633026	54	40	48	1	2	0	2	-50	44939	9	4	1596	1478	866,667,866,667
1526395913.350511513	54	40	48	1	2	0	2	-50	44940	9	4	1596	1478	866,667,866,667
1526395913.362272368	54	40	48	1	2	0	2	-50	44941	9	4	1596	1478	866,667,866,667
1526395913.374027012	54	40	48	1	2	0	2	-50	44942	9	4	1596	1478	866,667,866,667
1526395913.385808704	54	40	48	1	2	0	2	-50	44943	9	4	1596	1478	866,667,866,667
1526395913.397543636	54	40	48	1	2	0	2	-50	44944	9	4	1596	1478	866,667,866,667
1526395913.409322440	54	40	48	1	2	0	2	-50	44945	9	4	1596	1478	866,667,866,667
1526395913.421073043	54	40	48	1	2	0	2	-50	44946	9	4	1596	1478	866,667,866,667
1526395913.432828390	54	40	48	1	2	0	2	-50	44947	9	4	1596	1478	866,667,866,667
1526395913.444622906	54	40	48	1	2	0	2	-50	44948	9	4	1596	1478	866,667,866,667
1526395913.456365472	54	40	48	1	2	0	2	-50	44949	9	4	1596	1478	866,667,866,667
1526395913.468107130	54	40	48	1	2	0	2	-50	44950	9	4	1596	1478	866,667,866,667
1526395913.479888908	54	40	48	1	2	0	2	-50	44951	9	4	1596	1478	866,667,866,667
1526395913.491582499	54	40	48	1	2	0	2	-50	44952	9	4	1596	1478	866,667,866,667
1526395913.503405355	54	40	48	1	2	0	2	-50	44953	9	4	1596	1478	866,667,866,667
1526395913.515152404	54	40	48	1	2	0	2	-50	44954	9	4	1596	1478	866,667,866,667
1526395913.526904650	54	40	48	1	2	0	2	-50	44955	9	4	1596	1478	866,667,866,667
1526395913.538691595	54	40	48	1	2	0	2	-50	44956	9	4	1596	1478	866,667,866,667
1526395913.550421816	54	40	48	1	2	0	2	-50	44957	9	4	1596	1478	866,667,866,667
1526395913.563018430	54	40	48	1	2	0	2	-50	44958	9	4	1596	1478	866,667,866,667
1526395913.573949505	54	40	48	1	2	0	2	-50	44959	9	4	1596	1478	866,667,866,667
1526395913.586719647	54	40	48	1	2	0	2	-50	44960	9	4	1596	1478	866,667,866,667
1526395913.597497963	54	40	48	1	2	0	2	-50	44961	9	4	1596	1478	866,667,866,667
1526395913.609242475	54	40	48	1	2	0	2	-50	44962	9	4	1596	1478	866,667,866,667
1526395913.620990862	54	40	48	1	2	0	2	-50	44963	9	4	1596	1478	866,667,866,667
1526395913.632757912	54	40	48	1	2	0	2	-50	44964	9	4	1596	1478	866,667,866,667
1526395913.644509131	54	40	48	1	2	0	2	-50	44965	9	4	1596	1478	866,667,866,667
1526395913.656266884	54	40	48	1	2	0	2	-50	44966	9	4	1596	1478	866,667,866,667
1526395913.668050195	54	40	48	1	2	0	2	-50	44967	9	4	1596	1478	866,667,866,667
1526395913.679735287	54	40	48	1	2	0	2	-50	44968	9	4	1596	1478	866,667,866,667
1526395913.691492496	54	40	48	1	2	0	2	-50	44969	9	4	1596	1478	866,667,866,667
1526395913.703328937	54	40	48	1	2	0	2	-50	44970	9	4	1596	1478	866,667,866,667
1526395913.715060855	54	40	48	1	2	0	2	-50	44971	9	4	1596	1478	866,667,866,667
1526395913.726826193	54	40	48	1	2	0	2	-50	44972	9	4	1596	1478	866,667,866,667
1526395913.738619722	54	40	48	1	2	0	2	-50	44973	9	4	1596	1478	866,667,866,667
1526395913.750285676	54	40	48	1	2	0	2	-50	44974	9	4	1596	1478	866,667,866,667
1526395913.762032859	54	40	48	1	2	0	2	-50	44975	9	4	1596	1478	866,667,866,667
1526395913.773735686	54	40	48	1	2	0	2	-50	44976	9	4	1596	1478	866,667,866,667
1526395913.785625855	54	40	48	1	2	0	2	-50	44977	9	4	1596	1478	866,667,866,667
1526395913.797421245	54	40	48	1	2	0	2	-50	44978	9	4	1596	1478	866,667,866,667
1526395913.809169247	54	40	48	1	2	0	2	-49	44979	9	4	1596	1478	866,667,866,667
1526395913.820911963	54	40	48	1	2	0	2	-50	44980	9	4	1596	1478	866,667,866,667
1526395913.832590249	54	40	48	1	2	0	2	-49	44981	9	4	1596	1478	866,667,866,667
1526395913.844333556	54	40	48	1	2	0	2	-49	44982	9	4	1596	1478	866,667,866,667
1526395913.856061238	54	40	48	1	2	0	2	-49	44983	9	4	1596	1478	866,667,866,667
1526395913.867949908	54	40	48	1	2	0	2	-49	44984	9	4	1596	1478	866,667,866,667
1526395913.879716305	54	40	48	1	2	0	2	-49	44985	9	4	1596	1478	866,667,866,667
1526395913.891345038	54	40	48	1	2	0	2	-49	44986	9	4	1596	1478	866,667,866,667
1526395913.903263541	54	40	48	1	2	0	2	-49	44987	9	4	1596	1478	866,667,866,667
1526395913.914988089	54	40	48	1	2	0	2	-49	44988	9	4	1596	1478	866,667,866,667
1526395913.926756724	54	40	48	1	2	0	2	-49	44989	9	4	1596	1478	866,667,866,667
1526395913.938553261	54	40	48	1	2	0	2	-49	44990	9	4	1596	1478	866,667,866,667
1526395913.950285184	54	40	48	1	2	0	2	-49	44991	9	4	1596	1478	866,667,866,667
1526395913.962050237	54	40	48	1	2	0	2	-49	44992	9	4	1596	1478	866,667,866,667
1526395913.973788975	54	40	48	1	2	0	2	-49	44993	9	4	1596	1478	866,667,866,667
1526395913.985556608	54	40	48	1	2	0	2	-49	44994	9	4	1596	1478	866,667,866,667
1526395914.000643258	54	40	48	1	2	0	2	-49	44995	9	4	1596	1478	866,667,866,667
1526395914.008964791	54	40	48	1	2	0	2	-49	44996	9	4	1596	1478	866,667,866,667
1526395914.020835000	54	40	48	1	2	0	2	-49	44997	9	4	1596	1478	866,667,866,667
1526395914.032475437	54	40	48	1	2	0	2	-49	44998	9	4	1596	1478	866,667,866,667
1526395914.044353203	54	40	48	1	2	0	2	-49	44999	9	4	1596	1478	866,667,866,667
1526395914.056111723	54	40	48	1	2	0	2	-49	45000	9	4	1596	1478	866,667,866,667
1526395914.067873686	54	40	48	1	2	0	2	-49	45001	9	4	1596	1478	866,667,866,667
1526395914.079649607	54	40	48	1	2	0	2	-49	45002	9	4	1596	1478	866,667,866,667
1526395914.091400752	54	40	48	1	2	0	2	-49	45003	9	4	1596	1478	866,667,866,667
1526395914.103257170	54	40	48	1	2	0	2	-49	45004	9	4	1596	1478	866,667,866,667
1526395914.115038498	54	40	48	1	2	0	2	-49	45005	9	4	1596	1478	866,667,866,667
1526395914.126837495	54	40	48	1	2	0	2	-49	45006	9	4	1596	1478	866,667,866,667
1526395914.138560112	54	40	48	1	2	0	2	-49	45007	9	4	1596	1478	866,667,866,667
1526395914.150309899	54	40	48	1	2	0	2	-49	45008	9	4	1596	1478	866,667,866,667
1526395914.162085918	54	40	48	1	2	0	2	-49	45009	9	4	1596	1478	866,667,866,667
1526395914.173766407	54	40	48	1	2	0	2	-49	45010	9	4	1596	1478	866,667,866,667
1526395914.185543687	54	40	48	1	2	0	2	-50	45011	9	4	1596	1478	866,667,866,667
1526395914.197406857	54	40	48	1	2	0	2	-50	45012	9	4	1596	1478	866,667,866,667
1526395914.209320487	54	40	48	1	2	0	2	-50	45013	9	4	1596	1478	866,667,866,667
1526395914.220793043	54	40	48	1	2	0	2	-50	45014	9	4	1596	1478	866,667,866,667
1526395914.232531820	54	40	48	1	2	0	2	-50	45015	9	4	1596	1478	866,667,866,667
1526395914.244337378	54	40	48	1	2	0	2	-50	45016	9	4	1596	1478	866,667,866,667
1526395914.255993726	54	40	48	1	2	0	2	-49	45017	9	4	1596	1478	866,667,866,667
1526395914.267698921	54	40	48	1	2	0	2	-49	45018	9	4	1596	1478	866,667,866,667
1526395914.279850841	54	40	48	1	2	0	2	-49	45019	9	4	1596	1478	866,667,866,667
1526395914.291202935	54	40	48	1	2	0	2	-49	45020	9	4	1596	1478	866,667,866,667
1526395914.303493501	54	40	48	1	2	0	2	-49	45021	9	4	1596	1478	866,667,866,667
1526395914.314908210	54	40	48	1	2	0	2	-49	45022	9	4	1596	1478	866,667,866,667
1526395914.326723735	54	40	48	1	2	0	2	-49	45023	9	4	1596	1478	866,667,866,667
1526395914.338408810	54	40	48	1	2	0	2	-49	45024	9	4	1596	1478	866,667,866,667
1526395914.350139091	54	40	48	1	2	0	2	-49	45025	9	4	1596	1478	866,667,866,667
1526395914.361994630	54	40	48	1	2	0	2	-49	45026	9	4	1596	1478	866,667,866,667
1526395914.373756085	54	40	48	1	2	0	2	-49	45027	9	4	1596	1478	866,667,866,667
1526395914.385506173	54	40	48	1	2	0	2	-49	45028	9	4	1596	1478	866,667,866,667
1526395914.397269901	54	40	48	1	2	0	2	-49	45029	9	4	1596	1478	866,667,866,667
1526395914.409074375	54	40	48	1	2	0	2	-49	45030	9	4	1596	1478	866,667,866,667
1526395914.420710594	54	40	48	1	2	0	2	-49	45031	9	4	1596	1478	866,667,866,667
1526395914.432469305	54	40	48	1	2	0	2	-49	45032	9	4	1596	1478	866,667,866,667
1526395914.444313746	54	40	48	1	2	0	2	-49	45033	9	4	1596	1478	866,667,866,667
1526395914.456095931	54	40	48	1	2	0	2	-49	45034	9	4	1596	1478	866,667,866,667
1526395914.467780523	54	40	48	1	2	0	2	-49	45035	9	4	1596	1478	866,667,866,667
1526395914.479605178	54	40	48	1	2	0	2	-49	45036	9	4	1596	1478	866,667,866,667
1526395914.491348992	54	40	48	1	2	0	2	-49	45037	9	4	1596	1478	866,667,866,667
1526395914.503119620	54	40	48	1	2	0	2	-49	45038	9	4	1596	1478	866,667,866,667
1526395914.514829089	54	40	48	1	2	0	2	-49	45039	9	4	1596	1478	866,667,866,667
1526395914.526649059	54	40	48	1	2	0	2	-49	45040	9	4	1596	1478	866,667,866,667
1526395914.538413320	54	40	48	1	2	0	2	-49	45041	9	4	1596	1478	866,667,866,667
1526395914.550157803	54	40	48	1	2	0	2	-49	45042	9	4	1596	1478	866,667,866,667
1526395914.561857248	54	40	48	1	2	0	2	-49	45043	9	4	1596	1478	866,667,866,667
1526395914.573686386	54	40	48	1	2	0	2	-49	45044	9	4	1596	1478	866,667,866,667
1526395914.585462461	54	40	48	1	2	0	2	-49	45045	9	4	1596	1478	866,667,866,667
1526395914.597187849	54	40	48	1	2	0	2	-49	45046	9	4	1596	1478	866,667,866,667
1526395914.608969249	54	40	48	1	2	0	2	-49	45047	9	4	1596	1478	866,667,866,667
1526395914.620748883	54	40	48	1	2	0	2	-49	45048	9	4	1596	1478	866,667,866,667
1526395914.632488612	54	40	48	1	2	0	2	-49	45049	9	4	1596	1478	866,667,866,667
1526395914.644235195	54	40	48	1	2	0	2	-49	45050	9	4	1596	1478	866,667,866,667
1526395914.656014429	54	40	48	1	2	0	2	-49	45051	9	4	1596	1478	866,667,866,667
1526395914.667676757	54	40	48	1	2	0	2	-49	45052	9	4	1596	1478	866,667,866,667
1526395914.679515600	54	40	48	1	2	0	2	-49	45053	9	4	1596	1478	866,667,866,667
1526395914.691286207	54	40	48	1	2	0	2	-49	45054	9	4	1596	1478	866,667,866,667
1526395914.703018034	54	40	48	1	2	0	2	-49	45055	9	4	1596	1478	866,667,866,667
1526395914.714770193	54	40	48	1	2	0	2	-49	45056	9	4	1596	1478	866,667,866,667
1526395914.726576170	54	40	48	1	2	0	2	-49	45057	9	4	1596	1478	866,667,866,667
1526395914.738341565	54	40	48	1	2	0	2	-49	45058	9	4	1596	1478	866,667,866,667
1526395914.750073995	54	40	48	1	2	0	2	-49	45059	9	4	1596	1478	866,667,866,667
1526395914.761843549	54	40	48	1	2	0	2	-49	45060	9	4	1596	1478	866,667,866,667
1526395914.773288595	54	40	48	1	2	0	2	-49	45061	9	4	1596	1478	866,667,866,667
1526395914.785376941	54	40	48	1	2	0	2	-49	45062	9	4	1596	1478	866,667,866,667
1526395914.797103525	54	40	48	1	2	0	2	-49	45063	9	4	1596	1478	866,667,866,667
1526395914.808885900	54	40	48	1	2	0	2	-49	45064	9	4	1596	1478	866,667,866,667
1526395914.820652782	54	40	48	1	2	0	2	-49	45065	9	4	1596	1478	866,667,866,667
1526395914.832299184	54	40	48	1	2	0	2	-49	45066	9	4	1596	1478	866,667,866,667
1526395914.844163007	54	40	48	1	2	0	2	-49	45067	9	4	1596	1478	866,667,866,667
1526395914.855913407	54	40	48	1	2	0	2	-49	45068	9	4	1596	1478	866,667,866,667
1526395914.867625076	54	40	48	1	2	0	2	-49	45069	9	4	1596	1478	866,667,866,667
1526395914.879447092	54	40	48	1	2	0	2	-49	45070	9	4	1596	1478	866,667,866,667
1526395914.891243572	54	40	48	1	2	0	2	-49	45071	9	4	1596	1478	866,667,866,667
1526395914.902961024	54	40	48	1	2	0	2	-48	45072	9	4	1596	1478	866,667,866,667
1526395914.914722846	54	40	48	1	2	0	2	-49	45073	9	4	1596	1478	866,667,866,667
1526395914.926502349	54	40	48	1	2	0	2	-49	45074	9	4	1596	1478	866,667,866,667
1526395914.938231967	54	40	48	1	2	0	2	-49	45075	9	4	1596	1478	866,667,866,667
1526395914.949950309	54	40	48	1	2	0	2	-49	45076	9	4	1596	1478	866,667,866,667
1526395914.961784802	54	40	48	1	2	0	2	-49	45077	9	4	1596	1478	866,667,866,667
1526395914.973516564	54	40	48	1	2	0	2	-49	45078	9	4	1596	1478	866,667,866,667
1526395914.985276674	54	40	48	1	2	0	2	-49	45079	9	4	1596	1478	866,667,866,667
1526395914.997079040	54	40	48	1	2	0	2	-50	45080	9	4	1596	1478	866,667,866,667
1526395915.008804339	54	40	48	1	2	0	2	-51	45081	9	4	1596	1478	866,667,866,667
1526395915.020703377	54	40	48	1	2	0	2	-51	45082	9	4	1596	1478	866,667,866,667
1526395915.032258402	54	40	48	1	2	0	2	-50	45083	9	4	1596	1478	866,667,866,667
1526395915.044115905	54	40	48	1	2	0	2	-50	45084	9	4	1596	1478	866,667,866,667
1526395915.055844781	54	40	48	1	2	0	2	-50	45085	9	4	1596	1478	866,667,866,667
1526395915.067598694	54	40	48	1	2	0	2	-50	45086	9	4	1596	1478	866,667,866,667
1526395915.079353371	54	40	48	1	2	0	2	-50	45087	9	4	1596	1478	866,667,866,667
1526395915.091131439	54	40	48	1	2	0	2	-49	45088	9	4	1596	1478	866,667,866,667
1526395915.102816037	54	40	48	1	2	0	2	-49	45089	9	4	1596	1478	866,667,866,667
1526395915.114659179	54	40	48	1	2	0	2	-49	45090	9	4	1596	1478	866,667,866,667
1526395915.126417617	54	40	48	1	2	0	2	-49	45091	9	4	1596	1478	866,667,866,667
1526395915.138163056	54	40	48	1	2	0	2	-49	45092	9	4	1596	1478	866,667,866,667
1526395915.149913918	54	40	48	1	2	0	2	-49	45093	9	4	1596	1478	866,667,866,667
1526395915.161678117	54	40	48	1	2	0	2	-49	45094	9	4	1596	1478	866,667,866,667
1526395915.173309158	54	40	48	1	2	0	2	-49	45095	9	4	1596	1478	866,667,866,667
1526395915.185099342	54	40	48	1	2	0	2	-49	45096	9	4	1596	1478	866,667,866,667
1526395915.196826779	54	40	48	1	2	0	2	-49	45097	9	4	1596	1478	866,667,866,667
1526395915.208624879	54	40	48	1	2	0	2	-49	45098	9	4	1596	1478	866,667,866,667
1526395915.220472801	54	40	48	1	2	0	2	-49	45099	9	4	1596	1478	866,667,866,667
1526395915.232188325	54	40	48	1	2	0	2	-49	45100	9	4	1596	1478	866,667,866,667
1526395915.243915101	54	40	48	1	2	0	2	-49	45101	9	4	1596	1478	866,667,866,667
1526395915.255663511	54	40	48	1	2	0	2	-49	45102	9	4	1596	1478	866,667,866,667
1526395915.267401074	54	40	48	1	2	0	2	-49	45103	9	4	1596	1478	866,667,866,667
1526395915.279094292	54	40	48	1	2	0	2	-49	45104	9	4	1596	1478	866,667,866,667
1526395915.290819333	54	40	48	1	2	0	2	-49	45105	9	4	1596	1478	866,667,866,667
1526395915.302592756	54	40	48	1	2	0	2	-50	45106	9	4	1596	1478	866,667,866,667
1526395915.314421570	54	40	48	1	2	0	2	-49	45107	9	4	1596	1478	866,667,866,667
1526395915.327144090	54	40	48	1	2	0	2	-49	45108	9	4	1596	1478	866,667,866,667
1526395915.337846772	54	40	48	1	2	0	2	-50	45109	9	4	1596	1478	866,667,866,667
1526395915.349702869	54	40	48	1	2	0	2	-49	45110	9	4	1596	1478	866,667,866,667
1526395915.361470423	54	40	48	1	2	0	2	-50	45111	9	4	1596	1478	866,667,866,667
1526395915.373215662	54	40	48	1	2	0	2	-49	45112	9	4	1596	1478	866,667,866,667
1526395915.384991778	54	40	48	1	2	0	2	-50	45113	9	4	1596	1478	866,667,866,667
1526395915.396764920	54	40	48	1	2	0	2	-50	45114	9	4	1596	1478	866,667,866,667
1526395915.408504112	54	40	48	1	2	0	2	-50	45115	9	4	1596	1478	866,667,866,667
1526395915.420290426	54	40	48	1	2	0	2	-50	45116	9	4	1596	1478	866,667,866,667
1526395915.432047996	54	40	48	1	2	0	2	-50	45117	9	4	1596	1478	866,667,866,667
1526395915.443827643	54	40	48	1	2	0	2	-50	45118	9	4	1596	1478	866,667,866,667
1526395915.455729262	54	40	48	1	2	0	2	-50	45119	9	4	1596	1478	866,667,866,667
1526395915.467341585	54	40	48	1	2	0	2	-50	45120	9	4	1596	1478	866,667,866,667
1526395915.479204582	54	40	48	1	2	0	2	-50	45121	9	4	1596	1478	866,667,866,667
1526395915.490949968	54	40	48	1	2	0	2	-50	45122	9	4	1596	1478	866,667,866,667
1526395915.502711102	54	40	48	1	2	0	2	-50	45123	9	4	1596	1478	866,667,866,667
1526395915.514480151	54	40	48	1	2	0	2	-50	45124	9	4	1596	1478	866,667,866,667
1526395915.526240037	54	40	48	1	2	0	2	-50	45125	9	4	1596	1478	866,667,866,667
1526395915.537939457	54	40	48	1	2	0	2	-50	45126	9	4	1596	1478	866,667,866,667
1526395915.549764647	54	40	48	1	2	0	2	-50	45127	9	4	1596	1478	866,667,866,667
1526395915.561531240	54	40	48	1	2	0	2	-50	45128	9	4	1596	1478	866,667,866,667
1526395915.573170295	54	40	48	1	2	0	2	-50	45129	9	4	1596	1478	866,667,866,667
1526395915.585051238	54	40	48	1	2	0	2	-50	45130	9	4	1596	1478	866,667,866,667
1526395915.596734870	54	40	48	1	2	0	2	-50	45131	9	4	1596	1478	866,667,866,667
1526395915.608573321	54	40	48	1	2	0	2	-50	45132	9	4	1596	1478	866,667,866,667
1526395915.620251625	54	40	48	1	2	0	2	-50	45133	9	4	1596	1478	866,667,866,667
1526395915.632090745	54	40	48	1	2	0	2	-50	45134	9	4	1596	1478	866,667,866,667
1526395915.643773817	54	40	48	1	2	0	2	-50	45135	9	4	1596	1478	866,667,866,667
1526395915.655604170	54	40	48	1	2	0	2	-50	45136	9	4	1596	1478	866,667,866,667
1526395915.667360717	54	40	48	1	2	0	2	-50	45137	9	4	1596	1478	866,667,866,667
1526395915.679131889	54	40	48	1	2	0	2	-50	45138	9	4	1596	1478	866,667,866,667
1526395915.690901605	54	40	48	1	2	0	2	-49	45139	9	4	1596	1478	866,667,866,667
1526395915.702651205	54	40	48	1	2	0	2	-49	45140	9	4	1596	1478	866,667,866,667
1526395915.714424462	54	40	48	1	2	0	2	-49	45141	9	4	1596	1478	866,667,866,667
1526395915.726172175	54	40	48	1	2	0	2	-49	45142	9	4	1596	1478	866,667,866,667
1526395915.737963735	54	40	48	1	2	0	2	-49	45143	9	4	1596	1478	866,667,866,667
1526395915.749626997	54	40	48	1	2	0	2	-49	45144	9	4	1596	1478	866,667,866,667
1526395915.761453286	54	40	48	1	2	0	2	-49	45145	9	4	1596	1478	866,667,866,667
1526395915.773131238	54	40	48	1	2	0	2	-50	45146	9	4	1596	1478	866,667,866,667
1526395915.784967043	54	40	48	1	2	0	2	-49	45147	9	4	1596	1478	866,667,866,667
1526395915.796612569	54	40	48	1	2	0	2	-49	45148	9	4	1596	1478	866,667,866,667
1526395915.808841754	54	40	48	1	2	0	2	-49	45149	9	4	1596	1478	866,667,866,667
1526395915.820238236	54	40	48	1	2	0	2	-49	45150	9	4	1596	1478	866,667,866,667
1526395915.831865916	54	40	48	1	2	0	2	-49	45151	9	4	1596	1478	866,667,866,667
1526395915.843800419	54	40	48	1	2	0	2	-49	45152	9	4	1596	1478	866,667,866,667
1526395915.855512959	54	40	48	1	2	0	2	-49	45153	9	4	1596	1478	866,667,866,667
1526395915.867289939	54	40	48	1	2	0	2	-49	45154	9	4	1596	1478	866,667,866,667
1526395915.879046442	54	40	48	1	2	0	2	-49	45155	9	4	1596	1478	866,667,866,667
1526395915.890800024	54	40	48	1	2	0	2	-49	45156	9	4	1596	1478	866,667,866,667
1526395915.902566890	54	40	48	1	2	0	2	-49	45157	9	4	1596	1478	866,667,866,667
1526395915.914319684	54	40	48	1	2	0	2	-49	45158	9	4	1596	1478	866,667,866,667
1526395915.926077499	54	40	48	1	2	0	2	-49	45159	9	4	1596	1478	866,667,866,667
1526395915.937866141	54	40	48	1	2	0	2	-49	45160	9	4	1596	1478	866,667,866,667
1526395915.949625315	54	40	48	1	2	0	2	-49	45161	9	4	1596	1478	866,667,866,667
1526395915.961382613	54	40	48	1	2	0	2	-49	45162	9	4	1596	1478	866,667,866,667
1526395915.973012170	54	40	48	1	2	0	2	-49	45163	9	4	1596	1478	866,667,866,667
1526395915.984892680	54	40	48	1	2	0	2	-49	45164	9	4	1596	1478	866,667,866,667
1526395915.996641608	54	40	48	1	2	0	2	-49	45165	9	4	1596	1478	866,667,866,667
1526395916.008411594	54	40	48	1	2	0	2	-50	45166	9	4	1596	1478	866,667,866,667
1526395916.020652084	54	40	48	1	2	0	2	-50	45167	9	4	1596	1478	866,667,866,667
1526395916.031831666	54	40	48	1	2	0	2	-50	45168	9	4	1596	1478	866,667,866,667
1526395916.043693853	54	40	48	1	2	0	2	-49	45169	9	4	1596	1478	866,667,866,667
1526395916.055440624	54	40	48	1	2	0	2	-50	45170	9	4	1596	1478	866,667,866,667
1526395916.067199529	54	40	48	1	2	0	2	-50	45171	9	4	1596	1478	866,667,866,667
1526395916.078975766	54	40	48	1	2	0	2	-50	45172	9	4	1596	1478	866,667,866,667
1526395916.090596465	54	40	48	1	2	0	2	-50	45173	9	4	1596	1478	866,667,866,667
1526395916.102479902	54	40	48	1	2	0	2	-50	45174	9	4	1596	1478	866,667,866,667
1526395916.114245450	54	40	48	1	2	0	2	-50	45175	9	4	1596	1478	866,667,866,667
1526395916.126013301	54	40	48	1	2	0	2	-50	45176	9	4	1596	1478	866,667,866,667
1526395916.137782795	54	40	48	1	2	0	2	-50	45177	9	4	1596	1478	866,667,866,667
1526395916.149471614	54	40	48	1	2	0	2	-50	45178	9	4	1596	1478	866,667,866,667
1526395916.161187806	54	40	48	1	2	0	2	-50	45179	9	4	1596	1478	866,667,866,667
1526395916.172943048	54	40	48	1	2	0	2	-50	45180	9	4	1596	1478	866,667,866,667
1526395916.184697262	54	40	48	1	2	0	2	-50	45181	9	4	1596	1478	866,667,866,667
1526395916.196377446	54	40	48	1	2	0	2	-50	45182	9	4	1596	1478	866,667,866,667
1526395916.208133243	54	40	48	1	2	0	2	-50	45183	9	4	1596	1478	866,667,866,667
1526395916.219874343	54	40	48	1	2	0	2	-50	45184	9	4	1596	1478	866,667,866,667
1526395916.231634002	54	40	48	1	2	0	2	-50	45185	9	4	1596	1478	866,667,866,667
1526395916.243376964	54	40	48	1	2	0	2	-50	45186	9	4	1596	1478	866,667,866,667
1526395916.255161261	54	40	48	1	2	0	2	-50	45187	9	4	1596	1478	866,667,866,667
1526395916.266907532	54	40	48	1	2	0	2	-50	45188	9	4	1596	1478	866,667,866,667
1526395916.278654387	54	40	48	1	2	0	2	-49	45189	9	4	1596	1478	866,667,866,667
1526395916.290281812	54	40	48	1	2	0	2	-49	45190	9	4	1596	1478	866,667,866,667
1526395916.302128424	54	40	48	1	2	0	2	-50	45191	9	4	1596	1478	866,667,866,667
1526395916.313877890	54	40	48	1	2	0	2	-50	45192	9	4	1596	1478	866,667,866,667
1526395916.325705328	54	40	48	1	2	0	2	-50	45193	9	4	1596	1478	866,667,866,667
1526395916.337427386	54	40	48	1	2	0	2	-50	45194	9	4	1596	1478	866,667,866,667
1526395916.349317220	54	40	48	1	2	0	2	-50	45195	9	4	1596	1478	866,667,866,667
1526395916.361090977	54	40	48	1	2	0	2	-50	45196	9	4	1596	1478	866,667,866,667
1526395916.372812726	54	40	48	1	2	0	2	-50	45197	9	4	1596	1478	866,667,866,667
1526395916.384607061	54	40	48	1	2	0	2	-50	45198	9	4	1596	1478	866,667,866,667
1526395916.396343952	54	40	48	1	2	0	2	-50	45199	9	4	1596	1478	866,667,866,667
1526395916.408114145	54	40	48	1	2	0	2	-50	45200	9	4	1596	1478	866,667,866,667
1526395916.419882557	54	40	48	1	2	0	2	-50	45201	9	4	1596	1478	866,667,866,667
1526395916.431646065	54	40	48	1	2	0	2	-50	45202	9	4	1596	1478	866,667,866,667
1526395916.443317279	54	40	48	1	2	0	2	-50	45203	9	4	1596	1478	866,667,866,667
1526395916.455506064	54	40	48	1	2	0	2	-50	45204	9	4	1596	1478	866,667,866,667
1526395916.466904760	54	40	48	1	2	0	2	-50	45205	9	4	1596	1478	866,667,866,667
1526395916.478674484	54	40	48	1	2	0	2	-50	45206	9	4	1596	1478	866,667,866,667
1526395916.490435943	54	40	48	1	2	0	2	-50	45207	9	4	1596	1478	866,667,866,667
1526395916.502208323	54	40	48	1	2	0	2	-50	45208	9	4	1596	1478	866,667,866,667
1526395916.513955816	54	40	48	1	2	0	2	-50	45209	9	4	1596	1478	866,667,866,667
1526395916.525718888	54	40	48	1	2	0	2	-50	45210	9	4	1596	1478	866,667,866,667
1526395916.537479822	54	40	48	1	2	0	2	-50	45211	9	4	1596	1478	866,667,866,667
1526395916.549150038	54	40	48	1	2	0	2	-50	45212	9	4	1596	1478	866,667,866,667
1526395916.562485303	54	40	48	1	2	0	2	-50	45213	9	4	1596	1478	866,667,866,667
1526395916.572825869	54	40	48	1	2	0	2	-50	45214	9	4	1596	1478	866,667,866,667
1526395916.584646100	54	40	48	1	2	0	2	-50	45215	9	4	1596	1478	866,667,866,667
1526395916.596478445	54	40	48	1	2	0	2	-50	45216	9	4	1596	1478	866,667,866,667
1526395916.608216315	54	40	48	1	2	0	2	-50	45217	9	4	1596	1478	866,667,866,667
1526395916.619974604	54	40	48	1	2	0	2	-50	45218	9	4	1596	1478	866,667,866,667
1526395916.631741698	54	40	48	1	2	0	2	-50	45219	9	4	1596	1478	866,667,866,667
1526395916.643491578	54	40	48	1	2	0	2	-50	45220	9	4	1596	1478	866,667,866,667
1526395916.655249135	54	40	48	1	2	0	2	-50	45221	9	4	1596	1478	866,667,866,667
1526395916.667020106	54	40	48	1	2	0	2	-50	45222	9	4	1596	1478	866,667,866,667
1526395916.679061952	54	40	48	1	2	0	2	-50	45223	9	4	1596	1478	866,667,866,667
1526395916.690530140	54	40	48	1	2	0	2	-50	45224	9	4	1596	1478	866,667,866,667
1526395916.702283569	54	40	48	1	2	0	2	-50	45225	9	4	1596	1478	866,667,866,667
1526395916.714045811	54	40	48	1	2	0	2	-50	45226	9	4	1596	1478	866,667,866,667
1526395916.725820271	54	40	48	1	2	0	2	-50	45227	9	4	1596	1478	866,667,866,667
1526395916.737656830	54	40	48	1	2	0	2	-50	45228	9	4	1596	1478	866,667,866,667
1526395916.749337042	54	40	48	1	2	0	2	-50	45229	9	4	1596	1478	866,667,866,667
1526395916.761089565	54	40	48	1	2	0	2	-50	45230	9	4	1596	1478	866,667,866,667
1526395916.772887802	54	40	48	1	2	0	2	-50	45231	9	4	1596	1478	866,667,866,667
1526395916.784649322	54	40	48	1	2	0	2	-50	45232	9	4	1596	1478	866,667,866,667
1526395916.796135448	54	40	48	1	2	0	2	-50	45233	9	4	1596	1478	866,667,866,667
1526395916.807929955	54	40	48	1	2	0	2	-50	45234	9	4	1596	1478	866,667,866,667
1526395916.819592460	54	40	48	1	2	0	2	-50	45235	9	4	1596	1478	866,667,866,667
1526395916.831319282	54	40	48	1	2	0	2	-50	45236	9	4	1596	1478	866,667,866,667
1526395916.843225210	54	40	48	1	2	0	2	-50	45237	9	4	1596	1478	866,667,866,667
1526395916.854857685	54	40	48	1	2	0	2	-50	45238	9	4	1596	1478	866,667,866,667
1526395916.866922201	54	40	48	1	2	0	2	-50	45239	9	4	1596	1478	866,667,866,667
1526395916.878546860	54	40	48	1	2	0	2	-50	45240	9	4	1596	1478	866,667,866,667
1526395916.890377688	54	40	48	1	2	0	2	-50	45241	9	4	1596	1478	866,667,866,667
1526395916.902158917	54	40	48	1	2	0	2	-50	45242	9	4	1596	1478	866,667,866,667
1526395916.913920745	54	40	48	1	2	0	2	-50	45243	9	4	1596	1478	866,667,866,667
1526395916.925678142	54	40	48	1	2	0	2	-50	45244	9	4	1596	1478	866,667,866,667
1526395916.937442302	54	40	48	1	2	0	2	-50	45245	9	4	1596	1478	866,667,866,667
1526395916.949210840	54	40	48	1	2	0	2	-50	45246	9	4	1596	1478	866,667,866,667
1526395916.960970023	54	40	48	1	2	0	2	-50	45247	9	4	1596	1478	866,667,866,667
1526395916.972742364	54	40	48	1	2	0	2	-50	45248	9	4	1596	1478	866,667,866,667
1526395916.984484693	54	40	48	1	2	0	2	-50	45249	9	4	1596	1478	866,667,866,667
1526395916.996237744	54	40	48	1	2	0	2	-50	45250	9	4	1596	1478	866,667,866,667
1526395917.007931926	54	40	48	1	2	0	2	-50	45251	9	4	1596	1478	866,667,866,667
1526395917.019770092	54	40	48	1	2	0	2	-50	45252	9	4	1596	1478	866,667,866,667
1526395917.031428601	54	40	48	1	2	0	2	-50	45253	9	4	1596	1478	866,667,866,667
1526395917.043281305	54	40	48	1	2	0	2	-50	45254	9	4	1596	1478	866,667,866,667
1526395917.055047210	54	40	48	1	2	0	2	-50	45255	9	4	1596	1478	866,667,866,667
1526395917.066798239	54	40	48	1	2	0	2	-50	45256	9	4	1596	1478	866,667,866,667
1526395917.078494385	54	40	48	1	2	0	2	-50	45257	9	4	1596	1478	866,667,866,667
1526395917.090317786	54	40	48	1	2	0	2	-50	45258	9	4	1596	1478	866,667,866,667
1526395917.102087940	54	40	48	1	2	0	2	-50	45259	9	4	1596	1478	866,667,866,667
1526395917.113783316	54	40	48	1	2	0	2	-50	45260	9	4	1596	1478	866,667,866,667
1526395917.125605407	54	40	48	1	2	0	2	-50	45261	9	4	1596	1478	866,667,866,667
1526395917.137277241	54	40	48	1	2	0	2	-50	45262	9	4	1596	1478	866,667,866,667
1526395917.149110577	54	40	48	1	2	0	2	-50	45263	9	4	1596	1478	866,667,866,667
1526395917.160871263	54	40	48	1	2	0	2	-50	45264	9	4	1596	1478	866,667,866,667
1526395917.172571546	54	40	48	1	2	0	2	-50	45265	9	4	1596	1478	866,667,866,667
1526395917.184335793	54	40	48	1	2	0	2	-50	45266	9	4	1596	1478	866,667,866,667
1526395917.196156965	54	40	48	1	2	0	2	-50	45267	9	4	1596	1478	866,667,866,667
1526395917.208251779	54	40	48	1	2	0	2	-50	45268	9	4	1596	1478	866,667,866,667
1526395917.219876037	54	40	48	1	2	0	2	-50	45269	9	4	1596	1478	866,667,866,667
1526395917.231367144	54	40	48	1	2	0	2	-50	45270	9	4	1596	1478	866,667,866,667
1526395917.243363021	54	40	48	1	2	0	2	-49	45271	9	4	1596	1478	866,667,866,667
1526395917.254958662	54	40	48	1	2	0	2	-50	45272	9	4	1596	1478	866,667,866,667
1526395917.266703494	54	40	48	1	2	0	2	-50	45273	9	4	1596	1478	866,667,866,667
1526395917.278861119	54	40	48	1	2	0	2	-50	45274	9	4	1596	1478	866,667,866,667
1526395917.290220876	54	40	48	1	2	0	2	-50	45275	9	4	1596	1478	866,667,866,667
1526395917.302003568	54	40	48	1	2	0	2	-50	45276	9	4	1596	1478	866,667,866,667
1526395917.313755157	54	40	48	1	2	0	2	-50	45277	9	4	1596	1478	866,667,866,667
1526395917.325521080	54	40	48	1	2	0	2	-50	45278	9	4	1596	1478	866,667,866,667
1526395917.337185082	54	40	48	1	2	0	2	-50	45279	9	4	1596	1478	866,667,866,667
1526395917.351352058	54	40	48	1	2	0	2	-50	45280	9	4	1596	1478	866,667,866,667
1526395917.360803110	54	40	48	1	2	0	2	-50	45281	9	4	1596	1478	866,667,866,667
1526395917.372540211	54	40	48	1	2	0	2	-50	45282	9	4	1596	1478	866,667,866,667
1526395917.384297793	54	40	48	1	2	0	2	-50	45283	9	4	1596	1478	866,667,866,667
1526395917.396080895	54	40	48	1	2	0	2	-50	45284	9	4	1596	1478	866,667,866,667
1526395917.407866359	54	40	48	1	2	0	2	-50	45285	9	4	1596	1478	866,667,866,667
1526395917.419596455	54	40	48	1	2	0	2	-50	45286	9	4	1596	1478	866,667,866,667
1526395917.431357237	54	40	48	1	2	0	2	-49	45287	9	4	1596	1478	866,667,866,667
1526395917.443157825	54	40	48	1	2	0	2	-49	45288	9	4	1596	1478	866,667,866,667
1526395917.454879999	54	40	48	1	2	0	2	-49	45289	9	4	1596	1478	866,667,866,667
1526395917.466639016	54	40	48	1	2	0	2	-49	45290	9	4	1596	1478	866,667,866,667
1526395917.479218991	54	40	48	1	2	0	2	-49	45291	9	4	1596	1478	866,667,866,667
1526395917.490183821	54	40	48	1	2	0	2	-49	45292	9	4	1596	1478	866,667,866,667
1526395917.501925580	54	40	48	1	2	0	2	-49	45293	9	4	1596	1478	866,667,866,667
1526395917.513684603	54	40	48	1	2	0	2	-50	45294	9	4	1596	1478	866,667,866,667
1526395917.525436100	54	40	48	1	2	0	2	-50	45295	9	4	1596	1478	866,667,866,667
1526395917.537193587	54	40	48	1	2	0	2	-50	45296	9	4	1596	1478	866,667,866,667
1526395917.548981862	54	40	48	1	2	0	2	-50	45297	9	4	1596	1478	866,667,866,667
1526395917.560726514	54	40	48	1	2	0	2	-50	45298	9	4	1596	1478	866,667,866,667
1526395917.572485500	54	40	48	1	2	0	2	-50	45299	9	4	1596	1478	866,667,866,667
1526395917.584278213	54	40	48	1	2	0	2	-49	45300	9	4	1596	1478	866,667,866,667
