1526395517.022565429	92	40	48	0	2	0	2	-40	42531	5	4	3130	1478,1478	468,468
1526395517.022620975	92	40	48	0	2	0	2	-40	42531	5	4	3130	1478,1478	468,468
1526395517.022634367	92	40	48	0	2	0	2	-40	42531	5	4	3130	1478,1478	468,468
1526395517.022645995	92	40	48	0	2	0	2	-40	42531	5	4	3130	1478,1478	468,468
1526395517.022657432	92	40	48	0	2	0	2	-40	42531	5	4	3130	1478,1478	468,468
1526395517.022669654	92	40	48	0	2	0	2	-40	42531	5	4	3130	1478,1478	468,468
1526395517.022682276	92	40	48	0	2	0	2	-40	42531	5	4	3130	1478,1478	468,468
1526395517.022811185	92	40	48	0	2	0	2	-40	42531	5	4	3130	1478,1478	468,468
1526395517.026903456	66	40	48	0	2	0	2	-40	42532	5	4	1596	1478	468,468
1526395517.038759042	66	40	48	0	2	0	2	-40	42533	5	4	1596	1478	468,468
1526395517.050470668	63	40	48	0	2	0	2	-40	42534	6	4	1596	1478	526,5,526,5
1526395517.062305377	63	40	48	0	2	0	2	-40	42535	6	4	1596	1478	526,5,526,5
1526395517.074033617	63	40	48	0	2	0	2	-40	42536	6	4	1596	1478	526,5,526,5
1526395517.085801990	63	40	48	0	2	0	2	-40	42537	6	4	1596	1478	526,5,526,5
1526395517.097582335	63	40	48	0	2	0	2	-40	42538	6	4	1596	1478	526,5,526,5
1526395517.109301556	58	40	48	1	2	0	2	-40	42539	7	4	1596	1478	650,650
1526395517.121098748	58	40	48	1	2	0	2	-40	42540	7	4	1596	1478	650,650
1526395517.132826759	58	40	48	1	2	0	2	-40	42541	7	4	1596	1478	650,650
1526395517.144519997	58	40	48	1	2	0	2	-40	42542	7	4	1596	1478	650,650
1526395517.156337990	58	40	48	1	2	0	2	-40	42543	7	4	1596	1478	650,650
1526395517.168116334	55	40	48	1	2	0	2	-40	42544	8	4	1596	1478	780,780
1526395517.179860865	55	40	48	1	2	0	2	-40	42545	8	4	1596	1478	780,780
1526395517.191634227	55	40	48	1	2	0	2	-40	42546	8	4	1596	1478	780,780
1526395517.203403899	55	40	48	1	2	0	2	-40	42547	8	4	1596	1478	780,780
1526395517.215181122	55	40	48	1	2	0	2	-40	42548	8	4	1596	1478	780,780
1526395517.226885813	54	40	48	1	2	0	2	-40	42549	9	4	1596	1478	866,667,866,667
1526395517.238668013	54	40	48	1	2	0	2	-40	42550	9	4	1596	1478	866,667,866,667
1526395517.250439333	54	40	48	1	2	0	2	-40	42551	9	4	1596	1478	866,667,866,667
1526395517.262197926	54	40	48	1	2	0	2	-40	42552	9	4	1596	1478	866,667,866,667
1526395517.273943019	54	40	48	1	2	0	2	-40	42553	9	4	1596	1478	866,667,866,667
1526395517.285701771	54	40	48	1	2	0	2	-40	42554	9	4	1596	1478	866,667,866,667
1526395517.297464716	54	40	48	1	2	0	2	-40	42555	9	4	1596	1478	866,667,866,667
1526395517.309471834	54	40	48	1	2	0	2	-40	42556	9	4	1596	1478	866,667,866,667
1526395517.321003511	54	40	48	1	2	0	2	-40	42557	9	4	1596	1478	866,667,866,667
1526395517.332777606	54	40	48	1	2	0	2	-40	42558	9	4	1596	1478	866,667,866,667
1526395517.344514119	54	40	48	1	2	0	2	-40	42559	9	4	1596	1478	866,667,866,667
1526395517.356047487	54	40	48	1	2	0	2	-40	42560	9	4	1596	1478	866,667,866,667
1526395517.367930013	54	40	48	1	2	0	2	-40	42561	9	4	1596	1478	866,667,866,667
1526395517.379780633	54	40	48	1	2	0	2	-40	42562	9	4	1596	1478	866,667,866,667
1526395517.391553602	54	40	48	1	2	0	2	-40	42563	9	4	1596	1478	866,667,866,667
1526395517.403321985	54	40	48	1	2	0	2	-40	42564	9	4	1596	1478	866,667,866,667
1526395517.414997284	54	40	48	1	2	0	2	-40	42565	9	4	1596	1478	866,667,866,667
1526395517.426821428	54	40	48	1	2	0	2	-40	42566	9	4	1596	1478	866,667,866,667
1526395517.438593528	54	40	48	1	2	0	2	-40	42567	9	4	1596	1478	866,667,866,667
1526395517.450279797	54	40	48	1	2	0	2	-40	42568	9	4	1596	1478	866,667,866,667
1526395517.461978385	54	40	48	1	2	0	2	-40	42569	9	4	1596	1478	866,667,866,667
1526395517.473884926	54	40	48	1	2	0	2	-40	42570	9	4	1596	1478	866,667,866,667
1526395517.486047803	54	40	48	1	2	0	2	-40	42571	9	4	1596	1478	866,667,866,667
1526395517.497281339	54	40	48	1	2	0	2	-40	42572	9	4	1596	1478	866,667,866,667
1526395517.509086106	54	40	48	1	2	0	2	-40	42573	9	4	1596	1478	866,667,866,667
1526395517.520890840	54	40	48	1	2	0	2	-40	42574	9	4	1596	1478	866,667,866,667
1526395517.532567167	54	40	48	1	2	0	2	-40	42575	9	4	1596	1478	866,667,866,667
1526395517.544349508	54	40	48	1	2	0	2	-40	42576	9	4	1596	1478	866,667,866,667
1526395517.556163195	54	40	48	1	2	0	2	-40	42577	9	4	1596	1478	866,667,866,667
1526395517.567935299	54	40	48	1	2	0	2	-40	42578	9	4	1596	1478	866,667,866,667
1526395517.579752725	54	40	48	1	2	0	2	-40	42579	9	4	1596	1478	866,667,866,667
1526395517.591484563	54	40	48	1	2	0	2	-40	42580	9	4	1596	1478	866,667,866,667
1526395517.603212463	54	40	48	1	2	0	2	-40	42581	9	4	1596	1478	866,667,866,667
1526395517.615016530	54	40	48	1	2	0	2	-40	42582	9	4	1596	1478	866,667,866,667
1526395517.626743883	54	40	48	1	2	0	2	-40	42583	9	4	1596	1478	866,667,866,667
1526395517.638509258	54	40	48	1	2	0	2	-40	42584	9	4	1596	1478	866,667,866,667
1526395517.650274897	54	40	48	1	2	0	2	-40	42585	9	4	1596	1478	866,667,866,667
1526395517.662025817	54	40	48	1	2	0	2	-40	42586	9	4	1596	1478	866,667,866,667
1526395517.673725325	54	40	48	1	2	0	2	-40	42587	9	4	1596	1478	866,667,866,667
1526395517.685554609	54	40	48	1	2	0	2	-40	42588	9	4	1596	1478	866,667,866,667
1526395517.697320002	54	40	48	1	2	0	2	-40	42589	9	4	1596	1478	866,667,866,667
1526395517.709104787	54	40	48	1	2	0	2	-40	42590	9	4	1596	1478	866,667,866,667
1526395517.720841156	54	40	48	1	2	0	2	-40	42591	9	4	1596	1478	866,667,866,667
1526395517.732600051	54	40	48	1	2	0	2	-40	42592	9	4	1596	1478	866,667,866,667
1526395517.744352462	54	40	48	1	2	0	2	-40	42593	9	4	1596	1478	866,667,866,667
1526395517.756138149	54	40	48	1	2	0	2	-40	42594	9	4	1596	1478	866,667,866,667
1526395517.767889145	54	40	48	1	2	0	2	-40	42595	9	4	1596	1478	866,667,866,667
1526395517.779632285	54	40	48	1	2	0	2	-40	42596	9	4	1596	1478	866,667,866,667
1526395517.791384115	54	40	48	1	2	0	2	-40	42597	9	4	1596	1478	866,667,866,667
1526395517.803151975	54	40	48	1	2	0	2	-40	42598	9	4	1596	1478	866,667,866,667
1526395517.814934111	54	40	48	1	2	0	2	-40	42599	9	4	1596	1478	866,667,866,667
1526395517.826600742	54	40	48	1	2	0	2	-40	42600	9	4	1596	1478	866,667,866,667
1526395517.838785767	54	40	48	1	2	0	2	-40	42601	9	4	1596	1478	866,667,866,667
1526395517.850203629	54	40	48	1	2	0	2	-40	42602	9	4	1596	1478	866,667,866,667
1526395517.861957528	54	40	48	1	2	0	2	-40	42603	9	4	1596	1478	866,667,866,667
1526395517.873711859	54	40	48	1	2	0	2	-40	42604	9	4	1596	1478	866,667,866,667
1526395517.885481293	54	40	48	1	2	0	2	-40	42605	9	4	1596	1478	866,667,866,667
1526395517.897231560	54	40	48	1	2	0	2	-40	42606	9	4	1596	1478	866,667,866,667
1526395517.908985386	54	40	48	1	2	0	2	-40	42607	9	4	1596	1478	866,667,866,667
1526395517.920789202	54	40	48	1	2	0	2	-40	42608	9	4	1596	1478	866,667,866,667
1526395517.932516703	54	40	48	1	2	0	2	-40	42609	9	4	1596	1478	866,667,866,667
1526395517.944275646	54	40	48	1	2	0	2	-40	42610	9	4	1596	1478	866,667,866,667
1526395517.956050174	54	40	48	1	2	0	2	-40	42611	9	4	1596	1478	866,667,866,667
1526395517.967807446	54	40	48	1	2	0	2	-40	42612	9	4	1596	1478	866,667,866,667
1526395517.979395540	54	40	48	1	2	0	2	-40	42613	9	4	1596	1478	866,667,866,667
1526395517.991317057	54	40	48	1	2	0	2	-40	42614	9	4	1596	1478	866,667,866,667
1526395518.003112574	54	40	48	1	2	0	2	-40	42615	9	4	1596	1478	866,667,866,667
1526395518.016955124	54	40	48	1	2	0	2	-40	42616	9	4	1596	1478	866,667,866,667
1526395518.026488013	54	40	48	1	2	0	2	-40	42617	9	4	1596	1478	866,667,866,667
1526395518.038207626	54	40	48	1	2	0	2	-40	42618	9	4	1596	1478	866,667,866,667
1526395518.050032827	54	40	48	1	2	0	2	-40	42619	9	4	1596	1478	866,667,866,667
1526395518.061777119	54	40	48	1	2	0	2	-40	42620	9	4	1596	1478	866,667,866,667
1526395518.073617086	54	40	48	1	2	0	2	-40	42621	9	4	1596	1478	866,667,866,667
1526395518.085390034	54	40	48	1	2	0	2	-40	42622	9	4	1596	1478	866,667,866,667
1526395518.097171200	54	40	48	1	2	0	2	-40	42623	9	4	1596	1478	866,667,866,667
1526395518.109251466	54	40	48	1	2	0	2	-40	42625	9	4	1596	1478	866,667,866,667
1526395518.120926291	54	40	48	1	2	0	2	-40	42626	9	4	1596	1478	866,667,866,667
1526395518.132426650	54	40	48	1	2	0	2	-40	42627	9	4	1596	1478	866,667,866,667
1526395518.144225813	54	40	48	1	2	0	2	-40	42628	9	4	1596	1478	866,667,866,667
1526395518.155861634	54	40	48	1	2	0	2	-40	42629	9	4	1596	1478	866,667,866,667
1526395518.167720755	54	40	48	1	2	0	2	-40	42630	9	4	1596	1478	866,667,866,667
1526395518.179471250	54	40	48	1	2	0	2	-40	42631	9	4	1596	1478	866,667,866,667
1526395518.191224465	54	40	48	1	2	0	2	-40	42632	9	4	1596	1478	866,667,866,667
1526395518.202981775	54	40	48	1	2	0	2	-40	42633	9	4	1596	1478	866,667,866,667
1526395518.214754271	54	40	48	1	2	0	2	-40	42634	9	4	1596	1478	866,667,866,667
1526395518.226543056	54	40	48	1	2	0	2	-40	42635	9	4	1596	1478	866,667,866,667
1526395518.238275871	54	40	48	1	2	0	2	-40	42636	9	4	1596	1478	866,667,866,667
1526395518.250038925	54	40	48	1	2	0	2	-40	42637	9	4	1596	1478	866,667,866,667
1526395518.261782244	54	40	48	1	2	0	2	-40	42638	9	4	1596	1478	866,667,866,667
1526395518.273546163	54	40	48	1	2	0	2	-40	42639	9	4	1596	1478	866,667,866,667
1526395518.285247490	54	40	48	1	2	0	2	-40	42640	9	4	1596	1478	866,667,866,667
1526395518.297074725	54	40	48	1	2	0	2	-40	42641	9	4	1596	1478	866,667,866,667
1526395518.308820536	54	40	48	1	2	0	2	-40	42642	9	4	1596	1478	866,667,866,667
1526395518.320580296	54	40	48	1	2	0	2	-40	42643	9	4	1596	1478	866,667,866,667
1526395518.332273429	54	40	48	1	2	0	2	-40	42644	9	4	1596	1478	866,667,866,667
1526395518.344026509	54	40	48	1	2	0	2	-40	42645	9	4	1596	1478	866,667,866,667
1526395518.355785125	54	40	48	1	2	0	2	-40	42646	9	4	1596	1478	866,667,866,667
1526395518.367521650	54	40	48	1	2	0	2	-40	42647	9	4	1596	1478	866,667,866,667
1526395518.379291295	54	40	48	1	2	0	2	-40	42648	9	4	1596	1478	866,667,866,667
1526395518.390961214	54	40	48	1	2	0	2	-40	42649	9	4	1596	1478	866,667,866,667
1526395518.402799604	54	40	48	1	2	0	2	-40	42650	9	4	1596	1478	866,667,866,667
1526395518.414571408	54	40	48	1	2	0	2	-40	42651	9	4	1596	1478	866,667,866,667
1526395518.426570201	54	40	48	1	2	0	2	-40	42652	9	4	1596	1478	866,667,866,667
1526395518.438029254	54	40	48	1	2	0	2	-40	42653	9	4	1596	1478	866,667,866,667
1526395518.449852736	54	40	48	1	2	0	2	-40	42654	9	4	1596	1478	866,667,866,667
1526395518.461606539	54	40	48	1	2	0	2	-40	42655	9	4	1596	1478	866,667,866,667
1526395518.473357003	54	40	48	1	2	0	2	-40	42656	9	4	1596	1478	866,667,866,667
1526395518.485224000	54	40	48	1	2	0	2	-40	42657	9	4	1596	1478	866,667,866,667
1526395518.496967882	54	40	48	1	2	0	2	-40	42658	9	4	1596	1478	866,667,866,667
1526395518.508734059	54	40	48	1	2	0	2	-40	42659	9	4	1596	1478	866,667,866,667
1526395518.520506241	54	40	48	1	2	0	2	-40	42660	9	4	1596	1478	866,667,866,667
1526395518.532079617	54	40	48	1	2	0	2	-40	42661	9	4	1596	1478	866,667,866,667
1526395518.543909304	54	40	48	1	2	0	2	-40	42662	9	4	1596	1478	866,667,866,667
1526395518.556028744	54	40	48	1	2	0	2	-40	42663	9	4	1596	1478	866,667,866,667
1526395518.567521731	54	40	48	1	2	0	2	-40	42664	9	4	1596	1478	866,667,866,667
1526395518.579270894	54	40	48	1	2	0	2	-40	42665	9	4	1596	1478	866,667,866,667
1526395518.590947595	54	40	48	1	2	0	2	-40	42666	9	4	1596	1478	866,667,866,667
1526395518.602813588	54	40	48	1	2	0	2	-40	42667	9	4	1596	1478	866,667,866,667
1526395518.614579213	54	40	48	1	2	0	2	-40	42668	9	4	1596	1478	866,667,866,667
1526395518.626345415	54	40	48	1	2	0	2	-40	42669	9	4	1596	1478	866,667,866,667
1526395518.638128158	54	40	48	1	2	0	2	-40	42670	9	4	1596	1478	866,667,866,667
1526395518.649876499	54	40	48	1	2	0	2	-40	42671	9	4	1596	1478	866,667,866,667
1526395518.661621393	54	40	48	1	2	0	2	-40	42672	9	4	1596	1478	866,667,866,667
1526395518.673306749	54	40	48	1	2	0	2	-40	42673	9	4	1596	1478	866,667,866,667
1526395518.685167644	54	40	48	1	2	0	2	-40	42674	9	4	1596	1478	866,667,866,667
1526395518.696916116	54	40	48	1	2	0	2	-40	42675	9	4	1596	1478	866,667,866,667
1526395518.708659778	54	40	48	1	2	0	2	-40	42676	9	4	1596	1478	866,667,866,667
1526395518.720412423	54	40	48	1	2	0	2	-40	42677	9	4	1596	1478	866,667,866,667
1526395518.732389619	54	40	48	1	2	0	2	-40	42678	9	4	1596	1478	866,667,866,667
1526395518.743828657	54	40	48	1	2	0	2	-40	42679	9	4	1596	1478	866,667,866,667
1526395518.755721348	54	40	48	1	2	0	2	-40	42680	9	4	1596	1478	866,667,866,667
1526395518.767475839	54	40	48	1	2	0	2	-40	42681	9	4	1596	1478	866,667,866,667
1526395518.779231116	54	40	48	1	2	0	2	-40	42682	9	4	1596	1478	866,667,866,667
1526395518.791015361	54	40	48	1	2	0	2	-40	42683	9	4	1596	1478	866,667,866,667
1526395518.802758288	54	40	48	1	2	0	2	-40	42684	9	4	1596	1478	866,667,866,667
1526395518.814503436	54	40	48	1	2	0	2	-40	42685	9	4	1596	1478	866,667,866,667
1526395518.826203594	54	40	48	1	2	0	2	-40	42686	9	4	1596	1478	866,667,866,667
1526395518.838913357	54	40	48	1	2	0	2	-40	42687	9	4	1596	1478	866,667,866,667
1526395518.849781473	54	40	48	1	2	0	2	-40	42688	9	4	1596	1478	866,667,866,667
1526395518.861553947	54	40	48	1	2	0	2	-40	42689	9	4	1596	1478	866,667,866,667
1526395518.873303795	54	40	48	1	2	0	2	-40	42690	9	4	1596	1478	866,667,866,667
1526395518.885058807	54	40	48	1	2	0	2	-40	42691	9	4	1596	1478	866,667,866,667
1526395518.896701966	54	40	48	1	2	0	2	-40	42692	9	4	1596	1478	866,667,866,667
1526395518.908607557	54	40	48	1	2	0	2	-40	42693	9	4	1596	1478	866,667,866,667
1526395518.920368035	54	40	48	1	2	0	2	-40	42694	9	4	1596	1478	866,667,866,667
1526395518.932117013	54	40	48	1	2	0	2	-40	42695	9	4	1596	1478	866,667,866,667
1526395518.943907969	54	40	48	1	2	0	2	-40	42696	9	4	1596	1478	866,667,866,667
1526395518.955629454	54	40	48	1	2	0	2	-40	42697	9	4	1596	1478	866,667,866,667
1526395518.967389189	54	40	48	1	2	0	2	-40	42698	9	4	1596	1478	866,667,866,667
1526395518.979093250	54	40	48	1	2	0	2	-40	42699	9	4	1596	1478	866,667,866,667
1526395518.990907775	54	40	48	1	2	0	2	-40	42700	9	4	1596	1478	866,667,866,667
1526395519.002656907	54	40	48	1	2	0	2	-40	42701	9	4	1596	1478	866,667,866,667
1526395519.014436426	54	40	48	1	2	0	2	-40	42702	9	4	1596	1478	866,667,866,667
1526395519.026181030	54	40	48	1	2	0	2	-40	42703	9	4	1596	1478	866,667,866,667
1526395519.038957197	54	40	48	1	2	0	2	-40	42704	9	4	1596	1478	866,667,866,667
1526395519.049459582	54	40	48	1	2	0	2	-40	42705	9	4	1596	1478	866,667,866,667
1526395519.061331710	54	40	48	1	2	0	2	-40	42706	9	4	1596	1478	866,667,866,667
1526395519.073208146	54	40	48	1	2	0	2	-40	42707	9	4	1596	1478	866,667,866,667
1526395519.085004622	54	40	48	1	2	0	2	-40	42708	9	4	1596	1478	866,667,866,667
1526395519.096764259	54	40	48	1	2	0	2	-40	42709	9	4	1596	1478	866,667,866,667
1526395519.108430271	54	40	48	1	2	0	2	-40	42710	9	4	1596	1478	866,667,866,667
1526395519.120272266	54	40	48	1	2	0	2	-40	42711	9	4	1596	1478	866,667,866,667
1526395519.131872168	54	40	48	1	2	0	2	-40	42712	9	4	1596	1478	866,667,866,667
1526395519.144164599	54	40	48	1	2	0	2	-40	42713	9	4	1596	1478	866,667,866,667
1526395519.155536052	54	40	48	1	2	0	2	-40	42714	9	4	1596	1478	866,667,866,667
1526395519.167286611	54	40	48	1	2	0	2	-40	42715	9	4	1596	1478	866,667,866,667
1526395519.179067064	54	40	48	1	2	0	2	-40	42716	9	4	1596	1478	866,667,866,667
1526395519.190819531	54	40	48	1	2	0	2	-40	42717	9	4	1596	1478	866,667,866,667
1526395519.202457686	54	40	48	1	2	0	2	-40	42718	9	4	1596	1478	866,667,866,667
1526395519.214363310	54	40	48	1	2	0	2	-40	42719	9	4	1596	1478	866,667,866,667
1526395519.226134089	54	40	48	1	2	0	2	-40	42720	9	4	1596	1478	866,667,866,667
1526395519.237888268	54	40	48	1	2	0	2	-40	42721	9	4	1596	1478	866,667,866,667
1526395519.249685243	54	40	48	1	2	0	2	-40	42722	9	4	1596	1478	866,667,866,667
1526395519.261308939	54	40	48	1	2	0	2	-40	42723	9	4	1596	1478	866,667,866,667
1526395519.273147567	54	40	48	1	2	0	2	-40	42724	9	4	1596	1478	866,667,866,667
1526395519.284839060	54	40	48	1	2	0	2	-40	42725	9	4	1596	1478	866,667,866,667
1526395519.296500357	54	40	48	1	2	0	2	-40	42726	9	4	1596	1478	866,667,866,667
1526395519.308333692	54	40	48	1	2	0	2	-40	42727	9	4	1596	1478	866,667,866,667
1526395519.320082373	54	40	48	1	2	0	2	-40	42728	9	4	1596	1478	866,667,866,667
1526395519.331870940	54	40	48	1	2	0	2	-40	42729	9	4	1596	1478	866,667,866,667
1526395519.343632374	54	40	48	1	2	0	2	-40	42730	9	4	1596	1478	866,667,866,667
1526395519.355271995	54	40	48	1	2	0	2	-40	42731	9	4	1596	1478	866,667,866,667
1526395519.367031164	54	40	48	1	2	0	2	-40	42732	9	4	1596	1478	866,667,866,667
1526395519.378855159	54	40	48	1	2	0	2	-40	42733	9	4	1596	1478	866,667,866,667
1526395519.390727900	54	40	48	1	2	0	2	-40	42734	9	4	1596	1478	866,667,866,667
1526395519.402505103	54	40	48	1	2	0	2	-40	42735	9	4	1596	1478	866,667,866,667
1526395519.414281998	54	40	48	1	2	0	2	-40	42736	9	4	1596	1478	866,667,866,667
1526395519.426026675	54	40	48	1	2	0	2	-40	42737	9	4	1596	1478	866,667,866,667
1526395519.437715625	54	40	48	1	2	0	2	-40	42738	9	4	1596	1478	866,667,866,667
1526395519.449595289	54	40	48	1	2	0	2	-40	42739	9	4	1596	1478	866,667,866,667
1526395519.461313492	54	40	48	1	2	0	2	-40	42740	9	4	1596	1478	866,667,866,667
1526395519.473066730	54	40	48	1	2	0	2	-40	42741	9	4	1596	1478	866,667,866,667
1526395519.484829444	54	40	48	1	2	0	2	-40	42742	9	4	1596	1478	866,667,866,667
1526395519.496578739	54	40	48	1	2	0	2	-40	42743	9	4	1596	1478	866,667,866,667
1526395519.508259536	54	40	48	1	2	0	2	-40	42744	9	4	1596	1478	866,667,866,667
1526395519.520115064	54	40	48	1	2	0	2	-40	42745	9	4	1596	1478	866,667,866,667
1526395519.531807244	54	40	48	1	2	0	2	-40	42746	9	4	1596	1478	866,667,866,667
1526395519.543547280	54	40	48	1	2	0	2	-40	42747	9	4	1596	1478	866,667,866,667
1526395519.555272937	54	40	48	1	2	0	2	-40	42748	9	4	1596	1478	866,667,866,667
1526395519.566948073	54	40	48	1	2	0	2	-40	42749	9	4	1596	1478	866,667,866,667
1526395519.579602592	54	40	48	1	2	0	2	-40	42750	9	4	1596	1478	866,667,866,667
1526395519.590581119	54	40	48	1	2	0	2	-40	42751	9	4	1596	1478	866,667,866,667
1526395519.602421151	54	40	48	1	2	0	2	-40	42752	9	4	1596	1478	866,667,866,667
1526395519.614194786	54	40	48	1	2	0	2	-40	42753	9	4	1596	1478	866,667,866,667
1526395519.625848279	54	40	48	1	2	0	2	-40	42754	9	4	1596	1478	866,667,866,667
1526395519.637618522	54	40	48	1	2	0	2	-40	42755	9	4	1596	1478	866,667,866,667
1526395519.649371511	54	40	48	1	2	0	2	-40	42756	9	4	1596	1478	866,667,866,667
1526395519.661038592	54	40	48	1	2	0	2	-40	42757	9	4	1596	1478	866,667,866,667
1526395519.672969300	54	40	48	1	2	0	2	-40	42758	9	4	1596	1478	866,667,866,667
1526395519.684761941	54	40	48	1	2	0	2	-40	42759	9	4	1596	1478	866,667,866,667
1526395519.696527026	54	40	48	1	2	0	2	-40	42760	9	4	1596	1478	866,667,866,667
1526395519.708261174	54	40	48	1	2	0	2	-40	42761	9	4	1596	1478	866,667,866,667
1526395519.720028068	54	40	48	1	2	0	2	-40	42762	9	4	1596	1478	866,667,866,667
1526395519.731793775	54	40	48	1	2	0	2	-40	42763	9	4	1596	1478	866,667,866,667
1526395519.743482088	54	40	48	1	2	0	2	-40	42764	9	4	1596	1478	866,667,866,667
1526395519.756110749	54	40	48	1	2	0	2	-40	42765	9	4	1596	1478	866,667,866,667
1526395519.767093970	54	40	48	1	2	0	2	-40	42766	9	4	1596	1478	866,667,866,667
1526395519.778838611	54	40	48	1	2	0	2	-40	42767	9	4	1596	1478	866,667,866,667
1526395519.790586121	54	40	48	1	2	0	2	-40	42768	9	4	1596	1478	866,667,866,667
1526395519.802345572	54	40	48	1	2	0	2	-40	42769	9	4	1596	1478	866,667,866,667
1526395519.813999236	54	40	48	1	2	0	2	-40	42770	9	4	1596	1478	866,667,866,667
1526395519.825884371	54	40	48	1	2	0	2	-40	42771	9	4	1596	1478	866,667,866,667
1526395519.837637655	54	40	48	1	2	0	2	-40	42772	9	4	1596	1478	866,667,866,667
1526395519.849388320	54	40	48	1	2	0	2	-40	42773	9	4	1596	1478	866,667,866,667
1526395519.861358312	54	40	48	1	2	0	2	-40	42774	9	4	1596	1478	866,667,866,667
1526395519.872900580	54	40	48	1	2	0	2	-40	42775	9	4	1596	1478	866,667,866,667
1526395519.884685622	54	40	48	1	2	0	2	-40	42776	9	4	1596	1478	866,667,866,667
1526395519.896372815	54	40	48	1	2	0	2	-40	42777	9	4	1596	1478	866,667,866,667
1526395519.908192291	54	40	48	1	2	0	2	-40	42778	9	4	1596	1478	866,667,866,667
1526395519.919955632	54	40	48	1	2	0	2	-40	42779	9	4	1596	1478	866,667,866,667
1526395519.931727545	54	40	48	1	2	0	2	-40	42780	9	4	1596	1478	866,667,866,667
1526395519.943475711	54	40	48	1	2	0	2	-40	42781	9	4	1596	1478	866,667,866,667
1526395519.955222713	54	40	48	1	2	0	2	-40	42782	9	4	1596	1478	866,667,866,667
1526395519.966889579	54	40	48	1	2	0	2	-40	42783	9	4	1596	1478	866,667,866,667
1526395519.978752645	54	40	48	1	2	0	2	-40	42784	9	4	1596	1478	866,667,866,667
1526395519.990519004	54	40	48	1	2	0	2	-40	42786	9	4	1596	1478	866,667,866,667
1526395520.002279034	54	40	48	1	2	0	2	-40	42787	9	4	1596	1478	866,667,866,667
1526395520.014023640	54	40	48	1	2	0	2	-40	42788	9	4	1596	1478	866,667,866,667
1526395520.025786562	54	40	48	1	2	0	2	-40	42789	9	4	1596	1478	866,667,866,667
1526395520.037547084	54	40	48	1	2	0	2	-40	42790	9	4	1596	1478	866,667,866,667
1526395520.049219144	54	40	48	1	2	0	2	-40	42791	9	4	1596	1478	866,667,866,667
1526395520.061081394	54	40	48	1	2	0	2	-40	42792	9	4	1596	1478	866,667,866,667
1526395520.072776586	54	40	48	1	2	0	2	-40	42793	9	4	1596	1478	866,667,866,667
1526395520.084488996	54	40	48	1	2	0	2	-40	42794	9	4	1596	1478	866,667,866,667
1526395520.096346914	54	40	48	1	2	0	2	-40	42795	9	4	1596	1478	866,667,866,667
1526395520.108064016	54	40	48	1	2	0	2	-40	42796	9	4	1596	1478	866,667,866,667
1526395520.119743339	54	40	48	1	2	0	2	-40	42797	9	4	1596	1478	866,667,866,667
1526395520.131540296	54	40	48	1	2	0	2	-40	42798	9	4	1596	1478	866,667,866,667
1526395520.143297278	54	40	48	1	2	0	2	-40	42799	9	4	1596	1478	866,667,866,667
1526395520.155044011	54	40	48	1	2	0	2	-40	42800	9	4	1596	1478	866,667,866,667
1526395520.166933836	54	40	48	1	2	0	2	-40	42801	9	4	1596	1478	866,667,866,667
1526395520.178662757	54	40	48	1	2	0	2	-40	42802	9	4	1596	1478	866,667,866,667
1526395520.190443045	54	40	48	1	2	0	2	-40	42803	9	4	1596	1478	866,667,866,667
1526395520.202128814	54	40	48	1	2	0	2	-40	42804	9	4	1596	1478	866,667,866,667
1526395520.213955740	54	40	48	1	2	0	2	-40	42805	9	4	1596	1478	866,667,866,667
1526395520.225715008	54	40	48	1	2	0	2	-40	42806	9	4	1596	1478	866,667,866,667
1526395520.237454714	54	40	48	1	2	0	2	-40	42807	9	4	1596	1478	866,667,866,667
1526395520.249230780	54	40	48	1	2	0	2	-40	42808	9	4	1596	1478	866,667,866,667
1526395520.260987599	54	40	48	1	2	0	2	-40	42809	9	4	1596	1478	866,667,866,667
1526395520.272576005	54	40	48	1	2	0	2	-40	42810	9	4	1596	1478	866,667,866,667
1526395520.284425048	54	40	48	1	2	0	2	-40	42811	9	4	1596	1478	866,667,866,667
1526395520.296430707	54	40	48	1	2	0	2	-40	42812	9	4	1596	1478	866,667,866,667
1526395520.307925321	54	40	48	1	2	0	2	-40	42813	9	4	1596	1478	866,667,866,667
1526395520.319627586	54	40	48	1	2	0	2	-40	42814	9	4	1596	1478	866,667,866,667
1526395520.331382338	54	40	48	1	2	0	2	-40	42815	9	4	1596	1478	866,667,866,667
1526395520.343128275	54	40	48	1	2	0	2	-40	42816	9	4	1596	1478	866,667,866,667
1526395520.354934959	54	40	48	1	2	0	2	-40	42817	9	4	1596	1478	866,667,866,667
1526395520.366737316	54	40	48	1	2	0	2	-40	42818	9	4	1596	1478	866,667,866,667
1526395520.378502633	54	40	48	1	2	0	2	-40	42819	9	4	1596	1478	866,667,866,667
1526395520.390240788	54	40	48	1	2	0	2	-40	42820	9	4	1596	1478	866,667,866,667
1526395520.402002215	54	40	48	1	2	0	2	-40	42821	9	4	1596	1478	866,667,866,667
1526395520.413775847	54	40	48	1	2	0	2	-40	42822	9	4	1596	1478	866,667,866,667
1526395520.425446213	54	40	48	1	2	0	2	-40	42823	9	4	1596	1478	866,667,866,667
1526395520.437294641	54	40	48	1	2	0	2	-40	42824	9	4	1596	1478	866,667,866,667
1526395520.449051128	54	40	48	1	2	0	2	-40	42825	9	4	1596	1478	866,667,866,667
1526395520.460744116	54	40	48	1	2	0	2	-40	42826	9	4	1596	1478	866,667,866,667
1526395520.472809205	54	40	48	1	2	0	2	-40	42827	9	4	1596	1478	866,667,866,667
1526395520.484327737	54	40	48	1	2	0	2	-40	42828	9	4	1596	1478	866,667,866,667
1526395520.496180377	54	40	48	1	2	0	2	-40	42829	9	4	1596	1478	866,667,866,667
1526395520.507958066	54	40	48	1	2	0	2	-40	42830	9	4	1596	1478	866,667,866,667
1526395520.519699382	54	40	48	1	2	0	2	-40	42831	9	4	1596	1478	866,667,866,667
1526395520.531374102	54	40	48	1	2	0	2	-40	42832	9	4	1596	1478	866,667,866,667
1526395520.543242643	54	40	48	1	2	0	2	-40	42833	9	4	1596	1478	866,667,866,667
1526395520.554997412	54	40	48	1	2	0	2	-40	42834	9	4	1596	1478	866,667,866,667
1526395520.566746772	54	40	48	1	2	0	2	-40	42835	9	4	1596	1478	866,667,866,667
1526395520.578355728	54	40	48	1	2	0	2	-40	42836	9	4	1596	1478	866,667,866,667
1526395520.590171239	54	40	48	1	2	0	2	-40	42837	9	4	1596	1478	866,667,866,667
1526395520.601967619	54	40	48	1	2	0	2	-40	42838	9	4	1596	1478	866,667,866,667
1526395520.613788538	54	40	48	1	2	0	2	-40	42839	9	4	1596	1478	866,667,866,667
1526395520.625525764	54	40	48	1	2	0	2	-40	42840	9	4	1596	1478	866,667,866,667
1526395520.637206778	54	40	48	1	2	0	2	-40	42841	9	4	1596	1478	866,667,866,667
1526395520.648962842	54	40	48	1	2	0	2	-40	42842	9	4	1596	1478	866,667,866,667
1526395520.660810041	54	40	48	1	2	0	2	-40	42843	9	4	1596	1478	866,667,866,667
1526395520.672600178	54	40	48	1	2	0	2	-40	42844	9	4	1596	1478	866,667,866,667
1526395520.684373726	54	40	48	1	2	0	2	-40	42845	9	4	1596	1478	866,667,866,667
1526395520.696111331	54	40	48	1	2	0	2	-40	42846	9	4	1596	1478	866,667,866,667
1526395520.707864176	54	40	48	1	2	0	2	-40	42847	9	4	1596	1478	866,667,866,667
1526395520.719629641	54	40	48	1	2	0	2	-40	42848	9	4	1596	1478	866,667,866,667
1526395520.731314130	54	40	48	1	2	0	2	-40	42849	9	4	1596	1478	866,667,866,667
1526395520.743150074	54	40	48	1	2	0	2	-40	42850	9	4	1596	1478	866,667,866,667
1526395520.754910596	54	40	48	1	2	0	2	-40	42851	9	4	1596	1478	866,667,866,667
1526395520.766687014	54	40	48	1	2	0	2	-40	42852	9	4	1596	1478	866,667,866,667
1526395520.778435075	54	40	48	1	2	0	2	-40	42853	9	4	1596	1478	866,667,866,667
1526395520.790230364	54	40	48	1	2	0	2	-40	42854	9	4	1596	1478	866,667,866,667
1526395520.801948799	54	40	48	1	2	0	2	-40	42855	9	4	1596	1478	866,667,866,667
1526395520.813695545	54	40	48	1	2	0	2	-40	42856	9	4	1596	1478	866,667,866,667
1526395520.825493348	54	40	48	1	2	0	2	-40	42857	9	4	1596	1478	866,667,866,667
1526395520.837227198	54	40	48	1	2	0	2	-40	42858	9	4	1596	1478	866,667,866,667
1526395520.849003703	54	40	48	1	2	0	2	-40	42859	9	4	1596	1478	866,667,866,667
1526395520.860758015	54	40	48	1	2	0	2	-40	42860	9	4	1596	1478	866,667,866,667
1526395520.872512243	54	40	48	1	2	0	2	-40	42861	9	4	1596	1478	866,667,866,667
1526395520.884580034	54	40	48	1	2	0	2	-40	42862	9	4	1596	1478	866,667,866,667
1526395520.896032380	54	40	48	1	2	0	2	-40	42863	9	4	1596	1478	866,667,866,667
1526395520.907799260	54	40	48	1	2	0	2	-40	42864	9	4	1596	1478	866,667,866,667
1526395520.919535015	54	40	48	1	2	0	2	-40	42865	9	4	1596	1478	866,667,866,667
1526395520.931314793	54	40	48	1	2	0	2	-40	42866	9	4	1596	1478	866,667,866,667
1526395520.943066603	54	40	48	1	2	0	2	-40	42867	9	4	1596	1478	866,667,866,667
1526395520.954819489	54	40	48	1	2	0	2	-40	42868	9	4	1596	1478	866,667,866,667
1526395520.966585368	54	40	48	1	2	0	2	-40	42869	9	4	1596	1478	866,667,866,667
1526395520.978357189	54	40	48	1	2	0	2	-40	42870	9	4	1596	1478	866,667,866,667
1526395520.990129466	54	40	48	1	2	0	2	-40	42871	9	4	1596	1478	866,667,866,667
1526395521.001870701	54	40	48	1	2	0	2	-40	42872	9	4	1596	1478	866,667,866,667
1526395521.013675260	54	40	48	1	2	0	2	-40	42873	9	4	1596	1478	866,667,866,667
1526395521.025390203	54	40	48	1	2	0	2	-40	42874	9	4	1596	1478	866,667,866,667
1526395521.037113310	54	40	48	1	2	0	2	-40	42875	9	4	1596	1478	866,667,866,667
1526395521.048913485	54	40	48	1	2	0	2	-40	42876	9	4	1596	1478	866,667,866,667
1526395521.060647151	54	40	48	1	2	0	2	-40	42877	9	4	1596	1478	866,667,866,667
1526395521.072471872	54	40	48	1	2	0	2	-40	42878	9	4	1596	1478	866,667,866,667
1526395521.084282243	54	40	48	1	2	0	2	-40	42879	9	4	1596	1478	866,667,866,667
1526395521.095884236	54	40	48	1	2	0	2	-40	42880	9	4	1596	1478	866,667,866,667
1526395521.107660382	54	40	48	1	2	0	2	-40	42881	9	4	1596	1478	866,667,866,667
1526395521.119427693	54	40	48	1	2	0	2	-40	42882	9	4	1596	1478	866,667,866,667
1526395521.131133464	54	40	48	1	2	0	2	-40	42883	9	4	1596	1478	866,667,866,667
1526395521.142928049	54	40	48	1	2	0	2	-40	42884	9	4	1596	1478	866,667,866,667
1526395521.154775721	54	40	48	1	2	0	2	-40	42885	9	4	1596	1478	866,667,866,667
1526395521.166463470	54	40	48	1	2	0	2	-40	42886	9	4	1596	1478	866,667,866,667
1526395521.178317632	54	40	48	1	2	0	2	-40	42887	9	4	1596	1478	866,667,866,667
1526395521.190828901	54	40	48	1	2	0	2	-40	42888	9	4	1596	1478	866,667,866,667
1526395521.201852040	54	40	48	1	2	0	2	-40	42889	9	4	1596	1478	866,667,866,667
1526395521.213600105	54	40	48	1	2	0	2	-40	42890	9	4	1596	1478	866,667,866,667
1526395521.225380377	54	40	48	1	2	0	2	-40	42891	9	4	1596	1478	866,667,866,667
1526395521.237015168	54	40	48	1	2	0	2	-40	42892	9	4	1596	1478	866,667,866,667
1526395521.248773806	54	40	48	1	2	0	2	-40	42893	9	4	1596	1478	866,667,866,667
1526395521.260631253	54	40	48	1	2	0	2	-40	42894	9	4	1596	1478	866,667,866,667
1526395521.272162904	54	40	48	1	2	0	2	-40	42895	9	4	1596	1478	866,667,866,667
1526395521.283934348	54	40	48	1	2	0	2	-40	42896	9	4	1596	1478	866,667,866,667
1526395521.295855605	54	40	48	1	2	0	2	-40	42897	9	4	1596	1478	866,667,866,667
1526395521.307561453	54	40	48	1	2	0	2	-40	42898	9	4	1596	1478	866,667,866,667
1526395521.319254086	54	40	48	1	2	0	2	-40	42899	9	4	1596	1478	866,667,866,667
1526395521.331130599	54	40	48	1	2	0	2	-40	42900	9	4	1596	1478	866,667,866,667
1526395521.342814672	54	40	48	1	2	0	2	-40	42901	9	4	1596	1478	866,667,866,667
1526395521.354672123	54	40	48	1	2	0	2	-40	42902	9	4	1596	1478	866,667,866,667
1526395521.366424602	54	40	48	1	2	0	2	-40	42903	9	4	1596	1478	866,667,866,667
1526395521.378176424	54	40	48	1	2	0	2	-40	42904	9	4	1596	1478	866,667,866,667
1526395521.389962364	54	40	48	1	2	0	2	-40	42905	9	4	1596	1478	866,667,866,667
1526395521.401752058	54	40	48	1	2	0	2	-40	42906	9	4	1596	1478	866,667,866,667
1526395521.413505383	54	40	48	1	2	0	2	-40	42907	9	4	1596	1478	866,667,866,667
1526395521.425183800	54	40	48	1	2	0	2	-40	42908	9	4	1596	1478	866,667,866,667
1526395521.436908051	54	40	48	1	2	0	2	-40	42909	9	4	1596	1478	866,667,866,667
1526395521.448740142	54	40	48	1	2	0	2	-40	42910	9	4	1596	1478	866,667,866,667
1526395521.460504136	54	40	48	1	2	0	2	-40	42911	9	4	1596	1478	866,667,866,667
1526395521.472274245	54	40	48	1	2	0	2	-40	42912	9	4	1596	1478	866,667,866,667
1526395521.484027847	54	40	48	1	2	0	2	-40	42913	9	4	1596	1478	866,667,866,667
1526395521.496583272	54	40	48	1	2	0	2	-40	42914	9	4	1596	1478	866,667,866,667
1526395521.507482023	54	40	48	1	2	0	2	-40	42915	9	4	1596	1478	866,667,866,667
1526395521.519240746	54	40	48	1	2	0	2	-40	42916	9	4	1596	1478	866,667,866,667
1526395521.530970621	54	40	48	1	2	0	2	-40	42917	9	4	1596	1478	866,667,866,667
1526395521.542819111	54	40	48	1	2	0	2	-40	42918	9	4	1596	1478	866,667,866,667
1526395521.554499240	54	40	48	1	2	0	2	-40	42919	9	4	1596	1478	866,667,866,667
1526395521.566280395	54	40	48	1	2	0	2	-40	42920	9	4	1596	1478	866,667,866,667
1526395521.578124588	54	40	48	1	2	0	2	-40	42921	9	4	1596	1478	866,667,866,667
1526395521.589866109	54	40	48	1	2	0	2	-40	42922	9	4	1596	1478	866,667,866,667
1526395521.601557696	54	40	48	1	2	0	2	-40	42923	9	4	1596	1478	866,667,866,667
1526395521.613257596	54	40	48	1	2	0	2	-40	42924	9	4	1596	1478	866,667,866,667
1526395521.625133694	54	40	48	1	2	0	2	-40	42925	9	4	1596	1478	866,667,866,667
1526395521.636798830	54	40	48	1	2	0	2	-40	42926	9	4	1596	1478	866,667,866,667
1526395521.648643006	54	40	48	1	2	0	2	-40	42927	9	4	1596	1478	866,667,866,667
1526395521.660367219	54	40	48	1	2	0	2	-40	42928	9	4	1596	1478	866,667,866,667
1526395521.672185714	54	40	48	1	2	0	2	-40	42929	9	4	1596	1478	866,667,866,667
1526395521.683934887	54	40	48	1	2	0	2	-40	42930	9	4	1596	1478	866,667,866,667
1526395521.695741514	54	40	48	1	2	0	2	-40	42931	9	4	1596	1478	866,667,866,667
1526395521.707475970	54	40	48	1	2	0	2	-40	42932	9	4	1596	1478	866,667,866,667
1526395521.719176248	54	40	48	1	2	0	2	-40	42933	9	4	1596	1478	866,667,866,667
1526395521.730993511	54	40	48	1	2	0	2	-40	42934	9	4	1596	1478	866,667,866,667
1526395521.742754967	54	40	48	1	2	0	2	-40	42935	9	4	1596	1478	866,667,866,667
1526395521.754497875	54	40	48	1	2	0	2	-40	42936	9	4	1596	1478	866,667,866,667
1526395521.766281017	54	40	48	1	2	0	2	-40	42937	9	4	1596	1478	866,667,866,667
1526395521.778048532	54	40	48	1	2	0	2	-40	42938	9	4	1596	1478	866,667,866,667
1526395521.789781965	54	40	48	1	2	0	2	-40	42939	9	4	1596	1478	866,667,866,667
1526395521.801528019	54	40	48	1	2	0	2	-40	42940	9	4	1596	1478	866,667,866,667
1526395521.813326074	54	40	48	1	2	0	2	-40	42941	9	4	1596	1478	866,667,866,667
1526395521.825086445	54	40	48	1	2	0	2	-40	42942	9	4	1596	1478	866,667,866,667
1526395521.836827767	54	40	48	1	2	0	2	-40	42943	9	4	1596	1478	866,667,866,667
1526395521.848585082	54	40	48	1	2	0	2	-40	42944	9	4	1596	1478	866,667,866,667
1526395521.860337258	54	40	48	1	2	0	2	-40	42945	9	4	1596	1478	866,667,866,667
1526395521.872049087	54	40	48	1	2	0	2	-40	42946	9	4	1596	1478	866,667,866,667
1526395521.883857991	54	40	48	1	2	0	2	-40	42947	9	4	1596	1478	866,667,866,667
1526395521.895638496	54	40	48	1	2	0	2	-40	42948	9	4	1596	1478	866,667,866,667
1526395521.907421003	54	40	48	1	2	0	2	-40	42949	9	4	1596	1478	866,667,866,667
1526395521.919155900	54	40	48	1	2	0	2	-40	42950	9	4	1596	1478	866,667,866,667
1526395521.930920460	54	40	48	1	2	0	2	-40	42951	9	4	1596	1478	866,667,866,667
1526395521.942665070	54	40	48	1	2	0	2	-40	42952	9	4	1596	1478	866,667,866,667
1526395521.954433313	54	40	48	1	2	0	2	-40	42953	9	4	1596	1478	866,667,866,667
1526395521.966177474	54	40	48	1	2	0	2	-40	42954	9	4	1596	1478	866,667,866,667
1526395521.977941799	54	40	48	1	2	0	2	-40	42955	9	4	1596	1478	866,667,866,667
1526395521.989719921	54	40	48	1	2	0	2	-40	42956	9	4	1596	1478	866,667,866,667
1526395522.001352550	54	40	48	1	2	0	2	-40	42958	9	4	1596	1478	866,667,866,667
1526395522.013251869	54	40	48	1	2	0	2	-40	42959	9	4	1596	1478	866,667,866,667
1526395522.025475539	54	40	48	1	2	0	2	-40	42960	9	4	1596	1478	866,667,866,667
1526395522.037209658	54	40	48	1	2	0	2	-40	42961	9	4	1596	1478	866,667,866,667
1526395522.048519579	54	40	48	1	2	0	2	-40	42962	9	4	1596	1478	866,667,866,667
1526395522.060277665	54	40	48	1	2	0	2	-40	42963	9	4	1596	1478	866,667,866,667
1526395522.072035440	54	40	48	1	2	0	2	-40	42964	9	4	1596	1478	866,667,866,667
1526395522.083794059	54	40	48	1	2	0	2	-40	42965	9	4	1596	1478	866,667,866,667
1526395522.095549977	54	40	48	1	2	0	2	-40	42966	9	4	1596	1478	866,667,866,667
1526395522.107312416	54	40	48	1	2	0	2	-40	42967	9	4	1596	1478	866,667,866,667
1526395522.119002829	54	40	48	1	2	0	2	-40	42968	9	4	1596	1478	866,667,866,667
1526395522.130707752	54	40	48	1	2	0	2	-40	42969	9	4	1596	1478	866,667,866,667
1526395522.142586210	54	40	48	1	2	0	2	-40	42970	9	4	1596	1478	866,667,866,667
1526395522.154253154	54	40	48	1	2	0	2	-40	42971	9	4	1596	1478	866,667,866,667
1526395522.166081097	54	40	48	1	2	0	2	-40	42972	9	4	1596	1478	866,667,866,667
1526395522.177803258	54	40	48	1	2	0	2	-40	42973	9	4	1596	1478	866,667,866,667
1526395522.189606662	54	40	48	1	2	0	2	-40	42974	9	4	1596	1478	866,667,866,667
1526395522.201308242	54	40	48	1	2	0	2	-40	42975	9	4	1596	1478	866,667,866,667
1526395522.214200820	54	40	48	1	2	0	2	-40	42976	9	4	1596	1478	866,667,866,667
1526395522.224811850	54	40	48	1	2	0	2	-40	42977	9	4	1596	1478	866,667,866,667
1526395522.236576316	54	40	48	1	2	0	2	-40	42978	9	4	1596	1478	866,667,866,667
1526395522.248419837	54	40	48	1	2	0	2	-40	42979	9	4	1596	1478	866,667,866,667
1526395522.260108402	54	40	48	1	2	0	2	-40	42980	9	4	1596	1478	866,667,866,667
1526395522.271871080	54	40	48	1	2	0	2	-40	42981	9	4	1596	1478	866,667,866,667
1526395522.283608960	54	40	48	1	2	0	2	-40	42982	9	4	1596	1478	866,667,866,667
1526395522.295453874	54	40	48	1	2	0	2	-40	42983	9	4	1596	1478	866,667,866,667
1526395522.307222619	54	40	48	1	2	0	2	-40	42984	9	4	1596	1478	866,667,866,667
1526395522.319000017	54	40	48	1	2	0	2	-40	42985	9	4	1596	1478	866,667,866,667
1526395522.330739439	54	40	48	1	2	0	2	-40	42986	9	4	1596	1478	866,667,866,667
1526395522.342502602	54	40	48	1	2	0	2	-40	42987	9	4	1596	1478	866,667,866,667
1526395522.354269457	54	40	48	1	2	0	2	-40	42988	9	4	1596	1478	866,667,866,667
1526395522.365867003	54	40	48	1	2	0	2	-40	42989	9	4	1596	1478	866,667,866,667
1526395522.377785907	54	40	48	1	2	0	2	-40	42990	9	4	1596	1478	866,667,866,667
1526395522.389379290	54	40	48	1	2	0	2	-40	42991	9	4	1596	1478	866,667,866,667
1526395522.401307778	54	40	48	1	2	0	2	-40	42992	9	4	1596	1478	866,667,866,667
1526395522.413039140	54	40	48	1	2	0	2	-40	42993	9	4	1596	1478	866,667,866,667
1526395522.424854898	54	40	48	1	2	0	2	-40	42994	9	4	1596	1478	866,667,866,667
1526395522.436487939	54	40	48	1	2	0	2	-40	42995	9	4	1596	1478	866,667,866,667
1526395522.448342920	54	40	48	1	2	0	2	-40	42996	9	4	1596	1478	866,667,866,667
1526395522.460107418	54	40	48	1	2	0	2	-40	42997	9	4	1596	1478	866,667,866,667
1526395522.471857599	54	40	48	1	2	0	2	-40	42998	9	4	1596	1478	866,667,866,667
1526395522.483623184	54	40	48	1	2	0	2	-40	42999	9	4	1596	1478	866,667,866,667
1526395522.495382879	54	40	48	1	2	0	2	-40	43000	9	4	1596	1478	866,667,866,667
1526395522.507145205	54	40	48	1	2	0	2	-40	43001	9	4	1596	1478	866,667,866,667
1526395522.518895119	54	40	48	1	2	0	2	-40	43002	9	4	1596	1478	866,667,866,667
1526395522.530564995	54	40	48	1	2	0	2	-40	43003	9	4	1596	1478	866,667,866,667
1526395522.542431290	54	40	48	1	2	0	2	-40	43004	9	4	1596	1478	866,667,866,667
1526395522.554035377	54	40	48	1	2	0	2	-40	43005	9	4	1596	1478	866,667,866,667
1526395522.565852594	54	40	48	1	2	0	2	-40	43006	9	4	1596	1478	866,667,866,667
1526395522.577697910	54	40	48	1	2	0	2	-40	43007	9	4	1596	1478	866,667,866,667
1526395522.589464717	54	40	48	1	2	0	2	-40	43008	9	4	1596	1478	866,667,866,667
1526395522.601222539	54	40	48	1	2	0	2	-40	43009	9	4	1596	1478	866,667,866,667
1526395522.612985928	54	40	48	1	2	0	2	-40	43010	9	4	1596	1478	866,667,866,667
1526395522.624772966	54	40	48	1	2	0	2	-40	43011	9	4	1596	1478	866,667,866,667
1526395522.636439161	54	40	48	1	2	0	2	-40	43012	9	4	1596	1478	866,667,866,667
1526395522.648186528	54	40	48	1	2	0	2	-40	43013	9	4	1596	1478	866,667,866,667
1526395522.660026834	54	40	48	1	2	0	2	-40	43014	9	4	1596	1478	866,667,866,667
1526395522.671777835	54	40	48	1	2	0	2	-40	43015	9	4	1596	1478	866,667,866,667
1526395522.683525363	54	40	48	1	2	0	2	-40	43016	9	4	1596	1478	866,667,866,667
1526395522.695301185	54	40	48	1	2	0	2	-40	43017	9	4	1596	1478	866,667,866,667
1526395522.707048275	54	40	48	1	2	0	2	-40	43018	9	4	1596	1478	866,667,866,667
1526395522.718831168	54	40	48	1	2	0	2	-40	43019	9	4	1596	1478	866,667,866,667
1526395522.730528239	54	40	48	1	2	0	2	-40	43020	9	4	1596	1478	866,667,866,667
1526395522.742240185	54	40	48	1	2	0	2	-40	43021	9	4	1596	1478	866,667,866,667
1526395522.754333151	54	40	48	1	2	0	2	-40	43022	9	4	1596	1478	866,667,866,667
1526395522.765823051	54	40	48	1	2	0	2	-40	43023	9	4	1596	1478	866,667,866,667
1526395522.777615061	54	40	48	1	2	0	2	-40	43024	9	4	1596	1478	866,667,866,667
1526395522.789376032	54	40	48	1	2	0	2	-40	43025	9	4	1596	1478	866,667,866,667
1526395522.801136676	54	40	48	1	2	0	2	-40	43026	9	4	1596	1478	866,667,866,667
1526395522.812911024	54	40	48	1	2	0	2	-40	43027	9	4	1596	1478	866,667,866,667
1526395522.824665905	54	40	48	1	2	0	2	-40	43028	9	4	1596	1478	866,667,866,667
1526395522.836458148	54	40	48	1	2	0	2	-40	43029	9	4	1596	1478	866,667,866,667
1526395522.848190330	54	40	48	1	2	0	2	-39	43030	9	4	1596	1478	866,667,866,667
1526395522.859881167	54	40	48	1	2	0	2	-39	43031	9	4	1596	1478	866,667,866,667
1526395522.871633069	54	40	48	1	2	0	2	-39	43032	9	4	1596	1478	866,667,866,667
1526395522.883342756	54	40	48	1	2	0	2	-39	43033	9	4	1596	1478	866,667,866,667
1526395522.895253374	54	40	48	1	2	0	2	-40	43034	9	4	1596	1478	866,667,866,667
1526395522.906986313	54	40	48	1	2	0	2	-40	43035	9	4	1596	1478	866,667,866,667
1526395522.918744022	54	40	48	1	2	0	2	-40	43036	9	4	1596	1478	866,667,866,667
1526395522.930531334	54	40	48	1	2	0	2	-40	43037	9	4	1596	1478	866,667,866,667
1526395522.942211593	54	40	48	1	2	0	2	-40	43038	9	4	1596	1478	866,667,866,667
1526395522.954026239	54	40	48	1	2	0	2	-40	43039	9	4	1596	1478	866,667,866,667
1526395522.965790188	54	40	48	1	2	0	2	-40	43040	9	4	1596	1478	866,667,866,667
1526395522.977549315	54	40	48	1	2	0	2	-40	43041	9	4	1596	1478	866,667,866,667
1526395522.989309550	54	40	48	1	2	0	2	-40	43042	9	4	1596	1478	866,667,866,667
1526395523.001060143	54	40	48	1	2	0	2	-40	43043	9	4	1596	1478	866,667,866,667
1526395523.012820102	54	40	48	1	2	0	2	-40	43044	9	4	1596	1478	866,667,866,667
1526395523.024582673	54	40	48	1	2	0	2	-40	43045	9	4	1596	1478	866,667,866,667
1526395523.036368745	54	40	48	1	2	0	2	-40	43046	9	4	1596	1478	866,667,866,667
1526395523.048090381	54	40	48	1	2	0	2	-40	43047	9	4	1596	1478	866,667,866,667
1526395523.059887069	54	40	48	1	2	0	2	-40	43048	9	4	1596	1478	866,667,866,667
1526395523.071624946	54	40	48	1	2	0	2	-40	43049	9	4	1596	1478	866,667,866,667
1526395523.083394838	54	40	48	1	2	0	2	-40	43050	9	4	1596	1478	866,667,866,667
1526395523.095022213	54	40	48	1	2	0	2	-40	43051	9	4	1596	1478	866,667,866,667
1526395523.106903975	54	40	48	1	2	0	2	-39	43052	9	4	1596	1478	866,667,866,667
1526395523.118661015	54	40	48	1	2	0	2	-40	43053	9	4	1596	1478	866,667,866,667
1526395523.130419813	54	40	48	1	2	0	2	-40	43054	9	4	1596	1478	866,667,866,667
1526395523.142154553	54	40	48	1	2	0	2	-40	43055	9	4	1596	1478	866,667,866,667
1526395523.153878222	54	40	48	1	2	0	2	-40	43056	9	4	1596	1478	866,667,866,667
1526395523.165722077	54	40	48	1	2	0	2	-40	43057	9	4	1596	1478	866,667,866,667
1526395523.177449652	54	40	48	1	2	0	2	-40	43058	9	4	1596	1478	866,667,866,667
1526395523.189137943	54	40	48	1	2	0	2	-40	43059	9	4	1596	1478	866,667,866,667
1526395523.200885667	54	40	48	1	2	0	2	-40	43060	9	4	1596	1478	866,667,866,667
1526395523.212633515	54	40	48	1	2	0	2	-40	43061	9	4	1596	1478	866,667,866,667
1526395523.224399462	54	40	48	1	2	0	2	-40	43062	9	4	1596	1478	866,667,866,667
1526395523.237795266	54	40	48	1	2	0	2	-40	43063	9	4	1596	1478	866,667,866,667
1526395523.247846238	54	40	48	1	2	0	2	-40	43064	9	4	1596	1478	866,667,866,667
1526395523.259600299	54	40	48	1	2	0	2	-40	43065	9	4	1596	1478	866,667,866,667
1526395523.271413891	54	40	48	1	2	0	2	-40	43066	9	4	1596	1478	866,667,866,667
1526395523.283185591	54	40	48	1	2	0	2	-40	43067	9	4	1596	1478	866,667,866,667
1526395523.294964382	54	40	48	1	2	0	2	-40	43068	9	4	1596	1478	866,667,866,667
1526395523.306721067	54	40	48	1	2	0	2	-40	43069	9	4	1596	1478	866,667,866,667
1526395523.318473925	54	40	48	1	2	0	2	-40	43070	9	4	1596	1478	866,667,866,667
1526395523.330211571	54	40	48	1	2	0	2	-40	43071	9	4	1596	1478	866,667,866,667
1526395523.342127220	54	40	48	1	2	0	2	-40	43072	9	4	1596	1478	866,667,866,667
1526395523.353854172	54	40	48	1	2	0	2	-40	43073	9	4	1596	1478	866,667,866,667
1526395523.365613233	54	40	48	1	2	0	2	-40	43074	9	4	1596	1478	866,667,866,667
1526395523.377391821	54	40	48	1	2	0	2	-40	43075	9	4	1596	1478	866,667,866,667
1526395523.389117260	54	40	48	1	2	0	2	-40	43076	9	4	1596	1478	866,667,866,667
1526395523.400895229	54	40	48	1	2	0	2	-40	43077	9	4	1596	1478	866,667,866,667
1526395523.412698181	54	40	48	1	2	0	2	-40	43078	9	4	1596	1478	866,667,866,667
1526395523.424424301	54	40	48	1	2	0	2	-40	43079	9	4	1596	1478	866,667,866,667
1526395523.436192996	54	40	48	1	2	0	2	-40	43080	9	4	1596	1478	866,667,866,667
1526395523.447958592	54	40	48	1	2	0	2	-40	43081	9	4	1596	1478	866,667,866,667
1526395523.459637928	54	40	48	1	2	0	2	-40	43082	9	4	1596	1478	866,667,866,667
1526395523.471408157	54	40	48	1	2	0	2	-40	43083	9	4	1596	1478	866,667,866,667
1526395523.483224011	54	40	48	1	2	0	2	-40	43084	9	4	1596	1478	866,667,866,667
1526395523.494996941	54	40	48	1	2	0	2	-40	43085	9	4	1596	1478	866,667,866,667
1526395523.506777346	54	40	48	1	2	0	2	-40	43086	9	4	1596	1478	866,667,866,667
1526395523.518516597	54	40	48	1	2	0	2	-40	43087	9	4	1596	1478	866,667,866,667
1526395523.530251036	54	40	48	1	2	0	2	-40	43088	9	4	1596	1478	866,667,866,667
1526395523.541995004	54	40	48	1	2	0	2	-40	43089	9	4	1596	1478	866,667,866,667
1526395523.553799707	54	40	48	1	2	0	2	-40	43090	9	4	1596	1478	866,667,866,667
1526395523.565570533	54	40	48	1	2	0	2	-40	43091	9	4	1596	1478	866,667,866,667
1526395523.577306754	54	40	48	1	2	0	2	-40	43092	9	4	1596	1478	866,667,866,667
1526395523.589072797	54	40	48	1	2	0	2	-40	43093	9	4	1596	1478	866,667,866,667
1526395523.600797925	54	40	48	1	2	0	2	-40	43094	9	4	1596	1478	866,667,866,667
1526395523.612575262	54	40	48	1	2	0	2	-40	43095	9	4	1596	1478	866,667,866,667
1526395523.624341746	54	40	48	1	2	0	2	-40	43096	9	4	1596	1478	866,667,866,667
1526395523.636099430	54	40	48	1	2	0	2	-40	43097	9	4	1596	1478	866,667,866,667
1526395523.647982866	54	40	48	1	2	0	2	-40	43098	9	4	1596	1478	866,667,866,667
1526395523.659462039	54	40	48	1	2	0	2	-40	43099	9	4	1596	1478	866,667,866,667
1526395523.671359266	54	40	48	1	2	0	2	-39	43100	9	4	1596	1478	866,667,866,667
1526395523.683134968	54	40	48	1	2	0	2	-39	43101	9	4	1596	1478	866,667,866,667
1526395523.694915874	54	40	48	1	2	0	2	-39	43102	9	4	1596	1478	866,667,866,667
1526395523.706664498	54	40	48	1	2	0	2	-39	43103	9	4	1596	1478	866,667,866,667
1526395523.718423719	54	40	48	1	2	0	2	-39	43104	9	4	1596	1478	866,667,866,667
1526395523.730053703	54	40	48	1	2	0	2	-39	43105	9	4	1596	1478	866,667,866,667
1526395523.741826427	54	40	48	1	2	0	2	-39	43106	9	4	1596	1478	866,667,866,667
1526395523.753639024	54	40	48	1	2	0	2	-39	43107	9	4	1596	1478	866,667,866,667
1526395523.765464449	54	40	48	1	2	0	2	-39	43108	9	4	1596	1478	866,667,866,667
1526395523.778035379	54	40	48	1	2	0	2	-39	43109	9	4	1596	1478	866,667,866,667
1526395523.788994975	54	40	48	1	2	0	2	-39	43110	9	4	1596	1478	866,667,866,667
1526395523.800754182	54	40	48	1	2	0	2	-39	43111	9	4	1596	1478	866,667,866,667
1526395523.812495056	54	40	48	1	2	0	2	-39	43112	9	4	1596	1478	866,667,866,667
1526395523.824264691	54	40	48	1	2	0	2	-39	43113	9	4	1596	1478	866,667,866,667
1526395523.836037188	54	40	48	1	2	0	2	-39	43114	9	4	1596	1478	866,667,866,667
1526395523.847784521	54	40	48	1	2	0	2	-40	43115	9	4	1596	1478	866,667,866,667
1526395523.859561470	54	40	48	1	2	0	2	-40	43116	9	4	1596	1478	866,667,866,667
1526395523.871308232	54	40	48	1	2	0	2	-40	43117	9	4	1596	1478	866,667,866,667
1526395523.883058472	54	40	48	1	2	0	2	-40	43118	9	4	1596	1478	866,667,866,667
1526395523.894826478	54	40	48	1	2	0	2	-40	43119	9	4	1596	1478	866,667,866,667
1526395523.906581675	54	40	48	1	2	0	2	-40	43120	9	4	1596	1478	866,667,866,667
1526395523.918255915	54	40	48	1	2	0	2	-40	43121	9	4	1596	1478	866,667,866,667
1526395523.930073090	54	40	48	1	2	0	2	-40	43122	9	4	1596	1478	866,667,866,667
1526395523.941804929	54	40	48	1	2	0	2	-39	43123	9	4	1596	1478	866,667,866,667
1526395523.954258049	54	40	48	1	2	0	2	-39	43124	9	4	1596	1478	866,667,866,667
1526395523.965338101	54	40	48	1	2	0	2	-40	43125	9	4	1596	1478	866,667,866,667
1526395523.977157128	54	40	48	1	2	0	2	-40	43126	9	4	1596	1478	866,667,866,667
1526395523.988910295	54	40	48	1	2	0	2	-40	43127	9	4	1596	1478	866,667,866,667
1526395524.000664668	54	40	48	1	2	0	2	-39	43128	9	4	1596	1478	866,667,866,667
1526395524.012425802	54	40	48	1	2	0	2	-40	43129	9	4	1596	1478	866,667,866,667
1526395524.024189743	54	40	48	1	2	0	2	-40	43130	9	4	1596	1478	866,667,866,667
1526395524.035943010	54	40	48	1	2	0	2	-40	43131	9	4	1596	1478	866,667,866,667
1526395524.047715880	54	40	48	1	2	0	2	-40	43132	9	4	1596	1478	866,667,866,667
1526395524.059668390	54	40	48	1	2	0	2	-40	43133	9	4	1596	1478	866,667,866,667
1526395524.071122618	54	40	48	1	2	0	2	-40	43134	9	4	1596	1478	866,667,866,667
1526395524.082905047	54	40	48	1	2	0	2	-39	43135	9	4	1596	1478	866,667,866,667
1526395524.094749112	54	40	48	1	2	0	2	-39	43136	9	4	1596	1478	866,667,866,667
1526395524.106505155	54	40	48	1	2	0	2	-40	43137	9	4	1596	1478	866,667,866,667
1526395524.118251615	54	40	48	1	2	0	2	-40	43138	9	4	1596	1478	866,667,866,667
1526395524.130023504	54	40	48	1	2	0	2	-40	43139	9	4	1596	1478	866,667,866,667
1526395524.141683782	54	40	48	1	2	0	2	-40	43140	9	4	1596	1478	866,667,866,667
1526395524.153434421	54	40	48	1	2	0	2	-40	43141	9	4	1596	1478	866,667,866,667
1526395524.165192039	54	40	48	1	2	0	2	-40	43142	9	4	1596	1478	866,667,866,667
1526395524.176998652	54	40	48	1	2	0	2	-40	43143	9	4	1596	1478	866,667,866,667
1526395524.188837893	54	40	48	1	2	0	2	-40	43144	9	4	1596	1478	866,667,866,667
1526395524.200564327	54	40	48	1	2	0	2	-40	43145	9	4	1596	1478	866,667,866,667
1526395524.212361629	54	40	48	1	2	0	2	-40	43146	9	4	1596	1478	866,667,866,667
1526395524.223971740	54	40	48	1	2	0	2	-40	43147	9	4	1596	1478	866,667,866,667
1526395524.235647706	54	40	48	1	2	0	2	-40	43148	9	4	1596	1478	866,667,866,667
1526395524.247615266	54	40	48	1	2	0	2	-40	43149	9	4	1596	1478	866,667,866,667
1526395524.259373643	54	40	48	1	2	0	2	-40	43150	9	4	1596	1478	866,667,866,667
1526395524.271151220	54	40	48	1	2	0	2	-40	43151	9	4	1596	1478	866,667,866,667
1526395524.282889735	54	40	48	1	2	0	2	-40	43152	9	4	1596	1478	866,667,866,667
1526395524.294709428	54	40	48	1	2	0	2	-40	43153	9	4	1596	1478	866,667,866,667
1526395524.306414586	54	40	48	1	2	0	2	-40	43154	9	4	1596	1478	866,667,866,667
1526395524.318187186	54	40	48	1	2	0	2	-40	43155	9	4	1596	1478	866,667,866,667
1526395524.329944062	54	40	48	1	2	0	2	-40	43156	9	4	1596	1478	866,667,866,667
1526395524.341709053	54	40	48	1	2	0	2	-40	43157	9	4	1596	1478	866,667,866,667
1526395524.353465806	54	40	48	1	2	0	2	-40	43158	9	4	1596	1478	866,667,866,667
1526395524.365952519	54	40	48	1	2	0	2	-40	43159	9	4	1596	1478	866,667,866,667
1526395524.376991474	54	40	48	1	2	0	2	-40	43160	9	4	1596	1478	866,667,866,667
1526395524.388676261	54	40	48	1	2	0	2	-40	43161	9	4	1596	1478	866,667,866,667
1526395524.400518786	54	40	48	1	2	0	2	-40	43162	9	4	1596	1478	866,667,866,667
1526395524.412302592	54	40	48	1	2	0	2	-40	43163	9	4	1596	1478	866,667,866,667
1526395524.424029427	54	40	48	1	2	0	2	-40	43164	9	4	1596	1478	866,667,866,667
1526395524.435786341	54	40	48	1	2	0	2	-40	43165	9	4	1596	1478	866,667,866,667
1526395524.447561890	54	40	48	1	2	0	2	-40	43166	9	4	1596	1478	866,667,866,667
1526395524.459294909	54	40	48	1	2	0	2	-40	43167	9	4	1596	1478	866,667,866,667
1526395524.471349382	54	40	48	1	2	0	2	-40	43168	9	4	1596	1478	866,667,866,667
1526395524.482815870	54	40	48	1	2	0	2	-40	43169	9	4	1596	1478	866,667,866,667
1526395524.494870190	54	40	48	1	2	0	2	-40	43170	9	4	1596	1478	866,667,866,667
1526395524.506358031	54	40	48	1	2	0	2	-40	43171	9	4	1596	1478	866,667,866,667
1526395524.518082657	54	40	48	1	2	0	2	-40	43172	9	4	1596	1478	866,667,866,667
1526395524.529817436	54	40	48	1	2	0	2	-40	43173	9	4	1596	1478	866,667,866,667
1526395524.541548519	54	40	48	1	2	0	2	-40	43174	9	4	1596	1478	866,667,866,667
1526395524.553292799	54	40	48	1	2	0	2	-40	43175	9	4	1596	1478	866,667,866,667
1526395524.565514357	54	40	48	1	2	0	2	-40	43177	9	4	1596	1478	866,667,866,667
1526395524.576936492	54	40	48	1	2	0	2	-40	43178	9	4	1596	1478	866,667,866,667
1526395524.588587964	54	40	48	1	2	0	2	-40	43179	9	4	1596	1478	866,667,866,667
1526395524.600352980	54	40	48	1	2	0	2	-40	43180	9	4	1596	1478	866,667,866,667
1526395524.612174502	54	40	48	1	2	0	2	-40	43181	9	4	1596	1478	866,667,866,667
1526395524.623962367	54	40	48	1	2	0	2	-40	43182	9	4	1596	1478	866,667,866,667
1526395524.635700859	54	40	48	1	2	0	2	-40	43183	9	4	1596	1478	866,667,866,667
1526395524.647467031	54	40	48	1	2	0	2	-40	43184	9	4	1596	1478	866,667,866,667
1526395524.659226871	54	40	48	1	2	0	2	-40	43185	9	4	1596	1478	866,667,866,667
1526395524.670914851	54	40	48	1	2	0	2	-40	43186	9	4	1596	1478	866,667,866,667
1526395524.682624145	54	40	48	1	2	0	2	-40	43187	9	4	1596	1478	866,667,866,667
1526395524.694333962	54	40	48	1	2	0	2	-40	43188	9	4	1596	1478	866,667,866,667
1526395524.706198455	54	40	48	1	2	0	2	-40	43189	9	4	1596	1478	866,667,866,667
1526395524.718014404	54	40	48	1	2	0	2	-40	43190	9	4	1596	1478	866,667,866,667
1526395524.729712963	54	40	48	1	2	0	2	-40	43191	9	4	1596	1478	866,667,866,667
1526395524.741439862	54	40	48	1	2	0	2	-40	43192	9	4	1596	1478	866,667,866,667
1526395524.753202641	54	40	48	1	2	0	2	-40	43193	9	4	1596	1478	866,667,866,667
1526395524.765053843	54	40	48	1	2	0	2	-40	43194	9	4	1596	1478	866,667,866,667
1526395524.776850265	54	40	48	1	2	0	2	-40	43195	9	4	1596	1478	866,667,866,667
1526395524.788589794	54	40	48	1	2	0	2	-40	43196	9	4	1596	1478	866,667,866,667
1526395524.800347137	54	40	48	1	2	0	2	-40	43197	9	4	1596	1478	866,667,866,667
1526395524.812111139	54	40	48	1	2	0	2	-40	43198	9	4	1596	1478	866,667,866,667
1526395524.823849760	54	40	48	1	2	0	2	-40	43199	9	4	1596	1478	866,667,866,667
1526395524.835624974	54	40	48	1	2	0	2	-40	43200	9	4	1596	1478	866,667,866,667
1526395524.847322528	54	40	48	1	2	0	2	-40	43201	9	4	1596	1478	866,667,866,667
1526395524.859143314	54	40	48	1	2	0	2	-40	43202	9	4	1596	1478	866,667,866,667
1526395524.870888834	54	40	48	1	2	0	2	-40	43203	9	4	1596	1478	866,667,866,667
1526395524.882681655	54	40	48	1	2	0	2	-40	43204	9	4	1596	1478	866,667,866,667
1526395524.894432570	54	40	48	1	2	0	2	-40	43205	9	4	1596	1478	866,667,866,667
1526395524.906163321	54	40	48	1	2	0	2	-40	43206	9	4	1596	1478	866,667,866,667
1526395524.917963351	54	40	48	1	2	0	2	-40	43207	9	4	1596	1478	866,667,866,667
1526395524.929712421	54	40	48	1	2	0	2	-40	43208	9	4	1596	1478	866,667,866,667
1526395524.941405309	54	40	48	1	2	0	2	-40	43209	9	4	1596	1478	866,667,866,667
1526395524.953233672	54	40	48	1	2	0	2	-40	43210	9	4	1596	1478	866,667,866,667
1526395524.964977801	54	40	48	1	2	0	2	-40	43211	9	4	1596	1478	866,667,866,667
1526395524.976752852	54	40	48	1	2	0	2	-40	43212	9	4	1596	1478	866,667,866,667
1526395524.988519872	54	40	48	1	2	0	2	-40	43213	9	4	1596	1478	866,667,866,667
1526395525.000204711	54	40	48	1	2	0	2	-40	43214	9	4	1596	1478	866,667,866,667
1526395525.012034309	54	40	48	1	2	0	2	-40	43215	9	4	1596	1478	866,667,866,667
1526395525.023791258	54	40	48	1	2	0	2	-40	43216	9	4	1596	1478	866,667,866,667
1526395525.035447201	54	40	48	1	2	0	2	-40	43217	9	4	1596	1478	866,667,866,667
1526395525.047302052	54	40	48	1	2	0	2	-40	43218	9	4	1596	1478	866,667,866,667
1526395525.059056604	54	40	48	1	2	0	2	-40	43219	9	4	1596	1478	866,667,866,667
1526395525.070824055	54	40	48	1	2	0	2	-40	43220	9	4	1596	1478	866,667,866,667
1526395525.082608218	54	40	48	1	2	0	2	-40	43221	9	4	1596	1478	866,667,866,667
1526395525.094343037	54	40	48	1	2	0	2	-40	43222	9	4	1596	1478	866,667,866,667
1526395525.106104476	54	40	48	1	2	0	2	-40	43223	9	4	1596	1478	866,667,866,667
1526395525.117862992	54	40	48	1	2	0	2	-40	43224	9	4	1596	1478	866,667,866,667
1526395525.129538258	54	40	48	1	2	0	2	-40	43225	9	4	1596	1478	866,667,866,667
1526395525.141295290	54	40	48	1	2	0	2	-40	43226	9	4	1596	1478	866,667,866,667
1526395525.152991114	54	40	48	1	2	0	2	-40	43227	9	4	1596	1478	866,667,866,667
1526395525.164809804	54	40	48	1	2	0	2	-40	43228	9	4	1596	1478	866,667,866,667
1526395525.176566500	54	40	48	1	2	0	2	-40	43229	9	4	1596	1478	866,667,866,667
1526395525.188467910	54	40	48	1	2	0	2	-40	43230	9	4	1596	1478	866,667,866,667
1526395525.200226571	54	40	48	1	2	0	2	-40	43231	9	4	1596	1478	866,667,866,667
1526395525.212102524	54	40	48	1	2	0	2	-40	43232	9	4	1596	1478	866,667,866,667
1526395525.223721519	54	40	48	1	2	0	2	-40	43233	9	4	1596	1478	866,667,866,667
1526395525.235338517	54	40	48	1	2	0	2	-40	43234	9	4	1596	1478	866,667,866,667
1526395525.247110372	54	40	48	1	2	0	2	-40	43235	9	4	1596	1478	866,667,866,667
1526395525.258972259	54	40	48	1	2	0	2	-40	43236	9	4	1596	1478	866,667,866,667
1526395525.270670414	54	40	48	1	2	0	2	-40	43237	9	4	1596	1478	866,667,866,667
1526395525.282496780	54	40	48	1	2	0	2	-40	43238	9	4	1596	1478	866,667,866,667
1526395525.294313420	54	40	48	1	2	0	2	-40	43239	9	4	1596	1478	866,667,866,667
1526395525.305970659	54	40	48	1	2	0	2	-40	43240	9	4	1596	1478	866,667,866,667
1526395525.317809047	54	40	48	1	2	0	2	-40	43241	9	4	1596	1478	866,667,866,667
1526395525.329547242	54	40	48	1	2	0	2	-40	43242	9	4	1596	1478	866,667,866,667
1526395525.341319911	54	40	48	1	2	0	2	-40	43243	9	4	1596	1478	866,667,866,667
1526395525.353022084	54	40	48	1	2	0	2	-40	43244	9	4	1596	1478	866,667,866,667
1526395525.364827911	54	40	48	1	2	0	2	-40	43245	9	4	1596	1478	866,667,866,667
1526395525.376535792	54	40	48	1	2	0	2	-40	43246	9	4	1596	1478	866,667,866,667
1526395525.388773617	54	40	48	1	2	0	2	-40	43247	9	4	1596	1478	866,667,866,667
1526395525.400117337	54	40	48	1	2	0	2	-40	43248	9	4	1596	1478	866,667,866,667
1526395525.411757269	54	40	48	1	2	0	2	-40	43249	9	4	1596	1478	866,667,866,667
1526395525.423629276	54	40	48	1	2	0	2	-40	43250	9	4	1596	1478	866,667,866,667
1526395525.435380864	54	40	48	1	2	0	2	-40	43251	9	4	1596	1478	866,667,866,667
1526395525.447147776	54	40	48	1	2	0	2	-40	43252	9	4	1596	1478	866,667,866,667
1526395525.458839722	54	40	48	1	2	0	2	-40	43253	9	4	1596	1478	866,667,866,667
1526395525.470663354	54	40	48	1	2	0	2	-40	43254	9	4	1596	1478	866,667,866,667
1526395525.482420971	54	40	48	1	2	0	2	-40	43255	9	4	1596	1478	866,667,866,667
1526395525.494199544	54	40	48	1	2	0	2	-40	43256	9	4	1596	1478	866,667,866,667
1526395525.505948545	54	40	48	1	2	0	2	-40	43257	9	4	1596	1478	866,667,866,667
1526395525.517614790	54	40	48	1	2	0	2	-40	43258	9	4	1596	1478	866,667,866,667
1526395525.529339521	54	40	48	1	2	0	2	-40	43259	9	4	1596	1478	866,667,866,667
1526395525.541208387	54	40	48	1	2	0	2	-40	43260	9	4	1596	1478	866,667,866,667
1526395525.552915811	54	40	48	1	2	0	2	-40	43261	9	4	1596	1478	866,667,866,667
1526395525.564757166	54	40	48	1	2	0	2	-40	43262	9	4	1596	1478	866,667,866,667
1526395525.576516090	54	40	48	1	2	0	2	-39	43263	9	4	1596	1478	866,667,866,667
1526395525.588268858	54	40	48	1	2	0	2	-39	43264	9	4	1596	1478	866,667,866,667
1526395525.600070091	54	40	48	1	2	0	2	-40	43265	9	4	1596	1478	866,667,866,667
1526395525.611709733	54	40	48	1	2	0	2	-40	43266	9	4	1596	1478	866,667,866,667
1526395525.623556594	54	40	48	1	2	0	2	-39	43267	9	4	1596	1478	866,667,866,667
1526395525.635226228	54	40	48	1	2	0	2	-40	43268	9	4	1596	1478	866,667,866,667
1526395525.647067344	54	40	48	1	2	0	2	-40	43269	9	4	1596	1478	866,667,866,667
1526395525.658734462	54	40	48	1	2	0	2	-40	43270	9	4	1596	1478	866,667,866,667
1526395525.670591393	54	40	48	1	2	0	2	-40	43271	9	4	1596	1478	866,667,866,667
1526395525.682348620	54	40	48	1	2	0	2	-40	43272	9	4	1596	1478	866,667,866,667
1526395525.693978630	54	40	48	1	2	0	2	-40	43273	9	4	1596	1478	866,667,866,667
1526395525.705807231	54	40	48	1	2	0	2	-40	43274	9	4	1596	1478	866,667,866,667
1526395525.717545105	54	40	48	1	2	0	2	-40	43275	9	4	1596	1478	866,667,866,667
1526395525.729341023	54	40	48	1	2	0	2	-40	43276	9	4	1596	1478	866,667,866,667
1526395525.741038593	54	40	48	1	2	0	2	-40	43277	9	4	1596	1478	866,667,866,667
1526395525.752817975	54	40	48	1	2	0	2	-40	43278	9	4	1596	1478	866,667,866,667
1526395525.764588800	54	40	48	1	2	0	2	-40	43279	9	4	1596	1478	866,667,866,667
1526395525.776413812	54	40	48	1	2	0	2	-40	43280	9	4	1596	1478	866,667,866,667
1526395525.788182203	54	40	48	1	2	0	2	-40	43281	9	4	1596	1478	866,667,866,667
1526395525.799963868	54	40	48	1	2	0	2	-40	43282	9	4	1596	1478	866,667,866,667
1526395525.811734915	54	40	48	1	2	0	2	-40	43283	9	4	1596	1478	866,667,866,667
1526395525.823467933	54	40	48	1	2	0	2	-40	43284	9	4	1596	1478	866,667,866,667
1526395525.835246629	54	40	48	1	2	0	2	-39	43285	9	4	1596	1478	866,667,866,667
1526395525.846976317	54	40	48	1	2	0	2	-40	43286	9	4	1596	1478	866,667,866,667
1526395525.858748426	54	40	48	1	2	0	2	-40	43287	9	4	1596	1478	866,667,866,667
1526395525.870485245	54	40	48	1	2	0	2	-40	43288	9	4	1596	1478	866,667,866,667
1526395525.882273790	54	40	48	1	2	0	2	-40	43289	9	4	1596	1478	866,667,866,667
1526395525.894035469	54	40	48	1	2	0	2	-40	43290	9	4	1596	1478	866,667,866,667
1526395525.905852347	54	40	48	1	2	0	2	-40	43291	9	4	1596	1478	866,667,866,667
1526395525.917548545	54	40	48	1	2	0	2	-40	43292	9	4	1596	1478	866,667,866,667
1526395525.929322123	54	40	48	1	2	0	2	-39	43293	9	4	1596	1478	866,667,866,667
1526395525.941032327	54	40	48	1	2	0	2	-40	43294	9	4	1596	1478	866,667,866,667
1526395525.952829406	54	40	48	1	2	0	2	-40	43295	9	4	1596	1478	866,667,866,667
1526395525.964589753	54	40	48	1	2	0	2	-39	43296	9	4	1596	1478	866,667,866,667
1526395525.976355362	54	40	48	1	2	0	2	-40	43297	9	4	1596	1478	866,667,866,667
1526395525.988144170	54	40	48	1	2	0	2	-40	43298	9	4	1596	1478	866,667,866,667
1526395525.999862868	54	40	48	1	2	0	2	-40	43299	9	4	1596	1478	866,667,866,667
1526395526.011662391	54	40	48	1	2	0	2	-40	43300	9	4	1596	1478	866,667,866,667
1526395526.023392886	54	40	48	1	2	0	2	-40	43301	9	4	1596	1478	866,667,866,667
1526395526.035059191	54	40	48	1	2	0	2	-39	43302	9	4	1596	1478	866,667,866,667
1526395526.046904231	54	40	48	1	2	0	2	-39	43303	9	4	1596	1478	866,667,866,667
1526395526.058784886	54	40	48	1	2	0	2	-40	43304	9	4	1596	1478	866,667,866,667
1526395526.070480644	54	40	48	1	2	0	2	-39	43305	9	4	1596	1478	866,667,866,667
1526395526.082255736	54	40	48	1	2	0	2	-39	43306	9	4	1596	1478	866,667,866,667
1526395526.094001336	54	40	48	1	2	0	2	-39	43307	9	4	1596	1478	866,667,866,667
1526395526.105662041	54	40	48	1	2	0	2	-39	43308	9	4	1596	1478	866,667,866,667
1526395526.117426513	54	40	48	1	2	0	2	-39	43309	9	4	1596	1478	866,667,866,667
1526395526.129175543	54	40	48	1	2	0	2	-39	43310	9	4	1596	1478	866,667,866,667
1526395526.140954780	54	40	48	1	2	0	2	-39	43311	9	4	1596	1478	866,667,866,667
1526395526.152700985	54	40	48	1	2	0	2	-39	43312	9	4	1596	1478	866,667,866,667
1526395526.164376744	54	40	48	1	2	0	2	-39	43313	9	4	1596	1478	866,667,866,667
1526395526.176133305	54	40	48	1	2	0	2	-39	43314	9	4	1596	1478	866,667,866,667
1526395526.187967834	54	40	48	1	2	0	2	-39	43315	9	4	1596	1478	866,667,866,667
1526395526.199735890	54	40	48	1	2	0	2	-39	43316	9	4	1596	1478	866,667,866,667
1526395526.211479831	54	40	48	1	2	0	2	-39	43317	9	4	1596	1478	866,667,866,667
1526395526.223255438	54	40	48	1	2	0	2	-39	43318	9	4	1596	1478	866,667,866,667
1526395526.235525162	54	40	48	1	2	0	2	-39	43319	9	4	1596	1478	866,667,866,667
1526395526.246778231	54	40	48	1	2	0	2	-39	43320	9	4	1596	1478	866,667,866,667
1526395526.258552861	54	40	48	1	2	0	2	-39	43321	9	4	1596	1478	866,667,866,667
1526395526.270843327	54	40	48	1	2	0	2	-39	43322	9	4	1596	1478	866,667,866,667
1526395526.282116582	54	40	48	1	2	0	2	-39	43323	9	4	1596	1478	866,667,866,667
1526395526.293800486	54	40	48	1	2	0	2	-39	43324	9	4	1596	1478	866,667,866,667
1526395526.307485499	54	40	48	1	2	0	2	-39	43325	9	4	1596	1478	866,667,866,667
1526395526.317338715	54	40	48	1	2	0	2	-39	43326	9	4	1596	1478	866,667,866,667
1526395526.329109345	54	40	48	1	2	0	2	-39	43327	9	4	1596	1478	866,667,866,667
1526395526.340901639	54	40	48	1	2	0	2	-39	43328	9	4	1596	1478	866,667,866,667
1526395526.352603066	54	40	48	1	2	0	2	-39	43329	9	4	1596	1478	866,667,866,667
1526395526.364432252	54	40	48	1	2	0	2	-39	43330	9	4	1596	1478	866,667,866,667
1526395526.376198997	54	40	48	1	2	0	2	-39	43331	9	4	1596	1478	866,667,866,667
1526395526.387878001	54	40	48	1	2	0	2	-39	43332	9	4	1596	1478	866,667,866,667
1526395526.399725337	54	40	48	1	2	0	2	-39	43333	9	4	1596	1478	866,667,866,667
1526395526.411421718	54	40	48	1	2	0	2	-39	43334	9	4	1596	1478	866,667,866,667
1526395526.423211419	54	40	48	1	2	0	2	-39	43335	9	4	1596	1478	866,667,866,667
1526395526.435239630	54	40	48	1	2	0	2	-39	43337	9	4	1596	1478	866,667,866,667
1526395526.446664402	54	40	48	1	2	0	2	-39	43338	9	4	1596	1478	866,667,866,667
1526395526.458512149	54	40	48	1	2	0	2	-39	43339	9	4	1596	1478	866,667,866,667
1526395526.470164288	54	40	48	1	2	0	2	-39	43340	9	4	1596	1478	866,667,866,667
1526395526.482043588	54	40	48	1	2	0	2	-39	43341	9	4	1596	1478	866,667,866,667
1526395526.493777910	54	40	48	1	2	0	2	-39	43342	9	4	1596	1478	866,667,866,667
1526395526.505560335	54	40	48	1	2	0	2	-39	43343	9	4	1596	1478	866,667,866,667
1526395526.517229006	54	40	48	1	2	0	2	-39	43344	9	4	1596	1478	866,667,866,667
1526395526.528949839	54	40	48	1	2	0	2	-39	43345	9	4	1596	1478	866,667,866,667
1526395526.540828219	54	40	48	1	2	0	2	-39	43346	9	4	1596	1478	866,667,866,667
1526395526.552505847	54	40	48	1	2	0	2	-39	43347	9	4	1596	1478	866,667,866,667
1526395526.564188238	54	40	48	1	2	0	2	-39	43348	9	4	1596	1478	866,667,866,667
1526395526.575999380	54	40	48	1	2	0	2	-39	43349	9	4	1596	1478	866,667,866,667
1526395526.587715748	54	40	48	1	2	0	2	-39	43350	9	4	1596	1478	866,667,866,667
1526395526.599551474	54	40	48	1	2	0	2	-39	43351	9	4	1596	1478	866,667,866,667
1526395526.611381181	54	40	48	1	2	0	2	-40	43352	9	4	1596	1478	866,667,866,667
1526395526.623175576	54	40	48	1	2	0	2	-40	43353	9	4	1596	1478	866,667,866,667
1526395526.634905250	54	40	48	1	2	0	2	-40	43354	9	4	1596	1478	866,667,866,667
1526395526.646657636	54	40	48	1	2	0	2	-40	43355	9	4	1596	1478	866,667,866,667
1526395526.658428739	54	40	48	1	2	0	2	-40	43356	9	4	1596	1478	866,667,866,667
1526395526.670294610	54	40	48	1	2	0	2	-40	43357	9	4	1596	1478	866,667,866,667
1526395526.681942979	54	40	48	1	2	0	2	-40	43358	9	4	1596	1478	866,667,866,667
1526395526.693690947	54	40	48	1	2	0	2	-40	43359	9	4	1596	1478	866,667,866,667
1526395526.705470011	54	40	48	1	2	0	2	-40	43360	9	4	1596	1478	866,667,866,667
1526395526.717141810	54	40	48	1	2	0	2	-40	43361	9	4	1596	1478	866,667,866,667
1526395526.728924788	54	40	48	1	2	0	2	-40	43362	9	4	1596	1478	866,667,866,667
1526395526.740642490	54	40	48	1	2	0	2	-40	43363	9	4	1596	1478	866,667,866,667
1526395526.752429597	54	40	48	1	2	0	2	-40	43364	9	4	1596	1478	866,667,866,667
1526395526.764295058	54	40	48	1	2	0	2	-40	43365	9	4	1596	1478	866,667,866,667
1526395526.776021234	54	40	48	1	2	0	2	-40	43366	9	4	1596	1478	866,667,866,667
1526395526.788069297	54	40	48	1	2	0	2	-40	43368	9	4	1596	1478	866,667,866,667
1526395526.799516079	54	40	48	1	2	0	2	-40	43369	9	4	1596	1478	866,667,866,667
1526395526.811297660	54	40	48	1	2	0	2	-40	43370	9	4	1596	1478	866,667,866,667
1526395526.823396822	54	40	48	1	2	0	2	-40	43372	9	4	1596	1478	866,667,866,667
1526395526.834758993	54	40	48	1	2	0	2	-40	43373	9	4	1596	1478	866,667,866,667
1526395526.846583544	54	40	48	1	2	0	2	-40	43374	9	4	1596	1478	866,667,866,667
1526395526.858342609	54	40	48	1	2	0	2	-40	43375	9	4	1596	1478	866,667,866,667
