1526395826.119157339	92	40	48	0	2	0	2	-46	43581	5	4	3130	1478,1478	468,468
1526395826.119207168	92	40	48	0	2	0	2	-46	43581	5	4	3130	1478,1478	468,468
1526395826.119222187	92	40	48	0	2	0	2	-46	43581	5	4	3130	1478,1478	468,468
1526395826.119233745	92	40	48	0	2	0	2	-46	43581	5	4	3130	1478,1478	468,468
1526395826.119251980	92	40	48	0	2	0	2	-46	43581	5	4	3130	1478,1478	468,468
1526395826.119263950	92	40	48	0	2	0	2	-46	43581	5	4	3130	1478,1478	468,468
1526395826.119276123	92	40	48	0	2	0	2	-46	43581	5	4	3130	1478,1478	468,468
1526395826.119289938	92	40	48	0	2	0	2	-46	43581	5	4	3130	1478,1478	468,468
1526395826.119301861	66	40	48	0	2	0	2	-46	43581	5	4	1596	1478	468,468
1526395826.120834655	66	40	48	0	2	0	2	-46	43582	5	4	1596	1478	468,468
1526395826.132544007	66	40	48	0	2	0	2	-46	43583	5	4	1596	1478	468,468
1526395826.144398070	63	40	48	0	2	0	2	-46	43584	6	4	1596	1478	526,5,526,5
1526395826.156117380	63	40	48	0	2	0	2	-46	43585	6	4	1596	1478	526,5,526,5
1526395826.167912016	63	40	48	0	2	0	2	-46	43586	6	4	1596	1478	526,5,526,5
1526395826.179658155	63	40	48	0	2	0	2	-47	43587	6	4	1596	1478	526,5,526,5
1526395826.191426958	63	40	48	0	2	0	2	-46	43588	6	4	1596	1478	526,5,526,5
1526395826.203066766	58	40	48	1	2	0	2	-46	43589	7	4	1596	1478	650,650
1526395826.214823810	58	40	48	1	2	0	2	-46	43590	7	4	1596	1478	650,650
1526395826.260792969	77	40	48	1	2	0	2	-46	43596	7	4	3130	1478,1478	650,650
1526395826.260841772	58	40	48	1	2	0	2	-46	43596	7	4	1596	1478	650,650
1526395826.261865413	58	40	48	1	2	0	2	-46	43597	7	4	1596	1478	650,650
1526395826.273713800	58	40	48	1	2	0	2	-46	43598	7	4	1596	1478	650,650
1526395826.285521460	55	40	48	1	2	0	2	-46	43599	8	4	1596	1478	780,780
1526395826.404288470	71	40	48	1	2	0	2	-46	43600	8	4	3130	1478,1478	780,780
1526395826.404334316	71	40	48	1	2	0	2	-46	43600	8	4	3130	1478,1478	780,780
1526395826.404348447	71	40	48	1	2	0	2	-46	43600	8	4	3130	1478,1478	780,780
1526395826.404361359	71	40	48	1	2	0	2	-46	43600	8	4	3130	1478,1478	780,780
1526395826.404379571	71	40	48	1	2	0	2	-46	43600	8	4	3130	1478,1478	780,780
1526395826.415332169	55	40	48	1	2	0	2	-46	43601	8	4	1596	1478	780,780
1526395826.426592238	55	40	48	1	2	0	2	-46	43602	8	4	1596	1478	780,780
1526395826.547633925	71	40	48	1	2	0	2	-46	43603	8	4	3130	1478,1478	780,780
1526395826.547678684	71	40	48	1	2	0	2	-46	43603	8	4	3130	1478,1478	780,780
1526395826.547691425	71	40	48	1	2	0	2	-46	43603	8	4	3130	1478,1478	780,780
1526395826.547707098	71	40	48	1	2	0	2	-46	43603	8	4	3130	1478,1478	780,780
1526395826.547718539	71	40	48	1	2	0	2	-46	43603	8	4	3130	1478,1478	780,780
1526395826.555865471	54	40	48	1	2	0	2	-46	43604	9	4	1596	1478	866,667,866,667
1526395826.567671894	54	40	48	1	2	0	2	-46	43605	9	4	1596	1478	866,667,866,667
1526395826.579478802	54	40	48	1	2	0	2	-46	43606	9	4	1596	1478	866,667,866,667
1526395826.591237592	54	40	48	1	2	0	2	-46	43607	9	4	1596	1478	866,667,866,667
1526395826.602935880	54	40	48	1	2	0	2	-46	43608	9	4	1596	1478	866,667,866,667
1526395826.614761961	54	40	48	1	2	0	2	-46	43609	9	4	1596	1478	866,667,866,667
1526395826.626708176	54	40	48	1	2	0	2	-46	43610	9	4	1596	1478	866,667,866,667
1526395826.747878229	68	40	48	1	2	0	2	-47	43611	9	4	3130	1478,1478	866,667,866,667
1526395826.747909218	68	40	48	1	2	0	2	-47	43611	9	4	3130	1478,1478	866,667,866,667
1526395826.747917922	68	40	48	1	2	0	2	-47	43611	9	4	3130	1478,1478	866,667,866,667
1526395826.747927154	68	40	48	1	2	0	2	-47	43611	9	4	3130	1478,1478	866,667,866,667
1526395826.747937200	68	40	48	1	2	0	2	-47	43611	9	4	3130	1478,1478	866,667,866,667
1526395826.755799908	54	40	48	1	2	0	2	-47	43612	9	4	1596	1478	866,667,866,667
1526395826.767495365	54	40	48	1	2	0	2	-47	43613	9	4	1596	1478	866,667,866,667
1526395826.779249569	54	40	48	1	2	0	2	-47	43614	9	4	1596	1478	866,667,866,667
1526395826.791338026	54	40	48	1	2	0	2	-47	43615	9	4	1596	1478	866,667,866,667
1526395826.802823857	54	40	48	1	2	0	2	-46	43616	9	4	1596	1478	866,667,866,667
1526395826.814579486	54	40	48	1	2	0	2	-46	43617	9	4	1596	1478	866,667,866,667
1526395826.826377678	54	40	48	1	2	0	2	-46	43618	9	4	1596	1478	866,667,866,667
1526395826.838100353	54	40	48	1	2	0	2	-46	43619	9	4	1596	1478	866,667,866,667
1526395826.849947846	54	40	48	1	2	0	2	-46	43620	9	4	1596	1478	866,667,866,667
1526395826.861736425	54	40	48	1	2	0	2	-46	43621	9	4	1596	1478	866,667,866,667
1526395826.873335004	54	40	48	1	2	0	2	-46	43622	9	4	1596	1478	866,667,866,667
1526395826.885239064	54	40	48	1	2	0	2	-46	43623	9	4	1596	1478	866,667,866,667
1526395826.897016597	54	40	48	1	2	0	2	-46	43624	9	4	1596	1478	866,667,866,667
1526395826.908749168	54	40	48	1	2	0	2	-46	43625	9	4	1596	1478	866,667,866,667
1526395826.920522435	54	40	48	1	2	0	2	-46	43626	9	4	1596	1478	866,667,866,667
1526395826.932283496	54	40	48	1	2	0	2	-46	43627	9	4	1596	1478	866,667,866,667
1526395826.944036582	54	40	48	1	2	0	2	-46	43628	9	4	1596	1478	866,667,866,667
1526395826.956094043	54	40	48	1	2	0	2	-46	43629	9	4	1596	1478	866,667,866,667
1526395826.967560779	54	40	48	1	2	0	2	-46	43630	9	4	1596	1478	866,667,866,667
1526395826.979318140	54	40	48	1	2	0	2	-46	43631	9	4	1596	1478	866,667,866,667
1526395826.991064887	54	40	48	1	2	0	2	-46	43632	9	4	1596	1478	866,667,866,667
1526395827.002757229	54	40	48	1	2	0	2	-46	43633	9	4	1596	1478	866,667,866,667
1526395827.014582495	54	40	48	1	2	0	2	-47	43634	9	4	1596	1478	866,667,866,667
1526395827.026351921	54	40	48	1	2	0	2	-46	43635	9	4	1596	1478	866,667,866,667
1526395827.038122218	54	40	48	1	2	0	2	-46	43636	9	4	1596	1478	866,667,866,667
1526395827.049875864	54	40	48	1	2	0	2	-46	43637	9	4	1596	1478	866,667,866,667
1526395827.061674829	54	40	48	1	2	0	2	-47	43638	9	4	1596	1478	866,667,866,667
1526395827.073425804	54	40	48	1	2	0	2	-47	43639	9	4	1596	1478	866,667,866,667
1526395827.085185643	54	40	48	1	2	0	2	-47	43640	9	4	1596	1478	866,667,866,667
1526395827.096963629	54	40	48	1	2	0	2	-47	43641	9	4	1596	1478	866,667,866,667
1526395827.108669212	54	40	48	1	2	0	2	-47	43642	9	4	1596	1478	866,667,866,667
1526395827.120440092	54	40	48	1	2	0	2	-47	43643	9	4	1596	1478	866,667,866,667
1526395827.132160650	54	40	48	1	2	0	2	-47	43644	9	4	1596	1478	866,667,866,667
1526395827.143887546	54	40	48	1	2	0	2	-47	43645	9	4	1596	1478	866,667,866,667
1526395827.155734014	54	40	48	1	2	0	2	-46	43646	9	4	1596	1478	866,667,866,667
1526395827.167502634	54	40	48	1	2	0	2	-46	43647	9	4	1596	1478	866,667,866,667
1526395827.179253814	54	40	48	1	2	0	2	-46	43648	9	4	1596	1478	866,667,866,667
1526395827.190991390	54	40	48	1	2	0	2	-46	43649	9	4	1596	1478	866,667,866,667
1526395827.202759543	54	40	48	1	2	0	2	-46	43650	9	4	1596	1478	866,667,866,667
1526395827.214547560	54	40	48	1	2	0	2	-46	43651	9	4	1596	1478	866,667,866,667
1526395827.226201223	54	40	48	1	2	0	2	-46	43652	9	4	1596	1478	866,667,866,667
1526395827.237966355	54	40	48	1	2	0	2	-46	43653	9	4	1596	1478	866,667,866,667
1526395827.249773060	54	40	48	1	2	0	2	-46	43654	9	4	1596	1478	866,667,866,667
1526395827.261565333	54	40	48	1	2	0	2	-46	43655	9	4	1596	1478	866,667,866,667
1526395827.273337395	54	40	48	1	2	0	2	-46	43656	9	4	1596	1478	866,667,866,667
1526395827.285080619	54	40	48	1	2	0	2	-46	43657	9	4	1596	1478	866,667,866,667
1526395827.296859337	54	40	48	1	2	0	2	-46	43658	9	4	1596	1478	866,667,866,667
1526395827.308600454	54	40	48	1	2	0	2	-47	43659	9	4	1596	1478	866,667,866,667
1526395827.320259092	54	40	48	1	2	0	2	-47	43660	9	4	1596	1478	866,667,866,667
1526395827.331999998	54	40	48	1	2	0	2	-47	43661	9	4	1596	1478	866,667,866,667
1526395827.343868466	54	40	48	1	2	0	2	-47	43662	9	4	1596	1478	866,667,866,667
1526395827.355545658	54	40	48	1	2	0	2	-47	43663	9	4	1596	1478	866,667,866,667
1526395827.367368922	54	40	48	1	2	0	2	-47	43664	9	4	1596	1478	866,667,866,667
1526395827.379146844	54	40	48	1	2	0	2	-47	43665	9	4	1596	1478	866,667,866,667
1526395827.390909766	54	40	48	1	2	0	2	-47	43666	9	4	1596	1478	866,667,866,667
1526395827.402655511	54	40	48	1	2	0	2	-47	43667	9	4	1596	1478	866,667,866,667
1526395827.414313756	54	40	48	1	2	0	2	-47	43668	9	4	1596	1478	866,667,866,667
1526395827.426198158	54	40	48	1	2	0	2	-47	43669	9	4	1596	1478	866,667,866,667
1526395827.437964904	54	40	48	1	2	0	2	-47	43670	9	4	1596	1478	866,667,866,667
1526395827.449723005	54	40	48	1	2	0	2	-47	43671	9	4	1596	1478	866,667,866,667
1526395827.461481359	54	40	48	1	2	0	2	-47	43672	9	4	1596	1478	866,667,866,667
1526395827.473260982	54	40	48	1	2	0	2	-47	43673	9	4	1596	1478	866,667,866,667
1526395827.484998245	54	40	48	1	2	0	2	-47	43674	9	4	1596	1478	866,667,866,667
1526395827.496758557	54	40	48	1	2	0	2	-47	43675	9	4	1596	1478	866,667,866,667
1526395827.508522105	54	40	48	1	2	0	2	-47	43676	9	4	1596	1478	866,667,866,667
1526395827.520206161	54	40	48	1	2	0	2	-47	43677	9	4	1596	1478	866,667,866,667
1526395827.531937303	54	40	48	1	2	0	2	-47	43678	9	4	1596	1478	866,667,866,667
1526395827.543783738	54	40	48	1	2	0	2	-47	43679	9	4	1596	1478	866,667,866,667
1526395827.555555354	54	40	48	1	2	0	2	-47	43680	9	4	1596	1478	866,667,866,667
1526395827.567319105	54	40	48	1	2	0	2	-47	43681	9	4	1596	1478	866,667,866,667
1526395827.579140432	54	40	48	1	2	0	2	-47	43682	9	4	1596	1478	866,667,866,667
1526395827.590825049	54	40	48	1	2	0	2	-47	43683	9	4	1596	1478	866,667,866,667
1526395827.602604523	54	40	48	1	2	0	2	-47	43684	9	4	1596	1478	866,667,866,667
1526395827.614372603	54	40	48	1	2	0	2	-47	43685	9	4	1596	1478	866,667,866,667
1526395827.626106270	54	40	48	1	2	0	2	-46	43686	9	4	1596	1478	866,667,866,667
1526395827.637789928	54	40	48	1	2	0	2	-46	43687	9	4	1596	1478	866,667,866,667
1526395827.649536989	54	40	48	1	2	0	2	-46	43688	9	4	1596	1478	866,667,866,667
1526395827.661303759	54	40	48	1	2	0	2	-46	43689	9	4	1596	1478	866,667,866,667
1526395827.673083005	54	40	48	1	2	0	2	-46	43690	9	4	1596	1478	866,667,866,667
1526395827.684750258	54	40	48	1	2	0	2	-47	43691	9	4	1596	1478	866,667,866,667
1526395827.696492034	54	40	48	1	2	0	2	-47	43692	9	4	1596	1478	866,667,866,667
1526395827.708220982	54	40	48	1	2	0	2	-47	43693	9	4	1596	1478	866,667,866,667
1526395827.719982790	54	40	48	1	2	0	2	-47	43694	9	4	1596	1478	866,667,866,667
1526395827.731737658	54	40	48	1	2	0	2	-47	43695	9	4	1596	1478	866,667,866,667
1526395827.743596470	54	40	48	1	2	0	2	-47	43696	9	4	1596	1478	866,667,866,667
1526395827.755366363	54	40	48	1	2	0	2	-47	43697	9	4	1596	1478	866,667,866,667
1526395827.767122758	54	40	48	1	2	0	2	-47	43698	9	4	1596	1478	866,667,866,667
1526395827.778849604	54	40	48	1	2	0	2	-47	43699	9	4	1596	1478	866,667,866,667
1526395827.790756149	54	40	48	1	2	0	2	-47	43700	9	4	1596	1478	866,667,866,667
1526395827.802504179	54	40	48	1	2	0	2	-47	43701	9	4	1596	1478	866,667,866,667
1526395827.814274243	54	40	48	1	2	0	2	-47	43702	9	4	1596	1478	866,667,866,667
1526395827.826386879	54	40	48	1	2	0	2	-47	43703	9	4	1596	1478	866,667,866,667
1526395827.837633360	54	40	48	1	2	0	2	-47	43704	9	4	1596	1478	866,667,866,667
1526395827.849556023	54	40	48	1	2	0	2	-47	43705	9	4	1596	1478	866,667,866,667
1526395827.861318135	54	40	48	1	2	0	2	-47	43706	9	4	1596	1478	866,667,866,667
1526395827.873056532	54	40	48	1	2	0	2	-47	43707	9	4	1596	1478	866,667,866,667
1526395827.884827431	54	40	48	1	2	0	2	-47	43708	9	4	1596	1478	866,667,866,667
1526395827.896606370	54	40	48	1	2	0	2	-47	43709	9	4	1596	1478	866,667,866,667
1526395827.908345435	54	40	48	1	2	0	2	-47	43710	9	4	1596	1478	866,667,866,667
1526395827.920054877	54	40	48	1	2	0	2	-47	43711	9	4	1596	1478	866,667,866,667
1526395827.931737892	54	40	48	1	2	0	2	-47	43712	9	4	1596	1478	866,667,866,667
1526395827.943513469	54	40	48	1	2	0	2	-47	43713	9	4	1596	1478	866,667,866,667
1526395827.955312238	54	40	48	1	2	0	2	-47	43714	9	4	1596	1478	866,667,866,667
1526395827.967153015	54	40	48	1	2	0	2	-47	43715	9	4	1596	1478	866,667,866,667
1526395827.979571742	54	40	48	1	2	0	2	-47	43716	9	4	1596	1478	866,667,866,667
1526395827.990701485	54	40	48	1	2	0	2	-47	43717	9	4	1596	1478	866,667,866,667
1526395828.002462554	54	40	48	1	2	0	2	-47	43718	9	4	1596	1478	866,667,866,667
1526395828.014217593	54	40	48	1	2	0	2	-46	43719	9	4	1596	1478	866,667,866,667
1526395828.025953419	54	40	48	1	2	0	2	-46	43720	9	4	1596	1478	866,667,866,667
1526395828.037717482	54	40	48	1	2	0	2	-46	43721	9	4	1596	1478	866,667,866,667
1526395828.049484866	54	40	48	1	2	0	2	-46	43722	9	4	1596	1478	866,667,866,667
1526395828.061158474	54	40	48	1	2	0	2	-46	43723	9	4	1596	1478	866,667,866,667
1526395828.072995156	54	40	48	1	2	0	2	-46	43724	9	4	1596	1478	866,667,866,667
1526395828.085471207	54	40	48	1	2	0	2	-46	43725	9	4	1596	1478	866,667,866,667
1526395828.096538873	54	40	48	1	2	0	2	-47	43726	9	4	1596	1478	866,667,866,667
1526395828.108275015	54	40	48	1	2	0	2	-47	43727	9	4	1596	1478	866,667,866,667
1526395828.120044087	54	40	48	1	2	0	2	-47	43728	9	4	1596	1478	866,667,866,667
1526395828.131796576	54	40	48	1	2	0	2	-47	43729	9	4	1596	1478	866,667,866,667
1526395828.143558310	54	40	48	1	2	0	2	-47	43730	9	4	1596	1478	866,667,866,667
1526395828.155683186	54	40	48	1	2	0	2	-47	43731	9	4	1596	1478	866,667,866,667
1526395828.167094560	54	40	48	1	2	0	2	-47	43732	9	4	1596	1478	866,667,866,667
1526395828.178844676	54	40	48	1	2	0	2	-47	43733	9	4	1596	1478	866,667,866,667
1526395828.190640491	54	40	48	1	2	0	2	-47	43734	9	4	1596	1478	866,667,866,667
1526395828.202352845	54	40	48	1	2	0	2	-47	43735	9	4	1596	1478	866,667,866,667
1526395828.214033952	54	40	48	1	2	0	2	-47	43736	9	4	1596	1478	866,667,866,667
1526395828.225882490	54	40	48	1	2	0	2	-47	43737	9	4	1596	1478	866,667,866,667
1526395828.237646843	54	40	48	1	2	0	2	-47	43738	9	4	1596	1478	866,667,866,667
1526395828.249386306	54	40	48	1	2	0	2	-47	43739	9	4	1596	1478	866,667,866,667
1526395828.261160943	54	40	48	1	2	0	2	-47	43740	9	4	1596	1478	866,667,866,667
1526395828.272914327	54	40	48	1	2	0	2	-46	43741	9	4	1596	1478	866,667,866,667
1526395828.284681307	54	40	48	1	2	0	2	-46	43742	9	4	1596	1478	866,667,866,667
1526395828.296482785	54	40	48	1	2	0	2	-46	43743	9	4	1596	1478	866,667,866,667
1526395828.308196898	54	40	48	1	2	0	2	-46	43744	9	4	1596	1478	866,667,866,667
1526395828.319971669	54	40	48	1	2	0	2	-46	43745	9	4	1596	1478	866,667,866,667
1526395828.331741943	54	40	48	1	2	0	2	-46	43746	9	4	1596	1478	866,667,866,667
1526395828.343382247	54	40	48	1	2	0	2	-47	43747	9	4	1596	1478	866,667,866,667
1526395828.354993605	54	40	48	1	2	0	2	-46	43748	9	4	1596	1478	866,667,866,667
1526395828.366957493	54	40	48	1	2	0	2	-46	43749	9	4	1596	1478	866,667,866,667
1526395828.378686707	54	40	48	1	2	0	2	-46	43750	9	4	1596	1478	866,667,866,667
1526395828.390540123	54	40	48	1	2	0	2	-46	43751	9	4	1596	1478	866,667,866,667
1526395828.402263035	54	40	48	1	2	0	2	-46	43752	9	4	1596	1478	866,667,866,667
1526395828.414023551	54	40	48	1	2	0	2	-46	43753	9	4	1596	1478	866,667,866,667
1526395828.425805966	54	40	48	1	2	0	2	-46	43754	9	4	1596	1478	866,667,866,667
1526395828.437394216	54	40	48	1	2	0	2	-46	43755	9	4	1596	1478	866,667,866,667
1526395828.449126959	54	40	48	1	2	0	2	-46	43756	9	4	1596	1478	866,667,866,667
1526395828.461063973	54	40	48	1	2	0	2	-46	43757	9	4	1596	1478	866,667,866,667
1526395828.472823439	54	40	48	1	2	0	2	-46	43758	9	4	1596	1478	866,667,866,667
1526395828.484589812	54	40	48	1	2	0	2	-46	43759	9	4	1596	1478	866,667,866,667
1526395828.496390071	54	40	48	1	2	0	2	-46	43760	9	4	1596	1478	866,667,866,667
1526395828.508016531	54	40	48	1	2	0	2	-46	43761	9	4	1596	1478	866,667,866,667
1526395828.519860581	54	40	48	1	2	0	2	-46	43762	9	4	1596	1478	866,667,866,667
1526395828.531511677	54	40	48	1	2	0	2	-46	43763	9	4	1596	1478	866,667,866,667
1526395828.543427102	54	40	48	1	2	0	2	-46	43764	9	4	1596	1478	866,667,866,667
1526395828.555167356	54	40	48	1	2	0	2	-46	43765	9	4	1596	1478	866,667,866,667
1526395828.566924269	54	40	48	1	2	0	2	-46	43766	9	4	1596	1478	866,667,866,667
1526395828.578679128	54	40	48	1	2	0	2	-46	43767	9	4	1596	1478	866,667,866,667
1526395828.590363842	54	40	48	1	2	0	2	-46	43768	9	4	1596	1478	866,667,866,667
1526395828.602134009	54	40	48	1	2	0	2	-46	43769	9	4	1596	1478	866,667,866,667
1526395828.613866093	54	40	48	1	2	0	2	-46	43770	9	4	1596	1478	866,667,866,667
1526395828.625621871	54	40	48	1	2	0	2	-46	43771	9	4	1596	1478	866,667,866,667
1526395828.637402315	54	40	48	1	2	0	2	-46	43772	9	4	1596	1478	866,667,866,667
1526395828.649106033	54	40	48	1	2	0	2	-46	43775	9	4	1596	1478	866,667,866,667
1526395828.660871446	54	40	48	1	2	0	2	-46	43776	9	4	1596	1478	866,667,866,667
1526395828.672652747	54	40	48	1	2	0	2	-46	43777	9	4	1596	1478	866,667,866,667
1526395828.684403356	54	40	48	1	2	0	2	-46	43778	9	4	1596	1478	866,667,866,667
1526395828.696146705	54	40	48	1	2	0	2	-46	43779	9	4	1596	1478	866,667,866,667
1526395828.707933936	54	40	48	1	2	0	2	-46	43780	9	4	1596	1478	866,667,866,667
1526395828.719679444	54	40	48	1	2	0	2	-46	43781	9	4	1596	1478	866,667,866,667
1526395828.731418189	54	40	48	1	2	0	2	-46	43782	9	4	1596	1478	866,667,866,667
1526395828.743183212	54	40	48	1	2	0	2	-46	43783	9	4	1596	1478	866,667,866,667
1526395828.754945432	54	40	48	1	2	0	2	-46	43784	9	4	1596	1478	866,667,866,667
1526395828.766708752	54	40	48	1	2	0	2	-46	43785	9	4	1596	1478	866,667,866,667
1526395828.778468071	54	40	48	1	2	0	2	-46	43786	9	4	1596	1478	866,667,866,667
1526395828.790227055	54	40	48	1	2	0	2	-46	43787	9	4	1596	1478	866,667,866,667
1526395828.802012873	54	40	48	1	2	0	2	-46	43788	9	4	1596	1478	866,667,866,667
1526395828.814090434	54	40	48	1	2	0	2	-46	43789	9	4	1596	1478	866,667,866,667
1526395828.825498268	54	40	48	1	2	0	2	-46	43790	9	4	1596	1478	866,667,866,667
1526395828.837271058	54	40	48	1	2	0	2	-46	43791	9	4	1596	1478	866,667,866,667
1526395828.849019169	54	40	48	1	2	0	2	-46	43792	9	4	1596	1478	866,667,866,667
1526395828.860651469	54	40	48	1	2	0	2	-46	43793	9	4	1596	1478	866,667,866,667
1526395828.872900275	54	40	48	1	2	0	2	-46	43794	9	4	1596	1478	866,667,866,667
1526395828.884203101	54	40	48	1	2	0	2	-46	43795	9	4	1596	1478	866,667,866,667
1526395828.896032537	54	40	48	1	2	0	2	-46	43796	9	4	1596	1478	866,667,866,667
1526395828.907871885	54	40	48	1	2	0	2	-46	43797	9	4	1596	1478	866,667,866,667
1526395828.919535029	54	40	48	1	2	0	2	-46	43798	9	4	1596	1478	866,667,866,667
1526395828.931352585	54	40	48	1	2	0	2	-46	43799	9	4	1596	1478	866,667,866,667
1526395828.943197962	54	40	48	1	2	0	2	-46	43800	9	4	1596	1478	866,667,866,667
1526395828.954827830	54	40	48	1	2	0	2	-46	43801	9	4	1596	1478	866,667,866,667
1526395828.966792251	54	40	48	1	2	0	2	-46	43802	9	4	1596	1478	866,667,866,667
1526395828.978489999	54	40	48	1	2	0	2	-46	43803	9	4	1596	1478	866,667,866,667
1526395828.990344731	54	40	48	1	2	0	2	-46	43804	9	4	1596	1478	866,667,866,667
1526395829.002096385	54	40	48	1	2	0	2	-46	43805	9	4	1596	1478	866,667,866,667
1526395829.013866368	54	40	48	1	2	0	2	-46	43806	9	4	1596	1478	866,667,866,667
1526395829.025533238	54	40	48	1	2	0	2	-47	43807	9	4	1596	1478	866,667,866,667
1526395829.037355281	54	40	48	1	2	0	2	-47	43808	9	4	1596	1478	866,667,866,667
1526395829.049126687	54	40	48	1	2	0	2	-47	43809	9	4	1596	1478	866,667,866,667
1526395829.060918997	54	40	48	1	2	0	2	-46	43810	9	4	1596	1478	866,667,866,667
1526395829.072651813	54	40	48	1	2	0	2	-46	43811	9	4	1596	1478	866,667,866,667
1526395829.084402424	54	40	48	1	2	0	2	-46	43812	9	4	1596	1478	866,667,866,667
1526395829.096180328	54	40	48	1	2	0	2	-47	43813	9	4	1596	1478	866,667,866,667
1526395829.107937715	54	40	48	1	2	0	2	-46	43814	9	4	1596	1478	866,667,866,667
1526395829.119606060	54	40	48	1	2	0	2	-46	43815	9	4	1596	1478	866,667,866,667
1526395829.131481814	54	40	48	1	2	0	2	-46	43816	9	4	1596	1478	866,667,866,667
1526395829.143007551	54	40	48	1	2	0	2	-46	43817	9	4	1596	1478	866,667,866,667
1526395829.155245587	54	40	48	1	2	0	2	-47	43818	9	4	1596	1478	866,667,866,667
1526395829.166580359	54	40	48	1	2	0	2	-46	43819	9	4	1596	1478	866,667,866,667
1526395829.178336793	54	40	48	1	2	0	2	-46	43820	9	4	1596	1478	866,667,866,667
1526395829.190146952	54	40	48	1	2	0	2	-46	43821	9	4	1596	1478	866,667,866,667
1526395829.201860671	54	40	48	1	2	0	2	-46	43822	9	4	1596	1478	866,667,866,667
1526395829.213651116	54	40	48	1	2	0	2	-46	43823	9	4	1596	1478	866,667,866,667
1526395829.225392801	54	40	48	1	2	0	2	-46	43824	9	4	1596	1478	866,667,866,667
1526395829.237233897	54	40	48	1	2	0	2	-46	43825	9	4	1596	1478	866,667,866,667
1526395829.248998376	54	40	48	1	2	0	2	-47	43826	9	4	1596	1478	866,667,866,667
1526395829.260788400	54	40	48	1	2	0	2	-47	43827	9	4	1596	1478	866,667,866,667
1526395829.272529828	54	40	48	1	2	0	2	-46	43828	9	4	1596	1478	866,667,866,667
1526395829.284283721	54	40	48	1	2	0	2	-47	43829	9	4	1596	1478	866,667,866,667
1526395829.295985290	54	40	48	1	2	0	2	-46	43830	9	4	1596	1478	866,667,866,667
1526395829.307774223	54	40	48	1	2	0	2	-46	43831	9	4	1596	1478	866,667,866,667
1526395829.319607600	54	40	48	1	2	0	2	-46	43832	9	4	1596	1478	866,667,866,667
1526395829.331285111	54	40	48	1	2	0	2	-46	43833	9	4	1596	1478	866,667,866,667
1526395829.343088194	54	40	48	1	2	0	2	-46	43834	9	4	1596	1478	866,667,866,667
1526395829.354831258	54	40	48	1	2	0	2	-46	43835	9	4	1596	1478	866,667,866,667
1526395829.366526201	54	40	48	1	2	0	2	-46	43836	9	4	1596	1478	866,667,866,667
1526395829.378279026	54	40	48	1	2	0	2	-46	43837	9	4	1596	1478	866,667,866,667
1526395829.390012863	54	40	48	1	2	0	2	-46	43838	9	4	1596	1478	866,667,866,667
1526395829.401870501	54	40	48	1	2	0	2	-46	43839	9	4	1596	1478	866,667,866,667
1526395829.413641423	54	40	48	1	2	0	2	-46	43840	9	4	1596	1478	866,667,866,667
1526395829.425326298	54	40	48	1	2	0	2	-46	43841	9	4	1596	1478	866,667,866,667
1526395829.437064663	54	40	48	1	2	0	2	-46	43842	9	4	1596	1478	866,667,866,667
1526395829.448809744	54	40	48	1	2	0	2	-46	43843	9	4	1596	1478	866,667,866,667
1526395829.460679819	54	40	48	1	2	0	2	-46	43844	9	4	1596	1478	866,667,866,667
1526395829.472423075	54	40	48	1	2	0	2	-46	43845	9	4	1596	1478	866,667,866,667
1526395829.484191037	54	40	48	1	2	0	2	-46	43846	9	4	1596	1478	866,667,866,667
1526395829.495964248	54	40	48	1	2	0	2	-46	43847	9	4	1596	1478	866,667,866,667
1526395829.507701961	54	40	48	1	2	0	2	-46	43848	9	4	1596	1478	866,667,866,667
1526395829.519497508	54	40	48	1	2	0	2	-46	43849	9	4	1596	1478	866,667,866,667
1526395829.531163299	54	40	48	1	2	0	2	-46	43850	9	4	1596	1478	866,667,866,667
1526395829.542980628	54	40	48	1	2	0	2	-46	43851	9	4	1596	1478	866,667,866,667
1526395829.554693871	54	40	48	1	2	0	2	-46	43852	9	4	1596	1478	866,667,866,667
1526395829.566536638	54	40	48	1	2	0	2	-46	43853	9	4	1596	1478	866,667,866,667
1526395829.578177157	54	40	48	1	2	0	2	-47	43854	9	4	1596	1478	866,667,866,667
1526395829.589894911	54	40	48	1	2	0	2	-47	43855	9	4	1596	1478	866,667,866,667
1526395829.601696625	54	40	48	1	2	0	2	-47	43856	9	4	1596	1478	866,667,866,667
1526395829.613449499	54	40	48	1	2	0	2	-47	43857	9	4	1596	1478	866,667,866,667
1526395829.625239573	54	40	48	1	2	0	2	-47	43858	9	4	1596	1478	866,667,866,667
1526395829.636962974	54	40	48	1	2	0	2	-47	43859	9	4	1596	1478	866,667,866,667
1526395829.648753776	54	40	48	1	2	0	2	-47	43860	9	4	1596	1478	866,667,866,667
1526395829.660613594	54	40	48	1	2	0	2	-47	43861	9	4	1596	1478	866,667,866,667
1526395829.672281488	54	40	48	1	2	0	2	-46	43862	9	4	1596	1478	866,667,866,667
1526395829.684097921	54	40	48	1	2	0	2	-46	43863	9	4	1596	1478	866,667,866,667
1526395829.695872566	54	40	48	1	2	0	2	-46	43864	9	4	1596	1478	866,667,866,667
1526395829.707656974	54	40	48	1	2	0	2	-46	43865	9	4	1596	1478	866,667,866,667
1526395829.719409112	54	40	48	1	2	0	2	-46	43866	9	4	1596	1478	866,667,866,667
1526395829.731157061	54	40	48	1	2	0	2	-46	43867	9	4	1596	1478	866,667,866,667
1526395829.742919256	54	40	48	1	2	0	2	-46	43868	9	4	1596	1478	866,667,866,667
1526395829.754605095	54	40	48	1	2	0	2	-46	43869	9	4	1596	1478	866,667,866,667
1526395829.766429346	54	40	48	1	2	0	2	-46	43870	9	4	1596	1478	866,667,866,667
1526395829.778198998	54	40	48	1	2	0	2	-46	43871	9	4	1596	1478	866,667,866,667
1526395829.789961299	54	40	48	1	2	0	2	-46	43872	9	4	1596	1478	866,667,866,667
1526395829.801747851	54	40	48	1	2	0	2	-46	43873	9	4	1596	1478	866,667,866,667
1526395829.813473107	54	40	48	1	2	0	2	-47	43874	9	4	1596	1478	866,667,866,667
1526395829.825266228	54	40	48	1	2	0	2	-47	43875	9	4	1596	1478	866,667,866,667
1526395829.837012092	54	40	48	1	2	0	2	-46	43876	9	4	1596	1478	866,667,866,667
1526395829.848748252	54	40	48	1	2	0	2	-47	43877	9	4	1596	1478	866,667,866,667
1526395829.860533141	54	40	48	1	2	0	2	-47	43878	9	4	1596	1478	866,667,866,667
1526395829.872279558	54	40	48	1	2	0	2	-47	43879	9	4	1596	1478	866,667,866,667
1526395829.883929673	54	40	48	1	2	0	2	-47	43880	9	4	1596	1478	866,667,866,667
1526395829.896470561	54	40	48	1	2	0	2	-47	43881	9	4	1596	1478	866,667,866,667
1526395829.907551844	54	40	48	1	2	0	2	-47	43882	9	4	1596	1478	866,667,866,667
1526395829.919319816	54	40	48	1	2	0	2	-47	43883	9	4	1596	1478	866,667,866,667
1526395829.931002100	54	40	48	1	2	0	2	-47	43884	9	4	1596	1478	866,667,866,667
1526395829.942732148	54	40	48	1	2	0	2	-47	43885	9	4	1596	1478	866,667,866,667
1526395829.954463615	54	40	48	1	2	0	2	-47	43886	9	4	1596	1478	866,667,866,667
1526395829.966336339	54	40	48	1	2	0	2	-47	43887	9	4	1596	1478	866,667,866,667
1526395829.978118385	54	40	48	1	2	0	2	-46	43888	9	4	1596	1478	866,667,866,667
1526395829.990150628	54	40	48	1	2	0	2	-47	43889	9	4	1596	1478	866,667,866,667
1526395830.001631637	54	40	48	1	2	0	2	-46	43890	9	4	1596	1478	866,667,866,667
1526395830.013390490	54	40	48	1	2	0	2	-46	43891	9	4	1596	1478	866,667,866,667
1526395830.025169394	54	40	48	1	2	0	2	-47	43892	9	4	1596	1478	866,667,866,667
1526395830.036945414	54	40	48	1	2	0	2	-47	43893	9	4	1596	1478	866,667,866,667
1526395830.048681379	54	40	48	1	2	0	2	-46	43894	9	4	1596	1478	866,667,866,667
1526395830.060439803	54	40	48	1	2	0	2	-46	43895	9	4	1596	1478	866,667,866,667
1526395830.072204206	54	40	48	1	2	0	2	-46	43896	9	4	1596	1478	866,667,866,667
1526395830.083950692	54	40	48	1	2	0	2	-46	43897	9	4	1596	1478	866,667,866,667
1526395830.095717862	54	40	48	1	2	0	2	-46	43898	9	4	1596	1478	866,667,866,667
1526395830.107486723	54	40	48	1	2	0	2	-46	43899	9	4	1596	1478	866,667,866,667
1526395830.119236366	54	40	48	1	2	0	2	-46	43900	9	4	1596	1478	866,667,866,667
1526395830.131022116	54	40	48	1	2	0	2	-46	43901	9	4	1596	1478	866,667,866,667
1526395830.142652327	54	40	48	1	2	0	2	-46	43902	9	4	1596	1478	866,667,866,667
1526395830.154441030	54	40	48	1	2	0	2	-46	43903	9	4	1596	1478	866,667,866,667
1526395830.166204306	54	40	48	1	2	0	2	-46	43904	9	4	1596	1478	866,667,866,667
1526395830.178044820	54	40	48	1	2	0	2	-46	43905	9	4	1596	1478	866,667,866,667
1526395830.189794837	54	40	48	1	2	0	2	-46	43906	9	4	1596	1478	866,667,866,667
1526395830.201564788	54	40	48	1	2	0	2	-46	43907	9	4	1596	1478	866,667,866,667
1526395830.213164394	54	40	48	1	2	0	2	-46	43908	9	4	1596	1478	866,667,866,667
1526395830.225069481	54	40	48	1	2	0	2	-46	43909	9	4	1596	1478	866,667,866,667
1526395830.236859011	54	40	48	1	2	0	2	-46	43910	9	4	1596	1478	866,667,866,667
1526395830.248517179	54	40	48	1	2	0	2	-46	43911	9	4	1596	1478	866,667,866,667
1526395830.260381069	54	40	48	1	2	0	2	-46	43912	9	4	1596	1478	866,667,866,667
1526395830.272138694	54	40	48	1	2	0	2	-46	43913	9	4	1596	1478	866,667,866,667
1526395830.283875828	54	40	48	1	2	0	2	-46	43914	9	4	1596	1478	866,667,866,667
1526395830.295638890	54	40	48	1	2	0	2	-46	43915	9	4	1596	1478	866,667,866,667
1526395830.307428317	54	40	48	1	2	0	2	-46	43916	9	4	1596	1478	866,667,866,667
1526395830.319112977	54	40	48	1	2	0	2	-46	43917	9	4	1596	1478	866,667,866,667
1526395830.330930861	54	40	48	1	2	0	2	-46	43918	9	4	1596	1478	866,667,866,667
1526395830.342720624	54	40	48	1	2	0	2	-46	43919	9	4	1596	1478	866,667,866,667
1526395830.354446988	54	40	48	1	2	0	2	-46	43920	9	4	1596	1478	866,667,866,667
1526395830.366233385	54	40	48	1	2	0	2	-46	43921	9	4	1596	1478	866,667,866,667
1526395830.377953168	54	40	48	1	2	0	2	-46	43922	9	4	1596	1478	866,667,866,667
1526395830.389724199	54	40	48	1	2	0	2	-46	43923	9	4	1596	1478	866,667,866,667
1526395830.401343572	54	40	48	1	2	0	2	-46	43924	9	4	1596	1478	866,667,866,667
1526395830.413161284	54	40	48	1	2	0	2	-46	43925	9	4	1596	1478	866,667,866,667
1526395830.424987836	54	40	48	1	2	0	2	-46	43926	9	4	1596	1478	866,667,866,667
1526395830.437496188	54	40	48	1	2	0	2	-46	43927	9	4	1596	1478	866,667,866,667
1526395830.448549135	54	40	48	1	2	0	2	-46	43928	9	4	1596	1478	866,667,866,667
1526395830.460263533	54	40	48	1	2	0	2	-46	43929	9	4	1596	1478	866,667,866,667
1526395830.472020391	54	40	48	1	2	0	2	-46	43930	9	4	1596	1478	866,667,866,667
1526395830.483776046	54	40	48	1	2	0	2	-46	43931	9	4	1596	1478	866,667,866,667
1526395830.495558244	54	40	48	1	2	0	2	-46	43932	9	4	1596	1478	866,667,866,667
1526395830.507329483	54	40	48	1	2	0	2	-46	43933	9	4	1596	1478	866,667,866,667
1526395830.519058684	54	40	48	1	2	0	2	-46	43934	9	4	1596	1478	866,667,866,667
1526395830.530764295	54	40	48	1	2	0	2	-46	43935	9	4	1596	1478	866,667,866,667
1526395830.542613020	54	40	48	1	2	0	2	-46	43936	9	4	1596	1478	866,667,866,667
1526395830.554267048	54	40	48	1	2	0	2	-46	43937	9	4	1596	1478	866,667,866,667
1526395830.566026002	54	40	48	1	2	0	2	-46	43938	9	4	1596	1478	866,667,866,667
1526395830.577779369	54	40	48	1	2	0	2	-46	43939	9	4	1596	1478	866,667,866,667
1526395830.589538209	54	40	48	1	2	0	2	-46	43940	9	4	1596	1478	866,667,866,667
1526395830.601218377	54	40	48	1	2	0	2	-46	43941	9	4	1596	1478	866,667,866,667
1526395830.613271381	54	40	48	1	2	0	2	-46	43942	9	4	1596	1478	866,667,866,667
1526395830.624785215	54	40	48	1	2	0	2	-46	43943	9	4	1596	1478	866,667,866,667
1526395830.636460250	54	40	48	1	2	0	2	-46	43944	9	4	1596	1478	866,667,866,667
1526395830.648323406	54	40	48	1	2	0	2	-46	43945	9	4	1596	1478	866,667,866,667
1526395830.660078120	54	40	48	1	2	0	2	-46	43946	9	4	1596	1478	866,667,866,667
1526395830.671824042	54	40	48	1	2	0	2	-46	43947	9	4	1596	1478	866,667,866,667
1526395830.683579667	54	40	48	1	2	0	2	-46	43948	9	4	1596	1478	866,667,866,667
1526395830.695355893	54	40	48	1	2	0	2	-46	43949	9	4	1596	1478	866,667,866,667
1526395830.707027135	54	40	48	1	2	0	2	-46	43950	9	4	1596	1478	866,667,866,667
1526395830.718847472	54	40	48	1	2	0	2	-46	43951	9	4	1596	1478	866,667,866,667
1526395830.730625373	54	40	48	1	2	0	2	-46	43952	9	4	1596	1478	866,667,866,667
1526395830.742411131	54	40	48	1	2	0	2	-46	43953	9	4	1596	1478	866,667,866,667
1526395830.754293376	54	40	48	1	2	0	2	-46	43954	9	4	1596	1478	866,667,866,667
1526395830.765975834	54	40	48	1	2	0	2	-46	43955	9	4	1596	1478	866,667,866,667
1526395830.777720099	54	40	48	1	2	0	2	-46	43956	9	4	1596	1478	866,667,866,667
1526395830.789555083	54	40	48	1	2	0	2	-46	43957	9	4	1596	1478	866,667,866,667
1526395830.801325644	54	40	48	1	2	0	2	-46	43958	9	4	1596	1478	866,667,866,667
1526395830.813081054	54	40	48	1	2	0	2	-46	43959	9	4	1596	1478	866,667,866,667
1526395830.824831297	54	40	48	1	2	0	2	-46	43960	9	4	1596	1478	866,667,866,667
1526395830.836602225	54	40	48	1	2	0	2	-46	43961	9	4	1596	1478	866,667,866,667
1526395830.849866407	54	40	48	1	2	0	2	-46	43962	9	4	1596	1478	866,667,866,667
1526395830.860120513	54	40	48	1	2	0	2	-46	43963	9	4	1596	1478	866,667,866,667
1526395830.871881144	54	40	48	1	2	0	2	-46	43964	9	4	1596	1478	866,667,866,667
1526395830.883656659	54	40	48	1	2	0	2	-46	43965	9	4	1596	1478	866,667,866,667
1526395830.895438983	54	40	48	1	2	0	2	-46	43966	9	4	1596	1478	866,667,866,667
1526395830.907082822	54	40	48	1	2	0	2	-46	43967	9	4	1596	1478	866,667,866,667
1526395830.918833515	54	40	48	1	2	0	2	-46	43968	9	4	1596	1478	866,667,866,667
1526395830.930577146	54	40	48	1	2	0	2	-46	43969	9	4	1596	1478	866,667,866,667
1526395830.942340901	54	40	48	1	2	0	2	-46	43970	9	4	1596	1478	866,667,866,667
1526395830.954203129	54	40	48	1	2	0	2	-46	43971	9	4	1596	1478	866,667,866,667
1526395830.965959232	54	40	48	1	2	0	2	-46	43972	9	4	1596	1478	866,667,866,667
1526395830.977716116	54	40	48	1	2	0	2	-46	43973	9	4	1596	1478	866,667,866,667
1526395830.989257445	54	40	48	1	2	0	2	-46	43975	9	4	1596	1478	866,667,866,667
1526395831.001223868	54	40	48	1	2	0	2	-46	43976	9	4	1596	1478	866,667,866,667
1526395831.012996022	54	40	48	1	2	0	2	-46	43977	9	4	1596	1478	866,667,866,667
1526395831.024761689	54	40	48	1	2	0	2	-46	43978	9	4	1596	1478	866,667,866,667
1526395831.036505651	54	40	48	1	2	0	2	-46	43979	9	4	1596	1478	866,667,866,667
1526395831.048288267	54	40	48	1	2	0	2	-46	43980	9	4	1596	1478	866,667,866,667
1526395831.060062997	54	40	48	1	2	0	2	-46	43981	9	4	1596	1478	866,667,866,667
1526395831.071742805	54	40	48	1	2	0	2	-46	43982	9	4	1596	1478	866,667,866,667
1526395831.083467511	54	40	48	1	2	0	2	-46	43983	9	4	1596	1478	866,667,866,667
1526395831.095309996	54	40	48	1	2	0	2	-46	43984	9	4	1596	1478	866,667,866,667
1526395831.107094482	54	40	48	1	2	0	2	-46	43985	9	4	1596	1478	866,667,866,667
1526395831.118841759	54	40	48	1	2	0	2	-46	43986	9	4	1596	1478	866,667,866,667
1526395831.130608923	54	40	48	1	2	0	2	-46	43987	9	4	1596	1478	866,667,866,667
1526395831.142347450	54	40	48	1	2	0	2	-46	43988	9	4	1596	1478	866,667,866,667
1526395831.154129734	54	40	48	1	2	0	2	-46	43989	9	4	1596	1478	866,667,866,667
1526395831.165812205	54	40	48	1	2	0	2	-46	43990	9	4	1596	1478	866,667,866,667
1526395831.177644271	54	40	48	1	2	0	2	-46	43991	9	4	1596	1478	866,667,866,667
1526395831.189411126	54	40	48	1	2	0	2	-46	43992	9	4	1596	1478	866,667,866,667
1526395831.201165954	54	40	48	1	2	0	2	-46	43993	9	4	1596	1478	866,667,866,667
1526395831.212906392	54	40	48	1	2	0	2	-46	43994	9	4	1596	1478	866,667,866,667
1526395831.224624021	54	40	48	1	2	0	2	-46	43995	9	4	1596	1478	866,667,866,667
1526395831.236253215	54	40	48	1	2	0	2	-46	43997	9	4	1596	1478	866,667,866,667
1526395831.248394612	54	40	48	1	2	0	2	-46	43998	9	4	1596	1478	866,667,866,667
1526395831.259891522	54	40	48	1	2	0	2	-46	43999	9	4	1596	1478	866,667,866,667
1526395831.271709882	54	40	48	1	2	0	2	-46	44000	9	4	1596	1478	866,667,866,667
1526395831.283470362	54	40	48	1	2	0	2	-46	44001	9	4	1596	1478	866,667,866,667
1526395831.295243970	54	40	48	1	2	0	2	-46	44002	9	4	1596	1478	866,667,866,667
1526395831.307018242	54	40	48	1	2	0	2	-46	44003	9	4	1596	1478	866,667,866,667
1526395831.318743098	54	40	48	1	2	0	2	-46	44004	9	4	1596	1478	866,667,866,667
1526395831.330562727	54	40	48	1	2	0	2	-46	44005	9	4	1596	1478	866,667,866,667
1526395831.342222549	54	40	48	1	2	0	2	-46	44006	9	4	1596	1478	866,667,866,667
1526395831.354045929	54	40	48	1	2	0	2	-46	44007	9	4	1596	1478	866,667,866,667
1526395831.365836543	54	40	48	1	2	0	2	-46	44008	9	4	1596	1478	866,667,866,667
1526395831.377490618	54	40	48	1	2	0	2	-46	44009	9	4	1596	1478	866,667,866,667
1526395831.389328326	54	40	48	1	2	0	2	-46	44010	9	4	1596	1478	866,667,866,667
1526395831.401075848	54	40	48	1	2	0	2	-46	44011	9	4	1596	1478	866,667,866,667
1526395831.412830251	54	40	48	1	2	0	2	-46	44012	9	4	1596	1478	866,667,866,667
1526395831.424503631	54	40	48	1	2	0	2	-46	44013	9	4	1596	1478	866,667,866,667
1526395831.436231351	54	40	48	1	2	0	2	-46	44014	9	4	1596	1478	866,667,866,667
1526395831.448114107	54	40	48	1	2	0	2	-46	44015	9	4	1596	1478	866,667,866,667
1526395831.459873679	54	40	48	1	2	0	2	-46	44016	9	4	1596	1478	866,667,866,667
1526395831.471660930	54	40	48	1	2	0	2	-46	44017	9	4	1596	1478	866,667,866,667
1526395831.483397050	54	40	48	1	2	0	2	-46	44018	9	4	1596	1478	866,667,866,667
1526395831.495146453	54	40	48	1	2	0	2	-46	44019	9	4	1596	1478	866,667,866,667
1526395831.506894727	54	40	48	1	2	0	2	-46	44020	9	4	1596	1478	866,667,866,667
1526395831.518678121	54	40	48	1	2	0	2	-46	44021	9	4	1596	1478	866,667,866,667
1526395831.530299356	54	40	48	1	2	0	2	-46	44022	9	4	1596	1478	866,667,866,667
1526395831.542066614	54	40	48	1	2	0	2	-46	44023	9	4	1596	1478	866,667,866,667
1526395831.553983639	54	40	48	1	2	0	2	-46	44024	9	4	1596	1478	866,667,866,667
1526395831.566027820	54	40	48	1	2	0	2	-46	44025	9	4	1596	1478	866,667,866,667
1526395831.577411712	54	40	48	1	2	0	2	-46	44026	9	4	1596	1478	866,667,866,667
1526395831.589217428	54	40	48	1	2	0	2	-46	44027	9	4	1596	1478	866,667,866,667
1526395831.600996933	54	40	48	1	2	0	2	-46	44028	9	4	1596	1478	866,667,866,667
1526395831.612677602	54	40	48	1	2	0	2	-46	44029	9	4	1596	1478	866,667,866,667
1526395831.624435960	54	40	48	1	2	0	2	-46	44030	9	4	1596	1478	866,667,866,667
1526395831.636270750	54	40	48	1	2	0	2	-46	44031	9	4	1596	1478	866,667,866,667
1526395831.648075516	54	40	48	1	2	0	2	-46	44032	9	4	1596	1478	866,667,866,667
1526395831.659802552	54	40	48	1	2	0	2	-46	44033	9	4	1596	1478	866,667,866,667
1526395831.671582420	54	40	48	1	2	0	2	-46	44034	9	4	1596	1478	866,667,866,667
1526395831.683272537	54	40	48	1	2	0	2	-46	44035	9	4	1596	1478	866,667,866,667
1526395831.695092141	54	40	48	1	2	0	2	-46	44036	9	4	1596	1478	866,667,866,667
1526395831.706849090	54	40	48	1	2	0	2	-46	44037	9	4	1596	1478	866,667,866,667
1526395831.718596520	54	40	48	1	2	0	2	-46	44038	9	4	1596	1478	866,667,866,667
1526395831.730363777	54	40	48	1	2	0	2	-46	44039	9	4	1596	1478	866,667,866,667
1526395831.742102566	54	40	48	1	2	0	2	-46	44040	9	4	1596	1478	866,667,866,667
1526395831.753868474	54	40	48	1	2	0	2	-46	44041	9	4	1596	1478	866,667,866,667
1526395831.765654068	54	40	48	1	2	0	2	-46	44042	9	4	1596	1478	866,667,866,667
1526395831.777435724	54	40	48	1	2	0	2	-46	44043	9	4	1596	1478	866,667,866,667
1526395831.789171669	54	40	48	1	2	0	2	-46	44044	9	4	1596	1478	866,667,866,667
1526395831.800914894	54	40	48	1	2	0	2	-46	44045	9	4	1596	1478	866,667,866,667
1526395831.812671010	54	40	48	1	2	0	2	-46	44046	9	4	1596	1478	866,667,866,667
1526395831.824446251	54	40	48	1	2	0	2	-46	44047	9	4	1596	1478	866,667,866,667
1526395831.836148416	54	40	48	1	2	0	2	-46	44048	9	4	1596	1478	866,667,866,667
1526395831.847940499	54	40	48	1	2	0	2	-46	44049	9	4	1596	1478	866,667,866,667
1526395831.859712524	54	40	48	1	2	0	2	-46	44050	9	4	1596	1478	866,667,866,667
1526395831.871489544	54	40	48	1	2	0	2	-46	44051	9	4	1596	1478	866,667,866,667
1526395831.883249522	54	40	48	1	2	0	2	-46	44052	9	4	1596	1478	866,667,866,667
1526395831.895005380	54	40	48	1	2	0	2	-46	44053	9	4	1596	1478	866,667,866,667
1526395831.906774590	54	40	48	1	2	0	2	-46	44054	9	4	1596	1478	866,667,866,667
1526395831.918531743	54	40	48	1	2	0	2	-46	44055	9	4	1596	1478	866,667,866,667
1526395831.930168126	54	40	48	1	2	0	2	-46	44056	9	4	1596	1478	866,667,866,667
1526395831.941861310	54	40	48	1	2	0	2	-47	44057	9	4	1596	1478	866,667,866,667
1526395831.953787286	54	40	48	1	2	0	2	-46	44058	9	4	1596	1478	866,667,866,667
1526395831.965539622	54	40	48	1	2	0	2	-47	44059	9	4	1596	1478	866,667,866,667
1526395831.977262779	54	40	48	1	2	0	2	-46	44060	9	4	1596	1478	866,667,866,667
1526395831.989009118	54	40	48	1	2	0	2	-46	44061	9	4	1596	1478	866,667,866,667
1526395832.000862670	54	40	48	1	2	0	2	-46	44062	9	4	1596	1478	866,667,866,667
1526395832.012606740	54	40	48	1	2	0	2	-46	44063	9	4	1596	1478	866,667,866,667
1526395832.024340324	54	40	48	1	2	0	2	-46	44064	9	4	1596	1478	866,667,866,667
1526395832.036117330	54	40	48	1	2	0	2	-46	44065	9	4	1596	1478	866,667,866,667
1526395832.047819185	54	40	48	1	2	0	2	-46	44066	9	4	1596	1478	866,667,866,667
1526395832.059631187	54	40	48	1	2	0	2	-46	44067	9	4	1596	1478	866,667,866,667
1526395832.071415138	54	40	48	1	2	0	2	-46	44068	9	4	1596	1478	866,667,866,667
1526395832.083181173	54	40	48	1	2	0	2	-46	44069	9	4	1596	1478	866,667,866,667
1526395832.094930542	54	40	48	1	2	0	2	-46	44070	9	4	1596	1478	866,667,866,667
1526395832.106679861	54	40	48	1	2	0	2	-46	44071	9	4	1596	1478	866,667,866,667
1526395832.118444982	54	40	48	1	2	0	2	-46	44072	9	4	1596	1478	866,667,866,667
1526395832.130192145	54	40	48	1	2	0	2	-46	44073	9	4	1596	1478	866,667,866,667
1526395832.141893199	54	40	48	1	2	0	2	-46	44074	9	4	1596	1478	866,667,866,667
1526395832.153712716	54	40	48	1	2	0	2	-46	44075	9	4	1596	1478	866,667,866,667
1526395832.165431985	54	40	48	1	2	0	2	-46	44076	9	4	1596	1478	866,667,866,667
1526395832.177233711	54	40	48	1	2	0	2	-46	44077	9	4	1596	1478	866,667,866,667
1526395832.189016301	54	40	48	1	2	0	2	-46	44078	9	4	1596	1478	866,667,866,667
1526395832.200739678	54	40	48	1	2	0	2	-46	44079	9	4	1596	1478	866,667,866,667
1526395832.212513278	54	40	48	1	2	0	2	-46	44080	9	4	1596	1478	866,667,866,667
1526395832.224271793	54	40	48	1	2	0	2	-46	44081	9	4	1596	1478	866,667,866,667
1526395832.236063188	54	40	48	1	2	0	2	-46	44082	9	4	1596	1478	866,667,866,667
1526395832.247828894	54	40	48	1	2	0	2	-46	44083	9	4	1596	1478	866,667,866,667
1526395832.259556213	54	40	48	1	2	0	2	-46	44084	9	4	1596	1478	866,667,866,667
1526395832.271319306	54	40	48	1	2	0	2	-46	44085	9	4	1596	1478	866,667,866,667
1526395832.283143314	54	40	48	1	2	0	2	-46	44086	9	4	1596	1478	866,667,866,667
1526395832.294819460	54	40	48	1	2	0	2	-46	44087	9	4	1596	1478	866,667,866,667
1526395832.306588305	54	40	48	1	2	0	2	-46	44088	9	4	1596	1478	866,667,866,667
1526395832.318377189	54	40	48	1	2	0	2	-46	44089	9	4	1596	1478	866,667,866,667
1526395832.330114896	54	40	48	1	2	0	2	-46	44090	9	4	1596	1478	866,667,866,667
1526395832.342290681	54	40	48	1	2	0	2	-46	44091	9	4	1596	1478	866,667,866,667
1526395832.354125015	54	40	48	1	2	0	2	-46	44092	9	4	1596	1478	866,667,866,667
1526395832.365410969	54	40	48	1	2	0	2	-46	44093	9	4	1596	1478	866,667,866,667
1526395832.377158415	54	40	48	1	2	0	2	-46	44094	9	4	1596	1478	866,667,866,667
1526395832.388943344	54	40	48	1	2	0	2	-46	44095	9	4	1596	1478	866,667,866,667
1526395832.400683807	54	40	48	1	2	0	2	-46	44096	9	4	1596	1478	866,667,866,667
1526395832.412432559	54	40	48	1	2	0	2	-46	44097	9	4	1596	1478	866,667,866,667
1526395832.424194749	54	40	48	1	2	0	2	-46	44098	9	4	1596	1478	866,667,866,667
1526395832.435956759	54	40	48	1	2	0	2	-46	44099	9	4	1596	1478	866,667,866,667
1526395832.447552072	54	40	48	1	2	0	2	-46	44100	9	4	1596	1478	866,667,866,667
1526395832.459490728	54	40	48	1	2	0	2	-46	44101	9	4	1596	1478	866,667,866,667
1526395832.471232599	54	40	48	1	2	0	2	-46	44102	9	4	1596	1478	866,667,866,667
1526395832.482960495	54	40	48	1	2	0	2	-46	44103	9	4	1596	1478	866,667,866,667
1526395832.494692324	54	40	48	1	2	0	2	-46	44104	9	4	1596	1478	866,667,866,667
1526395832.506420163	54	40	48	1	2	0	2	-46	44105	9	4	1596	1478	866,667,866,667
1526395832.518182605	54	40	48	1	2	0	2	-46	44106	9	4	1596	1478	866,667,866,667
1526395832.529928351	54	40	48	1	2	0	2	-46	44107	9	4	1596	1478	866,667,866,667
1526395832.541598424	54	40	48	1	2	0	2	-46	44108	9	4	1596	1478	866,667,866,667
1526395832.553552816	54	40	48	1	2	0	2	-46	44109	9	4	1596	1478	866,667,866,667
1526395832.565209002	54	40	48	1	2	0	2	-46	44110	9	4	1596	1478	866,667,866,667
1526395832.576949101	54	40	48	1	2	0	2	-46	44111	9	4	1596	1478	866,667,866,667
1526395832.588751173	54	40	48	1	2	0	2	-46	44112	9	4	1596	1478	866,667,866,667
1526395832.600508987	54	40	48	1	2	0	2	-46	44113	9	4	1596	1478	866,667,866,667
1526395832.612576316	54	40	48	1	2	0	2	-46	44114	9	4	1596	1478	866,667,866,667
1526395832.624118164	54	40	48	1	2	0	2	-46	44115	9	4	1596	1478	866,667,866,667
1526395832.635869896	54	40	48	1	2	0	2	-46	44116	9	4	1596	1478	866,667,866,667
1526395832.647573437	54	40	48	1	2	0	2	-46	44117	9	4	1596	1478	866,667,866,667
1526395832.659407679	54	40	48	1	2	0	2	-46	44118	9	4	1596	1478	866,667,866,667
1526395832.671160254	54	40	48	1	2	0	2	-46	44119	9	4	1596	1478	866,667,866,667
1526395832.682907672	54	40	48	1	2	0	2	-46	44120	9	4	1596	1478	866,667,866,667
1526395832.694777893	54	40	48	1	2	0	2	-46	44121	9	4	1596	1478	866,667,866,667
1526395832.706457131	54	40	48	1	2	0	2	-46	44122	9	4	1596	1478	866,667,866,667
1526395832.718202092	54	40	48	1	2	0	2	-46	44123	9	4	1596	1478	866,667,866,667
1526395832.729964534	54	40	48	1	2	0	2	-46	44124	9	4	1596	1478	866,667,866,667
1526395832.741784395	54	40	48	1	2	0	2	-46	44125	9	4	1596	1478	866,667,866,667
1526395832.753394727	54	40	48	1	2	0	2	-46	44126	9	4	1596	1478	866,667,866,667
1526395832.765251330	54	40	48	1	2	0	2	-46	44127	9	4	1596	1478	866,667,866,667
1526395832.777254421	54	40	48	1	2	0	2	-46	44128	9	4	1596	1478	866,667,866,667
1526395832.788759710	54	40	48	1	2	0	2	-46	44129	9	4	1596	1478	866,667,866,667
1526395832.800549529	54	40	48	1	2	0	2	-46	44130	9	4	1596	1478	866,667,866,667
1526395832.812277579	54	40	48	1	2	0	2	-46	44131	9	4	1596	1478	866,667,866,667
1526395832.824032329	54	40	48	1	2	0	2	-46	44132	9	4	1596	1478	866,667,866,667
1526395832.835791907	54	40	48	1	2	0	2	-46	44133	9	4	1596	1478	866,667,866,667
1526395832.847569171	54	40	48	1	2	0	2	-46	44134	9	4	1596	1478	866,667,866,667
1526395832.859327395	54	40	48	1	2	0	2	-46	44135	9	4	1596	1478	866,667,866,667
1526395832.871091783	54	40	48	1	2	0	2	-46	44136	9	4	1596	1478	866,667,866,667
1526395832.882838184	54	40	48	1	2	0	2	-46	44137	9	4	1596	1478	866,667,866,667
1526395832.894590421	54	40	48	1	2	0	2	-46	44138	9	4	1596	1478	866,667,866,667
1526395832.906307945	54	40	48	1	2	0	2	-46	44139	9	4	1596	1478	866,667,866,667
1526395832.918125174	54	40	48	1	2	0	2	-46	44140	9	4	1596	1478	866,667,866,667
1526395832.929881544	54	40	48	1	2	0	2	-46	44141	9	4	1596	1478	866,667,866,667
1526395832.941627249	54	40	48	1	2	0	2	-46	44142	9	4	1596	1478	866,667,866,667
1526395832.953297979	54	40	48	1	2	0	2	-46	44143	9	4	1596	1478	866,667,866,667
1526395832.965042660	54	40	48	1	2	0	2	-46	44144	9	4	1596	1478	866,667,866,667
1526395832.976915195	54	40	48	1	2	0	2	-46	44145	9	4	1596	1478	866,667,866,667
1526395832.988651409	54	40	48	1	2	0	2	-46	44146	9	4	1596	1478	866,667,866,667
1526395833.000457514	54	40	48	1	2	0	2	-46	44147	9	4	1596	1478	866,667,866,667
1526395833.012195247	54	40	48	1	2	0	2	-46	44148	9	4	1596	1478	866,667,866,667
1526395833.023969400	54	40	48	1	2	0	2	-46	44149	9	4	1596	1478	866,667,866,667
1526395833.035635057	54	40	48	1	2	0	2	-46	44150	9	4	1596	1478	866,667,866,667
1526395833.047375132	54	40	48	1	2	0	2	-46	44151	9	4	1596	1478	866,667,866,667
1526395833.059099505	54	40	48	1	2	0	2	-46	44152	9	4	1596	1478	866,667,866,667
1526395833.071416920	54	40	48	1	2	0	2	-46	44153	9	4	1596	1478	866,667,866,667
1526395833.082667780	54	40	48	1	2	0	2	-46	44154	9	4	1596	1478	866,667,866,667
1526395833.094452756	54	40	48	1	2	0	2	-46	44155	9	4	1596	1478	866,667,866,667
1526395833.106280454	54	40	48	1	2	0	2	-46	44156	9	4	1596	1478	866,667,866,667
1526395833.118049915	54	40	48	1	2	0	2	-46	44157	9	4	1596	1478	866,667,866,667
1526395833.129689942	54	40	48	1	2	0	2	-46	44158	9	4	1596	1478	866,667,866,667
1526395833.141542954	54	40	48	1	2	0	2	-46	44159	9	4	1596	1478	866,667,866,667
1526395833.153331241	54	40	48	1	2	0	2	-46	44160	9	4	1596	1478	866,667,866,667
1526395833.165091882	54	40	48	1	2	0	2	-46	44161	9	4	1596	1478	866,667,866,667
1526395833.176752117	54	40	48	1	2	0	2	-46	44162	9	4	1596	1478	866,667,866,667
1526395833.188628407	54	40	48	1	2	0	2	-46	44163	9	4	1596	1478	866,667,866,667
1526395833.200375797	54	40	48	1	2	0	2	-46	44164	9	4	1596	1478	866,667,866,667
1526395833.212066478	54	40	48	1	2	0	2	-46	44165	9	4	1596	1478	866,667,866,667
1526395833.223925540	54	40	48	1	2	0	2	-46	44166	9	4	1596	1478	866,667,866,667
1526395833.235653651	54	40	48	1	2	0	2	-46	44167	9	4	1596	1478	866,667,866,667
1526395833.247416517	54	40	48	1	2	0	2	-46	44168	9	4	1596	1478	866,667,866,667
1526395833.259150737	54	40	48	1	2	0	2	-46	44169	9	4	1596	1478	866,667,866,667
1526395833.270920346	54	40	48	1	2	0	2	-46	44170	9	4	1596	1478	866,667,866,667
1526395833.282577428	54	40	48	1	2	0	2	-46	44171	9	4	1596	1478	866,667,866,667
1526395833.294426114	54	40	48	1	2	0	2	-46	44172	9	4	1596	1478	866,667,866,667
1526395833.306237479	54	40	48	1	2	0	2	-46	44173	9	4	1596	1478	866,667,866,667
1526395833.317964113	54	40	48	1	2	0	2	-46	44174	9	4	1596	1478	866,667,866,667
1526395833.329602986	54	40	48	1	2	0	2	-46	44175	9	4	1596	1478	866,667,866,667
1526395833.341469212	54	40	48	1	2	0	2	-46	44176	9	4	1596	1478	866,667,866,667
1526395833.353228886	54	40	48	1	2	0	2	-46	44177	9	4	1596	1478	866,667,866,667
1526395833.364925390	54	40	48	1	2	0	2	-46	44178	9	4	1596	1478	866,667,866,667
1526395833.376771486	54	40	48	1	2	0	2	-46	44179	9	4	1596	1478	866,667,866,667
1526395833.388520655	54	40	48	1	2	0	2	-46	44180	9	4	1596	1478	866,667,866,667
1526395833.400259684	54	40	48	1	2	0	2	-46	44181	9	4	1596	1478	866,667,866,667
1526395833.412062541	54	40	48	1	2	0	2	-46	44182	9	4	1596	1478	866,667,866,667
1526395833.423800792	54	40	48	1	2	0	2	-46	44183	9	4	1596	1478	866,667,866,667
1526395833.435556430	54	40	48	1	2	0	2	-46	44184	9	4	1596	1478	866,667,866,667
1526395833.447296641	54	40	48	1	2	0	2	-46	44185	9	4	1596	1478	866,667,866,667
1526395833.459066385	54	40	48	1	2	0	2	-46	44186	9	4	1596	1478	866,667,866,667
1526395833.470709499	54	40	48	1	2	0	2	-46	44187	9	4	1596	1478	866,667,866,667
1526395833.482451383	54	40	48	1	2	0	2	-46	44188	9	4	1596	1478	866,667,866,667
1526395833.494343200	54	40	48	1	2	0	2	-46	44189	9	4	1596	1478	866,667,866,667
1526395833.506103509	54	40	48	1	2	0	2	-46	44190	9	4	1596	1478	866,667,866,667
1526395833.517815482	54	40	48	1	2	0	2	-46	44191	9	4	1596	1478	866,667,866,667
1526395833.529408421	54	40	48	1	2	0	2	-46	44192	9	4	1596	1478	866,667,866,667
1526395833.541184915	54	40	48	1	2	0	2	-46	44193	9	4	1596	1478	866,667,866,667
1526395833.552969145	54	40	48	1	2	0	2	-46	44194	9	4	1596	1478	866,667,866,667
1526395833.564766773	54	40	48	1	2	0	2	-46	44195	9	4	1596	1478	866,667,866,667
1526395833.576549507	54	40	48	1	2	0	2	-46	44196	9	4	1596	1478	866,667,866,667
1526395833.588647810	54	40	48	1	2	0	2	-46	44198	9	4	1596	1478	866,667,866,667
1526395833.600068036	54	40	48	1	2	0	2	-46	44199	9	4	1596	1478	866,667,866,667
1526395833.612083106	54	40	48	1	2	0	2	-46	44200	9	4	1596	1478	866,667,866,667
1526395833.623941408	54	40	48	1	2	0	2	-46	44202	9	4	1596	1478	866,667,866,667
1526395833.635325255	54	40	48	1	2	0	2	-46	44203	9	4	1596	1478	866,667,866,667
1526395833.647110198	54	40	48	1	2	0	2	-46	44204	9	4	1596	1478	866,667,866,667
1526395833.658870216	54	40	48	1	2	0	2	-46	44205	9	4	1596	1478	866,667,866,667
1526395833.670621404	54	40	48	1	2	0	2	-46	44206	9	4	1596	1478	866,667,866,667
1526395833.682386472	54	40	48	1	2	0	2	-46	44207	9	4	1596	1478	866,667,866,667
1526395833.694152006	54	40	48	1	2	0	2	-46	44208	9	4	1596	1478	866,667,866,667
1526395833.705895624	54	40	48	1	2	0	2	-46	44209	9	4	1596	1478	866,667,866,667
1526395833.717712935	54	40	48	1	2	0	2	-46	44210	9	4	1596	1478	866,667,866,667
1526395833.729431745	54	40	48	1	2	0	2	-46	44211	9	4	1596	1478	866,667,866,667
1526395833.741175273	54	40	48	1	2	0	2	-46	44212	9	4	1596	1478	866,667,866,667
1526395833.753047611	54	40	48	1	2	0	2	-46	44213	9	4	1596	1478	866,667,866,667
1526395833.764843879	54	40	48	1	2	0	2	-46	44214	9	4	1596	1478	866,667,866,667
1526395833.776551391	54	40	48	1	2	0	2	-46	44215	9	4	1596	1478	866,667,866,667
1526395833.788371986	54	40	48	1	2	0	2	-46	44216	9	4	1596	1478	866,667,866,667
1526395833.800120370	54	40	48	1	2	0	2	-46	44217	9	4	1596	1478	866,667,866,667
1526395833.811892364	54	40	48	1	2	0	2	-46	44218	9	4	1596	1478	866,667,866,667
1526395833.823664754	54	40	48	1	2	0	2	-46	44219	9	4	1596	1478	866,667,866,667
1526395833.835346565	54	40	48	1	2	0	2	-46	44220	9	4	1596	1478	866,667,866,667
1526395833.847148508	54	40	48	1	2	0	2	-46	44221	9	4	1596	1478	866,667,866,667
1526395833.858913165	54	40	48	1	2	0	2	-46	44222	9	4	1596	1478	866,667,866,667
1526395833.870692579	54	40	48	1	2	0	2	-46	44223	9	4	1596	1478	866,667,866,667
1526395833.882469113	54	40	48	1	2	0	2	-46	44224	9	4	1596	1478	866,667,866,667
1526395833.894188655	54	40	48	1	2	0	2	-46	44225	9	4	1596	1478	866,667,866,667
1526395833.905989889	54	40	48	1	2	0	2	-46	44226	9	4	1596	1478	866,667,866,667
1526395833.917721077	54	40	48	1	2	0	2	-46	44227	9	4	1596	1478	866,667,866,667
1526395833.929543922	54	40	48	1	2	0	2	-46	44228	9	4	1596	1478	866,667,866,667
1526395833.941304176	54	40	48	1	2	0	2	-46	44229	9	4	1596	1478	866,667,866,667
1526395833.953067953	54	40	48	1	2	0	2	-46	44230	9	4	1596	1478	866,667,866,667
1526395833.964745621	54	40	48	1	2	0	2	-46	44231	9	4	1596	1478	866,667,866,667
1526395833.976486510	54	40	48	1	2	0	2	-46	44232	9	4	1596	1478	866,667,866,667
1526395833.988202573	54	40	48	1	2	0	2	-46	44233	9	4	1596	1478	866,667,866,667
1526395834.000104688	54	40	48	1	2	0	2	-46	44234	9	4	1596	1478	866,667,866,667
1526395834.011839190	54	40	48	1	2	0	2	-46	44235	9	4	1596	1478	866,667,866,667
1526395834.023596411	54	40	48	1	2	0	2	-46	44236	9	4	1596	1478	866,667,866,667
1526395834.035142198	54	40	48	1	2	0	2	-46	44237	9	4	1596	1478	866,667,866,667
1526395834.047053153	54	40	48	1	2	0	2	-46	44238	9	4	1596	1478	866,667,866,667
1526395834.058873482	54	40	48	1	2	0	2	-46	44239	9	4	1596	1478	866,667,866,667
1526395834.070663953	54	40	48	1	2	0	2	-46	44240	9	4	1596	1478	866,667,866,667
1526395834.082324672	54	40	48	1	2	0	2	-46	44241	9	4	1596	1478	866,667,866,667
1526395834.094985483	54	40	48	1	2	0	2	-46	44242	9	4	1596	1478	866,667,866,667
1526395834.105943859	54	40	48	1	2	0	2	-46	44243	9	4	1596	1478	866,667,866,667
1526395834.117623785	54	40	48	1	2	0	2	-46	44244	9	4	1596	1478	866,667,866,667
1526395834.129433774	54	40	48	1	2	0	2	-46	44245	9	4	1596	1478	866,667,866,667
1526395834.141157864	54	40	48	1	2	0	2	-46	44246	9	4	1596	1478	866,667,866,667
1526395834.152967676	54	40	48	1	2	0	2	-46	44247	9	4	1596	1478	866,667,866,667
1526395834.164878575	54	40	48	1	2	0	2	-46	44248	9	4	1596	1478	866,667,866,667
1526395834.176851268	54	40	48	1	2	0	2	-46	44249	9	4	1596	1478	866,667,866,667
1526395834.188137072	54	40	48	1	2	0	2	-46	44250	9	4	1596	1478	866,667,866,667
1526395834.199831356	54	40	48	1	2	0	2	-46	44251	9	4	1596	1478	866,667,866,667
1526395834.211674358	54	40	48	1	2	0	2	-46	44252	9	4	1596	1478	866,667,866,667
1526395834.223336717	54	40	48	1	2	0	2	-46	44253	9	4	1596	1478	866,667,866,667
1526395834.235226487	54	40	48	1	2	0	2	-46	44254	9	4	1596	1478	866,667,866,667
1526395834.246996371	54	40	48	1	2	0	2	-46	44255	9	4	1596	1478	866,667,866,667
1526395834.258746070	54	40	48	1	2	0	2	-46	44256	9	4	1596	1478	866,667,866,667
1526395834.270502779	54	40	48	1	2	0	2	-46	44257	9	4	1596	1478	866,667,866,667
1526395834.282274357	54	40	48	1	2	0	2	-46	44258	9	4	1596	1478	866,667,866,667
1526395834.294033214	54	40	48	1	2	0	2	-46	44259	9	4	1596	1478	866,667,866,667
1526395834.305787475	54	40	48	1	2	0	2	-46	44260	9	4	1596	1478	866,667,866,667
1526395834.317498350	54	40	48	1	2	0	2	-46	44261	9	4	1596	1478	866,667,866,667
1526395834.329273334	54	40	48	1	2	0	2	-46	44262	9	4	1596	1478	866,667,866,667
1526395834.341123834	54	40	48	1	2	0	2	-46	44263	9	4	1596	1478	866,667,866,667
1526395834.352858222	54	40	48	1	2	0	2	-46	44264	9	4	1596	1478	866,667,866,667
1526395834.364539479	54	40	48	1	2	0	2	-46	44265	9	4	1596	1478	866,667,866,667
1526395834.376336017	54	40	48	1	2	0	2	-46	44266	9	4	1596	1478	866,667,866,667
1526395834.388119943	54	40	48	1	2	0	2	-46	44267	9	4	1596	1478	866,667,866,667
1526395834.399809379	54	40	48	1	2	0	2	-46	44268	9	4	1596	1478	866,667,866,667
1526395834.411554971	54	40	48	1	2	0	2	-46	44269	9	4	1596	1478	866,667,866,667
1526395834.423388962	54	40	48	1	2	0	2	-46	44270	9	4	1596	1478	866,667,866,667
1526395834.435187724	54	40	48	1	2	0	2	-46	44271	9	4	1596	1478	866,667,866,667
1526395834.446818282	54	40	48	1	2	0	2	-46	44272	9	4	1596	1478	866,667,866,667
1526395834.458579356	54	40	48	1	2	0	2	-46	44273	9	4	1596	1478	866,667,866,667
1526395834.470336320	54	40	48	1	2	0	2	-46	44274	9	4	1596	1478	866,667,866,667
1526395834.482084276	54	40	48	1	2	0	2	-46	44275	9	4	1596	1478	866,667,866,667
1526395834.493779772	54	40	48	1	2	0	2	-46	44276	9	4	1596	1478	866,667,866,667
1526395834.505624911	54	40	48	1	2	0	2	-46	44277	9	4	1596	1478	866,667,866,667
1526395834.517353012	54	40	48	1	2	0	2	-46	44278	9	4	1596	1478	866,667,866,667
1526395834.528953432	54	40	48	1	2	0	2	-46	44279	9	4	1596	1478	866,667,866,667
1526395834.540746771	54	40	48	1	2	0	2	-46	44280	9	4	1596	1478	866,667,866,667
1526395834.552612170	54	40	48	1	2	0	2	-46	44281	9	4	1596	1478	866,667,866,667
1526395834.564393076	54	40	48	1	2	0	2	-46	44282	9	4	1596	1478	866,667,866,667
1526395834.578034002	54	40	48	1	2	0	2	-46	44283	9	4	1596	1478	866,667,866,667
1526395834.587908692	54	40	48	1	2	0	2	-46	44284	9	4	1596	1478	866,667,866,667
1526395834.599682422	54	40	48	1	2	0	2	-46	44285	9	4	1596	1478	866,667,866,667
1526395834.611435643	54	40	48	1	2	0	2	-46	44286	9	4	1596	1478	866,667,866,667
1526395834.623303946	54	40	48	1	2	0	2	-46	44287	9	4	1596	1478	866,667,866,667
1526395834.635087108	54	40	48	1	2	0	2	-46	44288	9	4	1596	1478	866,667,866,667
1526395834.646836515	54	40	48	1	2	0	2	-46	44289	9	4	1596	1478	866,667,866,667
1526395834.658589059	54	40	48	1	2	0	2	-46	44290	9	4	1596	1478	866,667,866,667
1526395834.670352784	54	40	48	1	2	0	2	-46	44291	9	4	1596	1478	866,667,866,667
1526395834.682120435	54	40	48	1	2	0	2	-46	44292	9	4	1596	1478	866,667,866,667
1526395834.693798739	54	40	48	1	2	0	2	-46	44293	9	4	1596	1478	866,667,866,667
1526395834.705637603	54	40	48	1	2	0	2	-46	44294	9	4	1596	1478	866,667,866,667
1526395834.717399213	54	40	48	1	2	0	2	-46	44295	9	4	1596	1478	866,667,866,667
1526395834.729159180	54	40	48	1	2	0	2	-46	44296	9	4	1596	1478	866,667,866,667
1526395834.740951904	54	40	48	1	2	0	2	-46	44297	9	4	1596	1478	866,667,866,667
1526395834.752675811	54	40	48	1	2	0	2	-46	44298	9	4	1596	1478	866,667,866,667
1526395834.764443424	54	40	48	1	2	0	2	-46	44299	9	4	1596	1478	866,667,866,667
1526395834.776135122	54	40	48	1	2	0	2	-46	44300	9	4	1596	1478	866,667,866,667
1526395834.787959538	54	40	48	1	2	0	2	-46	44301	9	4	1596	1478	866,667,866,667
1526395834.799714416	54	40	48	1	2	0	2	-46	44302	9	4	1596	1478	866,667,866,667
1526395834.811903801	54	40	48	1	2	0	2	-46	44303	9	4	1596	1478	866,667,866,667
1526395834.823228590	54	40	48	1	2	0	2	-46	44304	9	4	1596	1478	866,667,866,667
1526395834.835010246	54	40	48	1	2	0	2	-46	44305	9	4	1596	1478	866,667,866,667
1526395834.846797533	54	40	48	1	2	0	2	-46	44306	9	4	1596	1478	866,667,866,667
1526395834.858530905	54	40	48	1	2	0	2	-46	44307	9	4	1596	1478	866,667,866,667
1526395834.870286499	54	40	48	1	2	0	2	-46	44308	9	4	1596	1478	866,667,866,667
1526395834.882036638	54	40	48	1	2	0	2	-46	44309	9	4	1596	1478	866,667,866,667
1526395834.893815512	54	40	48	1	2	0	2	-46	44310	9	4	1596	1478	866,667,866,667
1526395834.905566380	54	40	48	1	2	0	2	-46	44311	9	4	1596	1478	866,667,866,667
1526395834.917310069	54	40	48	1	2	0	2	-46	44312	9	4	1596	1478	866,667,866,667
1526395834.929065399	54	40	48	1	2	0	2	-46	44313	9	4	1596	1478	866,667,866,667
1526395834.940776245	54	40	48	1	2	0	2	-46	44314	9	4	1596	1478	866,667,866,667
1526395834.952627626	54	40	48	1	2	0	2	-46	44315	9	4	1596	1478	866,667,866,667
1526395834.964354412	54	40	48	1	2	0	2	-46	44316	9	4	1596	1478	866,667,866,667
1526395834.976051215	54	40	48	1	2	0	2	-46	44317	9	4	1596	1478	866,667,866,667
1526395834.987900662	54	40	48	1	2	0	2	-46	44318	9	4	1596	1478	866,667,866,667
1526395834.999570140	54	40	48	1	2	0	2	-46	44319	9	4	1596	1478	866,667,866,667
1526395835.011307615	54	40	48	1	2	0	2	-46	44320	9	4	1596	1478	866,667,866,667
1526395835.023059707	54	40	48	1	2	0	2	-46	44321	9	4	1596	1478	866,667,866,667
1526395835.034802597	54	40	48	1	2	0	2	-46	44322	9	4	1596	1478	866,667,866,667
1526395835.046712033	54	40	48	1	2	0	2	-46	44323	9	4	1596	1478	866,667,866,667
1526395835.058785779	54	40	48	1	2	0	2	-46	44325	9	4	1596	1478	866,667,866,667
1526395835.070191019	54	40	48	1	2	0	2	-46	44326	9	4	1596	1478	866,667,866,667
1526395835.082267809	54	40	48	1	2	0	2	-46	44328	9	4	1596	1478	866,667,866,667
1526395835.093920725	54	40	48	1	2	0	2	-46	44330	9	4	1596	1478	866,667,866,667
1526395835.105482040	54	40	48	1	2	0	2	-46	44331	9	4	1596	1478	866,667,866,667
1526395835.117249996	54	40	48	1	2	0	2	-46	44332	9	4	1596	1478	866,667,866,667
1526395835.128987030	54	40	48	1	2	0	2	-46	44333	9	4	1596	1478	866,667,866,667
1526395835.140741124	54	40	48	1	2	0	2	-46	44334	9	4	1596	1478	866,667,866,667
1526395835.152525399	54	40	48	1	2	0	2	-46	44335	9	4	1596	1478	866,667,866,667
1526395835.164271258	54	40	48	1	2	0	2	-46	44336	9	4	1596	1478	866,667,866,667
1526395835.176023749	54	40	48	1	2	0	2	-46	44337	9	4	1596	1478	866,667,866,667
1526395835.187813944	54	40	48	1	2	0	2	-46	44338	9	4	1596	1478	866,667,866,667
1526395835.199918449	54	40	48	1	2	0	2	-46	44340	9	4	1596	1478	866,667,866,667
1526395835.211605762	54	40	48	1	2	0	2	-46	44342	9	4	1596	1478	866,667,866,667
1526395835.223245750	54	40	48	1	2	0	2	-46	44343	9	4	1596	1478	866,667,866,667
1526395835.234840179	54	40	48	1	2	0	2	-46	44344	9	4	1596	1478	866,667,866,667
1526395835.246483670	54	40	48	1	2	0	2	-46	44345	9	4	1596	1478	866,667,866,667
1526395835.258245761	54	40	48	1	2	0	2	-46	44346	9	4	1596	1478	866,667,866,667
1526395835.270050427	54	40	48	1	2	0	2	-46	44347	9	4	1596	1478	866,667,866,667
1526395835.281837017	54	40	48	1	2	0	2	-46	44348	9	4	1596	1478	866,667,866,667
1526395835.293616636	54	40	48	1	2	0	2	-46	44349	9	4	1596	1478	866,667,866,667
1526395835.305378287	54	40	48	1	2	0	2	-46	44350	9	4	1596	1478	866,667,866,667
1526395835.317166130	54	40	48	1	2	0	2	-46	44351	9	4	1596	1478	866,667,866,667
1526395835.328906240	54	40	48	1	2	0	2	-46	44352	9	4	1596	1478	866,667,866,667
1526395835.340680051	54	40	48	1	2	0	2	-46	44353	9	4	1596	1478	866,667,866,667
1526395835.352449463	54	40	48	1	2	0	2	-46	44354	9	4	1596	1478	866,667,866,667
1526395835.364197477	54	40	48	1	2	0	2	-46	44355	9	4	1596	1478	866,667,866,667
1526395835.375996861	54	40	48	1	2	0	2	-46	44356	9	4	1596	1478	866,667,866,667
1526395835.387717386	54	40	48	1	2	0	2	-46	44357	9	4	1596	1478	866,667,866,667
1526395835.399384928	54	40	48	1	2	0	2	-46	44358	9	4	1596	1478	866,667,866,667
1526395835.411224643	54	40	48	1	2	0	2	-46	44359	9	4	1596	1478	866,667,866,667
1526395835.422905353	54	40	48	1	2	0	2	-46	44360	9	4	1596	1478	866,667,866,667
1526395835.434657147	54	40	48	1	2	0	2	-46	44361	9	4	1596	1478	866,667,866,667
1526395835.446413712	54	40	48	1	2	0	2	-46	44362	9	4	1596	1478	866,667,866,667
1526395835.458205825	54	40	48	1	2	0	2	-46	44363	9	4	1596	1478	866,667,866,667
1526395835.469860722	54	40	48	1	2	0	2	-46	44364	9	4	1596	1478	866,667,866,667
1526395835.481588432	54	40	48	1	2	0	2	-46	44365	9	4	1596	1478	866,667,866,667
1526395835.493343453	54	40	48	1	2	0	2	-46	44366	9	4	1596	1478	866,667,866,667
1526395835.505213891	54	40	48	1	2	0	2	-46	44367	9	4	1596	1478	866,667,866,667
1526395835.516844922	54	40	48	1	2	0	2	-46	44368	9	4	1596	1478	866,667,866,667
1526395835.528939887	54	40	48	1	2	0	2	-46	44369	9	4	1596	1478	866,667,866,667
1526395835.540469000	54	40	48	1	2	0	2	-46	44370	9	4	1596	1478	866,667,866,667
1526395835.552222678	54	40	48	1	2	0	2	-46	44371	9	4	1596	1478	866,667,866,667
1526395835.564002638	54	40	48	1	2	0	2	-46	44372	9	4	1596	1478	866,667,866,667
1526395835.575752621	54	40	48	1	2	0	2	-45	44373	9	4	1596	1478	866,667,866,667
1526395835.587511085	54	40	48	1	2	0	2	-45	44374	9	4	1596	1478	866,667,866,667
1526395835.599261623	54	40	48	1	2	0	2	-45	44375	9	4	1596	1478	866,667,866,667
1526395835.611034507	54	40	48	1	2	0	2	-45	44376	9	4	1596	1478	866,667,866,667
1526395835.624478816	54	40	48	1	2	0	2	-45	44377	9	4	1596	1478	866,667,866,667
1526395835.634536741	54	40	48	1	2	0	2	-45	44378	9	4	1596	1478	866,667,866,667
1526395835.646311628	54	40	48	1	2	0	2	-45	44379	9	4	1596	1478	866,667,866,667
1526395835.658062027	54	40	48	1	2	0	2	-45	44380	9	4	1596	1478	866,667,866,667
1526395835.669851501	54	40	48	1	2	0	2	-45	44381	9	4	1596	1478	866,667,866,667
1526395835.681606581	54	40	48	1	2	0	2	-46	44382	9	4	1596	1478	866,667,866,667
1526395835.693336624	54	40	48	1	2	0	2	-46	44383	9	4	1596	1478	866,667,866,667
1526395835.705084551	54	40	48	1	2	0	2	-46	44384	9	4	1596	1478	866,667,866,667
1526395835.716863852	54	40	48	1	2	0	2	-46	44385	9	4	1596	1478	866,667,866,667
1526395835.728625131	54	40	48	1	2	0	2	-46	44386	9	4	1596	1478	866,667,866,667
1526395835.740391444	54	40	48	1	2	0	2	-46	44387	9	4	1596	1478	866,667,866,667
1526395835.752152261	54	40	48	1	2	0	2	-46	44388	9	4	1596	1478	866,667,866,667
1526395835.763937256	54	40	48	1	2	0	2	-46	44389	9	4	1596	1478	866,667,866,667
1526395835.775663880	54	40	48	1	2	0	2	-46	44390	9	4	1596	1478	866,667,866,667
1526395835.787422301	54	40	48	1	2	0	2	-46	44391	9	4	1596	1478	866,667,866,667
1526395835.799186488	54	40	48	1	2	0	2	-46	44392	9	4	1596	1478	866,667,866,667
1526395835.810939595	54	40	48	1	2	0	2	-46	44393	9	4	1596	1478	866,667,866,667
1526395835.822701898	54	40	48	1	2	0	2	-46	44394	9	4	1596	1478	866,667,866,667
1526395835.834441135	54	40	48	1	2	0	2	-46	44395	9	4	1596	1478	866,667,866,667
1526395835.846221810	54	40	48	1	2	0	2	-46	44396	9	4	1596	1478	866,667,866,667
1526395835.857982421	54	40	48	1	2	0	2	-46	44397	9	4	1596	1478	866,667,866,667
1526395835.869772867	54	40	48	1	2	0	2	-46	44398	9	4	1596	1478	866,667,866,667
1526395835.881530354	54	40	48	1	2	0	2	-46	44399	9	4	1596	1478	866,667,866,667
1526395835.893267476	54	40	48	1	2	0	2	-46	44400	9	4	1596	1478	866,667,866,667
1526395835.905015623	54	40	48	1	2	0	2	-46	44401	9	4	1596	1478	866,667,866,667
1526395835.916798440	54	40	48	1	2	0	2	-46	44402	9	4	1596	1478	866,667,866,667
1526395835.928542688	54	40	48	1	2	0	2	-46	44403	9	4	1596	1478	866,667,866,667
1526395835.940305556	54	40	48	1	2	0	2	-46	44404	9	4	1596	1478	866,667,866,667
