1526398915.714993723	158	40	48	0	2	0	2	-53	73527	5	0	1596	1478	104,104
1526398915.724998882	158	40	48	0	2	0	2	-53	73528	5	0	1596	1478	104,104
1526398915.737470439	158	40	48	0	2	0	2	-53	73529	5	0	1596	1478	104,104
1526398915.748744547	158	40	48	0	2	0	2	-52	73530	5	0	1596	1478	104,104
1526398915.760451928	144	40	48	0	2	0	2	-52	73531	6	0	1596	1478	117,117
1526398915.772292771	144	40	48	0	2	0	2	-52	73532	6	0	1596	1478	117,117
1526398915.783949235	144	40	48	0	2	0	2	-52	73533	6	0	1596	1478	117,117
1526398915.795824649	144	40	48	0	2	0	2	-52	73534	6	0	1596	1478	117,117
1526398915.807596577	144	40	48	0	2	0	2	-52	73535	6	0	1596	1478	117,117
1526398915.819384893	124	40	48	1	2	0	2	-52	73536	7	0	1596	1478	144,444,144,444
1526398915.831095152	124	40	48	1	2	0	2	-52	73537	7	0	1596	1478	144,444,144,444
1526398915.842839748	124	40	48	1	2	0	2	-52	73538	7	0	1596	1478	144,444,144,444
1526398915.854525494	124	40	48	1	2	0	2	-52	73539	7	0	1596	1478	144,444,144,444
1526398915.866292958	124	40	48	1	2	0	2	-52	73540	7	0	1596	1478	144,444,144,444
1526398915.878002456	110	40	48	1	2	0	2	-52	73541	8	0	1596	1478	173,333,173,333
1526398915.889829117	110	40	48	1	2	0	2	-51	73542	8	0	1596	1478	173,333,173,333
1526398915.901618864	110	40	48	1	2	0	2	-52	73543	8	0	1596	1478	173,333,173,333
1526398915.913370530	110	40	48	1	2	0	2	-52	73544	8	0	1596	1478	173,333,173,333
1526398915.925160630	110	40	48	1	2	0	2	-52	73545	8	0	1596	1478	173,333,173,333
1526398915.936794969	110	40	48	1	2	0	2	-52	73546	8	0	1596	1478	173,333,173,333
1526398915.948658539	110	40	48	1	2	0	2	-52	73547	8	0	1596	1478	173,333,173,333
1526398915.960422485	110	40	48	1	2	0	2	-51	73548	8	0	1596	1478	173,333,173,333
1526398915.972181777	110	40	48	1	2	0	2	-51	73549	8	0	1596	1478	173,333,173,333
1526398915.983934804	110	40	48	1	2	0	2	-51	73550	8	0	1596	1478	173,333,173,333
1526398915.995707997	110	40	48	1	2	0	2	-50	73551	8	0	1596	1478	173,333,173,333
1526398916.007448802	110	40	48	1	2	0	2	-50	73552	8	0	1596	1478	173,333,173,333
1526398916.019113613	110	40	48	1	2	0	2	-50	73553	8	0	1596	1478	173,333,173,333
1526398916.030894180	110	40	48	1	2	0	2	-50	73554	8	0	1596	1478	173,333,173,333
1526398916.042744539	110	40	48	1	2	0	2	-50	73555	8	0	1596	1478	173,333,173,333
1526398916.054366901	110	40	48	1	2	0	2	-50	73556	8	0	1596	1478	173,333,173,333
1526398916.066043741	110	40	48	1	2	0	2	-50	73557	8	0	1596	1478	173,333,173,333
1526398916.078441881	110	40	48	1	2	0	2	-50	73558	8	0	1596	1478	173,333,173,333
1526398916.089786275	110	40	48	1	2	0	2	-49	73559	8	0	1596	1478	173,333,173,333
1526398916.101415100	110	40	48	1	2	0	2	-50	73560	8	0	1596	1478	173,333,173,333
1526398916.113195509	110	40	48	1	2	0	2	-50	73561	8	0	1596	1478	173,333,173,333
1526398916.125070008	110	40	48	1	2	0	2	-50	73562	8	0	1596	1478	173,333,173,333
1526398916.136845330	110	40	48	1	2	0	2	-50	73563	8	0	1596	1478	173,333,173,333
1526398916.148578689	110	40	48	1	2	0	2	-50	73564	8	0	1596	1478	173,333,173,333
1526398916.160216377	110	40	48	1	2	0	2	-50	73565	8	0	1596	1478	173,333,173,333
1526398916.172046691	110	40	48	1	2	0	2	-50	73566	8	0	1596	1478	173,333,173,333
1526398916.183769979	110	40	48	1	2	0	2	-51	73567	8	0	1596	1478	173,333,173,333
1526398916.195616031	110	40	48	1	2	0	2	-51	73568	8	0	1596	1478	173,333,173,333
1526398916.207323430	110	40	48	1	2	0	2	-51	73569	8	0	1596	1478	173,333,173,333
1526398916.219037722	110	40	48	1	2	0	2	-51	73570	8	0	1596	1478	173,333,173,333
1526398916.230776304	110	40	48	1	2	0	2	-51	73571	8	0	1596	1478	173,333,173,333
1526398916.242488664	110	40	48	1	2	0	2	-52	73572	8	0	1596	1478	173,333,173,333
1526398916.254249680	110	40	48	1	2	0	2	-52	73573	8	0	1596	1478	173,333,173,333
1526398916.266065202	110	40	48	1	2	0	2	-52	73574	8	0	1596	1478	173,333,173,333
1526398916.277808167	110	40	48	1	2	0	2	-52	73575	8	0	1596	1478	173,333,173,333
1526398916.289578340	110	40	48	1	2	0	2	-52	73576	8	0	1596	1478	173,333,173,333
1526398916.301334269	110	40	48	1	2	0	2	-52	73577	8	0	1596	1478	173,333,173,333
1526398916.313162666	110	40	48	1	2	0	2	-52	73578	8	0	1596	1478	173,333,173,333
1526398916.324966822	110	40	48	1	2	0	2	-52	73579	8	0	1596	1478	173,333,173,333
1526398916.336641579	110	40	48	1	2	0	2	-52	73580	8	0	1596	1478	173,333,173,333
1526398916.348439742	110	40	48	1	2	0	2	-53	73581	8	0	1596	1478	173,333,173,333
1526398916.360198000	110	40	48	1	2	0	2	-53	73582	8	0	1596	1478	173,333,173,333
1526398916.372018066	110	40	48	1	2	0	2	-53	73583	8	0	1596	1478	173,333,173,333
1526398916.383796499	110	40	48	1	2	0	2	-53	73584	8	0	1596	1478	173,333,173,333
1526398916.395569989	110	40	48	1	2	0	2	-53	73585	8	0	1596	1478	173,333,173,333
1526398916.407328764	110	40	48	1	2	0	2	-53	73586	8	0	1596	1478	173,333,173,333
1526398916.419082217	110	40	48	1	2	0	2	-53	73587	8	0	1596	1478	173,333,173,333
1526398916.430818824	110	40	48	1	2	0	2	-52	73588	8	0	1596	1478	173,333,173,333
1526398916.442577965	110	40	48	1	2	0	2	-52	73589	8	0	1596	1478	173,333,173,333
1526398916.454801317	110	40	48	1	2	0	2	-52	73590	8	0	1596	1478	173,333,173,333
1526398916.466037721	110	40	48	1	2	0	2	-52	73591	8	0	1596	1478	173,333,173,333
1526398916.477872712	110	40	48	1	2	0	2	-53	73592	8	0	1596	1478	173,333,173,333
1526398916.489614613	110	40	48	1	2	0	2	-53	73593	8	0	1596	1478	173,333,173,333
1526398916.501303928	110	40	48	1	2	0	2	-53	73594	8	0	1596	1478	173,333,173,333
1526398916.513139846	110	40	48	1	2	0	2	-54	73595	8	0	1596	1478	173,333,173,333
1526398916.524898574	110	40	48	1	2	0	2	-54	73596	8	0	1596	1478	173,333,173,333
1526398916.536651296	110	40	48	1	2	0	2	-54	73597	8	0	1596	1478	173,333,173,333
1526398916.548415129	110	40	48	1	2	0	2	-54	73598	8	0	1596	1478	173,333,173,333
1526398916.560132793	110	40	48	1	2	0	2	-53	73599	8	0	1596	1478	173,333,173,333
1526398916.571886990	110	40	48	1	2	0	2	-53	73600	8	0	1596	1478	173,333,173,333
1526398916.583720822	110	40	48	1	2	0	2	-54	73601	8	0	1596	1478	173,333,173,333
1526398916.595475416	110	40	48	1	2	0	2	-54	73602	8	0	1596	1478	173,333,173,333
1526398916.607219680	110	40	48	1	2	0	2	-54	73603	8	0	1596	1478	173,333,173,333
1526398916.618895796	110	40	48	1	2	0	2	-53	73604	8	0	1596	1478	173,333,173,333
1526398916.630739940	110	40	48	1	2	0	2	-53	73605	8	0	1596	1478	173,333,173,333
1526398916.642512027	110	40	48	1	2	0	2	-53	73606	8	0	1596	1478	173,333,173,333
1526398916.654274853	110	40	48	1	2	0	2	-53	73607	8	0	1596	1478	173,333,173,333
1526398916.666044249	110	40	48	1	2	0	2	-53	73608	8	0	1596	1478	173,333,173,333
1526398916.677795650	110	40	48	1	2	0	2	-53	73609	8	0	1596	1478	173,333,173,333
1526398916.689558941	110	40	48	1	2	0	2	-53	73610	8	0	1596	1478	173,333,173,333
1526398916.701310169	110	40	48	1	2	0	2	-53	73611	8	0	1596	1478	173,333,173,333
1526398916.713071473	110	40	48	1	2	0	2	-54	73612	8	0	1596	1478	173,333,173,333
1526398916.724830888	110	40	48	1	2	0	2	-54	73613	8	0	1596	1478	173,333,173,333
1526398916.736589554	110	40	48	1	2	0	2	-54	73614	8	0	1596	1478	173,333,173,333
1526398916.748348432	110	40	48	1	2	0	2	-54	73615	8	0	1596	1478	173,333,173,333
1526398916.760010811	110	40	48	1	2	0	2	-53	73616	8	0	1596	1478	173,333,173,333
1526398916.771665791	110	40	48	1	2	0	2	-53	73617	8	0	1596	1478	173,333,173,333
1526398916.783543149	110	40	48	1	2	0	2	-54	73618	8	0	1596	1478	173,333,173,333
1526398916.795362435	110	40	48	1	2	0	2	-54	73619	8	0	1596	1478	173,333,173,333
1526398916.807130693	110	40	48	1	2	0	2	-54	73620	8	0	1596	1478	173,333,173,333
1526398916.818884019	110	40	48	1	2	0	2	-54	73621	8	0	1596	1478	173,333,173,333
1526398916.830567145	110	40	48	1	2	0	2	-54	73622	8	0	1596	1478	173,333,173,333
1526398916.842259807	110	40	48	1	2	0	2	-54	73623	8	0	1596	1478	173,333,173,333
1526398916.853984363	110	40	48	1	2	0	2	-54	73624	8	0	1596	1478	173,333,173,333
1526398916.865910722	110	40	48	1	2	0	2	-54	73625	8	0	1596	1478	173,333,173,333
1526398916.877686816	110	40	48	1	2	0	2	-55	73626	8	0	1596	1478	173,333,173,333
1526398916.889457479	110	40	48	1	2	0	2	-55	73627	8	0	1596	1478	173,333,173,333
1526398916.901215753	110	40	48	1	2	0	2	-55	73628	8	0	1596	1478	173,333,173,333
1526398916.912914208	110	40	48	1	2	0	2	-55	73629	8	0	1596	1478	173,333,173,333
1526398916.924753061	110	40	48	1	2	0	2	-55	73630	8	0	1596	1478	173,333,173,333
1526398916.936508729	110	40	48	1	2	0	2	-55	73631	8	0	1596	1478	173,333,173,333
1526398916.948270227	110	40	48	1	2	0	2	-54	73632	8	0	1596	1478	173,333,173,333
1526398916.960029588	110	40	48	1	2	0	2	-54	73633	8	0	1596	1478	173,333,173,333
1526398916.971782021	110	40	48	1	2	0	2	-54	73634	8	0	1596	1478	173,333,173,333
1526398916.983545227	110	40	48	1	2	0	2	-54	73635	8	0	1596	1478	173,333,173,333
1526398916.995304420	110	40	48	1	2	0	2	-54	73636	8	0	1596	1478	173,333,173,333
1526398917.007055408	110	40	48	1	2	0	2	-54	73637	8	0	1596	1478	173,333,173,333
1526398917.018762169	110	40	48	1	2	0	2	-54	73638	8	0	1596	1478	173,333,173,333
1526398917.030430588	110	40	48	1	2	0	2	-54	73639	8	0	1596	1478	173,333,173,333
1526398917.042346064	110	40	48	1	2	0	2	-54	73640	8	0	1596	1478	173,333,173,333
1526398917.054109763	110	40	48	1	2	0	2	-54	73641	8	0	1596	1478	173,333,173,333
1526398917.065873140	110	40	48	1	2	0	2	-54	73642	8	0	1596	1478	173,333,173,333
1526398917.077607200	110	40	48	1	2	0	2	-53	73643	8	0	1596	1478	173,333,173,333
1526398917.089320248	110	40	48	1	2	0	2	-53	73644	8	0	1596	1478	173,333,173,333
1526398917.101138537	110	40	48	1	2	0	2	-53	73645	8	0	1596	1478	173,333,173,333
1526398917.112905992	110	40	48	1	2	0	2	-53	73646	8	0	1596	1478	173,333,173,333
1526398917.124706914	110	40	48	1	2	0	2	-53	73647	8	0	1596	1478	173,333,173,333
1526398917.136356612	110	40	48	1	2	0	2	-53	73648	8	0	1596	1478	173,333,173,333
1526398917.148024355	110	40	48	1	2	0	2	-54	73649	8	0	1596	1478	173,333,173,333
1526398917.159859919	110	40	48	1	2	0	2	-54	73650	8	0	1596	1478	173,333,173,333
1526398917.171610900	110	40	48	1	2	0	2	-54	73651	8	0	1596	1478	173,333,173,333
1526398917.183355232	110	40	48	1	2	0	2	-54	73652	8	0	1596	1478	173,333,173,333
1526398917.195519170	110	40	48	1	2	0	2	-53	73653	8	0	1596	1478	173,333,173,333
1526398917.206869220	110	40	48	1	2	0	2	-53	73654	8	0	1596	1478	173,333,173,333
1526398917.218629536	110	40	48	1	2	0	2	-53	73655	8	0	1596	1478	173,333,173,333
1526398917.230389280	110	40	48	1	2	0	2	-54	73656	8	0	1596	1478	173,333,173,333
1526398917.242126780	110	40	48	1	2	0	2	-54	73657	8	0	1596	1478	173,333,173,333
1526398917.253901978	110	40	48	1	2	0	2	-53	73658	8	0	1596	1478	173,333,173,333
1526398917.265677347	110	40	48	1	2	0	2	-53	73659	8	0	1596	1478	173,333,173,333
1526398917.277209031	110	40	48	1	2	0	2	-53	73660	8	0	1596	1478	173,333,173,333
1526398917.289101119	110	40	48	1	2	0	2	-54	73661	8	0	1596	1478	173,333,173,333
1526398917.300846551	110	40	48	1	2	0	2	-54	73662	8	0	1596	1478	173,333,173,333
1526398917.312696906	110	40	48	1	2	0	2	-54	73663	8	0	1596	1478	173,333,173,333
1526398917.324468267	110	40	48	1	2	0	2	-53	73664	8	0	1596	1478	173,333,173,333
1526398917.336128585	110	40	48	1	2	0	2	-53	73665	8	0	1596	1478	173,333,173,333
1526398917.347884943	110	40	48	1	2	0	2	-53	73666	8	0	1596	1478	173,333,173,333
1526398917.359811887	110	40	48	1	2	0	2	-53	73667	8	0	1596	1478	173,333,173,333
1526398917.371512211	110	40	48	1	2	0	2	-53	73668	8	0	1596	1478	173,333,173,333
1526398917.383362988	110	40	48	1	2	0	2	-53	73669	8	0	1596	1478	173,333,173,333
1526398917.395118913	110	40	48	1	2	0	2	-53	73670	8	0	1596	1478	173,333,173,333
1526398917.406899934	110	40	48	1	2	0	2	-53	73671	8	0	1596	1478	173,333,173,333
1526398917.418647110	110	40	48	1	2	0	2	-53	73672	8	0	1596	1478	173,333,173,333
1526398917.430473151	110	40	48	1	2	0	2	-54	73673	8	0	1596	1478	173,333,173,333
1526398917.442191801	110	40	48	1	2	0	2	-54	73674	8	0	1596	1478	173,333,173,333
1526398917.453958453	110	40	48	1	2	0	2	-53	73675	8	0	1596	1478	173,333,173,333
1526398917.465645177	110	40	48	1	2	0	2	-52	73676	8	0	1596	1478	173,333,173,333
1526398917.477468087	110	40	48	1	2	0	2	-52	73677	8	0	1596	1478	173,333,173,333
1526398917.489221968	110	40	48	1	2	0	2	-51	73678	8	0	1596	1478	173,333,173,333
1526398917.500922005	110	40	48	1	2	0	2	-51	73679	8	0	1596	1478	173,333,173,333
1526398917.512681005	110	40	48	1	2	0	2	-52	73680	8	0	1596	1478	173,333,173,333
1526398917.524442893	110	40	48	1	2	0	2	-52	73681	8	0	1596	1478	173,333,173,333
1526398917.536092897	110	40	48	1	2	0	2	-52	73682	8	0	1596	1478	173,333,173,333
1526398917.548017965	110	40	48	1	2	0	2	-52	73683	8	0	1596	1478	173,333,173,333
1526398917.559790357	110	40	48	1	2	0	2	-52	73684	8	0	1596	1478	173,333,173,333
1526398917.571546240	110	40	48	1	2	0	2	-52	73685	8	0	1596	1478	173,333,173,333
1526398917.583165229	110	40	48	1	2	0	2	-52	73686	8	0	1596	1478	173,333,173,333
1526398917.595086796	110	40	48	1	2	0	2	-52	73687	8	0	1596	1478	173,333,173,333
1526398917.606827789	110	40	48	1	2	0	2	-52	73688	8	0	1596	1478	173,333,173,333
1526398917.618575198	110	40	48	1	2	0	2	-52	73689	8	0	1596	1478	173,333,173,333
1526398917.630344143	110	40	48	1	2	0	2	-52	73690	8	0	1596	1478	173,333,173,333
1526398917.642080003	110	40	48	1	2	0	2	-52	73691	8	0	1596	1478	173,333,173,333
1526398917.653847675	110	40	48	1	2	0	2	-52	73692	8	0	1596	1478	173,333,173,333
1526398917.665640140	110	40	48	1	2	0	2	-51	73693	8	0	1596	1478	173,333,173,333
1526398917.677141510	110	40	48	1	2	0	2	-51	73694	8	0	1596	1478	173,333,173,333
1526398917.689134438	110	40	48	1	2	0	2	-52	73695	8	0	1596	1478	173,333,173,333
1526398917.700826356	110	40	48	1	2	0	2	-53	73696	8	0	1596	1478	173,333,173,333
1526398917.712666353	110	40	48	1	2	0	2	-54	73697	8	0	1596	1478	173,333,173,333
1526398917.724254718	110	40	48	1	2	0	2	-53	73698	8	0	1596	1478	173,333,173,333
1526398917.736163100	110	40	48	1	2	0	2	-52	73699	8	0	1596	1478	173,333,173,333
1526398917.747922758	110	40	48	1	2	0	2	-51	73700	8	0	1596	1478	173,333,173,333
1526398917.759691746	110	40	48	1	2	0	2	-51	73701	8	0	1596	1478	173,333,173,333
1526398917.771447456	110	40	48	1	2	0	2	-51	73702	8	0	1596	1478	173,333,173,333
1526398917.783220160	110	40	48	1	2	0	2	-51	73703	8	0	1596	1478	173,333,173,333
1526398917.794985255	110	40	48	1	2	0	2	-51	73704	8	0	1596	1478	173,333,173,333
1526398917.806744650	110	40	48	1	2	0	2	-50	73705	8	0	1596	1478	173,333,173,333
1526398917.818331118	110	40	48	1	2	0	2	-51	73706	8	0	1596	1478	173,333,173,333
1526398917.830063158	110	40	48	1	2	0	2	-51	73707	8	0	1596	1478	173,333,173,333
1526398917.842016118	110	40	48	1	2	0	2	-51	73708	8	0	1596	1478	173,333,173,333
1526398917.853680848	110	40	48	1	2	0	2	-51	73709	8	0	1596	1478	173,333,173,333
1526398917.865524289	110	40	48	1	2	0	2	-51	73710	8	0	1596	1478	173,333,173,333
1526398917.877275842	110	40	48	1	2	0	2	-50	73711	8	0	1596	1478	173,333,173,333
1526398917.889050065	110	40	48	1	2	0	2	-50	73712	8	0	1596	1478	173,333,173,333
1526398917.900688009	110	40	48	1	2	0	2	-50	73713	8	0	1596	1478	173,333,173,333
1526398917.912576542	110	40	48	1	2	0	2	-50	73714	8	0	1596	1478	173,333,173,333
1526398917.924340201	110	40	48	1	2	0	2	-50	73715	8	0	1596	1478	173,333,173,333
1526398917.936100102	110	40	48	1	2	0	2	-50	73716	8	0	1596	1478	173,333,173,333
1526398917.947857806	110	40	48	1	2	0	2	-50	73717	8	0	1596	1478	173,333,173,333
1526398917.959544841	110	40	48	1	2	0	2	-50	73718	8	0	1596	1478	173,333,173,333
1526398917.971369421	110	40	48	1	2	0	2	-50	73719	8	0	1596	1478	173,333,173,333
1526398917.983083638	110	40	48	1	2	0	2	-50	73720	8	0	1596	1478	173,333,173,333
1526398917.994894937	110	40	48	1	2	0	2	-50	73721	8	0	1596	1478	173,333,173,333
1526398918.006520051	110	40	48	1	2	0	2	-50	73722	8	0	1596	1478	173,333,173,333
1526398918.018421675	110	40	48	1	2	0	2	-50	73723	8	0	1596	1478	173,333,173,333
1526398918.030175962	110	40	48	1	2	0	2	-50	73724	8	0	1596	1478	173,333,173,333
1526398918.041939732	110	40	48	1	2	0	2	-50	73725	8	0	1596	1478	173,333,173,333
1526398918.053568589	110	40	48	1	2	0	2	-50	73726	8	0	1596	1478	173,333,173,333
1526398918.065504659	110	40	48	1	2	0	2	-50	73727	8	0	1596	1478	173,333,173,333
1526398918.077276985	110	40	48	1	2	0	2	-50	73728	8	0	1596	1478	173,333,173,333
1526398918.089050805	110	40	48	1	2	0	2	-49	73729	8	0	1596	1478	173,333,173,333
1526398918.100719159	110	40	48	1	2	0	2	-49	73730	8	0	1596	1478	173,333,173,333
1526398918.112560490	110	40	48	1	2	0	2	-49	73731	8	0	1596	1478	173,333,173,333
1526398918.124315869	110	40	48	1	2	0	2	-49	73732	8	0	1596	1478	173,333,173,333
1526398918.135988259	110	40	48	1	2	0	2	-50	73733	8	0	1596	1478	173,333,173,333
1526398918.147811716	110	40	48	1	2	0	2	-50	73734	8	0	1596	1478	173,333,173,333
1526398918.159408524	110	40	48	1	2	0	2	-50	73735	8	0	1596	1478	173,333,173,333
1526398918.171357007	110	40	48	1	2	0	2	-50	73736	8	0	1596	1478	173,333,173,333
1526398918.183120227	110	40	48	1	2	0	2	-50	73737	8	0	1596	1478	173,333,173,333
1526398918.195217993	110	40	48	1	2	0	2	-50	73738	8	0	1596	1478	173,333,173,333
1526398918.206551743	110	40	48	1	2	0	2	-51	73739	8	0	1596	1478	173,333,173,333
1526398918.218397778	110	40	48	1	2	0	2	-51	73740	8	0	1596	1478	173,333,173,333
1526398918.230153833	110	40	48	1	2	0	2	-51	73741	8	0	1596	1478	173,333,173,333
1526398918.241764201	110	40	48	1	2	0	2	-51	73742	8	0	1596	1478	173,333,173,333
1526398918.253684862	110	40	48	1	2	0	2	-51	73743	8	0	1596	1478	173,333,173,333
1526398918.265441700	110	40	48	1	2	0	2	-51	73744	8	0	1596	1478	173,333,173,333
1526398918.277261701	110	40	48	1	2	0	2	-51	73745	8	0	1596	1478	173,333,173,333
1526398918.288661199	110	40	48	1	2	0	2	-50	73746	8	0	1596	1478	173,333,173,333
1526398918.300541226	110	40	48	1	2	0	2	-50	73747	8	0	1596	1478	173,333,173,333
1526398918.312319138	110	40	48	1	2	0	2	-51	73748	8	0	1596	1478	173,333,173,333
1526398918.324052545	110	40	48	1	2	0	2	-51	73749	8	0	1596	1478	173,333,173,333
1526398918.335834512	110	40	48	1	2	0	2	-51	73750	8	0	1596	1478	173,333,173,333
1526398918.347699889	110	40	48	1	2	0	2	-51	73751	8	0	1596	1478	173,333,173,333
1526398918.359376916	110	40	48	1	2	0	2	-51	73752	8	0	1596	1478	173,333,173,333
1526398918.371154983	110	40	48	1	2	0	2	-51	73753	8	0	1596	1478	173,333,173,333
1526398918.382902048	110	40	48	1	2	0	2	-51	73754	8	0	1596	1478	173,333,173,333
1526398918.394742256	110	40	48	1	2	0	2	-50	73755	8	0	1596	1478	173,333,173,333
1526398918.406443903	110	40	48	1	2	0	2	-51	73756	8	0	1596	1478	173,333,173,333
1526398918.418254518	110	40	48	1	2	0	2	-51	73757	8	0	1596	1478	173,333,173,333
1526398918.429906895	110	40	48	1	2	0	2	-52	73758	8	0	1596	1478	173,333,173,333
1526398918.441777567	110	40	48	1	2	0	2	-52	73759	8	0	1596	1478	173,333,173,333
1526398918.453475132	110	40	48	1	2	0	2	-51	73760	8	0	1596	1478	173,333,173,333
1526398918.465309197	110	40	48	1	2	0	2	-51	73761	8	0	1596	1478	173,333,173,333
1526398918.477061485	110	40	48	1	2	0	2	-51	73762	8	0	1596	1478	173,333,173,333
1526398918.488743845	110	40	48	1	2	0	2	-52	73763	8	0	1596	1478	173,333,173,333
1526398918.500585562	110	40	48	1	2	0	2	-52	73764	8	0	1596	1478	173,333,173,333
1526398918.512267679	110	40	48	1	2	0	2	-53	73765	8	0	1596	1478	173,333,173,333
1526398918.524098015	110	40	48	1	2	0	2	-52	73766	8	0	1596	1478	173,333,173,333
1526398918.535766890	110	40	48	1	2	0	2	-52	73767	8	0	1596	1478	173,333,173,333
1526398918.547624909	110	40	48	1	2	0	2	-52	73768	8	0	1596	1478	173,333,173,333
1526398918.559394024	110	40	48	1	2	0	2	-52	73769	8	0	1596	1478	173,333,173,333
1526398918.571137198	110	40	48	1	2	0	2	-53	73770	8	0	1596	1478	173,333,173,333
1526398918.582764473	110	40	48	1	2	0	2	-53	73771	8	0	1596	1478	173,333,173,333
1526398918.594583441	110	40	48	1	2	0	2	-54	73772	8	0	1596	1478	173,333,173,333
1526398918.606410414	110	40	48	1	2	0	2	-54	73773	8	0	1596	1478	173,333,173,333
1526398918.618178635	110	40	48	1	2	0	2	-54	73774	8	0	1596	1478	173,333,173,333
1526398918.629932024	110	40	48	1	2	0	2	-54	73775	8	0	1596	1478	173,333,173,333
1526398918.641671443	110	40	48	1	2	0	2	-54	73776	8	0	1596	1478	173,333,173,333
1526398918.653469892	110	40	48	1	2	0	2	-54	73777	8	0	1596	1478	173,333,173,333
1526398918.665224915	110	40	48	1	2	0	2	-54	73778	8	0	1596	1478	173,333,173,333
1526398918.676981578	110	40	48	1	2	0	2	-55	73779	8	0	1596	1478	173,333,173,333
1526398918.688748465	110	40	48	1	2	0	2	-55	73780	8	0	1596	1478	173,333,173,333
1526398918.700492778	110	40	48	1	2	0	2	-56	73781	8	0	1596	1478	173,333,173,333
1526398918.712260968	110	40	48	1	2	0	2	-55	73782	8	0	1596	1478	173,333,173,333
1526398918.724077933	110	40	48	1	2	0	2	-55	73783	8	0	1596	1478	173,333,173,333
1526398918.735792449	110	40	48	1	2	0	2	-55	73784	8	0	1596	1478	173,333,173,333
1526398918.747457253	110	40	48	1	2	0	2	-54	73785	8	0	1596	1478	173,333,173,333
1526398918.759293086	110	40	48	1	2	0	2	-54	73786	8	0	1596	1478	173,333,173,333
1526398918.771068318	110	40	48	1	2	0	2	-55	73787	8	0	1596	1478	173,333,173,333
1526398918.782759457	110	40	48	1	2	0	2	-57	73788	8	0	1596	1478	173,333,173,333
1526398918.794445990	110	40	48	1	2	0	2	-57	73789	8	0	1596	1478	173,333,173,333
1526398918.806348541	110	40	48	1	2	0	2	-55	73790	8	0	1596	1478	173,333,173,333
1526398918.818104255	110	40	48	1	2	0	2	-55	73791	8	0	1596	1478	173,333,173,333
1526398918.829861971	110	40	48	1	2	0	2	-56	73792	8	0	1596	1478	173,333,173,333
1526398918.841521724	110	40	48	1	2	0	2	-55	73793	8	0	1596	1478	173,333,173,333
1526398918.853248560	110	40	48	1	2	0	2	-55	73794	8	0	1596	1478	173,333,173,333
1526398918.865144701	110	40	48	1	2	0	2	-55	73795	8	0	1596	1478	173,333,173,333
1526398918.876876396	110	40	48	1	2	0	2	-56	73796	8	0	1596	1478	173,333,173,333
1526398918.888654108	110	40	48	1	2	0	2	-58	73797	8	0	1596	1478	173,333,173,333
1526398918.900395236	110	40	48	1	2	0	2	-57	73798	8	0	1596	1478	173,333,173,333
1526398918.912433585	110	40	48	1	2	0	2	-56	73799	8	0	1596	1478	173,333,173,333
1526398918.923942921	110	40	48	1	2	0	2	-57	73800	8	0	1596	1478	173,333,173,333
1526398918.935610602	110	40	48	1	2	0	2	-59	73801	8	0	1596	1478	173,333,173,333
1526398918.947365574	110	40	48	1	2	0	2	-57	73802	8	0	1596	1478	173,333,173,333
1526398918.959045485	110	40	48	1	2	0	2	-56	73803	8	0	1596	1478	173,333,173,333
1526398918.970959400	110	40	48	1	2	0	2	-56	73804	8	0	1596	1478	173,333,173,333
1526398918.982600229	110	40	48	1	2	0	2	-57	73805	8	0	1596	1478	173,333,173,333
1526398918.994483467	110	40	48	1	2	0	2	-59	73806	8	0	1596	1478	173,333,173,333
1526398919.006294596	110	40	48	1	2	0	2	-57	73807	8	0	1596	1478	173,333,173,333
1526398919.017906949	110	40	48	1	2	0	2	-55	73808	8	0	1596	1478	173,333,173,333
1526398919.029685114	110	40	48	1	2	0	2	-55	73809	8	0	1596	1478	173,333,173,333
1526398919.041541584	110	40	48	1	2	0	2	-57	73810	8	0	1596	1478	173,333,173,333
1526398919.053220664	110	40	48	1	2	0	2	-59	73811	8	0	1596	1478	173,333,173,333
1526398919.065062656	110	40	48	1	2	0	2	-60	73812	8	0	1596	1478	173,333,173,333
1526398919.076824739	110	40	48	1	2	0	2	-59	73813	8	0	1596	1478	173,333,173,333
1526398919.088577972	110	40	48	1	2	0	2	-58	73814	8	0	1596	1478	173,333,173,333
1526398919.100351349	110	40	48	1	2	0	2	-57	73815	8	0	1596	1478	173,333,173,333
1526398919.112029407	110	40	48	1	2	0	2	-56	73816	8	0	1596	1478	173,333,173,333
1526398919.123867164	110	40	48	1	2	0	2	-56	73817	8	0	1596	1478	173,333,173,333
1526398919.135628497	110	40	48	1	2	0	2	-56	73818	8	0	1596	1478	173,333,173,333
1526398919.147374064	110	40	48	1	2	0	2	-58	73819	8	0	1596	1478	173,333,173,333
1526398919.159165626	110	40	48	1	2	0	2	-58	73820	8	0	1596	1478	173,333,173,333
1526398919.170887073	110	40	48	1	2	0	2	-58	73821	8	0	1596	1478	173,333,173,333
1526398919.182664732	110	40	48	1	2	0	2	-58	73822	8	0	1596	1478	173,333,173,333
1526398919.194435864	110	40	48	1	2	0	2	-58	73823	8	0	1596	1478	173,333,173,333
1526398919.206197128	110	40	48	1	2	0	2	-58	73824	8	0	1596	1478	173,333,173,333
1526398919.217960184	110	40	48	1	2	0	2	-58	73825	8	0	1596	1478	173,333,173,333
1526398919.229697193	110	40	48	1	2	0	2	-58	73826	8	0	1596	1478	173,333,173,333
1526398919.241472639	110	40	48	1	2	0	2	-58	73827	8	0	1596	1478	173,333,173,333
1526398919.253217492	110	40	48	1	2	0	2	-58	73828	8	0	1596	1478	173,333,173,333
1526398919.264934393	110	40	48	1	2	0	2	-58	73829	8	0	1596	1478	173,333,173,333
1526398919.276695105	110	40	48	1	2	0	2	-59	73830	8	0	1596	1478	173,333,173,333
1526398919.288519510	110	40	48	1	2	0	2	-60	73831	8	0	1596	1478	173,333,173,333
1526398919.300157037	110	40	48	1	2	0	2	-61	73832	8	0	1596	1478	173,333,173,333
1526398919.312038356	110	40	48	1	2	0	2	-61	73833	8	0	1596	1478	173,333,173,333
1526398919.323785867	110	40	48	1	2	0	2	-60	73834	8	0	1596	1478	173,333,173,333
1526398919.335583959	110	40	48	1	2	0	2	-60	73835	8	0	1596	1478	173,333,173,333
1526398919.347331374	110	40	48	1	2	0	2	-60	73836	8	0	1596	1478	173,333,173,333
1526398919.358879781	110	40	48	1	2	0	2	-60	73837	8	0	1596	1478	173,333,173,333
1526398919.370845538	110	40	48	1	2	0	2	-61	73838	8	0	1596	1478	173,333,173,333
1526398919.382579608	110	40	48	1	2	0	2	-61	73839	8	0	1596	1478	173,333,173,333
1526398919.394323496	110	40	48	1	2	0	2	-61	73840	8	0	1596	1478	173,333,173,333
1526398919.406107429	110	40	48	1	2	0	2	-61	73841	8	0	1596	1478	173,333,173,333
1526398919.417848276	110	40	48	1	2	0	2	-60	73842	8	0	1596	1478	173,333,173,333
1526398919.429537625	110	40	48	1	2	0	2	-58	73843	8	0	1596	1478	173,333,173,333
1526398919.441288390	110	40	48	1	2	0	2	-57	73844	8	0	1596	1478	173,333,173,333
1526398919.453015733	110	40	48	1	2	0	2	-57	73845	8	0	1596	1478	173,333,173,333
1526398919.464900496	110	40	48	1	2	0	2	-58	73846	8	0	1596	1478	173,333,173,333
1526398919.476630305	110	40	48	1	2	0	2	-58	73847	8	0	1596	1478	173,333,173,333
1526398919.488409736	110	40	48	1	2	0	2	-58	73848	8	0	1596	1478	173,333,173,333
1526398919.500177817	110	40	48	1	2	0	2	-59	73849	8	0	1596	1478	173,333,173,333
1526398919.511931048	110	40	48	1	2	0	2	-59	73850	8	0	1596	1478	173,333,173,333
1526398919.523724121	110	40	48	1	2	0	2	-59	73851	8	0	1596	1478	173,333,173,333
1526398919.535374884	110	40	48	1	2	0	2	-59	73852	8	0	1596	1478	173,333,173,333
1526398919.547235689	110	40	48	1	2	0	2	-59	73853	8	0	1596	1478	173,333,173,333
1526398919.558971806	110	40	48	1	2	0	2	-59	73854	8	0	1596	1478	173,333,173,333
1526398919.570707576	110	40	48	1	2	0	2	-58	73855	8	0	1596	1478	173,333,173,333
1526398919.582504961	110	40	48	1	2	0	2	-58	73856	8	0	1596	1478	173,333,173,333
1526398919.594263665	110	40	48	1	2	0	2	-58	73857	8	0	1596	1478	173,333,173,333
1526398919.606059472	110	40	48	1	2	0	2	-59	73858	8	0	1596	1478	173,333,173,333
1526398919.617777964	110	40	48	1	2	0	2	-59	73859	8	0	1596	1478	173,333,173,333
1526398919.629543505	110	40	48	1	2	0	2	-58	73860	8	0	1596	1478	173,333,173,333
1526398919.641289047	110	40	48	1	2	0	2	-57	73861	8	0	1596	1478	173,333,173,333
1526398919.653053560	110	40	48	1	2	0	2	-57	73862	8	0	1596	1478	173,333,173,333
1526398919.664824715	110	40	48	1	2	0	2	-57	73863	8	0	1596	1478	173,333,173,333
1526398919.676588767	110	40	48	1	2	0	2	-57	73864	8	0	1596	1478	173,333,173,333
1526398919.688345459	110	40	48	1	2	0	2	-57	73865	8	0	1596	1478	173,333,173,333
1526398919.700113607	110	40	48	1	2	0	2	-57	73866	8	0	1596	1478	173,333,173,333
1526398919.711862655	110	40	48	1	2	0	2	-57	73867	8	0	1596	1478	173,333,173,333
1526398919.723563356	110	40	48	1	2	0	2	-58	73868	8	0	1596	1478	173,333,173,333
1526398919.735401788	110	40	48	1	2	0	2	-57	73869	8	0	1596	1478	173,333,173,333
1526398919.747154076	110	40	48	1	2	0	2	-57	73870	8	0	1596	1478	173,333,173,333
1526398919.758694878	110	40	48	1	2	0	2	-57	73871	8	0	1596	1478	173,333,173,333
1526398919.770570284	110	40	48	1	2	0	2	-56	73872	8	0	1596	1478	173,333,173,333
1526398919.782398085	110	40	48	1	2	0	2	-56	73873	8	0	1596	1478	173,333,173,333
1526398919.794181890	110	40	48	1	2	0	2	-56	73874	8	0	1596	1478	173,333,173,333
1526398919.805936847	110	40	48	1	2	0	2	-56	73875	8	0	1596	1478	173,333,173,333
1526398919.817724167	110	40	48	1	2	0	2	-56	73876	8	0	1596	1478	173,333,173,333
1526398919.829458744	110	40	48	1	2	0	2	-57	73877	8	0	1596	1478	173,333,173,333
1526398919.841218902	110	40	48	1	2	0	2	-58	73878	8	0	1596	1478	173,333,173,333
1526398919.852980591	110	40	48	1	2	0	2	-58	73879	8	0	1596	1478	173,333,173,333
1526398919.864652900	110	40	48	1	2	0	2	-57	73880	8	0	1596	1478	173,333,173,333
1526398919.876285364	110	40	48	1	2	0	2	-57	73881	8	0	1596	1478	173,333,173,333
1526398919.888253809	110	40	48	1	2	0	2	-56	73882	8	0	1596	1478	173,333,173,333
1526398919.900023429	110	40	48	1	2	0	2	-55	73883	8	0	1596	1478	173,333,173,333
1526398919.911777349	110	40	48	1	2	0	2	-55	73884	8	0	1596	1478	173,333,173,333
1526398919.923463066	110	40	48	1	2	0	2	-56	73885	8	0	1596	1478	173,333,173,333
1526398919.935917552	110	40	48	1	2	0	2	-56	73886	8	0	1596	1478	173,333,173,333
1526398919.946908226	110	40	48	1	2	0	2	-56	73887	8	0	1596	1478	173,333,173,333
1526398919.958674848	110	40	48	1	2	0	2	-56	73888	8	0	1596	1478	173,333,173,333
1526398919.970571030	110	40	48	1	2	0	2	-55	73889	8	0	1596	1478	173,333,173,333
1526398919.982332283	110	40	48	1	2	0	2	-54	73890	8	0	1596	1478	173,333,173,333
1526398919.994089778	110	40	48	1	2	0	2	-54	73891	8	0	1596	1478	173,333,173,333
1526398920.005819832	110	40	48	1	2	0	2	-54	73892	8	0	1596	1478	173,333,173,333
1526398920.017619527	110	40	48	1	2	0	2	-54	73893	8	0	1596	1478	173,333,173,333
1526398920.029251075	110	40	48	1	2	0	2	-54	73894	8	0	1596	1478	173,333,173,333
1526398920.041137197	110	40	48	1	2	0	2	-54	73895	8	0	1596	1478	173,333,173,333
1526398920.052912847	110	40	48	1	2	0	2	-55	73896	8	0	1596	1478	173,333,173,333
1526398920.064690310	110	40	48	1	2	0	2	-55	73897	8	0	1596	1478	173,333,173,333
1526398920.076424039	110	40	48	1	2	0	2	-54	73898	8	0	1596	1478	173,333,173,333
1526398920.087978803	110	40	48	1	2	0	2	-54	73899	8	0	1596	1478	173,333,173,333
1526398920.099737246	110	40	48	1	2	0	2	-54	73900	8	0	1596	1478	173,333,173,333
1526398920.111527379	110	40	48	1	2	0	2	-54	73901	8	0	1596	1478	173,333,173,333
1526398920.123391510	110	40	48	1	2	0	2	-54	73902	8	0	1596	1478	173,333,173,333
1526398920.135244610	110	40	48	1	2	0	2	-54	73903	8	0	1596	1478	173,333,173,333
1526398920.146980199	110	40	48	1	2	0	2	-55	73904	8	0	1596	1478	173,333,173,333
1526398920.158765752	110	40	48	1	2	0	2	-54	73905	8	0	1596	1478	173,333,173,333
1526398920.170439136	110	40	48	1	2	0	2	-54	73906	8	0	1596	1478	173,333,173,333
1526398920.182254837	110	40	48	1	2	0	2	-55	73907	8	0	1596	1478	173,333,173,333
1526398920.194010996	110	40	48	1	2	0	2	-55	73908	8	0	1596	1478	173,333,173,333
1526398920.205812063	110	40	48	1	2	0	2	-55	73909	8	0	1596	1478	173,333,173,333
1526398920.217495370	110	40	48	1	2	0	2	-55	73910	8	0	1596	1478	173,333,173,333
1526398920.229293454	110	40	48	1	2	0	2	-55	73911	8	0	1596	1478	173,333,173,333
1526398920.240936074	110	40	48	1	2	0	2	-55	73912	8	0	1596	1478	173,333,173,333
1526398920.252807515	110	40	48	1	2	0	2	-55	73913	8	0	1596	1478	173,333,173,333
1526398920.264483283	110	40	48	1	2	0	2	-54	73914	8	0	1596	1478	173,333,173,333
1526398920.276353488	110	40	48	1	2	0	2	-53	73915	8	0	1596	1478	173,333,173,333
1526398920.288109638	110	40	48	1	2	0	2	-53	73916	8	0	1596	1478	173,333,173,333
1526398920.299879009	110	40	48	1	2	0	2	-54	73917	8	0	1596	1478	173,333,173,333
1526398920.311635453	110	40	48	1	2	0	2	-55	73918	8	0	1596	1478	173,333,173,333
1526398920.323406200	110	40	48	1	2	0	2	-56	73919	8	0	1596	1478	173,333,173,333
1526398920.335087911	110	40	48	1	2	0	2	-56	73920	8	0	1596	1478	173,333,173,333
1526398920.346900976	110	40	48	1	2	0	2	-55	73921	8	0	1596	1478	173,333,173,333
1526398920.358659223	110	40	48	1	2	0	2	-54	73922	8	0	1596	1478	173,333,173,333
1526398920.370417927	110	40	48	1	2	0	2	-54	73923	8	0	1596	1478	173,333,173,333
1526398920.382103403	110	40	48	1	2	0	2	-52	73924	8	0	1596	1478	173,333,173,333
1526398920.393845669	110	40	48	1	2	0	2	-52	73925	8	0	1596	1478	173,333,173,333
1526398920.405603666	110	40	48	1	2	0	2	-53	73926	8	0	1596	1478	173,333,173,333
1526398920.417372947	110	40	48	1	2	0	2	-54	73927	8	0	1596	1478	173,333,173,333
1526398920.429080760	110	40	48	1	2	0	2	-54	73928	8	0	1596	1478	173,333,173,333
1526398920.440888655	110	40	48	1	2	0	2	-55	73929	8	0	1596	1478	173,333,173,333
1526398920.452662354	110	40	48	1	2	0	2	-55	73930	8	0	1596	1478	173,333,173,333
1526398920.464480609	110	40	48	1	2	0	2	-55	73931	8	0	1596	1478	173,333,173,333
1526398920.476246835	110	40	48	1	2	0	2	-57	73932	8	0	1596	1478	173,333,173,333
1526398920.488025433	110	40	48	1	2	0	2	-58	73933	8	0	1596	1478	173,333,173,333
1526398920.499755929	110	40	48	1	2	0	2	-58	73934	8	0	1596	1478	173,333,173,333
1526398920.511553844	110	40	48	1	2	0	2	-57	73935	8	0	1596	1478	173,333,173,333
1526398920.523217527	110	40	48	1	2	0	2	-55	73936	8	0	1596	1478	173,333,173,333
1526398920.535012842	110	40	48	1	2	0	2	-55	73937	8	0	1596	1478	173,333,173,333
1526398920.546821377	110	40	48	1	2	0	2	-55	73938	8	0	1596	1478	173,333,173,333
1526398920.558515860	110	40	48	1	2	0	2	-54	73939	8	0	1596	1478	173,333,173,333
1526398920.570348759	110	40	48	1	2	0	2	-54	73940	8	0	1596	1478	173,333,173,333
1526398920.582109969	110	40	48	1	2	0	2	-53	73941	8	0	1596	1478	173,333,173,333
1526398920.593851899	110	40	48	1	2	0	2	-52	73942	8	0	1596	1478	173,333,173,333
1526398920.605636899	110	40	48	1	2	0	2	-52	73943	8	0	1596	1478	173,333,173,333
1526398920.617384703	110	40	48	1	2	0	2	-52	73944	8	0	1596	1478	173,333,173,333
1526398920.629131341	110	40	48	1	2	0	2	-52	73945	8	0	1596	1478	173,333,173,333
1526398920.640859279	110	40	48	1	2	0	2	-52	73946	8	0	1596	1478	173,333,173,333
1526398920.652957532	110	40	48	1	2	0	2	-51	73947	8	0	1596	1478	173,333,173,333
1526398920.664413197	110	40	48	1	2	0	2	-52	73948	8	0	1596	1478	173,333,173,333
1526398920.676186604	110	40	48	1	2	0	2	-53	73949	8	0	1596	1478	173,333,173,333
1526398920.687948489	110	40	48	1	2	0	2	-54	73950	8	0	1596	1478	173,333,173,333
1526398920.699713252	110	40	48	1	2	0	2	-55	73951	8	0	1596	1478	173,333,173,333
1526398920.711396545	110	40	48	1	2	0	2	-55	73952	8	0	1596	1478	173,333,173,333
1526398920.723210549	110	40	48	1	2	0	2	-54	73953	8	0	1596	1478	173,333,173,333
1526398920.734911223	110	40	48	1	2	0	2	-53	73954	8	0	1596	1478	173,333,173,333
1526398920.746666900	110	40	48	1	2	0	2	-53	73955	8	0	1596	1478	173,333,173,333
1526398920.758487337	110	40	48	1	2	0	2	-53	73956	8	0	1596	1478	173,333,173,333
1526398920.770248289	110	40	48	1	2	0	2	-53	73957	8	0	1596	1478	173,333,173,333
1526398920.782017111	110	40	48	1	2	0	2	-54	73958	8	0	1596	1478	173,333,173,333
1526398920.793787996	110	40	48	1	2	0	2	-54	73959	8	0	1596	1478	173,333,173,333
1526398920.805536537	110	40	48	1	2	0	2	-55	73960	8	0	1596	1478	173,333,173,333
1526398920.817311198	110	40	48	1	2	0	2	-55	73961	8	0	1596	1478	173,333,173,333
1526398920.829052152	110	40	48	1	2	0	2	-55	73962	8	0	1596	1478	173,333,173,333
1526398920.840819727	110	40	48	1	2	0	2	-54	73963	8	0	1596	1478	173,333,173,333
1526398920.852592351	110	40	48	1	2	0	2	-55	73964	8	0	1596	1478	173,333,173,333
1526398920.864279524	110	40	48	1	2	0	2	-55	73965	8	0	1596	1478	173,333,173,333
1526398920.876095874	110	40	48	1	2	0	2	-55	73966	8	0	1596	1478	173,333,173,333
1526398920.887764126	110	40	48	1	2	0	2	-55	73967	8	0	1596	1478	173,333,173,333
1526398920.899496810	110	40	48	1	2	0	2	-55	73968	8	0	1596	1478	173,333,173,333
1526398920.911035260	110	40	48	1	2	0	2	-54	73970	8	0	1596	1478	173,333,173,333
1526398920.923065992	110	40	48	1	2	0	2	-53	73971	8	0	1596	1478	173,333,173,333
1526398920.934777935	110	40	48	1	2	0	2	-53	73972	8	0	1596	1478	173,333,173,333
1526398920.946655811	110	40	48	1	2	0	2	-53	73973	8	0	1596	1478	173,333,173,333
1526398920.958406461	110	40	48	1	2	0	2	-54	73974	8	0	1596	1478	173,333,173,333
1526398920.970179830	110	40	48	1	2	0	2	-54	73975	8	0	1596	1478	173,333,173,333
1526398920.981935441	110	40	48	1	2	0	2	-54	73976	8	0	1596	1478	173,333,173,333
1526398920.993692157	110	40	48	1	2	0	2	-54	73977	8	0	1596	1478	173,333,173,333
1526398921.005401287	110	40	48	1	2	0	2	-52	73978	8	0	1596	1478	173,333,173,333
1526398921.016951981	110	40	48	1	2	0	2	-52	73979	8	0	1596	1478	173,333,173,333
1526398921.028693021	110	40	48	1	2	0	2	-51	73980	8	0	1596	1478	173,333,173,333
1526398921.040576667	110	40	48	1	2	0	2	-51	73981	8	0	1596	1478	173,333,173,333
1526398921.052379280	110	40	48	1	2	0	2	-52	73982	8	0	1596	1478	173,333,173,333
1526398921.064230456	110	40	48	1	2	0	2	-52	73983	8	0	1596	1478	173,333,173,333
1526398921.075991154	110	40	48	1	2	0	2	-52	73984	8	0	1596	1478	173,333,173,333
1526398921.087747253	110	40	48	1	2	0	2	-51	73985	8	0	1596	1478	173,333,173,333
1526398921.099417422	110	40	48	1	2	0	2	-51	73986	8	0	1596	1478	173,333,173,333
1526398921.111270661	110	40	48	1	2	0	2	-51	73987	8	0	1596	1478	173,333,173,333
1526398921.122980525	110	40	48	1	2	0	2	-50	73988	8	0	1596	1478	173,333,173,333
1526398921.134833580	110	40	48	1	2	0	2	-51	73989	8	0	1596	1478	173,333,173,333
1526398921.146605002	110	40	48	1	2	0	2	-51	73990	8	0	1596	1478	173,333,173,333
1526398921.158356056	110	40	48	1	2	0	2	-51	73991	8	0	1596	1478	173,333,173,333
1526398921.170106926	110	40	48	1	2	0	2	-51	73992	8	0	1596	1478	173,333,173,333
1526398921.181850378	110	40	48	1	2	0	2	-51	73993	8	0	1596	1478	173,333,173,333
1526398921.193620235	110	40	48	1	2	0	2	-51	73994	8	0	1596	1478	173,333,173,333
1526398921.205379090	110	40	48	1	2	0	2	-51	73995	8	0	1596	1478	173,333,173,333
1526398921.217146277	110	40	48	1	2	0	2	-51	73996	8	0	1596	1478	173,333,173,333
1526398921.228833598	110	40	48	1	2	0	2	-51	73997	8	0	1596	1478	173,333,173,333
1526398921.240652718	110	40	48	1	2	0	2	-52	73998	8	0	1596	1478	173,333,173,333
1526398921.252323289	110	40	48	1	2	0	2	-51	73999	8	0	1596	1478	173,333,173,333
1526398921.264173085	110	40	48	1	2	0	2	-51	74000	8	0	1596	1478	173,333,173,333
1526398921.276614164	110	40	48	1	2	0	2	-51	74001	8	0	1596	1478	173,333,173,333
1526398921.287694652	110	40	48	1	2	0	2	-51	74002	8	0	1596	1478	173,333,173,333
1526398921.299460314	110	40	48	1	2	0	2	-51	74003	8	0	1596	1478	173,333,173,333
1526398921.311223800	110	40	48	1	2	0	2	-51	74004	8	0	1596	1478	173,333,173,333
1526398921.322978422	110	40	48	1	2	0	2	-52	74005	8	0	1596	1478	173,333,173,333
1526398921.334737468	110	40	48	1	2	0	2	-52	74006	8	0	1596	1478	173,333,173,333
1526398921.346488488	110	40	48	1	2	0	2	-51	74007	8	0	1596	1478	173,333,173,333
1526398921.358136473	110	40	48	1	2	0	2	-51	74008	8	0	1596	1478	173,333,173,333
1526398921.370074427	110	40	48	1	2	0	2	-51	74009	8	0	1596	1478	173,333,173,333
1526398921.381787948	110	40	48	1	2	0	2	-51	74010	8	0	1596	1478	173,333,173,333
1526398921.393540924	110	40	48	1	2	0	2	-51	74011	8	0	1596	1478	173,333,173,333
1526398921.405225080	110	40	48	1	2	0	2	-51	74012	8	0	1596	1478	173,333,173,333
1526398921.417046650	110	40	48	1	2	0	2	-51	74013	8	0	1596	1478	173,333,173,333
1526398921.428705147	110	40	48	1	2	0	2	-51	74014	8	0	1596	1478	173,333,173,333
1526398921.440337688	110	40	48	1	2	0	2	-51	74015	8	0	1596	1478	173,333,173,333
1526398921.452352516	110	40	48	1	2	0	2	-51	74016	8	0	1596	1478	173,333,173,333
1526398921.464085481	110	40	48	1	2	0	2	-51	74017	8	0	1596	1478	173,333,173,333
1526398921.475853600	110	40	48	1	2	0	2	-51	74018	8	0	1596	1478	173,333,173,333
1526398921.487629169	110	40	48	1	2	0	2	-51	74019	8	0	1596	1478	173,333,173,333
1526398921.499378367	110	40	48	1	2	0	2	-51	74020	8	0	1596	1478	173,333,173,333
1526398921.511150350	110	40	48	1	2	0	2	-51	74021	8	0	1596	1478	173,333,173,333
1526398921.522883542	110	40	48	1	2	0	2	-51	74022	8	0	1596	1478	173,333,173,333
1526398921.534590319	110	40	48	1	2	0	2	-51	74023	8	0	1596	1478	173,333,173,333
1526398921.546455338	110	40	48	1	2	0	2	-51	74024	8	0	1596	1478	173,333,173,333
1526398921.558164894	110	40	48	1	2	0	2	-50	74025	8	0	1596	1478	173,333,173,333
1526398921.569953083	110	40	48	1	2	0	2	-50	74026	8	0	1596	1478	173,333,173,333
1526398921.581594864	110	40	48	1	2	0	2	-50	74027	8	0	1596	1478	173,333,173,333
1526398921.593459843	110	40	48	1	2	0	2	-50	74028	8	0	1596	1478	173,333,173,333
1526398921.605229127	110	40	48	1	2	0	2	-50	74029	8	0	1596	1478	173,333,173,333
1526398921.616973358	110	40	48	1	2	0	2	-50	74030	8	0	1596	1478	173,333,173,333
1526398921.628747342	110	40	48	1	2	0	2	-50	74031	8	0	1596	1478	173,333,173,333
1526398921.640513959	110	40	48	1	2	0	2	-50	74032	8	0	1596	1478	173,333,173,333
1526398921.652256759	110	40	48	1	2	0	2	-50	74033	8	0	1596	1478	173,333,173,333
1526398921.664023315	110	40	48	1	2	0	2	-50	74034	8	0	1596	1478	173,333,173,333
1526398921.675799404	110	40	48	1	2	0	2	-50	74035	8	0	1596	1478	173,333,173,333
1526398921.687560689	110	40	48	1	2	0	2	-50	74036	8	0	1596	1478	173,333,173,333
1526398921.699331980	110	40	48	1	2	0	2	-50	74037	8	0	1596	1478	173,333,173,333
1526398921.710970330	110	40	48	1	2	0	2	-51	74038	8	0	1596	1478	173,333,173,333
1526398921.722730329	110	40	48	1	2	0	2	-51	74039	8	0	1596	1478	173,333,173,333
1526398921.734345921	110	40	48	1	2	0	2	-50	74040	8	0	1596	1478	173,333,173,333
1526398921.746250188	110	40	48	1	2	0	2	-50	74041	8	0	1596	1478	173,333,173,333
1526398921.758088670	110	40	48	1	2	0	2	-51	74042	8	0	1596	1478	173,333,173,333
1526398921.769850735	110	40	48	1	2	0	2	-51	74043	8	0	1596	1478	173,333,173,333
1526398921.781637280	110	40	48	1	2	0	2	-52	74044	8	0	1596	1478	173,333,173,333
1526398921.793385712	110	40	48	1	2	0	2	-51	74045	8	0	1596	1478	173,333,173,333
1526398921.805144352	110	40	48	1	2	0	2	-52	74046	8	0	1596	1478	173,333,173,333
1526398921.816898149	110	40	48	1	2	0	2	-52	74047	8	0	1596	1478	173,333,173,333
1526398921.828642756	110	40	48	1	2	0	2	-52	74048	8	0	1596	1478	173,333,173,333
1526398921.840302521	110	40	48	1	2	0	2	-52	74049	8	0	1596	1478	173,333,173,333
1526398921.852175312	110	40	48	1	2	0	2	-53	74050	8	0	1596	1478	173,333,173,333
1526398921.863943593	110	40	48	1	2	0	2	-53	74051	8	0	1596	1478	173,333,173,333
1526398921.875711805	110	40	48	1	2	0	2	-53	74052	8	0	1596	1478	173,333,173,333
1526398921.887318927	110	40	48	1	2	0	2	-53	74053	8	0	1596	1478	173,333,173,333
1526398921.899078903	110	40	48	1	2	0	2	-54	74054	8	0	1596	1478	173,333,173,333
1526398921.910875721	110	40	48	1	2	0	2	-54	74055	8	0	1596	1478	173,333,173,333
1526398921.922613443	110	40	48	1	2	0	2	-54	74056	8	0	1596	1478	173,333,173,333
1526398921.934373993	110	40	48	1	2	0	2	-55	74057	8	0	1596	1478	173,333,173,333
1526398921.946286867	110	40	48	1	2	0	2	-55	74058	8	0	1596	1478	173,333,173,333
1526398921.958054277	110	40	48	1	2	0	2	-55	74059	8	0	1596	1478	173,333,173,333
1526398921.969758664	110	40	48	1	2	0	2	-55	74060	8	0	1596	1478	173,333,173,333
1526398921.981553119	110	40	48	1	2	0	2	-55	74061	8	0	1596	1478	173,333,173,333
1526398921.993299972	110	40	48	1	2	0	2	-55	74062	8	0	1596	1478	173,333,173,333
1526398922.005060302	110	40	48	1	2	0	2	-55	74063	8	0	1596	1478	173,333,173,333
1526398922.016825447	110	40	48	1	2	0	2	-55	74064	8	0	1596	1478	173,333,173,333
1526398922.028491595	110	40	48	1	2	0	2	-55	74065	8	0	1596	1478	173,333,173,333
1526398922.040332407	110	40	48	1	2	0	2	-56	74066	8	0	1596	1478	173,333,173,333
1526398922.052100666	110	40	48	1	2	0	2	-55	74067	8	0	1596	1478	173,333,173,333
1526398922.063870385	110	40	48	1	2	0	2	-55	74068	8	0	1596	1478	173,333,173,333
1526398922.075616661	110	40	48	1	2	0	2	-54	74069	8	0	1596	1478	173,333,173,333
1526398922.087404086	110	40	48	1	2	0	2	-55	74070	8	0	1596	1478	173,333,173,333
1526398922.099140691	110	40	48	1	2	0	2	-56	74071	8	0	1596	1478	173,333,173,333
1526398922.110909834	110	40	48	1	2	0	2	-56	74072	8	0	1596	1478	173,333,173,333
1526398922.122661674	110	40	48	1	2	0	2	-56	74073	8	0	1596	1478	173,333,173,333
1526398922.134423673	110	40	48	1	2	0	2	-57	74074	8	0	1596	1478	173,333,173,333
1526398922.146172545	110	40	48	1	2	0	2	-57	74075	8	0	1596	1478	173,333,173,333
1526398922.157936494	110	40	48	1	2	0	2	-57	74076	8	0	1596	1478	173,333,173,333
1526398922.169705975	110	40	48	1	2	0	2	-57	74077	8	0	1596	1478	173,333,173,333
1526398922.181485100	110	40	48	1	2	0	2	-57	74078	8	0	1596	1478	173,333,173,333
1526398922.193212875	110	40	48	1	2	0	2	-57	74079	8	0	1596	1478	173,333,173,333
1526398922.204987054	110	40	48	1	2	0	2	-57	74080	8	0	1596	1478	173,333,173,333
1526398922.216729809	110	40	48	1	2	0	2	-57	74081	8	0	1596	1478	173,333,173,333
1526398922.228479841	110	40	48	1	2	0	2	-56	74082	8	0	1596	1478	173,333,173,333
1526398922.240252013	110	40	48	1	2	0	2	-56	74083	8	0	1596	1478	173,333,173,333
1526398922.252013483	110	40	48	1	2	0	2	-56	74084	8	0	1596	1478	173,333,173,333
1526398922.263783240	110	40	48	1	2	0	2	-56	74085	8	0	1596	1478	173,333,173,333
1526398922.275532170	110	40	48	1	2	0	2	-56	74086	8	0	1596	1478	173,333,173,333
1526398922.287306111	110	40	48	1	2	0	2	-56	74087	8	0	1596	1478	173,333,173,333
1526398922.299059272	110	40	48	1	2	0	2	-56	74088	8	0	1596	1478	173,333,173,333
1526398922.310687913	110	40	48	1	2	0	2	-56	74089	8	0	1596	1478	173,333,173,333
1526398922.322347898	110	40	48	1	2	0	2	-55	74090	8	0	1596	1478	173,333,173,333
1526398922.334332329	110	40	48	1	2	0	2	-55	74091	8	0	1596	1478	173,333,173,333
1526398922.346093888	110	40	48	1	2	0	2	-55	74092	8	0	1596	1478	173,333,173,333
1526398922.357850099	110	40	48	1	2	0	2	-55	74093	8	0	1596	1478	173,333,173,333
1526398922.369614283	110	40	48	1	2	0	2	-56	74094	8	0	1596	1478	173,333,173,333
1526398922.381403178	110	40	48	1	2	0	2	-56	74095	8	0	1596	1478	173,333,173,333
1526398922.393676133	110	40	48	1	2	0	2	-56	74096	8	0	1596	1478	173,333,173,333
1526398922.404844680	110	40	48	1	2	0	2	-56	74097	8	0	1596	1478	173,333,173,333
1526398922.416667470	110	40	48	1	2	0	2	-56	74098	8	0	1596	1478	173,333,173,333
1526398922.428185844	110	40	48	1	2	0	2	-57	74099	8	0	1596	1478	173,333,173,333
1526398922.440107631	110	40	48	1	2	0	2	-57	74100	8	0	1596	1478	173,333,173,333
1526398922.451949914	110	40	48	1	2	0	2	-57	74101	8	0	1596	1478	173,333,173,333
1526398922.463572281	110	40	48	1	2	0	2	-57	74102	8	0	1596	1478	173,333,173,333
1526398922.476086077	110	40	48	1	2	0	2	-56	74103	8	0	1596	1478	173,333,173,333
1526398922.487206310	110	40	48	1	2	0	2	-56	74104	8	0	1596	1478	173,333,173,333
1526398922.498979724	110	40	48	1	2	0	2	-57	74105	8	0	1596	1478	173,333,173,333
1526398922.510724159	110	40	48	1	2	0	2	-57	74106	8	0	1596	1478	173,333,173,333
1526398922.522508306	110	40	48	1	2	0	2	-57	74107	8	0	1596	1478	173,333,173,333
1526398922.534127274	110	40	48	1	2	0	2	-57	74108	8	0	1596	1478	173,333,173,333
1526398922.546015146	110	40	48	1	2	0	2	-57	74109	8	0	1596	1478	173,333,173,333
1526398922.557783849	110	40	48	1	2	0	2	-56	74110	8	0	1596	1478	173,333,173,333
1526398922.569539762	110	40	48	1	2	0	2	-56	74111	8	0	1596	1478	173,333,173,333
1526398922.581446323	110	40	48	1	2	0	2	-56	74112	8	0	1596	1478	173,333,173,333
1526398922.593064622	110	40	48	1	2	0	2	-56	74113	8	0	1596	1478	173,333,173,333
1526398922.604761459	110	40	48	1	2	0	2	-56	74114	8	0	1596	1478	173,333,173,333
1526398922.616503498	110	40	48	1	2	0	2	-56	74115	8	0	1596	1478	173,333,173,333
1526398922.628325889	110	40	48	1	2	0	2	-56	74116	8	0	1596	1478	173,333,173,333
1526398922.640087540	110	40	48	1	2	0	2	-56	74117	8	0	1596	1478	173,333,173,333
1526398922.651843018	110	40	48	1	2	0	2	-57	74118	8	0	1596	1478	173,333,173,333
1526398922.663620091	110	40	48	1	2	0	2	-56	74119	8	0	1596	1478	173,333,173,333
1526398922.675391286	110	40	48	1	2	0	2	-56	74120	8	0	1596	1478	173,333,173,333
1526398922.686995639	110	40	48	1	2	0	2	-55	74121	8	0	1596	1478	173,333,173,333
1526398922.698781859	110	40	48	1	2	0	2	-55	74122	8	0	1596	1478	173,333,173,333
1526398922.710641549	110	40	48	1	2	0	2	-55	74123	8	0	1596	1478	173,333,173,333
1526398922.722421998	110	40	48	1	2	0	2	-55	74124	8	0	1596	1478	173,333,173,333
1526398922.734180745	110	40	48	1	2	0	2	-55	74125	8	0	1596	1478	173,333,173,333
1526398922.745953020	110	40	48	1	2	0	2	-55	74126	8	0	1596	1478	173,333,173,333
1526398922.757693902	110	40	48	1	2	0	2	-55	74127	8	0	1596	1478	173,333,173,333
1526398922.769442703	110	40	48	1	2	0	2	-55	74128	8	0	1596	1478	173,333,173,333
1526398922.781248178	110	40	48	1	2	0	2	-55	74129	8	0	1596	1478	173,333,173,333
1526398922.793027273	110	40	48	1	2	0	2	-55	74130	8	0	1596	1478	173,333,173,333
1526398922.804744509	110	40	48	1	2	0	2	-55	74131	8	0	1596	1478	173,333,173,333
1526398922.816492989	110	40	48	1	2	0	2	-54	74132	8	0	1596	1478	173,333,173,333
1526398922.828244699	110	40	48	1	2	0	2	-54	74133	8	0	1596	1478	173,333,173,333
1526398922.840005472	110	40	48	1	2	0	2	-55	74134	8	0	1596	1478	173,333,173,333
1526398922.851773565	110	40	48	1	2	0	2	-56	74135	8	0	1596	1478	173,333,173,333
1526398922.863432169	110	40	48	1	2	0	2	-56	74136	8	0	1596	1478	173,333,173,333
1526398922.875458672	110	40	48	1	2	0	2	-57	74137	8	0	1596	1478	173,333,173,333
1526398922.887057416	110	40	48	1	2	0	2	-57	74138	8	0	1596	1478	173,333,173,333
1526398922.898818356	110	40	48	1	2	0	2	-56	74139	8	0	1596	1478	173,333,173,333
1526398922.910575778	110	40	48	1	2	0	2	-56	74140	8	0	1596	1478	173,333,173,333
1526398922.922248101	110	40	48	1	2	0	2	-56	74141	8	0	1596	1478	173,333,173,333
1526398922.934014738	110	40	48	1	2	0	2	-56	74142	8	0	1596	1478	173,333,173,333
1526398922.945739303	110	40	48	1	2	0	2	-56	74143	8	0	1596	1478	173,333,173,333
1526398922.957547336	110	40	48	1	2	0	2	-56	74144	8	0	1596	1478	173,333,173,333
1526398922.969379841	110	40	48	1	2	0	2	-56	74145	8	0	1596	1478	173,333,173,333
1526398922.981141149	110	40	48	1	2	0	2	-56	74146	8	0	1596	1478	173,333,173,333
1526398922.992904720	110	40	48	1	2	0	2	-55	74147	8	0	1596	1478	173,333,173,333
1526398923.004655515	110	40	48	1	2	0	2	-55	74148	8	0	1596	1478	173,333,173,333
1526398923.016422166	110	40	48	1	2	0	2	-56	74149	8	0	1596	1478	173,333,173,333
1526398923.028112657	110	40	48	1	2	0	2	-56	74150	8	0	1596	1478	173,333,173,333
1526398923.039811854	110	40	48	1	2	0	2	-56	74151	8	0	1596	1478	173,333,173,333
1526398923.051705714	110	40	48	1	2	0	2	-56	74152	8	0	1596	1478	173,333,173,333
1526398923.063510644	110	40	48	1	2	0	2	-56	74153	8	0	1596	1478	173,333,173,333
1526398923.075263465	110	40	48	1	2	0	2	-55	74154	8	0	1596	1478	173,333,173,333
1526398923.087055969	110	40	48	1	2	0	2	-55	74155	8	0	1596	1478	173,333,173,333
1526398923.098795084	110	40	48	1	2	0	2	-55	74156	8	0	1596	1478	173,333,173,333
1526398923.110960311	110	40	48	1	2	0	2	-54	74157	8	0	1596	1478	173,333,173,333
1526398923.122300294	110	40	48	1	2	0	2	-55	74158	8	0	1596	1478	173,333,173,333
1526398923.134071535	110	40	48	1	2	0	2	-56	74159	8	0	1596	1478	173,333,173,333
1526398923.145675930	110	40	48	1	2	0	2	-57	74160	8	0	1596	1478	173,333,173,333
1526398923.157616017	110	40	48	1	2	0	2	-57	74161	8	0	1596	1478	173,333,173,333
1526398923.169374196	110	40	48	1	2	0	2	-57	74162	8	0	1596	1478	173,333,173,333
1526398923.181131011	110	40	48	1	2	0	2	-57	74163	8	0	1596	1478	173,333,173,333
1526398923.192899602	110	40	48	1	2	0	2	-58	74164	8	0	1596	1478	173,333,173,333
1526398923.204628931	110	40	48	1	2	0	2	-58	74165	8	0	1596	1478	173,333,173,333
1526398923.216254216	110	40	48	1	2	0	2	-59	74166	8	0	1596	1478	173,333,173,333
1526398923.228139623	110	40	48	1	2	0	2	-59	74167	8	0	1596	1478	173,333,173,333
1526398923.239919304	110	40	48	1	2	0	2	-60	74168	8	0	1596	1478	173,333,173,333
1526398923.251738272	110	40	48	1	2	0	2	-62	74169	8	0	1596	1478	173,333,173,333
1526398923.263428255	110	40	48	1	2	0	2	-63	74170	8	0	1596	1478	173,333,173,333
1526398923.274932627	110	40	48	1	2	0	2	-62	74171	8	0	1596	1478	173,333,173,333
1526398923.286813064	110	40	48	1	2	0	2	-62	74172	8	0	1596	1478	173,333,173,333
1526398923.298534864	110	40	48	1	2	0	2	-61	74173	8	0	1596	1478	173,333,173,333
1526398923.310352221	110	40	48	1	2	0	2	-59	74174	8	0	1596	1478	173,333,173,333
1526398923.322160555	110	40	48	1	2	0	2	-58	74175	8	0	1596	1478	173,333,173,333
1526398923.333933463	110	40	48	1	2	0	2	-59	74176	8	0	1596	1478	173,333,173,333
1526398923.345692423	110	40	48	1	2	0	2	-59	74177	8	0	1596	1478	173,333,173,333
1526398923.357302987	110	40	48	1	2	0	2	-59	74178	8	0	1596	1478	173,333,173,333
1526398923.369212068	110	40	48	1	2	0	2	-59	74179	8	0	1596	1478	173,333,173,333
1526398923.381013830	110	40	48	1	2	0	2	-58	74180	8	0	1596	1478	173,333,173,333
1526398923.392784665	110	40	48	1	2	0	2	-58	74181	8	0	1596	1478	173,333,173,333
1526398923.404435721	110	40	48	1	2	0	2	-58	74182	8	0	1596	1478	173,333,173,333
1526398923.416257866	110	40	48	1	2	0	2	-57	74183	8	0	1596	1478	173,333,173,333
1526398923.427925717	110	40	48	1	2	0	2	-57	74184	8	0	1596	1478	173,333,173,333
1526398923.439604541	110	40	48	1	2	0	2	-58	74185	8	0	1596	1478	173,333,173,333
1526398923.451420212	110	40	48	1	2	0	2	-58	74186	8	0	1596	1478	173,333,173,333
1526398923.463212046	110	40	48	1	2	0	2	-59	74187	8	0	1596	1478	173,333,173,333
1526398923.474989544	110	40	48	1	2	0	2	-59	74188	8	0	1596	1478	173,333,173,333
1526398923.486810358	110	40	48	1	2	0	2	-58	74189	8	0	1596	1478	173,333,173,333
1526398923.498578435	110	40	48	1	2	0	2	-57	74190	8	0	1596	1478	173,333,173,333
1526398923.510336778	110	40	48	1	2	0	2	-56	74191	8	0	1596	1478	173,333,173,333
1526398923.521880234	110	40	48	1	2	0	2	-56	74192	8	0	1596	1478	173,333,173,333
1526398923.533775325	110	40	48	1	2	0	2	-56	74193	8	0	1596	1478	173,333,173,333
1526398923.545520292	110	40	48	1	2	0	2	-56	74194	8	0	1596	1478	173,333,173,333
1526398923.557242412	110	40	48	1	2	0	2	-57	74195	8	0	1596	1478	173,333,173,333
1526398923.569127724	110	40	48	1	2	0	2	-57	74196	8	0	1596	1478	173,333,173,333
1526398923.580893617	110	40	48	1	2	0	2	-57	74197	8	0	1596	1478	173,333,173,333
1526398923.592680801	110	40	48	1	2	0	2	-57	74198	8	0	1596	1478	173,333,173,333
1526398923.604372412	110	40	48	1	2	0	2	-58	74199	8	0	1596	1478	173,333,173,333
1526398923.616184488	110	40	48	1	2	0	2	-58	74200	8	0	1596	1478	173,333,173,333
1526398923.627937664	110	40	48	1	2	0	2	-58	74201	8	0	1596	1478	173,333,173,333
1526398923.639704373	110	40	48	1	2	0	2	-58	74202	8	0	1596	1478	173,333,173,333
1526398923.651462387	110	40	48	1	2	0	2	-59	74203	8	0	1596	1478	173,333,173,333
1526398923.663147082	110	40	48	1	2	0	2	-59	74204	8	0	1596	1478	173,333,173,333
1526398923.674904733	110	40	48	1	2	0	2	-59	74205	8	0	1596	1478	173,333,173,333
1526398923.686611006	110	40	48	1	2	0	2	-59	74206	8	0	1596	1478	173,333,173,333
1526398923.698395021	110	40	48	1	2	0	2	-58	74207	8	0	1596	1478	173,333,173,333
1526398923.710255960	110	40	48	1	2	0	2	-58	74208	8	0	1596	1478	173,333,173,333
1526398923.722032514	110	40	48	1	2	0	2	-59	74209	8	0	1596	1478	173,333,173,333
1526398923.733779746	110	40	48	1	2	0	2	-59	74210	8	0	1596	1478	173,333,173,333
1526398923.745540199	110	40	48	1	2	0	2	-58	74211	8	0	1596	1478	173,333,173,333
1526398923.757303402	110	40	48	1	2	0	2	-57	74212	8	0	1596	1478	173,333,173,333
1526398923.768972428	110	40	48	1	2	0	2	-56	74213	8	0	1596	1478	173,333,173,333
1526398923.780801534	110	40	48	1	2	0	2	-56	74214	8	0	1596	1478	173,333,173,333
1526398923.792566473	110	40	48	1	2	0	2	-55	74215	8	0	1596	1478	173,333,173,333
1526398923.804339612	110	40	48	1	2	0	2	-54	74216	8	0	1596	1478	173,333,173,333
1526398923.816085980	110	40	48	1	2	0	2	-53	74217	8	0	1596	1478	173,333,173,333
1526398923.827661471	110	40	48	1	2	0	2	-52	74218	8	0	1596	1478	173,333,173,333
1526398923.839468967	110	40	48	1	2	0	2	-52	74219	8	0	1596	1478	173,333,173,333
1526398923.851231101	110	40	48	1	2	0	2	-52	74220	8	0	1596	1478	173,333,173,333
1526398923.863142735	110	40	48	1	2	0	2	-51	74221	8	0	1596	1478	173,333,173,333
1526398923.874899267	110	40	48	1	2	0	2	-51	74222	8	0	1596	1478	173,333,173,333
1526398923.886663325	110	40	48	1	2	0	2	-51	74223	8	0	1596	1478	173,333,173,333
1526398923.898401354	110	40	48	1	2	0	2	-50	74224	8	0	1596	1478	173,333,173,333
1526398923.910171374	110	40	48	1	2	0	2	-51	74225	8	0	1596	1478	173,333,173,333
1526398923.921811831	110	40	48	1	2	0	2	-51	74226	8	0	1596	1478	173,333,173,333
1526398923.933688434	110	40	48	1	2	0	2	-51	74227	8	0	1596	1478	173,333,173,333
1526398923.945463031	110	40	48	1	2	0	2	-52	74228	8	0	1596	1478	173,333,173,333
1526398923.957090003	110	40	48	1	2	0	2	-53	74229	8	0	1596	1478	173,333,173,333
1526398923.968884347	110	40	48	1	2	0	2	-54	74230	8	0	1596	1478	173,333,173,333
1526398923.980551735	110	40	48	1	2	0	2	-55	74231	8	0	1596	1478	173,333,173,333
1526398923.992486205	110	40	48	1	2	0	2	-57	74232	8	0	1596	1478	173,333,173,333
1526398924.004258273	110	40	48	1	2	0	2	-57	74233	8	0	1596	1478	173,333,173,333
1526398924.016012495	110	40	48	1	2	0	2	-57	74234	8	0	1596	1478	173,333,173,333
1526398924.027779429	110	40	48	1	2	0	2	-56	74235	8	0	1596	1478	173,333,173,333
1526398924.039442565	110	40	48	1	2	0	2	-55	74236	8	0	1596	1478	173,333,173,333
1526398924.051186483	110	40	48	1	2	0	2	-54	74237	8	0	1596	1478	173,333,173,333
1526398924.063041096	110	40	48	1	2	0	2	-53	74238	8	0	1596	1478	173,333,173,333
1526398924.074811732	110	40	48	1	2	0	2	-52	74239	8	0	1596	1478	173,333,173,333
1526398924.086574249	110	40	48	1	2	0	2	-51	74240	8	0	1596	1478	173,333,173,333
1526398924.098327144	110	40	48	1	2	0	2	-51	74241	8	0	1596	1478	173,333,173,333
1526398924.110091513	110	40	48	1	2	0	2	-51	74242	8	0	1596	1478	173,333,173,333
1526398924.121855694	110	40	48	1	2	0	2	-51	74243	8	0	1596	1478	173,333,173,333
1526398924.133542829	110	40	48	1	2	0	2	-51	74244	8	0	1596	1478	173,333,173,333
1526398924.145384633	110	40	48	1	2	0	2	-52	74245	8	0	1596	1478	173,333,173,333
1526398924.157133198	110	40	48	1	2	0	2	-52	74246	8	0	1596	1478	173,333,173,333
1526398924.168903216	110	40	48	1	2	0	2	-53	74247	8	0	1596	1478	173,333,173,333
1526398924.180590740	110	40	48	1	2	0	2	-52	74248	8	0	1596	1478	173,333,173,333
1526398924.192440748	110	40	48	1	2	0	2	-52	74249	8	0	1596	1478	173,333,173,333
1526398924.204202419	110	40	48	1	2	0	2	-51	74250	8	0	1596	1478	173,333,173,333
1526398924.215949404	110	40	48	1	2	0	2	-51	74251	8	0	1596	1478	173,333,173,333
1526398924.227701866	110	40	48	1	2	0	2	-50	74252	8	0	1596	1478	173,333,173,333
1526398924.239340799	110	40	48	1	2	0	2	-49	74254	8	0	1596	1478	173,333,173,333
1526398924.251226523	110	40	48	1	2	0	2	-49	74255	8	0	1596	1478	173,333,173,333
1526398924.262966254	110	40	48	1	2	0	2	-49	74256	8	0	1596	1478	173,333,173,333
1526398924.274748877	110	40	48	1	2	0	2	-48	74257	8	0	1596	1478	173,333,173,333
1526398924.286448362	110	40	48	1	2	0	2	-48	74258	8	0	1596	1478	173,333,173,333
1526398924.298262738	110	40	48	1	2	0	2	-48	74259	8	0	1596	1478	173,333,173,333
1526398924.310020415	110	40	48	1	2	0	2	-49	74260	8	0	1596	1478	173,333,173,333
1526398924.321682913	110	40	48	1	2	0	2	-49	74261	8	0	1596	1478	173,333,173,333
1526398924.333551432	110	40	48	1	2	0	2	-50	74262	8	0	1596	1478	173,333,173,333
1526398924.345299341	110	40	48	1	2	0	2	-50	74263	8	0	1596	1478	173,333,173,333
1526398924.357037778	110	40	48	1	2	0	2	-51	74264	8	0	1596	1478	173,333,173,333
1526398924.368810165	110	40	48	1	2	0	2	-51	74265	8	0	1596	1478	173,333,173,333
1526398924.380575706	110	40	48	1	2	0	2	-51	74266	8	0	1596	1478	173,333,173,333
1526398924.392346199	110	40	48	1	2	0	2	-51	74267	8	0	1596	1478	173,333,173,333
1526398924.404117805	110	40	48	1	2	0	2	-51	74268	8	0	1596	1478	173,333,173,333
1526398924.415878444	110	40	48	1	2	0	2	-50	74269	8	0	1596	1478	173,333,173,333
1526398924.427631188	110	40	48	1	2	0	2	-50	74270	8	0	1596	1478	173,333,173,333
1526398924.439344908	110	40	48	1	2	0	2	-51	74271	8	0	1596	1478	173,333,173,333
1526398924.451160385	110	40	48	1	2	0	2	-51	74272	8	0	1596	1478	173,333,173,333
1526398924.462896924	110	40	48	1	2	0	2	-51	74273	8	0	1596	1478	173,333,173,333
1526398924.474551765	110	40	48	1	2	0	2	-51	74274	8	0	1596	1478	173,333,173,333
1526398924.486201451	110	40	48	1	2	0	2	-50	74275	8	0	1596	1478	173,333,173,333
1526398924.498169919	110	40	48	1	2	0	2	-50	74276	8	0	1596	1478	173,333,173,333
1526398924.509920293	110	40	48	1	2	0	2	-50	74277	8	0	1596	1478	173,333,173,333
1526398924.521673161	110	40	48	1	2	0	2	-50	74278	8	0	1596	1478	173,333,173,333
1526398924.533327654	110	40	48	1	2	0	2	-50	74279	8	0	1596	1478	173,333,173,333
1526398924.545081907	110	40	48	1	2	0	2	-50	74280	8	0	1596	1478	173,333,173,333
1526398924.556846843	110	40	48	1	2	0	2	-51	74281	8	0	1596	1478	173,333,173,333
1526398924.568700495	110	40	48	1	2	0	2	-51	74282	8	0	1596	1478	173,333,173,333
1526398924.580507207	110	40	48	1	2	0	2	-51	74283	8	0	1596	1478	173,333,173,333
1526398924.592176667	110	40	48	1	2	0	2	-51	74284	8	0	1596	1478	173,333,173,333
1526398924.603991801	110	40	48	1	2	0	2	-50	74285	8	0	1596	1478	173,333,173,333
1526398924.615796965	110	40	48	1	2	0	2	-50	74286	8	0	1596	1478	173,333,173,333
1526398924.627536251	110	40	48	1	2	0	2	-51	74287	8	0	1596	1478	173,333,173,333
1526398924.639162310	110	40	48	1	2	0	2	-51	74288	8	0	1596	1478	173,333,173,333
1526398924.650955688	110	40	48	1	2	0	2	-50	74289	8	0	1596	1478	173,333,173,333
1526398924.662800948	110	40	48	1	2	0	2	-50	74290	8	0	1596	1478	173,333,173,333
1526398924.674558788	110	40	48	1	2	0	2	-50	74291	8	0	1596	1478	173,333,173,333
1526398924.686332516	110	40	48	1	2	0	2	-50	74292	8	0	1596	1478	173,333,173,333
1526398924.698100503	110	40	48	1	2	0	2	-50	74293	8	0	1596	1478	173,333,173,333
1526398924.709854985	110	40	48	1	2	0	2	-50	74294	8	0	1596	1478	173,333,173,333
1526398924.721615839	110	40	48	1	2	0	2	-50	74295	8	0	1596	1478	173,333,173,333
1526398924.733382874	110	40	48	1	2	0	2	-50	74296	8	0	1596	1478	173,333,173,333
1526398924.745147056	110	40	48	1	2	0	2	-50	74297	8	0	1596	1478	173,333,173,333
1526398924.756908291	110	40	48	1	2	0	2	-50	74298	8	0	1596	1478	173,333,173,333
1526398924.768681681	110	40	48	1	2	0	2	-50	74299	8	0	1596	1478	173,333,173,333
1526398924.780452269	110	40	48	1	2	0	2	-50	74300	8	0	1596	1478	173,333,173,333
1526398924.792181469	110	40	48	1	2	0	2	-50	74301	8	0	1596	1478	173,333,173,333
1526398924.803957223	110	40	48	1	2	0	2	-50	74302	8	0	1596	1478	173,333,173,333
1526398924.815556776	110	40	48	1	2	0	2	-50	74303	8	0	1596	1478	173,333,173,333
1526398924.827307609	110	40	48	1	2	0	2	-50	74304	8	0	1596	1478	173,333,173,333
1526398924.839200987	110	40	48	1	2	0	2	-50	74305	8	0	1596	1478	173,333,173,333
1526398924.851331611	110	40	48	1	2	0	2	-50	74306	8	0	1596	1478	173,333,173,333
1526398924.862734587	110	40	48	1	2	0	2	-50	74307	8	0	1596	1478	173,333,173,333
1526398924.874494406	110	40	48	1	2	0	2	-50	74308	8	0	1596	1478	173,333,173,333
1526398924.886260684	110	40	48	1	2	0	2	-49	74309	8	0	1596	1478	173,333,173,333
1526398924.897952970	110	40	48	1	2	0	2	-49	74310	8	0	1596	1478	173,333,173,333
1526398924.909761451	110	40	48	1	2	0	2	-50	74311	8	0	1596	1478	173,333,173,333
1526398924.921535023	110	40	48	1	2	0	2	-50	74312	8	0	1596	1478	173,333,173,333
1526398924.933338647	110	40	48	1	2	0	2	-50	74313	8	0	1596	1478	173,333,173,333
1526398924.945088389	110	40	48	1	2	0	2	-50	74314	8	0	1596	1478	173,333,173,333
1526398924.956855697	110	40	48	1	2	0	2	-50	74315	8	0	1596	1478	173,333,173,333
1526398924.968545497	110	40	48	1	2	0	2	-50	74316	8	0	1596	1478	173,333,173,333
1526398924.980218890	110	40	48	1	2	0	2	-50	74317	8	0	1596	1478	173,333,173,333
1526398924.991952246	110	40	48	1	2	0	2	-50	74318	8	0	1596	1478	173,333,173,333
1526398925.003731134	110	40	48	1	2	0	2	-50	74319	8	0	1596	1478	173,333,173,333
1526398925.015610643	110	40	48	1	2	0	2	-50	74320	8	0	1596	1478	173,333,173,333
1526398925.027355527	110	40	48	1	2	0	2	-50	74321	8	0	1596	1478	173,333,173,333
1526398925.039014961	110	40	48	1	2	0	2	-50	74322	8	0	1596	1478	173,333,173,333
1526398925.050808039	110	40	48	1	2	0	2	-50	74323	8	0	1596	1478	173,333,173,333
1526398925.062637734	110	40	48	1	2	0	2	-50	74324	8	0	1596	1478	173,333,173,333
1526398925.074405052	110	40	48	1	2	0	2	-50	74325	8	0	1596	1478	173,333,173,333
1526398925.086101195	110	40	48	1	2	0	2	-50	74326	8	0	1596	1478	173,333,173,333
1526398925.097922474	110	40	48	1	2	0	2	-50	74327	8	0	1596	1478	173,333,173,333
1526398925.109574354	110	40	48	1	2	0	2	-50	74328	8	0	1596	1478	173,333,173,333
1526398925.121417248	110	40	48	1	2	0	2	-50	74329	8	0	1596	1478	173,333,173,333
1526398925.133121783	110	40	48	1	2	0	2	-49	74330	8	0	1596	1478	173,333,173,333
1526398925.144893157	110	40	48	1	2	0	2	-49	74331	8	0	1596	1478	173,333,173,333
1526398925.156639863	110	40	48	1	2	0	2	-49	74332	8	0	1596	1478	173,333,173,333
1526398925.168386298	110	40	48	1	2	0	2	-49	74333	8	0	1596	1478	173,333,173,333
1526398925.180145760	110	40	48	1	2	0	2	-49	74334	8	0	1596	1478	173,333,173,333
1526398925.191911326	110	40	48	1	2	0	2	-49	74335	8	0	1596	1478	173,333,173,333
1526398925.203671855	110	40	48	1	2	0	2	-49	74336	8	0	1596	1478	173,333,173,333
1526398925.215418883	110	40	48	1	2	0	2	-49	74337	8	0	1596	1478	173,333,173,333
1526398925.227183979	110	40	48	1	2	0	2	-48	74338	8	0	1596	1478	173,333,173,333
1526398925.238937459	110	40	48	1	2	0	2	-48	74339	8	0	1596	1478	173,333,173,333
1526398925.250708567	110	40	48	1	2	0	2	-48	74340	8	0	1596	1478	173,333,173,333
1526398925.262467389	110	40	48	1	2	0	2	-48	74341	8	0	1596	1478	173,333,173,333
1526398925.274224252	110	40	48	1	2	0	2	-49	74342	8	0	1596	1478	173,333,173,333
1526398925.285976224	110	40	48	1	2	0	2	-49	74343	8	0	1596	1478	173,333,173,333
1526398925.297799655	110	40	48	1	2	0	2	-49	74344	8	0	1596	1478	173,333,173,333
1526398925.309610310	110	40	48	1	2	0	2	-49	74345	8	0	1596	1478	173,333,173,333
1526398925.321347714	110	40	48	1	2	0	2	-49	74346	8	0	1596	1478	173,333,173,333
1526398925.333135575	110	40	48	1	2	0	2	-49	74347	8	0	1596	1478	173,333,173,333
1526398925.344899397	110	40	48	1	2	0	2	-49	74348	8	0	1596	1478	173,333,173,333
1526398925.356494595	110	40	48	1	2	0	2	-48	74349	8	0	1596	1478	173,333,173,333
1526398925.368439651	110	40	48	1	2	0	2	-48	74350	8	0	1596	1478	173,333,173,333
1526398925.380200254	110	40	48	1	2	0	2	-48	74351	8	0	1596	1478	173,333,173,333
1526398925.391925773	110	40	48	1	2	0	2	-48	74352	8	0	1596	1478	173,333,173,333
1526398925.403706259	110	40	48	1	2	0	2	-48	74353	8	0	1596	1478	173,333,173,333
1526398925.415461814	110	40	48	1	2	0	2	-48	74354	8	0	1596	1478	173,333,173,333
1526398925.427227837	110	40	48	1	2	0	2	-48	74355	8	0	1596	1478	173,333,173,333
1526398925.438839317	110	40	48	1	2	0	2	-48	74356	8	0	1596	1478	173,333,173,333
1526398925.450763658	110	40	48	1	2	0	2	-48	74357	8	0	1596	1478	173,333,173,333
1526398925.462504541	110	40	48	1	2	0	2	-49	74358	8	0	1596	1478	173,333,173,333
1526398925.474251423	110	40	48	1	2	0	2	-49	74359	8	0	1596	1478	173,333,173,333
1526398925.486022963	110	40	48	1	2	0	2	-49	74360	8	0	1596	1478	173,333,173,333
1526398925.497690725	110	40	48	1	2	0	2	-49	74361	8	0	1596	1478	173,333,173,333
1526398925.509410399	110	40	48	1	2	0	2	-50	74362	8	0	1596	1478	173,333,173,333
1526398925.521176081	110	40	48	1	2	0	2	-50	74363	8	0	1596	1478	173,333,173,333
1526398925.532938603	110	40	48	1	2	0	2	-50	74364	8	0	1596	1478	173,333,173,333
1526398925.544833641	110	40	48	1	2	0	2	-50	74365	8	0	1596	1478	173,333,173,333
1526398925.556561017	110	40	48	1	2	0	2	-50	74366	8	0	1596	1478	173,333,173,333
1526398925.568527539	110	40	48	1	2	0	2	-50	74367	8	0	1596	1478	173,333,173,333
1526398925.580066588	110	40	48	1	2	0	2	-50	74368	8	0	1596	1478	173,333,173,333
1526398925.591846823	110	40	48	1	2	0	2	-50	74369	8	0	1596	1478	173,333,173,333
1526398925.604289688	110	40	48	1	2	0	2	-50	74370	8	0	1596	1478	173,333,173,333
1526398925.615430106	110	40	48	1	2	0	2	-50	74371	8	0	1596	1478	173,333,173,333
1526398925.627035338	110	40	48	1	2	0	2	-50	74372	8	0	1596	1478	173,333,173,333
1526398925.638881550	110	40	48	1	2	0	2	-50	74373	8	0	1596	1478	173,333,173,333
1526398925.650660966	110	40	48	1	2	0	2	-50	74374	8	0	1596	1478	173,333,173,333
1526398925.662406971	110	40	48	1	2	0	2	-50	74375	8	0	1596	1478	173,333,173,333
1526398925.674186315	110	40	48	1	2	0	2	-50	74376	8	0	1596	1478	173,333,173,333
1526398925.685938375	110	40	48	1	2	0	2	-50	74377	8	0	1596	1478	173,333,173,333
1526398925.697703651	110	40	48	1	2	0	2	-50	74378	8	0	1596	1478	173,333,173,333
1526398925.709460909	110	40	48	1	2	0	2	-50	74379	8	0	1596	1478	173,333,173,333
1526398925.721213621	110	40	48	1	2	0	2	-50	74380	8	0	1596	1478	173,333,173,333
1526398925.732977529	110	40	48	1	2	0	2	-51	74381	8	0	1596	1478	173,333,173,333
