1526399015.715729442	158	40	48	0	2	0	2	-60	74494	5	0	1596	1478	104,104
1526399015.715774778	158	40	48	0	2	0	2	-60	74494	5	0	1596	1478	104,104
1526399015.715785090	158	40	48	0	2	0	2	-60	74494	5	0	1596	1478	104,104
1526399015.715792491	158	40	48	0	2	0	2	-60	74494	5	0	1596	1478	104,104
1526399015.715801320	158	40	48	0	2	0	2	-60	74494	5	0	1596	1478	104,104
1526399015.715808385	158	40	48	0	2	0	2	-60	74494	5	0	1596	1478	104,104
1526399015.715817807	158	40	48	0	2	0	2	-60	74494	5	0	1596	1478	104,104
1526399015.715826275	158	40	48	0	2	0	2	-60	74494	5	0	1596	1478	104,104
1526399015.715834654	158	40	48	0	2	0	2	-60	74494	5	0	1596	1478	104,104
1526399015.718549264	158	40	48	0	2	0	2	-59	74495	5	0	1596	1478	104,104
1526399015.730045213	158	40	48	0	2	0	2	-59	74496	5	0	1596	1478	104,104
1526399015.741795185	158	40	48	0	2	0	2	-59	74497	5	0	1596	1478	104,104
1526399015.753670846	144	40	48	0	2	0	2	-59	74498	6	0	1596	1478	117,117
1526399015.765571260	144	40	48	0	2	0	2	-59	74499	6	0	1596	1478	117,117
1526399015.777315496	144	40	48	0	2	0	2	-58	74500	6	0	1596	1478	117,117
1526399015.789087051	144	40	48	0	2	0	2	-58	74501	6	0	1596	1478	117,117
1526399015.800855608	144	40	48	0	2	0	2	-58	74502	6	0	1596	1478	117,117
1526399015.812988988	124	40	48	1	2	0	2	-58	74503	7	0	1596	1478	144,444,144,444
1526399015.824319526	124	40	48	1	2	0	2	-58	74504	7	0	1596	1478	144,444,144,444
1526399015.836105892	124	40	48	1	2	0	2	-59	74505	7	0	1596	1478	144,444,144,444
1526399015.847857364	124	40	48	1	2	0	2	-59	74506	7	0	1596	1478	144,444,144,444
1526399015.859650664	124	40	48	1	2	0	2	-59	74507	7	0	1596	1478	144,444,144,444
1526399015.871344538	110	40	48	1	2	0	2	-59	74508	8	0	1596	1478	173,333,173,333
1526399015.883128067	110	40	48	1	2	0	2	-58	74509	8	0	1596	1478	173,333,173,333
1526399015.894881376	110	40	48	1	2	0	2	-58	74510	8	0	1596	1478	173,333,173,333
1526399015.906658812	110	40	48	1	2	0	2	-58	74511	8	0	1596	1478	173,333,173,333
1526399015.918329667	110	40	48	1	2	0	2	-58	74512	8	0	1596	1478	173,333,173,333
1526399015.930153019	110	40	48	1	2	0	2	-57	74513	8	0	1596	1478	173,333,173,333
1526399015.941930054	110	40	48	1	2	0	2	-58	74514	8	0	1596	1478	173,333,173,333
1526399015.953700661	110	40	48	1	2	0	2	-58	74515	8	0	1596	1478	173,333,173,333
1526399015.965430412	110	40	48	1	2	0	2	-58	74516	8	0	1596	1478	173,333,173,333
1526399015.977198340	110	40	48	1	2	0	2	-58	74517	8	0	1596	1478	173,333,173,333
1526399015.988964699	110	40	48	1	2	0	2	-58	74518	8	0	1596	1478	173,333,173,333
1526399016.000716040	110	40	48	1	2	0	2	-57	74519	8	0	1596	1478	173,333,173,333
1526399016.012515383	110	40	48	1	2	0	2	-57	74520	8	0	1596	1478	173,333,173,333
1526399016.024271067	110	40	48	1	2	0	2	-57	74521	8	0	1596	1478	173,333,173,333
1526399016.035931075	110	40	48	1	2	0	2	-57	74522	8	0	1596	1478	173,333,173,333
1526399016.047756586	110	40	48	1	2	0	2	-57	74523	8	0	1596	1478	173,333,173,333
1526399016.059498738	110	40	48	1	2	0	2	-57	74524	8	0	1596	1478	173,333,173,333
1526399016.071188871	110	40	48	1	2	0	2	-57	74525	8	0	1596	1478	173,333,173,333
1526399016.083031922	110	40	48	1	2	0	2	-57	74526	8	0	1596	1478	173,333,173,333
1526399016.094803170	110	40	48	1	2	0	2	-57	74527	8	0	1596	1478	173,333,173,333
1526399016.106903713	110	40	48	1	2	0	2	-58	74528	8	0	1596	1478	173,333,173,333
1526399016.118327929	110	40	48	1	2	0	2	-58	74529	8	0	1596	1478	173,333,173,333
1526399016.130087800	110	40	48	1	2	0	2	-58	74530	8	0	1596	1478	173,333,173,333
1526399016.141756797	110	40	48	1	2	0	2	-58	74531	8	0	1596	1478	173,333,173,333
1526399016.153478846	110	40	48	1	2	0	2	-57	74532	8	0	1596	1478	173,333,173,333
1526399016.165370362	110	40	48	1	2	0	2	-57	74533	8	0	1596	1478	173,333,173,333
1526399016.177122158	110	40	48	1	2	0	2	-57	74534	8	0	1596	1478	173,333,173,333
1526399016.188872884	110	40	48	1	2	0	2	-57	74535	8	0	1596	1478	173,333,173,333
1526399016.200641488	110	40	48	1	2	0	2	-57	74536	8	0	1596	1478	173,333,173,333
1526399016.212380863	110	40	48	1	2	0	2	-57	74537	8	0	1596	1478	173,333,173,333
1526399016.224102822	110	40	48	1	2	0	2	-57	74538	8	0	1596	1478	173,333,173,333
1526399016.235913688	110	40	48	1	2	0	2	-58	74539	8	0	1596	1478	173,333,173,333
1526399016.247580816	110	40	48	1	2	0	2	-58	74540	8	0	1596	1478	173,333,173,333
1526399016.259343031	110	40	48	1	2	0	2	-58	74541	8	0	1596	1478	173,333,173,333
1526399016.271104186	110	40	48	1	2	0	2	-58	74542	8	0	1596	1478	173,333,173,333
1526399016.282895075	110	40	48	1	2	0	2	-57	74543	8	0	1596	1478	173,333,173,333
1526399016.294627213	110	40	48	1	2	0	2	-57	74544	8	0	1596	1478	173,333,173,333
1526399016.306369876	110	40	48	1	2	0	2	-57	74545	8	0	1596	1478	173,333,173,333
1526399016.318156314	110	40	48	1	2	0	2	-57	74546	8	0	1596	1478	173,333,173,333
1526399016.329889689	110	40	48	1	2	0	2	-57	74547	8	0	1596	1478	173,333,173,333
1526399016.341655175	110	40	48	1	2	0	2	-57	74548	8	0	1596	1478	173,333,173,333
1526399016.353536139	110	40	48	1	2	0	2	-57	74549	8	0	1596	1478	173,333,173,333
1526399016.365296994	110	40	48	1	2	0	2	-57	74550	8	0	1596	1478	173,333,173,333
1526399016.377031815	110	40	48	1	2	0	2	-57	74551	8	0	1596	1478	173,333,173,333
1526399016.388787939	110	40	48	1	2	0	2	-58	74552	8	0	1596	1478	173,333,173,333
1526399016.400571278	110	40	48	1	2	0	2	-58	74553	8	0	1596	1478	173,333,173,333
1526399016.412319287	110	40	48	1	2	0	2	-57	74554	8	0	1596	1478	173,333,173,333
1526399016.424076361	110	40	48	1	2	0	2	-57	74555	8	0	1596	1478	173,333,173,333
1526399016.435846729	110	40	48	1	2	0	2	-58	74556	8	0	1596	1478	173,333,173,333
1526399016.447466674	110	40	48	1	2	0	2	-57	74557	8	0	1596	1478	173,333,173,333
1526399016.459340616	110	40	48	1	2	0	2	-57	74558	8	0	1596	1478	173,333,173,333
1526399016.471032960	110	40	48	1	2	0	2	-56	74559	8	0	1596	1478	173,333,173,333
1526399016.482888911	110	40	48	1	2	0	2	-56	74560	8	0	1596	1478	173,333,173,333
1526399016.494652340	110	40	48	1	2	0	2	-56	74561	8	0	1596	1478	173,333,173,333
1526399016.506420502	110	40	48	1	2	0	2	-56	74562	8	0	1596	1478	173,333,173,333
1526399016.518151691	110	40	48	1	2	0	2	-56	74563	8	0	1596	1478	173,333,173,333
1526399016.530105031	110	40	48	1	2	0	2	-56	74564	8	0	1596	1478	173,333,173,333
1526399016.541614358	110	40	48	1	2	0	2	-57	74565	8	0	1596	1478	173,333,173,333
1526399016.554214632	110	40	48	1	2	0	2	-58	74568	8	0	1596	1478	173,333,173,333
1526399016.565961436	110	40	48	1	2	0	2	-58	74569	8	0	1596	1478	173,333,173,333
1526399016.578482578	124	40	48	1	2	0	2	-59	74570	7	0	1596	1478	144,444,144,444
1526399016.588666735	124	40	48	1	2	0	2	-59	74571	7	0	1596	1478	144,444,144,444
1526399016.600394135	124	40	48	1	2	0	2	-59	74572	7	0	1596	1478	144,444,144,444
1526399016.612253185	124	40	48	1	2	0	2	-59	74573	7	0	1596	1478	144,444,144,444
1526399016.624038027	124	40	48	1	2	0	2	-59	74574	7	0	1596	1478	144,444,144,444
1526399016.635776130	124	40	48	1	2	0	2	-58	74575	7	0	1596	1478	144,444,144,444
1526399016.647513208	124	40	48	1	2	0	2	-58	74576	7	0	1596	1478	144,444,144,444
1526399016.659283992	124	40	48	1	2	0	2	-58	74577	7	0	1596	1478	144,444,144,444
1526399016.671464295	124	40	48	1	2	0	2	-58	74579	7	0	1596	1478	144,444,144,444
1526399016.682820749	124	40	48	1	2	0	2	-58	74580	7	0	1596	1478	144,444,144,444
1526399016.694583230	124	40	48	1	2	0	2	-57	74581	7	0	1596	1478	144,444,144,444
1526399016.706337777	124	40	48	1	2	0	2	-57	74582	7	0	1596	1478	144,444,144,444
1526399016.718004757	124	40	48	1	2	0	2	-57	74583	7	0	1596	1478	144,444,144,444
1526399016.729854169	124	40	48	1	2	0	2	-57	74584	7	0	1596	1478	144,444,144,444
1526399016.741636111	124	40	48	1	2	0	2	-58	74585	7	0	1596	1478	144,444,144,444
1526399016.753279093	124	40	48	1	2	0	2	-58	74586	7	0	1596	1478	144,444,144,444
1526399016.765129318	124	40	48	1	2	0	2	-58	74587	7	0	1596	1478	144,444,144,444
1526399016.776914240	124	40	48	1	2	0	2	-58	74588	7	0	1596	1478	144,444,144,444
1526399016.788656040	124	40	48	1	2	0	2	-58	74589	7	0	1596	1478	144,444,144,444
1526399016.800432261	124	40	48	1	2	0	2	-58	74590	7	0	1596	1478	144,444,144,444
1526399016.812186431	124	40	48	1	2	0	2	-58	74591	7	0	1596	1478	144,444,144,444
1526399016.823864018	124	40	48	1	2	0	2	-58	74592	7	0	1596	1478	144,444,144,444
1526399016.835679756	118	40	48	0	2	0	2	-58	74593	8	0	1596	1478	156,156
1526399016.847448410	124	40	48	1	2	0	2	-58	74594	7	0	1596	1478	144,444,144,444
1526399016.859215317	124	40	48	1	2	0	2	-58	74595	7	0	1596	1478	144,444,144,444
1526399016.870963166	124	40	48	1	2	0	2	-58	74596	7	0	1596	1478	144,444,144,444
1526399016.882764337	124	40	48	1	2	0	2	-58	74597	7	0	1596	1478	144,444,144,444
1526399016.894528581	118	40	48	0	2	0	2	-58	74598	8	0	1596	1478	156,156
1526399016.906255119	118	40	48	0	2	0	2	-58	74599	8	0	1596	1478	156,156
1526399016.918004048	118	40	48	0	2	0	2	-58	74600	8	0	1596	1478	156,156
1526399016.931280824	124	40	48	1	2	0	2	-58	74604	7	0	1596	1478	144,444,144,444
1526399016.941537140	124	40	48	1	2	0	2	-59	74605	7	0	1596	1478	144,444,144,444
1526399016.953236126	124	40	48	1	2	0	2	-59	74606	7	0	1596	1478	144,444,144,444
1526399016.964961613	124	40	48	1	2	0	2	-58	74607	7	0	1596	1478	144,444,144,444
1526399016.976721207	124	40	48	1	2	0	2	-58	74608	7	0	1596	1478	144,444,144,444
1526399016.988562725	124	40	48	1	2	0	2	-58	74609	7	0	1596	1478	144,444,144,444
1526399017.000232218	124	40	48	1	2	0	2	-58	74610	7	0	1596	1478	144,444,144,444
1526399017.012077991	124	40	48	1	2	0	2	-58	74611	7	0	1596	1478	144,444,144,444
1526399017.024200512	124	40	48	1	2	0	2	-58	74612	7	0	1596	1478	144,444,144,444
1526399017.035611570	124	40	48	1	2	0	2	-59	74613	7	0	1596	1478	144,444,144,444
1526399017.047189958	124	40	48	1	2	0	2	-59	74614	7	0	1596	1478	144,444,144,444
1526399017.059044840	124	40	48	1	2	0	2	-58	74615	7	0	1596	1478	144,444,144,444
1526399017.070805028	124	40	48	1	2	0	2	-58	74616	7	0	1596	1478	144,444,144,444
1526399017.082675120	124	40	48	1	2	0	2	-57	74617	7	0	1596	1478	144,444,144,444
1526399017.094361151	124	40	48	1	2	0	2	-57	74618	7	0	1596	1478	144,444,144,444
1526399017.106175060	124	40	48	1	2	0	2	-57	74619	7	0	1596	1478	144,444,144,444
1526399017.117839582	124	40	48	1	2	0	2	-57	74620	7	0	1596	1478	144,444,144,444
1526399017.129696472	124	40	48	1	2	0	2	-58	74621	7	0	1596	1478	144,444,144,444
1526399017.141386653	124	40	48	1	2	0	2	-58	74622	7	0	1596	1478	144,444,144,444
1526399017.153549863	124	40	48	1	2	0	2	-57	74623	7	0	1596	1478	144,444,144,444
1526399017.164971760	124	40	48	1	2	0	2	-57	74624	7	0	1596	1478	144,444,144,444
1526399017.176722564	124	40	48	1	2	0	2	-57	74625	7	0	1596	1478	144,444,144,444
1526399017.188493764	118	40	48	0	2	0	2	-57	74626	8	0	1596	1478	156,156
1526399017.200248235	124	40	48	1	2	0	2	-57	74627	7	0	1596	1478	144,444,144,444
1526399017.211997363	124	40	48	1	2	0	2	-57	74628	7	0	1596	1478	144,444,144,444
1526399017.223701735	124	40	48	1	2	0	2	-57	74629	7	0	1596	1478	144,444,144,444
1526399017.235450021	124	40	48	1	2	0	2	-57	74630	7	0	1596	1478	144,444,144,444
1526399017.247199810	118	40	48	0	2	0	2	-57	74631	8	0	1596	1478	156,156
1526399017.259049276	118	40	48	0	2	0	2	-57	74632	8	0	1596	1478	156,156
1526399017.270799346	118	40	48	0	2	0	2	-57	74633	8	0	1596	1478	156,156
1526399017.282568845	118	40	48	0	2	0	2	-57	74634	8	0	1596	1478	156,156
1526399017.294332234	110	40	48	1	2	0	2	-57	74635	8	0	1596	1478	173,333,173,333
1526399017.306096038	110	40	48	1	2	0	2	-57	74636	8	0	1596	1478	173,333,173,333
1526399017.317845463	110	40	48	1	2	0	2	-57	74637	8	0	1596	1478	173,333,173,333
1526399017.329579916	110	40	48	1	2	0	2	-57	74638	8	0	1596	1478	173,333,173,333
1526399017.341368430	110	40	48	1	2	0	2	-57	74639	8	0	1596	1478	173,333,173,333
1526399017.353205805	110	40	48	1	2	0	2	-57	74640	8	0	1596	1478	173,333,173,333
1526399017.364814971	110	40	48	1	2	0	2	-58	74641	8	0	1596	1478	173,333,173,333
1526399017.376629375	110	40	48	1	2	0	2	-58	74642	8	0	1596	1478	173,333,173,333
1526399017.388380992	110	40	48	1	2	0	2	-58	74643	8	0	1596	1478	173,333,173,333
1526399017.400164954	110	40	48	1	2	0	2	-58	74644	8	0	1596	1478	173,333,173,333
1526399017.411924681	110	40	48	1	2	0	2	-58	74645	8	0	1596	1478	173,333,173,333
1526399017.423683001	110	40	48	1	2	0	2	-59	74646	8	0	1596	1478	173,333,173,333
1526399017.435444765	110	40	48	1	2	0	2	-58	74647	8	0	1596	1478	173,333,173,333
1526399017.447212041	110	40	48	1	2	0	2	-58	74648	8	0	1596	1478	173,333,173,333
1526399017.458954044	110	40	48	1	2	0	2	-57	74649	8	0	1596	1478	173,333,173,333
1526399017.470638410	110	40	48	1	2	0	2	-58	74650	8	0	1596	1478	173,333,173,333
1526399017.482500420	110	40	48	1	2	0	2	-58	74651	8	0	1596	1478	173,333,173,333
1526399017.494258913	110	40	48	1	2	0	2	-58	74652	8	0	1596	1478	173,333,173,333
1526399017.507148142	110	40	48	1	2	0	2	-58	74655	8	0	1596	1478	173,333,173,333
1526399017.518075155	110	40	48	1	2	0	2	-58	74657	8	0	1596	1478	173,333,173,333
1526399017.529422169	110	40	48	1	2	0	2	-58	74658	8	0	1596	1478	173,333,173,333
1526399017.541217943	110	40	48	1	2	0	2	-58	74659	8	0	1596	1478	173,333,173,333
1526399017.553724014	110	40	48	1	2	0	2	-58	74660	8	0	1596	1478	173,333,173,333
1526399017.564788904	110	40	48	1	2	0	2	-58	74661	8	0	1596	1478	173,333,173,333
1526399017.576552421	110	40	48	1	2	0	2	-58	74662	8	0	1596	1478	173,333,173,333
1526399017.588305933	110	40	48	1	2	0	2	-58	74663	8	0	1596	1478	173,333,173,333
1526399017.600084779	110	40	48	1	2	0	2	-58	74664	8	0	1596	1478	173,333,173,333
1526399017.611855569	110	40	48	1	2	0	2	-58	74665	8	0	1596	1478	173,333,173,333
1526399017.623626314	110	40	48	1	2	0	2	-58	74666	8	0	1596	1478	173,333,173,333
1526399017.635348644	110	40	48	1	2	0	2	-57	74667	8	0	1596	1478	173,333,173,333
1526399017.647131392	110	40	48	1	2	0	2	-57	74668	8	0	1596	1478	173,333,173,333
1526399017.658783325	110	40	48	1	2	0	2	-58	74669	8	0	1596	1478	173,333,173,333
1526399017.670566129	110	40	48	1	2	0	2	-58	74670	8	0	1596	1478	173,333,173,333
1526399017.682317992	110	40	48	1	2	0	2	-58	74671	8	0	1596	1478	173,333,173,333
1526399017.694185387	110	40	48	1	2	0	2	-58	74672	8	0	1596	1478	173,333,173,333
1526399017.705942442	110	40	48	1	2	0	2	-57	74673	8	0	1596	1478	173,333,173,333
1526399017.717701730	110	40	48	1	2	0	2	-57	74674	8	0	1596	1478	173,333,173,333
1526399017.729430963	110	40	48	1	2	0	2	-57	74675	8	0	1596	1478	173,333,173,333
1526399017.741195739	110	40	48	1	2	0	2	-56	74676	8	0	1596	1478	173,333,173,333
1526399017.752878329	110	40	48	1	2	0	2	-56	74677	8	0	1596	1478	173,333,173,333
1526399017.764731916	110	40	48	1	2	0	2	-57	74678	8	0	1596	1478	173,333,173,333
1526399017.776463867	110	40	48	1	2	0	2	-57	74679	8	0	1596	1478	173,333,173,333
1526399017.788137440	110	40	48	1	2	0	2	-57	74680	8	0	1596	1478	173,333,173,333
1526399017.799994113	110	40	48	1	2	0	2	-58	74681	8	0	1596	1478	173,333,173,333
1526399017.811743628	110	40	48	1	2	0	2	-58	74682	8	0	1596	1478	173,333,173,333
1526399017.823431975	110	40	48	1	2	0	2	-58	74683	8	0	1596	1478	173,333,173,333
1526399017.835270551	110	40	48	1	2	0	2	-58	74684	8	0	1596	1478	173,333,173,333
1526399017.847049565	110	40	48	1	2	0	2	-58	74685	8	0	1596	1478	173,333,173,333
1526399017.858800313	110	40	48	1	2	0	2	-58	74686	8	0	1596	1478	173,333,173,333
1526399017.870597459	110	40	48	1	2	0	2	-58	74687	8	0	1596	1478	173,333,173,333
1526399017.882318580	110	40	48	1	2	0	2	-58	74688	8	0	1596	1478	173,333,173,333
1526399017.894075505	110	40	48	1	2	0	2	-58	74689	8	0	1596	1478	173,333,173,333
1526399017.905845145	110	40	48	1	2	0	2	-59	74690	8	0	1596	1478	173,333,173,333
1526399017.917608849	110	40	48	1	2	0	2	-59	74691	8	0	1596	1478	173,333,173,333
1526399017.929341135	110	40	48	1	2	0	2	-59	74692	8	0	1596	1478	173,333,173,333
1526399017.941035886	110	40	48	1	2	0	2	-58	74693	8	0	1596	1478	173,333,173,333
1526399017.952776300	110	40	48	1	2	0	2	-59	74694	8	0	1596	1478	173,333,173,333
1526399017.964631190	110	40	48	1	2	0	2	-59	74695	8	0	1596	1478	173,333,173,333
1526399017.976238826	110	40	48	1	2	0	2	-59	74696	8	0	1596	1478	173,333,173,333
1526399017.988046987	110	40	48	1	2	0	2	-59	74697	8	0	1596	1478	173,333,173,333
1526399017.999829268	110	40	48	1	2	0	2	-59	74698	8	0	1596	1478	173,333,173,333
1526399018.011648991	110	40	48	1	2	0	2	-58	74699	8	0	1596	1478	173,333,173,333
1526399018.023445936	110	40	48	1	2	0	2	-59	74700	8	0	1596	1478	173,333,173,333
1526399018.035104833	110	40	48	1	2	0	2	-59	74701	8	0	1596	1478	173,333,173,333
1526399018.046860052	110	40	48	1	2	0	2	-59	74702	8	0	1596	1478	173,333,173,333
1526399018.058718639	110	40	48	1	2	0	2	-59	74703	8	0	1596	1478	173,333,173,333
1526399018.070490367	110	40	48	1	2	0	2	-59	74704	8	0	1596	1478	173,333,173,333
1526399018.082551339	110	40	48	1	2	0	2	-59	74706	8	0	1596	1478	173,333,173,333
1526399018.094020844	110	40	48	1	2	0	2	-59	74707	8	0	1596	1478	173,333,173,333
1526399018.105785273	110	40	48	1	2	0	2	-59	74708	8	0	1596	1478	173,333,173,333
1526399018.117522164	110	40	48	1	2	0	2	-59	74709	8	0	1596	1478	173,333,173,333
1526399018.129991091	110	40	48	1	2	0	2	-59	74712	8	0	1596	1478	173,333,173,333
1526399018.141034133	110	40	48	1	2	0	2	-59	74713	8	0	1596	1478	173,333,173,333
1526399018.152815141	110	40	48	1	2	0	2	-59	74714	8	0	1596	1478	173,333,173,333
1526399018.164886278	110	40	48	1	2	0	2	-59	74716	8	0	1596	1478	173,333,173,333
1526399018.176240909	110	40	48	1	2	0	2	-59	74717	8	0	1596	1478	173,333,173,333
1526399018.188010819	110	40	48	1	2	0	2	-59	74718	8	0	1596	1478	173,333,173,333
1526399018.199675120	110	40	48	1	2	0	2	-59	74719	8	0	1596	1478	173,333,173,333
1526399018.211543002	110	40	48	1	2	0	2	-59	74720	8	0	1596	1478	173,333,173,333
1526399018.223264336	110	40	48	1	2	0	2	-59	74721	8	0	1596	1478	173,333,173,333
1526399018.235130569	110	40	48	1	2	0	2	-59	74722	8	0	1596	1478	173,333,173,333
1526399018.246895228	110	40	48	1	2	0	2	-59	74723	8	0	1596	1478	173,333,173,333
1526399018.258653242	110	40	48	1	2	0	2	-59	74724	8	0	1596	1478	173,333,173,333
1526399018.270666366	110	40	48	1	2	0	2	-59	74725	8	0	1596	1478	173,333,173,333
1526399018.282152226	110	40	48	1	2	0	2	-58	74726	8	0	1596	1478	173,333,173,333
1526399018.293927300	110	40	48	1	2	0	2	-59	74727	8	0	1596	1478	173,333,173,333
1526399018.305690095	110	40	48	1	2	0	2	-58	74728	8	0	1596	1478	173,333,173,333
1526399018.317446124	110	40	48	1	2	0	2	-59	74729	8	0	1596	1478	173,333,173,333
1526399018.329185821	110	40	48	1	2	0	2	-59	74730	8	0	1596	1478	173,333,173,333
1526399018.340953927	110	40	48	1	2	0	2	-59	74731	8	0	1596	1478	173,333,173,333
1526399018.352644865	110	40	48	1	2	0	2	-59	74732	8	0	1596	1478	173,333,173,333
1526399018.364488664	110	40	48	1	2	0	2	-59	74733	8	0	1596	1478	173,333,173,333
1526399018.376177710	110	40	48	1	2	0	2	-59	74734	8	0	1596	1478	173,333,173,333
1526399018.388001913	110	40	48	1	2	0	2	-58	74735	8	0	1596	1478	173,333,173,333
1526399018.399767484	110	40	48	1	2	0	2	-59	74736	8	0	1596	1478	173,333,173,333
1526399018.411528100	110	40	48	1	2	0	2	-59	74737	8	0	1596	1478	173,333,173,333
1526399018.423268631	110	40	48	1	2	0	2	-59	74738	8	0	1596	1478	173,333,173,333
1526399018.435040426	110	40	48	1	2	0	2	-59	74739	8	0	1596	1478	173,333,173,333
1526399018.446801710	110	40	48	1	2	0	2	-59	74740	8	0	1596	1478	173,333,173,333
1526399018.458590988	110	40	48	1	2	0	2	-59	74741	8	0	1596	1478	173,333,173,333
1526399018.470372449	110	40	48	1	2	0	2	-59	74742	8	0	1596	1478	173,333,173,333
1526399018.482078886	110	40	48	1	2	0	2	-59	74743	8	0	1596	1478	173,333,173,333
1526399018.493715093	110	40	48	1	2	0	2	-59	74744	8	0	1596	1478	173,333,173,333
1526399018.505441142	110	40	48	1	2	0	2	-59	74745	8	0	1596	1478	173,333,173,333
1526399018.517150206	110	40	48	1	2	0	2	-58	74746	8	0	1596	1478	173,333,173,333
1526399018.529027847	110	40	48	1	2	0	2	-59	74747	8	0	1596	1478	173,333,173,333
1526399018.540792474	110	40	48	1	2	0	2	-59	74748	8	0	1596	1478	173,333,173,333
1526399018.552421799	110	40	48	1	2	0	2	-59	74749	8	0	1596	1478	173,333,173,333
1526399018.564378517	110	40	48	1	2	0	2	-59	74750	8	0	1596	1478	173,333,173,333
1526399018.576152873	110	40	48	1	2	0	2	-58	74751	8	0	1596	1478	173,333,173,333
1526399018.587908162	110	40	48	1	2	0	2	-59	74752	8	0	1596	1478	173,333,173,333
1526399018.599691218	110	40	48	1	2	0	2	-59	74753	8	0	1596	1478	173,333,173,333
1526399018.611436238	110	40	48	1	2	0	2	-59	74754	8	0	1596	1478	173,333,173,333
1526399018.623191769	110	40	48	1	2	0	2	-59	74755	8	0	1596	1478	173,333,173,333
1526399018.634955078	110	40	48	1	2	0	2	-59	74756	8	0	1596	1478	173,333,173,333
1526399018.646711512	110	40	48	1	2	0	2	-59	74757	8	0	1596	1478	173,333,173,333
1526399018.658473592	110	40	48	1	2	0	2	-59	74758	8	0	1596	1478	173,333,173,333
1526399018.670284651	110	40	48	1	2	0	2	-59	74759	8	0	1596	1478	173,333,173,333
1526399018.682009545	110	40	48	1	2	0	2	-59	74760	8	0	1596	1478	173,333,173,333
1526399018.693742091	110	40	48	1	2	0	2	-59	74761	8	0	1596	1478	173,333,173,333
1526399018.705518447	110	40	48	1	2	0	2	-59	74762	8	0	1596	1478	173,333,173,333
1526399018.717265887	110	40	48	1	2	0	2	-59	74763	8	0	1596	1478	173,333,173,333
1526399018.729101509	110	40	48	1	2	0	2	-59	74764	8	0	1596	1478	173,333,173,333
1526399018.740785960	110	40	48	1	2	0	2	-59	74765	8	0	1596	1478	173,333,173,333
1526399018.752613361	110	40	48	1	2	0	2	-59	74766	8	0	1596	1478	173,333,173,333
1526399018.764366130	110	40	48	1	2	0	2	-59	74767	8	0	1596	1478	173,333,173,333
1526399018.776128343	110	40	48	1	2	0	2	-59	74768	8	0	1596	1478	173,333,173,333
1526399018.787900417	110	40	48	1	2	0	2	-59	74769	8	0	1596	1478	173,333,173,333
1526399018.799686776	110	40	48	1	2	0	2	-59	74770	8	0	1596	1478	173,333,173,333
1526399018.811345809	110	40	48	1	2	0	2	-59	74771	8	0	1596	1478	173,333,173,333
1526399018.823178584	110	40	48	1	2	0	2	-58	74772	8	0	1596	1478	173,333,173,333
1526399018.834940663	110	40	48	1	2	0	2	-58	74773	8	0	1596	1478	173,333,173,333
1526399018.846694750	110	40	48	1	2	0	2	-58	74774	8	0	1596	1478	173,333,173,333
1526399018.858460093	110	40	48	1	2	0	2	-58	74775	8	0	1596	1478	173,333,173,333
1526399018.870210772	110	40	48	1	2	0	2	-58	74776	8	0	1596	1478	173,333,173,333
1526399018.881978562	110	40	48	1	2	0	2	-58	74777	8	0	1596	1478	173,333,173,333
1526399018.893734420	110	40	48	1	2	0	2	-58	74778	8	0	1596	1478	173,333,173,333
1526399018.905519575	110	40	48	1	2	0	2	-58	74779	8	0	1596	1478	173,333,173,333
1526399018.917252348	110	40	48	1	2	0	2	-58	74780	8	0	1596	1478	173,333,173,333
1526399018.928995555	110	40	48	1	2	0	2	-58	74781	8	0	1596	1478	173,333,173,333
1526399018.940591826	110	40	48	1	2	0	2	-58	74782	8	0	1596	1478	173,333,173,333
1526399018.952732469	110	40	48	1	2	0	2	-58	74783	8	0	1596	1478	173,333,173,333
1526399018.964135676	110	40	48	1	2	0	2	-58	74784	8	0	1596	1478	173,333,173,333
1526399018.975833705	110	40	48	1	2	0	2	-58	74785	8	0	1596	1478	173,333,173,333
1526399018.987843575	110	40	48	1	2	0	2	-58	74786	8	0	1596	1478	173,333,173,333
1526399018.999389257	110	40	48	1	2	0	2	-58	74787	8	0	1596	1478	173,333,173,333
1526399019.011155472	110	40	48	1	2	0	2	-58	74788	8	0	1596	1478	173,333,173,333
1526399019.022936740	110	40	48	1	2	0	2	-58	74789	8	0	1596	1478	173,333,173,333
1526399019.034625808	110	40	48	1	2	0	2	-58	74790	8	0	1596	1478	173,333,173,333
1526399019.046561448	110	40	48	1	2	0	2	-58	74791	8	0	1596	1478	173,333,173,333
1526399019.058313806	110	40	48	1	2	0	2	-58	74792	8	0	1596	1478	173,333,173,333
1526399019.070065139	110	40	48	1	2	0	2	-58	74793	8	0	1596	1478	173,333,173,333
1526399019.081828054	110	40	48	1	2	0	2	-57	74794	8	0	1596	1478	173,333,173,333
1526399019.093594343	110	40	48	1	2	0	2	-58	74795	8	0	1596	1478	173,333,173,333
1526399019.105298846	110	40	48	1	2	0	2	-58	74796	8	0	1596	1478	173,333,173,333
1526399019.117124127	110	40	48	1	2	0	2	-58	74797	8	0	1596	1478	173,333,173,333
1526399019.128882331	110	40	48	1	2	0	2	-58	74798	8	0	1596	1478	173,333,173,333
1526399019.140623508	110	40	48	1	2	0	2	-58	74799	8	0	1596	1478	173,333,173,333
1526399019.152385768	110	40	48	1	2	0	2	-57	74800	8	0	1596	1478	173,333,173,333
1526399019.164131584	110	40	48	1	2	0	2	-58	74801	8	0	1596	1478	173,333,173,333
1526399019.175833103	110	40	48	1	2	0	2	-58	74802	8	0	1596	1478	173,333,173,333
1526399019.187535744	110	40	48	1	2	0	2	-57	74803	8	0	1596	1478	173,333,173,333
1526399019.199341684	110	40	48	1	2	0	2	-57	74804	8	0	1596	1478	173,333,173,333
1526399019.211204437	110	40	48	1	2	0	2	-58	74805	8	0	1596	1478	173,333,173,333
1526399019.222947033	110	40	48	1	2	0	2	-57	74806	8	0	1596	1478	173,333,173,333
1526399019.234727224	110	40	48	1	2	0	2	-57	74807	8	0	1596	1478	173,333,173,333
1526399019.246476082	110	40	48	1	2	0	2	-57	74808	8	0	1596	1478	173,333,173,333
1526399019.258227130	110	40	48	1	2	0	2	-57	74809	8	0	1596	1478	173,333,173,333
1526399019.270018747	110	40	48	1	2	0	2	-57	74810	8	0	1596	1478	173,333,173,333
1526399019.281798604	110	40	48	1	2	0	2	-57	74811	8	0	1596	1478	173,333,173,333
1526399019.293535747	110	40	48	1	2	0	2	-57	74812	8	0	1596	1478	173,333,173,333
1526399019.305286012	110	40	48	1	2	0	2	-57	74813	8	0	1596	1478	173,333,173,333
1526399019.317015722	110	40	48	1	2	0	2	-57	74814	8	0	1596	1478	173,333,173,333
1526399019.328787601	110	40	48	1	2	0	2	-57	74815	8	0	1596	1478	173,333,173,333
1526399019.340561027	110	40	48	1	2	0	2	-57	74816	8	0	1596	1478	173,333,173,333
1526399019.352329638	110	40	48	1	2	0	2	-57	74817	8	0	1596	1478	173,333,173,333
1526399019.364088493	110	40	48	1	2	0	2	-58	74818	8	0	1596	1478	173,333,173,333
1526399019.375846247	110	40	48	1	2	0	2	-57	74819	8	0	1596	1478	173,333,173,333
1526399019.387610134	110	40	48	1	2	0	2	-57	74820	8	0	1596	1478	173,333,173,333
1526399019.399351955	110	40	48	1	2	0	2	-57	74821	8	0	1596	1478	173,333,173,333
1526399019.411116385	110	40	48	1	2	0	2	-57	74822	8	0	1596	1478	173,333,173,333
1526399019.422872693	110	40	48	1	2	0	2	-57	74823	8	0	1596	1478	173,333,173,333
1526399019.434632145	110	40	48	1	2	0	2	-58	74824	8	0	1596	1478	173,333,173,333
1526399019.446407905	110	40	48	1	2	0	2	-58	74825	8	0	1596	1478	173,333,173,333
1526399019.458163299	110	40	48	1	2	0	2	-58	74826	8	0	1596	1478	173,333,173,333
1526399019.469923939	110	40	48	1	2	0	2	-58	74827	8	0	1596	1478	173,333,173,333
1526399019.481694311	110	40	48	1	2	0	2	-58	74828	8	0	1596	1478	173,333,173,333
1526399019.493368472	110	40	48	1	2	0	2	-58	74829	8	0	1596	1478	173,333,173,333
1526399019.505199342	110	40	48	1	2	0	2	-58	74830	8	0	1596	1478	173,333,173,333
1526399019.516832859	110	40	48	1	2	0	2	-58	74831	8	0	1596	1478	173,333,173,333
1526399019.528640394	110	40	48	1	2	0	2	-58	74832	8	0	1596	1478	173,333,173,333
1526399019.540383285	110	40	48	1	2	0	2	-58	74833	8	0	1596	1478	173,333,173,333
1526399019.552123675	110	40	48	1	2	0	2	-58	74834	8	0	1596	1478	173,333,173,333
1526399019.563986601	110	40	48	1	2	0	2	-57	74835	8	0	1596	1478	173,333,173,333
1526399019.575766519	110	40	48	1	2	0	2	-58	74836	8	0	1596	1478	173,333,173,333
1526399019.587513395	110	40	48	1	2	0	2	-58	74837	8	0	1596	1478	173,333,173,333
1526399019.599275096	110	40	48	1	2	0	2	-58	74838	8	0	1596	1478	173,333,173,333
1526399019.611018853	110	40	48	1	2	0	2	-58	74839	8	0	1596	1478	173,333,173,333
1526399019.622783829	110	40	48	1	2	0	2	-58	74840	8	0	1596	1478	173,333,173,333
1526399019.634555941	110	40	48	1	2	0	2	-58	74841	8	0	1596	1478	173,333,173,333
1526399019.646245934	110	40	48	1	2	0	2	-58	74842	8	0	1596	1478	173,333,173,333
1526399019.658085134	110	40	48	1	2	0	2	-57	74843	8	0	1596	1478	173,333,173,333
1526399019.669828508	110	40	48	1	2	0	2	-57	74844	8	0	1596	1478	173,333,173,333
1526399019.681596218	110	40	48	1	2	0	2	-58	74845	8	0	1596	1478	173,333,173,333
1526399019.693365985	110	40	48	1	2	0	2	-58	74846	8	0	1596	1478	173,333,173,333
1526399019.705111560	110	40	48	1	2	0	2	-58	74847	8	0	1596	1478	173,333,173,333
1526399019.716875901	110	40	48	1	2	0	2	-58	74848	8	0	1596	1478	173,333,173,333
1526399019.728612104	110	40	48	1	2	0	2	-57	74849	8	0	1596	1478	173,333,173,333
1526399019.740407988	110	40	48	1	2	0	2	-57	74850	8	0	1596	1478	173,333,173,333
1526399019.752162837	110	40	48	1	2	0	2	-57	74851	8	0	1596	1478	173,333,173,333
1526399019.763923615	110	40	48	1	2	0	2	-57	74852	8	0	1596	1478	173,333,173,333
1526399019.775606557	110	40	48	1	2	0	2	-57	74853	8	0	1596	1478	173,333,173,333
1526399019.787440271	110	40	48	1	2	0	2	-57	74854	8	0	1596	1478	173,333,173,333
1526399019.799122269	110	40	48	1	2	0	2	-57	74855	8	0	1596	1478	173,333,173,333
1526399019.810958300	110	40	48	1	2	0	2	-57	74856	8	0	1596	1478	173,333,173,333
1526399019.822712530	110	40	48	1	2	0	2	-58	74857	8	0	1596	1478	173,333,173,333
1526399019.834409517	110	40	48	1	2	0	2	-57	74858	8	0	1596	1478	173,333,173,333
1526399019.846241112	110	40	48	1	2	0	2	-57	74859	8	0	1596	1478	173,333,173,333
1526399019.857984782	110	40	48	1	2	0	2	-57	74860	8	0	1596	1478	173,333,173,333
1526399019.869772845	110	40	48	1	2	0	2	-57	74861	8	0	1596	1478	173,333,173,333
1526399019.881517154	110	40	48	1	2	0	2	-57	74862	8	0	1596	1478	173,333,173,333
1526399019.893287199	110	40	48	1	2	0	2	-57	74863	8	0	1596	1478	173,333,173,333
1526399019.905042090	110	40	48	1	2	0	2	-57	74864	8	0	1596	1478	173,333,173,333
1526399019.916802503	110	40	48	1	2	0	2	-57	74865	8	0	1596	1478	173,333,173,333
1526399019.928542975	110	40	48	1	2	0	2	-57	74866	8	0	1596	1478	173,333,173,333
1526399019.940403750	110	40	48	1	2	0	2	-57	74867	8	0	1596	1478	173,333,173,333
1526399019.952146282	110	40	48	1	2	0	2	-57	74868	8	0	1596	1478	173,333,173,333
1526399019.963829807	110	40	48	1	2	0	2	-57	74869	8	0	1596	1478	173,333,173,333
1526399019.975623408	110	40	48	1	2	0	2	-57	74870	8	0	1596	1478	173,333,173,333
1526399019.987350374	110	40	48	1	2	0	2	-57	74871	8	0	1596	1478	173,333,173,333
1526399019.999009361	110	40	48	1	2	0	2	-57	74872	8	0	1596	1478	173,333,173,333
1526399020.011460605	110	40	48	1	2	0	2	-57	74873	8	0	1596	1478	173,333,173,333
1526399020.022552584	110	40	48	1	2	0	2	-57	74874	8	0	1596	1478	173,333,173,333
1526399020.034274557	110	40	48	1	2	0	2	-57	74875	8	0	1596	1478	173,333,173,333
1526399020.046080007	110	40	48	1	2	0	2	-57	74876	8	0	1596	1478	173,333,173,333
1526399020.057926595	110	40	48	1	2	0	2	-57	74877	8	0	1596	1478	173,333,173,333
1526399020.069676040	110	40	48	1	2	0	2	-58	74878	8	0	1596	1478	173,333,173,333
1526399020.081360731	110	40	48	1	2	0	2	-58	74879	8	0	1596	1478	173,333,173,333
1526399020.093174859	110	40	48	1	2	0	2	-57	74880	8	0	1596	1478	173,333,173,333
1526399020.104887752	110	40	48	1	2	0	2	-58	74881	8	0	1596	1478	173,333,173,333
1526399020.116732800	110	40	48	1	2	0	2	-58	74882	8	0	1596	1478	173,333,173,333
1526399020.128392184	110	40	48	1	2	0	2	-57	74883	8	0	1596	1478	173,333,173,333
1526399020.140246791	110	40	48	1	2	0	2	-58	74884	8	0	1596	1478	173,333,173,333
1526399020.151905857	110	40	48	1	2	0	2	-58	74885	8	0	1596	1478	173,333,173,333
1526399020.163660790	110	40	48	1	2	0	2	-58	74886	8	0	1596	1478	173,333,173,333
1526399020.175422790	110	40	48	1	2	0	2	-57	74887	8	0	1596	1478	173,333,173,333
1526399020.187272369	110	40	48	1	2	0	2	-57	74888	8	0	1596	1478	173,333,173,333
1526399020.199049036	110	40	48	1	2	0	2	-57	74889	8	0	1596	1478	173,333,173,333
1526399020.210792647	110	40	48	1	2	0	2	-58	74890	8	0	1596	1478	173,333,173,333
1526399020.222569402	110	40	48	1	2	0	2	-57	74891	8	0	1596	1478	173,333,173,333
1526399020.234314432	110	40	48	1	2	0	2	-58	74892	8	0	1596	1478	173,333,173,333
1526399020.246076707	110	40	48	1	2	0	2	-57	74893	8	0	1596	1478	173,333,173,333
1526399020.257792887	110	40	48	1	2	0	2	-57	74894	8	0	1596	1478	173,333,173,333
1526399020.269536727	110	40	48	1	2	0	2	-57	74895	8	0	1596	1478	173,333,173,333
1526399020.281376200	110	40	48	1	2	0	2	-57	74896	8	0	1596	1478	173,333,173,333
1526399020.293107227	110	40	48	1	2	0	2	-57	74897	8	0	1596	1478	173,333,173,333
1526399020.304875513	110	40	48	1	2	0	2	-57	74898	8	0	1596	1478	173,333,173,333
1526399020.316627909	110	40	48	1	2	0	2	-57	74899	8	0	1596	1478	173,333,173,333
1526399020.328384525	110	40	48	1	2	0	2	-57	74900	8	0	1596	1478	173,333,173,333
1526399020.340155347	110	40	48	1	2	0	2	-58	74901	8	0	1596	1478	173,333,173,333
1526399020.351933002	110	40	48	1	2	0	2	-57	74902	8	0	1596	1478	173,333,173,333
1526399020.363674993	110	40	48	1	2	0	2	-57	74903	8	0	1596	1478	173,333,173,333
1526399020.375418950	110	40	48	1	2	0	2	-57	74904	8	0	1596	1478	173,333,173,333
1526399020.387186420	110	40	48	1	2	0	2	-57	74905	8	0	1596	1478	173,333,173,333
1526399020.398951421	110	40	48	1	2	0	2	-57	74906	8	0	1596	1478	173,333,173,333
1526399020.410627426	110	40	48	1	2	0	2	-57	74907	8	0	1596	1478	173,333,173,333
1526399020.422497780	110	40	48	1	2	0	2	-57	74908	8	0	1596	1478	173,333,173,333
1526399020.434151187	110	40	48	1	2	0	2	-57	74909	8	0	1596	1478	173,333,173,333
1526399020.446021566	110	40	48	1	2	0	2	-57	74910	8	0	1596	1478	173,333,173,333
1526399020.457751828	110	40	48	1	2	0	2	-57	74911	8	0	1596	1478	173,333,173,333
1526399020.469507456	110	40	48	1	2	0	2	-57	74912	8	0	1596	1478	173,333,173,333
1526399020.481274564	110	40	48	1	2	0	2	-57	74913	8	0	1596	1478	173,333,173,333
1526399020.493030797	110	40	48	1	2	0	2	-57	74914	8	0	1596	1478	173,333,173,333
1526399020.504807080	110	40	48	1	2	0	2	-57	74915	8	0	1596	1478	173,333,173,333
1526399020.516583756	110	40	48	1	2	0	2	-57	74916	8	0	1596	1478	173,333,173,333
1526399020.528229403	110	40	48	1	2	0	2	-57	74917	8	0	1596	1478	173,333,173,333
1526399020.539959534	110	40	48	1	2	0	2	-57	74918	8	0	1596	1478	173,333,173,333
1526399020.551833838	110	40	48	1	2	0	2	-57	74919	8	0	1596	1478	173,333,173,333
1526399020.563616039	110	40	48	1	2	0	2	-57	74920	8	0	1596	1478	173,333,173,333
1526399020.575363141	110	40	48	1	2	0	2	-57	74921	8	0	1596	1478	173,333,173,333
1526399020.587114365	110	40	48	1	2	0	2	-57	74922	8	0	1596	1478	173,333,173,333
1526399020.598868933	110	40	48	1	2	0	2	-57	74923	8	0	1596	1478	173,333,173,333
1526399020.610632165	110	40	48	1	2	0	2	-58	74924	8	0	1596	1478	173,333,173,333
1526399020.622400167	110	40	48	1	2	0	2	-57	74925	8	0	1596	1478	173,333,173,333
1526399020.634078403	110	40	48	1	2	0	2	-57	74926	8	0	1596	1478	173,333,173,333
1526399020.645822305	110	40	48	1	2	0	2	-58	74927	8	0	1596	1478	173,333,173,333
1526399020.657617257	110	40	48	1	2	0	2	-57	74928	8	0	1596	1478	173,333,173,333
1526399020.669453339	110	40	48	1	2	0	2	-58	74929	8	0	1596	1478	173,333,173,333
1526399020.681212345	110	40	48	1	2	0	2	-57	74930	8	0	1596	1478	173,333,173,333
1526399020.692951940	110	40	48	1	2	0	2	-58	74931	8	0	1596	1478	173,333,173,333
1526399020.704723060	110	40	48	1	2	0	2	-58	74932	8	0	1596	1478	173,333,173,333
1526399020.716475967	110	40	48	1	2	0	2	-58	74933	8	0	1596	1478	173,333,173,333
1526399020.728439264	110	40	48	1	2	0	2	-58	74934	8	0	1596	1478	173,333,173,333
1526399020.740005159	110	40	48	1	2	0	2	-58	74935	8	0	1596	1478	173,333,173,333
1526399020.751503772	110	40	48	1	2	0	2	-58	74937	8	0	1596	1478	173,333,173,333
1526399020.763458352	110	40	48	1	2	0	2	-57	74938	8	0	1596	1478	173,333,173,333
1526399020.775280685	110	40	48	1	2	0	2	-57	74939	8	0	1596	1478	173,333,173,333
1526399020.787023803	110	40	48	1	2	0	2	-58	74940	8	0	1596	1478	173,333,173,333
1526399020.799092364	110	40	48	1	2	0	2	-58	74941	8	0	1596	1478	173,333,173,333
1526399020.810573810	110	40	48	1	2	0	2	-58	74942	8	0	1596	1478	173,333,173,333
1526399020.822320990	110	40	48	1	2	0	2	-58	74943	8	0	1596	1478	173,333,173,333
1526399020.834086543	110	40	48	1	2	0	2	-58	74944	8	0	1596	1478	173,333,173,333
1526399020.845811500	110	40	48	1	2	0	2	-58	74945	8	0	1596	1478	173,333,173,333
1526399020.857600485	110	40	48	1	2	0	2	-58	74946	8	0	1596	1478	173,333,173,333
1526399020.869355843	110	40	48	1	2	0	2	-58	74947	8	0	1596	1478	173,333,173,333
1526399020.881158589	110	40	48	1	2	0	2	-58	74948	8	0	1596	1478	173,333,173,333
1526399020.892872054	110	40	48	1	2	0	2	-58	74949	8	0	1596	1478	173,333,173,333
1526399020.904638446	110	40	48	1	2	0	2	-58	74950	8	0	1596	1478	173,333,173,333
1526399020.916314981	110	40	48	1	2	0	2	-58	74951	8	0	1596	1478	173,333,173,333
1526399020.928099788	110	40	48	1	2	0	2	-58	74952	8	0	1596	1478	173,333,173,333
1526399020.939912667	110	40	48	1	2	0	2	-58	74953	8	0	1596	1478	173,333,173,333
1526399020.951675898	110	40	48	1	2	0	2	-58	74954	8	0	1596	1478	173,333,173,333
1526399020.963377350	110	40	48	1	2	0	2	-58	74955	8	0	1596	1478	173,333,173,333
1526399020.975185763	110	40	48	1	2	0	2	-58	74956	8	0	1596	1478	173,333,173,333
1526399020.986958295	110	40	48	1	2	0	2	-58	74957	8	0	1596	1478	173,333,173,333
1526399020.998715545	110	40	48	1	2	0	2	-58	74958	8	0	1596	1478	173,333,173,333
1526399021.010468156	110	40	48	1	2	0	2	-57	74959	8	0	1596	1478	173,333,173,333
1526399021.022239577	110	40	48	1	2	0	2	-57	74960	8	0	1596	1478	173,333,173,333
1526399021.033818956	110	40	48	1	2	0	2	-58	74961	8	0	1596	1478	173,333,173,333
1526399021.045800521	110	40	48	1	2	0	2	-58	74962	8	0	1596	1478	173,333,173,333
1526399021.057377791	110	40	48	1	2	0	2	-58	74963	8	0	1596	1478	173,333,173,333
1526399021.069169588	110	40	48	1	2	0	2	-57	74964	8	0	1596	1478	173,333,173,333
1526399021.081031397	110	40	48	1	2	0	2	-58	74965	8	0	1596	1478	173,333,173,333
1526399021.092785173	110	40	48	1	2	0	2	-58	74966	8	0	1596	1478	173,333,173,333
1526399021.104539506	110	40	48	1	2	0	2	-57	74967	8	0	1596	1478	173,333,173,333
1526399021.116350811	110	40	48	1	2	0	2	-57	74968	8	0	1596	1478	173,333,173,333
1526399021.127993073	110	40	48	1	2	0	2	-58	74969	8	0	1596	1478	173,333,173,333
1526399021.139711205	110	40	48	1	2	0	2	-57	74970	8	0	1596	1478	173,333,173,333
1526399021.151515536	110	40	48	1	2	0	2	-58	74971	8	0	1596	1478	173,333,173,333
1526399021.163346863	110	40	48	1	2	0	2	-58	74972	8	0	1596	1478	173,333,173,333
1526399021.175115849	110	40	48	1	2	0	2	-58	74973	8	0	1596	1478	173,333,173,333
1526399021.186878576	110	40	48	1	2	0	2	-58	74974	8	0	1596	1478	173,333,173,333
1526399021.198644031	110	40	48	1	2	0	2	-58	74975	8	0	1596	1478	173,333,173,333
1526399021.210391196	110	40	48	1	2	0	2	-58	74976	8	0	1596	1478	173,333,173,333
1526399021.222148017	110	40	48	1	2	0	2	-58	74977	8	0	1596	1478	173,333,173,333
1526399021.233924794	110	40	48	1	2	0	2	-58	74978	8	0	1596	1478	173,333,173,333
1526399021.245674676	110	40	48	1	2	0	2	-58	74979	8	0	1596	1478	173,333,173,333
1526399021.257427102	110	40	48	1	2	0	2	-58	74980	8	0	1596	1478	173,333,173,333
1526399021.269195337	110	40	48	1	2	0	2	-57	74981	8	0	1596	1478	173,333,173,333
1526399021.280970862	110	40	48	1	2	0	2	-58	74982	8	0	1596	1478	173,333,173,333
1526399021.292722639	110	40	48	1	2	0	2	-58	74983	8	0	1596	1478	173,333,173,333
1526399021.304471876	110	40	48	1	2	0	2	-58	74984	8	0	1596	1478	173,333,173,333
1526399021.316242263	110	40	48	1	2	0	2	-58	74985	8	0	1596	1478	173,333,173,333
1526399021.327966997	110	40	48	1	2	0	2	-58	74986	8	0	1596	1478	173,333,173,333
1526399021.339756203	110	40	48	1	2	0	2	-58	74987	8	0	1596	1478	173,333,173,333
1526399021.351522619	110	40	48	1	2	0	2	-58	74988	8	0	1596	1478	173,333,173,333
1526399021.363265180	110	40	48	1	2	0	2	-58	74989	8	0	1596	1478	173,333,173,333
1526399021.375017972	110	40	48	1	2	0	2	-58	74990	8	0	1596	1478	173,333,173,333
1526399021.386732838	110	40	48	1	2	0	2	-58	74991	8	0	1596	1478	173,333,173,333
1526399021.398555257	110	40	48	1	2	0	2	-58	74992	8	0	1596	1478	173,333,173,333
1526399021.410321579	110	40	48	1	2	0	2	-58	74993	8	0	1596	1478	173,333,173,333
1526399021.422097295	110	40	48	1	2	0	2	-58	74994	8	0	1596	1478	173,333,173,333
1526399021.433826017	110	40	48	1	2	0	2	-58	74995	8	0	1596	1478	173,333,173,333
1526399021.445615414	110	40	48	1	2	0	2	-58	74996	8	0	1596	1478	173,333,173,333
1526399021.457349104	110	40	48	1	2	0	2	-58	74997	8	0	1596	1478	173,333,173,333
1526399021.469125791	110	40	48	1	2	0	2	-59	74998	8	0	1596	1478	173,333,173,333
1526399021.480874235	110	40	48	1	2	0	2	-59	74999	8	0	1596	1478	173,333,173,333
1526399021.492559654	110	40	48	1	2	0	2	-59	75000	8	0	1596	1478	173,333,173,333
1526399021.504390550	110	40	48	1	2	0	2	-59	75001	8	0	1596	1478	173,333,173,333
1526399021.516162475	110	40	48	1	2	0	2	-59	75002	8	0	1596	1478	173,333,173,333
1526399021.527911957	110	40	48	1	2	0	2	-59	75003	8	0	1596	1478	173,333,173,333
1526399021.539714642	110	40	48	1	2	0	2	-59	75004	8	0	1596	1478	173,333,173,333
1526399021.551431940	110	40	48	1	2	0	2	-59	75005	8	0	1596	1478	173,333,173,333
1526399021.563054737	110	40	48	1	2	0	2	-59	75006	8	0	1596	1478	173,333,173,333
1526399021.574860353	110	40	48	1	2	0	2	-59	75007	8	0	1596	1478	173,333,173,333
1526399021.586717609	110	40	48	1	2	0	2	-59	75008	8	0	1596	1478	173,333,173,333
1526399021.598471667	110	40	48	1	2	0	2	-58	75009	8	0	1596	1478	173,333,173,333
1526399021.610225234	110	40	48	1	2	0	2	-58	75010	8	0	1596	1478	173,333,173,333
1526399021.622005329	110	40	48	1	2	0	2	-58	75011	8	0	1596	1478	173,333,173,333
1526399021.633611845	110	40	48	1	2	0	2	-58	75012	8	0	1596	1478	173,333,173,333
1526399021.645368831	110	40	48	1	2	0	2	-58	75013	8	0	1596	1478	173,333,173,333
1526399021.657201864	110	40	48	1	2	0	2	-58	75014	8	0	1596	1478	173,333,173,333
1526399021.669025465	110	40	48	1	2	0	2	-58	75015	8	0	1596	1478	173,333,173,333
1526399021.680801483	110	40	48	1	2	0	2	-58	75016	8	0	1596	1478	173,333,173,333
1526399021.692561165	110	40	48	1	2	0	2	-58	75017	8	0	1596	1478	173,333,173,333
1526399021.704315201	110	40	48	1	2	0	2	-58	75018	8	0	1596	1478	173,333,173,333
1526399021.716081094	110	40	48	1	2	0	2	-58	75019	8	0	1596	1478	173,333,173,333
1526399021.727718369	110	40	48	1	2	0	2	-58	75020	8	0	1596	1478	173,333,173,333
1526399021.739624426	110	40	48	1	2	0	2	-58	75021	8	0	1596	1478	173,333,173,333
1526399021.751355852	110	40	48	1	2	0	2	-58	75022	8	0	1596	1478	173,333,173,333
1526399021.763117266	110	40	48	1	2	0	2	-58	75023	8	0	1596	1478	173,333,173,333
1526399021.774875503	110	40	48	1	2	0	2	-58	75024	8	0	1596	1478	173,333,173,333
1526399021.786623183	110	40	48	1	2	0	2	-58	75025	8	0	1596	1478	173,333,173,333
1526399021.798406234	110	40	48	1	2	0	2	-58	75026	8	0	1596	1478	173,333,173,333
1526399021.810143971	110	40	48	1	2	0	2	-58	75027	8	0	1596	1478	173,333,173,333
1526399021.821908498	110	40	48	1	2	0	2	-57	75028	8	0	1596	1478	173,333,173,333
1526399021.833673073	110	40	48	1	2	0	2	-57	75029	8	0	1596	1478	173,333,173,333
1526399021.845439558	110	40	48	1	2	0	2	-57	75030	8	0	1596	1478	173,333,173,333
1526399021.857234452	110	40	48	1	2	0	2	-57	75031	8	0	1596	1478	173,333,173,333
1526399021.868967935	110	40	48	1	2	0	2	-57	75032	8	0	1596	1478	173,333,173,333
1526399021.880724537	110	40	48	1	2	0	2	-57	75033	8	0	1596	1478	173,333,173,333
1526399021.892400374	110	40	48	1	2	0	2	-58	75034	8	0	1596	1478	173,333,173,333
1526399021.904230442	110	40	48	1	2	0	2	-58	75035	8	0	1596	1478	173,333,173,333
1526399021.915997041	110	40	48	1	2	0	2	-58	75036	8	0	1596	1478	173,333,173,333
1526399021.927750508	110	40	48	1	2	0	2	-58	75037	8	0	1596	1478	173,333,173,333
1526399021.939510007	110	40	48	1	2	0	2	-58	75038	8	0	1596	1478	173,333,173,333
1526399021.951185931	110	40	48	1	2	0	2	-58	75039	8	0	1596	1478	173,333,173,333
1526399021.962837341	110	40	48	1	2	0	2	-58	75040	8	0	1596	1478	173,333,173,333
1526399021.974785113	110	40	48	1	2	0	2	-58	75041	8	0	1596	1478	173,333,173,333
1526399021.986549004	110	40	48	1	2	0	2	-58	75042	8	0	1596	1478	173,333,173,333
1526399021.998318057	110	40	48	1	2	0	2	-58	75043	8	0	1596	1478	173,333,173,333
1526399022.010026739	110	40	48	1	2	0	2	-58	75044	8	0	1596	1478	173,333,173,333
1526399022.021821415	110	40	48	1	2	0	2	-58	75045	8	0	1596	1478	173,333,173,333
1526399022.033515840	110	40	48	1	2	0	2	-58	75046	8	0	1596	1478	173,333,173,333
1526399022.045352610	110	40	48	1	2	0	2	-59	75047	8	0	1596	1478	173,333,173,333
1526399022.057126547	110	40	48	1	2	0	2	-59	75048	8	0	1596	1478	173,333,173,333
1526399022.068881457	110	40	48	1	2	0	2	-58	75049	8	0	1596	1478	173,333,173,333
1526399022.080387299	110	40	48	1	2	0	2	-59	75050	8	0	1596	1478	173,333,173,333
1526399022.092257801	110	40	48	1	2	0	2	-59	75051	8	0	1596	1478	173,333,173,333
1526399022.104063107	110	40	48	1	2	0	2	-59	75052	8	0	1596	1478	173,333,173,333
1526399022.115921314	110	40	48	1	2	0	2	-59	75053	8	0	1596	1478	173,333,173,333
1526399022.127564562	110	40	48	1	2	0	2	-59	75054	8	0	1596	1478	173,333,173,333
1526399022.139300623	110	40	48	1	2	0	2	-59	75055	8	0	1596	1478	173,333,173,333
1526399022.151047928	110	40	48	1	2	0	2	-59	75056	8	0	1596	1478	173,333,173,333
1526399022.162876052	110	40	48	1	2	0	2	-60	75057	8	0	1596	1478	173,333,173,333
1526399022.174621253	110	40	48	1	2	0	2	-59	75058	8	0	1596	1478	173,333,173,333
1526399022.186482598	110	40	48	1	2	0	2	-59	75059	8	0	1596	1478	173,333,173,333
1526399022.198233065	110	40	48	1	2	0	2	-60	75060	8	0	1596	1478	173,333,173,333
1526399022.209986924	110	40	48	1	2	0	2	-60	75061	8	0	1596	1478	173,333,173,333
1526399022.221762560	110	40	48	1	2	0	2	-60	75062	8	0	1596	1478	173,333,173,333
1526399022.233518623	110	40	48	1	2	0	2	-60	75063	8	0	1596	1478	173,333,173,333
1526399022.245277509	110	40	48	1	2	0	2	-59	75064	8	0	1596	1478	173,333,173,333
1526399022.257062790	110	40	48	1	2	0	2	-59	75065	8	0	1596	1478	173,333,173,333
1526399022.268784394	110	40	48	1	2	0	2	-59	75066	8	0	1596	1478	173,333,173,333
1526399022.280548256	110	40	48	1	2	0	2	-59	75067	8	0	1596	1478	173,333,173,333
1526399022.292313618	110	40	48	1	2	0	2	-59	75068	8	0	1596	1478	173,333,173,333
1526399022.304072549	110	40	48	1	2	0	2	-59	75069	8	0	1596	1478	173,333,173,333
1526399022.315772786	110	40	48	1	2	0	2	-59	75070	8	0	1596	1478	173,333,173,333
1526399022.327617431	110	40	48	1	2	0	2	-59	75071	8	0	1596	1478	173,333,173,333
1526399022.339356069	110	40	48	1	2	0	2	-59	75072	8	0	1596	1478	173,333,173,333
1526399022.351118076	110	40	48	1	2	0	2	-58	75073	8	0	1596	1478	173,333,173,333
1526399022.362872691	110	40	48	1	2	0	2	-59	75074	8	0	1596	1478	173,333,173,333
1526399022.374631450	110	40	48	1	2	0	2	-59	75075	8	0	1596	1478	173,333,173,333
1526399022.386408059	110	40	48	1	2	0	2	-58	75076	8	0	1596	1478	173,333,173,333
1526399022.398164808	110	40	48	1	2	0	2	-58	75077	8	0	1596	1478	173,333,173,333
1526399022.409921958	110	40	48	1	2	0	2	-58	75078	8	0	1596	1478	173,333,173,333
1526399022.421688319	110	40	48	1	2	0	2	-58	75079	8	0	1596	1478	173,333,173,333
1526399022.433426923	110	40	48	1	2	0	2	-58	75080	8	0	1596	1478	173,333,173,333
1526399022.445195982	110	40	48	1	2	0	2	-58	75081	8	0	1596	1478	173,333,173,333
1526399022.456957051	110	40	48	1	2	0	2	-58	75082	8	0	1596	1478	173,333,173,333
1526399022.469139445	110	40	48	1	2	0	2	-58	75083	8	0	1596	1478	173,333,173,333
1526399022.480482770	110	40	48	1	2	0	2	-58	75084	8	0	1596	1478	173,333,173,333
1526399022.492233398	110	40	48	1	2	0	2	-58	75085	8	0	1596	1478	173,333,173,333
1526399022.503992958	110	40	48	1	2	0	2	-58	75086	8	0	1596	1478	173,333,173,333
1526399022.515751923	110	40	48	1	2	0	2	-58	75087	8	0	1596	1478	173,333,173,333
1526399022.527465089	110	40	48	1	2	0	2	-58	75088	8	0	1596	1478	173,333,173,333
1526399022.539209006	110	40	48	1	2	0	2	-58	75089	8	0	1596	1478	173,333,173,333
1526399022.551055757	110	40	48	1	2	0	2	-58	75090	8	0	1596	1478	173,333,173,333
1526399022.562803272	110	40	48	1	2	0	2	-58	75091	8	0	1596	1478	173,333,173,333
1526399022.574470418	110	40	48	1	2	0	2	-58	75092	8	0	1596	1478	173,333,173,333
1526399022.586187915	110	40	48	1	2	0	2	-58	75093	8	0	1596	1478	173,333,173,333
1526399022.597976073	110	40	48	1	2	0	2	-58	75094	8	0	1596	1478	173,333,173,333
1526399022.609824670	110	40	48	1	2	0	2	-58	75095	8	0	1596	1478	173,333,173,333
1526399022.621588438	110	40	48	1	2	0	2	-58	75096	8	0	1596	1478	173,333,173,333
1526399022.633220574	110	40	48	1	2	0	2	-58	75097	8	0	1596	1478	173,333,173,333
1526399022.644982197	110	40	48	1	2	0	2	-58	75098	8	0	1596	1478	173,333,173,333
1526399022.656875396	110	40	48	1	2	0	2	-58	75099	8	0	1596	1478	173,333,173,333
1526399022.668577360	110	40	48	1	2	0	2	-58	75100	8	0	1596	1478	173,333,173,333
1526399022.680402933	110	40	48	1	2	0	2	-58	75101	8	0	1596	1478	173,333,173,333
1526399022.692145786	110	40	48	1	2	0	2	-58	75102	8	0	1596	1478	173,333,173,333
1526399022.703917660	110	40	48	1	2	0	2	-58	75103	8	0	1596	1478	173,333,173,333
1526399022.715697498	110	40	48	1	2	0	2	-58	75104	8	0	1596	1478	173,333,173,333
1526399022.727438236	110	40	48	1	2	0	2	-58	75105	8	0	1596	1478	173,333,173,333
1526399022.739196290	110	40	48	1	2	0	2	-57	75106	8	0	1596	1478	173,333,173,333
1526399022.750951862	110	40	48	1	2	0	2	-58	75107	8	0	1596	1478	173,333,173,333
1526399022.762705579	110	40	48	1	2	0	2	-58	75108	8	0	1596	1478	173,333,173,333
1526399022.774391384	110	40	48	1	2	0	2	-58	75109	8	0	1596	1478	173,333,173,333
1526399022.786252125	110	40	48	1	2	0	2	-58	75110	8	0	1596	1478	173,333,173,333
1526399022.798018930	110	40	48	1	2	0	2	-58	75111	8	0	1596	1478	173,333,173,333
1526399022.809758686	110	40	48	1	2	0	2	-58	75112	8	0	1596	1478	173,333,173,333
1526399022.821531324	110	40	48	1	2	0	2	-58	75113	8	0	1596	1478	173,333,173,333
1526399022.833689478	110	40	48	1	2	0	2	-58	75115	8	0	1596	1478	173,333,173,333
1526399022.845709709	110	40	48	1	2	0	2	-59	75118	8	0	1596	1478	173,333,173,333
1526399022.856741031	110	40	48	1	2	0	2	-59	75119	8	0	1596	1478	173,333,173,333
1526399022.868493260	110	40	48	1	2	0	2	-59	75120	8	0	1596	1478	173,333,173,333
1526399022.880294548	110	40	48	1	2	0	2	-59	75121	8	0	1596	1478	173,333,173,333
1526399022.892064160	110	40	48	1	2	0	2	-59	75122	8	0	1596	1478	173,333,173,333
1526399022.903838981	110	40	48	1	2	0	2	-59	75123	8	0	1596	1478	173,333,173,333
1526399022.915619477	110	40	48	1	2	0	2	-59	75124	8	0	1596	1478	173,333,173,333
1526399022.927364019	110	40	48	1	2	0	2	-59	75125	8	0	1596	1478	173,333,173,333
1526399022.939126130	110	40	48	1	2	0	2	-59	75126	8	0	1596	1478	173,333,173,333
1526399022.951156230	110	40	48	1	2	0	2	-59	75128	8	0	1596	1478	173,333,173,333
1526399022.962643408	110	40	48	1	2	0	2	-59	75129	8	0	1596	1478	173,333,173,333
1526399022.974396071	110	40	48	1	2	0	2	-59	75130	8	0	1596	1478	173,333,173,333
1526399022.986583061	110	40	48	1	2	0	2	-59	75132	8	0	1596	1478	173,333,173,333
1526399022.997916791	110	40	48	1	2	0	2	-59	75133	8	0	1596	1478	173,333,173,333
1526399023.009684874	110	40	48	1	2	0	2	-59	75134	8	0	1596	1478	173,333,173,333
1526399023.021467703	110	40	48	1	2	0	2	-59	75135	8	0	1596	1478	173,333,173,333
1526399023.033133580	110	40	48	1	2	0	2	-59	75136	8	0	1596	1478	173,333,173,333
1526399023.044970156	110	40	48	1	2	0	2	-58	75137	8	0	1596	1478	173,333,173,333
1526399023.056638406	110	40	48	1	2	0	2	-59	75138	8	0	1596	1478	173,333,173,333
1526399023.068380972	110	40	48	1	2	0	2	-59	75139	8	0	1596	1478	173,333,173,333
1526399023.080536519	110	40	48	1	2	0	2	-59	75141	8	0	1596	1478	173,333,173,333
1526399023.091938404	110	40	48	1	2	0	2	-59	75142	8	0	1596	1478	173,333,173,333
1526399023.103623610	110	40	48	1	2	0	2	-59	75143	8	0	1596	1478	173,333,173,333
1526399023.115305769	110	40	48	1	2	0	2	-59	75144	8	0	1596	1478	173,333,173,333
1526399023.127268568	110	40	48	1	2	0	2	-58	75145	8	0	1596	1478	173,333,173,333
1526399023.138846399	110	40	48	1	2	0	2	-58	75146	8	0	1596	1478	173,333,173,333
1526399023.150683758	110	40	48	1	2	0	2	-58	75147	8	0	1596	1478	173,333,173,333
1526399023.162553619	110	40	48	1	2	0	2	-58	75148	8	0	1596	1478	173,333,173,333
1526399023.174207125	110	40	48	1	2	0	2	-58	75149	8	0	1596	1478	173,333,173,333
1526399023.186344270	110	40	48	1	2	0	2	-58	75150	8	0	1596	1478	173,333,173,333
1526399023.197840103	110	40	48	1	2	0	2	-58	75151	8	0	1596	1478	173,333,173,333
1526399023.209611168	110	40	48	1	2	0	2	-58	75152	8	0	1596	1478	173,333,173,333
1526399023.221376373	110	40	48	1	2	0	2	-58	75153	8	0	1596	1478	173,333,173,333
1526399023.233043286	110	40	48	1	2	0	2	-58	75154	8	0	1596	1478	173,333,173,333
1526399023.244810671	110	40	48	1	2	0	2	-58	75155	8	0	1596	1478	173,333,173,333
1526399023.256551409	110	40	48	1	2	0	2	-58	75156	8	0	1596	1478	173,333,173,333
1526399023.268371059	110	40	48	1	2	0	2	-58	75157	8	0	1596	1478	173,333,173,333
1526399023.280162799	110	40	48	1	2	0	2	-58	75158	8	0	1596	1478	173,333,173,333
1526399023.291924406	110	40	48	1	2	0	2	-58	75159	8	0	1596	1478	173,333,173,333
1526399023.303690097	110	40	48	1	2	0	2	-58	75160	8	0	1596	1478	173,333,173,333
1526399023.315435584	110	40	48	1	2	0	2	-58	75161	8	0	1596	1478	173,333,173,333
1526399023.327196274	110	40	48	1	2	0	2	-58	75162	8	0	1596	1478	173,333,173,333
1526399023.338954729	110	40	48	1	2	0	2	-58	75163	8	0	1596	1478	173,333,173,333
1526399023.350704803	110	40	48	1	2	0	2	-58	75164	8	0	1596	1478	173,333,173,333
1526399023.362415375	110	40	48	1	2	0	2	-58	75165	8	0	1596	1478	173,333,173,333
1526399023.374249779	110	40	48	1	2	0	2	-58	75166	8	0	1596	1478	173,333,173,333
1526399023.386018459	110	40	48	1	2	0	2	-58	75167	8	0	1596	1478	173,333,173,333
1526399023.397770600	110	40	48	1	2	0	2	-58	75168	8	0	1596	1478	173,333,173,333
1526399023.409435634	110	40	48	1	2	0	2	-58	75169	8	0	1596	1478	173,333,173,333
1526399023.421259858	110	40	48	1	2	0	2	-58	75170	8	0	1596	1478	173,333,173,333
1526399023.433048145	110	40	48	1	2	0	2	-58	75171	8	0	1596	1478	173,333,173,333
1526399023.444801437	110	40	48	1	2	0	2	-58	75172	8	0	1596	1478	173,333,173,333
1526399023.456555268	110	40	48	1	2	0	2	-58	75173	8	0	1596	1478	173,333,173,333
1526399023.468314629	110	40	48	1	2	0	2	-58	75174	8	0	1596	1478	173,333,173,333
1526399023.480020117	110	40	48	1	2	0	2	-58	75175	8	0	1596	1478	173,333,173,333
1526399023.491823616	110	40	48	1	2	0	2	-58	75176	8	0	1596	1478	173,333,173,333
1526399023.503613751	110	40	48	1	2	0	2	-58	75177	8	0	1596	1478	173,333,173,333
1526399023.515365258	110	40	48	1	2	0	2	-58	75178	8	0	1596	1478	173,333,173,333
1526399023.527122804	110	40	48	1	2	0	2	-58	75179	8	0	1596	1478	173,333,173,333
1526399023.538860138	110	40	48	1	2	0	2	-58	75180	8	0	1596	1478	173,333,173,333
1526399023.550641092	110	40	48	1	2	0	2	-58	75181	8	0	1596	1478	173,333,173,333
1526399023.562402370	110	40	48	1	2	0	2	-58	75182	8	0	1596	1478	173,333,173,333
1526399023.574072050	110	40	48	1	2	0	2	-58	75183	8	0	1596	1478	173,333,173,333
1526399023.585908086	110	40	48	1	2	0	2	-58	75184	8	0	1596	1478	173,333,173,333
1526399023.597674220	110	40	48	1	2	0	2	-58	75185	8	0	1596	1478	173,333,173,333
1526399023.609354228	110	40	48	1	2	0	2	-58	75186	8	0	1596	1478	173,333,173,333
1526399023.621085090	110	40	48	1	2	0	2	-58	75187	8	0	1596	1478	173,333,173,333
1526399023.632837597	110	40	48	1	2	0	2	-58	75188	8	0	1596	1478	173,333,173,333
1526399023.644639346	110	40	48	1	2	0	2	-58	75189	8	0	1596	1478	173,333,173,333
1526399023.656404196	110	40	48	1	2	0	2	-58	75190	8	0	1596	1478	173,333,173,333
1526399023.668225802	110	40	48	1	2	0	2	-58	75191	8	0	1596	1478	173,333,173,333
1526399023.680006940	110	40	48	1	2	0	2	-58	75192	8	0	1596	1478	173,333,173,333
1526399023.691746629	110	40	48	1	2	0	2	-58	75193	8	0	1596	1478	173,333,173,333
1526399023.703530588	110	40	48	1	2	0	2	-58	75194	8	0	1596	1478	173,333,173,333
1526399023.715286876	110	40	48	1	2	0	2	-58	75195	8	0	1596	1478	173,333,173,333
1526399023.726869757	110	40	48	1	2	0	2	-58	75196	8	0	1596	1478	173,333,173,333
1526399023.738844355	110	40	48	1	2	0	2	-58	75197	8	0	1596	1478	173,333,173,333
1526399023.750605684	110	40	48	1	2	0	2	-58	75198	8	0	1596	1478	173,333,173,333
1526399023.762294341	110	40	48	1	2	0	2	-58	75199	8	0	1596	1478	173,333,173,333
1526399023.774137507	110	40	48	1	2	0	2	-58	75200	8	0	1596	1478	173,333,173,333
1526399023.785900057	110	40	48	1	2	0	2	-58	75201	8	0	1596	1478	173,333,173,333
1526399023.797638157	110	40	48	1	2	0	2	-58	75202	8	0	1596	1478	173,333,173,333
1526399023.809406461	110	40	48	1	2	0	2	-58	75203	8	0	1596	1478	173,333,173,333
1526399023.821190817	110	40	48	1	2	0	2	-59	75204	8	0	1596	1478	173,333,173,333
1526399023.832872566	110	40	48	1	2	0	2	-59	75205	8	0	1596	1478	173,333,173,333
1526399023.844593046	110	40	48	1	2	0	2	-58	75206	8	0	1596	1478	173,333,173,333
1526399023.856425125	110	40	48	1	2	0	2	-59	75207	8	0	1596	1478	173,333,173,333
1526399023.868119103	110	40	48	1	2	0	2	-59	75208	8	0	1596	1478	173,333,173,333
1526399023.879966949	110	40	48	1	2	0	2	-59	75209	8	0	1596	1478	173,333,173,333
1526399023.891722898	110	40	48	1	2	0	2	-59	75210	8	0	1596	1478	173,333,173,333
1526399023.903488807	110	40	48	1	2	0	2	-59	75211	8	0	1596	1478	173,333,173,333
1526399023.915253773	110	40	48	1	2	0	2	-59	75212	8	0	1596	1478	173,333,173,333
1526399023.927009761	110	40	48	1	2	0	2	-59	75213	8	0	1596	1478	173,333,173,333
1526399023.938773095	110	40	48	1	2	0	2	-59	75214	8	0	1596	1478	173,333,173,333
1526399023.950927381	110	40	48	1	2	0	2	-59	75215	8	0	1596	1478	173,333,173,333
1526399023.962118573	110	40	48	1	2	0	2	-59	75216	8	0	1596	1478	173,333,173,333
1526399023.973909728	110	40	48	1	2	0	2	-59	75217	8	0	1596	1478	173,333,173,333
1526399023.985713691	110	40	48	1	2	0	2	-59	75218	8	0	1596	1478	173,333,173,333
1526399023.997376870	110	40	48	1	2	0	2	-59	75219	8	0	1596	1478	173,333,173,333
1526399024.009259111	110	40	48	1	2	0	2	-58	75220	8	0	1596	1478	173,333,173,333
1526399024.020956043	110	40	48	1	2	0	2	-58	75221	8	0	1596	1478	173,333,173,333
1526399024.032719255	110	40	48	1	2	0	2	-58	75222	8	0	1596	1478	173,333,173,333
1526399024.044521143	110	40	48	1	2	0	2	-58	75223	8	0	1596	1478	173,333,173,333
1526399024.056346040	110	40	48	1	2	0	2	-58	75224	8	0	1596	1478	173,333,173,333
1526399024.068085638	110	40	48	1	2	0	2	-58	75225	8	0	1596	1478	173,333,173,333
1526399024.079838287	110	40	48	1	2	0	2	-59	75226	8	0	1596	1478	173,333,173,333
1526399024.091629500	110	40	48	1	2	0	2	-59	75227	8	0	1596	1478	173,333,173,333
1526399024.103371207	110	40	48	1	2	0	2	-58	75228	8	0	1596	1478	173,333,173,333
1526399024.115121733	110	40	48	1	2	0	2	-58	75229	8	0	1596	1478	173,333,173,333
1526399024.126808998	110	40	48	1	2	0	2	-59	75230	8	0	1596	1478	173,333,173,333
1526399024.138545089	110	40	48	1	2	0	2	-58	75231	8	0	1596	1478	173,333,173,333
1526399024.150308730	110	40	48	1	2	0	2	-59	75232	8	0	1596	1478	173,333,173,333
1526399024.162033492	110	40	48	1	2	0	2	-58	75233	8	0	1596	1478	173,333,173,333
1526399024.173836927	110	40	48	1	2	0	2	-58	75234	8	0	1596	1478	173,333,173,333
1526399024.185681646	110	40	48	1	2	0	2	-58	75235	8	0	1596	1478	173,333,173,333
1526399024.197431530	110	40	48	1	2	0	2	-58	75236	8	0	1596	1478	173,333,173,333
1526399024.209952521	110	40	48	1	2	0	2	-58	75237	8	0	1596	1478	173,333,173,333
1526399024.220973862	110	40	48	1	2	0	2	-58	75238	8	0	1596	1478	173,333,173,333
1526399024.232706701	110	40	48	1	2	0	2	-58	75239	8	0	1596	1478	173,333,173,333
1526399024.244481754	110	40	48	1	2	0	2	-58	75240	8	0	1596	1478	173,333,173,333
1526399024.256236185	110	40	48	1	2	0	2	-58	75241	8	0	1596	1478	173,333,173,333
1526399024.267989544	110	40	48	1	2	0	2	-58	75242	8	0	1596	1478	173,333,173,333
1526399024.279671286	110	40	48	1	2	0	2	-58	75243	8	0	1596	1478	173,333,173,333
1526399024.291526728	110	40	48	1	2	0	2	-58	75244	8	0	1596	1478	173,333,173,333
1526399024.303307943	110	40	48	1	2	0	2	-58	75245	8	0	1596	1478	173,333,173,333
1526399024.315025378	110	40	48	1	2	0	2	-58	75246	8	0	1596	1478	173,333,173,333
1526399024.326791824	110	40	48	1	2	0	2	-58	75247	8	0	1596	1478	173,333,173,333
1526399024.338553634	110	40	48	1	2	0	2	-58	75248	8	0	1596	1478	173,333,173,333
1526399024.350302982	110	40	48	1	2	0	2	-58	75249	8	0	1596	1478	173,333,173,333
1526399024.362082505	110	40	48	1	2	0	2	-58	75250	8	0	1596	1478	173,333,173,333
1526399024.373748243	110	40	48	1	2	0	2	-58	75251	8	0	1596	1478	173,333,173,333
1526399024.385571396	110	40	48	1	2	0	2	-58	75252	8	0	1596	1478	173,333,173,333
1526399024.397367498	110	40	48	1	2	0	2	-58	75253	8	0	1596	1478	173,333,173,333
1526399024.409116848	110	40	48	1	2	0	2	-58	75254	8	0	1596	1478	173,333,173,333
1526399024.420886469	110	40	48	1	2	0	2	-58	75255	8	0	1596	1478	173,333,173,333
1526399024.432642539	110	40	48	1	2	0	2	-58	75256	8	0	1596	1478	173,333,173,333
1526399024.444392849	110	40	48	1	2	0	2	-58	75257	8	0	1596	1478	173,333,173,333
1526399024.456185072	110	40	48	1	2	0	2	-58	75258	8	0	1596	1478	173,333,173,333
1526399024.467863677	110	40	48	1	2	0	2	-58	75259	8	0	1596	1478	173,333,173,333
1526399024.479683851	110	40	48	1	2	0	2	-58	75260	8	0	1596	1478	173,333,173,333
1526399024.491428273	110	40	48	1	2	0	2	-58	75261	8	0	1596	1478	173,333,173,333
1526399024.503201319	110	40	48	1	2	0	2	-58	75262	8	0	1596	1478	173,333,173,333
1526399024.514957410	110	40	48	1	2	0	2	-58	75263	8	0	1596	1478	173,333,173,333
1526399024.526722639	110	40	48	1	2	0	2	-58	75264	8	0	1596	1478	173,333,173,333
1526399024.538477334	110	40	48	1	2	0	2	-58	75265	8	0	1596	1478	173,333,173,333
1526399024.550235817	110	40	48	1	2	0	2	-58	75266	8	0	1596	1478	173,333,173,333
1526399024.562002176	110	40	48	1	2	0	2	-58	75267	8	0	1596	1478	173,333,173,333
1526399024.573736547	110	40	48	1	2	0	2	-59	75268	8	0	1596	1478	173,333,173,333
1526399024.585513123	110	40	48	1	2	0	2	-58	75269	8	0	1596	1478	173,333,173,333
1526399024.597278102	110	40	48	1	2	0	2	-59	75270	8	0	1596	1478	173,333,173,333
1526399024.609041524	110	40	48	1	2	0	2	-59	75271	8	0	1596	1478	173,333,173,333
1526399024.620798194	110	40	48	1	2	0	2	-59	75272	8	0	1596	1478	173,333,173,333
1526399024.632466602	110	40	48	1	2	0	2	-59	75273	8	0	1596	1478	173,333,173,333
1526399024.644197271	110	40	48	1	2	0	2	-59	75274	8	0	1596	1478	173,333,173,333
1526399024.656074115	110	40	48	1	2	0	2	-58	75275	8	0	1596	1478	173,333,173,333
1526399024.667834055	110	40	48	1	2	0	2	-58	75276	8	0	1596	1478	173,333,173,333
1526399024.679618939	110	40	48	1	2	0	2	-58	75277	8	0	1596	1478	173,333,173,333
1526399024.691323902	110	40	48	1	2	0	2	-58	75278	8	0	1596	1478	173,333,173,333
1526399024.703130786	110	40	48	1	2	0	2	-58	75279	8	0	1596	1478	173,333,173,333
1526399024.714871540	110	40	48	1	2	0	2	-58	75280	8	0	1596	1478	173,333,173,333
1526399024.726630039	110	40	48	1	2	0	2	-58	75281	8	0	1596	1478	173,333,173,333
1526399024.738277105	110	40	48	1	2	0	2	-58	75282	8	0	1596	1478	173,333,173,333
1526399024.750082443	110	40	48	1	2	0	2	-58	75283	8	0	1596	1478	173,333,173,333
1526399024.761922764	110	40	48	1	2	0	2	-58	75284	8	0	1596	1478	173,333,173,333
1526399024.773674331	110	40	48	1	2	0	2	-58	75285	8	0	1596	1478	173,333,173,333
1526399024.785424211	110	40	48	1	2	0	2	-58	75286	8	0	1596	1478	173,333,173,333
1526399024.797207622	110	40	48	1	2	0	2	-58	75287	8	0	1596	1478	173,333,173,333
1526399024.808886341	110	40	48	1	2	0	2	-58	75288	8	0	1596	1478	173,333,173,333
1526399024.820734047	110	40	48	1	2	0	2	-58	75289	8	0	1596	1478	173,333,173,333
1526399024.832474422	110	40	48	1	2	0	2	-58	75290	8	0	1596	1478	173,333,173,333
1526399024.844162993	110	40	48	1	2	0	2	-58	75291	8	0	1596	1478	173,333,173,333
1526399024.855926279	110	40	48	1	2	0	2	-58	75292	8	0	1596	1478	173,333,173,333
1526399024.867753321	110	40	48	1	2	0	2	-58	75293	8	0	1596	1478	173,333,173,333
1526399024.879519909	110	40	48	1	2	0	2	-58	75294	8	0	1596	1478	173,333,173,333
1526399024.891233364	110	40	48	1	2	0	2	-58	75295	8	0	1596	1478	173,333,173,333
1526399024.903031747	110	40	48	1	2	0	2	-58	75296	8	0	1596	1478	173,333,173,333
1526399024.914811914	110	40	48	1	2	0	2	-58	75297	8	0	1596	1478	173,333,173,333
1526399024.926878093	110	40	48	1	2	0	2	-58	75298	8	0	1596	1478	173,333,173,333
1526399024.938319548	110	40	48	1	2	0	2	-58	75299	8	0	1596	1478	173,333,173,333
1526399024.950065830	110	40	48	1	2	0	2	-58	75300	8	0	1596	1478	173,333,173,333
1526399024.961636580	110	40	48	1	2	0	2	-58	75301	8	0	1596	1478	173,333,173,333
1526399024.973594121	110	40	48	1	2	0	2	-58	75302	8	0	1596	1478	173,333,173,333
1526399024.985366842	110	40	48	1	2	0	2	-58	75303	8	0	1596	1478	173,333,173,333
1526399024.997124063	110	40	48	1	2	0	2	-58	75304	8	0	1596	1478	173,333,173,333
1526399025.008781542	110	40	48	1	2	0	2	-58	75305	8	0	1596	1478	173,333,173,333
1526399025.020541536	110	40	48	1	2	0	2	-58	75306	8	0	1596	1478	173,333,173,333
1526399025.032289620	110	40	48	1	2	0	2	-58	75307	8	0	1596	1478	173,333,173,333
1526399025.044157832	110	40	48	1	2	0	2	-58	75308	8	0	1596	1478	173,333,173,333
1526399025.055937354	110	40	48	1	2	0	2	-58	75309	8	0	1596	1478	173,333,173,333
1526399025.067678350	110	40	48	1	2	0	2	-58	75310	8	0	1596	1478	173,333,173,333
1526399025.079430404	110	40	48	1	2	0	2	-58	75311	8	0	1596	1478	173,333,173,333
1526399025.091200240	110	40	48	1	2	0	2	-58	75312	8	0	1596	1478	173,333,173,333
1526399025.102956854	110	40	48	1	2	0	2	-58	75313	8	0	1596	1478	173,333,173,333
1526399025.114658906	110	40	48	1	2	0	2	-58	75314	8	0	1596	1478	173,333,173,333
1526399025.126489861	110	40	48	1	2	0	2	-58	75315	8	0	1596	1478	173,333,173,333
1526399025.138161850	110	40	48	1	2	0	2	-58	75316	8	0	1596	1478	173,333,173,333
1526399025.149919298	110	40	48	1	2	0	2	-58	75317	8	0	1596	1478	173,333,173,333
1526399025.161758067	110	40	48	1	2	0	2	-58	75318	8	0	1596	1478	173,333,173,333
1526399025.173520387	110	40	48	1	2	0	2	-58	75319	8	0	1596	1478	173,333,173,333
1526399025.185265750	110	40	48	1	2	0	2	-58	75320	8	0	1596	1478	173,333,173,333
1526399025.197034883	110	40	48	1	2	0	2	-58	75321	8	0	1596	1478	173,333,173,333
1526399025.208803967	110	40	48	1	2	0	2	-58	75322	8	0	1596	1478	173,333,173,333
1526399025.220554226	110	40	48	1	2	0	2	-58	75323	8	0	1596	1478	173,333,173,333
1526399025.232238196	110	40	48	1	2	0	2	-58	75324	8	0	1596	1478	173,333,173,333
1526399025.243925813	110	40	48	1	2	0	2	-58	75325	8	0	1596	1478	173,333,173,333
1526399025.255690967	110	40	48	1	2	0	2	-58	75326	8	0	1596	1478	173,333,173,333
1526399025.267632176	110	40	48	1	2	0	2	-58	75327	8	0	1596	1478	173,333,173,333
1526399025.279372775	110	40	48	1	2	0	2	-58	75328	8	0	1596	1478	173,333,173,333
1526399025.291128708	110	40	48	1	2	0	2	-58	75329	8	0	1596	1478	173,333,173,333
1526399025.302883150	110	40	48	1	2	0	2	-58	75330	8	0	1596	1478	173,333,173,333
1526399025.314641399	110	40	48	1	2	0	2	-58	75331	8	0	1596	1478	173,333,173,333
1526399025.326415600	110	40	48	1	2	0	2	-58	75332	8	0	1596	1478	173,333,173,333
1526399025.338158315	110	40	48	1	2	0	2	-58	75333	8	0	1596	1478	173,333,173,333
1526399025.349924865	110	40	48	1	2	0	2	-58	75334	8	0	1596	1478	173,333,173,333
1526399025.361666234	110	40	48	1	2	0	2	-58	75335	8	0	1596	1478	173,333,173,333
1526399025.373410875	110	40	48	1	2	0	2	-58	75336	8	0	1596	1478	173,333,173,333
1526399025.385202844	110	40	48	1	2	0	2	-58	75337	8	0	1596	1478	173,333,173,333
1526399025.396951783	110	40	48	1	2	0	2	-58	75338	8	0	1596	1478	173,333,173,333
1526399025.408727897	110	40	48	1	2	0	2	-59	75339	8	0	1596	1478	173,333,173,333
1526399025.420479645	110	40	48	1	2	0	2	-59	75340	8	0	1596	1478	173,333,173,333
1526399025.432258040	110	40	48	1	2	0	2	-59	75341	8	0	1596	1478	173,333,173,333
1526399025.444006887	110	40	48	1	2	0	2	-59	75342	8	0	1596	1478	173,333,173,333
1526399025.456522055	110	40	48	1	2	0	2	-59	75345	8	0	1596	1478	173,333,173,333
1526399025.467500267	110	40	48	1	2	0	2	-59	75346	8	0	1596	1478	173,333,173,333
1526399025.479276161	110	40	48	1	2	0	2	-59	75347	8	0	1596	1478	173,333,173,333
1526399025.491028025	110	40	48	1	2	0	2	-59	75348	8	0	1596	1478	173,333,173,333
1526399025.502805175	110	40	48	1	2	0	2	-58	75349	8	0	1596	1478	173,333,173,333
1526399025.514575581	110	40	48	1	2	0	2	-59	75350	8	0	1596	1478	173,333,173,333
1526399025.526325224	110	40	48	1	2	0	2	-58	75351	8	0	1596	1478	173,333,173,333
1526399025.538435357	110	40	48	1	2	0	2	-58	75353	8	0	1596	1478	173,333,173,333
1526399025.549847295	110	40	48	1	2	0	2	-59	75354	8	0	1596	1478	173,333,173,333
1526399025.561598020	110	40	48	1	2	0	2	-59	75355	8	0	1596	1478	173,333,173,333
1526399025.573768350	110	40	48	1	2	0	2	-59	75356	8	0	1596	1478	173,333,173,333
1526399025.585118142	110	40	48	1	2	0	2	-59	75357	8	0	1596	1478	173,333,173,333
1526399025.596873620	110	40	48	1	2	0	2	-58	75358	8	0	1596	1478	173,333,173,333
1526399025.608650019	110	40	48	1	2	0	2	-58	75359	8	0	1596	1478	173,333,173,333
1526399025.620808870	110	40	48	1	2	0	2	-58	75361	8	0	1596	1478	173,333,173,333
1526399025.632166783	110	40	48	1	2	0	2	-58	75362	8	0	1596	1478	173,333,173,333
