1526399070.485436274	96	40	48	0	2	0	2	-42	75475	5	1	1596	1478	216,216
1526399070.485482256	96	40	48	0	2	0	2	-42	75475	5	1	1596	1478	216,216
1526399070.485493941	96	40	48	0	2	0	2	-42	75475	5	1	1596	1478	216,216
1526399070.485501342	96	40	48	0	2	0	2	-42	75475	5	1	1596	1478	216,216
1526399070.485509287	96	40	48	0	2	0	2	-42	75475	5	1	1596	1478	216,216
1526399070.485516299	96	40	48	0	2	0	2	-42	75475	5	1	1596	1478	216,216
1526399070.485525631	96	40	48	0	2	0	2	-42	75475	5	1	1596	1478	216,216
1526399070.487851067	96	40	48	0	2	0	2	-42	75476	5	1	1596	1478	216,216
1526399070.499560026	96	40	48	0	2	0	2	-42	75477	5	1	1596	1478	216,216
1526399070.511548110	96	40	48	0	2	0	2	-42	75478	5	1	1596	1478	216,216
1526399070.523238231	90	40	48	0	2	0	2	-42	75479	6	1	1596	1478	243,243
1526399070.534900411	90	40	48	0	2	0	2	-42	75480	6	1	1596	1478	243,243
1526399070.546700131	90	40	48	0	2	0	2	-42	75481	6	1	1596	1478	243,243
1526399070.558590784	90	40	48	0	2	0	2	-42	75482	6	1	1596	1478	243,243
1526399070.570371794	90	40	48	0	2	0	2	-42	75483	6	1	1596	1478	243,243
1526399070.582172440	80	40	48	1	2	0	2	-42	75484	7	1	1596	1478	300,300
1526399070.593878150	80	40	48	1	2	0	2	-43	75485	7	1	1596	1478	300,300
1526399070.605644388	80	40	48	1	2	0	2	-42	75486	7	1	1596	1478	300,300
1526399070.617405723	80	40	48	1	2	0	2	-43	75487	7	1	1596	1478	300,300
1526399070.629093160	80	40	48	1	2	0	2	-42	75488	7	1	1596	1478	300,300
1526399070.640841969	74	40	48	1	2	0	2	-42	75489	8	1	1596	1478	360,360
1526399070.652667402	74	40	48	1	2	0	2	-42	75490	8	1	1596	1478	360,360
1526399070.664439326	74	40	48	1	2	0	2	-42	75491	8	1	1596	1478	360,360
1526399070.676209333	74	40	48	1	2	0	2	-43	75492	8	1	1596	1478	360,360
1526399070.687986898	74	40	48	1	2	0	2	-42	75493	8	1	1596	1478	360,360
1526399070.699723025	70	40	48	1	2	0	2	-43	75494	9	1	1596	1478	400,400
1526399070.711471038	70	40	48	1	2	0	2	-43	75495	9	1	1596	1478	400,400
1526399070.723253092	70	40	48	1	2	0	2	-43	75496	9	1	1596	1478	400,400
1526399070.734851660	70	40	48	1	2	0	2	-43	75497	9	1	1596	1478	400,400
1526399070.746758495	70	40	48	1	2	0	2	-43	75498	9	1	1596	1478	400,400
1526399070.758513375	70	40	48	1	2	0	2	-43	75499	9	1	1596	1478	400,400
1526399070.770258634	70	40	48	1	2	0	2	-43	75500	9	1	1596	1478	400,400
1526399070.782036350	70	40	48	1	2	0	2	-43	75501	9	1	1596	1478	400,400
1526399070.793823726	70	40	48	1	2	0	2	-43	75502	9	1	1596	1478	400,400
1526399070.805554830	70	40	48	1	2	0	2	-43	75503	9	1	1596	1478	400,400
1526399070.817332990	70	40	48	1	2	0	2	-43	75504	9	1	1596	1478	400,400
1526399070.829069741	70	40	48	1	2	0	2	-43	75505	9	1	1596	1478	400,400
1526399070.840836862	70	40	48	1	2	0	2	-43	75506	9	1	1596	1478	400,400
1526399070.852575026	70	40	48	1	2	0	2	-43	75507	9	1	1596	1478	400,400
1526399070.864349298	70	40	48	1	2	0	2	-43	75508	9	1	1596	1478	400,400
1526399070.876413798	70	40	48	1	2	0	2	-43	75509	9	1	1596	1478	400,400
1526399070.887821777	70	40	48	1	2	0	2	-43	75510	9	1	1596	1478	400,400
1526399070.899656188	70	40	48	1	2	0	2	-43	75511	9	1	1596	1478	400,400
1526399070.911400135	70	40	48	1	2	0	2	-43	75512	9	1	1596	1478	400,400
1526399070.923150756	70	40	48	1	2	0	2	-43	75513	9	1	1596	1478	400,400
1526399070.934918502	70	40	48	1	2	0	2	-42	75514	9	1	1596	1478	400,400
1526399070.946682646	70	40	48	1	2	0	2	-42	75515	9	1	1596	1478	400,400
1526399070.958463060	70	40	48	1	2	0	2	-42	75516	9	1	1596	1478	400,400
1526399070.970210424	70	40	48	1	2	0	2	-42	75517	9	1	1596	1478	400,400
1526399070.981948780	70	40	48	1	2	0	2	-42	75518	9	1	1596	1478	400,400
1526399070.993740592	70	40	48	1	2	0	2	-42	75519	9	1	1596	1478	400,400
1526399071.005410013	70	40	48	1	2	0	2	-42	75520	9	1	1596	1478	400,400
1526399071.017245233	70	40	48	1	2	0	2	-42	75521	9	1	1596	1478	400,400
1526399071.028928275	70	40	48	1	2	0	2	-42	75522	9	1	1596	1478	400,400
1526399071.040754870	70	40	48	1	2	0	2	-42	75523	9	1	1596	1478	400,400
1526399071.052530374	70	40	48	1	2	0	2	-42	75524	9	1	1596	1478	400,400
1526399071.064293538	70	40	48	1	2	0	2	-42	75525	9	1	1596	1478	400,400
1526399071.076058876	70	40	48	1	2	0	2	-43	75526	9	1	1596	1478	400,400
1526399071.087668489	70	40	48	1	2	0	2	-43	75527	9	1	1596	1478	400,400
1526399071.099430375	70	40	48	1	2	0	2	-43	75528	9	1	1596	1478	400,400
1526399071.111308809	70	40	48	1	2	0	2	-43	75529	9	1	1596	1478	400,400
1526399071.123087323	70	40	48	1	2	0	2	-43	75530	9	1	1596	1478	400,400
1526399071.134733015	70	40	48	1	2	0	2	-43	75531	9	1	1596	1478	400,400
1526399071.146585487	70	40	48	1	2	0	2	-43	75532	9	1	1596	1478	400,400
1526399071.158210968	70	40	48	1	2	0	2	-43	75533	9	1	1596	1478	400,400
1526399071.170115657	70	40	48	1	2	0	2	-43	75534	9	1	1596	1478	400,400
1526399071.181905308	70	40	48	1	2	0	2	-43	75535	9	1	1596	1478	400,400
1526399071.193646726	70	40	48	1	2	0	2	-44	75536	9	1	1596	1478	400,400
1526399071.205429378	70	40	48	1	2	0	2	-44	75537	9	1	1596	1478	400,400
1526399071.217175463	70	40	48	1	2	0	2	-44	75538	9	1	1596	1478	400,400
1526399071.228907699	70	40	48	1	2	0	2	-44	75539	9	1	1596	1478	400,400
1526399071.240681796	70	40	48	1	2	0	2	-44	75540	9	1	1596	1478	400,400
1526399071.252473751	70	40	48	1	2	0	2	-44	75541	9	1	1596	1478	400,400
1526399071.264197430	70	40	48	1	2	0	2	-44	75542	9	1	1596	1478	400,400
1526399071.275969529	70	40	48	1	2	0	2	-44	75543	9	1	1596	1478	400,400
1526399071.287728942	70	40	48	1	2	0	2	-44	75544	9	1	1596	1478	400,400
1526399071.300831359	70	40	48	1	2	0	2	-44	75545	9	1	1596	1478	400,400
1526399071.311213992	70	40	48	1	2	0	2	-44	75546	9	1	1596	1478	400,400
1526399071.322992626	70	40	48	1	2	0	2	-44	75547	9	1	1596	1478	400,400
1526399071.334759337	70	40	48	1	2	0	2	-44	75548	9	1	1596	1478	400,400
1526399071.346506857	70	40	48	1	2	0	2	-44	75549	9	1	1596	1478	400,400
1526399071.358282575	70	40	48	1	2	0	2	-44	75550	9	1	1596	1478	400,400
1526399071.370040150	70	40	48	1	2	0	2	-44	75551	9	1	1596	1478	400,400
1526399071.381783441	70	40	48	1	2	0	2	-44	75552	9	1	1596	1478	400,400
1526399071.393544248	70	40	48	1	2	0	2	-43	75553	9	1	1596	1478	400,400
1526399071.405349874	70	40	48	1	2	0	2	-43	75554	9	1	1596	1478	400,400
1526399071.417467867	70	40	48	1	2	0	2	-43	75555	9	1	1596	1478	400,400
1526399071.428840748	70	40	48	1	2	0	2	-43	75556	9	1	1596	1478	400,400
1526399071.440590116	70	40	48	1	2	0	2	-43	75557	9	1	1596	1478	400,400
1526399071.452362458	70	40	48	1	2	0	2	-42	75558	9	1	1596	1478	400,400
1526399071.464113198	70	40	48	1	2	0	2	-42	75559	9	1	1596	1478	400,400
1526399071.475867221	70	40	48	1	2	0	2	-43	75560	9	1	1596	1478	400,400
1526399071.487657111	70	40	48	1	2	0	2	-43	75561	9	1	1596	1478	400,400
1526399071.499317503	70	40	48	1	2	0	2	-43	75562	9	1	1596	1478	400,400
1526399071.511178355	70	40	48	1	2	0	2	-43	75563	9	1	1596	1478	400,400
1526399071.522798040	70	40	48	1	2	0	2	-43	75564	9	1	1596	1478	400,400
1526399071.534605616	70	40	48	1	2	0	2	-43	75565	9	1	1596	1478	400,400
1526399071.546438636	70	40	48	1	2	0	2	-43	75566	9	1	1596	1478	400,400
1526399071.558186235	70	40	48	1	2	0	2	-43	75567	9	1	1596	1478	400,400
1526399071.569950350	70	40	48	1	2	0	2	-43	75568	9	1	1596	1478	400,400
1526399071.581728778	70	40	48	1	2	0	2	-43	75569	9	1	1596	1478	400,400
1526399071.593342704	70	40	48	1	2	0	2	-43	75570	9	1	1596	1478	400,400
1526399071.605079173	70	40	48	1	2	0	2	-43	75571	9	1	1596	1478	400,400
1526399071.616820662	70	40	48	1	2	0	2	-43	75572	9	1	1596	1478	400,400
1526399071.628674387	70	40	48	1	2	0	2	-43	75573	9	1	1596	1478	400,400
1526399071.640420992	70	40	48	1	2	0	2	-43	75574	9	1	1596	1478	400,400
1526399071.652172608	70	40	48	1	2	0	2	-43	75575	9	1	1596	1478	400,400
1526399071.664027466	70	40	48	1	2	0	2	-43	75576	9	1	1596	1478	400,400
1526399071.675771593	70	40	48	1	2	0	2	-43	75577	9	1	1596	1478	400,400
1526399071.687553283	70	40	48	1	2	0	2	-43	75578	9	1	1596	1478	400,400
1526399071.699249903	70	40	48	1	2	0	2	-43	75579	9	1	1596	1478	400,400
1526399071.710961138	70	40	48	1	2	0	2	-43	75580	9	1	1596	1478	400,400
1526399071.722837563	70	40	48	1	2	0	2	-43	75581	9	1	1596	1478	400,400
1526399071.734614528	70	40	48	1	2	0	2	-43	75582	9	1	1596	1478	400,400
1526399071.746366674	70	40	48	1	2	0	2	-43	75583	9	1	1596	1478	400,400
1526399071.758104137	70	40	48	1	2	0	2	-43	75584	9	1	1596	1478	400,400
1526399071.769788988	70	40	48	1	2	0	2	-43	75585	9	1	1596	1478	400,400
1526399071.781658191	70	40	48	1	2	0	2	-43	75586	9	1	1596	1478	400,400
1526399071.793382230	70	40	48	1	2	0	2	-43	75587	9	1	1596	1478	400,400
1526399071.805166003	70	40	48	1	2	0	2	-43	75588	9	1	1596	1478	400,400
1526399071.816939132	70	40	48	1	2	0	2	-43	75589	9	1	1596	1478	400,400
1526399071.828665488	70	40	48	1	2	0	2	-43	75590	9	1	1596	1478	400,400
1526399071.840430358	70	40	48	1	2	0	2	-43	75591	9	1	1596	1478	400,400
1526399071.852192467	70	40	48	1	2	0	2	-43	75592	9	1	1596	1478	400,400
1526399071.863980065	70	40	48	1	2	0	2	-43	75593	9	1	1596	1478	400,400
1526399071.875727492	70	40	48	1	2	0	2	-43	75594	9	1	1596	1478	400,400
1526399071.887486087	70	40	48	1	2	0	2	-44	75595	9	1	1596	1478	400,400
1526399071.899234197	70	40	48	1	2	0	2	-43	75596	9	1	1596	1478	400,400
1526399071.910988894	70	40	48	1	2	0	2	-43	75597	9	1	1596	1478	400,400
1526399071.922700104	70	40	48	1	2	0	2	-43	75598	9	1	1596	1478	400,400
1526399071.934525813	70	40	48	1	2	0	2	-43	75599	9	1	1596	1478	400,400
1526399071.946300912	70	40	48	1	2	0	2	-44	75600	9	1	1596	1478	400,400
1526399071.958072261	70	40	48	1	2	0	2	-44	75601	9	1	1596	1478	400,400
1526399071.969783695	70	40	48	1	2	0	2	-44	75602	9	1	1596	1478	400,400
1526399071.981560447	70	40	48	1	2	0	2	-44	75603	9	1	1596	1478	400,400
1526399071.993317090	70	40	48	1	2	0	2	-44	75604	9	1	1596	1478	400,400
1526399072.005079738	70	40	48	1	2	0	2	-44	75605	9	1	1596	1478	400,400
1526399072.017181841	70	40	48	1	2	0	2	-44	75606	9	1	1596	1478	400,400
1526399072.028508023	70	40	48	1	2	0	2	-44	75607	9	1	1596	1478	400,400
1526399072.040348257	70	40	48	1	2	0	2	-44	75608	9	1	1596	1478	400,400
1526399072.052120868	70	40	48	1	2	0	2	-44	75609	9	1	1596	1478	400,400
1526399072.063859124	70	40	48	1	2	0	2	-44	75610	9	1	1596	1478	400,400
1526399072.075636009	70	40	48	1	2	0	2	-44	75611	9	1	1596	1478	400,400
1526399072.087400916	70	40	48	1	2	0	2	-44	75612	9	1	1596	1478	400,400
1526399072.099157748	70	40	48	1	2	0	2	-44	75613	9	1	1596	1478	400,400
1526399072.110829518	70	40	48	1	2	0	2	-44	75614	9	1	1596	1478	400,400
1526399072.122716123	70	40	48	1	2	0	2	-44	75615	9	1	1596	1478	400,400
1526399072.134677943	70	40	48	1	2	0	2	-44	75617	9	1	1596	1478	400,400
1526399072.146203854	70	40	48	1	2	0	2	-44	75618	9	1	1596	1478	400,400
1526399072.158115740	70	40	48	1	2	0	2	-44	75619	9	1	1596	1478	400,400
1526399072.169727109	70	40	48	1	2	0	2	-44	75620	9	1	1596	1478	400,400
1526399072.181487563	70	40	48	1	2	0	2	-44	75621	9	1	1596	1478	400,400
1526399072.193271008	70	40	48	1	2	0	2	-44	75622	9	1	1596	1478	400,400
1526399072.204931723	70	40	48	1	2	0	2	-44	75623	9	1	1596	1478	400,400
1526399072.216760834	70	40	48	1	2	0	2	-44	75624	9	1	1596	1478	400,400
1526399072.228465840	70	40	48	1	2	0	2	-44	75625	9	1	1596	1478	400,400
1526399072.240296010	70	40	48	1	2	0	2	-44	75626	9	1	1596	1478	400,400
1526399072.251948617	70	40	48	1	2	0	2	-44	75627	9	1	1596	1478	400,400
1526399072.263802135	70	40	48	1	2	0	2	-43	75628	9	1	1596	1478	400,400
1526399072.275554032	70	40	48	1	2	0	2	-43	75629	9	1	1596	1478	400,400
1526399072.287318535	70	40	48	1	2	0	2	-43	75630	9	1	1596	1478	400,400
1526399072.299062219	70	40	48	1	2	0	2	-43	75631	9	1	1596	1478	400,400
1526399072.310837132	70	40	48	1	2	0	2	-43	75632	9	1	1596	1478	400,400
1526399072.322850360	70	40	48	1	2	0	2	-43	75633	9	1	1596	1478	400,400
1526399072.334359986	70	40	48	1	2	0	2	-43	75634	9	1	1596	1478	400,400
1526399072.346117526	70	40	48	1	2	0	2	-43	75635	9	1	1596	1478	400,400
1526399072.357796197	70	40	48	1	2	0	2	-43	75636	9	1	1596	1478	400,400
1526399072.369628403	70	40	48	1	2	0	2	-43	75637	9	1	1596	1478	400,400
1526399072.381376197	70	40	48	1	2	0	2	-43	75638	9	1	1596	1478	400,400
1526399072.393167377	70	40	48	1	2	0	2	-43	75639	9	1	1596	1478	400,400
1526399072.404929713	70	40	48	1	2	0	2	-43	75640	9	1	1596	1478	400,400
1526399072.416670526	70	40	48	1	2	0	2	-43	75641	9	1	1596	1478	400,400
1526399072.428478607	70	40	48	1	2	0	2	-43	75642	9	1	1596	1478	400,400
1526399072.440201286	70	40	48	1	2	0	2	-43	75643	9	1	1596	1478	400,400
1526399072.451961672	70	40	48	1	2	0	2	-43	75644	9	1	1596	1478	400,400
1526399072.463636536	70	40	48	1	2	0	2	-43	75645	9	1	1596	1478	400,400
1526399072.475385586	70	40	48	1	2	0	2	-43	75646	9	1	1596	1478	400,400
1526399072.487127230	70	40	48	1	2	0	2	-43	75647	9	1	1596	1478	400,400
1526399072.498960144	70	40	48	1	2	0	2	-43	75648	9	1	1596	1478	400,400
1526399072.510706771	70	40	48	1	2	0	2	-43	75649	9	1	1596	1478	400,400
1526399072.522504386	70	40	48	1	2	0	2	-43	75650	9	1	1596	1478	400,400
1526399072.534173211	70	40	48	1	2	0	2	-43	75651	9	1	1596	1478	400,400
1526399072.546064689	70	40	48	1	2	0	2	-44	75652	9	1	1596	1478	400,400
1526399072.558053152	70	40	48	1	2	0	2	-43	75653	9	1	1596	1478	400,400
1526399072.569585269	70	40	48	1	2	0	2	-44	75654	9	1	1596	1478	400,400
1526399072.581267634	70	40	48	1	2	0	2	-43	75655	9	1	1596	1478	400,400
1526399072.593065255	70	40	48	1	2	0	2	-43	75656	9	1	1596	1478	400,400
1526399072.604846615	70	40	48	1	2	0	2	-43	75657	9	1	1596	1478	400,400
1526399072.616514593	70	40	48	1	2	0	2	-43	75658	9	1	1596	1478	400,400
1526399072.628254801	70	40	48	1	2	0	2	-43	75659	9	1	1596	1478	400,400
1526399072.640018392	70	40	48	1	2	0	2	-43	75660	9	1	1596	1478	400,400
1526399072.651859077	70	40	48	1	2	0	2	-43	75661	9	1	1596	1478	400,400
1526399072.663641383	70	40	48	1	2	0	2	-43	75662	9	1	1596	1478	400,400
1526399072.675233914	70	40	48	1	2	0	2	-43	75663	9	1	1596	1478	400,400
1526399072.687143238	70	40	48	1	2	0	2	-43	75664	9	1	1596	1478	400,400
1526399072.698928554	70	40	48	1	2	0	2	-43	75665	9	1	1596	1478	400,400
1526399072.710711355	70	40	48	1	2	0	2	-43	75666	9	1	1596	1478	400,400
1526399072.722446730	70	40	48	1	2	0	2	-43	75667	9	1	1596	1478	400,400
1526399072.734297994	70	40	48	1	2	0	2	-43	75668	9	1	1596	1478	400,400
1526399072.745949585	70	40	48	1	2	0	2	-43	75669	9	1	1596	1478	400,400
1526399072.757710288	70	40	48	1	2	0	2	-43	75670	9	1	1596	1478	400,400
1526399072.769467254	70	40	48	1	2	0	2	-43	75671	9	1	1596	1478	400,400
1526399072.781264183	70	40	48	1	2	0	2	-43	75672	9	1	1596	1478	400,400
1526399072.792997687	70	40	48	1	2	0	2	-43	75673	9	1	1596	1478	400,400
1526399072.804757554	70	40	48	1	2	0	2	-43	75674	9	1	1596	1478	400,400
1526399072.816507349	70	40	48	1	2	0	2	-43	75675	9	1	1596	1478	400,400
1526399072.828275563	70	40	48	1	2	0	2	-43	75676	9	1	1596	1478	400,400
1526399072.840070537	70	40	48	1	2	0	2	-43	75677	9	1	1596	1478	400,400
1526399072.851811583	70	40	48	1	2	0	2	-43	75678	9	1	1596	1478	400,400
1526399072.863543152	70	40	48	1	2	0	2	-43	75679	9	1	1596	1478	400,400
1526399072.875232180	70	40	48	1	2	0	2	-43	75680	9	1	1596	1478	400,400
1526399072.887086064	70	40	48	1	2	0	2	-43	75681	9	1	1596	1478	400,400
1526399072.898832163	70	40	48	1	2	0	2	-43	75682	9	1	1596	1478	400,400
1526399072.910596298	70	40	48	1	2	0	2	-42	75683	9	1	1596	1478	400,400
1526399072.922349412	70	40	48	1	2	0	2	-42	75684	9	1	1596	1478	400,400
1526399072.934137170	70	40	48	1	2	0	2	-42	75685	9	1	1596	1478	400,400
1526399072.945908592	70	40	48	1	2	0	2	-42	75686	9	1	1596	1478	400,400
1526399072.957635088	70	40	48	1	2	0	2	-42	75687	9	1	1596	1478	400,400
1526399072.969395638	70	40	48	1	2	0	2	-42	75688	9	1	1596	1478	400,400
1526399072.981156172	70	40	48	1	2	0	2	-42	75689	9	1	1596	1478	400,400
1526399072.992909887	70	40	48	1	2	0	2	-42	75690	9	1	1596	1478	400,400
1526399073.004680214	70	40	48	1	2	0	2	-42	75691	9	1	1596	1478	400,400
1526399073.016427857	70	40	48	1	2	0	2	-42	75692	9	1	1596	1478	400,400
1526399073.028037281	70	40	48	1	2	0	2	-42	75693	9	1	1596	1478	400,400
1526399073.039970398	70	40	48	1	2	0	2	-42	75694	9	1	1596	1478	400,400
1526399073.051711182	70	40	48	1	2	0	2	-42	75695	9	1	1596	1478	400,400
1526399073.063468023	70	40	48	1	2	0	2	-42	75696	9	1	1596	1478	400,400
1526399073.075257767	70	40	48	1	2	0	2	-42	75697	9	1	1596	1478	400,400
1526399073.087013542	70	40	48	1	2	0	2	-42	75698	9	1	1596	1478	400,400
1526399073.098765175	70	40	48	1	2	0	2	-42	75699	9	1	1596	1478	400,400
1526399073.110541025	70	40	48	1	2	0	2	-42	75700	9	1	1596	1478	400,400
1526399073.122272564	70	40	48	1	2	0	2	-42	75701	9	1	1596	1478	400,400
1526399073.133933659	70	40	48	1	2	0	2	-42	75702	9	1	1596	1478	400,400
1526399073.145738208	70	40	48	1	2	0	2	-42	75703	9	1	1596	1478	400,400
1526399073.157417617	70	40	48	1	2	0	2	-42	75704	9	1	1596	1478	400,400
1526399073.169314616	70	40	48	1	2	0	2	-42	75705	9	1	1596	1478	400,400
1526399073.181065029	70	40	48	1	2	0	2	-42	75706	9	1	1596	1478	400,400
1526399073.192826437	70	40	48	1	2	0	2	-43	75707	9	1	1596	1478	400,400
1526399073.204619253	70	40	48	1	2	0	2	-43	75708	9	1	1596	1478	400,400
1526399073.216368210	70	40	48	1	2	0	2	-43	75709	9	1	1596	1478	400,400
1526399073.228055829	70	40	48	1	2	0	2	-43	75710	9	1	1596	1478	400,400
1526399073.239823303	70	40	48	1	2	0	2	-43	75711	9	1	1596	1478	400,400
1526399073.251649517	70	40	48	1	2	0	2	-43	75712	9	1	1596	1478	400,400
1526399073.263324075	70	40	48	1	2	0	2	-43	75713	9	1	1596	1478	400,400
1526399073.275059254	70	40	48	1	2	0	2	-42	75714	9	1	1596	1478	400,400
1526399073.286814007	70	40	48	1	2	0	2	-42	75715	9	1	1596	1478	400,400
1526399073.298641463	70	40	48	1	2	0	2	-42	75716	9	1	1596	1478	400,400
1526399073.310430003	70	40	48	1	2	0	2	-42	75717	9	1	1596	1478	400,400
1526399073.322185054	70	40	48	1	2	0	2	-42	75718	9	1	1596	1478	400,400
1526399073.333939366	70	40	48	1	2	0	2	-42	75719	9	1	1596	1478	400,400
1526399073.345733950	70	40	48	1	2	0	2	-43	75720	9	1	1596	1478	400,400
1526399073.357404790	70	40	48	1	2	0	2	-42	75721	9	1	1596	1478	400,400
1526399073.369226943	70	40	48	1	2	0	2	-42	75722	9	1	1596	1478	400,400
1526399073.381014838	70	40	48	1	2	0	2	-42	75723	9	1	1596	1478	400,400
1526399073.392747316	70	40	48	1	2	0	2	-42	75724	9	1	1596	1478	400,400
1526399073.404515801	70	40	48	1	2	0	2	-42	75725	9	1	1596	1478	400,400
1526399073.416287729	70	40	48	1	2	0	2	-42	75726	9	1	1596	1478	400,400
1526399073.427983945	70	40	48	1	2	0	2	-42	75727	9	1	1596	1478	400,400
1526399073.439709925	70	40	48	1	2	0	2	-43	75728	9	1	1596	1478	400,400
1526399073.451493954	70	40	48	1	2	0	2	-43	75729	9	1	1596	1478	400,400
1526399073.463196228	70	40	48	1	2	0	2	-43	75730	9	1	1596	1478	400,400
1526399073.474981067	70	40	48	1	2	0	2	-43	75731	9	1	1596	1478	400,400
1526399073.486728400	70	40	48	1	2	0	2	-43	75732	9	1	1596	1478	400,400
1526399073.498482299	70	40	48	1	2	0	2	-43	75733	9	1	1596	1478	400,400
1526399073.510305767	70	40	48	1	2	0	2	-43	75734	9	1	1596	1478	400,400
1526399073.521909529	70	40	48	1	2	0	2	-43	75735	9	1	1596	1478	400,400
1526399073.533677070	70	40	48	1	2	0	2	-43	75736	9	1	1596	1478	400,400
1526399073.545531971	70	40	48	1	2	0	2	-43	75737	9	1	1596	1478	400,400
1526399073.557235498	70	40	48	1	2	0	2	-43	75738	9	1	1596	1478	400,400
1526399073.569146670	70	40	48	1	2	0	2	-43	75739	9	1	1596	1478	400,400
1526399073.580852127	70	40	48	1	2	0	2	-43	75740	9	1	1596	1478	400,400
1526399073.592916249	70	40	48	1	2	0	2	-44	75741	9	1	1596	1478	400,400
1526399073.604327561	70	40	48	1	2	0	2	-43	75742	9	1	1596	1478	400,400
1526399073.616203231	70	40	48	1	2	0	2	-43	75743	9	1	1596	1478	400,400
1526399073.627842120	70	40	48	1	2	0	2	-43	75744	9	1	1596	1478	400,400
1526399073.639584220	70	40	48	1	2	0	2	-44	75745	9	1	1596	1478	400,400
1526399073.651357231	70	40	48	1	2	0	2	-43	75746	9	1	1596	1478	400,400
1526399073.663107968	70	40	48	1	2	0	2	-44	75747	9	1	1596	1478	400,400
1526399073.674973836	70	40	48	1	2	0	2	-43	75748	9	1	1596	1478	400,400
1526399073.686754743	70	40	48	1	2	0	2	-44	75749	9	1	1596	1478	400,400
1526399073.698507639	70	40	48	1	2	0	2	-44	75750	9	1	1596	1478	400,400
1526399073.710311049	70	40	48	1	2	0	2	-44	75751	9	1	1596	1478	400,400
1526399073.722050174	70	40	48	1	2	0	2	-44	75752	9	1	1596	1478	400,400
1526399073.733702462	70	40	48	1	2	0	2	-44	75753	9	1	1596	1478	400,400
1526399073.745468111	70	40	48	1	2	0	2	-44	75754	9	1	1596	1478	400,400
1526399073.757764174	70	40	48	1	2	0	2	-44	75755	9	1	1596	1478	400,400
1526399073.769073906	70	40	48	1	2	0	2	-44	75756	9	1	1596	1478	400,400
1526399073.780831365	70	40	48	1	2	0	2	-44	75757	9	1	1596	1478	400,400
1526399073.792614915	70	40	48	1	2	0	2	-44	75758	9	1	1596	1478	400,400
1526399073.804351075	70	40	48	1	2	0	2	-43	75759	9	1	1596	1478	400,400
1526399073.816068666	70	40	48	1	2	0	2	-43	75760	9	1	1596	1478	400,400
1526399073.827901124	70	40	48	1	2	0	2	-43	75761	9	1	1596	1478	400,400
1526399073.839648731	70	40	48	1	2	0	2	-43	75762	9	1	1596	1478	400,400
1526399073.851257082	70	40	48	1	2	0	2	-44	75763	9	1	1596	1478	400,400
1526399073.863187166	70	40	48	1	2	0	2	-44	75764	9	1	1596	1478	400,400
1526399073.874911674	70	40	48	1	2	0	2	-44	75765	9	1	1596	1478	400,400
1526399073.886681393	70	40	48	1	2	0	2	-44	75766	9	1	1596	1478	400,400
1526399073.898443818	70	40	48	1	2	0	2	-44	75767	9	1	1596	1478	400,400
1526399073.910200625	70	40	48	1	2	0	2	-44	75768	9	1	1596	1478	400,400
1526399073.921972631	70	40	48	1	2	0	2	-44	75769	9	1	1596	1478	400,400
1526399073.933723599	70	40	48	1	2	0	2	-44	75770	9	1	1596	1478	400,400
1526399073.945480871	70	40	48	1	2	0	2	-43	75771	9	1	1596	1478	400,400
1526399073.957237468	70	40	48	1	2	0	2	-43	75772	9	1	1596	1478	400,400
1526399073.968951362	70	40	48	1	2	0	2	-43	75773	9	1	1596	1478	400,400
1526399073.980771580	70	40	48	1	2	0	2	-43	75774	9	1	1596	1478	400,400
1526399073.992527662	70	40	48	1	2	0	2	-43	75775	9	1	1596	1478	400,400
1526399074.004272574	70	40	48	1	2	0	2	-43	75776	9	1	1596	1478	400,400
1526399074.016070852	70	40	48	1	2	0	2	-43	75777	9	1	1596	1478	400,400
1526399074.027709399	70	40	48	1	2	0	2	-43	75778	9	1	1596	1478	400,400
1526399074.039566934	70	40	48	1	2	0	2	-43	75779	9	1	1596	1478	400,400
1526399074.051341289	70	40	48	1	2	0	2	-43	75780	9	1	1596	1478	400,400
1526399074.063466449	70	40	48	1	2	0	2	-43	75781	9	1	1596	1478	400,400
1526399074.074712162	70	40	48	1	2	0	2	-43	75782	9	1	1596	1478	400,400
1526399074.086593984	70	40	48	1	2	0	2	-43	75783	9	1	1596	1478	400,400
1526399074.098358856	70	40	48	1	2	0	2	-43	75784	9	1	1596	1478	400,400
1526399074.110107460	70	40	48	1	2	0	2	-43	75785	9	1	1596	1478	400,400
1526399074.121808307	70	40	48	1	2	0	2	-44	75786	9	1	1596	1478	400,400
1526399074.133628602	70	40	48	1	2	0	2	-43	75787	9	1	1596	1478	400,400
1526399074.145399566	70	40	48	1	2	0	2	-43	75788	9	1	1596	1478	400,400
1526399074.157074982	70	40	48	1	2	0	2	-43	75789	9	1	1596	1478	400,400
1526399074.169179700	70	40	48	1	2	0	2	-44	75790	9	1	1596	1478	400,400
1526399074.180679267	70	40	48	1	2	0	2	-43	75791	9	1	1596	1478	400,400
1526399074.192432067	70	40	48	1	2	0	2	-44	75792	9	1	1596	1478	400,400
1526399074.204187455	70	40	48	1	2	0	2	-43	75793	9	1	1596	1478	400,400
1526399074.215966978	70	40	48	1	2	0	2	-43	75794	9	1	1596	1478	400,400
1526399074.227723678	70	40	48	1	2	0	2	-43	75795	9	1	1596	1478	400,400
1526399074.239256713	70	40	48	1	2	0	2	-43	75796	9	1	1596	1478	400,400
1526399074.251148970	70	40	48	1	2	0	2	-43	75797	9	1	1596	1478	400,400
1526399074.262968503	70	40	48	1	2	0	2	-43	75798	9	1	1596	1478	400,400
1526399074.274712332	70	40	48	1	2	0	2	-43	75799	9	1	1596	1478	400,400
1526399074.286512296	70	40	48	1	2	0	2	-43	75800	9	1	1596	1478	400,400
1526399074.298275132	70	40	48	1	2	0	2	-43	75801	9	1	1596	1478	400,400
1526399074.310044228	70	40	48	1	2	0	2	-43	75802	9	1	1596	1478	400,400
1526399074.321788466	70	40	48	1	2	0	2	-43	75803	9	1	1596	1478	400,400
1526399074.333548173	70	40	48	1	2	0	2	-43	75804	9	1	1596	1478	400,400
1526399074.345316547	70	40	48	1	2	0	2	-44	75805	9	1	1596	1478	400,400
1526399074.357078801	70	40	48	1	2	0	2	-43	75806	9	1	1596	1478	400,400
1526399074.369160663	70	40	48	1	2	0	2	-43	75807	9	1	1596	1478	400,400
1526399074.380591482	70	40	48	1	2	0	2	-43	75808	9	1	1596	1478	400,400
1526399074.392355747	70	40	48	1	2	0	2	-43	75809	9	1	1596	1478	400,400
1526399074.404117345	70	40	48	1	2	0	2	-43	75810	9	1	1596	1478	400,400
1526399074.415801918	70	40	48	1	2	0	2	-43	75811	9	1	1596	1478	400,400
1526399074.427565102	70	40	48	1	2	0	2	-43	75812	9	1	1596	1478	400,400
1526399074.439286768	70	40	48	1	2	0	2	-43	75813	9	1	1596	1478	400,400
1526399074.451035322	70	40	48	1	2	0	2	-43	75814	9	1	1596	1478	400,400
1526399074.462803205	70	40	48	1	2	0	2	-43	75815	9	1	1596	1478	400,400
1526399074.474821205	70	40	48	1	2	0	2	-43	75816	9	1	1596	1478	400,400
1526399074.486381617	70	40	48	1	2	0	2	-44	75817	9	1	1596	1478	400,400
1526399074.498172681	70	40	48	1	2	0	2	-43	75818	9	1	1596	1478	400,400
1526399074.509955975	70	40	48	1	2	0	2	-43	75819	9	1	1596	1478	400,400
1526399074.521723095	70	40	48	1	2	0	2	-43	75820	9	1	1596	1478	400,400
1526399074.533370318	70	40	48	1	2	0	2	-43	75821	9	1	1596	1478	400,400
1526399074.545246865	70	40	48	1	2	0	2	-43	75822	9	1	1596	1478	400,400
1526399074.557332669	70	40	48	1	2	0	2	-43	75823	9	1	1596	1478	400,400
1526399074.568751614	70	40	48	1	2	0	2	-43	75824	9	1	1596	1478	400,400
1526399074.580549027	70	40	48	1	2	0	2	-43	75825	9	1	1596	1478	400,400
1526399074.592294646	70	40	48	1	2	0	2	-43	75826	9	1	1596	1478	400,400
1526399074.603990486	70	40	48	1	2	0	2	-43	75827	9	1	1596	1478	400,400
1526399074.615646321	70	40	48	1	2	0	2	-43	75828	9	1	1596	1478	400,400
1526399074.627407788	70	40	48	1	2	0	2	-43	75829	9	1	1596	1478	400,400
1526399074.638956015	70	40	48	1	2	0	2	-43	75830	9	1	1596	1478	400,400
1526399074.650950250	70	40	48	1	2	0	2	-43	75831	9	1	1596	1478	400,400
1526399074.662708921	70	40	48	1	2	0	2	-43	75832	9	1	1596	1478	400,400
1526399074.674401655	70	40	48	1	2	0	2	-43	75833	9	1	1596	1478	400,400
1526399074.686262688	70	40	48	1	2	0	2	-43	75834	9	1	1596	1478	400,400
1526399074.698101815	70	40	48	1	2	0	2	-43	75835	9	1	1596	1478	400,400
1526399074.709869739	70	40	48	1	2	0	2	-43	75836	9	1	1596	1478	400,400
1526399074.721642601	70	40	48	1	2	0	2	-43	75837	9	1	1596	1478	400,400
1526399074.733254109	70	40	48	1	2	0	2	-43	75838	9	1	1596	1478	400,400
1526399074.745027798	70	40	48	1	2	0	2	-43	75839	9	1	1596	1478	400,400
1526399074.756854772	70	40	48	1	2	0	2	-43	75840	9	1	1596	1478	400,400
1526399074.768672623	70	40	48	1	2	0	2	-43	75841	9	1	1596	1478	400,400
1526399074.780743686	70	40	48	1	2	0	2	-43	75842	9	1	1596	1478	400,400
1526399074.792226252	70	40	48	1	2	0	2	-43	75843	9	1	1596	1478	400,400
1526399074.803904706	70	40	48	1	2	0	2	-43	75844	9	1	1596	1478	400,400
1526399074.815713057	70	40	48	1	2	0	2	-43	75845	9	1	1596	1478	400,400
1526399074.827487929	70	40	48	1	2	0	2	-43	75846	9	1	1596	1478	400,400
1526399074.839234999	70	40	48	1	2	0	2	-43	75847	9	1	1596	1478	400,400
1526399074.850991752	70	40	48	1	2	0	2	-43	75848	9	1	1596	1478	400,400
1526399074.862758288	70	40	48	1	2	0	2	-43	75849	9	1	1596	1478	400,400
1526399074.874509626	70	40	48	1	2	0	2	-43	75850	9	1	1596	1478	400,400
1526399074.886310150	70	40	48	1	2	0	2	-43	75851	9	1	1596	1478	400,400
1526399074.898058660	70	40	48	1	2	0	2	-43	75852	9	1	1596	1478	400,400
1526399074.909805905	70	40	48	1	2	0	2	-43	75853	9	1	1596	1478	400,400
1526399074.921574540	70	40	48	1	2	0	2	-43	75854	9	1	1596	1478	400,400
1526399074.933329901	70	40	48	1	2	0	2	-43	75855	9	1	1596	1478	400,400
1526399074.945078724	70	40	48	1	2	0	2	-43	75856	9	1	1596	1478	400,400
1526399074.956814192	70	40	48	1	2	0	2	-43	75857	9	1	1596	1478	400,400
1526399074.968600863	70	40	48	1	2	0	2	-43	75858	9	1	1596	1478	400,400
1526399074.980357373	70	40	48	1	2	0	2	-43	75859	9	1	1596	1478	400,400
1526399074.992145295	70	40	48	1	2	0	2	-43	75860	9	1	1596	1478	400,400
1526399075.003877046	70	40	48	1	2	0	2	-43	75861	9	1	1596	1478	400,400
1526399075.015639840	70	40	48	1	2	0	2	-43	75862	9	1	1596	1478	400,400
1526399075.027394699	70	40	48	1	2	0	2	-43	75863	9	1	1596	1478	400,400
1526399075.039169450	70	40	48	1	2	0	2	-43	75864	9	1	1596	1478	400,400
1526399075.050926392	70	40	48	1	2	0	2	-43	75865	9	1	1596	1478	400,400
1526399075.062683897	70	40	48	1	2	0	2	-43	75866	9	1	1596	1478	400,400
1526399075.074708149	70	40	48	1	2	0	2	-43	75867	9	1	1596	1478	400,400
1526399075.086335175	70	40	48	1	2	0	2	-43	75868	9	1	1596	1478	400,400
1526399075.098013779	70	40	48	1	2	0	2	-43	75869	9	1	1596	1478	400,400
1526399075.109713867	70	40	48	1	2	0	2	-43	75870	9	1	1596	1478	400,400
1526399075.121527154	70	40	48	1	2	0	2	-43	75871	9	1	1596	1478	400,400
1526399075.133310541	70	40	48	1	2	0	2	-43	75872	9	1	1596	1478	400,400
1526399075.145051450	70	40	48	1	2	0	2	-43	75873	9	1	1596	1478	400,400
1526399075.156798878	70	40	48	1	2	0	2	-43	75874	9	1	1596	1478	400,400
1526399075.168553895	70	40	48	1	2	0	2	-43	75875	9	1	1596	1478	400,400
1526399075.180201024	70	40	48	1	2	0	2	-43	75876	9	1	1596	1478	400,400
1526399075.191944682	70	40	48	1	2	0	2	-43	75877	9	1	1596	1478	400,400
1526399075.203781848	70	40	48	1	2	0	2	-43	75878	9	1	1596	1478	400,400
1526399075.215540915	70	40	48	1	2	0	2	-43	75879	9	1	1596	1478	400,400
1526399075.227369368	70	40	48	1	2	0	2	-43	75880	9	1	1596	1478	400,400
1526399075.238990928	70	40	48	1	2	0	2	-43	75881	9	1	1596	1478	400,400
1526399075.251097395	70	40	48	1	2	0	2	-43	75882	9	1	1596	1478	400,400
1526399075.262590561	70	40	48	1	2	0	2	-43	75883	9	1	1596	1478	400,400
1526399075.274408386	70	40	48	1	2	0	2	-43	75884	9	1	1596	1478	400,400
1526399075.286142196	70	40	48	1	2	0	2	-43	75885	9	1	1596	1478	400,400
1526399075.298183038	70	40	48	1	2	0	2	-43	75886	9	1	1596	1478	400,400
1526399075.309436367	70	40	48	1	2	0	2	-43	75887	9	1	1596	1478	400,400
1526399075.321356216	70	40	48	1	2	0	2	-43	75888	9	1	1596	1478	400,400
1526399075.333074607	70	40	48	1	2	0	2	-43	75889	9	1	1596	1478	400,400
1526399075.344764606	70	40	48	1	2	0	2	-43	75890	9	1	1596	1478	400,400
1526399075.356619866	70	40	48	1	2	0	2	-43	75891	9	1	1596	1478	400,400
1526399075.368439911	70	40	48	1	2	0	2	-43	75892	9	1	1596	1478	400,400
1526399075.380198753	70	40	48	1	2	0	2	-43	75893	9	1	1596	1478	400,400
1526399075.391872450	70	40	48	1	2	0	2	-43	75894	9	1	1596	1478	400,400
1526399075.403657778	70	40	48	1	2	0	2	-43	75895	9	1	1596	1478	400,400
1526399075.415363413	70	40	48	1	2	0	2	-43	75896	9	1	1596	1478	400,400
1526399075.427122169	70	40	48	1	2	0	2	-43	75897	9	1	1596	1478	400,400
1526399075.438979024	70	40	48	1	2	0	2	-43	75898	9	1	1596	1478	400,400
1526399075.450748225	70	40	48	1	2	0	2	-43	75899	9	1	1596	1478	400,400
1526399075.462451007	70	40	48	1	2	0	2	-43	75900	9	1	1596	1478	400,400
1526399075.474266484	70	40	48	1	2	0	2	-43	75901	9	1	1596	1478	400,400
1526399075.486051416	70	40	48	1	2	0	2	-43	75902	9	1	1596	1478	400,400
1526399075.498904132	70	40	48	1	2	0	2	-43	75903	9	1	1596	1478	400,400
1526399075.509575382	70	40	48	1	2	0	2	-43	75904	9	1	1596	1478	400,400
1526399075.521341986	70	40	48	1	2	0	2	-43	75905	9	1	1596	1478	400,400
1526399075.533030393	70	40	48	1	2	0	2	-43	75907	9	1	1596	1478	400,400
1526399075.544736789	70	40	48	1	2	0	2	-43	75908	9	1	1596	1478	400,400
1526399075.556556450	70	40	48	1	2	0	2	-43	75909	9	1	1596	1478	400,400
1526399075.568361503	70	40	48	1	2	0	2	-43	75910	9	1	1596	1478	400,400
1526399075.580128011	70	40	48	1	2	0	2	-43	75911	9	1	1596	1478	400,400
1526399075.591737142	70	40	48	1	2	0	2	-43	75912	9	1	1596	1478	400,400
1526399075.603666393	70	40	48	1	2	0	2	-43	75913	9	1	1596	1478	400,400
1526399075.615408155	70	40	48	1	2	0	2	-43	75914	9	1	1596	1478	400,400
1526399075.627140670	70	40	48	1	2	0	2	-43	75915	9	1	1596	1478	400,400
1526399075.638889308	70	40	48	1	2	0	2	-43	75916	9	1	1596	1478	400,400
1526399075.650680323	70	40	48	1	2	0	2	-43	75917	9	1	1596	1478	400,400
1526399075.662452281	70	40	48	1	2	0	2	-43	75918	9	1	1596	1478	400,400
1526399075.674189771	70	40	48	1	2	0	2	-43	75919	9	1	1596	1478	400,400
1526399075.685887307	70	40	48	1	2	0	2	-43	75920	9	1	1596	1478	400,400
1526399075.697593966	70	40	48	1	2	0	2	-43	75921	9	1	1596	1478	400,400
1526399075.709378693	70	40	48	1	2	0	2	-43	75922	9	1	1596	1478	400,400
1526399075.721228136	70	40	48	1	2	0	2	-43	75923	9	1	1596	1478	400,400
1526399075.732869541	70	40	48	1	2	0	2	-43	75924	9	1	1596	1478	400,400
1526399075.744611770	70	40	48	1	2	0	2	-43	75925	9	1	1596	1478	400,400
1526399075.756463457	70	40	48	1	2	0	2	-43	75926	9	1	1596	1478	400,400
1526399075.768270820	70	40	48	1	2	0	2	-43	75927	9	1	1596	1478	400,400
1526399075.780025617	70	40	48	1	2	0	2	-43	75928	9	1	1596	1478	400,400
1526399075.791761257	70	40	48	1	2	0	2	-43	75929	9	1	1596	1478	400,400
1526399075.803583699	70	40	48	1	2	0	2	-43	75930	9	1	1596	1478	400,400
1526399075.815283705	70	40	48	1	2	0	2	-43	75931	9	1	1596	1478	400,400
1526399075.827111030	70	40	48	1	2	0	2	-43	75932	9	1	1596	1478	400,400
1526399075.838840207	70	40	48	1	2	0	2	-43	75933	9	1	1596	1478	400,400
1526399075.850599920	70	40	48	1	2	0	2	-43	75934	9	1	1596	1478	400,400
1526399075.862347803	70	40	48	1	2	0	2	-43	75935	9	1	1596	1478	400,400
1526399075.874108218	70	40	48	1	2	0	2	-43	75936	9	1	1596	1478	400,400
1526399075.885882136	70	40	48	1	2	0	2	-43	75937	9	1	1596	1478	400,400
1526399075.897653207	70	40	48	1	2	0	2	-43	75938	9	1	1596	1478	400,400
1526399075.909440432	70	40	48	1	2	0	2	-43	75939	9	1	1596	1478	400,400
1526399075.921155840	70	40	48	1	2	0	2	-43	75940	9	1	1596	1478	400,400
1526399075.932921873	70	40	48	1	2	0	2	-43	75941	9	1	1596	1478	400,400
1526399075.944678040	70	40	48	1	2	0	2	-43	75942	9	1	1596	1478	400,400
1526399075.956453550	70	40	48	1	2	0	2	-43	75943	9	1	1596	1478	400,400
1526399075.968198666	70	40	48	1	2	0	2	-43	75944	9	1	1596	1478	400,400
1526399075.979963297	70	40	48	1	2	0	2	-43	75945	9	1	1596	1478	400,400
1526399075.991728581	70	40	48	1	2	0	2	-43	75946	9	1	1596	1478	400,400
1526399076.003479628	70	40	48	1	2	0	2	-43	75947	9	1	1596	1478	400,400
1526399076.015266267	70	40	48	1	2	0	2	-43	75948	9	1	1596	1478	400,400
1526399076.027000015	70	40	48	1	2	0	2	-43	75949	9	1	1596	1478	400,400
1526399076.038782616	70	40	48	1	2	0	2	-43	75950	9	1	1596	1478	400,400
1526399076.050539138	70	40	48	1	2	0	2	-43	75951	9	1	1596	1478	400,400
1526399076.062288077	70	40	48	1	2	0	2	-43	75952	9	1	1596	1478	400,400
1526399076.074029214	70	40	48	1	2	0	2	-43	75953	9	1	1596	1478	400,400
1526399076.085843588	70	40	48	1	2	0	2	-43	75954	9	1	1596	1478	400,400
1526399076.097552447	70	40	48	1	2	0	2	-43	75955	9	1	1596	1478	400,400
1526399076.110269501	70	40	48	1	2	0	2	-43	75956	9	1	1596	1478	400,400
1526399076.121106706	70	40	48	1	2	0	2	-43	75957	9	1	1596	1478	400,400
1526399076.132838997	70	40	48	1	2	0	2	-43	75958	9	1	1596	1478	400,400
1526399076.144518259	70	40	48	1	2	0	2	-43	75959	9	1	1596	1478	400,400
1526399076.156359993	70	40	48	1	2	0	2	-43	75960	9	1	1596	1478	400,400
1526399076.168118445	70	40	48	1	2	0	2	-43	75961	9	1	1596	1478	400,400
1526399076.179882123	70	40	48	1	2	0	2	-43	75962	9	1	1596	1478	400,400
1526399076.191650698	70	40	48	1	2	0	2	-43	75963	9	1	1596	1478	400,400
1526399076.203261661	70	40	48	1	2	0	2	-43	75964	9	1	1596	1478	400,400
1526399076.215511430	70	40	48	1	2	0	2	-43	75965	9	1	1596	1478	400,400
1526399076.226917904	70	40	48	1	2	0	2	-43	75966	9	1	1596	1478	400,400
1526399076.238591426	70	40	48	1	2	0	2	-43	75967	9	1	1596	1478	400,400
1526399076.250425385	70	40	48	1	2	0	2	-43	75968	9	1	1596	1478	400,400
1526399076.262190912	70	40	48	1	2	0	2	-43	75969	9	1	1596	1478	400,400
1526399076.273947978	70	40	48	1	2	0	2	-43	75970	9	1	1596	1478	400,400
1526399076.285702735	70	40	48	1	2	0	2	-43	75971	9	1	1596	1478	400,400
1526399076.297482207	70	40	48	1	2	0	2	-43	75972	9	1	1596	1478	400,400
1526399076.309225042	70	40	48	1	2	0	2	-43	75973	9	1	1596	1478	400,400
1526399076.320892542	70	40	48	1	2	0	2	-43	75974	9	1	1596	1478	400,400
1526399076.332746747	70	40	48	1	2	0	2	-43	75975	9	1	1596	1478	400,400
1526399076.344529907	70	40	48	1	2	0	2	-43	75976	9	1	1596	1478	400,400
1526399076.356307891	70	40	48	1	2	0	2	-43	75977	9	1	1596	1478	400,400
1526399076.367965674	70	40	48	1	2	0	2	-43	75978	9	1	1596	1478	400,400
1526399076.379707523	70	40	48	1	2	0	2	-43	75979	9	1	1596	1478	400,400
1526399076.391445418	70	40	48	1	2	0	2	-43	75980	9	1	1596	1478	400,400
1526399076.403197215	70	40	48	1	2	0	2	-43	75981	9	1	1596	1478	400,400
1526399076.414958520	70	40	48	1	2	0	2	-43	75982	9	1	1596	1478	400,400
1526399076.426835855	70	40	48	1	2	0	2	-43	75983	9	1	1596	1478	400,400
1526399076.438581756	70	40	48	1	2	0	2	-43	75984	9	1	1596	1478	400,400
1526399076.450353868	70	40	48	1	2	0	2	-43	75985	9	1	1596	1478	400,400
1526399076.462119784	70	40	48	1	2	0	2	-43	75986	9	1	1596	1478	400,400
1526399076.473883014	70	40	48	1	2	0	2	-43	75987	9	1	1596	1478	400,400
1526399076.485637439	70	40	48	1	2	0	2	-43	75988	9	1	1596	1478	400,400
1526399076.497407540	70	40	48	1	2	0	2	-43	75989	9	1	1596	1478	400,400
1526399076.509160865	70	40	48	1	2	0	2	-43	75990	9	1	1596	1478	400,400
1526399076.520911519	70	40	48	1	2	0	2	-43	75991	9	1	1596	1478	400,400
1526399076.532571623	70	40	48	1	2	0	2	-43	75992	9	1	1596	1478	400,400
1526399076.544424531	70	40	48	1	2	0	2	-43	75993	9	1	1596	1478	400,400
1526399076.556229033	70	40	48	1	2	0	2	-43	75994	9	1	1596	1478	400,400
1526399076.567811155	70	40	48	1	2	0	2	-43	75995	9	1	1596	1478	400,400
1526399076.579747068	70	40	48	1	2	0	2	-43	75996	9	1	1596	1478	400,400
1526399076.591478985	70	40	48	1	2	0	2	-43	75997	9	1	1596	1478	400,400
1526399076.603226817	70	40	48	1	2	0	2	-43	75998	9	1	1596	1478	400,400
1526399076.614885536	70	40	48	1	2	0	2	-43	75999	9	1	1596	1478	400,400
1526399076.626768211	70	40	48	1	2	0	2	-43	76000	9	1	1596	1478	400,400
1526399076.638515828	70	40	48	1	2	0	2	-43	76001	9	1	1596	1478	400,400
1526399076.650207540	70	40	48	1	2	0	2	-43	76002	9	1	1596	1478	400,400
1526399076.662047065	70	40	48	1	2	0	2	-43	76003	9	1	1596	1478	400,400
1526399076.673817040	70	40	48	1	2	0	2	-43	76004	9	1	1596	1478	400,400
1526399076.685553150	70	40	48	1	2	0	2	-43	76005	9	1	1596	1478	400,400
1526399076.697328138	70	40	48	1	2	0	2	-43	76006	9	1	1596	1478	400,400
1526399076.709101237	70	40	48	1	2	0	2	-43	76007	9	1	1596	1478	400,400
1526399076.720587535	70	40	48	1	2	0	2	-43	76008	9	1	1596	1478	400,400
1526399076.732477590	70	40	48	1	2	0	2	-43	76009	9	1	1596	1478	400,400
1526399076.744234970	70	40	48	1	2	0	2	-43	76010	9	1	1596	1478	400,400
1526399076.755978467	70	40	48	1	2	0	2	-43	76011	9	1	1596	1478	400,400
1526399076.767875987	70	40	48	1	2	0	2	-43	76012	9	1	1596	1478	400,400
1526399076.779541220	70	40	48	1	2	0	2	-43	76013	9	1	1596	1478	400,400
1526399076.791389083	70	40	48	1	2	0	2	-43	76014	9	1	1596	1478	400,400
1526399076.803162343	70	40	48	1	2	0	2	-43	76015	9	1	1596	1478	400,400
1526399076.814913380	70	40	48	1	2	0	2	-43	76016	9	1	1596	1478	400,400
1526399076.826676711	70	40	48	1	2	0	2	-43	76017	9	1	1596	1478	400,400
1526399076.838428157	70	40	48	1	2	0	2	-43	76018	9	1	1596	1478	400,400
1526399076.850198668	70	40	48	1	2	0	2	-42	76019	9	1	1596	1478	400,400
1526399076.861945981	70	40	48	1	2	0	2	-43	76020	9	1	1596	1478	400,400
1526399076.873721920	70	40	48	1	2	0	2	-42	76021	9	1	1596	1478	400,400
1526399076.885483097	70	40	48	1	2	0	2	-42	76022	9	1	1596	1478	400,400
1526399076.897233681	70	40	48	1	2	0	2	-42	76023	9	1	1596	1478	400,400
1526399076.908979307	70	40	48	1	2	0	2	-42	76024	9	1	1596	1478	400,400
1526399076.920770181	70	40	48	1	2	0	2	-42	76025	9	1	1596	1478	400,400
1526399076.932763341	70	40	48	1	2	0	2	-42	76026	9	1	1596	1478	400,400
1526399076.944282049	70	40	48	1	2	0	2	-42	76027	9	1	1596	1478	400,400
1526399076.956052463	70	40	48	1	2	0	2	-42	76028	9	1	1596	1478	400,400
1526399076.967807136	70	40	48	1	2	0	2	-42	76029	9	1	1596	1478	400,400
1526399076.979534893	70	40	48	1	2	0	2	-42	76030	9	1	1596	1478	400,400
1526399076.991315370	70	40	48	1	2	0	2	-42	76031	9	1	1596	1478	400,400
1526399077.003092020	70	40	48	1	2	0	2	-42	76032	9	1	1596	1478	400,400
1526399077.014767130	70	40	48	1	2	0	2	-42	76033	9	1	1596	1478	400,400
1526399077.026620502	70	40	48	1	2	0	2	-42	76034	9	1	1596	1478	400,400
1526399077.038382922	70	40	48	1	2	0	2	-42	76035	9	1	1596	1478	400,400
1526399077.050121171	70	40	48	1	2	0	2	-42	76036	9	1	1596	1478	400,400
1526399077.061892271	70	40	48	1	2	0	2	-42	76037	9	1	1596	1478	400,400
1526399077.073554796	70	40	48	1	2	0	2	-42	76038	9	1	1596	1478	400,400
1526399077.085397404	70	40	48	1	2	0	2	-42	76039	9	1	1596	1478	400,400
1526399077.097160308	70	40	48	1	2	0	2	-42	76040	9	1	1596	1478	400,400
1526399077.108907464	70	40	48	1	2	0	2	-42	76041	9	1	1596	1478	400,400
1526399077.120685362	70	40	48	1	2	0	2	-43	76042	9	1	1596	1478	400,400
1526399077.132460986	70	40	48	1	2	0	2	-42	76043	9	1	1596	1478	400,400
1526399077.144222113	70	40	48	1	2	0	2	-42	76044	9	1	1596	1478	400,400
1526399077.155974376	70	40	48	1	2	0	2	-42	76045	9	1	1596	1478	400,400
1526399077.167724882	70	40	48	1	2	0	2	-43	76046	9	1	1596	1478	400,400
1526399077.179487117	70	40	48	1	2	0	2	-42	76047	9	1	1596	1478	400,400
1526399077.191233841	70	40	48	1	2	0	2	-42	76048	9	1	1596	1478	400,400
1526399077.202983704	70	40	48	1	2	0	2	-42	76049	9	1	1596	1478	400,400
1526399077.214752715	70	40	48	1	2	0	2	-42	76050	9	1	1596	1478	400,400
1526399077.226386192	70	40	48	1	2	0	2	-43	76051	9	1	1596	1478	400,400
1526399077.238214932	70	40	48	1	2	0	2	-42	76052	9	1	1596	1478	400,400
1526399077.250058964	70	40	48	1	2	0	2	-42	76053	9	1	1596	1478	400,400
1526399077.261682931	70	40	48	1	2	0	2	-42	76054	9	1	1596	1478	400,400
1526399077.273462033	70	40	48	1	2	0	2	-42	76055	9	1	1596	1478	400,400
1526399077.285288127	70	40	48	1	2	0	2	-42	76056	9	1	1596	1478	400,400
1526399077.297087137	70	40	48	1	2	0	2	-42	76057	9	1	1596	1478	400,400
1526399077.308837437	70	40	48	1	2	0	2	-42	76058	9	1	1596	1478	400,400
1526399077.320591396	70	40	48	1	2	0	2	-43	76059	9	1	1596	1478	400,400
1526399077.332370948	70	40	48	1	2	0	2	-43	76060	9	1	1596	1478	400,400
1526399077.344065608	70	40	48	1	2	0	2	-43	76061	9	1	1596	1478	400,400
1526399077.355764756	70	40	48	1	2	0	2	-43	76062	9	1	1596	1478	400,400
1526399077.367522558	70	40	48	1	2	0	2	-43	76063	9	1	1596	1478	400,400
1526399077.379271823	70	40	48	1	2	0	2	-43	76064	9	1	1596	1478	400,400
1526399077.391031970	70	40	48	1	2	0	2	-43	76065	9	1	1596	1478	400,400
1526399077.402791696	70	40	48	1	2	0	2	-43	76066	9	1	1596	1478	400,400
1526399077.414552024	70	40	48	1	2	0	2	-43	76067	9	1	1596	1478	400,400
1526399077.426321650	70	40	48	1	2	0	2	-43	76068	9	1	1596	1478	400,400
1526399077.438064993	70	40	48	1	2	0	2	-43	76069	9	1	1596	1478	400,400
1526399077.449861548	70	40	48	1	2	0	2	-43	76070	9	1	1596	1478	400,400
1526399077.461590458	70	40	48	1	2	0	2	-43	76071	9	1	1596	1478	400,400
1526399077.473351531	70	40	48	1	2	0	2	-43	76072	9	1	1596	1478	400,400
1526399077.485112711	70	40	48	1	2	0	2	-43	76073	9	1	1596	1478	400,400
1526399077.496865386	70	40	48	1	2	0	2	-43	76074	9	1	1596	1478	400,400
1526399077.508622716	70	40	48	1	2	0	2	-43	76075	9	1	1596	1478	400,400
1526399077.520398836	70	40	48	1	2	0	2	-43	76076	9	1	1596	1478	400,400
1526399077.532088402	70	40	48	1	2	0	2	-43	76077	9	1	1596	1478	400,400
1526399077.543913795	70	40	48	1	2	0	2	-43	76078	9	1	1596	1478	400,400
1526399077.555806040	70	40	48	1	2	0	2	-43	76079	9	1	1596	1478	400,400
1526399077.567560010	70	40	48	1	2	0	2	-43	76080	9	1	1596	1478	400,400
1526399077.579333801	70	40	48	1	2	0	2	-43	76081	9	1	1596	1478	400,400
1526399077.591093327	70	40	48	1	2	0	2	-43	76082	9	1	1596	1478	400,400
1526399077.602856673	70	40	48	1	2	0	2	-43	76083	9	1	1596	1478	400,400
1526399077.614472062	70	40	48	1	2	0	2	-43	76084	9	1	1596	1478	400,400
1526399077.626363457	70	40	48	1	2	0	2	-43	76085	9	1	1596	1478	400,400
1526399077.638114660	70	40	48	1	2	0	2	-44	76086	9	1	1596	1478	400,400
1526399077.649904097	70	40	48	1	2	0	2	-44	76087	9	1	1596	1478	400,400
1526399077.661636432	70	40	48	1	2	0	2	-44	76088	9	1	1596	1478	400,400
1526399077.673403818	70	40	48	1	2	0	2	-44	76089	9	1	1596	1478	400,400
1526399077.685095933	70	40	48	1	2	0	2	-44	76090	9	1	1596	1478	400,400
1526399077.696931601	70	40	48	1	2	0	2	-44	76091	9	1	1596	1478	400,400
1526399077.708700197	70	40	48	1	2	0	2	-44	76092	9	1	1596	1478	400,400
1526399077.720442801	70	40	48	1	2	0	2	-44	76093	9	1	1596	1478	400,400
1526399077.732183563	70	40	48	1	2	0	2	-44	76094	9	1	1596	1478	400,400
1526399077.743873052	70	40	48	1	2	0	2	-44	76095	9	1	1596	1478	400,400
1526399077.755632042	70	40	48	1	2	0	2	-44	76096	9	1	1596	1478	400,400
1526399077.767472942	70	40	48	1	2	0	2	-44	76097	9	1	1596	1478	400,400
1526399077.779257048	70	40	48	1	2	0	2	-45	76098	9	1	1596	1478	400,400
1526399077.791005716	70	40	48	1	2	0	2	-45	76099	9	1	1596	1478	400,400
1526399077.802768097	70	40	48	1	2	0	2	-45	76100	9	1	1596	1478	400,400
1526399077.814526448	70	40	48	1	2	0	2	-45	76101	9	1	1596	1478	400,400
1526399077.826815878	70	40	48	1	2	0	2	-45	76102	9	1	1596	1478	400,400
1526399077.837960801	70	40	48	1	2	0	2	-45	76103	9	1	1596	1478	400,400
1526399077.849704956	70	40	48	1	2	0	2	-45	76104	9	1	1596	1478	400,400
1526399077.861576095	70	40	48	1	2	0	2	-45	76105	9	1	1596	1478	400,400
1526399077.873233588	70	40	48	1	2	0	2	-45	76106	9	1	1596	1478	400,400
1526399077.885065338	70	40	48	1	2	0	2	-45	76107	9	1	1596	1478	400,400
1526399077.896850810	70	40	48	1	2	0	2	-45	76108	9	1	1596	1478	400,400
1526399077.908616979	70	40	48	1	2	0	2	-45	76109	9	1	1596	1478	400,400
1526399077.920347077	70	40	48	1	2	0	2	-45	76110	9	1	1596	1478	400,400
1526399077.932124940	70	40	48	1	2	0	2	-45	76111	9	1	1596	1478	400,400
1526399077.943872028	70	40	48	1	2	0	2	-45	76112	9	1	1596	1478	400,400
1526399077.956298437	70	40	48	1	2	0	2	-45	76113	9	1	1596	1478	400,400
1526399077.967416050	70	40	48	1	2	0	2	-45	76114	9	1	1596	1478	400,400
1526399077.979149896	70	40	48	1	2	0	2	-45	76115	9	1	1596	1478	400,400
1526399077.990921645	70	40	48	1	2	0	2	-45	76116	9	1	1596	1478	400,400
1526399078.002686821	70	40	48	1	2	0	2	-45	76117	9	1	1596	1478	400,400
1526399078.014462913	70	40	48	1	2	0	2	-45	76118	9	1	1596	1478	400,400
1526399078.026228053	70	40	48	1	2	0	2	-45	76119	9	1	1596	1478	400,400
1526399078.037955766	70	40	48	1	2	0	2	-45	76120	9	1	1596	1478	400,400
1526399078.049748021	70	40	48	1	2	0	2	-45	76121	9	1	1596	1478	400,400
1526399078.061506186	70	40	48	1	2	0	2	-45	76122	9	1	1596	1478	400,400
1526399078.073170142	70	40	48	1	2	0	2	-45	76123	9	1	1596	1478	400,400
1526399078.084860957	70	40	48	1	2	0	2	-45	76124	9	1	1596	1478	400,400
1526399078.096749779	70	40	48	1	2	0	2	-45	76125	9	1	1596	1478	400,400
1526399078.108493581	70	40	48	1	2	0	2	-45	76126	9	1	1596	1478	400,400
1526399078.120273227	70	40	48	1	2	0	2	-45	76127	9	1	1596	1478	400,400
1526399078.132035930	70	40	48	1	2	0	2	-45	76128	9	1	1596	1478	400,400
1526399078.143774906	70	40	48	1	2	0	2	-45	76129	9	1	1596	1478	400,400
1526399078.155581713	70	40	48	1	2	0	2	-45	76130	9	1	1596	1478	400,400
1526399078.167382388	70	40	48	1	2	0	2	-45	76131	9	1	1596	1478	400,400
1526399078.179100157	70	40	48	1	2	0	2	-45	76132	9	1	1596	1478	400,400
1526399078.190842079	70	40	48	1	2	0	2	-44	76133	9	1	1596	1478	400,400
1526399078.202623823	70	40	48	1	2	0	2	-44	76134	9	1	1596	1478	400,400
1526399078.214357200	70	40	48	1	2	0	2	-44	76135	9	1	1596	1478	400,400
1526399078.226131200	70	40	48	1	2	0	2	-44	76136	9	1	1596	1478	400,400
1526399078.237890102	70	40	48	1	2	0	2	-44	76137	9	1	1596	1478	400,400
1526399078.249548243	70	40	48	1	2	0	2	-44	76138	9	1	1596	1478	400,400
1526399078.261210938	70	40	48	1	2	0	2	-44	76139	9	1	1596	1478	400,400
1526399078.273159454	70	40	48	1	2	0	2	-44	76140	9	1	1596	1478	400,400
1526399078.284897581	70	40	48	1	2	0	2	-44	76141	9	1	1596	1478	400,400
1526399078.296599028	70	40	48	1	2	0	2	-44	76142	9	1	1596	1478	400,400
1526399078.308334159	70	40	48	1	2	0	2	-44	76143	9	1	1596	1478	400,400
1526399078.320096243	70	40	48	1	2	0	2	-44	76144	9	1	1596	1478	400,400
1526399078.331805052	70	40	48	1	2	0	2	-44	76145	9	1	1596	1478	400,400
1526399078.343575160	70	40	48	1	2	0	2	-44	76146	9	1	1596	1478	400,400
1526399078.355369772	70	40	48	1	2	0	2	-44	76147	9	1	1596	1478	400,400
1526399078.367239259	70	40	48	1	2	0	2	-44	76148	9	1	1596	1478	400,400
1526399078.378992288	70	40	48	1	2	0	2	-44	76149	9	1	1596	1478	400,400
1526399078.390748436	70	40	48	1	2	0	2	-44	76150	9	1	1596	1478	400,400
1526399078.402391304	70	40	48	1	2	0	2	-44	76151	9	1	1596	1478	400,400
1526399078.414271810	70	40	48	1	2	0	2	-44	76152	9	1	1596	1478	400,400
1526399078.426034942	70	40	48	1	2	0	2	-44	76153	9	1	1596	1478	400,400
1526399078.437801417	70	40	48	1	2	0	2	-44	76154	9	1	1596	1478	400,400
1526399078.449543421	70	40	48	1	2	0	2	-44	76155	9	1	1596	1478	400,400
1526399078.461333701	70	40	48	1	2	0	2	-44	76156	9	1	1596	1478	400,400
1526399078.473106827	70	40	48	1	2	0	2	-44	76157	9	1	1596	1478	400,400
1526399078.484874755	70	40	48	1	2	0	2	-44	76158	9	1	1596	1478	400,400
1526399078.496601041	70	40	48	1	2	0	2	-44	76159	9	1	1596	1478	400,400
1526399078.508236312	70	40	48	1	2	0	2	-44	76160	9	1	1596	1478	400,400
1526399078.519955679	70	40	48	1	2	0	2	-44	76161	9	1	1596	1478	400,400
1526399078.531802241	70	40	48	1	2	0	2	-44	76162	9	1	1596	1478	400,400
1526399078.543644137	70	40	48	1	2	0	2	-44	76163	9	1	1596	1478	400,400
1526399078.555293748	70	40	48	1	2	0	2	-44	76164	9	1	1596	1478	400,400
1526399078.567158342	70	40	48	1	2	0	2	-44	76165	9	1	1596	1478	400,400
1526399078.578912338	70	40	48	1	2	0	2	-44	76166	9	1	1596	1478	400,400
1526399078.590720555	70	40	48	1	2	0	2	-44	76167	9	1	1596	1478	400,400
1526399078.602361171	70	40	48	1	2	0	2	-44	76168	9	1	1596	1478	400,400
1526399078.614191215	70	40	48	1	2	0	2	-44	76169	9	1	1596	1478	400,400
1526399078.625951079	70	40	48	1	2	0	2	-44	76170	9	1	1596	1478	400,400
1526399078.637658109	70	40	48	1	2	0	2	-44	76171	9	1	1596	1478	400,400
1526399078.649383001	70	40	48	1	2	0	2	-44	76172	9	1	1596	1478	400,400
1526399078.661212242	70	40	48	1	2	0	2	-44	76173	9	1	1596	1478	400,400
1526399078.673488560	70	40	48	1	2	0	2	-44	76174	9	1	1596	1478	400,400
1526399078.684759196	70	40	48	1	2	0	2	-44	76175	9	1	1596	1478	400,400
1526399078.696625670	70	40	48	1	2	0	2	-44	76176	9	1	1596	1478	400,400
1526399078.708420506	70	40	48	1	2	0	2	-44	76177	9	1	1596	1478	400,400
1526399078.720036551	70	40	48	1	2	0	2	-44	76178	9	1	1596	1478	400,400
1526399078.731794374	70	40	48	1	2	0	2	-43	76179	9	1	1596	1478	400,400
1526399078.743552802	70	40	48	1	2	0	2	-44	76180	9	1	1596	1478	400,400
1526399078.755240500	70	40	48	1	2	0	2	-44	76181	9	1	1596	1478	400,400
1526399078.766985539	70	40	48	1	2	0	2	-44	76182	9	1	1596	1478	400,400
1526399078.778856481	70	40	48	1	2	0	2	-44	76183	9	1	1596	1478	400,400
1526399078.790498640	70	40	48	1	2	0	2	-44	76184	9	1	1596	1478	400,400
1526399078.802244982	70	40	48	1	2	0	2	-44	76185	9	1	1596	1478	400,400
1526399078.814124047	70	40	48	1	2	0	2	-44	76186	9	1	1596	1478	400,400
1526399078.825912947	70	40	48	1	2	0	2	-44	76187	9	1	1596	1478	400,400
1526399078.837543829	70	40	48	1	2	0	2	-44	76188	9	1	1596	1478	400,400
1526399078.849297249	70	40	48	1	2	0	2	-44	76189	9	1	1596	1478	400,400
1526399078.861146148	70	40	48	1	2	0	2	-44	76190	9	1	1596	1478	400,400
1526399078.872914546	70	40	48	1	2	0	2	-44	76191	9	1	1596	1478	400,400
1526399078.884715568	70	40	48	1	2	0	2	-44	76192	9	1	1596	1478	400,400
1526399078.896443211	70	40	48	1	2	0	2	-44	76193	9	1	1596	1478	400,400
1526399078.908137237	70	40	48	1	2	0	2	-44	76194	9	1	1596	1478	400,400
1526399078.919955023	70	40	48	1	2	0	2	-44	76195	9	1	1596	1478	400,400
1526399078.931710741	70	40	48	1	2	0	2	-44	76196	9	1	1596	1478	400,400
1526399078.943471800	70	40	48	1	2	0	2	-44	76197	9	1	1596	1478	400,400
1526399078.955230592	70	40	48	1	2	0	2	-44	76198	9	1	1596	1478	400,400
1526399078.966995456	70	40	48	1	2	0	2	-44	76199	9	1	1596	1478	400,400
1526399078.978783870	70	40	48	1	2	0	2	-43	76200	9	1	1596	1478	400,400
1526399078.990509186	70	40	48	1	2	0	2	-43	76201	9	1	1596	1478	400,400
1526399079.002276887	70	40	48	1	2	0	2	-43	76202	9	1	1596	1478	400,400
1526399079.014024021	70	40	48	1	2	0	2	-43	76203	9	1	1596	1478	400,400
1526399079.025791412	70	40	48	1	2	0	2	-43	76204	9	1	1596	1478	400,400
1526399079.037549315	70	40	48	1	2	0	2	-43	76205	9	1	1596	1478	400,400
1526399079.049319774	70	40	48	1	2	0	2	-43	76206	9	1	1596	1478	400,400
1526399079.061062350	70	40	48	1	2	0	2	-43	76207	9	1	1596	1478	400,400
1526399079.072837486	70	40	48	1	2	0	2	-43	76208	9	1	1596	1478	400,400
1526399079.084624610	70	40	48	1	2	0	2	-42	76209	9	1	1596	1478	400,400
1526399079.096353702	70	40	48	1	2	0	2	-42	76210	9	1	1596	1478	400,400
1526399079.108122999	70	40	48	1	2	0	2	-42	76211	9	1	1596	1478	400,400
1526399079.119878145	70	40	48	1	2	0	2	-42	76212	9	1	1596	1478	400,400
1526399079.131632775	70	40	48	1	2	0	2	-42	76213	9	1	1596	1478	400,400
1526399079.143386626	70	40	48	1	2	0	2	-42	76214	9	1	1596	1478	400,400
1526399079.155144905	70	40	48	1	2	0	2	-42	76215	9	1	1596	1478	400,400
1526399079.166902895	70	40	48	1	2	0	2	-42	76216	9	1	1596	1478	400,400
1526399079.178686771	70	40	48	1	2	0	2	-42	76217	9	1	1596	1478	400,400
1526399079.190461625	70	40	48	1	2	0	2	-42	76218	9	1	1596	1478	400,400
1526399079.202197754	70	40	48	1	2	0	2	-43	76219	9	1	1596	1478	400,400
1526399079.213963359	70	40	48	1	2	0	2	-43	76220	9	1	1596	1478	400,400
1526399079.225719032	70	40	48	1	2	0	2	-43	76221	9	1	1596	1478	400,400
1526399079.237493766	70	40	48	1	2	0	2	-43	76222	9	1	1596	1478	400,400
1526399079.249255547	70	40	48	1	2	0	2	-43	76223	9	1	1596	1478	400,400
1526399079.261013093	70	40	48	1	2	0	2	-43	76224	9	1	1596	1478	400,400
1526399079.272615659	70	40	48	1	2	0	2	-43	76225	9	1	1596	1478	400,400
1526399079.284271523	70	40	48	1	2	0	2	-43	76226	9	1	1596	1478	400,400
1526399079.296160677	70	40	48	1	2	0	2	-43	76227	9	1	1596	1478	400,400
1526399079.307909596	70	40	48	1	2	0	2	-43	76228	9	1	1596	1478	400,400
1526399079.319668955	70	40	48	1	2	0	2	-43	76229	9	1	1596	1478	400,400
1526399079.331294676	70	40	48	1	2	0	2	-43	76230	9	1	1596	1478	400,400
1526399079.343051545	70	40	48	1	2	0	2	-43	76231	9	1	1596	1478	400,400
1526399079.354846395	70	40	48	1	2	0	2	-43	76232	9	1	1596	1478	400,400
1526399079.366705709	70	40	48	1	2	0	2	-43	76233	9	1	1596	1478	400,400
1526399079.378469035	70	40	48	1	2	0	2	-43	76234	9	1	1596	1478	400,400
1526399079.390404921	70	40	48	1	2	0	2	-43	76235	9	1	1596	1478	400,400
1526399079.401987917	70	40	48	1	2	0	2	-43	76236	9	1	1596	1478	400,400
1526399079.413748882	70	40	48	1	2	0	2	-43	76237	9	1	1596	1478	400,400
1526399079.425592870	70	40	48	1	2	0	2	-43	76238	9	1	1596	1478	400,400
1526399079.437695098	70	40	48	1	2	0	2	-43	76239	9	1	1596	1478	400,400
1526399079.449163096	70	40	48	1	2	0	2	-43	76240	9	1	1596	1478	400,400
1526399079.460926814	70	40	48	1	2	0	2	-43	76241	9	1	1596	1478	400,400
1526399079.472496190	70	40	48	1	2	0	2	-43	76242	9	1	1596	1478	400,400
1526399079.484218007	70	40	48	1	2	0	2	-43	76243	9	1	1596	1478	400,400
1526399079.496020043	70	40	48	1	2	0	2	-43	76244	9	1	1596	1478	400,400
1526399079.507898052	70	40	48	1	2	0	2	-43	76245	9	1	1596	1478	400,400
1526399079.519546656	70	40	48	1	2	0	2	-42	76246	9	1	1596	1478	400,400
1526399079.531344731	70	40	48	1	2	0	2	-42	76247	9	1	1596	1478	400,400
1526399079.543162552	70	40	48	1	2	0	2	-42	76248	9	1	1596	1478	400,400
1526399079.554939078	70	40	48	1	2	0	2	-42	76249	9	1	1596	1478	400,400
1526399079.566803152	70	40	48	1	2	0	2	-42	76250	9	1	1596	1478	400,400
1526399079.578515204	70	40	48	1	2	0	2	-42	76251	9	1	1596	1478	400,400
1526399079.590216707	70	40	48	1	2	0	2	-42	76252	9	1	1596	1478	400,400
1526399079.602063839	70	40	48	1	2	0	2	-43	76253	9	1	1596	1478	400,400
1526399079.613801814	70	40	48	1	2	0	2	-43	76254	9	1	1596	1478	400,400
1526399079.625551492	70	40	48	1	2	0	2	-43	76255	9	1	1596	1478	400,400
1526399079.637239694	70	40	48	1	2	0	2	-43	76256	9	1	1596	1478	400,400
1526399079.649085364	70	40	48	1	2	0	2	-43	76257	9	1	1596	1478	400,400
1526399079.660714947	70	40	48	1	2	0	2	-43	76258	9	1	1596	1478	400,400
1526399079.672478210	70	40	48	1	2	0	2	-44	76259	9	1	1596	1478	400,400
1526399079.684358635	70	40	48	1	2	0	2	-44	76260	9	1	1596	1478	400,400
1526399079.696163739	70	40	48	1	2	0	2	-44	76261	9	1	1596	1478	400,400
1526399079.707858958	70	40	48	1	2	0	2	-44	76262	9	1	1596	1478	400,400
1526399079.719626251	70	40	48	1	2	0	2	-43	76263	9	1	1596	1478	400,400
1526399079.731423412	70	40	48	1	2	0	2	-43	76264	9	1	1596	1478	400,400
1526399079.743092594	70	40	48	1	2	0	2	-43	76265	9	1	1596	1478	400,400
1526399079.754913727	70	40	48	1	2	0	2	-43	76266	9	1	1596	1478	400,400
1526399079.766701024	70	40	48	1	2	0	2	-43	76267	9	1	1596	1478	400,400
1526399079.778443615	70	40	48	1	2	0	2	-43	76268	9	1	1596	1478	400,400
1526399079.790120731	70	40	48	1	2	0	2	-43	76269	9	1	1596	1478	400,400
1526399079.802011927	70	40	48	1	2	0	2	-44	76270	9	1	1596	1478	400,400
1526399079.813627006	70	40	48	1	2	0	2	-44	76271	9	1	1596	1478	400,400
1526399079.825398309	70	40	48	1	2	0	2	-44	76272	9	1	1596	1478	400,400
1526399079.837470147	70	40	48	1	2	0	2	-44	76273	9	1	1596	1478	400,400
1526399079.848978091	70	40	48	1	2	0	2	-45	76274	9	1	1596	1478	400,400
1526399079.860757696	70	40	48	1	2	0	2	-45	76275	9	1	1596	1478	400,400
1526399079.872502656	70	40	48	1	2	0	2	-45	76276	9	1	1596	1478	400,400
1526399079.884285652	70	40	48	1	2	0	2	-45	76277	9	1	1596	1478	400,400
1526399079.896045813	70	40	48	1	2	0	2	-45	76278	9	1	1596	1478	400,400
1526399079.907817722	70	40	48	1	2	0	2	-44	76279	9	1	1596	1478	400,400
1526399079.919534357	70	40	48	1	2	0	2	-44	76280	9	1	1596	1478	400,400
1526399079.931308592	70	40	48	1	2	0	2	-44	76281	9	1	1596	1478	400,400
1526399079.943095972	70	40	48	1	2	0	2	-44	76282	9	1	1596	1478	400,400
1526399079.954845578	70	40	48	1	2	0	2	-44	76283	9	1	1596	1478	400,400
1526399079.966593968	70	40	48	1	2	0	2	-45	76284	9	1	1596	1478	400,400
1526399079.978365077	70	40	48	1	2	0	2	-44	76285	9	1	1596	1478	400,400
1526399079.990122310	70	40	48	1	2	0	2	-45	76286	9	1	1596	1478	400,400
1526399080.001899077	70	40	48	1	2	0	2	-45	76287	9	1	1596	1478	400,400
1526399080.013654325	70	40	48	1	2	0	2	-44	76288	9	1	1596	1478	400,400
1526399080.025325483	70	40	48	1	2	0	2	-44	76289	9	1	1596	1478	400,400
1526399080.037086710	70	40	48	1	2	0	2	-44	76290	9	1	1596	1478	400,400
1526399080.048854238	70	40	48	1	2	0	2	-44	76291	9	1	1596	1478	400,400
1526399080.060658090	70	40	48	1	2	0	2	-44	76292	9	1	1596	1478	400,400
1526399080.072431819	70	40	48	1	2	0	2	-44	76293	9	1	1596	1478	400,400
1526399080.084259490	70	40	48	1	2	0	2	-44	76294	9	1	1596	1478	400,400
1526399080.095936331	70	40	48	1	2	0	2	-44	76295	9	1	1596	1478	400,400
1526399080.108871163	70	40	48	1	2	0	2	-44	76296	9	1	1596	1478	400,400
1526399080.119527072	70	40	48	1	2	0	2	-44	76297	9	1	1596	1478	400,400
1526399080.131238382	70	40	48	1	2	0	2	-44	76298	9	1	1596	1478	400,400
1526399080.142944131	70	40	48	1	2	0	2	-44	76299	9	1	1596	1478	400,400
1526399080.154799538	70	40	48	1	2	0	2	-44	76300	9	1	1596	1478	400,400
1526399080.166562688	70	40	48	1	2	0	2	-44	76301	9	1	1596	1478	400,400
1526399080.178325231	70	40	48	1	2	0	2	-44	76302	9	1	1596	1478	400,400
1526399080.190084630	70	40	48	1	2	0	2	-43	76303	9	1	1596	1478	400,400
1526399080.201852219	70	40	48	1	2	0	2	-43	76304	9	1	1596	1478	400,400
1526399080.213604146	70	40	48	1	2	0	2	-43	76305	9	1	1596	1478	400,400
1526399080.225372056	70	40	48	1	2	0	2	-43	76306	9	1	1596	1478	400,400
1526399080.237130702	70	40	48	1	2	0	2	-43	76307	9	1	1596	1478	400,400
1526399080.248827798	70	40	48	1	2	0	2	-42	76308	9	1	1596	1478	400,400
1526399080.260557346	70	40	48	1	2	0	2	-42	76309	9	1	1596	1478	400,400
1526399080.272317025	70	40	48	1	2	0	2	-42	76310	9	1	1596	1478	400,400
1526399080.284056030	70	40	48	1	2	0	2	-42	76311	9	1	1596	1478	400,400
1526399080.295652359	70	40	48	1	2	0	2	-42	76312	9	1	1596	1478	400,400
1526399080.307799023	70	40	48	1	2	0	2	-42	76313	9	1	1596	1478	400,400
1526399080.319226386	70	40	48	1	2	0	2	-42	76314	9	1	1596	1478	400,400
1526399080.331010729	70	40	48	1	2	0	2	-42	76318	9	1	1596	1478	400,400
1526399080.342858183	70	40	48	1	2	0	2	-42	76319	9	1	1596	1478	400,400
1526399080.354627079	70	40	48	1	2	0	2	-42	76320	9	1	1596	1478	400,400
1526399080.366356647	70	40	48	1	2	0	2	-43	76321	9	1	1596	1478	400,400
1526399080.378088689	70	40	48	1	2	0	2	-43	76322	9	1	1596	1478	400,400
1526399080.389940026	70	40	48	1	2	0	2	-43	76323	9	1	1596	1478	400,400
1526399080.401727071	70	40	48	1	2	0	2	-43	76324	9	1	1596	1478	400,400
1526399080.413961009	70	40	48	1	2	0	2	-43	76325	9	1	1596	1478	400,400
1526399080.425244571	70	40	48	1	2	0	2	-43	76326	9	1	1596	1478	400,400
