1526399418.211015629	66	40	48	0	2	0	2	-57	80251	5	4	1596	1478	468,468
1526399418.211061427	66	40	48	0	2	0	2	-57	80251	5	4	1596	1478	468,468
1526399418.211085320	66	40	48	0	2	0	2	-57	80251	5	4	1596	1478	468,468
1526399418.211094355	66	40	48	0	2	0	2	-57	80251	5	4	1596	1478	468,468
1526399418.211102805	66	40	48	0	2	0	2	-57	80251	5	4	1596	1478	468,468
1526399418.211109980	66	40	48	0	2	0	2	-57	80251	5	4	1596	1478	468,468
1526399418.211123472	66	40	48	0	2	0	2	-57	80251	5	4	1596	1478	468,468
1526399418.211131168	66	40	48	0	2	0	2	-57	80251	5	4	1596	1478	468,468
1526399418.211139789	66	40	48	0	2	0	2	-57	80251	5	4	1596	1478	468,468
1526399418.211149129	66	40	48	0	2	0	2	-57	80251	5	4	1596	1478	468,468
1526399418.211156999	66	40	48	0	2	0	2	-57	80251	5	4	1596	1478	468,468
1526399418.211163921	66	40	48	0	2	0	2	-57	80251	5	4	1596	1478	468,468
1526399418.211173010	66	40	48	0	2	0	2	-57	80251	5	4	1596	1478	468,468
1526399418.211179640	66	40	48	0	2	0	2	-57	80251	5	4	1596	1478	468,468
1526399418.217023473	66	40	48	0	2	0	2	-57	80252	5	4	1596	1478	468,468
1526399418.229345625	66	40	48	0	2	0	2	-57	80253	5	4	1596	1478	468,468
1526399418.240538761	66	40	48	0	2	0	2	-57	80254	5	4	1596	1478	468,468
1526399418.252145038	63	40	48	0	2	0	2	-57	80255	6	4	1596	1478	526,5,526,5
1526399418.263973499	63	40	48	0	2	0	2	-57	80256	6	4	1596	1478	526,5,526,5
1526399418.275653496	63	40	48	0	2	0	2	-57	80257	6	4	1596	1478	526,5,526,5
1526399418.287489495	63	40	48	0	2	0	2	-57	80258	6	4	1596	1478	526,5,526,5
1526399418.299278369	63	40	48	0	2	0	2	-57	80259	6	4	1596	1478	526,5,526,5
1526399418.311011099	58	40	48	1	2	0	2	-58	80260	7	4	1596	1478	650,650
1526399418.322774281	58	40	48	1	2	0	2	-57	80261	7	4	1596	1478	650,650
1526399418.334557387	58	40	48	1	2	0	2	-58	80262	7	4	1596	1478	650,650
1526399418.346297119	58	40	48	1	2	0	2	-58	80263	7	4	1596	1478	650,650
1526399418.358043307	58	40	48	1	2	0	2	-58	80264	7	4	1596	1478	650,650
1526399418.370430002	58	40	48	1	2	0	2	-58	80266	7	4	1596	1478	650,650
1526399418.381736947	58	40	48	1	2	0	2	-58	80267	7	4	1596	1478	650,650
1526399418.393341386	58	40	48	1	2	0	2	-57	80268	7	4	1596	1478	650,650
1526399418.404997318	58	40	48	1	2	0	2	-57	80269	7	4	1596	1478	650,650
1526399418.417187390	58	40	48	1	2	0	2	-57	80270	7	4	1596	1478	650,650
1526399418.428536033	58	40	48	1	2	0	2	-56	80271	7	4	1596	1478	650,650
1526399418.440405254	58	40	48	1	2	0	2	-56	80272	7	4	1596	1478	650,650
1526399418.452059066	58	40	48	1	2	0	2	-56	80273	7	4	1596	1478	650,650
1526399418.463814582	58	40	48	1	2	0	2	-56	80274	7	4	1596	1478	650,650
1526399418.475658153	58	40	48	1	2	0	2	-57	80275	7	4	1596	1478	650,650
1526399418.487409053	58	40	48	1	2	0	2	-57	80276	7	4	1596	1478	650,650
1526399418.499175215	58	40	48	1	2	0	2	-57	80277	7	4	1596	1478	650,650
1526399418.510866357	58	40	48	1	2	0	2	-57	80278	7	4	1596	1478	650,650
1526399418.522555852	58	40	48	1	2	0	2	-57	80279	7	4	1596	1478	650,650
1526399418.534344082	55	40	48	1	2	0	2	-57	80280	8	4	1596	1478	780,780
1526399418.546168179	55	40	48	1	2	0	2	-58	80281	8	4	1596	1478	780,780
1526399418.557880856	55	40	48	1	2	0	2	-58	80282	8	4	1596	1478	780,780
1526399418.570014680	55	40	48	1	2	0	2	-58	80284	8	4	1596	1478	780,780
1526399418.581474581	55	40	48	1	2	0	2	-58	80285	8	4	1596	1478	780,780
1526399418.593576664	55	40	48	1	2	0	2	-58	80286	8	4	1596	1478	780,780
1526399418.605344867	55	40	48	1	2	0	2	-58	80288	8	4	1596	1478	780,780
1526399418.616760314	55	40	48	1	2	0	2	-57	80289	8	4	1596	1478	780,780
1526399418.628501416	55	40	48	1	2	0	2	-57	80290	8	4	1596	1478	780,780
1526399418.640314368	55	40	48	1	2	0	2	-57	80291	8	4	1596	1478	780,780
1526399418.653264762	58	40	48	1	2	0	2	-57	80296	7	4	1596	1478	650,650
1526399418.663734690	58	40	48	1	2	0	2	-57	80297	7	4	1596	1478	650,650
1526399418.675579020	58	40	48	1	2	0	2	-58	80298	7	4	1596	1478	650,650
1526399418.687345630	58	40	48	1	2	0	2	-58	80299	7	4	1596	1478	650,650
1526399418.699107307	58	40	48	1	2	0	2	-57	80300	7	4	1596	1478	650,650
1526399418.710854180	58	40	48	1	2	0	2	-58	80301	7	4	1596	1478	650,650
1526399418.722479527	58	40	48	1	2	0	2	-58	80302	7	4	1596	1478	650,650
1526399418.734239899	58	40	48	1	2	0	2	-58	80303	7	4	1596	1478	650,650
1526399418.746018486	58	40	48	1	2	0	2	-58	80304	7	4	1596	1478	650,650
1526399418.758219978	58	40	48	1	2	0	2	-57	80306	7	4	1596	1478	650,650
1526399418.769655675	58	40	48	1	2	0	2	-57	80307	7	4	1596	1478	650,650
1526399418.781411048	58	40	48	1	2	0	2	-57	80308	7	4	1596	1478	650,650
1526399418.793160295	58	40	48	1	2	0	2	-57	80309	7	4	1596	1478	650,650
1526399418.804763235	58	40	48	1	2	0	2	-57	80310	7	4	1596	1478	650,650
1526399418.816575545	58	40	48	1	2	0	2	-57	80311	7	4	1596	1478	650,650
1526399418.828326258	58	40	48	1	2	0	2	-58	80312	7	4	1596	1478	650,650
1526399418.840103453	58	40	48	1	2	0	2	-58	80313	7	4	1596	1478	650,650
1526399418.851963714	58	40	48	1	2	0	2	-58	80314	7	4	1596	1478	650,650
1526399418.863701633	58	40	48	1	2	0	2	-58	80315	7	4	1596	1478	650,650
1526399418.875490868	58	40	48	1	2	0	2	-58	80316	7	4	1596	1478	650,650
1526399418.887243869	58	40	48	1	2	0	2	-58	80317	7	4	1596	1478	650,650
1526399418.898996672	58	40	48	1	2	0	2	-58	80318	7	4	1596	1478	650,650
1526399418.910788229	58	40	48	1	2	0	2	-58	80319	7	4	1596	1478	650,650
1526399418.923312756	57	40	48	0	2	0	2	-58	80320	8	4	1596	1478	702,702
1526399418.934279740	58	40	48	1	2	0	2	-58	80321	7	4	1596	1478	650,650
1526399418.946416916	58	40	48	1	2	0	2	-58	80322	7	4	1596	1478	650,650
1526399418.957813028	58	40	48	1	2	0	2	-58	80323	7	4	1596	1478	650,650
1526399418.969478282	58	40	48	1	2	0	2	-58	80324	7	4	1596	1478	650,650
1526399418.981345061	57	40	48	0	2	0	2	-58	80325	8	4	1596	1478	702,702
1526399418.992977354	58	40	48	1	2	0	2	-58	80326	7	4	1596	1478	650,650
1526399419.004721439	58	40	48	1	2	0	2	-58	80327	7	4	1596	1478	650,650
1526399419.016599394	58	40	48	1	2	0	2	-58	80328	7	4	1596	1478	650,650
1526399419.028301010	58	40	48	1	2	0	2	-57	80329	7	4	1596	1478	650,650
1526399419.040017355	57	40	48	0	2	0	2	-57	80330	8	4	1596	1478	702,702
1526399419.051907560	57	40	48	0	2	0	2	-57	80331	8	4	1596	1478	702,702
1526399419.063552957	55	40	48	1	2	0	2	-57	80332	8	4	1596	1478	780,780
1526399419.075393664	55	40	48	1	2	0	2	-57	80333	8	4	1596	1478	780,780
1526399419.087151619	55	40	48	1	2	0	2	-57	80334	8	4	1596	1478	780,780
1526399419.099544086	55	40	48	1	2	0	2	-57	80337	8	4	1596	1478	780,780
1526399419.110688917	55	40	48	1	2	0	2	-57	80338	8	4	1596	1478	780,780
1526399419.122473246	55	40	48	1	2	0	2	-57	80339	8	4	1596	1478	780,780
1526399419.134086804	55	40	48	1	2	0	2	-57	80340	8	4	1596	1478	780,780
1526399419.145963052	55	40	48	1	2	0	2	-57	80341	8	4	1596	1478	780,780
1526399419.157666944	55	40	48	1	2	0	2	-57	80342	8	4	1596	1478	780,780
1526399419.169480053	55	40	48	1	2	0	2	-57	80343	8	4	1596	1478	780,780
1526399419.181230482	55	40	48	1	2	0	2	-57	80344	8	4	1596	1478	780,780
1526399419.192957734	55	40	48	1	2	0	2	-57	80345	8	4	1596	1478	780,780
1526399419.204761708	55	40	48	1	2	0	2	-57	80346	8	4	1596	1478	780,780
1526399419.216551922	55	40	48	1	2	0	2	-57	80347	8	4	1596	1478	780,780
1526399419.228198233	55	40	48	1	2	0	2	-57	80348	8	4	1596	1478	780,780
1526399419.240050041	55	40	48	1	2	0	2	-57	80349	8	4	1596	1478	780,780
1526399419.251740031	55	40	48	1	2	0	2	-57	80350	8	4	1596	1478	780,780
1526399419.263880926	55	40	48	1	2	0	2	-57	80352	8	4	1596	1478	780,780
1526399419.275272502	55	40	48	1	2	0	2	-57	80353	8	4	1596	1478	780,780
1526399419.287110371	55	40	48	1	2	0	2	-57	80354	8	4	1596	1478	780,780
1526399419.298856632	55	40	48	1	2	0	2	-57	80355	8	4	1596	1478	780,780
1526399419.310595201	55	40	48	1	2	0	2	-57	80356	8	4	1596	1478	780,780
1526399419.322360365	55	40	48	1	2	0	2	-57	80357	8	4	1596	1478	780,780
1526399419.334132747	55	40	48	1	2	0	2	-57	80358	8	4	1596	1478	780,780
1526399419.345891110	55	40	48	1	2	0	2	-57	80359	8	4	1596	1478	780,780
1526399419.357680560	55	40	48	1	2	0	2	-57	80360	8	4	1596	1478	780,780
1526399419.369394049	55	40	48	1	2	0	2	-57	80361	8	4	1596	1478	780,780
1526399419.381170393	55	40	48	1	2	0	2	-57	80362	8	4	1596	1478	780,780
1526399419.392844106	55	40	48	1	2	0	2	-57	80363	8	4	1596	1478	780,780
1526399419.404654533	55	40	48	1	2	0	2	-57	80364	8	4	1596	1478	780,780
1526399419.416670256	55	40	48	1	2	0	2	-58	80366	8	4	1596	1478	780,780
1526399419.429811526	58	40	48	1	2	0	2	-58	80372	7	4	1596	1478	650,650
1526399419.439952136	58	40	48	1	2	0	2	-58	80373	7	4	1596	1478	650,650
1526399419.451720004	58	40	48	1	2	0	2	-58	80374	7	4	1596	1478	650,650
1526399419.463516368	58	40	48	1	2	0	2	-58	80375	7	4	1596	1478	650,650
1526399419.475246292	58	40	48	1	2	0	2	-58	80376	7	4	1596	1478	650,650
1526399419.487019845	58	40	48	1	2	0	2	-58	80377	7	4	1596	1478	650,650
1526399419.498767324	58	40	48	1	2	0	2	-58	80378	7	4	1596	1478	650,650
1526399419.510532258	58	40	48	1	2	0	2	-58	80379	7	4	1596	1478	650,650
1526399419.522289902	58	40	48	1	2	0	2	-58	80380	7	4	1596	1478	650,650
1526399419.533946809	58	40	48	1	2	0	2	-58	80381	7	4	1596	1478	650,650
1526399419.545716676	58	40	48	1	2	0	2	-58	80382	7	4	1596	1478	650,650
1526399419.557485046	58	40	48	1	2	0	2	-58	80383	7	4	1596	1478	650,650
1526399419.569248622	58	40	48	1	2	0	2	-58	80384	7	4	1596	1478	650,650
1526399419.581085444	58	40	48	1	2	0	2	-58	80385	7	4	1596	1478	650,650
1526399419.593211004	58	40	48	1	2	0	2	-58	80387	7	4	1596	1478	650,650
1526399419.604601144	58	40	48	1	2	0	2	-58	80388	7	4	1596	1478	650,650
1526399419.616285537	58	40	48	1	2	0	2	-58	80389	7	4	1596	1478	650,650
1526399419.628147039	58	40	48	1	2	0	2	-58	80390	7	4	1596	1478	650,650
1526399419.640133213	58	40	48	1	2	0	2	-58	80391	7	4	1596	1478	650,650
1526399419.651655986	58	40	48	1	2	0	2	-58	80392	7	4	1596	1478	650,650
1526399419.663430829	58	40	48	1	2	0	2	-58	80393	7	4	1596	1478	650,650
1526399419.675154690	58	40	48	1	2	0	2	-58	80394	7	4	1596	1478	650,650
1526399419.686952145	58	40	48	1	2	0	2	-58	80395	7	4	1596	1478	650,650
1526399419.698719485	58	40	48	1	2	0	2	-58	80396	7	4	1596	1478	650,650
1526399419.710388636	58	40	48	1	2	0	2	-58	80397	7	4	1596	1478	650,650
1526399419.722116697	58	40	48	1	2	0	2	-58	80398	7	4	1596	1478	650,650
1526399419.733863478	58	40	48	1	2	0	2	-57	80399	7	4	1596	1478	650,650
1526399419.745590060	58	40	48	1	2	0	2	-58	80400	7	4	1596	1478	650,650
1526399419.757358030	57	40	48	0	2	0	2	-57	80401	8	4	1596	1478	702,702
1526399419.782710321	58	40	48	1	2	0	2	-57	80402	7	4	1596	1478	650,650
1526399419.782893055	58	40	48	1	2	0	2	-57	80403	7	4	1596	1478	650,650
1526399419.792651887	58	40	48	1	2	0	2	-57	80404	7	4	1596	1478	650,650
1526399419.804388604	58	40	48	1	2	0	2	-57	80405	7	4	1596	1478	650,650
1526399419.816167654	57	40	48	0	2	0	2	-57	80406	8	4	1596	1478	702,702
1526399419.827914803	58	40	48	1	2	0	2	-57	80407	7	4	1596	1478	650,650
1526399419.840201351	58	40	48	1	2	0	2	-57	80408	7	4	1596	1478	650,650
1526399419.851576154	58	40	48	1	2	0	2	-58	80409	7	4	1596	1478	650,650
1526399419.863464668	58	40	48	1	2	0	2	-57	80410	7	4	1596	1478	650,650
1526399419.875136339	57	40	48	0	2	0	2	-58	80411	8	4	1596	1478	702,702
1526399419.886895420	57	40	48	0	2	0	2	-58	80412	8	4	1596	1478	702,702
1526399419.898682900	55	40	48	1	2	0	2	-58	80413	8	4	1596	1478	780,780
1526399419.910443254	55	40	48	1	2	0	2	-58	80414	8	4	1596	1478	780,780
1526399419.922089450	55	40	48	1	2	0	2	-58	80415	8	4	1596	1478	780,780
1526399419.934277992	55	40	48	1	2	0	2	-58	80417	8	4	1596	1478	780,780
1526399419.945636911	55	40	48	1	2	0	2	-58	80418	8	4	1596	1478	780,780
1526399419.957375459	55	40	48	1	2	0	2	-58	80419	8	4	1596	1478	780,780
1526399419.969456371	55	40	48	1	2	0	2	-58	80420	8	4	1596	1478	780,780
1526399419.980885180	55	40	48	1	2	0	2	-58	80421	8	4	1596	1478	780,780
1526399419.992730362	55	40	48	1	2	0	2	-57	80422	8	4	1596	1478	780,780
1526399420.004515845	55	40	48	1	2	0	2	-58	80423	8	4	1596	1478	780,780
1526399420.016278320	55	40	48	1	2	0	2	-58	80424	8	4	1596	1478	780,780
1526399420.027923130	55	40	48	1	2	0	2	-58	80425	8	4	1596	1478	780,780
1526399420.039759489	55	40	48	1	2	0	2	-58	80426	8	4	1596	1478	780,780
1526399420.051536709	55	40	48	1	2	0	2	-58	80427	8	4	1596	1478	780,780
1526399420.063440131	55	40	48	1	2	0	2	-58	80428	8	4	1596	1478	780,780
1526399420.074899761	55	40	48	1	2	0	2	-58	80429	8	4	1596	1478	780,780
1526399420.086659112	55	40	48	1	2	0	2	-58	80430	8	4	1596	1478	780,780
1526399420.100530781	55	40	48	1	2	0	2	-58	80432	8	4	1596	1478	780,780
1526399420.110116340	55	40	48	1	2	0	2	-58	80433	8	4	1596	1478	780,780
1526399420.121893344	55	40	48	1	2	0	2	-57	80434	8	4	1596	1478	780,780
1526399420.133665157	55	40	48	1	2	0	2	-57	80435	8	4	1596	1478	780,780
1526399420.145430790	55	40	48	1	2	0	2	-58	80436	8	4	1596	1478	780,780
1526399420.157264738	55	40	48	1	2	0	2	-58	80437	8	4	1596	1478	780,780
1526399420.169096451	55	40	48	1	2	0	2	-58	80438	8	4	1596	1478	780,780
1526399420.180808595	55	40	48	1	2	0	2	-58	80439	8	4	1596	1478	780,780
1526399420.192622288	55	40	48	1	2	0	2	-58	80440	8	4	1596	1478	780,780
1526399420.192816008	55	40	48	1	2	0	2	-58	80441	8	4	1596	1478	780,780
1526399420.204371241	55	40	48	1	2	0	2	-58	80442	8	4	1596	1478	780,780
1526399420.216120969	55	40	48	1	2	0	2	-57	80443	8	4	1596	1478	780,780
1526399420.227775863	55	40	48	1	2	0	2	-57	80444	8	4	1596	1478	780,780
1526399420.239652724	55	40	48	1	2	0	2	-57	80445	8	4	1596	1478	780,780
1526399420.251416261	55	40	48	1	2	0	2	-58	80446	8	4	1596	1478	780,780
1526399420.263499969	55	40	48	1	2	0	2	-57	80447	8	4	1596	1478	780,780
1526399420.274924853	55	40	48	1	2	0	2	-58	80448	8	4	1596	1478	780,780
1526399420.286734224	55	40	48	1	2	0	2	-57	80449	8	4	1596	1478	780,780
1526399420.298455540	55	40	48	1	2	0	2	-58	80450	8	4	1596	1478	780,780
1526399420.310205299	55	40	48	1	2	0	2	-58	80451	8	4	1596	1478	780,780
1526399420.321874099	55	40	48	1	2	0	2	-58	80452	8	4	1596	1478	780,780
1526399420.333734569	55	40	48	1	2	0	2	-58	80453	8	4	1596	1478	780,780
1526399420.345475619	55	40	48	1	2	0	2	-58	80454	8	4	1596	1478	780,780
1526399420.357375871	55	40	48	1	2	0	2	-58	80455	8	4	1596	1478	780,780
1526399420.369002305	55	40	48	1	2	0	2	-58	80456	8	4	1596	1478	780,780
1526399420.380787460	55	40	48	1	2	0	2	-58	80457	8	4	1596	1478	780,780
1526399420.392647140	55	40	48	1	2	0	2	-58	80458	8	4	1596	1478	780,780
1526399420.404288137	55	40	48	1	2	0	2	-58	80459	8	4	1596	1478	780,780
1526399420.416060413	55	40	48	1	2	0	2	-58	80460	8	4	1596	1478	780,780
1526399420.428136782	55	40	48	1	2	0	2	-58	80462	8	4	1596	1478	780,780
1526399420.439586943	55	40	48	1	2	0	2	-58	80463	8	4	1596	1478	780,780
1526399420.451298641	55	40	48	1	2	0	2	-58	80464	8	4	1596	1478	780,780
1526399420.462993732	55	40	48	1	2	0	2	-58	80465	8	4	1596	1478	780,780
1526399420.475145927	55	40	48	1	2	0	2	-58	80466	8	4	1596	1478	780,780
1526399420.486632662	55	40	48	1	2	0	2	-58	80467	8	4	1596	1478	780,780
1526399420.498368761	55	40	48	1	2	0	2	-58	80468	8	4	1596	1478	780,780
1526399420.510155074	55	40	48	1	2	0	2	-58	80469	8	4	1596	1478	780,780
1526399420.522096048	55	40	48	1	2	0	2	-58	80470	8	4	1596	1478	780,780
1526399420.533576440	55	40	48	1	2	0	2	-58	80471	8	4	1596	1478	780,780
1526399420.545388236	55	40	48	1	2	0	2	-58	80472	8	4	1596	1478	780,780
1526399420.557079897	55	40	48	1	2	0	2	-58	80473	8	4	1596	1478	780,780
1526399420.568800827	55	40	48	1	2	0	2	-58	80474	8	4	1596	1478	780,780
1526399420.580528172	55	40	48	1	2	0	2	-58	80475	8	4	1596	1478	780,780
1526399420.592809169	55	40	48	1	2	0	2	-58	80477	8	4	1596	1478	780,780
1526399420.604189323	55	40	48	1	2	0	2	-58	80478	8	4	1596	1478	780,780
1526399420.615954668	55	40	48	1	2	0	2	-58	80479	8	4	1596	1478	780,780
1526399420.627736795	55	40	48	1	2	0	2	-58	80480	8	4	1596	1478	780,780
1526399420.639370943	55	40	48	1	2	0	2	-58	80481	8	4	1596	1478	780,780
1526399420.651105891	55	40	48	1	2	0	2	-58	80482	8	4	1596	1478	780,780
1526399420.662993915	55	40	48	1	2	0	2	-58	80483	8	4	1596	1478	780,780
1526399420.674770492	55	40	48	1	2	0	2	-58	80484	8	4	1596	1478	780,780
1526399420.686469193	55	40	48	1	2	0	2	-58	80485	8	4	1596	1478	780,780
1526399420.698187702	55	40	48	1	2	0	2	-57	80486	8	4	1596	1478	780,780
1526399420.710292108	55	40	48	1	2	0	2	-58	80488	8	4	1596	1478	780,780
1526399420.721688863	55	40	48	1	2	0	2	-58	80489	8	4	1596	1478	780,780
1526399420.733470297	55	40	48	1	2	0	2	-58	80490	8	4	1596	1478	780,780
1526399420.745200382	55	40	48	1	2	0	2	-58	80491	8	4	1596	1478	780,780
1526399420.757678549	55	40	48	1	2	0	2	-58	80494	8	4	1596	1478	780,780
1526399420.769011739	55	40	48	1	2	0	2	-58	80495	8	4	1596	1478	780,780
1526399420.780483611	55	40	48	1	2	0	2	-58	80496	8	4	1596	1478	780,780
1526399420.792263985	55	40	48	1	2	0	2	-58	80497	8	4	1596	1478	780,780
1526399420.804605836	55	40	48	1	2	0	2	-58	80500	8	4	1596	1478	780,780
1526399420.816813261	55	40	48	1	2	0	2	-58	80504	8	4	1596	1478	780,780
1526399420.827940527	55	40	48	1	2	0	2	-58	80506	8	4	1596	1478	780,780
1526399420.839397369	55	40	48	1	2	0	2	-58	80507	8	4	1596	1478	780,780
1526399420.851157664	55	40	48	1	2	0	2	-58	80508	8	4	1596	1478	780,780
1526399420.863270710	55	40	48	1	2	0	2	-58	80510	8	4	1596	1478	780,780
1526399420.875064277	55	40	48	1	2	0	2	-58	80512	8	4	1596	1478	780,780
1526399420.886582360	55	40	48	1	2	0	2	-58	80514	8	4	1596	1478	780,780
1526399420.898254563	55	40	48	1	2	0	2	-58	80515	8	4	1596	1478	780,780
1526399420.909980946	55	40	48	1	2	0	2	-58	80516	8	4	1596	1478	780,780
1526399420.922071026	55	40	48	1	2	0	2	-58	80518	8	4	1596	1478	780,780
1526399420.933402929	55	40	48	1	2	0	2	-58	80519	8	4	1596	1478	780,780
1526399420.945138274	55	40	48	1	2	0	2	-58	80520	8	4	1596	1478	780,780
1526399420.956904430	55	40	48	1	2	0	2	-58	80521	8	4	1596	1478	780,780
1526399420.968952279	55	40	48	1	2	0	2	-58	80523	8	4	1596	1478	780,780
1526399420.980433792	55	40	48	1	2	0	2	-58	80524	8	4	1596	1478	780,780
1526399420.994398826	55	40	48	1	2	0	2	-58	80527	8	4	1596	1478	780,780
1526399421.004865686	55	40	48	1	2	0	2	-58	80531	8	4	1596	1478	780,780
1526399421.015706004	55	40	48	1	2	0	2	-58	80532	8	4	1596	1478	780,780
1526399421.027457309	55	40	48	1	2	0	2	-58	80533	8	4	1596	1478	780,780
1526399421.039344610	55	40	48	1	2	0	2	-58	80534	8	4	1596	1478	780,780
1526399421.051065127	55	40	48	1	2	0	2	-58	80535	8	4	1596	1478	780,780
1526399421.062783653	55	40	48	1	2	0	2	-58	80536	8	4	1596	1478	780,780
1526399421.074622309	55	40	48	1	2	0	2	-58	80537	8	4	1596	1478	780,780
1526399421.086655626	55	40	48	1	2	0	2	-58	80539	8	4	1596	1478	780,780
1526399421.098454060	55	40	48	1	2	0	2	-58	80541	8	4	1596	1478	780,780
1526399421.109883497	55	40	48	1	2	0	2	-58	80542	8	4	1596	1478	780,780
1526399421.122069812	55	40	48	1	2	0	2	-58	80543	8	4	1596	1478	780,780
1526399421.133295871	55	40	48	1	2	0	2	-58	80544	8	4	1596	1478	780,780
1526399421.145069020	55	40	48	1	2	0	2	-58	80545	8	4	1596	1478	780,780
1526399421.157180575	55	40	48	1	2	0	2	-58	80547	8	4	1596	1478	780,780
1526399421.169239526	55	40	48	1	2	0	2	-58	80550	8	4	1596	1478	780,780
1526399421.180750889	55	40	48	1	2	0	2	-58	80552	8	4	1596	1478	780,780
1526399421.192194737	55	40	48	1	2	0	2	-58	80553	8	4	1596	1478	780,780
1526399421.203990047	55	40	48	1	2	0	2	-58	80554	8	4	1596	1478	780,780
1526399421.215726814	55	40	48	1	2	0	2	-58	80555	8	4	1596	1478	780,780
1526399421.227495312	55	40	48	1	2	0	2	-58	80556	8	4	1596	1478	780,780
1526399421.239249397	55	40	48	1	2	0	2	-58	80557	8	4	1596	1478	780,780
1526399421.251364696	55	40	48	1	2	0	2	-58	80559	8	4	1596	1478	780,780
1526399421.263119045	55	40	48	1	2	0	2	-57	80560	8	4	1596	1478	780,780
1526399421.274509221	55	40	48	1	2	0	2	-58	80561	8	4	1596	1478	780,780
1526399421.286289078	55	40	48	1	2	0	2	-58	80562	8	4	1596	1478	780,780
1526399421.298052395	55	40	48	1	2	0	2	-58	80563	8	4	1596	1478	780,780
1526399421.309834789	55	40	48	1	2	0	2	-57	80564	8	4	1596	1478	780,780
1526399421.321571856	55	40	48	1	2	0	2	-58	80565	8	4	1596	1478	780,780
1526399421.333329879	55	40	48	1	2	0	2	-58	80566	8	4	1596	1478	780,780
1526399421.345107370	55	40	48	1	2	0	2	-57	80567	8	4	1596	1478	780,780
1526399421.356832539	55	40	48	1	2	0	2	-57	80568	8	4	1596	1478	780,780
1526399421.368619656	55	40	48	1	2	0	2	-58	80569	8	4	1596	1478	780,780
1526399421.380923369	55	40	48	1	2	0	2	-57	80570	8	4	1596	1478	780,780
1526399421.392018455	55	40	48	1	2	0	2	-58	80571	8	4	1596	1478	780,780
1526399421.403909097	55	40	48	1	2	0	2	-58	80572	8	4	1596	1478	780,780
1526399421.415970130	55	40	48	1	2	0	2	-58	80573	8	4	1596	1478	780,780
1526399421.427708557	55	40	48	1	2	0	2	-58	80574	8	4	1596	1478	780,780
1526399421.439477071	55	40	48	1	2	0	2	-58	80576	8	4	1596	1478	780,780
1526399421.450917817	55	40	48	1	2	0	2	-57	80577	8	4	1596	1478	780,780
1526399421.462691122	55	40	48	1	2	0	2	-58	80578	8	4	1596	1478	780,780
1526399421.474462070	55	40	48	1	2	0	2	-57	80579	8	4	1596	1478	780,780
1526399421.486202013	55	40	48	1	2	0	2	-58	80580	8	4	1596	1478	780,780
1526399421.497959087	55	40	48	1	2	0	2	-58	80581	8	4	1596	1478	780,780
1526399421.509750720	55	40	48	1	2	0	2	-58	80582	8	4	1596	1478	780,780
1526399421.521494959	55	40	48	1	2	0	2	-58	80583	8	4	1596	1478	780,780
1526399421.533175454	55	40	48	1	2	0	2	-58	80584	8	4	1596	1478	780,780
1526399421.545015054	55	40	48	1	2	0	2	-58	80585	8	4	1596	1478	780,780
1526399421.556886675	55	40	48	1	2	0	2	-58	80586	8	4	1596	1478	780,780
1526399421.568519899	55	40	48	1	2	0	2	-58	80587	8	4	1596	1478	780,780
1526399421.581012960	55	40	48	1	2	0	2	-58	80589	8	4	1596	1478	780,780
1526399421.591961355	55	40	48	1	2	0	2	-58	80590	8	4	1596	1478	780,780
1526399421.603703790	55	40	48	1	2	0	2	-58	80591	8	4	1596	1478	780,780
1526399421.615945184	55	40	48	1	2	0	2	-58	80593	8	4	1596	1478	780,780
1526399421.627739418	55	40	48	1	2	0	2	-58	80595	8	4	1596	1478	780,780
1526399421.639000847	55	40	48	1	2	0	2	-58	80596	8	4	1596	1478	780,780
1526399421.650983718	55	40	48	1	2	0	2	-58	80598	8	4	1596	1478	780,780
1526399421.662539834	55	40	48	1	2	0	2	-57	80599	8	4	1596	1478	780,780
1526399421.674260500	55	40	48	1	2	0	2	-57	80600	8	4	1596	1478	780,780
1526399421.686297878	55	40	48	1	2	0	2	-58	80602	8	4	1596	1478	780,780
1526399421.697749186	55	40	48	1	2	0	2	-58	80603	8	4	1596	1478	780,780
1526399421.709519004	55	40	48	1	2	0	2	-58	80604	8	4	1596	1478	780,780
1526399421.721302794	55	40	48	1	2	0	2	-58	80605	8	4	1596	1478	780,780
1526399421.721442183	55	40	48	1	2	0	2	-58	80606	8	4	1596	1478	780,780
1526399421.733046862	55	40	48	1	2	0	2	-58	80607	8	4	1596	1478	780,780
1526399421.745185516	55	40	48	1	2	0	2	-58	80609	8	4	1596	1478	780,780
1526399421.756558545	55	40	48	1	2	0	2	-58	80610	8	4	1596	1478	780,780
1526399421.768320408	55	40	48	1	2	0	2	-58	80611	8	4	1596	1478	780,780
1526399421.779993424	55	40	48	1	2	0	2	-58	80612	8	4	1596	1478	780,780
1526399421.791836345	55	40	48	1	2	0	2	-58	80613	8	4	1596	1478	780,780
1526399421.803589298	55	40	48	1	2	0	2	-58	80614	8	4	1596	1478	780,780
1526399421.815377529	55	40	48	1	2	0	2	-58	80615	8	4	1596	1478	780,780
1526399421.827114767	55	40	48	1	2	0	2	-58	80616	8	4	1596	1478	780,780
1526399421.840671153	55	40	48	1	2	0	2	-58	80617	8	4	1596	1478	780,780
1526399421.850624625	55	40	48	1	2	0	2	-58	80618	8	4	1596	1478	780,780
1526399421.862401926	55	40	48	1	2	0	2	-58	80619	8	4	1596	1478	780,780
1526399421.874170570	55	40	48	1	2	0	2	-58	80620	8	4	1596	1478	780,780
1526399421.885924542	55	40	48	1	2	0	2	-58	80621	8	4	1596	1478	780,780
1526399421.897681046	55	40	48	1	2	0	2	-58	80622	8	4	1596	1478	780,780
1526399421.909769299	55	40	48	1	2	0	2	-58	80624	8	4	1596	1478	780,780
1526399421.921211491	55	40	48	1	2	0	2	-58	80625	8	4	1596	1478	780,780
1526399421.933174148	55	40	48	1	2	0	2	-57	80626	8	4	1596	1478	780,780
1526399421.944829385	55	40	48	1	2	0	2	-58	80627	8	4	1596	1478	780,780
1526399421.956596301	55	40	48	1	2	0	2	-57	80628	8	4	1596	1478	780,780
1526399421.968348300	55	40	48	1	2	0	2	-58	80629	8	4	1596	1478	780,780
1526399421.980139516	55	40	48	1	2	0	2	-58	80630	8	4	1596	1478	780,780
1526399421.991874283	55	40	48	1	2	0	2	-58	80631	8	4	1596	1478	780,780
1526399422.003661150	55	40	48	1	2	0	2	-57	80632	8	4	1596	1478	780,780
1526399422.015419088	55	40	48	1	2	0	2	-58	80633	8	4	1596	1478	780,780
1526399422.027169436	55	40	48	1	2	0	2	-58	80634	8	4	1596	1478	780,780
1526399422.038919585	55	40	48	1	2	0	2	-57	80635	8	4	1596	1478	780,780
1526399422.050689153	55	40	48	1	2	0	2	-57	80636	8	4	1596	1478	780,780
1526399422.062781229	55	40	48	1	2	0	2	-57	80638	8	4	1596	1478	780,780
1526399422.074590561	55	40	48	1	2	0	2	-57	80640	8	4	1596	1478	780,780
1526399422.086289795	55	40	48	1	2	0	2	-58	80642	8	4	1596	1478	780,780
1526399422.098080509	55	40	48	1	2	0	2	-57	80643	8	4	1596	1478	780,780
1526399422.109301587	55	40	48	1	2	0	2	-58	80644	8	4	1596	1478	780,780
1526399422.121216434	55	40	48	1	2	0	2	-57	80645	8	4	1596	1478	780,780
1526399422.132776209	55	40	48	1	2	0	2	-57	80646	8	4	1596	1478	780,780
1526399422.144724692	55	40	48	1	2	0	2	-58	80647	8	4	1596	1478	780,780
1526399422.156790139	55	40	48	1	2	0	2	-57	80649	8	4	1596	1478	780,780
1526399422.168089868	55	40	48	1	2	0	2	-58	80650	8	4	1596	1478	780,780
1526399422.180024043	55	40	48	1	2	0	2	-58	80651	8	4	1596	1478	780,780
1526399422.191827423	55	40	48	1	2	0	2	-57	80652	8	4	1596	1478	780,780
1526399422.203559037	55	40	48	1	2	0	2	-57	80653	8	4	1596	1478	780,780
1526399422.215363629	55	40	48	1	2	0	2	-58	80654	8	4	1596	1478	780,780
1526399422.227115223	55	40	48	1	2	0	2	-57	80655	8	4	1596	1478	780,780
1526399422.239206545	55	40	48	1	2	0	2	-58	80657	8	4	1596	1478	780,780
1526399422.250599693	55	40	48	1	2	0	2	-58	80658	8	4	1596	1478	780,780
1526399422.262328757	55	40	48	1	2	0	2	-58	80659	8	4	1596	1478	780,780
1526399422.274156168	55	40	48	1	2	0	2	-57	80660	8	4	1596	1478	780,780
1526399422.285877815	55	40	48	1	2	0	2	-58	80661	8	4	1596	1478	780,780
1526399422.297649095	55	40	48	1	2	0	2	-58	80662	8	4	1596	1478	780,780
1526399422.309402751	55	40	48	1	2	0	2	-57	80663	8	4	1596	1478	780,780
1526399422.321158857	55	40	48	1	2	0	2	-57	80664	8	4	1596	1478	780,780
1526399422.332929558	55	40	48	1	2	0	2	-57	80665	8	4	1596	1478	780,780
1526399422.344620115	55	40	48	1	2	0	2	-58	80666	8	4	1596	1478	780,780
1526399422.356473912	55	40	48	1	2	0	2	-58	80667	8	4	1596	1478	780,780
1526399422.368214980	55	40	48	1	2	0	2	-58	80668	8	4	1596	1478	780,780
1526399422.379968691	55	40	48	1	2	0	2	-58	80669	8	4	1596	1478	780,780
1526399422.391723252	55	40	48	1	2	0	2	-57	80670	8	4	1596	1478	780,780
1526399422.403650275	55	40	48	1	2	0	2	-58	80672	8	4	1596	1478	780,780
1526399422.415236907	55	40	48	1	2	0	2	-58	80673	8	4	1596	1478	780,780
1526399422.427029805	55	40	48	1	2	0	2	-58	80674	8	4	1596	1478	780,780
1526399422.438781499	55	40	48	1	2	0	2	-58	80675	8	4	1596	1478	780,780
1526399422.450535332	55	40	48	1	2	0	2	-57	80676	8	4	1596	1478	780,780
1526399422.462291639	55	40	48	1	2	0	2	-58	80677	8	4	1596	1478	780,780
1526399422.474027074	55	40	48	1	2	0	2	-57	80678	8	4	1596	1478	780,780
1526399422.485720065	55	40	48	1	2	0	2	-58	80679	8	4	1596	1478	780,780
1526399422.497505326	55	40	48	1	2	0	2	-58	80680	8	4	1596	1478	780,780
1526399422.509377918	55	40	48	1	2	0	2	-58	80681	8	4	1596	1478	780,780
1526399422.521086859	55	40	48	1	2	0	2	-58	80682	8	4	1596	1478	780,780
1526399422.532791785	55	40	48	1	2	0	2	-58	80683	8	4	1596	1478	780,780
1526399422.544585601	55	40	48	1	2	0	2	-58	80684	8	4	1596	1478	780,780
1526399422.556602766	55	40	48	1	2	0	2	-58	80685	8	4	1596	1478	780,780
1526399422.568120567	55	40	48	0	2	0	2	-58	80686	9	4	1596	1478	780,780
1526399422.579895325	55	40	48	1	2	0	2	-58	80687	8	4	1596	1478	780,780
1526399422.591655847	55	40	48	1	2	0	2	-57	80688	8	4	1596	1478	780,780
1526399422.603421381	55	40	48	1	2	0	2	-58	80689	8	4	1596	1478	780,780
1526399422.615034033	55	40	48	1	2	0	2	-57	80690	8	4	1596	1478	780,780
1526399422.626671022	55	40	48	0	2	0	2	-57	80691	9	4	1596	1478	780,780
1526399422.638490978	55	40	48	1	2	0	2	-57	80692	8	4	1596	1478	780,780
1526399422.650347669	55	40	48	1	2	0	2	-57	80693	8	4	1596	1478	780,780
1526399422.662080824	55	40	48	1	2	0	2	-57	80694	8	4	1596	1478	780,780
1526399422.673828260	55	40	48	1	2	0	2	-57	80695	8	4	1596	1478	780,780
1526399422.685579292	55	40	48	0	2	0	2	-57	80696	9	4	1596	1478	780,780
1526399422.697368004	55	40	48	1	2	0	2	-57	80697	8	4	1596	1478	780,780
1526399422.709155675	55	40	48	1	2	0	2	-57	80698	8	4	1596	1478	780,780
1526399422.720861045	55	40	48	1	2	0	2	-57	80699	8	4	1596	1478	780,780
1526399422.732631148	55	40	48	1	2	0	2	-57	80700	8	4	1596	1478	780,780
1526399422.744808068	55	40	48	1	2	0	2	-57	80702	8	4	1596	1478	780,780
1526399422.756146210	55	40	48	1	2	0	2	-57	80703	8	4	1596	1478	780,780
1526399422.767922185	55	40	48	1	2	0	2	-57	80704	8	4	1596	1478	780,780
1526399422.780014690	55	40	48	1	2	0	2	-57	80705	8	4	1596	1478	780,780
1526399422.791349122	55	40	48	1	2	0	2	-57	80706	8	4	1596	1478	780,780
1526399422.803228906	55	40	48	1	2	0	2	-57	80707	8	4	1596	1478	780,780
1526399422.815086800	55	40	48	1	2	0	2	-57	80708	8	4	1596	1478	780,780
1526399422.827318109	55	40	48	1	2	0	2	-57	80711	8	4	1596	1478	780,780
1526399422.838502536	55	40	48	1	2	0	2	-57	80712	8	4	1596	1478	780,780
1526399422.850323062	55	40	48	1	2	0	2	-57	80713	8	4	1596	1478	780,780
1526399422.862018813	55	40	48	1	2	0	2	-57	80714	8	4	1596	1478	780,780
1526399422.873885725	55	40	48	1	2	0	2	-57	80715	8	4	1596	1478	780,780
1526399422.885441905	55	40	48	1	2	0	2	-57	80716	8	4	1596	1478	780,780
1526399422.897404517	55	40	48	1	2	0	2	-57	80717	8	4	1596	1478	780,780
1526399422.909541911	55	40	48	1	2	0	2	-57	80719	8	4	1596	1478	780,780
1526399422.920922301	55	40	48	1	2	0	2	-57	80720	8	4	1596	1478	780,780
1526399422.932690797	55	40	48	1	2	0	2	-57	80721	8	4	1596	1478	780,780
1526399422.944475675	55	40	48	1	2	0	2	-57	80722	8	4	1596	1478	780,780
1526399422.956220729	55	40	48	1	2	0	2	-57	80723	8	4	1596	1478	780,780
1526399422.967973019	55	40	48	1	2	0	2	-57	80724	8	4	1596	1478	780,780
1526399422.979632902	55	40	48	1	2	0	2	-57	80725	8	4	1596	1478	780,780
1526399422.991462195	55	40	48	1	2	0	2	-57	80726	8	4	1596	1478	780,780
1526399423.003255338	55	40	48	1	2	0	2	-57	80727	8	4	1596	1478	780,780
1526399423.015004536	55	40	48	1	2	0	2	-57	80728	8	4	1596	1478	780,780
1526399423.026763639	55	40	48	1	2	0	2	-58	80729	8	4	1596	1478	780,780
1526399423.038508483	55	40	48	1	2	0	2	-57	80730	8	4	1596	1478	780,780
1526399423.050314398	55	40	48	1	2	0	2	-58	80731	8	4	1596	1478	780,780
1526399423.062060432	55	40	48	1	2	0	2	-58	80732	8	4	1596	1478	780,780
1526399423.074161577	55	40	48	1	2	0	2	-58	80734	8	4	1596	1478	780,780
1526399423.085604867	55	40	48	1	2	0	2	-58	80735	8	4	1596	1478	780,780
1526399423.097319916	55	40	48	1	2	0	2	-58	80736	8	4	1596	1478	780,780
1526399423.109101303	55	40	48	1	2	0	2	-58	80737	8	4	1596	1478	780,780
1526399423.120853151	55	40	48	1	2	0	2	-58	80738	8	4	1596	1478	780,780
1526399423.132509342	55	40	48	1	2	0	2	-58	80739	8	4	1596	1478	780,780
1526399423.144587409	55	40	48	1	2	0	2	-58	80740	8	4	1596	1478	780,780
1526399423.156066113	55	40	48	1	2	0	2	-58	80741	8	4	1596	1478	780,780
1526399423.167878973	55	40	48	1	2	0	2	-58	80742	8	4	1596	1478	780,780
1526399423.179813817	55	40	48	1	2	0	2	-58	80744	8	4	1596	1478	780,780
1526399423.191375012	55	40	48	1	2	0	2	-58	80745	8	4	1596	1478	780,780
1526399423.203017450	55	40	48	1	2	0	2	-58	80746	8	4	1596	1478	780,780
1526399423.214925259	55	40	48	1	2	0	2	-58	80747	8	4	1596	1478	780,780
1526399423.226691254	55	40	48	1	2	0	2	-58	80748	8	4	1596	1478	780,780
1526399423.238358859	55	40	48	0	2	0	2	-58	80749	9	4	1596	1478	780,780
1526399423.250633777	54	40	48	1	2	0	2	-58	80751	9	4	1596	1478	866,667,866,667
1526399423.261931502	54	40	48	1	2	0	2	-58	80752	9	4	1596	1478	866,667,866,667
1526399423.273727550	54	40	48	1	2	0	2	-58	80753	9	4	1596	1478	866,667,866,667
1526399423.285491141	54	40	48	1	2	0	2	-58	80754	9	4	1596	1478	866,667,866,667
1526399423.298174518	54	40	48	1	2	0	2	-57	80755	9	4	1596	1478	866,667,866,667
1526399423.309012481	54	40	48	1	2	0	2	-57	80756	9	4	1596	1478	866,667,866,667
1526399423.320756892	54	40	48	1	2	0	2	-57	80757	9	4	1596	1478	866,667,866,667
1526399423.332539694	54	40	48	1	2	0	2	-57	80758	9	4	1596	1478	866,667,866,667
1526399423.344317708	54	40	48	1	2	0	2	-57	80759	9	4	1596	1478	866,667,866,667
1526399423.356048004	54	40	48	1	2	0	2	-57	80760	9	4	1596	1478	866,667,866,667
1526399423.367811680	54	40	48	1	2	0	2	-57	80761	9	4	1596	1478	866,667,866,667
1526399423.379644076	54	40	48	1	2	0	2	-57	80762	9	4	1596	1478	866,667,866,667
1526399423.391691100	54	40	48	1	2	0	2	-57	80763	9	4	1596	1478	866,667,866,667
1526399423.403016866	54	40	48	1	2	0	2	-57	80764	9	4	1596	1478	866,667,866,667
1526399423.414829950	54	40	48	1	2	0	2	-57	80765	9	4	1596	1478	866,667,866,667
1526399423.426590940	54	40	48	1	2	0	2	-57	80766	9	4	1596	1478	866,667,866,667
1526399423.438363741	54	40	48	1	2	0	2	-57	80767	9	4	1596	1478	866,667,866,667
1526399423.450063085	54	40	48	1	2	0	2	-57	80768	9	4	1596	1478	866,667,866,667
1526399423.461846692	54	40	48	1	2	0	2	-57	80769	9	4	1596	1478	866,667,866,667
1526399423.473676229	54	40	48	1	2	0	2	-57	80770	9	4	1596	1478	866,667,866,667
1526399423.485410400	54	40	48	1	2	0	2	-57	80771	9	4	1596	1478	866,667,866,667
1526399423.497160933	54	40	48	1	2	0	2	-57	80772	9	4	1596	1478	866,667,866,667
1526399423.508922646	54	40	48	1	2	0	2	-57	80773	9	4	1596	1478	866,667,866,667
1526399423.520676717	54	40	48	1	2	0	2	-58	80774	9	4	1596	1478	866,667,866,667
1526399423.532357387	54	40	48	1	2	0	2	-58	80775	9	4	1596	1478	866,667,866,667
1526399423.640558613	68	40	48	1	2	0	2	-57	80787	9	4	3130	1478,1478	866,667,866,667
1526399423.640571398	68	40	48	1	2	0	2	-57	80787	9	4	3130	1478,1478	866,667,866,667
1526399423.640577053	68	40	48	1	2	0	2	-57	80787	9	4	3130	1478,1478	866,667,866,667
1526399423.641018194	68	40	48	1	2	0	2	-57	80788	9	4	3130	1478,1478	866,667,866,667
1526399423.641081039	54	40	48	1	2	0	2	-57	80788	9	4	1596	1478	866,667,866,667
1526399423.649816078	54	40	48	1	2	0	2	-57	80789	9	4	1596	1478	866,667,866,667
1526399423.661640350	54	40	48	1	2	0	2	-58	80790	9	4	1596	1478	866,667,866,667
1526399423.718916573	68	40	48	1	2	0	2	-57	80791	9	4	3130	1478,1478	866,667,866,667
1526399423.718964002	68	40	48	1	2	0	2	-57	80791	9	4	3130	1478,1478	866,667,866,667
1526399423.720480067	54	40	48	1	2	0	2	-57	80792	9	4	1596	1478	866,667,866,667
1526399423.732149806	54	40	48	1	2	0	2	-57	80793	9	4	1596	1478	866,667,866,667
1526399423.783939012	68	40	48	1	2	0	2	-57	80795	9	4	3130	1478,1478	866,667,866,667
1526399423.783980762	68	40	48	1	2	0	2	-57	80795	9	4	3130	1478,1478	866,667,866,667
1526399423.791050078	54	40	48	1	2	0	2	-57	80796	9	4	1596	1478	866,667,866,667
1526399423.802783847	54	40	48	1	2	0	2	-57	80797	9	4	1596	1478	866,667,866,667
1526399423.920152137	68	40	48	1	2	0	2	-57	80809	9	4	3130	1478,1478	866,667,866,667
1526399423.920177165	68	40	48	1	2	0	2	-57	80809	9	4	3130	1478,1478	866,667,866,667
1526399423.920185887	68	40	48	1	2	0	2	-57	80809	9	4	3130	1478,1478	866,667,866,667
1526399423.920404270	68	40	48	1	2	0	2	-57	80809	9	4	3130	1478,1478	866,667,866,667
1526399423.920423292	54	40	48	1	2	0	2	-57	80809	9	4	1596	1478	866,667,866,667
1526399423.920814319	54	40	48	1	2	0	2	-57	80810	9	4	1596	1478	866,667,866,667
1526399423.932144211	54	40	48	1	2	0	2	-57	80811	9	4	1596	1478	866,667,866,667
1526399423.943914300	54	40	48	1	2	0	2	-57	80812	9	4	1596	1478	866,667,866,667
1526399424.052959857	68	40	48	1	2	0	2	-57	80815	9	4	3130	1478,1478	866,667,866,667
1526399424.053003737	68	40	48	1	2	0	2	-57	80815	9	4	3130	1478,1478	866,667,866,667
1526399424.053017560	68	40	48	1	2	0	2	-57	80815	9	4	3130	1478,1478	866,667,866,667
1526399424.053028448	68	40	48	1	2	0	2	-57	80815	9	4	3130	1478,1478	866,667,866,667
1526399424.054105984	54	40	48	1	2	0	2	-57	80818	9	4	1596	1478	866,667,866,667
1526399424.061761440	54	40	48	1	2	0	2	-57	80820	9	4	1596	1478	866,667,866,667
1526399424.073308644	54	40	48	1	2	0	2	-57	80821	9	4	1596	1478	866,667,866,667
1526399424.085428200	54	40	48	1	2	0	2	-57	80823	9	4	1596	1478	866,667,866,667
1526399424.096879344	54	40	48	1	2	0	2	-57	80824	9	4	1596	1478	866,667,866,667
1526399424.108670937	54	40	48	1	2	0	2	-57	80825	9	4	1596	1478	866,667,866,667
1526399424.120486294	54	40	48	1	2	0	2	-57	80826	9	4	1596	1478	866,667,866,667
1526399424.132508877	54	40	48	1	2	0	2	-57	80828	9	4	1596	1478	866,667,866,667
1526399424.143873540	54	40	48	1	2	0	2	-58	80829	9	4	1596	1478	866,667,866,667
1526399424.155610846	54	40	48	1	2	0	2	-58	80830	9	4	1596	1478	866,667,866,667
1526399424.269254624	68	40	48	1	2	0	2	-58	80836	9	4	3130	1478,1478	866,667,866,667
1526399424.269274464	68	40	48	1	2	0	2	-58	80836	9	4	3130	1478,1478	866,667,866,667
1526399424.272821524	71	40	48	1	2	0	2	-58	80841	8	4	3130	1478,1478	780,780
1526399424.272844447	71	40	48	1	2	0	2	-58	80841	8	4	3130	1478,1478	780,780
1526399424.272855182	55	40	48	1	2	0	2	-58	80841	8	4	1596	1478	780,780
1526399424.273615288	55	40	48	1	2	0	2	-58	80842	8	4	1596	1478	780,780
1526399424.285079407	55	40	48	1	2	0	2	-58	80843	8	4	1596	1478	780,780
1526399424.348869146	71	40	48	1	2	0	2	-58	80846	8	4	3130	1478,1478	780,780
1526399424.348920131	71	40	48	1	2	0	2	-58	80846	8	4	3130	1478,1478	780,780
1526399424.348935035	55	40	48	1	2	0	2	-58	80846	8	4	1596	1478	780,780
1526399424.356139445	55	40	48	1	2	0	2	-58	80848	8	4	1596	1478	780,780
1526399424.392904531	71	40	48	1	2	0	2	-58	80850	8	4	3130	1478,1478	780,780
1526399424.392954474	55	40	48	1	2	0	2	-58	80850	8	4	1596	1478	780,780
1526399424.402668763	55	40	48	1	2	0	2	-58	80851	8	4	1596	1478	780,780
1526399424.414448165	55	40	48	1	2	0	2	-58	80852	8	4	1596	1478	780,780
1526399424.536861874	71	40	48	1	2	0	2	-58	80854	8	4	3130	1478,1478	780,780
1526399424.536912029	71	40	48	1	2	0	2	-58	80854	8	4	3130	1478,1478	780,780
1526399424.536925887	71	40	48	1	2	0	2	-58	80854	8	4	3130	1478,1478	780,780
1526399424.536938674	71	40	48	1	2	0	2	-58	80854	8	4	3130	1478,1478	780,780
1526399424.536954132	71	40	48	1	2	0	2	-58	80854	8	4	3130	1478,1478	780,780
1526399424.543805570	55	40	48	1	2	0	2	-58	80855	8	4	1596	1478	780,780
1526399424.555701490	55	40	48	1	2	0	2	-58	80856	8	4	1596	1478	780,780
1526399424.683816600	71	40	48	1	2	0	2	-57	80857	8	4	3130	1478,1478	780,780
1526399424.683834391	71	40	48	1	2	0	2	-57	80857	8	4	3130	1478,1478	780,780
1526399424.683840608	71	40	48	1	2	0	2	-57	80857	8	4	3130	1478,1478	780,780
1526399424.683844493	71	40	48	1	2	0	2	-57	80857	8	4	3130	1478,1478	780,780
1526399424.683849111	71	40	48	1	2	0	2	-57	80857	8	4	3130	1478,1478	780,780
1526399424.684819537	55	40	48	1	2	0	2	-57	80858	8	4	1596	1478	780,780
1526399424.696690826	55	40	48	0	2	0	2	-57	80859	9	4	1596	1478	780,780
1526399424.708475151	55	40	48	1	2	0	2	-57	80860	8	4	1596	1478	780,780
1526399424.720204108	55	40	48	1	2	0	2	-57	80861	8	4	1596	1478	780,780
1526399424.731835826	55	40	48	1	2	0	2	-57	80862	8	4	1596	1478	780,780
1526399424.743690923	55	40	48	1	2	0	2	-57	80863	8	4	1596	1478	780,780
1526399424.755472992	55	40	48	0	2	0	2	-57	80864	9	4	1596	1478	780,780
1526399424.767248085	55	40	48	1	2	0	2	-57	80865	8	4	1596	1478	780,780
1526399424.888616619	71	40	48	1	2	0	2	-57	80866	8	4	3130	1478,1478	780,780
1526399424.888660612	71	40	48	1	2	0	2	-57	80866	8	4	3130	1478,1478	780,780
1526399424.888673368	71	40	48	1	2	0	2	-57	80866	8	4	3130	1478,1478	780,780
1526399424.888687185	71	40	48	1	2	0	2	-57	80866	8	4	3130	1478,1478	780,780
1526399424.888708109	71	40	48	1	2	0	2	-57	80866	8	4	3130	1478,1478	780,780
1526399424.896607048	55	40	48	1	2	0	2	-57	80867	8	4	1596	1478	780,780
1526399424.908421310	55	40	48	1	2	0	2	-57	80868	8	4	1596	1478	780,780
1526399424.920177243	55	40	48	0	2	0	2	-57	80869	9	4	1596	1478	780,780
1526399424.931934172	55	40	48	1	2	0	2	-57	80870	8	4	1596	1478	780,780
1526399424.944476190	55	40	48	1	2	0	2	-57	80871	8	4	1596	1478	780,780
1526399424.955449460	55	40	48	1	2	0	2	-57	80872	8	4	1596	1478	780,780
1526399424.967217581	55	40	48	1	2	0	2	-57	80873	8	4	1596	1478	780,780
1526399425.093362964	71	40	48	0	2	0	2	-57	80874	9	4	3130	1478,1478	780,780
1526399425.093388293	71	40	48	0	2	0	2	-57	80874	9	4	3130	1478,1478	780,780
1526399425.093871656	71	40	48	1	2	0	2	-57	80875	8	4	3130	1478,1478	780,780
1526399425.093920107	71	40	48	1	2	0	2	-57	80875	8	4	3130	1478,1478	780,780
1526399425.093953419	71	40	48	1	2	0	2	-57	80875	8	4	3130	1478,1478	780,780
1526399425.096419832	55	40	48	1	2	0	2	-57	80876	8	4	1596	1478	780,780
1526399425.108222855	55	40	48	1	2	0	2	-57	80877	8	4	1596	1478	780,780
1526399425.119960339	55	40	48	1	2	0	2	-57	80878	8	4	1596	1478	780,780
1526399425.131763255	55	40	48	1	2	0	2	-57	80879	8	4	1596	1478	780,780
1526399425.143532761	55	40	48	1	2	0	2	-57	80880	8	4	1596	1478	780,780
1526399425.155635613	55	40	48	1	2	0	2	-57	80882	8	4	1596	1478	780,780
1526399425.167106955	55	40	48	1	2	0	2	-57	80883	8	4	1596	1478	780,780
1526399425.178706805	55	40	48	1	2	0	2	-57	80884	8	4	1596	1478	780,780
1526399425.298193457	71	40	48	1	2	0	2	-57	80885	8	4	3130	1478,1478	780,780
1526399425.298238206	71	40	48	1	2	0	2	-57	80885	8	4	3130	1478,1478	780,780
1526399425.298247237	71	40	48	1	2	0	2	-57	80885	8	4	3130	1478,1478	780,780
1526399425.298252006	71	40	48	1	2	0	2	-57	80885	8	4	3130	1478,1478	780,780
1526399425.298928766	71	40	48	1	2	0	2	-57	80887	8	4	3130	1478,1478	780,780
1526399425.308203833	55	40	48	1	2	0	2	-57	80888	8	4	1596	1478	780,780
1526399425.320096326	55	40	48	1	2	0	2	-57	80889	8	4	1596	1478	780,780
1526399425.331717105	55	40	48	1	2	0	2	-57	80890	8	4	1596	1478	780,780
1526399425.343484767	55	40	48	1	2	0	2	-57	80891	8	4	1596	1478	780,780
1526399425.355273758	55	40	48	1	2	0	2	-57	80892	8	4	1596	1478	780,780
1526399425.367509836	55	40	48	1	2	0	2	-57	80894	8	4	1596	1478	780,780
1526399425.378735972	55	40	48	1	2	0	2	-57	80895	8	4	1596	1478	780,780
1526399425.502989065	71	40	48	1	2	0	2	-57	80896	8	4	3130	1478,1478	780,780
1526399425.503034359	71	40	48	1	2	0	2	-57	80896	8	4	3130	1478,1478	780,780
1526399425.503046739	71	40	48	1	2	0	2	-57	80896	8	4	3130	1478,1478	780,780
1526399425.503059794	71	40	48	1	2	0	2	-57	80896	8	4	3130	1478,1478	780,780
1526399425.503086006	71	40	48	1	2	0	2	-57	80896	8	4	3130	1478,1478	780,780
1526399425.508645932	55	40	48	1	2	0	2	-57	80897	8	4	1596	1478	780,780
1526399425.520318403	55	40	48	1	2	0	2	-57	80898	8	4	1596	1478	780,780
1526399425.547457254	71	40	48	1	2	0	2	-57	80900	8	4	3130	1478,1478	780,780
1526399425.555021553	55	40	48	1	2	0	2	-57	80901	8	4	1596	1478	780,780
1526399425.566745086	55	40	48	1	2	0	2	-57	80902	8	4	1596	1478	780,780
1526399425.579373124	55	40	48	1	2	0	2	-57	80903	8	4	1596	1478	780,780
1526399425.707674110	55	40	48	1	2	0	2	-58	80904	8	4	1596	1478	780,780
1526399425.707690564	71	40	48	1	2	0	2	-58	80904	8	4	3130	1478,1478	780,780
1526399425.707696138	71	40	48	1	2	0	2	-58	80904	8	4	3130	1478,1478	780,780
1526399425.707728248	71	40	48	1	2	0	2	-58	80904	8	4	3130	1478,1478	780,780
1526399425.707732584	71	40	48	1	2	0	2	-58	80904	8	4	3130	1478,1478	780,780
1526399425.707738718	55	40	48	1	2	0	2	-58	80904	8	4	1596	1478	780,780
1526399425.708368089	55	40	48	0	2	0	2	-58	80905	9	4	1596	1478	780,780
1526399425.719775490	55	40	48	1	2	0	2	-58	80906	8	4	1596	1478	780,780
1526399425.731456954	55	40	48	1	2	0	2	-58	80907	8	4	1596	1478	780,780
1526399425.743261288	55	40	48	1	2	0	2	-58	80908	8	4	1596	1478	780,780
1526399425.755043721	55	40	48	1	2	0	2	-58	80909	8	4	1596	1478	780,780
1526399425.767192991	55	40	48	1	2	0	2	-58	80911	8	4	1596	1478	780,780
1526399425.778596888	55	40	48	1	2	0	2	-57	80912	8	4	1596	1478	780,780
1526399425.790369268	55	40	48	1	2	0	2	-58	80913	8	4	1596	1478	780,780
1526399425.912492960	71	40	48	1	2	0	2	-57	80914	8	4	3130	1478,1478	780,780
1526399425.912521159	71	40	48	1	2	0	2	-57	80914	8	4	3130	1478,1478	780,780
1526399425.912528159	71	40	48	1	2	0	2	-57	80914	8	4	3130	1478,1478	780,780
1526399425.912746023	71	40	48	1	2	0	2	-57	80914	8	4	3130	1478,1478	780,780
1526399425.912764448	71	40	48	1	2	0	2	-57	80914	8	4	3130	1478,1478	780,780
1526399425.919655452	55	40	48	1	2	0	2	-57	80915	8	4	1596	1478	780,780
1526399425.931459814	55	40	48	0	2	0	2	-57	80916	9	4	1596	1478	780,780
1526399425.943230577	55	40	48	1	2	0	2	-58	80917	8	4	1596	1478	780,780
1526399425.954989373	55	40	48	1	2	0	2	-58	80918	8	4	1596	1478	780,780
1526399425.966698211	55	40	48	1	2	0	2	-58	80919	8	4	1596	1478	780,780
1526399425.978479240	55	40	48	1	2	0	2	-58	80920	8	4	1596	1478	780,780
1526399426.116276782	71	40	48	1	2	0	2	-58	80923	8	4	3130	1478,1478	780,780
1526399426.116322552	71	40	48	1	2	0	2	-58	80923	8	4	3130	1478,1478	780,780
1526399426.116335774	71	40	48	1	2	0	2	-58	80923	8	4	3130	1478,1478	780,780
1526399426.116346904	71	40	48	1	2	0	2	-58	80923	8	4	3130	1478,1478	780,780
1526399426.116364592	71	40	48	1	2	0	2	-58	80923	8	4	3130	1478,1478	780,780
1526399426.116377654	55	40	48	1	2	0	2	-58	80923	8	4	1596	1478	780,780
1526399426.119583665	55	40	48	1	2	0	2	-58	80924	8	4	1596	1478	780,780
1526399426.131397249	55	40	48	1	2	0	2	-58	80925	8	4	1596	1478	780,780
1526399426.143161641	55	40	48	1	2	0	2	-58	80926	8	4	1596	1478	780,780
1526399426.154910020	55	40	48	1	2	0	2	-58	80927	8	4	1596	1478	780,780
1526399426.166612177	55	40	48	1	2	0	2	-58	80928	8	4	1596	1478	780,780
1526399426.178447894	55	40	48	1	2	0	2	-58	80929	8	4	1596	1478	780,780
1526399426.190193483	55	40	48	1	2	0	2	-58	80930	8	4	1596	1478	780,780
1526399426.201872847	55	40	48	1	2	0	2	-58	80931	8	4	1596	1478	780,780
1526399426.322198171	71	40	48	1	2	0	2	-58	80932	8	4	3130	1478,1478	780,780
1526399426.322242413	71	40	48	1	2	0	2	-58	80932	8	4	3130	1478,1478	780,780
1526399426.322255435	71	40	48	1	2	0	2	-58	80932	8	4	3130	1478,1478	780,780
1526399426.322271971	71	40	48	1	2	0	2	-58	80932	8	4	3130	1478,1478	780,780
1526399426.322285600	71	40	48	1	2	0	2	-58	80932	8	4	3130	1478,1478	780,780
1526399426.331681423	55	40	48	1	2	0	2	-58	80934	8	4	1596	1478	780,780
1526399426.343085265	55	40	48	1	2	0	2	-58	80935	8	4	1596	1478	780,780
1526399426.366100952	55	40	48	1	2	0	2	-58	80936	8	4	1596	1478	780,780
1526399426.366789852	55	40	48	1	2	0	2	-58	80937	8	4	1596	1478	780,780
1526399426.378356902	55	40	48	1	2	0	2	-58	80938	8	4	1596	1478	780,780
1526399426.390142315	55	40	48	1	2	0	2	-58	80939	8	4	1596	1478	780,780
1526399426.401869831	55	40	48	1	2	0	2	-57	80940	8	4	1596	1478	780,780
1526399426.527005279	71	40	48	1	2	0	2	-57	80941	8	4	3130	1478,1478	780,780
1526399426.527052039	71	40	48	1	2	0	2	-57	80941	8	4	3130	1478,1478	780,780
1526399426.527082976	71	40	48	1	2	0	2	-57	80941	8	4	3130	1478,1478	780,780
1526399426.527097739	71	40	48	1	2	0	2	-57	80941	8	4	3130	1478,1478	780,780
1526399426.527110334	71	40	48	1	2	0	2	-57	80941	8	4	3130	1478,1478	780,780
1526399426.531485030	55	40	48	1	2	0	2	-57	80942	8	4	1596	1478	780,780
1526399426.542980893	55	40	48	1	2	0	2	-57	80943	8	4	1596	1478	780,780
1526399426.570918268	71	40	48	1	2	0	2	-57	80946	8	4	3130	1478,1478	780,780
1526399426.578217707	55	40	48	1	2	0	2	-57	80947	8	4	1596	1478	780,780
1526399426.590016390	55	40	48	1	2	0	2	-57	80948	8	4	1596	1478	780,780
1526399426.601820860	55	40	48	1	2	0	2	-57	80949	8	4	1596	1478	780,780
1526399426.613545104	55	40	48	1	2	0	2	-57	80950	8	4	1596	1478	780,780
1526399426.731652796	71	40	48	1	2	0	2	-58	80951	8	4	3130	1478,1478	780,780
1526399426.731739576	71	40	48	1	2	0	2	-58	80951	8	4	3130	1478,1478	780,780
1526399426.731745943	71	40	48	1	2	0	2	-58	80951	8	4	3130	1478,1478	780,780
1526399426.731767446	71	40	48	1	2	0	2	-58	80951	8	4	3130	1478,1478	780,780
1526399426.731771871	71	40	48	1	2	0	2	-58	80951	8	4	3130	1478,1478	780,780
1526399426.743261407	55	40	48	1	2	0	2	-58	80952	8	4	1596	1478	780,780
1526399426.754678183	55	40	48	1	2	0	2	-58	80953	8	4	1596	1478	780,780
1526399426.766317415	55	40	48	1	2	0	2	-58	80954	8	4	1596	1478	780,780
1526399426.778139377	55	40	48	1	2	0	2	-58	80955	8	4	1596	1478	780,780
1526399426.789867236	55	40	48	1	2	0	2	-58	80956	8	4	1596	1478	780,780
1526399426.801735566	55	40	48	1	2	0	2	-58	80957	8	4	1596	1478	780,780
1526399426.813497182	55	40	48	1	2	0	2	-58	80958	8	4	1596	1478	780,780
1526399426.936605414	71	40	48	1	2	0	2	-58	80959	8	4	3130	1478,1478	780,780
1526399426.936652003	71	40	48	1	2	0	2	-58	80959	8	4	3130	1478,1478	780,780
1526399426.936671280	71	40	48	1	2	0	2	-58	80959	8	4	3130	1478,1478	780,780
1526399426.936687561	71	40	48	1	2	0	2	-58	80959	8	4	3130	1478,1478	780,780
1526399426.936699323	71	40	48	1	2	0	2	-58	80959	8	4	3130	1478,1478	780,780
1526399426.942869887	55	40	48	0	2	0	2	-58	80960	9	4	1596	1478	780,780
1526399426.954601076	54	40	48	1	2	0	2	-58	80961	9	4	1596	1478	866,667,866,667
1526399426.966373729	54	40	48	1	2	0	2	-58	80962	9	4	1596	1478	866,667,866,667
1526399426.978119660	54	40	48	1	2	0	2	-58	80963	9	4	1596	1478	866,667,866,667
1526399426.990740867	54	40	48	1	2	0	2	-58	80967	9	4	1596	1478	866,667,866,667
1526399427.002988314	55	40	48	1	2	0	2	-58	80972	8	4	1596	1478	780,780
1526399427.013451367	55	40	48	1	2	0	2	-58	80973	8	4	1596	1478	780,780
1526399427.141447345	71	40	48	1	2	0	2	-57	80974	8	4	3130	1478,1478	780,780
1526399427.141494066	71	40	48	1	2	0	2	-57	80974	8	4	3130	1478,1478	780,780
1526399427.141508527	71	40	48	1	2	0	2	-57	80974	8	4	3130	1478,1478	780,780
1526399427.141519789	71	40	48	1	2	0	2	-57	80974	8	4	3130	1478,1478	780,780
1526399427.141531928	71	40	48	1	2	0	2	-57	80974	8	4	3130	1478,1478	780,780
1526399427.142772994	55	40	48	1	2	0	2	-57	80975	8	4	1596	1478	780,780
1526399427.154429271	55	40	48	1	2	0	2	-57	80976	8	4	1596	1478	780,780
1526399427.166410226	55	40	48	1	2	0	2	-58	80977	8	4	1596	1478	780,780
1526399427.215111319	71	40	48	1	2	0	2	-58	80978	8	4	3130	1478,1478	780,780
1526399427.215156972	71	40	48	1	2	0	2	-58	80978	8	4	3130	1478,1478	780,780
1526399427.224964405	55	40	48	1	2	0	2	-57	80979	8	4	1596	1478	780,780
1526399427.263403040	71	40	48	1	2	0	2	-57	80980	8	4	3130	1478,1478	780,780
1526399427.263438273	55	40	48	1	2	0	2	-57	80980	8	4	1596	1478	780,780
1526399427.271984786	55	40	48	1	2	0	2	-57	80981	8	4	1596	1478	780,780
1526399427.283738949	55	40	48	1	2	0	2	-57	80982	8	4	1596	1478	780,780
1526399427.295619393	55	40	48	1	2	0	2	-57	80983	8	4	1596	1478	780,780
1526399427.307323403	55	40	48	1	2	0	2	-57	80984	8	4	1596	1478	780,780
1526399427.319111597	55	40	48	1	2	0	2	-57	80985	8	4	1596	1478	780,780
1526399427.330903067	55	40	48	1	2	0	2	-57	80986	8	4	1596	1478	780,780
1526399427.342705337	55	40	48	1	2	0	2	-58	80987	8	4	1596	1478	780,780
1526399427.354436932	55	40	48	1	2	0	2	-58	80988	8	4	1596	1478	780,780
1526399427.366215236	55	40	48	1	2	0	2	-57	80989	8	4	1596	1478	780,780
1526399427.377876747	55	40	48	1	2	0	2	-58	80990	8	4	1596	1478	780,780
1526399427.390603667	55	40	48	1	2	0	2	-57	80991	8	4	1596	1478	780,780
1526399427.401423098	55	40	48	1	2	0	2	-57	80992	8	4	1596	1478	780,780
1526399427.413109665	55	40	48	1	2	0	2	-57	80993	8	4	1596	1478	780,780
1526399427.425263826	55	40	48	1	2	0	2	-58	80995	8	4	1596	1478	780,780
1526399427.436903296	55	40	48	1	2	0	2	-57	80996	8	4	1596	1478	780,780
1526399427.448543590	55	40	48	1	2	0	2	-57	80997	8	4	1596	1478	780,780
1526399427.460314007	55	40	48	1	2	0	2	-57	80998	8	4	1596	1478	780,780
1526399427.473628847	55	40	48	1	2	0	2	-57	80999	8	4	1596	1478	780,780
1526399427.484400907	55	40	48	1	2	0	2	-57	81000	8	4	1596	1478	780,780
1526399427.495606977	55	40	48	1	2	0	2	-57	81001	8	4	1596	1478	780,780
1526399427.507132044	55	40	48	1	2	0	2	-57	81002	8	4	1596	1478	780,780
1526399427.518873394	55	40	48	1	2	0	2	-57	81003	8	4	1596	1478	780,780
1526399427.530730457	55	40	48	1	2	0	2	-57	81004	8	4	1596	1478	780,780
1526399427.542617917	55	40	48	1	2	0	2	-57	81005	8	4	1596	1478	780,780
1526399427.554388735	55	40	48	1	2	0	2	-57	81006	8	4	1596	1478	780,780
1526399427.566122704	55	40	48	1	2	0	2	-57	81007	8	4	1596	1478	780,780
1526399427.577881514	55	40	48	1	2	0	2	-57	81008	8	4	1596	1478	780,780
1526399427.589990053	55	40	48	1	2	0	2	-57	81010	8	4	1596	1478	780,780
1526399427.601508494	55	40	48	1	2	0	2	-57	81011	8	4	1596	1478	780,780
1526399427.613166460	55	40	48	1	2	0	2	-57	81012	8	4	1596	1478	780,780
1526399427.624909695	55	40	48	1	2	0	2	-57	81013	8	4	1596	1478	780,780
1526399427.636685642	55	40	48	1	2	0	2	-57	81014	8	4	1596	1478	780,780
1526399427.648432815	55	40	48	1	2	0	2	-57	81015	8	4	1596	1478	780,780
1526399427.660233356	55	40	48	1	2	0	2	-57	81016	8	4	1596	1478	780,780
1526399427.671910410	55	40	48	1	2	0	2	-57	81017	8	4	1596	1478	780,780
1526399427.683712133	55	40	48	1	2	0	2	-57	81018	8	4	1596	1478	780,780
1526399427.695489862	55	40	48	1	2	0	2	-57	81019	8	4	1596	1478	780,780
1526399427.707251924	55	40	48	1	2	0	2	-57	81020	8	4	1596	1478	780,780
1526399427.719217085	55	40	48	1	2	0	2	-57	81021	8	4	1596	1478	780,780
1526399427.730762258	55	40	48	1	2	0	2	-57	81022	8	4	1596	1478	780,780
1526399427.742386465	55	40	48	1	2	0	2	-57	81023	8	4	1596	1478	780,780
1526399427.754543886	55	40	48	1	2	0	2	-57	81025	8	4	1596	1478	780,780
1526399427.766027526	55	40	48	1	2	0	2	-57	81026	8	4	1596	1478	780,780
1526399427.777790028	55	40	48	1	2	0	2	-57	81027	8	4	1596	1478	780,780
1526399427.789452056	55	40	48	1	2	0	2	-57	81028	8	4	1596	1478	780,780
1526399427.801337982	55	40	48	1	2	0	2	-57	81029	8	4	1596	1478	780,780
1526399427.813090294	55	40	48	1	2	0	2	-57	81030	8	4	1596	1478	780,780
1526399427.824856415	55	40	48	1	2	0	2	-57	81031	8	4	1596	1478	780,780
1526399427.836455595	55	40	48	1	2	0	2	-57	81032	8	4	1596	1478	780,780
1526399427.848292200	55	40	48	1	2	0	2	-57	81033	8	4	1596	1478	780,780
1526399427.860342716	55	40	48	1	2	0	2	-57	81034	8	4	1596	1478	780,780
1526399427.871877247	55	40	48	1	2	0	2	-57	81035	8	4	1596	1478	780,780
1526399427.883656877	55	40	48	1	2	0	2	-57	81036	8	4	1596	1478	780,780
1526399427.895402657	55	40	48	1	2	0	2	-57	81037	8	4	1596	1478	780,780
1526399427.907163578	55	40	48	1	2	0	2	-57	81038	8	4	1596	1478	780,780
1526399427.918919028	55	40	48	0	2	0	2	-57	81039	9	4	1596	1478	780,780
1526399427.930686862	55	40	48	1	2	0	2	-57	81040	8	4	1596	1478	780,780
1526399427.942439479	55	40	48	1	2	0	2	-57	81041	8	4	1596	1478	780,780
1526399427.954210340	55	40	48	1	2	0	2	-57	81042	8	4	1596	1478	780,780
1526399427.965970377	55	40	48	1	2	0	2	-57	81043	8	4	1596	1478	780,780
1526399427.977725322	55	40	48	0	2	0	2	-57	81044	9	4	1596	1478	780,780
1526399427.989483412	55	40	48	1	2	0	2	-57	81045	8	4	1596	1478	780,780
1526399428.001201687	55	40	48	1	2	0	2	-57	81046	8	4	1596	1478	780,780
1526399428.012941940	55	40	48	1	2	0	2	-57	81047	8	4	1596	1478	780,780
1526399428.024715614	55	40	48	1	2	0	2	-57	81048	8	4	1596	1478	780,780
1526399428.037011428	55	40	48	0	2	0	2	-57	81049	9	4	1596	1478	780,780
1526399428.048489918	55	40	48	1	2	0	2	-58	81050	8	4	1596	1478	780,780
1526399428.060070733	55	40	48	1	2	0	2	-57	81051	8	4	1596	1478	780,780
1526399428.071795311	55	40	48	1	2	0	2	-58	81052	8	4	1596	1478	780,780
