1526398276.644869566	158	40	48	0	2	0	2	-64	64568	5	0	1596	1478	104,104
1526398276.644916022	158	40	48	0	2	0	2	-64	64568	5	0	1596	1478	104,104
1526398276.649026408	158	40	48	0	2	0	2	-64	64569	5	0	1596	1478	104,104
1526398276.660820067	158	40	48	0	2	0	2	-64	64570	5	0	1596	1478	104,104
1526398276.672616558	158	40	48	0	2	0	2	-65	64571	5	0	1596	1478	104,104
1526398276.684417857	144	40	48	0	2	0	2	-66	64572	6	0	1596	1478	117,117
1526398276.696343004	144	40	48	0	2	0	2	-66	64573	6	0	1596	1478	117,117
1526398276.708149342	144	40	48	0	2	0	2	-65	64574	6	0	1596	1478	117,117
1526398276.719926458	144	40	48	0	2	0	2	-64	64575	6	0	1596	1478	117,117
1526398276.731692902	144	40	48	0	2	0	2	-64	64576	6	0	1596	1478	117,117
1526398276.743486107	124	40	48	1	2	0	2	-65	64577	7	0	1596	1478	144,444,144,444
1526398276.755171089	124	40	48	1	2	0	2	-65	64578	7	0	1596	1478	144,444,144,444
1526398276.766870369	124	40	48	1	2	0	2	-65	64579	7	0	1596	1478	144,444,144,444
1526398276.778611085	124	40	48	1	2	0	2	-65	64580	7	0	1596	1478	144,444,144,444
1526398276.790484426	124	40	48	1	2	0	2	-66	64581	7	0	1596	1478	144,444,144,444
1526398276.802570390	124	40	48	1	2	0	2	-67	64582	7	0	1596	1478	144,444,144,444
1526398276.813974439	124	40	48	1	2	0	2	-66	64583	7	0	1596	1478	144,444,144,444
1526398276.825751197	124	40	48	1	2	0	2	-66	64584	7	0	1596	1478	144,444,144,444
1526398276.837379684	124	40	48	1	2	0	2	-65	64585	7	0	1596	1478	144,444,144,444
1526398276.849135782	124	40	48	1	2	0	2	-65	64586	7	0	1596	1478	144,444,144,444
1526398276.860916122	124	40	48	1	2	0	2	-65	64587	7	0	1596	1478	144,444,144,444
1526398276.872768531	124	40	48	1	2	0	2	-65	64588	7	0	1596	1478	144,444,144,444
1526398276.884532659	124	40	48	1	2	0	2	-65	64589	7	0	1596	1478	144,444,144,444
1526398276.896287492	124	40	48	1	2	0	2	-65	64590	7	0	1596	1478	144,444,144,444
1526398276.908042636	124	40	48	1	2	0	2	-65	64591	7	0	1596	1478	144,444,144,444
1526398276.919809972	124	40	48	1	2	0	2	-65	64592	7	0	1596	1478	144,444,144,444
1526398276.931581915	124	40	48	1	2	0	2	-66	64593	7	0	1596	1478	144,444,144,444
1526398276.943233912	124	40	48	1	2	0	2	-65	64594	7	0	1596	1478	144,444,144,444
1526398276.954985954	124	40	48	1	2	0	2	-65	64595	7	0	1596	1478	144,444,144,444
1526398276.966726011	110	40	48	1	2	0	2	-64	64596	8	0	1596	1478	173,333,173,333
1526398276.978495738	110	40	48	1	2	0	2	-65	64597	8	0	1596	1478	173,333,173,333
1526398276.990768132	110	40	48	1	2	0	2	-65	64599	8	0	1596	1478	173,333,173,333
1526398277.002825874	110	40	48	1	2	0	2	-66	64602	8	0	1596	1478	173,333,173,333
1526398277.013866497	110	40	48	1	2	0	2	-64	64603	8	0	1596	1478	173,333,173,333
1526398277.025637968	110	40	48	1	2	0	2	-64	64604	8	0	1596	1478	173,333,173,333
1526398277.037385142	110	40	48	1	2	0	2	-63	64605	8	0	1596	1478	173,333,173,333
1526398277.049172772	110	40	48	1	2	0	2	-63	64606	8	0	1596	1478	173,333,173,333
1526398277.060914050	110	40	48	1	2	0	2	-65	64607	8	0	1596	1478	173,333,173,333
1526398277.072659264	110	40	48	1	2	0	2	-65	64608	8	0	1596	1478	173,333,173,333
1526398277.084422430	110	40	48	1	2	0	2	-65	64609	8	0	1596	1478	173,333,173,333
1526398277.097852691	124	40	48	1	2	0	2	-65	64613	7	0	1596	1478	144,444,144,444
1526398277.107958702	124	40	48	1	2	0	2	-65	64614	7	0	1596	1478	144,444,144,444
1526398277.119747168	124	40	48	1	2	0	2	-64	64615	7	0	1596	1478	144,444,144,444
1526398277.131510380	124	40	48	1	2	0	2	-64	64616	7	0	1596	1478	144,444,144,444
1526398277.143262413	124	40	48	1	2	0	2	-63	64617	7	0	1596	1478	144,444,144,444
1526398277.155010650	124	40	48	1	2	0	2	-63	64618	7	0	1596	1478	144,444,144,444
1526398277.166767546	124	40	48	1	2	0	2	-63	64619	7	0	1596	1478	144,444,144,444
1526398277.178550823	124	40	48	1	2	0	2	-63	64620	7	0	1596	1478	144,444,144,444
1526398277.190294888	118	40	48	0	2	0	2	-63	64621	8	0	1596	1478	156,156
1526398277.202054522	124	40	48	1	2	0	2	-63	64622	7	0	1596	1478	144,444,144,444
1526398277.213835246	124	40	48	1	2	0	2	-64	64623	7	0	1596	1478	144,444,144,444
1526398277.225541301	124	40	48	1	2	0	2	-63	64624	7	0	1596	1478	144,444,144,444
1526398277.237315979	124	40	48	1	2	0	2	-63	64625	7	0	1596	1478	144,444,144,444
1526398277.249098242	118	40	48	0	2	0	2	-62	64626	8	0	1596	1478	156,156
1526398277.260848728	118	40	48	0	2	0	2	-63	64627	8	0	1596	1478	156,156
1526398277.272621558	118	40	48	0	2	0	2	-62	64628	8	0	1596	1478	156,156
1526398277.284379056	118	40	48	0	2	0	2	-62	64629	8	0	1596	1478	156,156
1526398277.296438003	110	40	48	1	2	0	2	-63	64631	8	0	1596	1478	173,333,173,333
1526398277.307750709	110	40	48	1	2	0	2	-63	64632	8	0	1596	1478	173,333,173,333
1526398277.319550384	110	40	48	1	2	0	2	-64	64633	8	0	1596	1478	173,333,173,333
1526398277.331288926	110	40	48	1	2	0	2	-64	64634	8	0	1596	1478	173,333,173,333
1526398277.343076531	110	40	48	1	2	0	2	-63	64635	8	0	1596	1478	173,333,173,333
1526398277.354923591	110	40	48	1	2	0	2	-63	64636	8	0	1596	1478	173,333,173,333
1526398277.366686499	110	40	48	1	2	0	2	-64	64637	8	0	1596	1478	173,333,173,333
1526398277.378449107	110	40	48	1	2	0	2	-66	64638	8	0	1596	1478	173,333,173,333
1526398277.391711014	124	40	48	1	2	0	2	-65	64640	7	0	1596	1478	144,444,144,444
1526398277.401970072	124	40	48	1	2	0	2	-64	64641	7	0	1596	1478	144,444,144,444
1526398277.413733968	124	40	48	1	2	0	2	-64	64642	7	0	1596	1478	144,444,144,444
1526398277.425509158	124	40	48	1	2	0	2	-64	64643	7	0	1596	1478	144,444,144,444
1526398277.437261366	124	40	48	1	2	0	2	-64	64644	7	0	1596	1478	144,444,144,444
1526398277.449573586	124	40	48	1	2	0	2	-66	64645	7	0	1596	1478	144,444,144,444
1526398277.460773167	124	40	48	1	2	0	2	-65	64646	7	0	1596	1478	144,444,144,444
1526398277.472542270	124	40	48	1	2	0	2	-65	64647	7	0	1596	1478	144,444,144,444
1526398277.484695030	124	40	48	1	2	0	2	-64	64649	7	0	1596	1478	144,444,144,444
1526398277.496054342	124	40	48	1	2	0	2	-64	64650	7	0	1596	1478	144,444,144,444
1526398277.507839541	124	40	48	1	2	0	2	-64	64651	7	0	1596	1478	144,444,144,444
1526398277.519574176	124	40	48	1	2	0	2	-65	64652	7	0	1596	1478	144,444,144,444
1526398277.531193230	124	40	48	1	2	0	2	-65	64653	7	0	1596	1478	144,444,144,444
1526398277.543109793	124	40	48	1	2	0	2	-66	64654	7	0	1596	1478	144,444,144,444
1526398277.554855421	124	40	48	1	2	0	2	-65	64655	7	0	1596	1478	144,444,144,444
1526398277.566616417	124	40	48	1	2	0	2	-63	64656	7	0	1596	1478	144,444,144,444
1526398277.578408858	124	40	48	1	2	0	2	-63	64657	7	0	1596	1478	144,444,144,444
1526398277.590138853	124	40	48	1	2	0	2	-64	64658	7	0	1596	1478	144,444,144,444
1526398277.601829050	124	40	48	1	2	0	2	-65	64659	7	0	1596	1478	144,444,144,444
1526398277.613669132	124	40	48	1	2	0	2	-65	64660	7	0	1596	1478	144,444,144,444
1526398277.625414439	124	40	48	1	2	0	2	-65	64661	7	0	1596	1478	144,444,144,444
1526398277.637182569	124	40	48	1	2	0	2	-65	64662	7	0	1596	1478	144,444,144,444
1526398277.650581195	124	40	48	1	2	0	2	-66	64665	7	0	1596	1478	144,444,144,444
1526398277.660719716	144	40	48	0	2	0	2	-65	64666	6	0	1596	1478	117,117
1526398277.672362566	144	40	48	0	2	0	2	-65	64667	6	0	1596	1478	117,117
1526398277.684176537	144	40	48	0	2	0	2	-66	64668	6	0	1596	1478	117,117
1526398277.696003021	144	40	48	0	2	0	2	-66	64669	6	0	1596	1478	117,117
1526398277.707759212	144	40	48	0	2	0	2	-65	64670	6	0	1596	1478	117,117
1526398277.719522017	144	40	48	0	2	0	2	-65	64671	6	0	1596	1478	117,117
1526398277.731312955	144	40	48	0	2	0	2	-65	64672	6	0	1596	1478	117,117
1526398277.743023828	144	40	48	0	2	0	2	-66	64673	6	0	1596	1478	117,117
1526398277.754709879	144	40	48	0	2	0	2	-68	64674	6	0	1596	1478	117,117
1526398277.767126805	144	40	48	0	2	0	2	-69	64675	6	0	1596	1478	117,117
1526398277.782050609	158	40	48	0	2	0	2	-68	64679	5	0	1596	1478	104,104
1526398277.790105306	158	40	48	0	2	0	2	-67	64680	5	0	1596	1478	104,104
1526398277.801782655	158	40	48	0	2	0	2	-67	64681	5	0	1596	1478	104,104
1526398277.813522229	158	40	48	0	2	0	2	-65	64682	5	0	1596	1478	104,104
1526398277.825140554	158	40	48	0	2	0	2	-64	64683	5	0	1596	1478	104,104
1526398277.836993367	158	40	48	0	2	0	2	-64	64684	5	0	1596	1478	104,104
1526398277.848882832	158	40	48	0	2	0	2	-65	64685	5	0	1596	1478	104,104
1526398277.860644920	158	40	48	0	2	0	2	-66	64686	5	0	1596	1478	104,104
1526398277.872791841	158	40	48	0	2	0	2	-66	64688	5	0	1596	1478	104,104
1526398277.884144603	158	40	48	0	2	0	2	-64	64689	5	0	1596	1478	104,104
1526398277.895904301	158	40	48	0	2	0	2	-64	64690	5	0	1596	1478	104,104
1526398277.907543632	158	40	48	0	2	0	2	-64	64691	5	0	1596	1478	104,104
1526398277.919345786	158	40	48	0	2	0	2	-63	64692	5	0	1596	1478	104,104
1526398277.931161526	158	40	48	0	2	0	2	-63	64693	5	0	1596	1478	104,104
1526398277.942863074	158	40	48	0	2	0	2	-62	64694	5	0	1596	1478	104,104
1526398277.954623263	158	40	48	0	2	0	2	-63	64695	5	0	1596	1478	104,104
1526398277.966391099	158	40	48	0	2	0	2	-64	64696	5	0	1596	1478	104,104
1526398277.978139261	158	40	48	0	2	0	2	-64	64697	5	0	1596	1478	104,104
1526398277.989886187	158	40	48	0	2	0	2	-62	64698	5	0	1596	1478	104,104
1526398278.001670400	158	40	48	0	2	0	2	-62	64699	5	0	1596	1478	104,104
1526398278.013417139	158	40	48	0	2	0	2	-63	64700	5	0	1596	1478	104,104
1526398278.025174587	158	40	48	0	2	0	2	-65	64701	5	0	1596	1478	104,104
1526398278.037022247	144	40	48	0	2	0	2	-64	64702	6	0	1596	1478	117,117
1526398278.048806819	158	40	48	0	2	0	2	-63	64703	5	0	1596	1478	104,104
1526398278.060571081	158	40	48	0	2	0	2	-62	64704	5	0	1596	1478	104,104
1526398278.072203339	158	40	48	0	2	0	2	-63	64705	5	0	1596	1478	104,104
1526398278.084077450	158	40	48	0	2	0	2	-62	64706	5	0	1596	1478	104,104
1526398278.095827280	144	40	48	0	2	0	2	-63	64707	6	0	1596	1478	117,117
1526398278.107604202	158	40	48	0	2	0	2	-64	64708	5	0	1596	1478	104,104
1526398278.119356818	158	40	48	0	2	0	2	-64	64709	5	0	1596	1478	104,104
1526398278.131111920	158	40	48	0	2	0	2	-63	64710	5	0	1596	1478	104,104
1526398278.142816788	158	40	48	0	2	0	2	-63	64711	5	0	1596	1478	104,104
1526398278.154644529	144	40	48	0	2	0	2	-63	64712	6	0	1596	1478	117,117
1526398278.166419924	158	40	48	0	2	0	2	-63	64713	5	0	1596	1478	104,104
1526398278.178163379	158	40	48	0	2	0	2	-65	64714	5	0	1596	1478	104,104
1526398278.189933788	158	40	48	0	2	0	2	-64	64715	5	0	1596	1478	104,104
1526398278.201693559	158	40	48	0	2	0	2	-63	64716	5	0	1596	1478	104,104
1526398278.213446282	144	40	48	0	2	0	2	-63	64717	6	0	1596	1478	117,117
1526398278.225194785	144	40	48	0	2	0	2	-62	64718	6	0	1596	1478	117,117
1526398278.236960247	144	40	48	0	2	0	2	-64	64719	6	0	1596	1478	117,117
1526398278.248732067	144	40	48	0	2	0	2	-63	64720	6	0	1596	1478	117,117
1526398278.260467791	144	40	48	0	2	0	2	-63	64721	6	0	1596	1478	117,117
1526398278.272235385	134	40	48	0	2	0	2	-64	64722	7	0	1596	1478	130,130
1526398278.283984475	144	40	48	0	2	0	2	-63	64723	6	0	1596	1478	117,117
1526398278.295762280	144	40	48	0	2	0	2	-62	64724	6	0	1596	1478	117,117
1526398278.307460590	144	40	48	0	2	0	2	-62	64725	6	0	1596	1478	117,117
1526398278.319184422	144	40	48	0	2	0	2	-63	64726	6	0	1596	1478	117,117
1526398278.331167564	144	40	48	0	2	0	2	-63	64728	6	0	1596	1478	117,117
1526398278.342567926	144	40	48	0	2	0	2	-62	64729	6	0	1596	1478	117,117
1526398278.354419438	144	40	48	0	2	0	2	-62	64730	6	0	1596	1478	117,117
1526398278.366168668	144	40	48	0	2	0	2	-63	64731	6	0	1596	1478	117,117
1526398278.377942100	144	40	48	0	2	0	2	-64	64732	6	0	1596	1478	117,117
1526398278.389719827	144	40	48	0	2	0	2	-64	64733	6	0	1596	1478	117,117
1526398278.401469768	144	40	48	0	2	0	2	-63	64734	6	0	1596	1478	117,117
1526398278.413235176	144	40	48	0	2	0	2	-63	64735	6	0	1596	1478	117,117
1526398278.424989894	144	40	48	0	2	0	2	-62	64736	6	0	1596	1478	117,117
1526398278.436763561	144	40	48	0	2	0	2	-63	64737	6	0	1596	1478	117,117
1526398278.448678545	144	40	48	0	2	0	2	-63	64738	6	0	1596	1478	117,117
1526398278.460435707	144	40	48	0	2	0	2	-62	64739	6	0	1596	1478	117,117
1526398278.472060274	144	40	48	0	2	0	2	-63	64740	6	0	1596	1478	117,117
1526398278.484058524	144	40	48	0	2	0	2	-64	64741	6	0	1596	1478	117,117
1526398278.495714689	134	40	48	0	2	0	2	-64	64742	7	0	1596	1478	130,130
1526398278.507484941	144	40	48	0	2	0	2	-63	64743	6	0	1596	1478	117,117
1526398278.519237967	144	40	48	0	2	0	2	-62	64744	6	0	1596	1478	117,117
1526398278.531000731	144	40	48	0	2	0	2	-61	64745	6	0	1596	1478	117,117
1526398278.542758599	144	40	48	0	2	0	2	-62	64746	6	0	1596	1478	117,117
1526398278.554519953	134	40	48	0	2	0	2	-62	64747	7	0	1596	1478	130,130
1526398278.566290837	144	40	48	0	2	0	2	-62	64748	6	0	1596	1478	117,117
1526398278.578069890	144	40	48	0	2	0	2	-62	64749	6	0	1596	1478	117,117
1526398278.589710999	144	40	48	0	2	0	2	-62	64750	6	0	1596	1478	117,117
1526398278.601574621	144	40	48	0	2	0	2	-62	64751	6	0	1596	1478	117,117
1526398278.613314677	134	40	48	0	2	0	2	-63	64752	7	0	1596	1478	130,130
1526398278.625075858	124	40	48	1	2	0	2	-63	64753	7	0	1596	1478	144,444,144,444
1526398278.636810937	124	40	48	1	2	0	2	-63	64754	7	0	1596	1478	144,444,144,444
1526398278.648523115	124	40	48	1	2	0	2	-62	64755	7	0	1596	1478	144,444,144,444
1526398278.660207636	124	40	48	1	2	0	2	-63	64756	7	0	1596	1478	144,444,144,444
1526398278.672230215	124	40	48	1	2	0	2	-64	64757	7	0	1596	1478	144,444,144,444
1526398278.683695461	124	40	48	1	2	0	2	-63	64758	7	0	1596	1478	144,444,144,444
1526398278.695517375	124	40	48	1	2	0	2	-63	64759	7	0	1596	1478	144,444,144,444
1526398278.707210517	124	40	48	1	2	0	2	-63	64760	7	0	1596	1478	144,444,144,444
1526398278.718959337	124	40	48	1	2	0	2	-63	64761	7	0	1596	1478	144,444,144,444
1526398278.730870026	124	40	48	1	2	0	2	-63	64762	7	0	1596	1478	144,444,144,444
1526398278.742619913	124	40	48	1	2	0	2	-64	64763	7	0	1596	1478	144,444,144,444
1526398278.754369106	124	40	48	1	2	0	2	-64	64764	7	0	1596	1478	144,444,144,444
1526398278.766468457	124	40	48	1	2	0	2	-65	64766	7	0	1596	1478	144,444,144,444
1526398278.777867365	124	40	48	1	2	0	2	-63	64767	7	0	1596	1478	144,444,144,444
1526398278.789656375	124	40	48	1	2	0	2	-63	64768	7	0	1596	1478	144,444,144,444
1526398278.801412280	124	40	48	1	2	0	2	-64	64769	7	0	1596	1478	144,444,144,444
1526398278.815212467	144	40	48	0	2	0	2	-64	64772	6	0	1596	1478	117,117
1526398278.824965133	144	40	48	0	2	0	2	-64	64773	6	0	1596	1478	117,117
1526398278.836713273	144	40	48	0	2	0	2	-65	64774	6	0	1596	1478	117,117
1526398278.848376772	144	40	48	0	2	0	2	-65	64775	6	0	1596	1478	117,117
1526398278.860681436	144	40	48	0	2	0	2	-64	64776	6	0	1596	1478	117,117
1526398278.872001200	144	40	48	0	2	0	2	-64	64777	6	0	1596	1478	117,117
1526398278.883743844	144	40	48	0	2	0	2	-65	64778	6	0	1596	1478	117,117
1526398278.895384669	144	40	48	0	2	0	2	-66	64779	6	0	1596	1478	117,117
1526398278.907269367	134	40	48	0	2	0	2	-66	64780	7	0	1596	1478	130,130
1526398278.919380159	144	40	48	0	2	0	2	-67	64782	6	0	1596	1478	117,117
1526398278.930705254	144	40	48	0	2	0	2	-68	64783	6	0	1596	1478	117,117
1526398278.942453738	144	40	48	0	2	0	2	-66	64784	6	0	1596	1478	117,117
1526398278.954221047	144	40	48	0	2	0	2	-66	64785	6	0	1596	1478	117,117
1526398278.966052754	134	40	48	0	2	0	2	-65	64786	7	0	1596	1478	130,130
1526398278.977833553	144	40	48	0	2	0	2	-66	64787	6	0	1596	1478	117,117
1526398278.989604697	144	40	48	0	2	0	2	-66	64788	6	0	1596	1478	117,117
1526398279.001374017	144	40	48	0	2	0	2	-67	64789	6	0	1596	1478	117,117
1526398279.013111217	144	40	48	0	2	0	2	-67	64790	6	0	1596	1478	117,117
1526398279.025251454	144	40	48	0	2	0	2	-67	64792	6	0	1596	1478	117,117
1526398279.036630492	144	40	48	0	2	0	2	-67	64793	6	0	1596	1478	117,117
1526398279.048394372	144	40	48	0	2	0	2	-66	64794	6	0	1596	1478	117,117
1526398279.060172658	144	40	48	0	2	0	2	-67	64795	6	0	1596	1478	117,117
1526398279.071922942	144	40	48	0	2	0	2	-66	64796	6	0	1596	1478	117,117
1526398279.083690393	144	40	48	0	2	0	2	-66	64797	6	0	1596	1478	117,117
1526398279.095435971	144	40	48	0	2	0	2	-66	64798	6	0	1596	1478	117,117
1526398279.107193902	144	40	48	0	2	0	2	-66	64799	6	0	1596	1478	117,117
1526398279.119000013	144	40	48	0	2	0	2	-66	64800	6	0	1596	1478	117,117
1526398279.130731793	144	40	48	0	2	0	2	-67	64801	6	0	1596	1478	117,117
1526398279.142451009	144	40	48	0	2	0	2	-67	64802	6	0	1596	1478	117,117
1526398279.154227013	144	40	48	0	2	0	2	-67	64803	6	0	1596	1478	117,117
1526398279.165988377	144	40	48	0	2	0	2	-67	64804	6	0	1596	1478	117,117
1526398279.177761457	144	40	48	0	2	0	2	-67	64805	6	0	1596	1478	117,117
1526398279.189489498	134	40	48	0	2	0	2	-67	64806	7	0	1596	1478	130,130
1526398279.201278734	144	40	48	0	2	0	2	-67	64807	6	0	1596	1478	117,117
1526398279.213071706	144	40	48	0	2	0	2	-67	64808	6	0	1596	1478	117,117
1526398279.224824067	144	40	48	0	2	0	2	-67	64809	6	0	1596	1478	117,117
1526398279.236577284	144	40	48	0	2	0	2	-66	64810	6	0	1596	1478	117,117
1526398279.248776522	144	40	48	0	2	0	2	-65	64812	6	0	1596	1478	117,117
1526398279.260025677	144	40	48	0	2	0	2	-64	64813	6	0	1596	1478	117,117
1526398279.271827639	144	40	48	0	2	0	2	-64	64814	6	0	1596	1478	117,117
1526398279.283600696	144	40	48	0	2	0	2	-65	64815	6	0	1596	1478	117,117
1526398279.295384475	144	40	48	0	2	0	2	-66	64816	6	0	1596	1478	117,117
1526398279.307120696	144	40	48	0	2	0	2	-66	64817	6	0	1596	1478	117,117
1526398279.318858360	144	40	48	0	2	0	2	-66	64818	6	0	1596	1478	117,117
1526398279.330636560	144	40	48	0	2	0	2	-66	64819	6	0	1596	1478	117,117
1526398279.342413966	144	40	48	0	2	0	2	-68	64820	6	0	1596	1478	117,117
1526398279.354066808	144	40	48	0	2	0	2	-68	64821	6	0	1596	1478	117,117
1526398279.367516604	158	40	48	0	2	0	2	-69	64823	5	0	1596	1478	104,104
1526398279.382744188	197	40	48	0	2	0	2	-71	64824	4	0	1596	1478	78,78
1526398279.389485543	197	40	48	0	2	0	2	-71	64825	4	0	1596	1478	78,78
1526398279.401244690	197	40	48	0	2	0	2	-70	64826	4	0	1596	1478	78,78
1526398279.412994100	197	40	48	0	2	0	2	-69	64827	4	0	1596	1478	78,78
1526398279.424782358	197	40	48	0	2	0	2	-68	64828	4	0	1596	1478	78,78
1526398279.436310362	197	40	48	0	2	0	2	-69	64829	4	0	1596	1478	78,78
1526398279.448045327	197	40	48	0	2	0	2	-67	64830	4	0	1596	1478	78,78
1526398279.460029651	197	40	48	0	2	0	2	-67	64831	4	0	1596	1478	78,78
1526398279.471750678	158	40	48	0	2	0	2	-67	64832	5	0	1596	1478	104,104
1526398279.485324512	197	40	48	0	2	0	2	-68	64833	4	0	1596	1478	78,78
1526398279.495763041	197	40	48	0	2	0	2	-68	64835	4	0	1596	1478	78,78
1526398279.507097140	197	40	48	0	2	0	2	-67	64836	4	0	1596	1478	78,78
1526398279.518852016	197	40	48	0	2	0	2	-68	64837	4	0	1596	1478	78,78
1526398279.530524933	197	40	48	0	2	0	2	-69	64838	4	0	1596	1478	78,78
1526398279.542371317	197	40	48	0	2	0	2	-68	64839	4	0	1596	1478	78,78
1526398279.554159208	197	40	48	0	2	0	2	-67	64840	4	0	1596	1478	78,78
1526398279.565876268	197	40	48	0	2	0	2	-67	64841	4	0	1596	1478	78,78
1526398279.577615280	158	40	48	0	2	0	2	-67	64842	5	0	1596	1478	104,104
1526398279.589368771	158	40	48	0	2	0	2	-69	64843	5	0	1596	1478	104,104
1526398279.601136504	158	40	48	0	2	0	2	-67	64844	5	0	1596	1478	104,104
1526398279.612891765	158	40	48	0	2	0	2	-67	64845	5	0	1596	1478	104,104
1526398279.624669969	158	40	48	0	2	0	2	-67	64846	5	0	1596	1478	104,104
1526398279.636308968	144	40	48	0	2	0	2	-67	64847	6	0	1596	1478	117,117
1526398279.648176300	158	40	48	0	2	0	2	-68	64848	5	0	1596	1478	104,104
1526398279.659937524	158	40	48	0	2	0	2	-68	64849	5	0	1596	1478	104,104
1526398279.671489384	158	40	48	0	2	0	2	-68	64850	5	0	1596	1478	104,104
1526398279.683468068	158	40	48	0	2	0	2	-67	64851	5	0	1596	1478	104,104
1526398279.695185616	144	40	48	0	2	0	2	-67	64852	6	0	1596	1478	117,117
1526398279.706946236	144	40	48	0	2	0	2	-67	64853	6	0	1596	1478	117,117
1526398279.718723685	144	40	48	0	2	0	2	-68	64854	6	0	1596	1478	117,117
1526398279.730508992	144	40	48	0	2	0	2	-68	64855	6	0	1596	1478	117,117
1526398279.742252391	144	40	48	0	2	0	2	-69	64856	6	0	1596	1478	117,117
1526398279.754177685	144	40	48	0	2	0	2	-68	64858	6	0	1596	1478	117,117
1526398279.765650082	144	40	48	0	2	0	2	-67	64859	6	0	1596	1478	117,117
1526398279.777494973	144	40	48	0	2	0	2	-67	64860	6	0	1596	1478	117,117
1526398279.789263287	144	40	48	0	2	0	2	-67	64861	6	0	1596	1478	117,117
1526398279.801023908	144	40	48	0	2	0	2	-68	64862	6	0	1596	1478	117,117
1526398279.812792852	144	40	48	0	2	0	2	-69	64863	6	0	1596	1478	117,117
1526398279.824551473	144	40	48	0	2	0	2	-68	64864	6	0	1596	1478	117,117
1526398279.836313649	144	40	48	0	2	0	2	-66	64865	6	0	1596	1478	117,117
1526398279.848087786	144	40	48	0	2	0	2	-66	64866	6	0	1596	1478	117,117
1526398279.859736891	144	40	48	0	2	0	2	-66	64867	6	0	1596	1478	117,117
1526398279.871497099	144	40	48	0	2	0	2	-67	64868	6	0	1596	1478	117,117
1526398279.883182511	144	40	48	0	2	0	2	-68	64869	6	0	1596	1478	117,117
1526398279.894995922	144	40	48	0	2	0	2	-68	64870	6	0	1596	1478	117,117
1526398279.906853703	144	40	48	0	2	0	2	-69	64871	6	0	1596	1478	117,117
1526398279.918486618	134	40	48	0	2	0	2	-68	64872	7	0	1596	1478	130,130
1526398279.930635736	144	40	48	0	2	0	2	-69	64874	6	0	1596	1478	117,117
1526398279.942035157	144	40	48	0	2	0	2	-70	64875	6	0	1596	1478	117,117
1526398279.953909620	144	40	48	0	2	0	2	-70	64876	6	0	1596	1478	117,117
1526398279.965662827	144	40	48	0	2	0	2	-69	64877	6	0	1596	1478	117,117
1526398279.977432397	134	40	48	0	2	0	2	-68	64878	7	0	1596	1478	130,130
1526398279.989193502	144	40	48	0	2	0	2	-67	64879	6	0	1596	1478	117,117
1526398280.000931012	144	40	48	0	2	0	2	-67	64880	6	0	1596	1478	117,117
1526398280.012727795	144	40	48	0	2	0	2	-67	64881	6	0	1596	1478	117,117
1526398280.024461682	144	40	48	0	2	0	2	-68	64882	6	0	1596	1478	117,117
1526398280.036140266	134	40	48	0	2	0	2	-68	64883	7	0	1596	1478	130,130
1526398280.047987057	144	40	48	0	2	0	2	-67	64884	6	0	1596	1478	117,117
1526398280.059752282	144	40	48	0	2	0	2	-68	64885	6	0	1596	1478	117,117
1526398280.071496562	144	40	48	0	2	0	2	-69	64886	6	0	1596	1478	117,117
1526398280.083274661	144	40	48	0	2	0	2	-69	64887	6	0	1596	1478	117,117
1526398280.095440962	144	40	48	0	2	0	2	-68	64889	6	0	1596	1478	117,117
1526398280.106797078	144	40	48	0	2	0	2	-68	64890	6	0	1596	1478	117,117
1526398280.118553816	144	40	48	0	2	0	2	-68	64891	6	0	1596	1478	117,117
1526398280.130310918	144	40	48	0	2	0	2	-66	64892	6	0	1596	1478	117,117
1526398280.142064143	144	40	48	0	2	0	2	-66	64893	6	0	1596	1478	117,117
1526398280.153719257	144	40	48	0	2	0	2	-66	64894	6	0	1596	1478	117,117
1526398280.165525090	144	40	48	0	2	0	2	-66	64895	6	0	1596	1478	117,117
1526398280.177352357	144	40	48	0	2	0	2	-66	64896	6	0	1596	1478	117,117
1526398280.189048110	144	40	48	0	2	0	2	-66	64897	6	0	1596	1478	117,117
1526398280.200880510	144	40	48	0	2	0	2	-67	64898	6	0	1596	1478	117,117
1526398280.212652906	144	40	48	0	2	0	2	-67	64899	6	0	1596	1478	117,117
1526398280.224788345	144	40	48	0	2	0	2	-67	64900	6	0	1596	1478	117,117
1526398280.235995679	144	40	48	0	2	0	2	-67	64901	6	0	1596	1478	117,117
1526398280.247893414	144	40	48	0	2	0	2	-66	64902	6	0	1596	1478	117,117
1526398280.259689136	134	40	48	0	2	0	2	-66	64903	7	0	1596	1478	130,130
1526398280.271424878	124	40	48	1	2	0	2	-67	64904	7	0	1596	1478	144,444,144,444
1526398280.283199196	124	40	48	1	2	0	2	-67	64905	7	0	1596	1478	144,444,144,444
1526398280.294933632	124	40	48	1	2	0	2	-67	64906	7	0	1596	1478	144,444,144,444
1526398280.306690544	124	40	48	1	2	0	2	-67	64907	7	0	1596	1478	144,444,144,444
1526398280.318356140	118	40	48	0	2	0	2	-67	64908	8	0	1596	1478	156,156
1526398280.330205706	118	40	48	0	2	0	2	-67	64909	8	0	1596	1478	156,156
1526398280.341902281	118	40	48	0	2	0	2	-68	64910	8	0	1596	1478	156,156
1526398280.353724871	118	40	48	0	2	0	2	-67	64911	8	0	1596	1478	156,156
1526398280.365791736	118	40	48	0	2	0	2	-67	64913	8	0	1596	1478	156,156
1526398280.377998685	110	40	48	1	2	0	2	-67	64916	8	0	1596	1478	173,333,173,333
1526398280.389008836	110	40	48	1	2	0	2	-67	64917	8	0	1596	1478	173,333,173,333
1526398280.401175314	110	40	48	1	2	0	2	-67	64919	8	0	1596	1478	173,333,173,333
1526398280.412429961	110	40	48	1	2	0	2	-68	64920	8	0	1596	1478	173,333,173,333
1526398280.424280923	110	40	48	1	2	0	2	-68	64921	8	0	1596	1478	173,333,173,333
1526398280.435913332	110	40	48	1	2	0	2	-68	64922	8	0	1596	1478	173,333,173,333
1526398280.449269894	124	40	48	1	2	0	2	-69	64925	7	0	1596	1478	144,444,144,444
1526398280.459569410	124	40	48	1	2	0	2	-68	64926	7	0	1596	1478	144,444,144,444
1526398280.471299720	124	40	48	1	2	0	2	-69	64927	7	0	1596	1478	144,444,144,444
1526398280.483078178	124	40	48	1	2	0	2	-69	64928	7	0	1596	1478	144,444,144,444
1526398280.494778881	124	40	48	1	2	0	2	-69	64929	7	0	1596	1478	144,444,144,444
1526398280.506611077	124	40	48	1	2	0	2	-69	64930	7	0	1596	1478	144,444,144,444
1526398280.518373750	124	40	48	1	2	0	2	-70	64931	7	0	1596	1478	144,444,144,444
1526398280.530062179	124	40	48	1	2	0	2	-68	64932	7	0	1596	1478	144,444,144,444
1526398280.542325151	124	40	48	1	2	0	2	-69	64933	7	0	1596	1478	144,444,144,444
1526398280.553560319	124	40	48	1	2	0	2	-69	64934	7	0	1596	1478	144,444,144,444
1526398280.565852857	124	40	48	1	2	0	2	-69	64936	7	0	1596	1478	144,444,144,444
1526398280.577168692	124	40	48	1	2	0	2	-70	64937	7	0	1596	1478	144,444,144,444
1526398280.589319572	124	40	48	1	2	0	2	-69	64939	7	0	1596	1478	144,444,144,444
1526398280.601847469	124	40	48	1	2	0	2	-69	64943	7	0	1596	1478	144,444,144,444
1526398280.612449299	124	40	48	1	2	0	2	-69	64944	7	0	1596	1478	144,444,144,444
1526398280.624209926	124	40	48	1	2	0	2	-69	64945	7	0	1596	1478	144,444,144,444
1526398280.635958037	124	40	48	1	2	0	2	-69	64946	7	0	1596	1478	144,444,144,444
1526398280.647701101	124	40	48	1	2	0	2	-70	64947	7	0	1596	1478	144,444,144,444
1526398280.659887102	124	40	48	1	2	0	2	-69	64948	7	0	1596	1478	144,444,144,444
1526398280.672012132	124	40	48	1	2	0	2	-69	64951	7	0	1596	1478	144,444,144,444
1526398280.683014105	124	40	48	1	2	0	2	-70	64952	7	0	1596	1478	144,444,144,444
1526398280.695101060	124	40	48	1	2	0	2	-69	64953	7	0	1596	1478	144,444,144,444
1526398280.707740432	124	40	48	1	2	0	2	-70	64956	7	0	1596	1478	144,444,144,444
1526398280.718650328	124	40	48	1	2	0	2	-70	64958	7	0	1596	1478	144,444,144,444
1526398280.729963719	124	40	48	1	2	0	2	-69	64959	7	0	1596	1478	144,444,144,444
1526398280.741813948	124	40	48	1	2	0	2	-69	64960	7	0	1596	1478	144,444,144,444
1526398280.753569514	124	40	48	1	2	0	2	-69	64961	7	0	1596	1478	144,444,144,444
1526398280.765757471	124	40	48	1	2	0	2	-70	64963	7	0	1596	1478	144,444,144,444
1526398280.777890517	124	40	48	1	2	0	2	-69	64965	7	0	1596	1478	144,444,144,444
1526398280.789040584	124	40	48	1	2	0	2	-70	64966	7	0	1596	1478	144,444,144,444
1526398280.800902290	124	40	48	1	2	0	2	-70	64968	7	0	1596	1478	144,444,144,444
1526398280.812375834	124	40	48	1	2	0	2	-71	64969	7	0	1596	1478	144,444,144,444
1526398280.824922009	124	40	48	1	2	0	2	-72	64972	7	0	1596	1478	144,444,144,444
1526398280.835668168	124	40	48	1	2	0	2	-72	64973	7	0	1596	1478	144,444,144,444
1526398280.847433376	124	40	48	1	2	0	2	-71	64974	7	0	1596	1478	144,444,144,444
1526398280.860346621	124	40	48	1	2	0	2	-71	64975	7	0	1596	1478	144,444,144,444
1526398280.871469786	124	40	48	1	2	0	2	-72	64977	7	0	1596	1478	144,444,144,444
1526398280.882838328	124	40	48	1	2	0	2	-71	64978	7	0	1596	1478	144,444,144,444
1526398280.895017595	124	40	48	1	2	0	2	-72	64980	7	0	1596	1478	144,444,144,444
1526398280.906731557	124	40	48	1	2	0	2	-72	64982	7	0	1596	1478	144,444,144,444
1526398280.919534045	144	40	48	0	2	0	2	-71	64984	6	0	1596	1478	117,117
1526398280.929867236	144	40	48	0	2	0	2	-71	64985	6	0	1596	1478	117,117
1526398280.941926978	144	40	48	0	2	0	2	-72	64986	6	0	1596	1478	117,117
1526398280.953417849	144	40	48	0	2	0	2	-71	64987	6	0	1596	1478	117,117
1526398280.965268089	144	40	48	0	2	0	2	-72	64988	6	0	1596	1478	117,117
1526398280.977015623	144	40	48	0	2	0	2	-72	64989	6	0	1596	1478	117,117
1526398280.988787899	144	40	48	0	2	0	2	-73	64990	6	0	1596	1478	117,117
1526398281.000526757	144	40	48	0	2	0	2	-72	64991	6	0	1596	1478	117,117
1526398281.012331751	144	40	48	0	2	0	2	-72	64992	6	0	1596	1478	117,117
1526398281.024054067	134	40	48	0	2	0	2	-72	64993	7	0	1596	1478	130,130
1526398281.035753352	144	40	48	0	2	0	2	-72	64994	6	0	1596	1478	117,117
1526398281.047605309	144	40	48	0	2	0	2	-71	64995	6	0	1596	1478	117,117
1526398281.059361175	144	40	48	0	2	0	2	-71	64996	6	0	1596	1478	117,117
1526398281.071110624	144	40	48	0	2	0	2	-71	64997	6	0	1596	1478	117,117
1526398281.082854384	134	40	48	0	2	0	2	-70	64998	7	0	1596	1478	130,130
1526398281.094643745	144	40	48	0	2	0	2	-71	64999	6	0	1596	1478	117,117
1526398281.106396836	144	40	48	0	2	0	2	-70	65000	6	0	1596	1478	117,117
1526398281.118161238	144	40	48	0	2	0	2	-70	65001	6	0	1596	1478	117,117
1526398281.129909123	144	40	48	0	2	0	2	-71	65002	6	0	1596	1478	117,117
1526398281.141652072	134	40	48	0	2	0	2	-71	65003	7	0	1596	1478	130,130
1526398281.153436264	144	40	48	0	2	0	2	-72	65004	6	0	1596	1478	117,117
1526398281.165201938	144	40	48	0	2	0	2	-70	65005	6	0	1596	1478	117,117
1526398281.176945768	144	40	48	0	2	0	2	-71	65006	6	0	1596	1478	117,117
1526398281.188698373	144	40	48	0	2	0	2	-71	65007	6	0	1596	1478	117,117
1526398281.200458891	134	40	48	0	2	0	2	-70	65008	7	0	1596	1478	130,130
1526398281.212213341	124	40	48	1	2	0	2	-70	65009	7	0	1596	1478	144,444,144,444
1526398281.223983496	124	40	48	1	2	0	2	-70	65010	7	0	1596	1478	144,444,144,444
1526398281.235731222	124	40	48	1	2	0	2	-70	65011	7	0	1596	1478	144,444,144,444
1526398281.247873875	124	40	48	1	2	0	2	-70	65013	7	0	1596	1478	144,444,144,444
1526398281.259552975	124	40	48	1	2	0	2	-70	65014	7	0	1596	1478	144,444,144,444
1526398281.271325660	124	40	48	1	2	0	2	-70	65016	7	0	1596	1478	144,444,144,444
1526398281.282777826	124	40	48	1	2	0	2	-69	65017	7	0	1596	1478	144,444,144,444
1526398281.294535076	124	40	48	1	2	0	2	-70	65018	7	0	1596	1478	144,444,144,444
1526398281.306283401	124	40	48	1	2	0	2	-70	65019	7	0	1596	1478	144,444,144,444
1526398281.318056633	124	40	48	1	2	0	2	-69	65020	7	0	1596	1478	144,444,144,444
1526398281.329803213	124	40	48	1	2	0	2	-69	65021	7	0	1596	1478	144,444,144,444
1526398281.342019229	124	40	48	1	2	0	2	-69	65023	7	0	1596	1478	144,444,144,444
1526398281.354963743	144	40	48	0	2	0	2	-70	65026	6	0	1596	1478	117,117
1526398281.365107679	144	40	48	0	2	0	2	-70	65027	6	0	1596	1478	117,117
1526398281.376870292	144	40	48	0	2	0	2	-71	65028	6	0	1596	1478	117,117
1526398281.388623928	144	40	48	0	2	0	2	-71	65029	6	0	1596	1478	117,117
1526398281.400397588	144	40	48	0	2	0	2	-70	65030	6	0	1596	1478	117,117
1526398281.412075675	144	40	48	0	2	0	2	-70	65031	6	0	1596	1478	117,117
1526398281.423826387	144	40	48	0	2	0	2	-70	65032	6	0	1596	1478	117,117
1526398281.435507761	144	40	48	0	2	0	2	-70	65033	6	0	1596	1478	117,117
1526398281.447372007	134	40	48	0	2	0	2	-71	65034	7	0	1596	1478	130,130
1526398281.459140839	144	40	48	0	2	0	2	-70	65035	6	0	1596	1478	117,117
1526398281.470812533	144	40	48	0	2	0	2	-71	65036	6	0	1596	1478	117,117
1526398281.482532474	144	40	48	0	2	0	2	-70	65037	6	0	1596	1478	117,117
1526398281.494263460	144	40	48	0	2	0	2	-71	65038	6	0	1596	1478	117,117
1526398281.506405580	144	40	48	0	2	0	2	-70	65040	6	0	1596	1478	117,117
1526398281.517845508	144	40	48	0	2	0	2	-71	65041	6	0	1596	1478	117,117
1526398281.529536902	144	40	48	0	2	0	2	-71	65042	6	0	1596	1478	117,117
1526398281.541294700	144	40	48	0	2	0	2	-71	65043	6	0	1596	1478	117,117
1526398281.553150234	144	40	48	0	2	0	2	-70	65044	6	0	1596	1478	117,117
1526398281.564882301	144	40	48	0	2	0	2	-71	65045	6	0	1596	1478	117,117
1526398281.576745106	144	40	48	0	2	0	2	-70	65046	6	0	1596	1478	117,117
1526398281.588543554	144	40	48	0	2	0	2	-71	65047	6	0	1596	1478	117,117
1526398281.600290075	144	40	48	0	2	0	2	-71	65048	6	0	1596	1478	117,117
1526398281.612065939	144	40	48	0	2	0	2	-71	65049	6	0	1596	1478	117,117
1526398281.623825703	144	40	48	0	2	0	2	-71	65050	6	0	1596	1478	117,117
1526398281.635447447	144	40	48	0	2	0	2	-71	65051	6	0	1596	1478	117,117
1526398281.647264388	144	40	48	0	2	0	2	-71	65052	6	0	1596	1478	117,117
1526398281.659107048	144	40	48	0	2	0	2	-71	65053	6	0	1596	1478	117,117
1526398281.670855108	134	40	48	0	2	0	2	-71	65054	7	0	1596	1478	130,130
1526398281.682633169	144	40	48	0	2	0	2	-71	65056	6	0	1596	1478	117,117
1526398281.694286838	144	40	48	0	2	0	2	-71	65057	6	0	1596	1478	117,117
1526398281.706061830	144	40	48	0	2	0	2	-71	65058	6	0	1596	1478	117,117
1526398281.717885212	144	40	48	0	2	0	2	-71	65059	6	0	1596	1478	117,117
1526398281.730406799	144	40	48	0	2	0	2	-72	65061	6	0	1596	1478	117,117
1526398281.741417916	144	40	48	0	2	0	2	-70	65062	6	0	1596	1478	117,117
1526398281.753057956	144	40	48	0	2	0	2	-71	65063	6	0	1596	1478	117,117
1526398281.764946817	144	40	48	0	2	0	2	-71	65064	6	0	1596	1478	117,117
1526398281.776707472	144	40	48	0	2	0	2	-71	65065	6	0	1596	1478	117,117
1526398281.788499695	144	40	48	0	2	0	2	-71	65066	6	0	1596	1478	117,117
1526398281.800280501	144	40	48	0	2	0	2	-72	65067	6	0	1596	1478	117,117
1526398281.811898166	144	40	48	0	2	0	2	-70	65068	6	0	1596	1478	117,117
1526398281.823660204	144	40	48	0	2	0	2	-71	65069	6	0	1596	1478	117,117
1526398281.835298531	144	40	48	0	2	0	2	-71	65070	6	0	1596	1478	117,117
1526398281.847256080	144	40	48	0	2	0	2	-71	65071	6	0	1596	1478	117,117
1526398281.859048328	144	40	48	0	2	0	2	-71	65072	6	0	1596	1478	117,117
1526398281.870787553	144	40	48	0	2	0	2	-71	65073	6	0	1596	1478	117,117
1526398281.882567122	144	40	48	0	2	0	2	-71	65074	6	0	1596	1478	117,117
1526398281.894296532	134	40	48	0	2	0	2	-71	65075	7	0	1596	1478	130,130
1526398281.906064693	144	40	48	0	2	0	2	-71	65076	6	0	1596	1478	117,117
1526398281.917832314	144	40	48	0	2	0	2	-71	65077	6	0	1596	1478	117,117
1526398281.929594380	144	40	48	0	2	0	2	-71	65078	6	0	1596	1478	117,117
1526398281.941353435	144	40	48	0	2	0	2	-71	65079	6	0	1596	1478	117,117
1526398281.953000444	134	40	48	0	2	0	2	-70	65080	7	0	1596	1478	130,130
1526398281.965526013	124	40	48	1	2	0	2	-70	65081	7	0	1596	1478	144,444,144,444
1526398281.976594835	124	40	48	1	2	0	2	-71	65082	7	0	1596	1478	144,444,144,444
1526398281.988314274	124	40	48	1	2	0	2	-70	65083	7	0	1596	1478	144,444,144,444
1526398282.000597778	124	40	48	1	2	0	2	-70	65085	7	0	1596	1478	144,444,144,444
1526398282.012273446	124	40	48	1	2	0	2	-70	65087	7	0	1596	1478	144,444,144,444
1526398282.023643594	124	40	48	1	2	0	2	-70	65088	7	0	1596	1478	144,444,144,444
1526398282.035243111	124	40	48	1	2	0	2	-70	65089	7	0	1596	1478	144,444,144,444
1526398282.046996860	124	40	48	1	2	0	2	-69	65090	7	0	1596	1478	144,444,144,444
1526398282.058823082	124	40	48	1	2	0	2	-70	65091	7	0	1596	1478	144,444,144,444
1526398282.070692187	124	40	48	1	2	0	2	-71	65092	7	0	1596	1478	144,444,144,444
1526398282.082439146	124	40	48	1	2	0	2	-71	65093	7	0	1596	1478	144,444,144,444
1526398282.094213522	124	40	48	1	2	0	2	-71	65094	7	0	1596	1478	144,444,144,444
1526398282.105980636	124	40	48	1	2	0	2	-71	65095	7	0	1596	1478	144,444,144,444
1526398282.117723198	124	40	48	1	2	0	2	-71	65096	7	0	1596	1478	144,444,144,444
1526398282.129479998	124	40	48	1	2	0	2	-70	65097	7	0	1596	1478	144,444,144,444
1526398282.141242976	124	40	48	1	2	0	2	-71	65098	7	0	1596	1478	144,444,144,444
1526398282.152927332	124	40	48	1	2	0	2	-69	65099	7	0	1596	1478	144,444,144,444
1526398282.164736219	124	40	48	1	2	0	2	-70	65100	7	0	1596	1478	144,444,144,444
1526398282.177255695	124	40	48	1	2	0	2	-71	65102	7	0	1596	1478	144,444,144,444
1526398282.189113042	124	40	48	1	2	0	2	-71	65105	7	0	1596	1478	144,444,144,444
1526398282.201207548	124	40	48	1	2	0	2	-70	65109	7	0	1596	1478	144,444,144,444
1526398282.212162512	124	40	48	1	2	0	2	-72	65111	7	0	1596	1478	144,444,144,444
1526398282.223955420	124	40	48	1	2	0	2	-71	65113	7	0	1596	1478	144,444,144,444
1526398282.236731173	144	40	48	0	2	0	2	-71	65115	6	0	1596	1478	117,117
1526398282.247104968	144	40	48	0	2	0	2	-71	65116	6	0	1596	1478	117,117
1526398282.258863878	144	40	48	0	2	0	2	-72	65117	6	0	1596	1478	117,117
1526398282.270637619	144	40	48	0	2	0	2	-71	65118	6	0	1596	1478	117,117
1526398282.282371215	144	40	48	0	2	0	2	-71	65119	6	0	1596	1478	117,117
1526398282.294144457	144	40	48	0	2	0	2	-70	65120	6	0	1596	1478	117,117
1526398282.305907726	144	40	48	0	2	0	2	-70	65121	6	0	1596	1478	117,117
1526398282.317618169	144	40	48	0	2	0	2	-70	65122	6	0	1596	1478	117,117
1526398282.329346676	144	40	48	0	2	0	2	-70	65123	6	0	1596	1478	117,117
1526398282.341619708	144	40	48	0	2	0	2	-71	65125	6	0	1596	1478	117,117
1526398282.352933535	144	40	48	0	2	0	2	-69	65126	6	0	1596	1478	117,117
1526398282.364711875	144	40	48	0	2	0	2	-70	65127	6	0	1596	1478	117,117
1526398282.376478225	144	40	48	0	2	0	2	-70	65128	6	0	1596	1478	117,117
1526398282.388238303	144	40	48	0	2	0	2	-69	65129	6	0	1596	1478	117,117
1526398282.399990166	144	40	48	0	2	0	2	-69	65130	6	0	1596	1478	117,117
1526398282.411756271	144	40	48	0	2	0	2	-69	65131	6	0	1596	1478	117,117
1526398282.423499470	144	40	48	0	2	0	2	-69	65132	6	0	1596	1478	117,117
1526398282.435226284	144	40	48	0	2	0	2	-69	65133	6	0	1596	1478	117,117
1526398282.447019534	144	40	48	0	2	0	2	-69	65134	6	0	1596	1478	117,117
1526398282.458665478	144	40	48	0	2	0	2	-69	65135	6	0	1596	1478	117,117
1526398282.470366989	144	40	48	0	2	0	2	-69	65136	6	0	1596	1478	117,117
1526398282.482303197	144	40	48	0	2	0	2	-69	65137	6	0	1596	1478	117,117
1526398282.494083007	144	40	48	0	2	0	2	-69	65138	6	0	1596	1478	117,117
1526398282.505783791	134	40	48	0	2	0	2	-69	65139	7	0	1596	1478	130,130
1526398282.517579155	144	40	48	0	2	0	2	-70	65140	6	0	1596	1478	117,117
1526398282.529221710	144	40	48	0	2	0	2	-69	65141	6	0	1596	1478	117,117
1526398282.540963718	144	40	48	0	2	0	2	-70	65142	6	0	1596	1478	117,117
1526398282.552766811	144	40	48	0	2	0	2	-70	65143	6	0	1596	1478	117,117
1526398282.565007355	144	40	48	0	2	0	2	-69	65144	6	0	1596	1478	117,117
1526398282.576293577	144	40	48	0	2	0	2	-69	65145	6	0	1596	1478	117,117
1526398282.588167294	144	40	48	0	2	0	2	-69	65146	6	0	1596	1478	117,117
1526398282.599919258	144	40	48	0	2	0	2	-70	65147	6	0	1596	1478	117,117
1526398282.611656388	144	40	48	0	2	0	2	-69	65148	6	0	1596	1478	117,117
1526398282.623352770	144	40	48	0	2	0	2	-70	65149	6	0	1596	1478	117,117
1526398282.634982162	144	40	48	0	2	0	2	-70	65150	6	0	1596	1478	117,117
1526398282.646877794	144	40	48	0	2	0	2	-70	65151	6	0	1596	1478	117,117
1526398282.658685594	144	40	48	0	2	0	2	-70	65152	6	0	1596	1478	117,117
1526398282.670382477	144	40	48	0	2	0	2	-70	65153	6	0	1596	1478	117,117
1526398282.682461949	144	40	48	0	2	0	2	-69	65154	6	0	1596	1478	117,117
1526398282.693976669	144	40	48	0	2	0	2	-70	65155	6	0	1596	1478	117,117
1526398282.705685317	144	40	48	0	2	0	2	-69	65156	6	0	1596	1478	117,117
1526398282.717501429	144	40	48	0	2	0	2	-70	65157	6	0	1596	1478	117,117
1526398282.729704174	144	40	48	0	2	0	2	-70	65159	6	0	1596	1478	117,117
1526398282.741020136	144	40	48	0	2	0	2	-69	65160	6	0	1596	1478	117,117
1526398282.752791322	144	40	48	0	2	0	2	-70	65161	6	0	1596	1478	117,117
1526398282.764552786	144	40	48	0	2	0	2	-70	65162	6	0	1596	1478	117,117
1526398282.776132500	144	40	48	0	2	0	2	-70	65163	6	0	1596	1478	117,117
1526398282.787990929	144	40	48	0	2	0	2	-70	65164	6	0	1596	1478	117,117
1526398282.799750053	144	40	48	0	2	0	2	-69	65165	6	0	1596	1478	117,117
1526398282.811486864	144	40	48	0	2	0	2	-70	65166	6	0	1596	1478	117,117
1526398282.823249423	144	40	48	0	2	0	2	-69	65167	6	0	1596	1478	117,117
1526398282.834995379	144	40	48	0	2	0	2	-70	65168	6	0	1596	1478	117,117
1526398282.846767039	144	40	48	0	2	0	2	-69	65169	6	0	1596	1478	117,117
1526398282.858526885	144	40	48	0	2	0	2	-70	65170	6	0	1596	1478	117,117
1526398282.870570836	144	40	48	0	2	0	2	-70	65171	6	0	1596	1478	117,117
1526398282.882048472	144	40	48	0	2	0	2	-69	65172	6	0	1596	1478	117,117
1526398282.894201500	144	40	48	0	2	0	2	-70	65174	6	0	1596	1478	117,117
1526398282.905555163	144	40	48	0	2	0	2	-70	65175	6	0	1596	1478	117,117
1526398282.917325858	144	40	48	0	2	0	2	-69	65176	6	0	1596	1478	117,117
1526398282.929006553	144	40	48	0	2	0	2	-71	65177	6	0	1596	1478	117,117
1526398282.940842509	144	40	48	0	2	0	2	-70	65178	6	0	1596	1478	117,117
1526398282.952599933	144	40	48	0	2	0	2	-70	65179	6	0	1596	1478	117,117
1526398282.964354940	144	40	48	0	2	0	2	-70	65180	6	0	1596	1478	117,117
1526398282.976104987	144	40	48	0	2	0	2	-70	65181	6	0	1596	1478	117,117
1526398282.987950228	144	40	48	0	2	0	2	-71	65182	6	0	1596	1478	117,117
1526398282.999761986	144	40	48	0	2	0	2	-70	65183	6	0	1596	1478	117,117
1526398283.011492698	144	40	48	0	2	0	2	-70	65184	6	0	1596	1478	117,117
1526398283.023270456	144	40	48	0	2	0	2	-69	65185	6	0	1596	1478	117,117
1526398283.034929576	144	40	48	0	2	0	2	-70	65186	6	0	1596	1478	117,117
1526398283.046679007	144	40	48	0	2	0	2	-70	65187	6	0	1596	1478	117,117
1526398283.058510361	134	40	48	0	2	0	2	-70	65188	7	0	1596	1478	130,130
1526398283.070302114	144	40	48	0	2	0	2	-70	65189	6	0	1596	1478	117,117
1526398283.081995212	144	40	48	0	2	0	2	-70	65190	6	0	1596	1478	117,117
1526398283.093758545	144	40	48	0	2	0	2	-71	65191	6	0	1596	1478	117,117
1526398283.105583066	144	40	48	0	2	0	2	-70	65192	6	0	1596	1478	117,117
1526398283.117757072	144	40	48	0	2	0	2	-71	65193	6	0	1596	1478	117,117
1526398283.129108622	144	40	48	0	2	0	2	-69	65194	6	0	1596	1478	117,117
1526398283.140870122	144	40	48	0	2	0	2	-70	65195	6	0	1596	1478	117,117
1526398283.152649568	144	40	48	0	2	0	2	-70	65196	6	0	1596	1478	117,117
1526398283.164387129	144	40	48	0	2	0	2	-70	65197	6	0	1596	1478	117,117
1526398283.176146847	144	40	48	0	2	0	2	-70	65198	6	0	1596	1478	117,117
1526398283.187925597	144	40	48	0	2	0	2	-70	65199	6	0	1596	1478	117,117
1526398283.199670705	144	40	48	0	2	0	2	-70	65200	6	0	1596	1478	117,117
1526398283.211430125	144	40	48	0	2	0	2	-70	65201	6	0	1596	1478	117,117
1526398283.223206875	144	40	48	0	2	0	2	-70	65202	6	0	1596	1478	117,117
1526398283.234891178	144	40	48	0	2	0	2	-70	65203	6	0	1596	1478	117,117
1526398283.246645855	144	40	48	0	2	0	2	-70	65204	6	0	1596	1478	117,117
1526398283.258468366	144	40	48	0	2	0	2	-69	65205	6	0	1596	1478	117,117
1526398283.270458015	144	40	48	0	2	0	2	-69	65206	6	0	1596	1478	117,117
1526398283.281925054	134	40	48	0	2	0	2	-70	65207	7	0	1596	1478	130,130
1526398283.293768306	144	40	48	0	2	0	2	-70	65208	6	0	1596	1478	117,117
1526398283.305453379	144	40	48	0	2	0	2	-69	65209	6	0	1596	1478	117,117
1526398283.317273617	144	40	48	0	2	0	2	-69	65210	6	0	1596	1478	117,117
1526398283.329037769	144	40	48	0	2	0	2	-69	65211	6	0	1596	1478	117,117
1526398283.340786323	134	40	48	0	2	0	2	-69	65212	7	0	1596	1478	130,130
1526398283.352549680	124	40	48	1	2	0	2	-70	65213	7	0	1596	1478	144,444,144,444
1526398283.364291361	124	40	48	1	2	0	2	-70	65214	7	0	1596	1478	144,444,144,444
1526398283.376036595	124	40	48	1	2	0	2	-70	65215	7	0	1596	1478	144,444,144,444
1526398283.387847122	124	40	48	1	2	0	2	-70	65216	7	0	1596	1478	144,444,144,444
1526398283.400084717	124	40	48	1	2	0	2	-70	65217	7	0	1596	1478	144,444,144,444
1526398283.411342976	124	40	48	1	2	0	2	-70	65218	7	0	1596	1478	144,444,144,444
1526398283.423113084	124	40	48	1	2	0	2	-70	65219	7	0	1596	1478	144,444,144,444
1526398283.434845984	124	40	48	1	2	0	2	-70	65220	7	0	1596	1478	144,444,144,444
1526398283.446669254	124	40	48	1	2	0	2	-70	65221	7	0	1596	1478	144,444,144,444
1526398283.458360883	124	40	48	1	2	0	2	-70	65222	7	0	1596	1478	144,444,144,444
1526398283.470516616	124	40	48	1	2	0	2	-70	65224	7	0	1596	1478	144,444,144,444
1526398283.482250751	124	40	48	1	2	0	2	-70	65226	7	0	1596	1478	144,444,144,444
1526398283.493579363	124	40	48	1	2	0	2	-71	65227	7	0	1596	1478	144,444,144,444
1526398283.505486917	124	40	48	1	2	0	2	-70	65228	7	0	1596	1478	144,444,144,444
1526398283.517542312	124	40	48	1	2	0	2	-70	65230	7	0	1596	1478	144,444,144,444
1526398283.529033411	124	40	48	1	2	0	2	-71	65231	7	0	1596	1478	144,444,144,444
1526398283.540623310	124	40	48	1	2	0	2	-70	65232	7	0	1596	1478	144,444,144,444
1526398283.552493099	124	40	48	1	2	0	2	-71	65233	7	0	1596	1478	144,444,144,444
1526398283.564639393	124	40	48	1	2	0	2	-70	65234	7	0	1596	1478	144,444,144,444
1526398283.576029458	124	40	48	1	2	0	2	-70	65235	7	0	1596	1478	144,444,144,444
1526398283.587778319	124	40	48	1	2	0	2	-70	65236	7	0	1596	1478	144,444,144,444
1526398283.599520920	124	40	48	1	2	0	2	-71	65237	7	0	1596	1478	144,444,144,444
1526398283.611305178	124	40	48	1	2	0	2	-70	65238	7	0	1596	1478	144,444,144,444
1526398283.623374383	124	40	48	1	2	0	2	-70	65240	7	0	1596	1478	144,444,144,444
1526398283.634823276	124	40	48	1	2	0	2	-70	65241	7	0	1596	1478	144,444,144,444
1526398283.646504702	124	40	48	1	2	0	2	-71	65242	7	0	1596	1478	144,444,144,444
1526398283.658033744	124	40	48	1	2	0	2	-71	65243	7	0	1596	1478	144,444,144,444
1526398283.670234761	124	40	48	1	2	0	2	-71	65244	7	0	1596	1478	144,444,144,444
1526398283.683464043	144	40	48	0	2	0	2	-71	65249	6	0	1596	1478	117,117
1526398283.693598715	144	40	48	0	2	0	2	-70	65250	6	0	1596	1478	117,117
1526398283.705192256	144	40	48	0	2	0	2	-71	65251	6	0	1596	1478	117,117
1526398283.717107720	144	40	48	0	2	0	2	-70	65252	6	0	1596	1478	117,117
1526398283.728838995	144	40	48	0	2	0	2	-70	65253	6	0	1596	1478	117,117
1526398283.740647964	144	40	48	0	2	0	2	-70	65254	6	0	1596	1478	117,117
1526398283.752325177	144	40	48	0	2	0	2	-70	65255	6	0	1596	1478	117,117
1526398283.763975816	144	40	48	0	2	0	2	-70	65256	6	0	1596	1478	117,117
1526398283.776295247	144	40	48	0	2	0	2	-71	65258	6	0	1596	1478	117,117
1526398283.787677480	144	40	48	0	2	0	2	-70	65259	6	0	1596	1478	117,117
1526398283.799433599	144	40	48	0	2	0	2	-71	65260	6	0	1596	1478	117,117
1526398283.811200304	144	40	48	0	2	0	2	-71	65261	6	0	1596	1478	117,117
1526398283.822879972	144	40	48	0	2	0	2	-70	65262	6	0	1596	1478	117,117
1526398283.834720795	144	40	48	0	2	0	2	-71	65263	6	0	1596	1478	117,117
1526398283.846472167	144	40	48	0	2	0	2	-70	65264	6	0	1596	1478	117,117
1526398283.858228245	144	40	48	0	2	0	2	-71	65265	6	0	1596	1478	117,117
1526398283.870000510	144	40	48	0	2	0	2	-70	65266	6	0	1596	1478	117,117
1526398283.881749036	144	40	48	0	2	0	2	-70	65267	6	0	1596	1478	117,117
1526398283.893514540	144	40	48	0	2	0	2	-70	65268	6	0	1596	1478	117,117
1526398283.905218903	144	40	48	0	2	0	2	-70	65269	6	0	1596	1478	117,117
1526398283.916957633	144	40	48	0	2	0	2	-70	65270	6	0	1596	1478	117,117
1526398283.928783822	144	40	48	0	2	0	2	-69	65271	6	0	1596	1478	117,117
1526398283.940534147	134	40	48	0	2	0	2	-70	65272	7	0	1596	1478	130,130
1526398283.952327411	144	40	48	0	2	0	2	-70	65273	6	0	1596	1478	117,117
1526398283.964085655	144	40	48	0	2	0	2	-70	65274	6	0	1596	1478	117,117
1526398283.975830936	144	40	48	0	2	0	2	-70	65275	6	0	1596	1478	117,117
1526398283.987584796	144	40	48	0	2	0	2	-70	65276	6	0	1596	1478	117,117
1526398283.999285473	134	40	48	0	2	0	2	-70	65277	7	0	1596	1478	130,130
1526398284.011128921	144	40	48	0	2	0	2	-70	65278	6	0	1596	1478	117,117
1526398284.022861164	144	40	48	0	2	0	2	-70	65279	6	0	1596	1478	117,117
1526398284.034509206	144	40	48	0	2	0	2	-70	65280	6	0	1596	1478	117,117
1526398284.046335531	144	40	48	0	2	0	2	-71	65281	6	0	1596	1478	117,117
1526398284.058524128	144	40	48	0	2	0	2	-70	65282	6	0	1596	1478	117,117
1526398284.069933229	144	40	48	0	2	0	2	-70	65283	6	0	1596	1478	117,117
1526398284.081597913	144	40	48	0	2	0	2	-70	65284	6	0	1596	1478	117,117
1526398284.093443360	144	40	48	0	2	0	2	-70	65285	6	0	1596	1478	117,117
1526398284.105192058	144	40	48	0	2	0	2	-70	65286	6	0	1596	1478	117,117
1526398284.116948866	144	40	48	0	2	0	2	-70	65287	6	0	1596	1478	117,117
1526398284.128692494	144	40	48	0	2	0	2	-70	65288	6	0	1596	1478	117,117
1526398284.140413600	144	40	48	0	2	0	2	-70	65289	6	0	1596	1478	117,117
1526398284.152238282	144	40	48	0	2	0	2	-70	65290	6	0	1596	1478	117,117
1526398284.164005812	144	40	48	0	2	0	2	-70	65291	6	0	1596	1478	117,117
1526398284.175765832	144	40	48	0	2	0	2	-70	65292	6	0	1596	1478	117,117
1526398284.187512572	144	40	48	0	2	0	2	-70	65293	6	0	1596	1478	117,117
1526398284.199257307	144	40	48	0	2	0	2	-70	65294	6	0	1596	1478	117,117
1526398284.211019212	144	40	48	0	2	0	2	-70	65295	6	0	1596	1478	117,117
1526398284.222806469	134	40	48	0	2	0	2	-70	65296	7	0	1596	1478	130,130
1526398284.234548145	144	40	48	0	2	0	2	-70	65297	6	0	1596	1478	117,117
1526398284.246217992	144	40	48	0	2	0	2	-70	65298	6	0	1596	1478	117,117
1526398284.258063805	144	40	48	0	2	0	2	-70	65299	6	0	1596	1478	117,117
1526398284.269833762	144	40	48	0	2	0	2	-70	65300	6	0	1596	1478	117,117
1526398284.281570632	134	40	48	0	2	0	2	-70	65301	7	0	1596	1478	130,130
1526398284.293304273	124	40	48	1	2	0	2	-70	65302	7	0	1596	1478	144,444,144,444
1526398284.305114142	124	40	48	1	2	0	2	-70	65303	7	0	1596	1478	144,444,144,444
1526398284.316852097	124	40	48	1	2	0	2	-71	65304	7	0	1596	1478	144,444,144,444
1526398284.328619661	124	40	48	1	2	0	2	-70	65305	7	0	1596	1478	144,444,144,444
1526398284.340784119	124	40	48	1	2	0	2	-69	65306	7	0	1596	1478	144,444,144,444
1526398284.352147453	124	40	48	1	2	0	2	-70	65307	7	0	1596	1478	144,444,144,444
1526398284.363904510	124	40	48	1	2	0	2	-70	65308	7	0	1596	1478	144,444,144,444
1526398284.375644982	124	40	48	1	2	0	2	-70	65309	7	0	1596	1478	144,444,144,444
1526398284.387859661	124	40	48	1	2	0	2	-70	65311	7	0	1596	1478	144,444,144,444
1526398284.399186249	124	40	48	1	2	0	2	-70	65312	7	0	1596	1478	144,444,144,444
1526398284.410923955	124	40	48	1	2	0	2	-70	65313	7	0	1596	1478	144,444,144,444
1526398284.423286306	124	40	48	1	2	0	2	-70	65314	7	0	1596	1478	144,444,144,444
1526398284.434451092	124	40	48	1	2	0	2	-70	65315	7	0	1596	1478	144,444,144,444
1526398284.446202072	124	40	48	1	2	0	2	-70	65316	7	0	1596	1478	144,444,144,444
1526398284.457860272	124	40	48	1	2	0	2	-70	65317	7	0	1596	1478	144,444,144,444
1526398284.469723318	124	40	48	1	2	0	2	-70	65318	7	0	1596	1478	144,444,144,444
1526398284.481486975	124	40	48	1	2	0	2	-69	65319	7	0	1596	1478	144,444,144,444
1526398284.493624760	124	40	48	1	2	0	2	-69	65320	7	0	1596	1478	144,444,144,444
1526398284.505290574	124	40	48	1	2	0	2	-69	65321	7	0	1596	1478	144,444,144,444
1526398284.516582957	124	40	48	1	2	0	2	-69	65322	7	0	1596	1478	144,444,144,444
1526398284.528406161	124	40	48	1	2	0	2	-70	65323	7	0	1596	1478	144,444,144,444
1526398284.540190424	124	40	48	1	2	0	2	-69	65324	7	0	1596	1478	144,444,144,444
1526398284.552037007	124	40	48	1	2	0	2	-69	65325	7	0	1596	1478	144,444,144,444
1526398284.563809652	124	40	48	1	2	0	2	-69	65326	7	0	1596	1478	144,444,144,444
1526398284.575498912	124	40	48	1	2	0	2	-69	65327	7	0	1596	1478	144,444,144,444
1526398284.587325534	124	40	48	1	2	0	2	-68	65328	7	0	1596	1478	144,444,144,444
1526398284.599116560	124	40	48	1	2	0	2	-69	65329	7	0	1596	1478	144,444,144,444
1526398284.610840571	124	40	48	1	2	0	2	-70	65330	7	0	1596	1478	144,444,144,444
1526398284.622521756	124	40	48	1	2	0	2	-69	65331	7	0	1596	1478	144,444,144,444
1526398284.634294085	124	40	48	1	2	0	2	-69	65332	7	0	1596	1478	144,444,144,444
1526398284.646084021	124	40	48	1	2	0	2	-69	65333	7	0	1596	1478	144,444,144,444
1526398284.657783183	124	40	48	1	2	0	2	-68	65334	7	0	1596	1478	144,444,144,444
1526398284.669936598	124	40	48	1	2	0	2	-69	65335	7	0	1596	1478	144,444,144,444
1526398284.681758594	124	40	48	1	2	0	2	-69	65337	7	0	1596	1478	144,444,144,444
1526398284.693181206	124	40	48	1	2	0	2	-69	65338	7	0	1596	1478	144,444,144,444
1526398284.704929097	124	40	48	1	2	0	2	-69	65339	7	0	1596	1478	144,444,144,444
1526398284.716692004	124	40	48	1	2	0	2	-68	65340	7	0	1596	1478	144,444,144,444
1526398284.728360506	124	40	48	1	2	0	2	-68	65341	7	0	1596	1478	144,444,144,444
1526398284.740035108	124	40	48	1	2	0	2	-68	65342	7	0	1596	1478	144,444,144,444
1526398284.751853266	124	40	48	1	2	0	2	-69	65343	7	0	1596	1478	144,444,144,444
1526398284.763442843	124	40	48	1	2	0	2	-68	65344	7	0	1596	1478	144,444,144,444
1526398284.775322309	124	40	48	1	2	0	2	-69	65345	7	0	1596	1478	144,444,144,444
1526398284.787135823	124	40	48	1	2	0	2	-69	65346	7	0	1596	1478	144,444,144,444
1526398284.798913159	124	40	48	1	2	0	2	-69	65347	7	0	1596	1478	144,444,144,444
1526398284.810666211	124	40	48	1	2	0	2	-69	65348	7	0	1596	1478	144,444,144,444
1526398284.822437482	124	40	48	1	2	0	2	-69	65349	7	0	1596	1478	144,444,144,444
1526398284.834577784	124	40	48	1	2	0	2	-68	65350	7	0	1596	1478	144,444,144,444
1526398284.845739002	124	40	48	1	2	0	2	-68	65351	7	0	1596	1478	144,444,144,444
1526398284.857624790	124	40	48	1	2	0	2	-68	65352	7	0	1596	1478	144,444,144,444
1526398284.869369508	124	40	48	1	2	0	2	-69	65353	7	0	1596	1478	144,444,144,444
1526398284.881151905	124	40	48	1	2	0	2	-68	65354	7	0	1596	1478	144,444,144,444
1526398284.892930302	124	40	48	1	2	0	2	-69	65355	7	0	1596	1478	144,444,144,444
1526398284.904699537	124	40	48	1	2	0	2	-68	65356	7	0	1596	1478	144,444,144,444
1526398284.916587818	124	40	48	1	2	0	2	-68	65357	7	0	1596	1478	144,444,144,444
1526398284.928210444	124	40	48	1	2	0	2	-68	65358	7	0	1596	1478	144,444,144,444
1526398284.940119929	124	40	48	1	2	0	2	-68	65359	7	0	1596	1478	144,444,144,444
1526398284.951768006	124	40	48	1	2	0	2	-68	65360	7	0	1596	1478	144,444,144,444
1526398284.963683318	124	40	48	1	2	0	2	-68	65361	7	0	1596	1478	144,444,144,444
1526398284.975405822	124	40	48	1	2	0	2	-68	65362	7	0	1596	1478	144,444,144,444
1526398284.987161621	124	40	48	1	2	0	2	-69	65363	7	0	1596	1478	144,444,144,444
1526398284.999772500	124	40	48	1	2	0	2	-68	65365	7	0	1596	1478	144,444,144,444
1526398285.010614113	124	40	48	1	2	0	2	-68	65366	7	0	1596	1478	144,444,144,444
1526398285.022369498	124	40	48	1	2	0	2	-68	65367	7	0	1596	1478	144,444,144,444
1526398285.034109971	124	40	48	1	2	0	2	-68	65368	7	0	1596	1478	144,444,144,444
1526398285.045911864	124	40	48	1	2	0	2	-68	65369	7	0	1596	1478	144,444,144,444
1526398285.057716691	124	40	48	1	2	0	2	-68	65370	7	0	1596	1478	144,444,144,444
1526398285.069493155	124	40	48	1	2	0	2	-68	65371	7	0	1596	1478	144,444,144,444
1526398285.081238421	124	40	48	1	2	0	2	-68	65372	7	0	1596	1478	144,444,144,444
1526398285.092935975	124	40	48	1	2	0	2	-68	65373	7	0	1596	1478	144,444,144,444
1526398285.104776678	124	40	48	1	2	0	2	-68	65374	7	0	1596	1478	144,444,144,444
1526398285.116516965	124	40	48	1	2	0	2	-68	65375	7	0	1596	1478	144,444,144,444
1526398285.128283199	124	40	48	1	2	0	2	-68	65376	7	0	1596	1478	144,444,144,444
1526398285.140298070	124	40	48	1	2	0	2	-68	65377	7	0	1596	1478	144,444,144,444
1526398285.151839346	124	40	48	1	2	0	2	-68	65378	7	0	1596	1478	144,444,144,444
1526398285.163592945	118	40	48	0	2	0	2	-68	65379	8	0	1596	1478	156,156
1526398285.175265304	124	40	48	1	2	0	2	-68	65380	7	0	1596	1478	144,444,144,444
1526398285.187083488	124	40	48	1	2	0	2	-68	65381	7	0	1596	1478	144,444,144,444
1526398285.198832049	124	40	48	1	2	0	2	-68	65382	7	0	1596	1478	144,444,144,444
1526398285.210601838	124	40	48	1	2	0	2	-68	65383	7	0	1596	1478	144,444,144,444
1526398285.222385270	118	40	48	0	2	0	2	-68	65384	8	0	1596	1478	156,156
1526398285.234128241	124	40	48	1	2	0	2	-68	65385	7	0	1596	1478	144,444,144,444
1526398285.245897862	124	40	48	1	2	0	2	-68	65386	7	0	1596	1478	144,444,144,444
1526398285.257648669	124	40	48	1	2	0	2	-68	65387	7	0	1596	1478	144,444,144,444
1526398285.269415167	124	40	48	1	2	0	2	-68	65388	7	0	1596	1478	144,444,144,444
1526398285.281164204	118	40	48	0	2	0	2	-68	65389	8	0	1596	1478	156,156
1526398285.293315518	118	40	48	0	2	0	2	-68	65391	8	0	1596	1478	156,156
1526398285.304692373	118	40	48	0	2	0	2	-68	65392	8	0	1596	1478	156,156
1526398285.318017623	124	40	48	1	2	0	2	-68	65396	7	0	1596	1478	144,444,144,444
1526398285.328127691	124	40	48	1	2	0	2	-68	65397	7	0	1596	1478	144,444,144,444
1526398285.339981487	124	40	48	1	2	0	2	-68	65398	7	0	1596	1478	144,444,144,444
1526398285.351540908	124	40	48	1	2	0	2	-68	65399	7	0	1596	1478	144,444,144,444
1526398285.363493807	124	40	48	1	2	0	2	-68	65400	7	0	1596	1478	144,444,144,444
1526398285.375251309	124	40	48	1	2	0	2	-69	65401	7	0	1596	1478	144,444,144,444
1526398285.387006799	124	40	48	1	2	0	2	-68	65402	7	0	1596	1478	144,444,144,444
1526398285.398772890	124	40	48	1	2	0	2	-69	65403	7	0	1596	1478	144,444,144,444
1526398285.410934486	124	40	48	1	2	0	2	-68	65405	7	0	1596	1478	144,444,144,444
1526398285.422269673	124	40	48	1	2	0	2	-69	65406	7	0	1596	1478	144,444,144,444
1526398285.434043433	124	40	48	1	2	0	2	-68	65407	7	0	1596	1478	144,444,144,444
1526398285.445811473	124	40	48	1	2	0	2	-68	65408	7	0	1596	1478	144,444,144,444
1526398285.457572409	124	40	48	1	2	0	2	-69	65409	7	0	1596	1478	144,444,144,444
1526398285.469337637	124	40	48	1	2	0	2	-69	65410	7	0	1596	1478	144,444,144,444
1526398285.481073994	124	40	48	1	2	0	2	-69	65411	7	0	1596	1478	144,444,144,444
1526398285.492852790	124	40	48	1	2	0	2	-68	65412	7	0	1596	1478	144,444,144,444
1526398285.505020576	124	40	48	1	2	0	2	-68	65414	7	0	1596	1478	144,444,144,444
1526398285.516366586	124	40	48	1	2	0	2	-69	65415	7	0	1596	1478	144,444,144,444
1526398285.528035670	124	40	48	1	2	0	2	-69	65416	7	0	1596	1478	144,444,144,444
1526398285.539733115	124	40	48	1	2	0	2	-69	65417	7	0	1596	1478	144,444,144,444
1526398285.551649147	124	40	48	1	2	0	2	-69	65418	7	0	1596	1478	144,444,144,444
1526398285.563418356	124	40	48	1	2	0	2	-69	65419	7	0	1596	1478	144,444,144,444
1526398285.575555099	124	40	48	1	2	0	2	-68	65421	7	0	1596	1478	144,444,144,444
1526398285.586773699	124	40	48	1	2	0	2	-68	65422	7	0	1596	1478	144,444,144,444
1526398285.598607272	124	40	48	1	2	0	2	-69	65423	7	0	1596	1478	144,444,144,444
1526398285.610421894	124	40	48	1	2	0	2	-68	65424	7	0	1596	1478	144,444,144,444
1526398285.622202233	124	40	48	1	2	0	2	-69	65425	7	0	1596	1478	144,444,144,444
1526398285.633963718	124	40	48	1	2	0	2	-69	65426	7	0	1596	1478	144,444,144,444
1526398285.645713285	124	40	48	1	2	0	2	-68	65427	7	0	1596	1478	144,444,144,444
1526398285.657478118	124	40	48	1	2	0	2	-68	65428	7	0	1596	1478	144,444,144,444
1526398285.669250766	124	40	48	1	2	0	2	-69	65429	7	0	1596	1478	144,444,144,444
1526398285.681013235	124	40	48	1	2	0	2	-69	65430	7	0	1596	1478	144,444,144,444
1526398285.692754225	124	40	48	1	2	0	2	-69	65431	7	0	1596	1478	144,444,144,444
1526398285.704442668	124	40	48	1	2	0	2	-68	65432	7	0	1596	1478	144,444,144,444
1526398285.716192852	124	40	48	1	2	0	2	-69	65433	7	0	1596	1478	144,444,144,444
1526398285.727878894	124	40	48	1	2	0	2	-68	65434	7	0	1596	1478	144,444,144,444
1526398285.740088785	124	40	48	1	2	0	2	-69	65435	7	0	1596	1478	144,444,144,444
1526398285.751309913	124	40	48	1	2	0	2	-69	65436	7	0	1596	1478	144,444,144,444
1526398285.763224206	124	40	48	1	2	0	2	-69	65437	7	0	1596	1478	144,444,144,444
1526398285.775006545	124	40	48	1	2	0	2	-68	65438	7	0	1596	1478	144,444,144,444
1526398285.786738528	124	40	48	1	2	0	2	-69	65439	7	0	1596	1478	144,444,144,444
1526398285.798496395	124	40	48	1	2	0	2	-69	65440	7	0	1596	1478	144,444,144,444
1526398285.810259917	124	40	48	1	2	0	2	-69	65441	7	0	1596	1478	144,444,144,444
1526398285.822030964	124	40	48	1	2	0	2	-68	65442	7	0	1596	1478	144,444,144,444
1526398285.833796373	124	40	48	1	2	0	2	-68	65443	7	0	1596	1478	144,444,144,444
1526398285.845626431	124	40	48	1	2	0	2	-69	65444	7	0	1596	1478	144,444,144,444
1526398285.857488369	124	40	48	1	2	0	2	-68	65445	7	0	1596	1478	144,444,144,444
1526398285.869171470	124	40	48	1	2	0	2	-69	65446	7	0	1596	1478	144,444,144,444
1526398285.880914735	124	40	48	1	2	0	2	-69	65447	7	0	1596	1478	144,444,144,444
1526398285.892693020	124	40	48	1	2	0	2	-68	65448	7	0	1596	1478	144,444,144,444
1526398285.904843630	124	40	48	1	2	0	2	-69	65449	7	0	1596	1478	144,444,144,444
1526398285.916197622	124	40	48	1	2	0	2	-68	65450	7	0	1596	1478	144,444,144,444
1526398285.928231332	124	40	48	1	2	0	2	-69	65452	7	0	1596	1478	144,444,144,444
1526398285.939707308	124	40	48	1	2	0	2	-69	65453	7	0	1596	1478	144,444,144,444
1526398285.951481309	124	40	48	1	2	0	2	-68	65454	7	0	1596	1478	144,444,144,444
1526398285.963275741	124	40	48	1	2	0	2	-69	65455	7	0	1596	1478	144,444,144,444
1526398285.975033425	124	40	48	1	2	0	2	-69	65456	7	0	1596	1478	144,444,144,444
1526398285.986780828	124	40	48	1	2	0	2	-69	65457	7	0	1596	1478	144,444,144,444
1526398285.998552404	124	40	48	1	2	0	2	-69	65458	7	0	1596	1478	144,444,144,444
1526398286.010309472	124	40	48	1	2	0	2	-69	65459	7	0	1596	1478	144,444,144,444
1526398286.022046299	124	40	48	1	2	0	2	-69	65460	7	0	1596	1478	144,444,144,444
1526398286.033699241	124	40	48	1	2	0	2	-69	65461	7	0	1596	1478	144,444,144,444
1526398286.045497387	124	40	48	1	2	0	2	-69	65462	7	0	1596	1478	144,444,144,444
1526398286.057332621	124	40	48	1	2	0	2	-69	65463	7	0	1596	1478	144,444,144,444
1526398286.069482437	124	40	48	1	2	0	2	-68	65465	7	0	1596	1478	144,444,144,444
1526398286.080840151	124	40	48	1	2	0	2	-68	65466	7	0	1596	1478	144,444,144,444
1526398286.092554308	124	40	48	1	2	0	2	-68	65467	7	0	1596	1478	144,444,144,444
1526398286.104365962	124	40	48	1	2	0	2	-68	65468	7	0	1596	1478	144,444,144,444
1526398286.116117708	124	40	48	1	2	0	2	-69	65469	7	0	1596	1478	144,444,144,444
1526398286.127905629	124	40	48	1	2	0	2	-69	65470	7	0	1596	1478	144,444,144,444
1526398286.139525333	124	40	48	1	2	0	2	-68	65471	7	0	1596	1478	144,444,144,444
1526398286.151414133	124	40	48	1	2	0	2	-69	65472	7	0	1596	1478	144,444,144,444
1526398286.163176306	124	40	48	1	2	0	2	-70	65473	7	0	1596	1478	144,444,144,444
1526398286.175302261	124	40	48	1	2	0	2	-69	65475	7	0	1596	1478	144,444,144,444
1526398286.186658314	124	40	48	1	2	0	2	-69	65476	7	0	1596	1478	144,444,144,444
1526398286.198448323	124	40	48	1	2	0	2	-70	65477	7	0	1596	1478	144,444,144,444
1526398286.210227678	124	40	48	1	2	0	2	-69	65478	7	0	1596	1478	144,444,144,444
1526398286.222008560	124	40	48	1	2	0	2	-69	65479	7	0	1596	1478	144,444,144,444
1526398286.234169243	124	40	48	1	2	0	2	-69	65480	7	0	1596	1478	144,444,144,444
1526398286.245374894	124	40	48	1	2	0	2	-69	65481	7	0	1596	1478	144,444,144,444
1526398286.257266740	124	40	48	1	2	0	2	-69	65482	7	0	1596	1478	144,444,144,444
1526398286.268957852	124	40	48	1	2	0	2	-69	65483	7	0	1596	1478	144,444,144,444
1526398286.280782097	124	40	48	1	2	0	2	-69	65484	7	0	1596	1478	144,444,144,444
1526398286.292537875	124	40	48	1	2	0	2	-69	65485	7	0	1596	1478	144,444,144,444
1526398286.304293227	124	40	48	1	2	0	2	-68	65486	7	0	1596	1478	144,444,144,444
1526398286.316041831	124	40	48	1	2	0	2	-69	65487	7	0	1596	1478	144,444,144,444
1526398286.328150585	124	40	48	1	2	0	2	-69	65489	7	0	1596	1478	144,444,144,444
1526398286.339476702	124	40	48	1	2	0	2	-69	65490	7	0	1596	1478	144,444,144,444
1526398286.351267013	124	40	48	1	2	0	2	-68	65491	7	0	1596	1478	144,444,144,444
1526398286.363111441	124	40	48	1	2	0	2	-69	65492	7	0	1596	1478	144,444,144,444
1526398286.375170315	124	40	48	1	2	0	2	-69	65494	7	0	1596	1478	144,444,144,444
1526398286.386614857	124	40	48	1	2	0	2	-69	65495	7	0	1596	1478	144,444,144,444
1526398286.399116632	124	40	48	1	2	0	2	-69	65497	7	0	1596	1478	144,444,144,444
1526398286.410133471	124	40	48	1	2	0	2	-69	65498	7	0	1596	1478	144,444,144,444
1526398286.422294735	124	40	48	1	2	0	2	-69	65500	7	0	1596	1478	144,444,144,444
1526398286.433664518	124	40	48	1	2	0	2	-69	65501	7	0	1596	1478	144,444,144,444
1526398286.445412297	124	40	48	1	2	0	2	-69	65502	7	0	1596	1478	144,444,144,444
1526398286.457170110	124	40	48	1	2	0	2	-69	65503	7	0	1596	1478	144,444,144,444
1526398286.468927059	124	40	48	1	2	0	2	-69	65504	7	0	1596	1478	144,444,144,444
1526398286.480673868	124	40	48	1	2	0	2	-70	65505	7	0	1596	1478	144,444,144,444
1526398286.492355022	124	40	48	1	2	0	2	-68	65506	7	0	1596	1478	144,444,144,444
1526398286.504462317	124	40	48	1	2	0	2	-70	65507	7	0	1596	1478	144,444,144,444
1526398286.515966631	124	40	48	1	2	0	2	-70	65508	7	0	1596	1478	144,444,144,444
1526398286.527630855	124	40	48	1	2	0	2	-69	65509	7	0	1596	1478	144,444,144,444
1526398286.539395650	124	40	48	1	2	0	2	-69	65510	7	0	1596	1478	144,444,144,444
1526398286.551120359	124	40	48	1	2	0	2	-70	65511	7	0	1596	1478	144,444,144,444
1526398286.563273661	124	40	48	1	2	0	2	-70	65512	7	0	1596	1478	144,444,144,444
1526398286.574922645	124	40	48	1	2	0	2	-69	65514	7	0	1596	1478	144,444,144,444
1526398286.586856725	124	40	48	1	2	0	2	-70	65516	7	0	1596	1478	144,444,144,444
1526398286.599704130	144	40	48	0	2	0	2	-70	65520	6	0	1596	1478	117,117
1526398286.610045222	144	40	48	0	2	0	2	-69	65521	6	0	1596	1478	117,117
1526398286.621824968	144	40	48	0	2	0	2	-69	65522	6	0	1596	1478	117,117
1526398286.633493035	144	40	48	0	2	0	2	-69	65523	6	0	1596	1478	117,117
1526398286.645244186	144	40	48	0	2	0	2	-69	65524	6	0	1596	1478	117,117
