1526398474.739932101	96	40	48	0	2	0	2	-66	68585	5	1	1596	1478	216,216
1526398474.739979804	96	40	48	0	2	0	2	-66	68585	5	1	1596	1478	216,216
1526398474.739991385	96	40	48	0	2	0	2	-66	68585	5	1	1596	1478	216,216
1526398474.740000257	96	40	48	0	2	0	2	-66	68585	5	1	1596	1478	216,216
1526398474.740008725	96	40	48	0	2	0	2	-66	68585	5	1	1596	1478	216,216
1526398474.740016320	96	40	48	0	2	0	2	-66	68585	5	1	1596	1478	216,216
1526398474.740024946	96	40	48	0	2	0	2	-66	68585	5	1	1596	1478	216,216
1526398474.740034054	96	40	48	0	2	0	2	-66	68585	5	1	1596	1478	216,216
1526398474.740044432	96	40	48	0	2	0	2	-66	68585	5	1	1596	1478	216,216
1526398474.740053902	96	40	48	0	2	0	2	-66	68585	5	1	1596	1478	216,216
1526398474.740063853	96	40	48	0	2	0	2	-66	68585	5	1	1596	1478	216,216
1526398474.740072675	96	40	48	0	2	0	2	-66	68585	5	1	1596	1478	216,216
1526398474.740082708	96	40	48	0	2	0	2	-66	68585	5	1	1596	1478	216,216
1526398474.740090843	96	40	48	0	2	0	2	-66	68585	5	1	1596	1478	216,216
1526398474.740098772	96	40	48	0	2	0	2	-66	68585	5	1	1596	1478	216,216
1526398474.740556270	96	40	48	0	2	0	2	-65	68586	5	1	1596	1478	216,216
1526398474.751706119	96	40	48	0	2	0	2	-65	68587	5	1	1596	1478	216,216
1526398474.763691415	96	40	48	0	2	0	2	-65	68588	5	1	1596	1478	216,216
1526398474.775296865	90	40	48	0	2	0	2	-65	68589	6	1	1596	1478	243,243
1526398474.787158443	90	40	48	0	2	0	2	-66	68590	6	1	1596	1478	243,243
1526398474.798896085	90	40	48	0	2	0	2	-67	68591	6	1	1596	1478	243,243
1526398474.810692152	90	40	48	0	2	0	2	-67	68592	6	1	1596	1478	243,243
1526398474.822456151	90	40	48	0	2	0	2	-66	68593	6	1	1596	1478	243,243
1526398474.834180292	80	40	48	1	2	0	2	-66	68594	7	1	1596	1478	300,300
1526398474.845946326	80	40	48	1	2	0	2	-66	68595	7	1	1596	1478	300,300
1526398474.857700044	80	40	48	1	2	0	2	-66	68596	7	1	1596	1478	300,300
1526398474.869398991	80	40	48	1	2	0	2	-66	68597	7	1	1596	1478	300,300
1526398474.881226068	80	40	48	1	2	0	2	-66	68598	7	1	1596	1478	300,300
1526398474.892969596	74	40	48	1	2	0	2	-66	68599	8	1	1596	1478	360,360
1526398474.904721989	74	40	48	1	2	0	2	-65	68600	8	1	1596	1478	360,360
1526398474.916485651	74	40	48	1	2	0	2	-66	68601	8	1	1596	1478	360,360
1526398474.928073971	74	40	48	1	2	0	2	-66	68602	8	1	1596	1478	360,360
1526398474.940157943	74	40	48	1	2	0	2	-67	68603	8	1	1596	1478	360,360
1526398474.952480432	74	40	48	1	2	0	2	-67	68605	8	1	1596	1478	360,360
1526398474.963521148	74	40	48	1	2	0	2	-67	68606	8	1	1596	1478	360,360
1526398474.975291798	74	40	48	1	2	0	2	-67	68607	8	1	1596	1478	360,360
1526398474.987105831	74	40	48	1	2	0	2	-67	68608	8	1	1596	1478	360,360
1526398474.998750234	74	40	48	1	2	0	2	-67	68609	8	1	1596	1478	360,360
1526398475.010447930	74	40	48	1	2	0	2	-67	68610	8	1	1596	1478	360,360
1526398475.023706210	74	40	48	1	2	0	2	-67	68611	8	1	1596	1478	360,360
1526398475.033995670	74	40	48	1	2	0	2	-67	68612	8	1	1596	1478	360,360
1526398475.045863505	74	40	48	1	2	0	2	-66	68613	8	1	1596	1478	360,360
1526398475.057618523	74	40	48	1	2	0	2	-66	68614	8	1	1596	1478	360,360
1526398475.069359014	74	40	48	1	2	0	2	-66	68615	8	1	1596	1478	360,360
1526398475.081146212	74	40	48	1	2	0	2	-66	68616	8	1	1596	1478	360,360
1526398475.092887467	74	40	48	1	2	0	2	-66	68617	8	1	1596	1478	360,360
1526398475.104645197	74	40	48	1	2	0	2	-66	68618	8	1	1596	1478	360,360
1526398475.116408120	70	40	48	1	2	0	2	-66	68619	9	1	1596	1478	400,400
1526398475.128447500	70	40	48	1	2	0	2	-67	68621	9	1	1596	1478	400,400
1526398475.139922043	70	40	48	1	2	0	2	-67	68622	9	1	1596	1478	400,400
1526398475.152691010	70	40	48	1	2	0	2	-67	68624	9	1	1596	1478	400,400
1526398475.163666406	70	40	48	1	2	0	2	-67	68626	9	1	1596	1478	400,400
1526398475.176450201	74	40	48	1	2	0	2	-67	68630	8	1	1596	1478	360,360
1526398475.186966566	74	40	48	1	2	0	2	-67	68631	8	1	1596	1478	360,360
1526398475.198733842	74	40	48	1	2	0	2	-66	68632	8	1	1596	1478	360,360
1526398475.210498956	74	40	48	1	2	0	2	-66	68633	8	1	1596	1478	360,360
1526398475.222252934	74	40	48	1	2	0	2	-66	68634	8	1	1596	1478	360,360
1526398475.234052810	74	40	48	1	2	0	2	-66	68635	8	1	1596	1478	360,360
1526398475.245755003	74	40	48	1	2	0	2	-66	68636	8	1	1596	1478	360,360
1526398475.257453609	74	40	48	1	2	0	2	-66	68637	8	1	1596	1478	360,360
1526398475.269198913	74	40	48	0	2	0	2	-66	68638	9	1	1596	1478	360,360
1526398475.281505676	74	40	48	1	2	0	2	-66	68639	8	1	1596	1478	360,360
1526398475.292839362	74	40	48	1	2	0	2	-67	68640	8	1	1596	1478	360,360
1526398475.304612351	74	40	48	1	2	0	2	-67	68641	8	1	1596	1478	360,360
1526398475.316382720	74	40	48	1	2	0	2	-66	68642	8	1	1596	1478	360,360
1526398475.328811169	74	40	48	1	2	0	2	-66	68643	8	1	1596	1478	360,360
1526398475.339848574	74	40	48	1	2	0	2	-66	68644	8	1	1596	1478	360,360
1526398475.353784028	74	40	48	1	2	0	2	-67	68645	8	1	1596	1478	360,360
1526398475.363443925	74	40	48	1	2	0	2	-67	68646	8	1	1596	1478	360,360
1526398475.375109620	74	40	48	1	2	0	2	-67	68647	8	1	1596	1478	360,360
1526398475.386943481	74	40	48	1	2	0	2	-67	68648	8	1	1596	1478	360,360
1526398475.398608859	74	40	48	1	2	0	2	-66	68649	8	1	1596	1478	360,360
1526398475.410306737	74	40	48	1	2	0	2	-67	68650	8	1	1596	1478	360,360
1526398475.422440704	74	40	48	1	2	0	2	-66	68652	8	1	1596	1478	360,360
1526398475.433650808	74	40	48	1	2	0	2	-66	68653	8	1	1596	1478	360,360
1526398475.455099253	74	40	48	1	2	0	2	-66	68654	8	1	1596	1478	360,360
1526398475.457392240	74	40	48	1	2	0	2	-66	68655	8	1	1596	1478	360,360
1526398475.469158935	74	40	48	1	2	0	2	-66	68656	8	1	1596	1478	360,360
1526398475.480926890	74	40	48	1	2	0	2	-65	68657	8	1	1596	1478	360,360
1526398475.493045795	74	40	48	1	2	0	2	-64	68659	8	1	1596	1478	360,360
1526398475.504458291	74	40	48	1	2	0	2	-65	68660	8	1	1596	1478	360,360
1526398475.516230145	74	40	48	1	2	0	2	-64	68661	8	1	1596	1478	360,360
1526398475.527771163	74	40	48	1	2	0	2	-64	68662	8	1	1596	1478	360,360
1526398475.539552639	74	40	48	1	2	0	2	-64	68663	8	1	1596	1478	360,360
1526398475.551440609	74	40	48	1	2	0	2	-64	68664	8	1	1596	1478	360,360
1526398475.563238034	74	40	48	1	2	0	2	-64	68665	8	1	1596	1478	360,360
1526398475.575230188	74	40	48	1	2	0	2	-64	68667	8	1	1596	1478	360,360
1526398475.588202505	80	40	48	1	2	0	2	-65	68669	7	1	1596	1478	300,300
1526398475.598573386	80	40	48	1	2	0	2	-64	68670	7	1	1596	1478	300,300
1526398475.610342734	80	40	48	1	2	0	2	-64	68671	7	1	1596	1478	300,300
1526398475.622115169	80	40	48	1	2	0	2	-64	68672	7	1	1596	1478	300,300
1526398475.633846832	80	40	48	1	2	0	2	-64	68673	7	1	1596	1478	300,300
1526398475.645641352	80	40	48	1	2	0	2	-64	68674	7	1	1596	1478	300,300
1526398475.657305474	80	40	48	1	2	0	2	-64	68675	7	1	1596	1478	300,300
1526398475.669144320	80	40	48	1	2	0	2	-64	68676	7	1	1596	1478	300,300
1526398475.680913328	77	40	48	0	2	0	2	-64	68677	8	1	1596	1478	324,324
1526398475.692674740	80	40	48	1	2	0	2	-64	68678	7	1	1596	1478	300,300
1526398475.704403632	80	40	48	1	2	0	2	-64	68679	7	1	1596	1478	300,300
1526398475.716188738	80	40	48	1	2	0	2	-64	68680	7	1	1596	1478	300,300
1526398475.727729973	80	40	48	1	2	0	2	-64	68681	7	1	1596	1478	300,300
1526398475.739691004	77	40	48	0	2	0	2	-64	68682	8	1	1596	1478	324,324
1526398475.751796028	77	40	48	0	2	0	2	-65	68683	8	1	1596	1478	324,324
1526398475.763161234	77	40	48	0	2	0	2	-65	68684	8	1	1596	1478	324,324
1526398475.775007485	77	40	48	0	2	0	2	-65	68685	8	1	1596	1478	324,324
1526398475.786731241	74	40	48	1	2	0	2	-65	68686	8	1	1596	1478	360,360
1526398475.798521123	74	40	48	0	2	0	2	-65	68687	9	1	1596	1478	360,360
1526398475.810268213	74	40	48	1	2	0	2	-65	68688	8	1	1596	1478	360,360
1526398475.822014320	74	40	48	1	2	0	2	-65	68689	8	1	1596	1478	360,360
1526398475.833783937	74	40	48	1	2	0	2	-65	68690	8	1	1596	1478	360,360
1526398475.845559741	74	40	48	1	2	0	2	-65	68691	8	1	1596	1478	360,360
1526398475.857642622	74	40	48	1	2	0	2	-65	68692	8	1	1596	1478	360,360
1526398475.869058171	74	40	48	1	2	0	2	-65	68693	8	1	1596	1478	360,360
1526398475.880805567	74	40	48	1	2	0	2	-65	68694	8	1	1596	1478	360,360
1526398475.892578887	74	40	48	1	2	0	2	-65	68695	8	1	1596	1478	360,360
1526398475.904329341	74	40	48	1	2	0	2	-66	68696	8	1	1596	1478	360,360
1526398475.916091895	74	40	48	1	2	0	2	-65	68697	8	1	1596	1478	360,360
1526398475.927864645	74	40	48	1	2	0	2	-65	68698	8	1	1596	1478	360,360
1526398475.939631361	74	40	48	1	2	0	2	-65	68699	8	1	1596	1478	360,360
1526398475.951378742	74	40	48	1	2	0	2	-65	68700	8	1	1596	1478	360,360
1526398475.963728904	74	40	48	1	2	0	2	-65	68701	8	1	1596	1478	360,360
1526398475.974876539	74	40	48	1	2	0	2	-65	68702	8	1	1596	1478	360,360
1526398475.986654311	74	40	48	1	2	0	2	-65	68703	8	1	1596	1478	360,360
1526398475.998308204	74	40	48	1	2	0	2	-65	68704	8	1	1596	1478	360,360
1526398476.010156552	74	40	48	1	2	0	2	-65	68705	8	1	1596	1478	360,360
1526398476.021856907	74	40	48	0	2	0	2	-65	68706	9	1	1596	1478	360,360
1526398476.033578501	74	40	48	1	2	0	2	-66	68707	8	1	1596	1478	360,360
1526398476.045411472	74	40	48	1	2	0	2	-65	68708	8	1	1596	1478	360,360
1526398476.057223826	74	40	48	1	2	0	2	-65	68709	8	1	1596	1478	360,360
1526398476.069104829	74	40	48	1	2	0	2	-66	68711	8	1	1596	1478	360,360
1526398476.081084290	74	40	48	1	2	0	2	-66	68712	8	1	1596	1478	360,360
1526398476.092478389	74	40	48	1	2	0	2	-66	68713	8	1	1596	1478	360,360
1526398476.104250198	74	40	48	1	2	0	2	-66	68714	8	1	1596	1478	360,360
1526398476.116009250	74	40	48	1	2	0	2	-66	68715	8	1	1596	1478	360,360
1526398476.127773858	74	40	48	1	2	0	2	-65	68716	8	1	1596	1478	360,360
1526398476.139526245	74	40	48	1	2	0	2	-64	68717	8	1	1596	1478	360,360
1526398476.151318032	74	40	48	1	2	0	2	-64	68718	8	1	1596	1478	360,360
1526398476.163301367	74	40	48	1	2	0	2	-65	68720	8	1	1596	1478	360,360
1526398476.174805816	74	40	48	1	2	0	2	-65	68721	8	1	1596	1478	360,360
1526398476.186568584	74	40	48	1	2	0	2	-65	68722	8	1	1596	1478	360,360
1526398476.198335715	74	40	48	1	2	0	2	-66	68723	8	1	1596	1478	360,360
1526398476.211304728	74	40	48	1	2	0	2	-65	68727	8	1	1596	1478	360,360
1526398476.221833584	74	40	48	1	2	0	2	-65	68728	8	1	1596	1478	360,360
1526398476.233838269	74	40	48	1	2	0	2	-65	68730	8	1	1596	1478	360,360
1526398476.245565766	74	40	48	1	2	0	2	-65	68731	8	1	1596	1478	360,360
1526398476.258008415	74	40	48	1	2	0	2	-66	68734	8	1	1596	1478	360,360
1526398476.268844449	74	40	48	1	2	0	2	-66	68735	8	1	1596	1478	360,360
1526398476.280820689	74	40	48	1	2	0	2	-66	68737	8	1	1596	1478	360,360
1526398476.292408464	74	40	48	1	2	0	2	-66	68738	8	1	1596	1478	360,360
1526398476.304165389	74	40	48	1	2	0	2	-65	68739	8	1	1596	1478	360,360
1526398476.315884869	74	40	48	1	2	0	2	-64	68740	8	1	1596	1478	360,360
1526398476.327700809	74	40	48	1	2	0	2	-64	68741	8	1	1596	1478	360,360
1526398476.339454634	74	40	48	1	2	0	2	-65	68742	8	1	1596	1478	360,360
1526398476.351213447	74	40	48	1	2	0	2	-65	68743	8	1	1596	1478	360,360
1526398476.362937216	74	40	48	1	2	0	2	-66	68744	8	1	1596	1478	360,360
1526398476.376023766	80	40	48	1	2	0	2	-67	68748	7	1	1596	1478	300,300
1526398476.386392642	80	40	48	1	2	0	2	-67	68749	7	1	1596	1478	300,300
1526398476.397994541	80	40	48	1	2	0	2	-67	68750	7	1	1596	1478	300,300
1526398476.409934235	80	40	48	1	2	0	2	-66	68751	7	1	1596	1478	300,300
1526398476.421709282	80	40	48	1	2	0	2	-66	68752	7	1	1596	1478	300,300
1526398476.433448953	80	40	48	1	2	0	2	-66	68753	7	1	1596	1478	300,300
1526398476.445208692	80	40	48	1	2	0	2	-66	68754	7	1	1596	1478	300,300
1526398476.456972055	80	40	48	1	2	0	2	-66	68755	7	1	1596	1478	300,300
1526398476.468720341	77	40	48	0	2	0	2	-66	68756	8	1	1596	1478	324,324
1526398476.480423668	80	40	48	1	2	0	2	-66	68757	7	1	1596	1478	300,300
1526398476.492239611	80	40	48	1	2	0	2	-67	68758	7	1	1596	1478	300,300
1526398476.504002686	80	40	48	1	2	0	2	-67	68759	7	1	1596	1478	300,300
1526398476.515763970	80	40	48	1	2	0	2	-66	68760	7	1	1596	1478	300,300
1526398476.527534037	77	40	48	0	2	0	2	-67	68761	8	1	1596	1478	324,324
1526398476.540296200	77	40	48	0	2	0	2	-67	68765	8	1	1596	1478	324,324
1526398476.551027740	77	40	48	0	2	0	2	-67	68766	8	1	1596	1478	324,324
1526398476.562793553	77	40	48	0	2	0	2	-66	68767	8	1	1596	1478	324,324
1526398476.574659488	74	40	48	1	2	0	2	-65	68768	8	1	1596	1478	360,360
1526398476.586772469	74	40	48	1	2	0	2	-65	68769	8	1	1596	1478	360,360
1526398476.598177875	74	40	48	1	2	0	2	-64	68770	8	1	1596	1478	360,360
1526398476.609915373	74	40	48	1	2	0	2	-65	68771	8	1	1596	1478	360,360
1526398476.622330230	74	40	48	1	2	0	2	-65	68774	8	1	1596	1478	360,360
1526398476.633326544	74	40	48	1	2	0	2	-66	68775	8	1	1596	1478	360,360
1526398476.644959200	74	40	48	1	2	0	2	-66	68776	8	1	1596	1478	360,360
1526398476.656884826	74	40	48	1	2	0	2	-65	68777	8	1	1596	1478	360,360
1526398476.668746681	74	40	48	1	2	0	2	-66	68778	8	1	1596	1478	360,360
1526398476.680722261	74	40	48	1	2	0	2	-65	68779	8	1	1596	1478	360,360
1526398476.692240617	74	40	48	1	2	0	2	-65	68780	8	1	1596	1478	360,360
1526398476.704023319	74	40	48	1	2	0	2	-65	68781	8	1	1596	1478	360,360
1526398476.715772525	74	40	48	1	2	0	2	-66	68782	8	1	1596	1478	360,360
1526398476.727453825	74	40	48	1	2	0	2	-67	68783	8	1	1596	1478	360,360
1526398476.740315174	74	40	48	1	2	0	2	-68	68786	8	1	1596	1478	360,360
1526398476.752506215	80	40	48	1	2	0	2	-69	68787	7	1	1596	1478	300,300
1526398476.762749863	80	40	48	1	2	0	2	-69	68788	7	1	1596	1478	300,300
1526398476.774572250	80	40	48	1	2	0	2	-67	68789	7	1	1596	1478	300,300
1526398476.786345176	80	40	48	1	2	0	2	-66	68790	7	1	1596	1478	300,300
1526398476.798009082	80	40	48	1	2	0	2	-65	68791	7	1	1596	1478	300,300
1526398476.809850287	80	40	48	1	2	0	2	-66	68792	7	1	1596	1478	300,300
1526398476.821651994	80	40	48	1	2	0	2	-67	68793	7	1	1596	1478	300,300
1526398476.833383522	80	40	48	1	2	0	2	-68	68794	7	1	1596	1478	300,300
1526398476.845130743	80	40	48	1	2	0	2	-68	68795	7	1	1596	1478	300,300
1526398476.856898534	80	40	48	1	2	0	2	-68	68796	7	1	1596	1478	300,300
1526398476.868690459	80	40	48	1	2	0	2	-67	68797	7	1	1596	1478	300,300
1526398476.880427147	80	40	48	1	2	0	2	-67	68798	7	1	1596	1478	300,300
1526398476.892189185	80	40	48	1	2	0	2	-68	68800	7	1	1596	1478	300,300
1526398476.903954366	77	40	48	0	2	0	2	-69	68801	8	1	1596	1478	324,324
1526398476.915709844	80	40	48	1	2	0	2	-67	68802	7	1	1596	1478	300,300
1526398476.927459446	80	40	48	1	2	0	2	-66	68803	7	1	1596	1478	300,300
1526398476.939231838	80	40	48	1	2	0	2	-66	68804	7	1	1596	1478	300,300
1526398476.950982358	80	40	48	1	2	0	2	-66	68805	7	1	1596	1478	300,300
1526398476.963110730	80	40	48	1	2	0	2	-66	68807	7	1	1596	1478	300,300
1526398476.974895748	80	40	48	1	2	0	2	-66	68809	7	1	1596	1478	300,300
1526398476.986261593	80	40	48	1	2	0	2	-66	68810	7	1	1596	1478	300,300
1526398476.998044498	80	40	48	1	2	0	2	-67	68811	7	1	1596	1478	300,300
1526398477.009814352	80	40	48	1	2	0	2	-67	68812	7	1	1596	1478	300,300
1526398477.021541974	80	40	48	1	2	0	2	-66	68813	7	1	1596	1478	300,300
1526398477.033097992	80	40	48	1	2	0	2	-66	68814	7	1	1596	1478	300,300
1526398477.045053245	80	40	48	1	2	0	2	-65	68815	7	1	1596	1478	300,300
1526398477.056681758	80	40	48	1	2	0	2	-65	68816	7	1	1596	1478	300,300
1526398477.068489631	80	40	48	1	2	0	2	-65	68817	7	1	1596	1478	300,300
1526398477.080354977	80	40	48	1	2	0	2	-66	68818	7	1	1596	1478	300,300
1526398477.092108149	80	40	48	1	2	0	2	-65	68819	7	1	1596	1478	300,300
1526398477.103862013	80	40	48	1	2	0	2	-66	68820	7	1	1596	1478	300,300
1526398477.115638264	80	40	48	1	2	0	2	-65	68821	7	1	1596	1478	300,300
1526398477.127393055	77	40	48	0	2	0	2	-65	68822	8	1	1596	1478	324,324
1526398477.140427227	80	40	48	1	2	0	2	-65	68825	7	1	1596	1478	300,300
1526398477.150769304	80	40	48	1	2	0	2	-65	68826	7	1	1596	1478	300,300
1526398477.162665528	80	40	48	1	2	0	2	-64	68827	7	1	1596	1478	300,300
1526398477.174433500	80	40	48	1	2	0	2	-65	68828	7	1	1596	1478	300,300
1526398477.186194012	80	40	48	1	2	0	2	-65	68829	7	1	1596	1478	300,300
1526398477.197962324	80	40	48	1	2	0	2	-65	68830	7	1	1596	1478	300,300
1526398477.209616966	80	40	48	1	2	0	2	-66	68831	7	1	1596	1478	300,300
1526398477.221377370	80	40	48	1	2	0	2	-66	68832	7	1	1596	1478	300,300
1526398477.233098409	77	40	48	0	2	0	2	-66	68833	8	1	1596	1478	324,324
1526398477.244875725	80	40	48	1	2	0	2	-65	68834	7	1	1596	1478	300,300
1526398477.256613657	80	40	48	1	2	0	2	-65	68835	7	1	1596	1478	300,300
1526398477.268357202	80	40	48	1	2	0	2	-64	68836	7	1	1596	1478	300,300
1526398477.280156322	80	40	48	1	2	0	2	-64	68837	7	1	1596	1478	300,300
1526398477.291893548	77	40	48	0	2	0	2	-63	68838	8	1	1596	1478	324,324
1526398477.303625005	77	40	48	0	2	0	2	-63	68839	8	1	1596	1478	324,324
1526398477.315410595	77	40	48	0	2	0	2	-64	68840	8	1	1596	1478	324,324
1526398477.327181121	77	40	48	0	2	0	2	-64	68841	8	1	1596	1478	324,324
1526398477.338920818	74	40	48	1	2	0	2	-63	68842	8	1	1596	1478	360,360
1526398477.351056543	74	40	48	1	2	0	2	-63	68843	8	1	1596	1478	360,360
1526398477.362465581	74	40	48	1	2	0	2	-63	68844	8	1	1596	1478	360,360
1526398477.374221843	74	40	48	1	2	0	2	-63	68845	8	1	1596	1478	360,360
1526398477.386023327	74	40	48	1	2	0	2	-63	68846	8	1	1596	1478	360,360
1526398477.397764990	74	40	48	1	2	0	2	-63	68847	8	1	1596	1478	360,360
1526398477.409508305	74	40	48	1	2	0	2	-64	68848	8	1	1596	1478	360,360
1526398477.421274150	74	40	48	1	2	0	2	-63	68849	8	1	1596	1478	360,360
1526398477.433425536	74	40	48	1	2	0	2	-64	68851	8	1	1596	1478	360,360
1526398477.444760373	74	40	48	1	2	0	2	-63	68852	8	1	1596	1478	360,360
1526398477.456560064	74	40	48	1	2	0	2	-64	68853	8	1	1596	1478	360,360
1526398477.468305400	74	40	48	1	2	0	2	-64	68854	8	1	1596	1478	360,360
1526398477.480124699	74	40	48	1	2	0	2	-64	68855	8	1	1596	1478	360,360
1526398477.491857187	74	40	48	1	2	0	2	-64	68856	8	1	1596	1478	360,360
1526398477.503589880	74	40	48	1	2	0	2	-63	68857	8	1	1596	1478	360,360
1526398477.515573899	74	40	48	1	2	0	2	-63	68859	8	1	1596	1478	360,360
1526398477.527109305	74	40	48	1	2	0	2	-63	68860	8	1	1596	1478	360,360
1526398477.538991639	74	40	48	1	2	0	2	-63	68861	8	1	1596	1478	360,360
1526398477.550742583	74	40	48	1	2	0	2	-63	68862	8	1	1596	1478	360,360
1526398477.562403981	74	40	48	1	2	0	2	-63	68863	8	1	1596	1478	360,360
1526398477.574645297	74	40	48	1	2	0	2	-64	68865	8	1	1596	1478	360,360
1526398477.586053223	74	40	48	1	2	0	2	-64	68866	8	1	1596	1478	360,360
1526398477.597655761	74	40	48	1	2	0	2	-64	68867	8	1	1596	1478	360,360
1526398477.609548769	74	40	48	1	2	0	2	-64	68868	8	1	1596	1478	360,360
1526398477.621338416	74	40	48	1	2	0	2	-63	68869	8	1	1596	1478	360,360
1526398477.633381146	74	40	48	1	2	0	2	-63	68871	8	1	1596	1478	360,360
1526398477.644663420	74	40	48	1	2	0	2	-63	68872	8	1	1596	1478	360,360
1526398477.657883922	80	40	48	1	2	0	2	-63	68875	7	1	1596	1478	300,300
1526398477.668240586	80	40	48	1	2	0	2	-63	68876	7	1	1596	1478	300,300
1526398477.680111821	80	40	48	1	2	0	2	-63	68877	7	1	1596	1478	300,300
1526398477.691881049	80	40	48	1	2	0	2	-63	68878	7	1	1596	1478	300,300
1526398477.703641462	80	40	48	1	2	0	2	-63	68879	7	1	1596	1478	300,300
1526398477.715403271	80	40	48	1	2	0	2	-63	68880	7	1	1596	1478	300,300
1526398477.727125323	80	40	48	1	2	0	2	-63	68881	7	1	1596	1478	300,300
1526398477.738894123	80	40	48	1	2	0	2	-63	68882	7	1	1596	1478	300,300
1526398477.751049245	80	40	48	1	2	0	2	-63	68883	7	1	1596	1478	300,300
1526398477.762416629	80	40	48	1	2	0	2	-64	68884	7	1	1596	1478	300,300
1526398477.774194129	80	40	48	1	2	0	2	-64	68885	7	1	1596	1478	300,300
1526398477.785946095	80	40	48	1	2	0	2	-64	68886	7	1	1596	1478	300,300
1526398477.797700117	80	40	48	1	2	0	2	-64	68887	7	1	1596	1478	300,300
1526398477.809464307	80	40	48	1	2	0	2	-64	68888	7	1	1596	1478	300,300
1526398477.821205520	80	40	48	1	2	0	2	-64	68889	7	1	1596	1478	300,300
1526398477.832889600	80	40	48	1	2	0	2	-64	68890	7	1	1596	1478	300,300
1526398477.844762004	80	40	48	1	2	0	2	-64	68891	7	1	1596	1478	300,300
1526398477.856507153	80	40	48	1	2	0	2	-65	68892	7	1	1596	1478	300,300
1526398477.868263677	80	40	48	1	2	0	2	-64	68893	7	1	1596	1478	300,300
1526398477.880027832	80	40	48	1	2	0	2	-64	68894	7	1	1596	1478	300,300
1526398477.891804123	80	40	48	1	2	0	2	-64	68895	7	1	1596	1478	300,300
1526398477.903473325	80	40	48	1	2	0	2	-64	68896	7	1	1596	1478	300,300
1526398477.915574899	80	40	48	1	2	0	2	-63	68898	7	1	1596	1478	300,300
1526398477.927057732	80	40	48	1	2	0	2	-63	68899	7	1	1596	1478	300,300
1526398477.938812781	80	40	48	1	2	0	2	-63	68900	7	1	1596	1478	300,300
1526398477.950586159	80	40	48	1	2	0	2	-63	68901	7	1	1596	1478	300,300
1526398477.962340044	80	40	48	1	2	0	2	-63	68902	7	1	1596	1478	300,300
1526398477.974092881	80	40	48	1	2	0	2	-63	68903	7	1	1596	1478	300,300
1526398477.985858487	80	40	48	1	2	0	2	-64	68904	7	1	1596	1478	300,300
1526398477.997641985	80	40	48	1	2	0	2	-64	68905	7	1	1596	1478	300,300
1526398478.009402799	80	40	48	1	2	0	2	-64	68906	7	1	1596	1478	300,300
1526398478.021144421	80	40	48	1	2	0	2	-65	68907	7	1	1596	1478	300,300
1526398478.032811368	80	40	48	1	2	0	2	-65	68908	7	1	1596	1478	300,300
1526398478.044651836	80	40	48	1	2	0	2	-65	68909	7	1	1596	1478	300,300
1526398478.056350178	80	40	48	1	2	0	2	-65	68910	7	1	1596	1478	300,300
1526398478.068180580	80	40	48	1	2	0	2	-65	68911	7	1	1596	1478	300,300
1526398478.080174995	80	40	48	1	2	0	2	-66	68912	7	1	1596	1478	300,300
1526398478.091578312	80	40	48	1	2	0	2	-66	68913	7	1	1596	1478	300,300
1526398478.103393300	80	40	48	1	2	0	2	-66	68914	7	1	1596	1478	300,300
1526398478.115219507	80	40	48	1	2	0	2	-67	68915	7	1	1596	1478	300,300
1526398478.126966194	80	40	48	1	2	0	2	-67	68916	7	1	1596	1478	300,300
1526398478.138608417	80	40	48	1	2	0	2	-67	68917	7	1	1596	1478	300,300
1526398478.150345284	80	40	48	1	2	0	2	-68	68919	7	1	1596	1478	300,300
1526398478.162273267	80	40	48	1	2	0	2	-67	68920	7	1	1596	1478	300,300
1526398478.173946165	80	40	48	1	2	0	2	-66	68921	7	1	1596	1478	300,300
1526398478.185685713	80	40	48	1	2	0	2	-65	68922	7	1	1596	1478	300,300
1526398478.197442358	80	40	48	1	2	0	2	-66	68923	7	1	1596	1478	300,300
1526398478.209182287	80	40	48	1	2	0	2	-66	68924	7	1	1596	1478	300,300
1526398478.221028518	80	40	48	1	2	0	2	-66	68925	7	1	1596	1478	300,300
1526398478.232827296	80	40	48	1	2	0	2	-66	68926	7	1	1596	1478	300,300
1526398478.244499410	77	40	48	0	2	0	2	-67	68927	8	1	1596	1478	324,324
1526398478.256208245	80	40	48	1	2	0	2	-67	68928	7	1	1596	1478	300,300
1526398478.268080436	80	40	48	1	2	0	2	-67	68929	7	1	1596	1478	300,300
1526398478.279876056	80	40	48	1	2	0	2	-67	68930	7	1	1596	1478	300,300
1526398478.291502814	80	40	48	1	2	0	2	-68	68931	7	1	1596	1478	300,300
1526398478.303805136	80	40	48	1	2	0	2	-68	68932	7	1	1596	1478	300,300
1526398478.315037196	80	40	48	1	2	0	2	-68	68933	7	1	1596	1478	300,300
1526398478.326808850	80	40	48	1	2	0	2	-67	68934	7	1	1596	1478	300,300
1526398478.338663602	80	40	48	1	2	0	2	-67	68935	7	1	1596	1478	300,300
1526398478.350419563	80	40	48	1	2	0	2	-67	68936	7	1	1596	1478	300,300
1526398478.362174327	80	40	48	1	2	0	2	-67	68937	7	1	1596	1478	300,300
1526398478.373975488	80	40	48	1	2	0	2	-67	68938	7	1	1596	1478	300,300
1526398478.385694547	80	40	48	1	2	0	2	-67	68939	7	1	1596	1478	300,300
1526398478.397445239	80	40	48	1	2	0	2	-66	68940	7	1	1596	1478	300,300
1526398478.409247404	80	40	48	1	2	0	2	-64	68941	7	1	1596	1478	300,300
1526398478.421295574	80	40	48	1	2	0	2	-64	68942	7	1	1596	1478	300,300
1526398478.432664688	80	40	48	1	2	0	2	-63	68943	7	1	1596	1478	300,300
1526398478.444511109	80	40	48	1	2	0	2	-64	68944	7	1	1596	1478	300,300
1526398478.456265186	80	40	48	1	2	0	2	-64	68945	7	1	1596	1478	300,300
1526398478.468381968	80	40	48	1	2	0	2	-64	68947	7	1	1596	1478	300,300
1526398478.479798534	80	40	48	1	2	0	2	-65	68948	7	1	1596	1478	300,300
1526398478.491550948	80	40	48	1	2	0	2	-65	68949	7	1	1596	1478	300,300
1526398478.504638993	80	40	48	1	2	0	2	-64	68950	7	1	1596	1478	300,300
1526398478.515060279	80	40	48	1	2	0	2	-65	68951	7	1	1596	1478	300,300
1526398478.526829759	80	40	48	1	2	0	2	-65	68952	7	1	1596	1478	300,300
1526398478.538615701	80	40	48	1	2	0	2	-66	68953	7	1	1596	1478	300,300
1526398478.550349147	80	40	48	1	2	0	2	-66	68954	7	1	1596	1478	300,300
1526398478.562110867	80	40	48	1	2	0	2	-66	68955	7	1	1596	1478	300,300
1526398478.573790147	80	40	48	1	2	0	2	-65	68956	7	1	1596	1478	300,300
1526398478.585519334	80	40	48	1	2	0	2	-65	68957	7	1	1596	1478	300,300
1526398478.597208715	80	40	48	1	2	0	2	-65	68958	7	1	1596	1478	300,300
1526398478.609105028	80	40	48	1	2	0	2	-65	68959	7	1	1596	1478	300,300
1526398478.620852680	80	40	48	1	2	0	2	-66	68960	7	1	1596	1478	300,300
1526398478.633018050	80	40	48	1	2	0	2	-66	68962	7	1	1596	1478	300,300
1526398478.644649069	80	40	48	1	2	0	2	-66	68964	7	1	1596	1478	300,300
1526398478.656174889	80	40	48	1	2	0	2	-67	68965	7	1	1596	1478	300,300
1526398478.667826459	80	40	48	1	2	0	2	-67	68966	7	1	1596	1478	300,300
1526398478.679718021	80	40	48	1	2	0	2	-67	68967	7	1	1596	1478	300,300
1526398478.691442876	80	40	48	1	2	0	2	-66	68968	7	1	1596	1478	300,300
1526398478.703212534	80	40	48	1	2	0	2	-66	68969	7	1	1596	1478	300,300
1526398478.715001463	80	40	48	1	2	0	2	-66	68970	7	1	1596	1478	300,300
1526398478.726731955	80	40	48	1	2	0	2	-65	68971	7	1	1596	1478	300,300
1526398478.738510618	80	40	48	1	2	0	2	-66	68972	7	1	1596	1478	300,300
1526398478.750251363	80	40	48	1	2	0	2	-66	68973	7	1	1596	1478	300,300
1526398478.762023159	80	40	48	1	2	0	2	-66	68974	7	1	1596	1478	300,300
1526398478.773718164	80	40	48	1	2	0	2	-65	68975	7	1	1596	1478	300,300
1526398478.785545581	80	40	48	1	2	0	2	-65	68976	7	1	1596	1478	300,300
1526398478.797309114	77	40	48	0	2	0	2	-65	68977	8	1	1596	1478	324,324
1526398478.809039451	77	40	48	0	2	0	2	-66	68978	8	1	1596	1478	324,324
1526398478.820844657	77	40	48	0	2	0	2	-66	68979	8	1	1596	1478	324,324
1526398478.832581787	77	40	48	0	2	0	2	-66	68980	8	1	1596	1478	324,324
1526398478.844327626	74	40	48	1	2	0	2	-66	68981	8	1	1596	1478	360,360
1526398478.856445569	74	40	48	1	2	0	2	-66	68983	8	1	1596	1478	360,360
1526398478.867845168	74	40	48	1	2	0	2	-67	68984	8	1	1596	1478	360,360
1526398478.879636671	74	40	48	1	2	0	2	-67	68985	8	1	1596	1478	360,360
1526398478.891376081	74	40	48	1	2	0	2	-66	68986	8	1	1596	1478	360,360
1526398478.903138292	74	40	48	1	2	0	2	-66	68987	8	1	1596	1478	360,360
1526398478.915756960	74	40	48	1	2	0	2	-66	68988	8	1	1596	1478	360,360
1526398478.926669851	74	40	48	1	2	0	2	-67	68989	8	1	1596	1478	360,360
1526398478.938770781	74	40	48	1	2	0	2	-67	68991	8	1	1596	1478	360,360
1526398478.950184353	74	40	48	1	2	0	2	-67	68992	8	1	1596	1478	360,360
1526398478.962653464	74	40	48	1	2	0	2	-67	68994	8	1	1596	1478	360,360
1526398478.973682809	74	40	48	1	2	0	2	-65	68995	8	1	1596	1478	360,360
1526398478.985476142	74	40	48	1	2	0	2	-64	68996	8	1	1596	1478	360,360
1526398478.997239727	74	40	48	1	2	0	2	-65	68997	8	1	1596	1478	360,360
1526398479.008978234	74	40	48	1	2	0	2	-65	68998	8	1	1596	1478	360,360
1526398479.021058301	74	40	48	1	2	0	2	-66	69000	8	1	1596	1478	360,360
1526398479.032416520	74	40	48	1	2	0	2	-66	69001	8	1	1596	1478	360,360
1526398479.044252630	74	40	48	1	2	0	2	-66	69002	8	1	1596	1478	360,360
1526398479.056017466	74	40	48	1	2	0	2	-65	69003	8	1	1596	1478	360,360
1526398479.067792709	74	40	48	1	2	0	2	-66	69004	8	1	1596	1478	360,360
1526398479.079537188	74	40	48	1	2	0	2	-66	69005	8	1	1596	1478	360,360
1526398479.091303704	74	40	48	1	2	0	2	-66	69006	8	1	1596	1478	360,360
1526398479.103009559	74	40	48	1	2	0	2	-65	69007	8	1	1596	1478	360,360
1526398479.114598763	74	40	48	1	2	0	2	-65	69008	8	1	1596	1478	360,360
1526398479.126530603	74	40	48	1	2	0	2	-65	69009	8	1	1596	1478	360,360
1526398479.139690239	74	40	48	1	2	0	2	-65	69013	8	1	1596	1478	360,360
1526398479.149876422	74	40	48	1	2	0	2	-65	69014	8	1	1596	1478	360,360
1526398479.161772660	74	40	48	1	2	0	2	-65	69015	8	1	1596	1478	360,360
1526398479.173487651	74	40	48	1	2	0	2	-65	69016	8	1	1596	1478	360,360
1526398479.185331886	74	40	48	0	2	0	2	-65	69017	9	1	1596	1478	360,360
1526398479.197111165	74	40	48	1	2	0	2	-65	69018	8	1	1596	1478	360,360
1526398479.208893684	74	40	48	1	2	0	2	-66	69019	8	1	1596	1478	360,360
1526398479.220711169	74	40	48	1	2	0	2	-66	69020	8	1	1596	1478	360,360
1526398479.232408863	74	40	48	1	2	0	2	-66	69021	8	1	1596	1478	360,360
1526398479.244180680	74	40	48	0	2	0	2	-66	69022	9	1	1596	1478	360,360
1526398479.255914317	74	40	48	1	2	0	2	-65	69023	8	1	1596	1478	360,360
1526398479.267597613	74	40	48	1	2	0	2	-66	69024	8	1	1596	1478	360,360
1526398479.280106944	74	40	48	1	2	0	2	-66	69027	8	1	1596	1478	360,360
1526398479.292467367	80	40	48	1	2	0	2	-66	69031	7	1	1596	1478	300,300
1526398479.302882337	80	40	48	1	2	0	2	-66	69032	7	1	1596	1478	300,300
1526398479.314639462	80	40	48	1	2	0	2	-65	69033	7	1	1596	1478	300,300
1526398479.326438943	80	40	48	1	2	0	2	-66	69034	7	1	1596	1478	300,300
1526398479.338214324	80	40	48	1	2	0	2	-67	69035	7	1	1596	1478	300,300
1526398479.349921610	80	40	48	1	2	0	2	-66	69036	7	1	1596	1478	300,300
1526398479.361698503	80	40	48	1	2	0	2	-66	69037	7	1	1596	1478	300,300
1526398479.373420272	80	40	48	1	2	0	2	-65	69038	7	1	1596	1478	300,300
1526398479.385203450	77	40	48	0	2	0	2	-65	69039	8	1	1596	1478	324,324
1526398479.396979075	80	40	48	1	2	0	2	-65	69040	7	1	1596	1478	300,300
1526398479.408811123	80	40	48	1	2	0	2	-66	69041	7	1	1596	1478	300,300
1526398479.420449992	80	40	48	1	2	0	2	-66	69042	7	1	1596	1478	300,300
1526398479.432373938	80	40	48	1	2	0	2	-65	69043	7	1	1596	1478	300,300
1526398479.444108875	77	40	48	0	2	0	2	-65	69044	8	1	1596	1478	324,324
1526398479.455859157	77	40	48	0	2	0	2	-65	69045	8	1	1596	1478	324,324
1526398479.467527858	77	40	48	0	2	0	2	-65	69046	8	1	1596	1478	324,324
1526398479.479248202	77	40	48	0	2	0	2	-65	69047	8	1	1596	1478	324,324
1526398479.491122010	74	40	48	1	2	0	2	-65	69048	8	1	1596	1478	360,360
1526398479.503162197	74	40	48	1	2	0	2	-66	69049	8	1	1596	1478	360,360
1526398479.514450240	74	40	48	1	2	0	2	-66	69050	8	1	1596	1478	360,360
1526398479.527306750	74	40	48	1	2	0	2	-66	69051	8	1	1596	1478	360,360
1526398479.538115689	74	40	48	1	2	0	2	-66	69052	8	1	1596	1478	360,360
1526398479.549935127	74	40	48	1	2	0	2	-65	69053	8	1	1596	1478	360,360
1526398479.561684834	74	40	48	1	2	0	2	-65	69054	8	1	1596	1478	360,360
1526398479.573341556	74	40	48	1	2	0	2	-66	69056	8	1	1596	1478	360,360
1526398479.585839308	74	40	48	1	2	0	2	-65	69059	8	1	1596	1478	360,360
1526398479.598287575	80	40	48	1	2	0	2	-65	69063	7	1	1596	1478	300,300
1526398479.608639146	80	40	48	1	2	0	2	-65	69064	7	1	1596	1478	300,300
1526398479.620385624	80	40	48	1	2	0	2	-65	69065	7	1	1596	1478	300,300
1526398479.632168938	80	40	48	1	2	0	2	-65	69066	7	1	1596	1478	300,300
1526398479.644031815	80	40	48	1	2	0	2	-65	69067	7	1	1596	1478	300,300
1526398479.655789105	80	40	48	1	2	0	2	-66	69068	7	1	1596	1478	300,300
1526398479.667461942	80	40	48	1	2	0	2	-65	69069	7	1	1596	1478	300,300
1526398479.679323326	80	40	48	1	2	0	2	-64	69070	7	1	1596	1478	300,300
1526398479.690944341	77	40	48	0	2	0	2	-66	69071	8	1	1596	1478	324,324
1526398479.702819890	80	40	48	1	2	0	2	-66	69072	7	1	1596	1478	300,300
1526398479.714570266	80	40	48	1	2	0	2	-66	69073	7	1	1596	1478	300,300
1526398479.726342843	80	40	48	1	2	0	2	-65	69074	7	1	1596	1478	300,300
1526398479.738091636	80	40	48	1	2	0	2	-64	69075	7	1	1596	1478	300,300
1526398479.749840489	77	40	48	0	2	0	2	-63	69076	8	1	1596	1478	324,324
1526398479.761607540	77	40	48	0	2	0	2	-63	69077	8	1	1596	1478	324,324
1526398479.773381712	77	40	48	0	2	0	2	-63	69078	8	1	1596	1478	324,324
1526398479.785142382	77	40	48	0	2	0	2	-62	69079	8	1	1596	1478	324,324
1526398479.796821321	74	40	48	1	2	0	2	-63	69080	8	1	1596	1478	360,360
1526398479.810053482	74	40	48	1	2	0	2	-63	69081	8	1	1596	1478	360,360
1526398479.820346736	80	40	48	1	2	0	2	-63	69082	7	1	1596	1478	300,300
1526398479.832184690	80	40	48	1	2	0	2	-63	69083	7	1	1596	1478	300,300
1526398479.843966236	80	40	48	1	2	0	2	-63	69084	7	1	1596	1478	300,300
1526398479.855686837	80	40	48	1	2	0	2	-65	69085	7	1	1596	1478	300,300
1526398479.867372474	80	40	48	1	2	0	2	-65	69086	7	1	1596	1478	300,300
1526398479.879235215	80	40	48	1	2	0	2	-66	69087	7	1	1596	1478	300,300
1526398479.890980389	80	40	48	1	2	0	2	-66	69088	7	1	1596	1478	300,300
1526398479.902737084	80	40	48	1	2	0	2	-67	69089	7	1	1596	1478	300,300
1526398479.914380202	80	40	48	1	2	0	2	-68	69090	7	1	1596	1478	300,300
1526398479.926259581	80	40	48	1	2	0	2	-66	69091	7	1	1596	1478	300,300
1526398479.938045180	80	40	48	1	2	0	2	-66	69092	7	1	1596	1478	300,300
1526398479.949754959	80	40	48	1	2	0	2	-66	69093	7	1	1596	1478	300,300
1526398479.961536505	80	40	48	1	2	0	2	-65	69094	7	1	1596	1478	300,300
1526398479.973192056	77	40	48	0	2	0	2	-65	69095	8	1	1596	1478	324,324
1526398479.985127040	80	40	48	1	2	0	2	-64	69096	7	1	1596	1478	300,300
1526398479.996835626	80	40	48	1	2	0	2	-64	69097	7	1	1596	1478	300,300
1526398480.008579212	80	40	48	1	2	0	2	-64	69098	7	1	1596	1478	300,300
1526398480.020346020	80	40	48	1	2	0	2	-64	69099	7	1	1596	1478	300,300
1526398480.032336031	80	40	48	1	2	0	2	-64	69100	7	1	1596	1478	300,300
1526398480.043902614	80	40	48	1	2	0	2	-63	69101	7	1	1596	1478	300,300
1526398480.055634431	80	40	48	1	2	0	2	-63	69102	7	1	1596	1478	300,300
1526398480.067409136	80	40	48	1	2	0	2	-63	69103	7	1	1596	1478	300,300
1526398480.079176824	80	40	48	1	2	0	2	-63	69104	7	1	1596	1478	300,300
1526398480.090917677	80	40	48	1	2	0	2	-64	69105	7	1	1596	1478	300,300
1526398480.102597183	80	40	48	1	2	0	2	-66	69106	7	1	1596	1478	300,300
1526398480.114404584	80	40	48	1	2	0	2	-66	69107	7	1	1596	1478	300,300
1526398480.126276815	80	40	48	1	2	0	2	-65	69109	7	1	1596	1478	300,300
1526398480.137816504	80	40	48	1	2	0	2	-65	69110	7	1	1596	1478	300,300
1526398480.149727968	80	40	48	1	2	0	2	-65	69111	7	1	1596	1478	300,300
1526398480.162213279	80	40	48	1	2	0	2	-66	69112	7	1	1596	1478	300,300
1526398480.173211511	80	40	48	1	2	0	2	-66	69113	7	1	1596	1478	300,300
1526398480.184977638	80	40	48	1	2	0	2	-65	69114	7	1	1596	1478	300,300
1526398480.196725461	77	40	48	0	2	0	2	-64	69115	8	1	1596	1478	324,324
1526398480.208506097	80	40	48	1	2	0	2	-65	69116	7	1	1596	1478	300,300
1526398480.220299417	80	40	48	1	2	0	2	-65	69117	7	1	1596	1478	300,300
1526398480.231937619	80	40	48	1	2	0	2	-65	69118	7	1	1596	1478	300,300
1526398480.244479974	80	40	48	1	2	0	2	-65	69119	7	1	1596	1478	300,300
1526398480.255476000	77	40	48	0	2	0	2	-64	69120	8	1	1596	1478	324,324
1526398480.267223126	77	40	48	0	2	0	2	-64	69121	8	1	1596	1478	324,324
1526398480.278960138	77	40	48	0	2	0	2	-64	69122	8	1	1596	1478	324,324
1526398480.290780817	74	40	48	1	2	0	2	-63	69123	8	1	1596	1478	360,360
1526398480.302531431	74	40	48	1	2	0	2	-63	69124	8	1	1596	1478	360,360
1526398480.314629990	74	40	48	1	2	0	2	-63	69125	8	1	1596	1478	360,360
1526398480.326057525	74	40	48	1	2	0	2	-63	69126	8	1	1596	1478	360,360
1526398480.337801182	74	40	48	1	2	0	2	-62	69127	8	1	1596	1478	360,360
1526398480.349580244	74	40	48	1	2	0	2	-62	69128	8	1	1596	1478	360,360
1526398480.361678734	74	40	48	1	2	0	2	-62	69129	8	1	1596	1478	360,360
1526398480.374436026	80	40	48	1	2	0	2	-63	69132	7	1	1596	1478	300,300
1526398480.384851488	80	40	48	1	2	0	2	-63	69133	7	1	1596	1478	300,300
1526398480.396628645	80	40	48	1	2	0	2	-63	69134	7	1	1596	1478	300,300
1526398480.408370759	80	40	48	1	2	0	2	-63	69135	7	1	1596	1478	300,300
1526398480.420136802	80	40	48	1	2	0	2	-62	69136	7	1	1596	1478	300,300
1526398480.431892906	80	40	48	1	2	0	2	-62	69137	7	1	1596	1478	300,300
1526398480.443651942	80	40	48	1	2	0	2	-63	69138	7	1	1596	1478	300,300
1526398480.455417531	80	40	48	1	2	0	2	-64	69139	7	1	1596	1478	300,300
1526398480.467166290	80	40	48	1	2	0	2	-64	69140	7	1	1596	1478	300,300
1526398480.478932253	77	40	48	0	2	0	2	-63	69141	8	1	1596	1478	324,324
1526398480.490714952	80	40	48	1	2	0	2	-64	69142	7	1	1596	1478	300,300
1526398480.502804937	80	40	48	1	2	0	2	-63	69143	7	1	1596	1478	300,300
1526398480.514190657	80	40	48	1	2	0	2	-63	69144	7	1	1596	1478	300,300
1526398480.525811370	80	40	48	1	2	0	2	-63	69145	7	1	1596	1478	300,300
1526398480.537868338	80	40	48	1	2	0	2	-63	69147	7	1	1596	1478	300,300
1526398480.549481876	80	40	48	1	2	0	2	-65	69148	7	1	1596	1478	300,300
1526398480.561136192	80	40	48	1	2	0	2	-65	69149	7	1	1596	1478	300,300
1526398480.572991626	80	40	48	1	2	0	2	-65	69150	7	1	1596	1478	300,300
1526398480.584809701	80	40	48	1	2	0	2	-64	69151	7	1	1596	1478	300,300
1526398480.596396417	80	40	48	1	2	0	2	-64	69152	7	1	1596	1478	300,300
1526398480.608356941	80	40	48	1	2	0	2	-65	69153	7	1	1596	1478	300,300
1526398480.620098584	80	40	48	1	2	0	2	-66	69154	7	1	1596	1478	300,300
1526398480.632047019	80	40	48	1	2	0	2	-66	69155	7	1	1596	1478	300,300
1526398480.643538512	80	40	48	1	2	0	2	-65	69156	7	1	1596	1478	300,300
1526398480.655419530	80	40	48	1	2	0	2	-65	69157	7	1	1596	1478	300,300
1526398480.667136200	80	40	48	1	2	0	2	-65	69158	7	1	1596	1478	300,300
1526398480.678827353	80	40	48	1	2	0	2	-65	69159	7	1	1596	1478	300,300
1526398480.690785723	80	40	48	1	2	0	2	-66	69160	7	1	1596	1478	300,300
1526398480.702405537	77	40	48	0	2	0	2	-66	69161	8	1	1596	1478	324,324
1526398480.714185002	80	40	48	1	2	0	2	-65	69162	7	1	1596	1478	300,300
1526398480.725951263	80	40	48	1	2	0	2	-64	69163	7	1	1596	1478	300,300
1526398480.737550371	80	40	48	1	2	0	2	-64	69164	7	1	1596	1478	300,300
1526398480.749356353	80	40	48	1	2	0	2	-65	69165	7	1	1596	1478	300,300
1526398480.761235272	77	40	48	0	2	0	2	-65	69166	8	1	1596	1478	324,324
1526398480.772997743	77	40	48	0	2	0	2	-64	69167	8	1	1596	1478	324,324
1526398480.784747138	74	40	48	1	2	0	2	-65	69168	8	1	1596	1478	360,360
1526398480.796481608	74	40	48	1	2	0	2	-65	69169	8	1	1596	1478	360,360
1526398480.808236193	74	40	48	1	2	0	2	-64	69170	8	1	1596	1478	360,360
1526398480.819905970	74	40	48	0	2	0	2	-64	69171	9	1	1596	1478	360,360
1526398480.831782259	74	40	48	1	2	0	2	-65	69172	8	1	1596	1478	360,360
1526398480.843536389	74	40	48	1	2	0	2	-65	69173	8	1	1596	1478	360,360
1526398480.855295424	74	40	48	1	2	0	2	-65	69174	8	1	1596	1478	360,360
1526398480.867093996	74	40	48	1	2	0	2	-65	69175	8	1	1596	1478	360,360
1526398480.879064023	74	40	48	0	2	0	2	-65	69176	9	1	1596	1478	360,360
1526398480.890569382	74	40	48	1	2	0	2	-65	69177	8	1	1596	1478	360,360
1526398480.902323383	74	40	48	1	2	0	2	-65	69178	8	1	1596	1478	360,360
1526398480.914085696	74	40	48	1	2	0	2	-64	69179	8	1	1596	1478	360,360
1526398480.925849775	74	40	48	1	2	0	2	-64	69180	8	1	1596	1478	360,360
1526398480.937619854	74	40	48	0	2	0	2	-64	69181	9	1	1596	1478	360,360
1526398480.949379820	74	40	48	1	2	0	2	-65	69182	8	1	1596	1478	360,360
1526398480.961101682	74	40	48	1	2	0	2	-65	69183	8	1	1596	1478	360,360
1526398480.972814775	74	40	48	1	2	0	2	-65	69184	8	1	1596	1478	360,360
1526398480.984665153	74	40	48	1	2	0	2	-64	69185	8	1	1596	1478	360,360
1526398480.996451972	74	40	48	0	2	0	2	-65	69186	9	1	1596	1478	360,360
1526398481.008113786	74	40	48	1	2	0	2	-65	69187	8	1	1596	1478	360,360
1526398481.019939787	74	40	48	1	2	0	2	-65	69188	8	1	1596	1478	360,360
1526398481.031614900	74	40	48	1	2	0	2	-65	69189	8	1	1596	1478	360,360
1526398481.043371454	74	40	48	1	2	0	2	-65	69190	8	1	1596	1478	360,360
1526398481.055214151	74	40	48	0	2	0	2	-64	69191	9	1	1596	1478	360,360
1526398481.067316516	70	40	48	1	2	0	2	-64	69192	9	1	1596	1478	400,400
1526398481.078731251	70	40	48	1	2	0	2	-64	69193	9	1	1596	1478	400,400
1526398481.090404763	70	40	48	1	2	0	2	-65	69194	9	1	1596	1478	400,400
1526398481.102158715	70	40	48	1	2	0	2	-65	69195	9	1	1596	1478	400,400
1526398481.115175372	74	40	48	1	2	0	2	-65	69198	8	1	1596	1478	360,360
1526398481.125897057	74	40	48	1	2	0	2	-64	69200	8	1	1596	1478	360,360
1526398481.137374317	74	40	48	1	2	0	2	-64	69201	8	1	1596	1478	360,360
1526398481.149053737	74	40	48	1	2	0	2	-65	69202	8	1	1596	1478	360,360
1526398481.160923275	74	40	48	1	2	0	2	-65	69203	8	1	1596	1478	360,360
1526398481.172713222	74	40	48	1	2	0	2	-65	69204	8	1	1596	1478	360,360
1526398481.184454488	74	40	48	1	2	0	2	-65	69205	8	1	1596	1478	360,360
1526398481.196092219	74	40	48	1	2	0	2	-66	69206	8	1	1596	1478	360,360
1526398481.208736888	74	40	48	1	2	0	2	-66	69207	8	1	1596	1478	360,360
1526398481.219723961	74	40	48	1	2	0	2	-66	69208	8	1	1596	1478	360,360
1526398481.231395981	74	40	48	1	2	0	2	-65	69209	8	1	1596	1478	360,360
1526398481.243223087	74	40	48	1	2	0	2	-65	69210	8	1	1596	1478	360,360
1526398481.255023208	74	40	48	1	2	0	2	-64	69211	8	1	1596	1478	360,360
1526398481.266876304	74	40	48	1	2	0	2	-64	69212	8	1	1596	1478	360,360
1526398481.278655113	74	40	48	1	2	0	2	-64	69213	8	1	1596	1478	360,360
1526398481.290411663	74	40	48	1	2	0	2	-63	69214	8	1	1596	1478	360,360
1526398481.302854380	74	40	48	1	2	0	2	-63	69217	8	1	1596	1478	360,360
1526398481.313929145	74	40	48	1	2	0	2	-63	69218	8	1	1596	1478	360,360
1526398481.325703833	74	40	48	1	2	0	2	-64	69219	8	1	1596	1478	360,360
1526398481.337384356	74	40	48	1	2	0	2	-65	69220	8	1	1596	1478	360,360
1526398481.349110179	74	40	48	1	2	0	2	-64	69221	8	1	1596	1478	360,360
1526398481.360869719	74	40	48	1	2	0	2	-65	69222	8	1	1596	1478	360,360
1526398481.373107741	74	40	48	1	2	0	2	-65	69224	8	1	1596	1478	360,360
1526398481.385553793	74	40	48	1	2	0	2	-65	69227	8	1	1596	1478	360,360
1526398481.397663243	80	40	48	1	2	0	2	-65	69229	7	1	1596	1478	300,300
1526398481.408014335	80	40	48	1	2	0	2	-65	69230	7	1	1596	1478	300,300
1526398481.419779505	80	40	48	1	2	0	2	-65	69231	7	1	1596	1478	300,300
1526398481.431525075	80	40	48	1	2	0	2	-65	69232	7	1	1596	1478	300,300
1526398481.443240032	80	40	48	1	2	0	2	-65	69233	7	1	1596	1478	300,300
1526398481.455060291	80	40	48	1	2	0	2	-65	69234	7	1	1596	1478	300,300
1526398481.466814286	80	40	48	1	2	0	2	-65	69235	7	1	1596	1478	300,300
1526398481.478616048	80	40	48	1	2	0	2	-66	69236	7	1	1596	1478	300,300
1526398481.490347869	80	40	48	1	2	0	2	-66	69237	7	1	1596	1478	300,300
1526398481.502101542	80	40	48	1	2	0	2	-66	69238	7	1	1596	1478	300,300
1526398481.513873702	80	40	48	1	2	0	2	-65	69239	7	1	1596	1478	300,300
1526398481.525559175	80	40	48	1	2	0	2	-65	69240	7	1	1596	1478	300,300
1526398481.537370246	77	40	48	0	2	0	2	-65	69241	8	1	1596	1478	324,324
1526398481.549154274	80	40	48	1	2	0	2	-65	69242	7	1	1596	1478	300,300
1526398481.560894446	80	40	48	1	2	0	2	-65	69243	7	1	1596	1478	300,300
1526398481.572588191	80	40	48	1	2	0	2	-64	69244	7	1	1596	1478	300,300
1526398481.584437657	80	40	48	1	2	0	2	-64	69245	7	1	1596	1478	300,300
1526398481.596291236	77	40	48	0	2	0	2	-65	69246	8	1	1596	1478	324,324
1526398481.607935404	77	40	48	0	2	0	2	-65	69247	8	1	1596	1478	324,324
1526398481.619687719	77	40	48	0	2	0	2	-66	69248	8	1	1596	1478	324,324
1526398481.631852220	77	40	48	0	2	0	2	-65	69250	8	1	1596	1478	324,324
1526398481.643236171	74	40	48	1	2	0	2	-65	69251	8	1	1596	1478	360,360
1526398481.654907018	74	40	48	0	2	0	2	-65	69252	9	1	1596	1478	360,360
1526398481.666617501	74	40	48	1	2	0	2	-65	69253	8	1	1596	1478	360,360
1526398481.694861758	74	40	48	1	2	0	2	-65	69254	8	1	1596	1478	360,360
1526398481.695164397	74	40	48	1	2	0	2	-65	69255	8	1	1596	1478	360,360
1526398481.702019018	74	40	48	1	2	0	2	-64	69256	8	1	1596	1478	360,360
1526398481.713769950	74	40	48	0	2	0	2	-64	69257	9	1	1596	1478	360,360
1526398481.725500915	74	40	48	1	2	0	2	-65	69258	8	1	1596	1478	360,360
1526398481.737212513	74	40	48	1	2	0	2	-65	69259	8	1	1596	1478	360,360
1526398481.748954736	74	40	48	1	2	0	2	-65	69260	8	1	1596	1478	360,360
1526398481.761132732	74	40	48	1	2	0	2	-64	69262	8	1	1596	1478	360,360
1526398481.772932790	74	40	48	1	2	0	2	-65	69264	8	1	1596	1478	360,360
1526398481.784381758	74	40	48	1	2	0	2	-65	69265	8	1	1596	1478	360,360
1526398481.796101152	74	40	48	1	2	0	2	-66	69266	8	1	1596	1478	360,360
1526398481.807865825	74	40	48	1	2	0	2	-65	69267	8	1	1596	1478	360,360
1526398481.819641557	74	40	48	1	2	0	2	-65	69268	8	1	1596	1478	360,360
1526398481.831377379	74	40	48	1	2	0	2	-65	69269	8	1	1596	1478	360,360
1526398481.843084560	74	40	48	1	2	0	2	-66	69270	8	1	1596	1478	360,360
1526398481.854888193	74	40	48	1	2	0	2	-66	69271	8	1	1596	1478	360,360
1526398481.866643698	74	40	48	1	2	0	2	-66	69272	8	1	1596	1478	360,360
1526398481.878314836	74	40	48	1	2	0	2	-65	69273	8	1	1596	1478	360,360
1526398481.890185828	74	40	48	1	2	0	2	-64	69274	8	1	1596	1478	360,360
1526398481.903040077	74	40	48	1	2	0	2	-64	69275	8	1	1596	1478	360,360
1526398481.913999979	74	40	48	1	2	0	2	-64	69277	8	1	1596	1478	360,360
1526398481.927462854	80	40	48	1	2	0	2	-64	69280	7	1	1596	1478	300,300
1526398481.937209740	80	40	48	1	2	0	2	-64	69281	7	1	1596	1478	300,300
1526398481.948975336	80	40	48	1	2	0	2	-64	69282	7	1	1596	1478	300,300
1526398481.960730077	80	40	48	1	2	0	2	-64	69283	7	1	1596	1478	300,300
1526398481.972502432	80	40	48	1	2	0	2	-65	69284	7	1	1596	1478	300,300
1526398481.985092670	80	40	48	1	2	0	2	-65	69285	7	1	1596	1478	300,300
1526398481.995904077	80	40	48	1	2	0	2	-65	69286	7	1	1596	1478	300,300
1526398482.007795198	80	40	48	1	2	0	2	-65	69287	7	1	1596	1478	300,300
1526398482.019526455	80	40	48	1	2	0	2	-66	69288	7	1	1596	1478	300,300
1526398482.031174464	80	40	48	1	2	0	2	-65	69289	7	1	1596	1478	300,300
1526398482.043048181	80	40	48	1	2	0	2	-66	69290	7	1	1596	1478	300,300
1526398482.054728470	80	40	48	1	2	0	2	-65	69291	7	1	1596	1478	300,300
1526398482.066463873	80	40	48	1	2	0	2	-65	69292	7	1	1596	1478	300,300
1526398482.078186689	80	40	48	1	2	0	2	-66	69293	7	1	1596	1478	300,300
1526398482.090553631	80	40	48	1	2	0	2	-66	69295	7	1	1596	1478	300,300
1526398482.101804340	80	40	48	1	2	0	2	-66	69296	7	1	1596	1478	300,300
1526398482.113619577	80	40	48	1	2	0	2	-66	69297	7	1	1596	1478	300,300
1526398482.125384898	80	40	48	1	2	0	2	-66	69298	7	1	1596	1478	300,300
1526398482.137128694	80	40	48	1	2	0	2	-66	69299	7	1	1596	1478	300,300
1526398482.137319152	80	40	48	1	2	0	2	-66	69300	7	1	1596	1478	300,300
1526398482.148881311	80	40	48	1	2	0	2	-65	69301	7	1	1596	1478	300,300
1526398482.160661907	80	40	48	1	2	0	2	-65	69302	7	1	1596	1478	300,300
1526398482.172298260	80	40	48	1	2	0	2	-65	69303	7	1	1596	1478	300,300
1526398482.184098322	80	40	48	1	2	0	2	-64	69304	7	1	1596	1478	300,300
1526398482.195907584	80	40	48	1	2	0	2	-64	69305	7	1	1596	1478	300,300
1526398482.207718871	80	40	48	1	2	0	2	-64	69306	7	1	1596	1478	300,300
1526398482.219449361	80	40	48	1	2	0	2	-64	69307	7	1	1596	1478	300,300
1526398482.231591913	80	40	48	1	2	0	2	-64	69308	7	1	1596	1478	300,300
1526398482.242877572	80	40	48	1	2	0	2	-64	69309	7	1	1596	1478	300,300
1526398482.254589907	77	40	48	0	2	0	2	-64	69310	8	1	1596	1478	324,324
1526398482.266489730	80	40	48	1	2	0	2	-64	69311	7	1	1596	1478	300,300
1526398482.278256975	80	40	48	1	2	0	2	-64	69312	7	1	1596	1478	300,300
1526398482.289931740	80	40	48	1	2	0	2	-65	69313	7	1	1596	1478	300,300
1526398482.301808915	80	40	48	1	2	0	2	-65	69314	7	1	1596	1478	300,300
1526398482.313569136	77	40	48	0	2	0	2	-64	69315	8	1	1596	1478	324,324
1526398482.325303128	77	40	48	0	2	0	2	-65	69316	8	1	1596	1478	324,324
1526398482.337053839	77	40	48	0	2	0	2	-65	69317	8	1	1596	1478	324,324
1526398482.349469570	77	40	48	0	2	0	2	-65	69320	8	1	1596	1478	324,324
1526398482.360568163	74	40	48	1	2	0	2	-65	69321	8	1	1596	1478	360,360
1526398482.372605199	74	40	48	1	2	0	2	-65	69322	8	1	1596	1478	360,360
1526398482.384110068	74	40	48	1	2	0	2	-65	69323	8	1	1596	1478	360,360
1526398482.395871685	74	40	48	1	2	0	2	-64	69324	8	1	1596	1478	360,360
1526398482.407656234	74	40	48	1	2	0	2	-63	69325	8	1	1596	1478	360,360
1526398482.419399210	74	40	48	1	2	0	2	-63	69326	8	1	1596	1478	360,360
1526398482.431143303	74	40	48	1	2	0	2	-64	69327	8	1	1596	1478	360,360
1526398482.442897123	74	40	48	1	2	0	2	-64	69328	8	1	1596	1478	360,360
1526398482.454648459	74	40	48	1	2	0	2	-64	69329	8	1	1596	1478	360,360
1526398482.466423298	74	40	48	1	2	0	2	-63	69330	8	1	1596	1478	360,360
1526398482.478176783	74	40	48	1	2	0	2	-62	69331	8	1	1596	1478	360,360
1526398482.489967675	74	40	48	1	2	0	2	-62	69332	8	1	1596	1478	360,360
1526398482.501706393	74	40	48	1	2	0	2	-63	69333	8	1	1596	1478	360,360
1526398482.513498093	74	40	48	1	2	0	2	-64	69334	8	1	1596	1478	360,360
1526398482.525172800	74	40	48	1	2	0	2	-64	69335	8	1	1596	1478	360,360
1526398482.536972758	74	40	48	0	2	0	2	-64	69336	9	1	1596	1478	360,360
1526398482.548733450	74	40	48	1	2	0	2	-64	69337	8	1	1596	1478	360,360
1526398482.560495816	74	40	48	1	2	0	2	-64	69338	8	1	1596	1478	360,360
1526398482.572261691	74	40	48	1	2	0	2	-64	69339	8	1	1596	1478	360,360
1526398482.584022598	74	40	48	1	2	0	2	-64	69340	8	1	1596	1478	360,360
1526398482.595654223	74	40	48	0	2	0	2	-65	69341	9	1	1596	1478	360,360
1526398482.607526476	74	40	48	1	2	0	2	-65	69342	8	1	1596	1478	360,360
1526398482.619836644	74	40	48	1	2	0	2	-65	69343	8	1	1596	1478	360,360
1526398482.631465168	74	40	48	1	2	0	2	-67	69344	8	1	1596	1478	360,360
1526398482.643028424	74	40	48	1	2	0	2	-68	69345	8	1	1596	1478	360,360
1526398482.654936635	74	40	48	1	2	0	2	-67	69347	8	1	1596	1478	360,360
1526398482.666347576	74	40	48	1	2	0	2	-66	69348	8	1	1596	1478	360,360
1526398482.677927992	74	40	48	1	2	0	2	-65	69349	8	1	1596	1478	360,360
1526398482.689763174	74	40	48	1	2	0	2	-65	69350	8	1	1596	1478	360,360
1526398482.702159380	74	40	48	1	2	0	2	-66	69351	8	1	1596	1478	360,360
1526398482.713582770	74	40	48	1	2	0	2	-66	69353	8	1	1596	1478	360,360
1526398482.725121650	74	40	48	1	2	0	2	-66	69354	8	1	1596	1478	360,360
1526398482.737104525	74	40	48	1	2	0	2	-67	69356	8	1	1596	1478	360,360
1526398482.748985574	74	40	48	1	2	0	2	-67	69358	8	1	1596	1478	360,360
1526398482.760399835	74	40	48	1	2	0	2	-67	69359	8	1	1596	1478	360,360
1526398482.773470499	80	40	48	1	2	0	2	-68	69363	7	1	1596	1478	300,300
1526398482.783943879	80	40	48	1	2	0	2	-67	69364	7	1	1596	1478	300,300
1526398482.795695943	80	40	48	1	2	0	2	-66	69365	7	1	1596	1478	300,300
1526398482.807512358	80	40	48	1	2	0	2	-67	69366	7	1	1596	1478	300,300
1526398482.819223596	80	40	48	1	2	0	2	-66	69367	7	1	1596	1478	300,300
1526398482.830917079	80	40	48	1	2	0	2	-65	69368	7	1	1596	1478	300,300
1526398482.842744131	80	40	48	1	2	0	2	-64	69369	7	1	1596	1478	300,300
1526398482.854493369	80	40	48	1	2	0	2	-64	69370	7	1	1596	1478	300,300
1526398482.866659579	80	40	48	1	2	0	2	-64	69372	7	1	1596	1478	300,300
1526398482.878010334	80	40	48	1	2	0	2	-65	69373	7	1	1596	1478	300,300
1526398482.889781228	80	40	48	1	2	0	2	-65	69374	7	1	1596	1478	300,300
1526398482.901550693	80	40	48	1	2	0	2	-66	69375	7	1	1596	1478	300,300
1526398482.913333769	80	40	48	1	2	0	2	-67	69376	7	1	1596	1478	300,300
1526398482.925101921	80	40	48	1	2	0	2	-66	69377	7	1	1596	1478	300,300
1526398482.936833772	80	40	48	1	2	0	2	-66	69378	7	1	1596	1478	300,300
1526398482.948583796	80	40	48	1	2	0	2	-65	69379	7	1	1596	1478	300,300
1526398482.960353038	80	40	48	1	2	0	2	-65	69380	7	1	1596	1478	300,300
1526398482.972436917	80	40	48	1	2	0	2	-66	69381	7	1	1596	1478	300,300
1526398482.983817958	80	40	48	1	2	0	2	-66	69382	7	1	1596	1478	300,300
1526398482.995933162	80	40	48	1	2	0	2	-66	69383	7	1	1596	1478	300,300
1526398483.007409393	80	40	48	1	2	0	2	-67	69384	7	1	1596	1478	300,300
1526398483.019142363	80	40	48	1	2	0	2	-66	69385	7	1	1596	1478	300,300
1526398483.031213850	77	40	48	0	2	0	2	-65	69386	8	1	1596	1478	324,324
1526398483.042533453	80	40	48	1	2	0	2	-65	69387	7	1	1596	1478	300,300
1526398483.054224361	80	40	48	1	2	0	2	-65	69388	7	1	1596	1478	300,300
1526398483.065972012	80	40	48	1	2	0	2	-64	69389	7	1	1596	1478	300,300
1526398483.077911685	80	40	48	1	2	0	2	-64	69390	7	1	1596	1478	300,300
1526398483.089680198	77	40	48	0	2	0	2	-64	69391	8	1	1596	1478	324,324
1526398483.101450593	77	40	48	0	2	0	2	-64	69392	8	1	1596	1478	324,324
1526398483.113230445	77	40	48	0	2	0	2	-65	69393	8	1	1596	1478	324,324
1526398483.124987763	77	40	48	0	2	0	2	-65	69394	8	1	1596	1478	324,324
1526398483.137371600	74	40	48	1	2	0	2	-65	69397	8	1	1596	1478	360,360
1526398483.148820408	74	40	48	1	2	0	2	-65	69398	8	1	1596	1478	360,360
1526398483.161027843	74	40	48	1	2	0	2	-66	69401	8	1	1596	1478	360,360
1526398483.173238064	80	40	48	1	2	0	2	-66	69405	7	1	1596	1478	300,300
1526398483.183696966	80	40	48	1	2	0	2	-66	69406	7	1	1596	1478	300,300
1526398483.195385047	80	40	48	1	2	0	2	-67	69407	7	1	1596	1478	300,300
1526398483.207284945	80	40	48	1	2	0	2	-67	69408	7	1	1596	1478	300,300
1526398483.219089141	80	40	48	1	2	0	2	-67	69409	7	1	1596	1478	300,300
1526398483.230748536	80	40	48	1	2	0	2	-68	69410	7	1	1596	1478	300,300
1526398483.242479144	80	40	48	1	2	0	2	-67	69411	7	1	1596	1478	300,300
1526398483.254250933	80	40	48	1	2	0	2	-67	69412	7	1	1596	1478	300,300
1526398483.266089674	80	40	48	1	2	0	2	-67	69413	7	1	1596	1478	300,300
1526398483.277755259	80	40	48	1	2	0	2	-66	69414	7	1	1596	1478	300,300
1526398483.289545043	80	40	48	1	2	0	2	-66	69415	7	1	1596	1478	300,300
1526398483.301385974	80	40	48	1	2	0	2	-65	69416	7	1	1596	1478	300,300
1526398483.313437398	80	40	48	1	2	0	2	-65	69417	7	1	1596	1478	300,300
1526398483.324928253	80	40	48	1	2	0	2	-65	69418	7	1	1596	1478	300,300
1526398483.336901374	80	40	48	1	2	0	2	-65	69419	7	1	1596	1478	300,300
1526398483.348414735	80	40	48	1	2	0	2	-65	69420	7	1	1596	1478	300,300
1526398483.360260688	80	40	48	1	2	0	2	-65	69421	7	1	1596	1478	300,300
1526398483.371862886	80	40	48	1	2	0	2	-66	69422	7	1	1596	1478	300,300
1526398483.383701829	80	40	48	1	2	0	2	-66	69423	7	1	1596	1478	300,300
1526398483.395448358	80	40	48	1	2	0	2	-66	69424	7	1	1596	1478	300,300
1526398483.407219319	80	40	48	1	2	0	2	-66	69425	7	1	1596	1478	300,300
1526398483.419518115	80	40	48	1	2	0	2	-66	69426	7	1	1596	1478	300,300
1526398483.430994445	80	40	48	1	2	0	2	-66	69427	7	1	1596	1478	300,300
1526398483.442508451	80	40	48	1	2	0	2	-66	69428	7	1	1596	1478	300,300
1526398483.454273317	80	40	48	1	2	0	2	-66	69429	7	1	1596	1478	300,300
1526398483.466031685	80	40	48	1	2	0	2	-67	69430	7	1	1596	1478	300,300
1526398483.478116964	80	40	48	1	2	0	2	-66	69432	7	1	1596	1478	300,300
1526398483.489543262	80	40	48	1	2	0	2	-66	69433	7	1	1596	1478	300,300
1526398483.501309877	80	40	48	1	2	0	2	-66	69434	7	1	1596	1478	300,300
1526398483.513063067	80	40	48	1	2	0	2	-66	69435	7	1	1596	1478	300,300
1526398483.524845385	80	40	48	1	2	0	2	-66	69436	7	1	1596	1478	300,300
1526398483.536463869	80	40	48	1	2	0	2	-66	69437	7	1	1596	1478	300,300
1526398483.548360929	80	40	48	1	2	0	2	-66	69438	7	1	1596	1478	300,300
1526398483.560099183	80	40	48	1	2	0	2	-67	69439	7	1	1596	1478	300,300
1526398483.571770140	80	40	48	1	2	0	2	-67	69440	7	1	1596	1478	300,300
1526398483.583552022	80	40	48	1	2	0	2	-67	69441	7	1	1596	1478	300,300
1526398483.595312956	80	40	48	1	2	0	2	-67	69442	7	1	1596	1478	300,300
1526398483.607143149	80	40	48	1	2	0	2	-66	69443	7	1	1596	1478	300,300
1526398483.618819226	80	40	48	1	2	0	2	-66	69444	7	1	1596	1478	300,300
1526398483.630696874	80	40	48	1	2	0	2	-65	69445	7	1	1596	1478	300,300
1526398483.642416478	77	40	48	0	2	0	2	-65	69446	8	1	1596	1478	324,324
1526398483.654184386	80	40	48	1	2	0	2	-65	69447	7	1	1596	1478	300,300
1526398483.665825457	80	40	48	1	2	0	2	-65	69448	7	1	1596	1478	300,300
1526398483.677569863	80	40	48	1	2	0	2	-65	69449	7	1	1596	1478	300,300
1526398483.689392678	80	40	48	1	2	0	2	-65	69450	7	1	1596	1478	300,300
1526398483.701211979	77	40	48	0	2	0	2	-65	69451	8	1	1596	1478	324,324
1526398483.712846656	80	40	48	1	2	0	2	-64	69452	7	1	1596	1478	300,300
1526398483.725828628	80	40	48	1	2	0	2	-64	69453	7	1	1596	1478	300,300
1526398483.736390872	80	40	48	1	2	0	2	-64	69454	7	1	1596	1478	300,300
1526398483.748333456	80	40	48	1	2	0	2	-64	69455	7	1	1596	1478	300,300
1526398483.760019917	77	40	48	0	2	0	2	-63	69456	8	1	1596	1478	324,324
1526398483.771767360	77	40	48	0	2	0	2	-64	69457	8	1	1596	1478	324,324
1526398483.783536003	77	40	48	0	2	0	2	-63	69458	8	1	1596	1478	324,324
1526398483.795289807	77	40	48	0	2	0	2	-63	69459	8	1	1596	1478	324,324
1526398483.807372294	74	40	48	1	2	0	2	-63	69460	8	1	1596	1478	360,360
1526398483.818812952	74	40	48	0	2	0	2	-63	69461	9	1	1596	1478	360,360
1526398483.830598674	74	40	48	1	2	0	2	-63	69462	8	1	1596	1478	360,360
1526398483.842340098	74	40	48	1	2	0	2	-63	69463	8	1	1596	1478	360,360
1526398483.854074901	74	40	48	1	2	0	2	-64	69464	8	1	1596	1478	360,360
1526398483.865854674	74	40	48	1	2	0	2	-63	69465	8	1	1596	1478	360,360
1526398483.877958901	74	40	48	1	2	0	2	-63	69467	8	1	1596	1478	360,360
1526398483.889357625	74	40	48	1	2	0	2	-63	69468	8	1	1596	1478	360,360
1526398483.901101331	74	40	48	1	2	0	2	-63	69469	8	1	1596	1478	360,360
1526398483.912804669	74	40	48	1	2	0	2	-63	69470	8	1	1596	1478	360,360
1526398483.924647528	74	40	48	1	2	0	2	-63	69471	8	1	1596	1478	360,360
1526398483.936431727	74	40	48	1	2	0	2	-63	69472	8	1	1596	1478	360,360
1526398483.948179594	74	40	48	1	2	0	2	-63	69473	8	1	1596	1478	360,360
1526398483.959930496	74	40	48	1	2	0	2	-63	69474	8	1	1596	1478	360,360
1526398483.971707105	74	40	48	1	2	0	2	-63	69475	8	1	1596	1478	360,360
1526398483.983460446	74	40	48	1	2	0	2	-64	69476	8	1	1596	1478	360,360
1526398483.995226728	74	40	48	1	2	0	2	-64	69477	8	1	1596	1478	360,360
1526398484.006920889	74	40	48	1	2	0	2	-64	69478	8	1	1596	1478	360,360
1526398484.018635574	74	40	48	1	2	0	2	-64	69479	8	1	1596	1478	360,360
1526398484.030375693	74	40	48	1	2	0	2	-63	69480	8	1	1596	1478	360,360
1526398484.042512114	74	40	48	1	2	0	2	-64	69482	8	1	1596	1478	360,360
1526398484.053957326	74	40	48	1	2	0	2	-63	69483	8	1	1596	1478	360,360
1526398484.065646708	74	40	48	1	2	0	2	-63	69484	8	1	1596	1478	360,360
1526398484.077270130	74	40	48	1	2	0	2	-63	69485	8	1	1596	1478	360,360
1526398484.089149863	74	40	48	1	2	0	2	-63	69486	8	1	1596	1478	360,360
1526398484.100918224	74	40	48	1	2	0	2	-63	69487	8	1	1596	1478	360,360
1526398484.112685800	74	40	48	1	2	0	2	-63	69488	8	1	1596	1478	360,360
1526398484.124439484	74	40	48	1	2	0	2	-62	69489	8	1	1596	1478	360,360
1526398484.136221705	74	40	48	1	2	0	2	-63	69490	8	1	1596	1478	360,360
1526398484.147864079	74	40	48	1	2	0	2	-62	69491	8	1	1596	1478	360,360
1526398484.159626140	74	40	48	1	2	0	2	-62	69492	8	1	1596	1478	360,360
1526398484.171480154	74	40	48	1	2	0	2	-62	69493	8	1	1596	1478	360,360
1526398484.183587583	74	40	48	1	2	0	2	-62	69494	8	1	1596	1478	360,360
1526398484.195104833	74	40	48	1	2	0	2	-62	69495	8	1	1596	1478	360,360
1526398484.207219310	74	40	48	1	2	0	2	-62	69497	8	1	1596	1478	360,360
1526398484.218565914	74	40	48	1	2	0	2	-62	69498	8	1	1596	1478	360,360
1526398484.230228507	74	40	48	1	2	0	2	-62	69499	8	1	1596	1478	360,360
1526398484.242228400	74	40	48	1	2	0	2	-62	69500	8	1	1596	1478	360,360
1526398484.253824820	74	40	48	1	2	0	2	-62	69501	8	1	1596	1478	360,360
1526398484.265683556	74	40	48	1	2	0	2	-62	69502	8	1	1596	1478	360,360
1526398484.277451861	74	40	48	1	2	0	2	-62	69503	8	1	1596	1478	360,360
1526398484.289147714	74	40	48	1	2	0	2	-62	69504	8	1	1596	1478	360,360
1526398484.300953561	74	40	48	1	2	0	2	-62	69505	8	1	1596	1478	360,360
1526398484.312919697	74	40	48	1	2	0	2	-63	69506	8	1	1596	1478	360,360
1526398484.324486767	74	40	48	1	2	0	2	-62	69507	8	1	1596	1478	360,360
1526398484.336265498	74	40	48	1	2	0	2	-63	69508	8	1	1596	1478	360,360
1526398484.347964026	74	40	48	1	2	0	2	-63	69509	8	1	1596	1478	360,360
1526398484.359761617	74	40	48	1	2	0	2	-63	69510	8	1	1596	1478	360,360
1526398484.371821437	74	40	48	1	2	0	2	-63	69512	8	1	1596	1478	360,360
1526398484.383285120	74	40	48	1	2	0	2	-63	69513	8	1	1596	1478	360,360
1526398484.395045012	74	40	48	1	2	0	2	-63	69514	8	1	1596	1478	360,360
1526398484.406800979	74	40	48	1	2	0	2	-63	69515	8	1	1596	1478	360,360
1526398484.418571223	74	40	48	1	2	0	2	-63	69516	8	1	1596	1478	360,360
1526398484.430322547	74	40	48	1	2	0	2	-63	69517	8	1	1596	1478	360,360
1526398484.443515436	74	40	48	1	2	0	2	-63	69518	8	1	1596	1478	360,360
1526398484.453856692	74	40	48	1	2	0	2	-63	69519	8	1	1596	1478	360,360
1526398484.465610166	74	40	48	1	2	0	2	-63	69520	8	1	1596	1478	360,360
1526398484.477295222	74	40	48	1	2	0	2	-63	69521	8	1	1596	1478	360,360
1526398484.489130423	74	40	48	1	2	0	2	-64	69522	8	1	1596	1478	360,360
1526398484.500920191	74	40	48	1	2	0	2	-63	69523	8	1	1596	1478	360,360
1526398484.512654259	74	40	48	1	2	0	2	-64	69524	8	1	1596	1478	360,360
1526398484.524408965	74	40	48	1	2	0	2	-64	69525	8	1	1596	1478	360,360
1526398484.536505322	74	40	48	1	2	0	2	-64	69526	8	1	1596	1478	360,360
1526398484.547971701	74	40	48	1	2	0	2	-64	69527	8	1	1596	1478	360,360
1526398484.559704582	74	40	48	1	2	0	2	-64	69528	8	1	1596	1478	360,360
1526398484.571440771	74	40	48	1	2	0	2	-64	69529	8	1	1596	1478	360,360
1526398484.583215071	74	40	48	1	2	0	2	-64	69530	8	1	1596	1478	360,360
