1526398383.456995427	96	40	48	0	2	0	2	-53	66568	5	1	1596	1478	216,216
1526398383.457043045	96	40	48	0	2	0	2	-53	66568	5	1	1596	1478	216,216
1526398383.457056565	96	40	48	0	2	0	2	-53	66568	5	1	1596	1478	216,216
1526398383.457065459	96	40	48	0	2	0	2	-53	66568	5	1	1596	1478	216,216
1526398383.462269055	96	40	48	0	2	0	2	-53	66569	5	1	1596	1478	216,216
1526398383.474018316	96	40	48	0	2	0	2	-54	66570	5	1	1596	1478	216,216
1526398383.485814230	96	40	48	0	2	0	2	-54	66571	5	1	1596	1478	216,216
1526398383.497629702	90	40	48	0	2	0	2	-54	66572	6	1	1596	1478	243,243
1526398383.509404054	90	40	48	0	2	0	2	-55	66573	6	1	1596	1478	243,243
1526398383.521239059	90	40	48	0	2	0	2	-55	66574	6	1	1596	1478	243,243
1526398383.532928347	90	40	48	0	2	0	2	-55	66575	6	1	1596	1478	243,243
1526398383.544820251	90	40	48	0	2	0	2	-55	66576	6	1	1596	1478	243,243
1526398383.556405564	80	40	48	1	2	0	2	-55	66577	7	1	1596	1478	300,300
1526398383.568297731	80	40	48	1	2	0	2	-56	66578	7	1	1596	1478	300,300
1526398383.580084256	80	40	48	1	2	0	2	-56	66579	7	1	1596	1478	300,300
1526398383.591834234	80	40	48	1	2	0	2	-56	66580	7	1	1596	1478	300,300
1526398383.603564994	80	40	48	1	2	0	2	-56	66581	7	1	1596	1478	300,300
1526398383.615340447	74	40	48	1	2	0	2	-56	66582	8	1	1596	1478	360,360
1526398383.627104663	74	40	48	1	2	0	2	-56	66583	8	1	1596	1478	360,360
1526398383.638855910	74	40	48	1	2	0	2	-56	66584	8	1	1596	1478	360,360
1526398383.650554770	74	40	48	1	2	0	2	-55	66585	8	1	1596	1478	360,360
1526398383.662402806	74	40	48	1	2	0	2	-55	66586	8	1	1596	1478	360,360
1526398383.674030739	70	40	48	1	2	0	2	-56	66587	9	1	1596	1478	400,400
1526398383.686346010	70	40	48	1	2	0	2	-56	66588	9	1	1596	1478	400,400
1526398383.697671770	70	40	48	1	2	0	2	-56	66589	9	1	1596	1478	400,400
1526398383.709416690	70	40	48	1	2	0	2	-55	66590	9	1	1596	1478	400,400
1526398383.721176283	70	40	48	1	2	0	2	-55	66591	9	1	1596	1478	400,400
1526398383.732917155	70	40	48	1	2	0	2	-55	66592	9	1	1596	1478	400,400
1526398383.744703727	70	40	48	1	2	0	2	-54	66593	9	1	1596	1478	400,400
1526398383.756356297	70	40	48	1	2	0	2	-54	66594	9	1	1596	1478	400,400
1526398383.768222422	70	40	48	1	2	0	2	-53	66595	9	1	1596	1478	400,400
1526398383.779931987	70	40	48	1	2	0	2	-53	66596	9	1	1596	1478	400,400
1526398383.792201882	70	40	48	1	2	0	2	-53	66597	9	1	1596	1478	400,400
1526398383.803418180	70	40	48	1	2	0	2	-53	66598	9	1	1596	1478	400,400
1526398383.815265210	70	40	48	1	2	0	2	-53	66599	9	1	1596	1478	400,400
1526398383.826936002	70	40	48	1	2	0	2	-53	66600	9	1	1596	1478	400,400
1526398383.838712202	70	40	48	1	2	0	2	-53	66601	9	1	1596	1478	400,400
1526398383.850541441	70	40	48	1	2	0	2	-53	66602	9	1	1596	1478	400,400
1526398383.862574268	70	40	48	1	2	0	2	-53	66603	9	1	1596	1478	400,400
1526398383.873997989	70	40	48	1	2	0	2	-53	66604	9	1	1596	1478	400,400
1526398383.885821751	70	40	48	1	2	0	2	-53	66605	9	1	1596	1478	400,400
1526398383.897582243	70	40	48	1	2	0	2	-53	66606	9	1	1596	1478	400,400
1526398383.909280024	70	40	48	1	2	0	2	-53	66607	9	1	1596	1478	400,400
1526398383.921096908	70	40	48	1	2	0	2	-53	66608	9	1	1596	1478	400,400
1526398383.932855374	70	40	48	1	2	0	2	-54	66609	9	1	1596	1478	400,400
1526398383.944557976	70	40	48	1	2	0	2	-54	66610	9	1	1596	1478	400,400
1526398383.956287891	70	40	48	1	2	0	2	-54	66611	9	1	1596	1478	400,400
1526398383.968046394	70	40	48	1	2	0	2	-54	66612	9	1	1596	1478	400,400
1526398383.979796339	70	40	48	1	2	0	2	-54	66613	9	1	1596	1478	400,400
1526398383.991506543	70	40	48	1	2	0	2	-54	66614	9	1	1596	1478	400,400
1526398384.003313885	70	40	48	1	2	0	2	-54	66615	9	1	1596	1478	400,400
1526398384.014930280	70	40	48	1	2	0	2	-54	66616	9	1	1596	1478	400,400
1526398384.026771869	70	40	48	1	2	0	2	-54	66617	9	1	1596	1478	400,400
1526398384.038565835	70	40	48	1	2	0	2	-54	66618	9	1	1596	1478	400,400
1526398384.050435241	70	40	48	1	2	0	2	-54	66619	9	1	1596	1478	400,400
1526398384.062209375	70	40	48	1	2	0	2	-53	66620	9	1	1596	1478	400,400
1526398384.073838710	70	40	48	1	2	0	2	-53	66621	9	1	1596	1478	400,400
1526398384.085726383	70	40	48	1	2	0	2	-53	66622	9	1	1596	1478	400,400
1526398384.097427446	70	40	48	1	2	0	2	-53	66623	9	1	1596	1478	400,400
1526398384.109144875	70	40	48	1	2	0	2	-53	66624	9	1	1596	1478	400,400
1526398384.121026089	70	40	48	1	2	0	2	-52	66625	9	1	1596	1478	400,400
1526398384.132654369	70	40	48	1	2	0	2	-52	66626	9	1	1596	1478	400,400
1526398384.144521225	70	40	48	1	2	0	2	-52	66627	9	1	1596	1478	400,400
1526398384.156201708	70	40	48	1	2	0	2	-52	66628	9	1	1596	1478	400,400
1526398384.168069252	70	40	48	1	2	0	2	-52	66629	9	1	1596	1478	400,400
1526398384.179734195	70	40	48	1	2	0	2	-52	66630	9	1	1596	1478	400,400
1526398384.191583903	70	40	48	1	2	0	2	-52	66631	9	1	1596	1478	400,400
1526398384.203372162	70	40	48	1	2	0	2	-52	66632	9	1	1596	1478	400,400
1526398384.215099191	70	40	48	1	2	0	2	-52	66633	9	1	1596	1478	400,400
1526398384.226862863	70	40	48	1	2	0	2	-52	66634	9	1	1596	1478	400,400
1526398384.238622731	70	40	48	1	2	0	2	-52	66635	9	1	1596	1478	400,400
1526398384.250284444	70	40	48	1	2	0	2	-53	66636	9	1	1596	1478	400,400
1526398384.262127534	70	40	48	1	2	0	2	-52	66637	9	1	1596	1478	400,400
1526398384.273897722	70	40	48	1	2	0	2	-52	66638	9	1	1596	1478	400,400
1526398384.285650500	70	40	48	1	2	0	2	-52	66639	9	1	1596	1478	400,400
1526398384.297433663	70	40	48	1	2	0	2	-52	66640	9	1	1596	1478	400,400
1526398384.309156470	70	40	48	1	2	0	2	-52	66641	9	1	1596	1478	400,400
1526398384.320941745	70	40	48	1	2	0	2	-51	66642	9	1	1596	1478	400,400
1526398384.332684576	70	40	48	1	2	0	2	-51	66643	9	1	1596	1478	400,400
1526398384.344443988	70	40	48	1	2	0	2	-51	66644	9	1	1596	1478	400,400
1526398384.356216988	70	40	48	1	2	0	2	-51	66645	9	1	1596	1478	400,400
1526398384.367968371	70	40	48	1	2	0	2	-50	66646	9	1	1596	1478	400,400
1526398384.379715203	70	40	48	1	2	0	2	-50	66647	9	1	1596	1478	400,400
1526398384.391498102	70	40	48	1	2	0	2	-50	66648	9	1	1596	1478	400,400
1526398384.403196454	70	40	48	1	2	0	2	-51	66649	9	1	1596	1478	400,400
1526398384.415022729	70	40	48	1	2	0	2	-51	66650	9	1	1596	1478	400,400
1526398384.426788649	70	40	48	1	2	0	2	-51	66651	9	1	1596	1478	400,400
1526398384.438557966	70	40	48	1	2	0	2	-51	66652	9	1	1596	1478	400,400
1526398384.450307517	70	40	48	1	2	0	2	-51	66653	9	1	1596	1478	400,400
1526398384.461979686	70	40	48	1	2	0	2	-51	66654	9	1	1596	1478	400,400
1526398384.473769542	70	40	48	1	2	0	2	-51	66655	9	1	1596	1478	400,400
1526398384.485609372	70	40	48	1	2	0	2	-51	66656	9	1	1596	1478	400,400
1526398384.497394394	70	40	48	1	2	0	2	-51	66657	9	1	1596	1478	400,400
1526398384.509171560	70	40	48	1	2	0	2	-50	66658	9	1	1596	1478	400,400
1526398384.520904949	70	40	48	1	2	0	2	-50	66659	9	1	1596	1478	400,400
1526398384.532570357	70	40	48	1	2	0	2	-51	66660	9	1	1596	1478	400,400
1526398384.544420760	70	40	48	1	2	0	2	-51	66661	9	1	1596	1478	400,400
1526398384.556097777	70	40	48	1	2	0	2	-51	66662	9	1	1596	1478	400,400
1526398384.567944715	70	40	48	1	2	0	2	-51	66663	9	1	1596	1478	400,400
1526398384.579756016	70	40	48	1	2	0	2	-51	66664	9	1	1596	1478	400,400
1526398384.591462711	70	40	48	1	2	0	2	-51	66665	9	1	1596	1478	400,400
1526398384.603122278	70	40	48	1	2	0	2	-51	66666	9	1	1596	1478	400,400
1526398384.614771709	70	40	48	1	2	0	2	-51	66667	9	1	1596	1478	400,400
1526398384.626591788	70	40	48	1	2	0	2	-51	66668	9	1	1596	1478	400,400
1526398384.638487692	70	40	48	1	2	0	2	-51	66669	9	1	1596	1478	400,400
1526398384.650250521	70	40	48	1	2	0	2	-51	66670	9	1	1596	1478	400,400
1526398384.662027119	70	40	48	1	2	0	2	-51	66671	9	1	1596	1478	400,400
1526398384.674207713	70	40	48	1	2	0	2	-52	66672	9	1	1596	1478	400,400
1526398384.685450841	70	40	48	1	2	0	2	-52	66673	9	1	1596	1478	400,400
1526398384.697213060	70	40	48	1	2	0	2	-52	66674	9	1	1596	1478	400,400
1526398384.708903847	70	40	48	1	2	0	2	-52	66675	9	1	1596	1478	400,400
1526398384.720712100	70	40	48	1	2	0	2	-52	66676	9	1	1596	1478	400,400
1526398384.732419323	70	40	48	1	2	0	2	-52	66677	9	1	1596	1478	400,400
1526398384.744181644	70	40	48	1	2	0	2	-52	66678	9	1	1596	1478	400,400
1526398384.756025697	70	40	48	1	2	0	2	-52	66679	9	1	1596	1478	400,400
1526398384.767832190	70	40	48	1	2	0	2	-51	66680	9	1	1596	1478	400,400
1526398384.779573991	70	40	48	1	2	0	2	-51	66681	9	1	1596	1478	400,400
1526398384.791659332	70	40	48	1	2	0	2	-51	66682	9	1	1596	1478	400,400
1526398384.803021326	70	40	48	1	2	0	2	-51	66683	9	1	1596	1478	400,400
1526398384.814880195	70	40	48	1	2	0	2	-51	66684	9	1	1596	1478	400,400
1526398384.826605948	70	40	48	1	2	0	2	-51	66685	9	1	1596	1478	400,400
1526398384.838310928	70	40	48	1	2	0	2	-51	66686	9	1	1596	1478	400,400
1526398384.850108760	70	40	48	1	2	0	2	-51	66687	9	1	1596	1478	400,400
1526398384.861889880	70	40	48	1	2	0	2	-52	66688	9	1	1596	1478	400,400
1526398384.873660151	70	40	48	1	2	0	2	-52	66689	9	1	1596	1478	400,400
1526398384.885411542	70	40	48	1	2	0	2	-52	66690	9	1	1596	1478	400,400
1526398384.897172057	70	40	48	1	2	0	2	-52	66691	9	1	1596	1478	400,400
1526398384.908854747	70	40	48	1	2	0	2	-52	66692	9	1	1596	1478	400,400
1526398384.920619618	70	40	48	1	2	0	2	-52	66693	9	1	1596	1478	400,400
1526398384.932356236	70	40	48	1	2	0	2	-51	66694	9	1	1596	1478	400,400
1526398384.944117330	70	40	48	1	2	0	2	-51	66695	9	1	1596	1478	400,400
1526398384.955816773	70	40	48	1	2	0	2	-50	66696	9	1	1596	1478	400,400
1526398384.967640752	70	40	48	1	2	0	2	-50	66697	9	1	1596	1478	400,400
1526398384.979401500	70	40	48	1	2	0	2	-50	66698	9	1	1596	1478	400,400
1526398384.991151446	70	40	48	1	2	0	2	-50	66699	9	1	1596	1478	400,400
1526398385.002898858	70	40	48	1	2	0	2	-50	66700	9	1	1596	1478	400,400
1526398385.014930574	70	40	48	1	2	0	2	-50	66701	9	1	1596	1478	400,400
1526398385.026425158	70	40	48	1	2	0	2	-50	66702	9	1	1596	1478	400,400
1526398385.038200928	70	40	48	1	2	0	2	-51	66703	9	1	1596	1478	400,400
1526398385.049947238	70	40	48	1	2	0	2	-50	66704	9	1	1596	1478	400,400
1526398385.061698299	70	40	48	1	2	0	2	-50	66705	9	1	1596	1478	400,400
1526398385.073465224	70	40	48	1	2	0	2	-50	66706	9	1	1596	1478	400,400
1526398385.085224321	70	40	48	1	2	0	2	-50	66707	9	1	1596	1478	400,400
1526398385.096984896	70	40	48	1	2	0	2	-50	66708	9	1	1596	1478	400,400
1526398385.108751848	70	40	48	1	2	0	2	-50	66709	9	1	1596	1478	400,400
1526398385.120515822	70	40	48	1	2	0	2	-51	66710	9	1	1596	1478	400,400
1526398385.132190534	70	40	48	1	2	0	2	-51	66711	9	1	1596	1478	400,400
1526398385.144090520	70	40	48	1	2	0	2	-51	66712	9	1	1596	1478	400,400
1526398385.155850023	70	40	48	1	2	0	2	-51	66713	9	1	1596	1478	400,400
1526398385.167628959	70	40	48	1	2	0	2	-51	66714	9	1	1596	1478	400,400
1526398385.179329120	70	40	48	1	2	0	2	-51	66715	9	1	1596	1478	400,400
1526398385.191163198	70	40	48	1	2	0	2	-51	66716	9	1	1596	1478	400,400
1526398385.202933281	70	40	48	1	2	0	2	-52	66717	9	1	1596	1478	400,400
1526398385.214698005	70	40	48	1	2	0	2	-51	66718	9	1	1596	1478	400,400
1526398385.226480659	70	40	48	1	2	0	2	-51	66719	9	1	1596	1478	400,400
1526398385.238214939	70	40	48	1	2	0	2	-51	66720	9	1	1596	1478	400,400
1526398385.249980221	70	40	48	1	2	0	2	-51	66721	9	1	1596	1478	400,400
1526398385.261734110	70	40	48	1	2	0	2	-51	66722	9	1	1596	1478	400,400
1526398385.273393697	70	40	48	1	2	0	2	-51	66723	9	1	1596	1478	400,400
1526398385.285251543	70	40	48	1	2	0	2	-51	66724	9	1	1596	1478	400,400
1526398385.297017290	70	40	48	1	2	0	2	-51	66725	9	1	1596	1478	400,400
1526398385.308772390	70	40	48	1	2	0	2	-51	66726	9	1	1596	1478	400,400
1526398385.320559001	70	40	48	1	2	0	2	-52	66727	9	1	1596	1478	400,400
1526398385.332299330	70	40	48	1	2	0	2	-51	66728	9	1	1596	1478	400,400
1526398385.344063099	70	40	48	1	2	0	2	-51	66729	9	1	1596	1478	400,400
1526398385.356185926	70	40	48	1	2	0	2	-51	66730	9	1	1596	1478	400,400
1526398385.367550240	70	40	48	1	2	0	2	-51	66731	9	1	1596	1478	400,400
1526398385.379333045	70	40	48	1	2	0	2	-50	66732	9	1	1596	1478	400,400
1526398385.391023576	70	40	48	1	2	0	2	-50	66733	9	1	1596	1478	400,400
1526398385.402856253	70	40	48	1	2	0	2	-50	66734	9	1	1596	1478	400,400
1526398385.414616753	70	40	48	1	2	0	2	-50	66735	9	1	1596	1478	400,400
1526398385.426409399	70	40	48	1	2	0	2	-49	66736	9	1	1596	1478	400,400
1526398385.438118976	70	40	48	1	2	0	2	-49	66737	9	1	1596	1478	400,400
1526398385.449909981	70	40	48	1	2	0	2	-49	66738	9	1	1596	1478	400,400
1526398385.461650480	70	40	48	1	2	0	2	-49	66739	9	1	1596	1478	400,400
1526398385.473404045	70	40	48	1	2	0	2	-49	66740	9	1	1596	1478	400,400
1526398385.485187345	70	40	48	1	2	0	2	-49	66741	9	1	1596	1478	400,400
1526398385.496932675	70	40	48	1	2	0	2	-49	66742	9	1	1596	1478	400,400
1526398385.508677085	70	40	48	1	2	0	2	-49	66743	9	1	1596	1478	400,400
1526398385.520459819	70	40	48	1	2	0	2	-49	66744	9	1	1596	1478	400,400
1526398385.532150388	70	40	48	1	2	0	2	-49	66745	9	1	1596	1478	400,400
1526398385.543895464	70	40	48	1	2	0	2	-49	66746	9	1	1596	1478	400,400
1526398385.555739809	70	40	48	1	2	0	2	-49	66747	9	1	1596	1478	400,400
1526398385.567514626	70	40	48	1	2	0	2	-49	66748	9	1	1596	1478	400,400
1526398385.579256351	70	40	48	1	2	0	2	-49	66749	9	1	1596	1478	400,400
1526398385.590995964	70	40	48	1	2	0	2	-49	66750	9	1	1596	1478	400,400
1526398385.603184916	70	40	48	1	2	0	2	-49	66751	9	1	1596	1478	400,400
1526398385.614523586	70	40	48	1	2	0	2	-49	66752	9	1	1596	1478	400,400
1526398385.626645126	70	40	48	1	2	0	2	-49	66753	9	1	1596	1478	400,400
1526398385.637968247	70	40	48	1	2	0	2	-49	66754	9	1	1596	1478	400,400
1526398385.649733232	70	40	48	1	2	0	2	-50	66755	9	1	1596	1478	400,400
1526398385.661488593	70	40	48	1	2	0	2	-50	66756	9	1	1596	1478	400,400
1526398385.673339258	70	40	48	1	2	0	2	-50	66757	9	1	1596	1478	400,400
1526398385.685076986	70	40	48	1	2	0	2	-49	66758	9	1	1596	1478	400,400
1526398385.696686453	70	40	48	1	2	0	2	-49	66759	9	1	1596	1478	400,400
1526398385.708638693	70	40	48	1	2	0	2	-50	66760	9	1	1596	1478	400,400
1526398385.720373983	70	40	48	1	2	0	2	-50	66761	9	1	1596	1478	400,400
1526398385.732177925	70	40	48	1	2	0	2	-50	66762	9	1	1596	1478	400,400
1526398385.743899139	70	40	48	1	2	0	2	-50	66763	9	1	1596	1478	400,400
1526398385.755486443	70	40	48	1	2	0	2	-50	66764	9	1	1596	1478	400,400
1526398385.767418603	70	40	48	1	2	0	2	-51	66765	9	1	1596	1478	400,400
1526398385.779121541	70	40	48	1	2	0	2	-51	66766	9	1	1596	1478	400,400
1526398385.790927997	70	40	48	1	2	0	2	-51	66767	9	1	1596	1478	400,400
1526398385.802699529	70	40	48	1	2	0	2	-52	66768	9	1	1596	1478	400,400
1526398385.814403030	70	40	48	1	2	0	2	-52	66769	9	1	1596	1478	400,400
1526398385.826216504	70	40	48	1	2	0	2	-52	66770	9	1	1596	1478	400,400
1526398385.837859364	70	40	48	1	2	0	2	-52	66771	9	1	1596	1478	400,400
1526398385.849654695	70	40	48	1	2	0	2	-53	66772	9	1	1596	1478	400,400
1526398385.861509001	70	40	48	1	2	0	2	-53	66773	9	1	1596	1478	400,400
1526398385.873252183	70	40	48	1	2	0	2	-53	66774	9	1	1596	1478	400,400
1526398385.884998604	70	40	48	1	2	0	2	-52	66775	9	1	1596	1478	400,400
1526398385.896718433	70	40	48	1	2	0	2	-52	66776	9	1	1596	1478	400,400
1526398385.908444325	70	40	48	1	2	0	2	-52	66777	9	1	1596	1478	400,400
1526398385.920200364	70	40	48	1	2	0	2	-51	66778	9	1	1596	1478	400,400
1526398385.931954352	70	40	48	1	2	0	2	-51	66779	9	1	1596	1478	400,400
1526398385.943747955	70	40	48	1	2	0	2	-51	66780	9	1	1596	1478	400,400
1526398385.955461467	70	40	48	1	2	0	2	-51	66781	9	1	1596	1478	400,400
1526398385.967241807	70	40	48	1	2	0	2	-51	66782	9	1	1596	1478	400,400
1526398385.978987956	70	40	48	1	2	0	2	-51	66783	9	1	1596	1478	400,400
1526398385.990765572	70	40	48	1	2	0	2	-51	66784	9	1	1596	1478	400,400
1526398386.002440199	70	40	48	1	2	0	2	-51	66785	9	1	1596	1478	400,400
1526398386.014278207	70	40	48	1	2	0	2	-51	66786	9	1	1596	1478	400,400
1526398386.026022608	70	40	48	1	2	0	2	-51	66787	9	1	1596	1478	400,400
1526398386.037905439	70	40	48	1	2	0	2	-51	66788	9	1	1596	1478	400,400
1526398386.049636966	70	40	48	1	2	0	2	-51	66789	9	1	1596	1478	400,400
1526398386.061404226	70	40	48	1	2	0	2	-51	66790	9	1	1596	1478	400,400
1526398386.073175358	70	40	48	1	2	0	2	-51	66791	9	1	1596	1478	400,400
1526398386.084952468	70	40	48	1	2	0	2	-51	66792	9	1	1596	1478	400,400
1526398386.096699458	70	40	48	1	2	0	2	-51	66793	9	1	1596	1478	400,400
1526398386.108467516	70	40	48	1	2	0	2	-51	66794	9	1	1596	1478	400,400
1526398386.120219391	70	40	48	1	2	0	2	-51	66795	9	1	1596	1478	400,400
1526398386.131978269	70	40	48	1	2	0	2	-51	66796	9	1	1596	1478	400,400
1526398386.143673774	70	40	48	1	2	0	2	-52	66797	9	1	1596	1478	400,400
1526398386.155251244	70	40	48	1	2	0	2	-52	66798	9	1	1596	1478	400,400
1526398386.167276651	70	40	48	1	2	0	2	-52	66799	9	1	1596	1478	400,400
1526398386.179010459	70	40	48	1	2	0	2	-52	66800	9	1	1596	1478	400,400
1526398386.190774728	70	40	48	1	2	0	2	-51	66801	9	1	1596	1478	400,400
1526398386.202521228	70	40	48	1	2	0	2	-51	66802	9	1	1596	1478	400,400
1526398386.214302577	70	40	48	1	2	0	2	-51	66803	9	1	1596	1478	400,400
1526398386.226067507	70	40	48	1	2	0	2	-51	66804	9	1	1596	1478	400,400
1526398386.237743693	70	40	48	1	2	0	2	-52	66805	9	1	1596	1478	400,400
1526398386.249506012	70	40	48	1	2	0	2	-53	66806	9	1	1596	1478	400,400
1526398386.261339003	70	40	48	1	2	0	2	-53	66807	9	1	1596	1478	400,400
1526398386.273075177	70	40	48	1	2	0	2	-53	66808	9	1	1596	1478	400,400
1526398386.284871490	70	40	48	1	2	0	2	-52	66809	9	1	1596	1478	400,400
1526398386.296608211	70	40	48	1	2	0	2	-51	66810	9	1	1596	1478	400,400
1526398386.308399667	70	40	48	1	2	0	2	-50	66811	9	1	1596	1478	400,400
1526398386.320495391	70	40	48	1	2	0	2	-50	66812	9	1	1596	1478	400,400
1526398386.331893938	70	40	48	1	2	0	2	-51	66813	9	1	1596	1478	400,400
1526398386.343688109	70	40	48	1	2	0	2	-52	66814	9	1	1596	1478	400,400
1526398386.355409095	70	40	48	1	2	0	2	-53	66815	9	1	1596	1478	400,400
1526398386.367185888	70	40	48	1	2	0	2	-54	66816	9	1	1596	1478	400,400
1526398386.378899271	70	40	48	1	2	0	2	-55	66817	9	1	1596	1478	400,400
1526398386.390690441	70	40	48	1	2	0	2	-55	66818	9	1	1596	1478	400,400
1526398386.402449366	70	40	48	1	2	0	2	-54	66819	9	1	1596	1478	400,400
1526398386.414249733	70	40	48	1	2	0	2	-54	66820	9	1	1596	1478	400,400
1526398386.425955851	70	40	48	1	2	0	2	-53	66821	9	1	1596	1478	400,400
1526398386.437728570	70	40	48	1	2	0	2	-52	66822	9	1	1596	1478	400,400
1526398386.449527145	70	40	48	1	2	0	2	-52	66823	9	1	1596	1478	400,400
1526398386.461262854	70	40	48	1	2	0	2	-53	66824	9	1	1596	1478	400,400
1526398386.473003748	70	40	48	1	2	0	2	-53	66825	9	1	1596	1478	400,400
1526398386.484775691	70	40	48	1	2	0	2	-53	66826	9	1	1596	1478	400,400
1526398386.496526025	70	40	48	1	2	0	2	-53	66827	9	1	1596	1478	400,400
1526398386.508286827	70	40	48	1	2	0	2	-53	66828	9	1	1596	1478	400,400
1526398386.520067373	70	40	48	1	2	0	2	-53	66829	9	1	1596	1478	400,400
1526398386.531641614	70	40	48	1	2	0	2	-53	66830	9	1	1596	1478	400,400
1526398386.543556807	70	40	48	1	2	0	2	-53	66831	9	1	1596	1478	400,400
1526398386.555250874	70	40	48	1	2	0	2	-53	66832	9	1	1596	1478	400,400
1526398386.567088804	70	40	48	1	2	0	2	-54	66833	9	1	1596	1478	400,400
1526398386.578854562	70	40	48	1	2	0	2	-54	66834	9	1	1596	1478	400,400
1526398386.590616879	70	40	48	1	2	0	2	-54	66835	9	1	1596	1478	400,400
1526398386.602367908	70	40	48	1	2	0	2	-55	66836	9	1	1596	1478	400,400
1526398386.614137086	70	40	48	1	2	0	2	-55	66837	9	1	1596	1478	400,400
1526398386.625911622	70	40	48	1	2	0	2	-55	66838	9	1	1596	1478	400,400
1526398386.637670962	70	40	48	1	2	0	2	-56	66839	9	1	1596	1478	400,400
1526398386.649431985	70	40	48	1	2	0	2	-56	66840	9	1	1596	1478	400,400
1526398386.661119637	70	40	48	1	2	0	2	-55	66841	9	1	1596	1478	400,400
1526398386.672837791	70	40	48	1	2	0	2	-55	66842	9	1	1596	1478	400,400
1526398386.684642490	70	40	48	1	2	0	2	-55	66843	9	1	1596	1478	400,400
1526398386.696467618	70	40	48	1	2	0	2	-55	66844	9	1	1596	1478	400,400
1526398386.708225779	70	40	48	1	2	0	2	-55	66845	9	1	1596	1478	400,400
1526398386.719987125	70	40	48	1	2	0	2	-55	66846	9	1	1596	1478	400,400
1526398386.731649387	70	40	48	1	2	0	2	-54	66847	9	1	1596	1478	400,400
1526398386.743327513	70	40	48	1	2	0	2	-53	66848	9	1	1596	1478	400,400
1526398386.755088453	70	40	48	1	2	0	2	-52	66849	9	1	1596	1478	400,400
1526398386.766983496	70	40	48	1	2	0	2	-52	66850	9	1	1596	1478	400,400
1526398386.778757049	70	40	48	1	2	0	2	-52	66851	9	1	1596	1478	400,400
1526398386.790966181	70	40	48	1	2	0	2	-52	66852	9	1	1596	1478	400,400
1526398386.802285526	70	40	48	1	2	0	2	-51	66853	9	1	1596	1478	400,400
1526398386.814048932	70	40	48	1	2	0	2	-51	66854	9	1	1596	1478	400,400
1526398386.825825023	70	40	48	1	2	0	2	-51	66855	9	1	1596	1478	400,400
1526398386.837501248	70	40	48	1	2	0	2	-51	66856	9	1	1596	1478	400,400
1526398386.849327989	70	40	48	1	2	0	2	-51	66857	9	1	1596	1478	400,400
1526398386.861144051	70	40	48	1	2	0	2	-52	66858	9	1	1596	1478	400,400
1526398386.872568791	70	40	48	1	2	0	2	-52	66859	9	1	1596	1478	400,400
1526398386.884514880	70	40	48	1	2	0	2	-52	66860	9	1	1596	1478	400,400
1526398386.896272737	70	40	48	1	2	0	2	-51	66861	9	1	1596	1478	400,400
1526398386.908030657	70	40	48	1	2	0	2	-51	66862	9	1	1596	1478	400,400
1526398386.919814327	70	40	48	1	2	0	2	-52	66863	9	1	1596	1478	400,400
1526398386.931584052	70	40	48	1	2	0	2	-52	66864	9	1	1596	1478	400,400
1526398386.943343445	70	40	48	1	2	0	2	-52	66865	9	1	1596	1478	400,400
1526398386.955186921	70	40	48	1	2	0	2	-52	66866	9	1	1596	1478	400,400
1526398386.966962797	70	40	48	1	2	0	2	-52	66867	9	1	1596	1478	400,400
1526398386.978656764	70	40	48	1	2	0	2	-52	66868	9	1	1596	1478	400,400
1526398386.990387417	70	40	48	1	2	0	2	-52	66869	9	1	1596	1478	400,400
1526398387.002215916	70	40	48	1	2	0	2	-52	66870	9	1	1596	1478	400,400
1526398387.013977963	70	40	48	1	2	0	2	-52	66871	9	1	1596	1478	400,400
1526398387.025665767	70	40	48	1	2	0	2	-52	66872	9	1	1596	1478	400,400
1526398387.037511377	70	40	48	1	2	0	2	-52	66873	9	1	1596	1478	400,400
1526398387.049274453	70	40	48	1	2	0	2	-52	66874	9	1	1596	1478	400,400
1526398387.061041577	70	40	48	1	2	0	2	-52	66875	9	1	1596	1478	400,400
1526398387.072775076	70	40	48	1	2	0	2	-53	66876	9	1	1596	1478	400,400
1526398387.084464513	70	40	48	1	2	0	2	-53	66877	9	1	1596	1478	400,400
1526398387.096306693	70	40	48	1	2	0	2	-53	66878	9	1	1596	1478	400,400
1526398387.108042444	70	40	48	1	2	0	2	-53	66879	9	1	1596	1478	400,400
1526398387.119815215	70	40	48	1	2	0	2	-53	66880	9	1	1596	1478	400,400
1526398387.131574810	70	40	48	1	2	0	2	-53	66881	9	1	1596	1478	400,400
1526398387.143279089	70	40	48	1	2	0	2	-53	66882	9	1	1596	1478	400,400
1526398387.155121889	70	40	48	1	2	0	2	-54	66883	9	1	1596	1478	400,400
1526398387.166779060	70	40	48	1	2	0	2	-53	66884	9	1	1596	1478	400,400
1526398387.178518089	70	40	48	1	2	0	2	-53	66885	9	1	1596	1478	400,400
1526398387.190752600	70	40	48	1	2	0	2	-54	66886	9	1	1596	1478	400,400
1526398387.202122002	70	40	48	1	2	0	2	-55	66887	9	1	1596	1478	400,400
1526398387.213887540	70	40	48	1	2	0	2	-55	66888	9	1	1596	1478	400,400
1526398387.225650508	70	40	48	1	2	0	2	-54	66889	9	1	1596	1478	400,400
1526398387.237299150	70	40	48	1	2	0	2	-53	66890	9	1	1596	1478	400,400
1526398387.249038184	70	40	48	1	2	0	2	-53	66891	9	1	1596	1478	400,400
1526398387.260919846	70	40	48	1	2	0	2	-54	66892	9	1	1596	1478	400,400
1526398387.272706700	70	40	48	1	2	0	2	-54	66893	9	1	1596	1478	400,400
1526398387.284463834	70	40	48	1	2	0	2	-55	66894	9	1	1596	1478	400,400
1526398387.296158650	70	40	48	1	2	0	2	-55	66895	9	1	1596	1478	400,400
1526398387.307985468	70	40	48	1	2	0	2	-56	66896	9	1	1596	1478	400,400
1526398387.319750112	70	40	48	1	2	0	2	-55	66897	9	1	1596	1478	400,400
1526398387.331491753	70	40	48	1	2	0	2	-54	66898	9	1	1596	1478	400,400
1526398387.344034580	70	40	48	1	2	0	2	-54	66899	9	1	1596	1478	400,400
1526398387.355029365	70	40	48	1	2	0	2	-55	66900	9	1	1596	1478	400,400
1526398387.366777238	70	40	48	1	2	0	2	-54	66901	9	1	1596	1478	400,400
1526398387.378543248	70	40	48	1	2	0	2	-53	66902	9	1	1596	1478	400,400
1526398387.390300335	70	40	48	1	2	0	2	-53	66903	9	1	1596	1478	400,400
1526398387.402053157	70	40	48	1	2	0	2	-55	66904	9	1	1596	1478	400,400
1526398387.413676792	70	40	48	1	2	0	2	-56	66905	9	1	1596	1478	400,400
1526398387.425373412	70	40	48	1	2	0	2	-55	66906	9	1	1596	1478	400,400
1526398387.437159301	70	40	48	1	2	0	2	-54	66907	9	1	1596	1478	400,400
1526398387.448964573	70	40	48	1	2	0	2	-54	66908	9	1	1596	1478	400,400
1526398387.460742671	70	40	48	1	2	0	2	-54	66909	9	1	1596	1478	400,400
1526398387.472512484	70	40	48	1	2	0	2	-54	66910	9	1	1596	1478	400,400
1526398387.484230485	70	40	48	1	2	0	2	-53	66911	9	1	1596	1478	400,400
1526398387.496001768	70	40	48	1	2	0	2	-53	66912	9	1	1596	1478	400,400
1526398387.507750505	70	40	48	1	2	0	2	-53	66913	9	1	1596	1478	400,400
1526398387.519519983	70	40	48	1	2	0	2	-53	66914	9	1	1596	1478	400,400
1526398387.531189863	70	40	48	1	2	0	2	-53	66915	9	1	1596	1478	400,400
1526398387.543089929	70	40	48	1	2	0	2	-53	66916	9	1	1596	1478	400,400
1526398387.554788295	70	40	48	1	2	0	2	-53	66917	9	1	1596	1478	400,400
1526398387.566568533	70	40	48	1	2	0	2	-53	66918	9	1	1596	1478	400,400
1526398387.578376740	70	40	48	1	2	0	2	-52	66919	9	1	1596	1478	400,400
1526398387.590098574	70	40	48	1	2	0	2	-52	66920	9	1	1596	1478	400,400
1526398387.601954254	70	40	48	1	2	0	2	-53	66921	9	1	1596	1478	400,400
1526398387.613720366	70	40	48	1	2	0	2	-53	66922	9	1	1596	1478	400,400
1526398387.625333822	70	40	48	1	2	0	2	-53	66923	9	1	1596	1478	400,400
1526398387.637243230	70	40	48	1	2	0	2	-52	66924	9	1	1596	1478	400,400
1526398387.649029942	70	40	48	1	2	0	2	-52	66925	9	1	1596	1478	400,400
1526398387.660799892	70	40	48	1	2	0	2	-52	66926	9	1	1596	1478	400,400
1526398387.672447018	70	40	48	1	2	0	2	-52	66927	9	1	1596	1478	400,400
1526398387.684240254	70	40	48	1	2	0	2	-52	66928	9	1	1596	1478	400,400
1526398387.695993660	70	40	48	1	2	0	2	-52	66929	9	1	1596	1478	400,400
1526398387.707808505	70	40	48	1	2	0	2	-53	66930	9	1	1596	1478	400,400
1526398387.719494921	70	40	48	1	2	0	2	-53	66931	9	1	1596	1478	400,400
1526398387.731249420	70	40	48	1	2	0	2	-52	66932	9	1	1596	1478	400,400
1526398387.742993461	70	40	48	1	2	0	2	-53	66933	9	1	1596	1478	400,400
1526398387.754721160	70	40	48	1	2	0	2	-52	66934	9	1	1596	1478	400,400
1526398387.766603072	70	40	48	1	2	0	2	-53	66935	9	1	1596	1478	400,400
1526398387.778384397	70	40	48	1	2	0	2	-53	66936	9	1	1596	1478	400,400
1526398387.790135378	70	40	48	1	2	0	2	-53	66937	9	1	1596	1478	400,400
1526398387.801901285	70	40	48	1	2	0	2	-53	66938	9	1	1596	1478	400,400
1526398387.813643912	70	40	48	1	2	0	2	-53	66939	9	1	1596	1478	400,400
1526398387.825414268	70	40	48	1	2	0	2	-54	66940	9	1	1596	1478	400,400
1526398387.836958971	70	40	48	1	2	0	2	-54	66941	9	1	1596	1478	400,400
1526398387.848846680	70	40	48	1	2	0	2	-53	66942	9	1	1596	1478	400,400
1526398387.860582031	70	40	48	1	2	0	2	-53	66943	9	1	1596	1478	400,400
1526398387.872514300	70	40	48	1	2	0	2	-54	66944	9	1	1596	1478	400,400
1526398387.884132040	70	40	48	1	2	0	2	-54	66945	9	1	1596	1478	400,400
1526398387.895875963	70	40	48	1	2	0	2	-53	66946	9	1	1596	1478	400,400
1526398387.907634657	70	40	48	1	2	0	2	-53	66947	9	1	1596	1478	400,400
1526398387.919393014	70	40	48	1	2	0	2	-52	66948	9	1	1596	1478	400,400
1526398387.931237509	70	40	48	1	2	0	2	-52	66949	9	1	1596	1478	400,400
1526398387.942995152	70	40	48	1	2	0	2	-51	66950	9	1	1596	1478	400,400
1526398387.954773381	70	40	48	1	2	0	2	-51	66951	9	1	1596	1478	400,400
1526398387.966535562	70	40	48	1	2	0	2	-52	66952	9	1	1596	1478	400,400
1526398387.978295871	70	40	48	1	2	0	2	-51	66953	9	1	1596	1478	400,400
1526398387.990094232	70	40	48	1	2	0	2	-51	66954	9	1	1596	1478	400,400
1526398388.001822563	70	40	48	1	2	0	2	-51	66955	9	1	1596	1478	400,400
1526398388.013560854	70	40	48	1	2	0	2	-51	66956	9	1	1596	1478	400,400
1526398388.025341317	70	40	48	1	2	0	2	-51	66957	9	1	1596	1478	400,400
1526398388.037078526	70	40	48	1	2	0	2	-50	66958	9	1	1596	1478	400,400
1526398388.048835154	70	40	48	1	2	0	2	-50	66959	9	1	1596	1478	400,400
1526398388.060861816	70	40	48	1	2	0	2	-51	66960	9	1	1596	1478	400,400
1526398388.072383604	70	40	48	1	2	0	2	-52	66961	9	1	1596	1478	400,400
1526398388.093859326	70	40	48	1	2	0	2	-53	66962	9	1	1596	1478	400,400
1526398388.095907590	70	40	48	1	2	0	2	-53	66963	9	1	1596	1478	400,400
1526398388.107648141	70	40	48	1	2	0	2	-53	66964	9	1	1596	1478	400,400
1526398388.119416393	70	40	48	1	2	0	2	-54	66965	9	1	1596	1478	400,400
1526398388.131171397	70	40	48	1	2	0	2	-54	66966	9	1	1596	1478	400,400
1526398388.142936879	70	40	48	1	2	0	2	-53	66967	9	1	1596	1478	400,400
1526398388.154706158	70	40	48	1	2	0	2	-54	66968	9	1	1596	1478	400,400
1526398388.166451458	70	40	48	1	2	0	2	-55	66969	9	1	1596	1478	400,400
1526398388.178234204	70	40	48	1	2	0	2	-53	66970	9	1	1596	1478	400,400
1526398388.189915250	70	40	48	1	2	0	2	-51	66971	9	1	1596	1478	400,400
1526398388.201576501	70	40	48	1	2	0	2	-52	66972	9	1	1596	1478	400,400
1526398388.213497137	70	40	48	1	2	0	2	-52	66973	9	1	1596	1478	400,400
1526398388.225189232	70	40	48	1	2	0	2	-52	66974	9	1	1596	1478	400,400
1526398388.236763381	70	40	48	1	2	0	2	-51	66975	9	1	1596	1478	400,400
1526398388.248783518	70	40	48	1	2	0	2	-51	66976	9	1	1596	1478	400,400
1526398388.260535729	70	40	48	1	2	0	2	-51	66977	9	1	1596	1478	400,400
1526398388.272292480	70	40	48	1	2	0	2	-52	66978	9	1	1596	1478	400,400
1526398388.284064200	70	40	48	1	2	0	2	-52	66979	9	1	1596	1478	400,400
1526398388.295851626	70	40	48	1	2	0	2	-54	66980	9	1	1596	1478	400,400
1526398388.307513417	70	40	48	1	2	0	2	-53	66981	9	1	1596	1478	400,400
1526398388.319347127	70	40	48	1	2	0	2	-53	66982	9	1	1596	1478	400,400
1526398388.331105734	70	40	48	1	2	0	2	-52	66983	9	1	1596	1478	400,400
1526398388.342842203	70	40	48	1	2	0	2	-52	66984	9	1	1596	1478	400,400
1526398388.354616247	70	40	48	1	2	0	2	-53	66985	9	1	1596	1478	400,400
1526398388.366392653	70	40	48	1	2	0	2	-54	66986	9	1	1596	1478	400,400
1526398388.378123814	70	40	48	1	2	0	2	-53	66987	9	1	1596	1478	400,400
1526398388.389897182	70	40	48	1	2	0	2	-53	66988	9	1	1596	1478	400,400
1526398388.401688291	70	40	48	1	2	0	2	-51	66989	9	1	1596	1478	400,400
1526398388.413413528	70	40	48	1	2	0	2	-51	66990	9	1	1596	1478	400,400
1526398388.425187078	70	40	48	1	2	0	2	-51	66991	9	1	1596	1478	400,400
1526398388.436920998	70	40	48	1	2	0	2	-51	66993	9	1	1596	1478	400,400
1526398388.448696512	70	40	48	1	2	0	2	-51	66994	9	1	1596	1478	400,400
1526398388.460392729	70	40	48	1	2	0	2	-51	66995	9	1	1596	1478	400,400
1526398388.472125391	70	40	48	1	2	0	2	-51	66996	9	1	1596	1478	400,400
1526398388.483971894	70	40	48	1	2	0	2	-50	66997	9	1	1596	1478	400,400
1526398388.495748731	70	40	48	1	2	0	2	-50	66998	9	1	1596	1478	400,400
1526398388.507490321	70	40	48	1	2	0	2	-51	66999	9	1	1596	1478	400,400
1526398388.519244945	70	40	48	1	2	0	2	-51	67000	9	1	1596	1478	400,400
1526398388.530905437	70	40	48	1	2	0	2	-50	67001	9	1	1596	1478	400,400
1526398388.542763626	70	40	48	1	2	0	2	-50	67002	9	1	1596	1478	400,400
1526398388.554533295	70	40	48	1	2	0	2	-50	67003	9	1	1596	1478	400,400
1526398388.566304776	70	40	48	1	2	0	2	-50	67004	9	1	1596	1478	400,400
1526398388.578056299	70	40	48	1	2	0	2	-50	67005	9	1	1596	1478	400,400
1526398388.589745697	70	40	48	1	2	0	2	-50	67006	9	1	1596	1478	400,400
1526398388.601613153	70	40	48	1	2	0	2	-49	67007	9	1	1596	1478	400,400
1526398388.613333991	70	40	48	1	2	0	2	-49	67008	9	1	1596	1478	400,400
1526398388.625098074	70	40	48	1	2	0	2	-50	67009	9	1	1596	1478	400,400
1526398388.636861624	70	40	48	1	2	0	2	-50	67010	9	1	1596	1478	400,400
1526398388.648632044	70	40	48	1	2	0	2	-50	67011	9	1	1596	1478	400,400
1526398388.660877828	70	40	48	1	2	0	2	-50	67012	9	1	1596	1478	400,400
1526398388.672151769	70	40	48	1	2	0	2	-50	67013	9	1	1596	1478	400,400
1526398388.683832814	70	40	48	1	2	0	2	-50	67014	9	1	1596	1478	400,400
1526398388.695595201	70	40	48	1	2	0	2	-49	67015	9	1	1596	1478	400,400
1526398388.707333100	70	40	48	1	2	0	2	-50	67016	9	1	1596	1478	400,400
1526398388.719180144	70	40	48	1	2	0	2	-50	67017	9	1	1596	1478	400,400
1526398388.730815889	70	40	48	1	2	0	2	-50	67018	9	1	1596	1478	400,400
1526398388.742684839	70	40	48	1	2	0	2	-50	67019	9	1	1596	1478	400,400
1526398388.754454568	70	40	48	1	2	0	2	-51	67020	9	1	1596	1478	400,400
1526398388.766218278	70	40	48	1	2	0	2	-51	67021	9	1	1596	1478	400,400
1526398388.778158137	70	40	48	1	2	0	2	-50	67023	9	1	1596	1478	400,400
1526398388.789729237	70	40	48	1	2	0	2	-50	67024	9	1	1596	1478	400,400
1526398388.801719859	70	40	48	1	2	0	2	-50	67025	9	1	1596	1478	400,400
1526398388.813150580	70	40	48	1	2	0	2	-51	67026	9	1	1596	1478	400,400
1526398388.824862854	70	40	48	1	2	0	2	-51	67027	9	1	1596	1478	400,400
1526398388.836681353	70	40	48	1	2	0	2	-51	67028	9	1	1596	1478	400,400
1526398388.848535211	70	40	48	1	2	0	2	-50	67029	9	1	1596	1478	400,400
1526398388.860303128	70	40	48	1	2	0	2	-50	67030	9	1	1596	1478	400,400
1526398388.872041986	70	40	48	1	2	0	2	-50	67031	9	1	1596	1478	400,400
1526398388.883748567	70	40	48	1	2	0	2	-50	67032	9	1	1596	1478	400,400
1526398388.895546074	70	40	48	1	2	0	2	-50	67033	9	1	1596	1478	400,400
1526398388.907361282	70	40	48	1	2	0	2	-51	67034	9	1	1596	1478	400,400
1526398388.919085876	70	40	48	1	2	0	2	-51	67035	9	1	1596	1478	400,400
1526398388.930847973	70	40	48	1	2	0	2	-51	67036	9	1	1596	1478	400,400
1526398388.942568102	70	40	48	1	2	0	2	-51	67037	9	1	1596	1478	400,400
1526398388.954163422	70	40	48	1	2	0	2	-51	67038	9	1	1596	1478	400,400
1526398388.966044003	70	40	48	1	2	0	2	-51	67039	9	1	1596	1478	400,400
1526398388.977791752	70	40	48	1	2	0	2	-50	67040	9	1	1596	1478	400,400
1526398388.989520231	70	40	48	1	2	0	2	-50	67041	9	1	1596	1478	400,400
1526398389.001305939	70	40	48	1	2	0	2	-51	67042	9	1	1596	1478	400,400
1526398389.013083778	70	40	48	1	2	0	2	-51	67043	9	1	1596	1478	400,400
1526398389.024817637	70	40	48	1	2	0	2	-51	67044	9	1	1596	1478	400,400
1526398389.036567566	70	40	48	1	2	0	2	-50	67045	9	1	1596	1478	400,400
1526398389.048328293	70	40	48	1	2	0	2	-50	67046	9	1	1596	1478	400,400
1526398389.060108409	70	40	48	1	2	0	2	-50	67047	9	1	1596	1478	400,400
1526398389.071836802	70	40	48	1	2	0	2	-51	67048	9	1	1596	1478	400,400
1526398389.083656948	70	40	48	1	2	0	2	-52	67049	9	1	1596	1478	400,400
1526398389.095371549	70	40	48	1	2	0	2	-52	67050	9	1	1596	1478	400,400
1526398389.108260231	70	40	48	1	2	0	2	-52	67051	9	1	1596	1478	400,400
1526398389.118916097	70	40	48	1	2	0	2	-53	67052	9	1	1596	1478	400,400
1526398389.130651352	70	40	48	1	2	0	2	-53	67053	9	1	1596	1478	400,400
1526398389.142387562	70	40	48	1	2	0	2	-53	67054	9	1	1596	1478	400,400
1526398389.154244884	70	40	48	1	2	0	2	-53	67055	9	1	1596	1478	400,400
1526398389.166027688	70	40	48	1	2	0	2	-53	67056	9	1	1596	1478	400,400
1526398389.177716679	70	40	48	1	2	0	2	-52	67057	9	1	1596	1478	400,400
1526398389.189573389	70	40	48	1	2	0	2	-52	67058	9	1	1596	1478	400,400
1526398389.201330872	70	40	48	1	2	0	2	-52	67059	9	1	1596	1478	400,400
1526398389.213018972	70	40	48	1	2	0	2	-52	67060	9	1	1596	1478	400,400
1526398389.224732186	70	40	48	1	2	0	2	-52	67061	9	1	1596	1478	400,400
1526398389.236617302	70	40	48	1	2	0	2	-52	67062	9	1	1596	1478	400,400
1526398389.248258557	70	40	48	1	2	0	2	-51	67063	9	1	1596	1478	400,400
1526398389.260120403	70	40	48	1	2	0	2	-51	67064	9	1	1596	1478	400,400
1526398389.272031905	70	40	48	1	2	0	2	-51	67065	9	1	1596	1478	400,400
1526398389.283662083	70	40	48	1	2	0	2	-51	67066	9	1	1596	1478	400,400
1526398389.295410005	70	40	48	1	2	0	2	-52	67067	9	1	1596	1478	400,400
1526398389.307160465	70	40	48	1	2	0	2	-52	67068	9	1	1596	1478	400,400
1526398389.318950961	70	40	48	1	2	0	2	-52	67069	9	1	1596	1478	400,400
1526398389.330650754	70	40	48	1	2	0	2	-51	67070	9	1	1596	1478	400,400
1526398389.342436676	70	40	48	1	2	0	2	-51	67071	9	1	1596	1478	400,400
1526398389.354219199	70	40	48	1	2	0	2	-52	67072	9	1	1596	1478	400,400
1526398389.365964784	70	40	48	1	2	0	2	-52	67073	9	1	1596	1478	400,400
1526398389.377722667	70	40	48	1	2	0	2	-53	67074	9	1	1596	1478	400,400
1526398389.389395434	70	40	48	1	2	0	2	-52	67075	9	1	1596	1478	400,400
1526398389.401117768	70	40	48	1	2	0	2	-51	67076	9	1	1596	1478	400,400
1526398389.412988626	70	40	48	1	2	0	2	-51	67077	9	1	1596	1478	400,400
1526398389.424682579	70	40	48	1	2	0	2	-50	67078	9	1	1596	1478	400,400
1526398389.436459813	70	40	48	1	2	0	2	-50	67079	9	1	1596	1478	400,400
1526398389.448299884	70	40	48	1	2	0	2	-50	67080	9	1	1596	1478	400,400
1526398389.460230202	70	40	48	1	2	0	2	-51	67081	9	1	1596	1478	400,400
1526398389.471819510	70	40	48	1	2	0	2	-50	67082	9	1	1596	1478	400,400
1526398389.483624121	70	40	48	1	2	0	2	-50	67083	9	1	1596	1478	400,400
1526398389.495401804	70	40	48	1	2	0	2	-50	67084	9	1	1596	1478	400,400
1526398389.507064109	70	40	48	1	2	0	2	-50	67085	9	1	1596	1478	400,400
1526398389.518892768	70	40	48	1	2	0	2	-50	67086	9	1	1596	1478	400,400
1526398389.530646883	70	40	48	1	2	0	2	-50	67087	9	1	1596	1478	400,400
1526398389.542441589	70	40	48	1	2	0	2	-49	67088	9	1	1596	1478	400,400
1526398389.554194431	70	40	48	1	2	0	2	-50	67089	9	1	1596	1478	400,400
1526398389.565968050	70	40	48	1	2	0	2	-50	67090	9	1	1596	1478	400,400
1526398389.577721923	70	40	48	1	2	0	2	-50	67091	9	1	1596	1478	400,400
1526398389.589378982	70	40	48	1	2	0	2	-50	67092	9	1	1596	1478	400,400
1526398389.601208634	70	40	48	1	2	0	2	-50	67093	9	1	1596	1478	400,400
1526398389.612979405	70	40	48	1	2	0	2	-49	67094	9	1	1596	1478	400,400
1526398389.624754388	70	40	48	1	2	0	2	-50	67095	9	1	1596	1478	400,400
1526398389.636485337	70	40	48	1	2	0	2	-50	67096	9	1	1596	1478	400,400
1526398389.648265934	70	40	48	1	2	0	2	-50	67097	9	1	1596	1478	400,400
1526398389.660007413	70	40	48	1	2	0	2	-49	67098	9	1	1596	1478	400,400
1526398389.671669376	70	40	48	1	2	0	2	-50	67099	9	1	1596	1478	400,400
1526398389.683410442	70	40	48	1	2	0	2	-51	67100	9	1	1596	1478	400,400
1526398389.695095358	70	40	48	1	2	0	2	-51	67101	9	1	1596	1478	400,400
1526398389.706926944	70	40	48	1	2	0	2	-50	67102	9	1	1596	1478	400,400
1526398389.718714257	70	40	48	1	2	0	2	-50	67103	9	1	1596	1478	400,400
1526398389.730445017	70	40	48	1	2	0	2	-50	67104	9	1	1596	1478	400,400
1526398389.742098963	70	40	48	1	2	0	2	-50	67105	9	1	1596	1478	400,400
1526398389.753939294	70	40	48	1	2	0	2	-50	67106	9	1	1596	1478	400,400
1526398389.765690547	70	40	48	1	2	0	2	-50	67107	9	1	1596	1478	400,400
1526398389.777580232	70	40	48	1	2	0	2	-50	67108	9	1	1596	1478	400,400
1526398389.789213339	70	40	48	1	2	0	2	-50	67109	9	1	1596	1478	400,400
1526398389.801567264	70	40	48	1	2	0	2	-49	67110	9	1	1596	1478	400,400
1526398389.812758162	70	40	48	1	2	0	2	-48	67111	9	1	1596	1478	400,400
1526398389.824533831	70	40	48	1	2	0	2	-49	67112	9	1	1596	1478	400,400
1526398389.836191207	70	40	48	1	2	0	2	-49	67113	9	1	1596	1478	400,400
1526398389.848036617	70	40	48	1	2	0	2	-48	67114	9	1	1596	1478	400,400
1526398389.859711338	70	40	48	1	2	0	2	-48	67115	9	1	1596	1478	400,400
1526398389.871555462	70	40	48	1	2	0	2	-49	67116	9	1	1596	1478	400,400
1526398389.883368344	70	40	48	1	2	0	2	-49	67117	9	1	1596	1478	400,400
1526398389.895169241	70	40	48	1	2	0	2	-50	67118	9	1	1596	1478	400,400
1526398389.906924079	70	40	48	1	2	0	2	-50	67119	9	1	1596	1478	400,400
1526398389.918710374	70	40	48	1	2	0	2	-50	67120	9	1	1596	1478	400,400
1526398389.930443095	70	40	48	1	2	0	2	-50	67121	9	1	1596	1478	400,400
1526398389.942242807	70	40	48	1	2	0	2	-50	67122	9	1	1596	1478	400,400
1526398389.953976553	70	40	48	1	2	0	2	-50	67123	9	1	1596	1478	400,400
1526398389.965649216	70	40	48	1	2	0	2	-50	67124	9	1	1596	1478	400,400
1526398389.977484729	70	40	48	1	2	0	2	-50	67125	9	1	1596	1478	400,400
1526398389.989262162	70	40	48	1	2	0	2	-51	67126	9	1	1596	1478	400,400
1526398390.001018600	70	40	48	1	2	0	2	-51	67127	9	1	1596	1478	400,400
1526398390.012780186	70	40	48	1	2	0	2	-51	67128	9	1	1596	1478	400,400
1526398390.024452102	70	40	48	1	2	0	2	-51	67129	9	1	1596	1478	400,400
1526398390.036224953	70	40	48	1	2	0	2	-50	67130	9	1	1596	1478	400,400
1526398390.048043461	70	40	48	1	2	0	2	-50	67131	9	1	1596	1478	400,400
1526398390.059808758	70	40	48	1	2	0	2	-50	67132	9	1	1596	1478	400,400
1526398390.071578952	70	40	48	1	2	0	2	-50	67133	9	1	1596	1478	400,400
1526398390.083306744	70	40	48	1	2	0	2	-50	67134	9	1	1596	1478	400,400
1526398390.095110027	70	40	48	1	2	0	2	-50	67135	9	1	1596	1478	400,400
1526398390.106858596	70	40	48	1	2	0	2	-50	67136	9	1	1596	1478	400,400
1526398390.118537399	70	40	48	1	2	0	2	-51	67137	9	1	1596	1478	400,400
1526398390.130371151	70	40	48	1	2	0	2	-51	67138	9	1	1596	1478	400,400
1526398390.142148506	70	40	48	1	2	0	2	-52	67139	9	1	1596	1478	400,400
1526398390.153896302	70	40	48	1	2	0	2	-52	67140	9	1	1596	1478	400,400
1526398390.165572393	70	40	48	1	2	0	2	-51	67141	9	1	1596	1478	400,400
1526398390.177430066	70	40	48	1	2	0	2	-52	67142	9	1	1596	1478	400,400
1526398390.189176133	70	40	48	1	2	0	2	-52	67143	9	1	1596	1478	400,400
1526398390.200969908	70	40	48	1	2	0	2	-51	67144	9	1	1596	1478	400,400
1526398390.212683774	70	40	48	1	2	0	2	-51	67145	9	1	1596	1478	400,400
1526398390.224445468	70	40	48	1	2	0	2	-51	67146	9	1	1596	1478	400,400
1526398390.236101748	70	40	48	1	2	0	2	-52	67147	9	1	1596	1478	400,400
1526398390.247861000	70	40	48	1	2	0	2	-51	67148	9	1	1596	1478	400,400
1526398390.259727552	70	40	48	1	2	0	2	-51	67149	9	1	1596	1478	400,400
1526398390.271474056	70	40	48	1	2	0	2	-50	67150	9	1	1596	1478	400,400
1526398390.283257097	70	40	48	1	2	0	2	-50	67151	9	1	1596	1478	400,400
1526398390.294997650	70	40	48	1	2	0	2	-51	67152	9	1	1596	1478	400,400
1526398390.306761594	70	40	48	1	2	0	2	-51	67153	9	1	1596	1478	400,400
1526398390.318542891	70	40	48	1	2	0	2	-52	67154	9	1	1596	1478	400,400
1526398390.330220227	70	40	48	1	2	0	2	-52	67155	9	1	1596	1478	400,400
1526398390.341984421	70	40	48	1	2	0	2	-52	67156	9	1	1596	1478	400,400
1526398390.353723514	70	40	48	1	2	0	2	-53	67157	9	1	1596	1478	400,400
1526398390.365583752	70	40	48	1	2	0	2	-52	67158	9	1	1596	1478	400,400
1526398390.377330887	70	40	48	1	2	0	2	-51	67159	9	1	1596	1478	400,400
1526398390.389099629	70	40	48	1	2	0	2	-51	67160	9	1	1596	1478	400,400
1526398390.400849607	70	40	48	1	2	0	2	-52	67161	9	1	1596	1478	400,400
1526398390.412612414	70	40	48	1	2	0	2	-52	67162	9	1	1596	1478	400,400
1526398390.424361915	70	40	48	1	2	0	2	-52	67163	9	1	1596	1478	400,400
1526398390.436111759	70	40	48	1	2	0	2	-52	67164	9	1	1596	1478	400,400
1526398390.447918022	70	40	48	1	2	0	2	-52	67165	9	1	1596	1478	400,400
1526398390.459542847	70	40	48	1	2	0	2	-52	67166	9	1	1596	1478	400,400
1526398390.471408761	70	40	48	1	2	0	2	-52	67167	9	1	1596	1478	400,400
1526398390.483172716	70	40	48	1	2	0	2	-52	67168	9	1	1596	1478	400,400
1526398390.494857828	70	40	48	1	2	0	2	-53	67169	9	1	1596	1478	400,400
1526398390.506685601	70	40	48	1	2	0	2	-53	67170	9	1	1596	1478	400,400
1526398390.518712644	70	40	48	1	2	0	2	-53	67171	9	1	1596	1478	400,400
1526398390.530216394	70	40	48	1	2	0	2	-53	67172	9	1	1596	1478	400,400
1526398390.542528613	70	40	48	1	2	0	2	-52	67173	9	1	1596	1478	400,400
1526398390.553718597	70	40	48	1	2	0	2	-52	67174	9	1	1596	1478	400,400
1526398390.565509997	70	40	48	1	2	0	2	-53	67175	9	1	1596	1478	400,400
1526398390.577240064	70	40	48	1	2	0	2	-53	67176	9	1	1596	1478	400,400
1526398390.588996936	70	40	48	1	2	0	2	-53	67177	9	1	1596	1478	400,400
1526398390.600767611	70	40	48	1	2	0	2	-54	67178	9	1	1596	1478	400,400
1526398390.612540997	70	40	48	1	2	0	2	-54	67179	9	1	1596	1478	400,400
1526398390.624194960	70	40	48	1	2	0	2	-53	67180	9	1	1596	1478	400,400
1526398390.635987017	70	40	48	1	2	0	2	-52	67181	9	1	1596	1478	400,400
1526398390.647616501	70	40	48	1	2	0	2	-52	67182	9	1	1596	1478	400,400
1526398390.659547623	70	40	48	1	2	0	2	-51	67183	9	1	1596	1478	400,400
1526398390.671318106	70	40	48	1	2	0	2	-51	67184	9	1	1596	1478	400,400
1526398390.683092253	70	40	48	1	2	0	2	-51	67185	9	1	1596	1478	400,400
1526398390.694855701	70	40	48	1	2	0	2	-51	67186	9	1	1596	1478	400,400
1526398390.706593706	70	40	48	1	2	0	2	-51	67187	9	1	1596	1478	400,400
1526398390.718386909	70	40	48	1	2	0	2	-50	67188	9	1	1596	1478	400,400
1526398390.730133488	70	40	48	1	2	0	2	-51	67189	9	1	1596	1478	400,400
1526398390.741897816	70	40	48	1	2	0	2	-52	67190	9	1	1596	1478	400,400
1526398390.753553752	70	40	48	1	2	0	2	-52	67191	9	1	1596	1478	400,400
1526398390.765389277	70	40	48	1	2	0	2	-53	67192	9	1	1596	1478	400,400
1526398390.777118126	70	40	48	1	2	0	2	-53	67193	9	1	1596	1478	400,400
1526398390.788862333	70	40	48	1	2	0	2	-53	67194	9	1	1596	1478	400,400
1526398390.800635070	70	40	48	1	2	0	2	-54	67195	9	1	1596	1478	400,400
1526398390.812312647	70	40	48	1	2	0	2	-54	67196	9	1	1596	1478	400,400
1526398390.824212031	70	40	48	1	2	0	2	-54	67197	9	1	1596	1478	400,400
1526398390.835842008	70	40	48	1	2	0	2	-54	67198	9	1	1596	1478	400,400
1526398390.847582754	70	40	48	1	2	0	2	-54	67199	9	1	1596	1478	400,400
1526398390.859510545	70	40	48	1	2	0	2	-53	67200	9	1	1596	1478	400,400
1526398390.871170361	70	40	48	1	2	0	2	-52	67201	9	1	1596	1478	400,400
1526398390.883002999	70	40	48	1	2	0	2	-51	67202	9	1	1596	1478	400,400
1526398390.894712977	70	40	48	1	2	0	2	-51	67203	9	1	1596	1478	400,400
1526398390.906548834	70	40	48	1	2	0	2	-50	67204	9	1	1596	1478	400,400
1526398390.918302899	70	40	48	1	2	0	2	-50	67205	9	1	1596	1478	400,400
1526398390.930048703	70	40	48	1	2	0	2	-49	67206	9	1	1596	1478	400,400
1526398390.941820284	70	40	48	1	2	0	2	-49	67207	9	1	1596	1478	400,400
1526398390.953456007	70	40	48	1	2	0	2	-49	67208	9	1	1596	1478	400,400
1526398390.965319302	70	40	48	1	2	0	2	-50	67209	9	1	1596	1478	400,400
1526398390.976999743	70	40	48	1	2	0	2	-50	67210	9	1	1596	1478	400,400
1526398390.989003647	70	40	48	1	2	0	2	-50	67211	9	1	1596	1478	400,400
1526398391.000543279	70	40	48	1	2	0	2	-50	67212	9	1	1596	1478	400,400
1526398391.012380361	70	40	48	1	2	0	2	-51	67213	9	1	1596	1478	400,400
1526398391.024052657	70	40	48	1	2	0	2	-51	67214	9	1	1596	1478	400,400
1526398391.035754385	70	40	48	1	2	0	2	-52	67215	9	1	1596	1478	400,400
1526398391.047641576	70	40	48	1	2	0	2	-53	67216	9	1	1596	1478	400,400
1526398391.059436247	70	40	48	1	2	0	2	-53	67217	9	1	1596	1478	400,400
1526398391.071170509	70	40	48	1	2	0	2	-54	67218	9	1	1596	1478	400,400
1526398391.082936386	70	40	48	1	2	0	2	-54	67219	9	1	1596	1478	400,400
1526398391.094694209	70	40	48	1	2	0	2	-54	67220	9	1	1596	1478	400,400
1526398391.106443580	70	40	48	1	2	0	2	-54	67221	9	1	1596	1478	400,400
1526398391.118220262	70	40	48	1	2	0	2	-54	67222	9	1	1596	1478	400,400
1526398391.130008769	70	40	48	1	2	0	2	-54	67223	9	1	1596	1478	400,400
1526398391.141659347	70	40	48	1	2	0	2	-54	67224	9	1	1596	1478	400,400
1526398391.153419794	70	40	48	1	2	0	2	-54	67225	9	1	1596	1478	400,400
1526398391.165290039	70	40	48	1	2	0	2	-53	67226	9	1	1596	1478	400,400
1526398391.177026830	70	40	48	1	2	0	2	-53	67227	9	1	1596	1478	400,400
1526398391.188769398	70	40	48	1	2	0	2	-53	67228	9	1	1596	1478	400,400
1526398391.200544738	70	40	48	1	2	0	2	-53	67229	9	1	1596	1478	400,400
1526398391.212303465	70	40	48	1	2	0	2	-53	67230	9	1	1596	1478	400,400
1526398391.224059952	70	40	48	1	2	0	2	-53	67231	9	1	1596	1478	400,400
1526398391.235825136	70	40	48	1	2	0	2	-54	67232	9	1	1596	1478	400,400
1526398391.247600085	70	40	48	1	2	0	2	-54	67233	9	1	1596	1478	400,400
1526398391.259305776	70	40	48	1	2	0	2	-54	67234	9	1	1596	1478	400,400
1526398391.270976286	70	40	48	1	2	0	2	-54	67235	9	1	1596	1478	400,400
1526398391.282774245	70	40	48	1	2	0	2	-54	67236	9	1	1596	1478	400,400
1526398391.294608179	70	40	48	1	2	0	2	-54	67237	9	1	1596	1478	400,400
1526398391.306309726	70	40	48	1	2	0	2	-54	67238	9	1	1596	1478	400,400
1526398391.318122924	70	40	48	1	2	0	2	-54	67239	9	1	1596	1478	400,400
1526398391.329845129	70	40	48	1	2	0	2	-54	67240	9	1	1596	1478	400,400
1526398391.341564294	70	40	48	1	2	0	2	-54	67241	9	1	1596	1478	400,400
1526398391.353145602	70	40	48	1	2	0	2	-54	67242	9	1	1596	1478	400,400
1526398391.365190546	70	40	48	1	2	0	2	-54	67243	9	1	1596	1478	400,400
1526398391.376938934	70	40	48	1	2	0	2	-55	67244	9	1	1596	1478	400,400
1526398391.388696355	70	40	48	1	2	0	2	-54	67245	9	1	1596	1478	400,400
1526398391.400466336	70	40	48	1	2	0	2	-55	67246	9	1	1596	1478	400,400
1526398391.412206312	70	40	48	1	2	0	2	-55	67247	9	1	1596	1478	400,400
1526398391.423974252	70	40	48	1	2	0	2	-55	67248	9	1	1596	1478	400,400
1526398391.435751126	70	40	48	1	2	0	2	-55	67249	9	1	1596	1478	400,400
1526398391.447505925	70	40	48	1	2	0	2	-55	67250	9	1	1596	1478	400,400
1526398391.459210632	70	40	48	1	2	0	2	-55	67251	9	1	1596	1478	400,400
1526398391.471033172	70	40	48	1	2	0	2	-55	67252	9	1	1596	1478	400,400
1526398391.482765095	70	40	48	1	2	0	2	-55	67253	9	1	1596	1478	400,400
1526398391.494536649	70	40	48	1	2	0	2	-54	67254	9	1	1596	1478	400,400
1526398391.506301587	70	40	48	1	2	0	2	-54	67255	9	1	1596	1478	400,400
1526398391.518056216	70	40	48	1	2	0	2	-54	67256	9	1	1596	1478	400,400
1526398391.529724325	70	40	48	1	2	0	2	-53	67257	9	1	1596	1478	400,400
1526398391.541562775	70	40	48	1	2	0	2	-53	67258	9	1	1596	1478	400,400
1526398391.553256641	70	40	48	1	2	0	2	-53	67259	9	1	1596	1478	400,400
1526398391.565093724	70	40	48	1	2	0	2	-52	67260	9	1	1596	1478	400,400
1526398391.576859066	70	40	48	1	2	0	2	-52	67261	9	1	1596	1478	400,400
1526398391.588618926	70	40	48	1	2	0	2	-52	67262	9	1	1596	1478	400,400
1526398391.600393754	70	40	48	1	2	0	2	-51	67263	9	1	1596	1478	400,400
1526398391.612060912	70	40	48	1	2	0	2	-51	67264	9	1	1596	1478	400,400
1526398391.623884046	70	40	48	1	2	0	2	-51	67265	9	1	1596	1478	400,400
1526398391.635636625	70	40	48	1	2	0	2	-50	67266	9	1	1596	1478	400,400
1526398391.647325912	70	40	48	1	2	0	2	-50	67267	9	1	1596	1478	400,400
1526398391.659165979	70	40	48	1	2	0	2	-50	67268	9	1	1596	1478	400,400
1526398391.670968367	70	40	48	1	2	0	2	-50	67269	9	1	1596	1478	400,400
1526398391.682689163	70	40	48	1	2	0	2	-50	67270	9	1	1596	1478	400,400
1526398391.694477132	70	40	48	1	2	0	2	-50	67271	9	1	1596	1478	400,400
1526398391.706139612	70	40	48	1	2	0	2	-49	67272	9	1	1596	1478	400,400
1526398391.717970091	70	40	48	1	2	0	2	-50	67273	9	1	1596	1478	400,400
1526398391.729635631	70	40	48	1	2	0	2	-50	67274	9	1	1596	1478	400,400
1526398391.741410042	70	40	48	1	2	0	2	-50	67275	9	1	1596	1478	400,400
1526398391.753025613	70	40	48	1	2	0	2	-50	67276	9	1	1596	1478	400,400
1526398391.764854687	70	40	48	1	2	0	2	-50	67277	9	1	1596	1478	400,400
1526398391.776714348	70	40	48	1	2	0	2	-51	67278	9	1	1596	1478	400,400
1526398391.788535166	70	40	48	1	2	0	2	-52	67279	9	1	1596	1478	400,400
1526398391.800293281	70	40	48	1	2	0	2	-52	67280	9	1	1596	1478	400,400
1526398391.812036102	70	40	48	1	2	0	2	-53	67281	9	1	1596	1478	400,400
1526398391.823802455	70	40	48	1	2	0	2	-53	67282	9	1	1596	1478	400,400
1526398391.835473033	70	40	48	1	2	0	2	-54	67283	9	1	1596	1478	400,400
1526398391.847232691	70	40	48	1	2	0	2	-54	67284	9	1	1596	1478	400,400
1526398391.859100314	70	40	48	1	2	0	2	-54	67285	9	1	1596	1478	400,400
1526398391.870842217	70	40	48	1	2	0	2	-54	67286	9	1	1596	1478	400,400
1526398391.882635108	70	40	48	1	2	0	2	-54	67287	9	1	1596	1478	400,400
1526398391.894383454	70	40	48	1	2	0	2	-54	67288	9	1	1596	1478	400,400
1526398391.906128228	70	40	48	1	2	0	2	-53	67289	9	1	1596	1478	400,400
1526398391.917869220	70	40	48	1	2	0	2	-53	67290	9	1	1596	1478	400,400
1526398391.929644003	70	40	48	1	2	0	2	-53	67291	9	1	1596	1478	400,400
1526398391.941418036	70	40	48	1	2	0	2	-52	67292	9	1	1596	1478	400,400
1526398391.953176573	70	40	48	1	2	0	2	-52	67293	9	1	1596	1478	400,400
1526398391.964912990	70	40	48	1	2	0	2	-51	67294	9	1	1596	1478	400,400
1526398391.976698920	70	40	48	1	2	0	2	-50	67295	9	1	1596	1478	400,400
1526398391.988456528	70	40	48	1	2	0	2	-50	67296	9	1	1596	1478	400,400
1526398392.000230304	70	40	48	1	2	0	2	-50	67297	9	1	1596	1478	400,400
1526398392.011860481	70	40	48	1	2	0	2	-51	67298	9	1	1596	1478	400,400
1526398392.023747061	70	40	48	1	2	0	2	-51	67299	9	1	1596	1478	400,400
1526398392.035403153	70	40	48	1	2	0	2	-52	67300	9	1	1596	1478	400,400
1526398392.047260477	70	40	48	1	2	0	2	-52	67301	9	1	1596	1478	400,400
1526398392.059001971	70	40	48	1	2	0	2	-52	67302	9	1	1596	1478	400,400
1526398392.071114073	70	40	48	1	2	0	2	-52	67303	9	1	1596	1478	400,400
1526398392.082537282	70	40	48	1	2	0	2	-53	67304	9	1	1596	1478	400,400
1526398392.094301783	70	40	48	1	2	0	2	-53	67305	9	1	1596	1478	400,400
1526398392.106045909	70	40	48	1	2	0	2	-53	67306	9	1	1596	1478	400,400
1526398392.117815811	70	40	48	1	2	0	2	-53	67307	9	1	1596	1478	400,400
1526398392.129555875	70	40	48	1	2	0	2	-53	67308	9	1	1596	1478	400,400
1526398392.141321466	70	40	48	1	2	0	2	-53	67309	9	1	1596	1478	400,400
1526398392.153094236	70	40	48	1	2	0	2	-53	67310	9	1	1596	1478	400,400
1526398392.164841533	70	40	48	1	2	0	2	-52	67311	9	1	1596	1478	400,400
1526398392.176614629	70	40	48	1	2	0	2	-53	67312	9	1	1596	1478	400,400
1526398392.188389350	70	40	48	1	2	0	2	-53	67313	9	1	1596	1478	400,400
1526398392.200141745	70	40	48	1	2	0	2	-53	67314	9	1	1596	1478	400,400
1526398392.211906850	70	40	48	1	2	0	2	-53	67315	9	1	1596	1478	400,400
1526398392.223623360	70	40	48	1	2	0	2	-52	67316	9	1	1596	1478	400,400
1526398392.235369464	70	40	48	1	2	0	2	-52	67317	9	1	1596	1478	400,400
1526398392.247187421	70	40	48	1	2	0	2	-52	67318	9	1	1596	1478	400,400
1526398392.259347603	70	40	48	1	2	0	2	-52	67319	9	1	1596	1478	400,400
1526398392.270704743	70	40	48	1	2	0	2	-52	67320	9	1	1596	1478	400,400
1526398392.282685038	70	40	48	1	2	0	2	-52	67321	9	1	1596	1478	400,400
1526398392.294086626	70	40	48	1	2	0	2	-52	67322	9	1	1596	1478	400,400
1526398392.305915979	70	40	48	1	2	0	2	-52	67323	9	1	1596	1478	400,400
1526398392.317732266	70	40	48	1	2	0	2	-51	67324	9	1	1596	1478	400,400
1526398392.329366920	70	40	48	1	2	0	2	-51	67325	9	1	1596	1478	400,400
1526398392.341155177	70	40	48	1	2	0	2	-51	67326	9	1	1596	1478	400,400
1526398392.353013533	70	40	48	1	2	0	2	-51	67327	9	1	1596	1478	400,400
1526398392.364763813	70	40	48	1	2	0	2	-51	67328	9	1	1596	1478	400,400
1526398392.376553802	70	40	48	1	2	0	2	-51	67329	9	1	1596	1478	400,400
1526398392.388564358	70	40	48	1	2	0	2	-51	67330	9	1	1596	1478	400,400
1526398392.400076285	70	40	48	1	2	0	2	-52	67331	9	1	1596	1478	400,400
1526398392.411802727	70	40	48	1	2	0	2	-52	67332	9	1	1596	1478	400,400
1526398392.423548714	70	40	48	1	2	0	2	-52	67333	9	1	1596	1478	400,400
1526398392.435325748	70	40	48	1	2	0	2	-53	67334	9	1	1596	1478	400,400
1526398392.447120060	70	40	48	1	2	0	2	-53	67335	9	1	1596	1478	400,400
1526398392.458845663	70	40	48	1	2	0	2	-53	67336	9	1	1596	1478	400,400
1526398392.470600418	70	40	48	1	2	0	2	-53	67337	9	1	1596	1478	400,400
1526398392.482282151	70	40	48	1	2	0	2	-52	67338	9	1	1596	1478	400,400
1526398392.494161010	70	40	48	1	2	0	2	-53	67339	9	1	1596	1478	400,400
1526398392.505894360	70	40	48	1	2	0	2	-52	67340	9	1	1596	1478	400,400
1526398392.517655186	70	40	48	1	2	0	2	-52	67341	9	1	1596	1478	400,400
1526398392.529324716	70	40	48	1	2	0	2	-52	67342	9	1	1596	1478	400,400
1526398392.541050646	70	40	48	1	2	0	2	-52	67343	9	1	1596	1478	400,400
1526398392.552927805	70	40	48	1	2	0	2	-52	67344	9	1	1596	1478	400,400
1526398392.564703848	70	40	48	1	2	0	2	-52	67345	9	1	1596	1478	400,400
1526398392.576374724	70	40	48	1	2	0	2	-52	67346	9	1	1596	1478	400,400
1526398392.588105156	70	40	48	1	2	0	2	-51	67347	9	1	1596	1478	400,400
1526398392.599982628	70	40	48	1	2	0	2	-52	67348	9	1	1596	1478	400,400
1526398392.611720343	70	40	48	1	2	0	2	-52	67349	9	1	1596	1478	400,400
1526398392.623492951	70	40	48	1	2	0	2	-52	67350	9	1	1596	1478	400,400
1526398392.635249297	70	40	48	1	2	0	2	-52	67351	9	1	1596	1478	400,400
1526398392.647006403	70	40	48	1	2	0	2	-52	67352	9	1	1596	1478	400,400
1526398392.658761284	70	40	48	1	2	0	2	-52	67353	9	1	1596	1478	400,400
1526398392.670565912	70	40	48	1	2	0	2	-52	67354	9	1	1596	1478	400,400
1526398392.682279852	70	40	48	1	2	0	2	-52	67355	9	1	1596	1478	400,400
1526398392.694084066	70	40	48	1	2	0	2	-52	67356	9	1	1596	1478	400,400
1526398392.705809105	70	40	48	1	2	0	2	-53	67357	9	1	1596	1478	400,400
1526398392.717485143	70	40	48	1	2	0	2	-53	67358	9	1	1596	1478	400,400
1526398392.729236730	70	40	48	1	2	0	2	-53	67359	9	1	1596	1478	400,400
1526398392.740993780	70	40	48	1	2	0	2	-53	67360	9	1	1596	1478	400,400
1526398392.752740798	70	40	48	1	2	0	2	-53	67361	9	1	1596	1478	400,400
1526398392.764528058	70	40	48	1	2	0	2	-53	67362	9	1	1596	1478	400,400
1526398392.776267850	70	40	48	1	2	0	2	-53	67363	9	1	1596	1478	400,400
1526398392.788024427	70	40	48	1	2	0	2	-53	67364	9	1	1596	1478	400,400
1526398392.799881411	70	40	48	1	2	0	2	-53	67365	9	1	1596	1478	400,400
1526398392.811568432	70	40	48	1	2	0	2	-54	67366	9	1	1596	1478	400,400
1526398392.823316284	70	40	48	1	2	0	2	-54	67367	9	1	1596	1478	400,400
1526398392.835043668	70	40	48	1	2	0	2	-54	67368	9	1	1596	1478	400,400
1526398392.846913538	70	40	48	1	2	0	2	-54	67369	9	1	1596	1478	400,400
1526398392.858690171	70	40	48	1	2	0	2	-54	67370	9	1	1596	1478	400,400
1526398392.870447151	70	40	48	1	2	0	2	-54	67371	9	1	1596	1478	400,400
1526398392.882133429	70	40	48	1	2	0	2	-54	67372	9	1	1596	1478	400,400
1526398392.893964712	70	40	48	1	2	0	2	-54	67373	9	1	1596	1478	400,400
1526398392.905757986	70	40	48	1	2	0	2	-54	67374	9	1	1596	1478	400,400
1526398392.917508218	70	40	48	1	2	0	2	-54	67375	9	1	1596	1478	400,400
1526398392.929252201	70	40	48	1	2	0	2	-54	67376	9	1	1596	1478	400,400
1526398392.941033696	70	40	48	1	2	0	2	-54	67377	9	1	1596	1478	400,400
1526398392.952799841	70	40	48	1	2	0	2	-54	67378	9	1	1596	1478	400,400
1526398392.964433250	70	40	48	1	2	0	2	-54	67379	9	1	1596	1478	400,400
1526398392.976630416	70	40	48	1	2	0	2	-54	67380	9	1	1596	1478	400,400
1526398392.988027950	70	40	48	1	2	0	2	-54	67381	9	1	1596	1478	400,400
1526398392.999845840	70	40	48	1	2	0	2	-54	67382	9	1	1596	1478	400,400
1526398393.011574417	70	40	48	1	2	0	2	-54	67383	9	1	1596	1478	400,400
1526398393.023356236	70	40	48	1	2	0	2	-54	67384	9	1	1596	1478	400,400
1526398393.034884759	70	40	48	1	2	0	2	-54	67385	9	1	1596	1478	400,400
1526398393.046881405	70	40	48	1	2	0	2	-54	67386	9	1	1596	1478	400,400
1526398393.058617754	70	40	48	1	2	0	2	-55	67387	9	1	1596	1478	400,400
1526398393.070387355	70	40	48	1	2	0	2	-55	67388	9	1	1596	1478	400,400
1526398393.082153122	70	40	48	1	2	0	2	-55	67389	9	1	1596	1478	400,400
1526398393.093900135	70	40	48	1	2	0	2	-54	67390	9	1	1596	1478	400,400
1526398393.105688795	70	40	48	1	2	0	2	-54	67391	9	1	1596	1478	400,400
1526398393.117313329	70	40	48	1	2	0	2	-53	67392	9	1	1596	1478	400,400
1526398393.129175940	70	40	48	1	2	0	2	-53	67393	9	1	1596	1478	400,400
1526398393.140844397	70	40	48	1	2	0	2	-53	67394	9	1	1596	1478	400,400
1526398393.152607186	70	40	48	1	2	0	2	-53	67395	9	1	1596	1478	400,400
1526398393.164447172	70	40	48	1	2	0	2	-53	67396	9	1	1596	1478	400,400
1526398393.176213768	70	40	48	1	2	0	2	-53	67397	9	1	1596	1478	400,400
1526398393.187951151	70	40	48	1	2	0	2	-54	67398	9	1	1596	1478	400,400
1526398393.199723576	70	40	48	1	2	0	2	-54	67399	9	1	1596	1478	400,400
1526398393.211523477	70	40	48	1	2	0	2	-54	67400	9	1	1596	1478	400,400
1526398393.223265017	70	40	48	1	2	0	2	-54	67401	9	1	1596	1478	400,400
1526398393.235016940	70	40	48	1	2	0	2	-53	67402	9	1	1596	1478	400,400
1526398393.246755417	70	40	48	1	2	0	2	-53	67403	9	1	1596	1478	400,400
1526398393.258549048	70	40	48	1	2	0	2	-53	67404	9	1	1596	1478	400,400
1526398393.270296810	70	40	48	1	2	0	2	-53	67405	9	1	1596	1478	400,400
1526398393.282060603	70	40	48	1	2	0	2	-53	67406	9	1	1596	1478	400,400
1526398393.293815526	70	40	48	1	2	0	2	-53	67407	9	1	1596	1478	400,400
1526398393.306430776	70	40	48	1	2	0	2	-53	67408	9	1	1596	1478	400,400
1526398393.317237596	70	40	48	1	2	0	2	-53	67409	9	1	1596	1478	400,400
1526398393.328999534	70	40	48	1	2	0	2	-53	67410	9	1	1596	1478	400,400
1526398393.340840761	70	40	48	1	2	0	2	-53	67411	9	1	1596	1478	400,400
1526398393.352589439	70	40	48	1	2	0	2	-52	67412	9	1	1596	1478	400,400
1526398393.364289016	70	40	48	1	2	0	2	-53	67413	9	1	1596	1478	400,400
1526398393.376157661	70	40	48	1	2	0	2	-52	67414	9	1	1596	1478	400,400
1526398393.387887065	70	40	48	1	2	0	2	-52	67415	9	1	1596	1478	400,400
1526398393.399655700	70	40	48	1	2	0	2	-53	67416	9	1	1596	1478	400,400
1526398393.411415516	70	40	48	1	2	0	2	-53	67417	9	1	1596	1478	400,400
1526398393.423175373	70	40	48	1	2	0	2	-53	67418	9	1	1596	1478	400,400
1526398393.434791933	70	40	48	1	2	0	2	-52	67419	9	1	1596	1478	400,400
