1526398661.081148551	66	40	48	0	2	0	2	-63	71561	5	4	1596	1478	468,468
1526398661.081194719	66	40	48	0	2	0	2	-63	71561	5	4	1596	1478	468,468
1526398661.081205393	66	40	48	0	2	0	2	-63	71561	5	4	1596	1478	468,468
1526398661.081213927	66	40	48	0	2	0	2	-63	71561	5	4	1596	1478	468,468
1526398661.081222759	66	40	48	0	2	0	2	-63	71561	5	4	1596	1478	468,468
1526398661.081229763	66	40	48	0	2	0	2	-63	71561	5	4	1596	1478	468,468
1526398661.081237969	66	40	48	0	2	0	2	-63	71561	5	4	1596	1478	468,468
1526398661.081245519	66	40	48	0	2	0	2	-63	71561	5	4	1596	1478	468,468
1526398661.081259189	66	40	48	0	2	0	2	-63	71561	5	4	1596	1478	468,468
1526398661.085744195	66	40	48	0	2	0	2	-63	71562	5	4	1596	1478	468,468
1526398661.097479691	66	40	48	0	2	0	2	-63	71563	5	4	1596	1478	468,468
1526398661.109282560	66	40	48	0	2	0	2	-63	71564	5	4	1596	1478	468,468
1526398661.121119315	63	40	48	0	2	0	2	-63	71565	6	4	1596	1478	526,5,526,5
1526398661.132803955	63	40	48	0	2	0	2	-64	71566	6	4	1596	1478	526,5,526,5
1526398661.144561840	63	40	48	0	2	0	2	-63	71567	6	4	1596	1478	526,5,526,5
1526398661.156401688	63	40	48	0	2	0	2	-64	71568	6	4	1596	1478	526,5,526,5
1526398661.168152948	63	40	48	0	2	0	2	-64	71569	6	4	1596	1478	526,5,526,5
1526398661.179915508	58	40	48	1	2	0	2	-64	71570	7	4	1596	1478	650,650
1526398661.191704878	58	40	48	1	2	0	2	-64	71571	7	4	1596	1478	650,650
1526398661.203365908	58	40	48	1	2	0	2	-64	71572	7	4	1596	1478	650,650
1526398661.215105528	58	40	48	1	2	0	2	-64	71573	7	4	1596	1478	650,650
1526398661.226864731	58	40	48	1	2	0	2	-64	71574	7	4	1596	1478	650,650
1526398661.239059693	58	40	48	1	2	0	2	-64	71575	7	4	1596	1478	650,650
1526398661.250491828	58	40	48	1	2	0	2	-64	71576	7	4	1596	1478	650,650
1526398661.262274210	58	40	48	1	2	0	2	-64	71577	7	4	1596	1478	650,650
1526398661.274011613	58	40	48	1	2	0	2	-64	71578	7	4	1596	1478	650,650
1526398661.285675130	58	40	48	1	2	0	2	-64	71579	7	4	1596	1478	650,650
1526398661.297557224	58	40	48	1	2	0	2	-64	71580	7	4	1596	1478	650,650
1526398661.309278527	58	40	48	1	2	0	2	-64	71581	7	4	1596	1478	650,650
1526398661.321035805	58	40	48	1	2	0	2	-64	71582	7	4	1596	1478	650,650
1526398661.332812411	58	40	48	1	2	0	2	-64	71583	7	4	1596	1478	650,650
1526398661.344552870	58	40	48	1	2	0	2	-64	71584	7	4	1596	1478	650,650
1526398661.356628467	58	40	48	1	2	0	2	-64	71586	7	4	1596	1478	650,650
1526398661.368098008	58	40	48	1	2	0	2	-64	71587	7	4	1596	1478	650,650
1526398661.380108893	58	40	48	1	2	0	2	-64	71589	7	4	1596	1478	650,650
1526398661.391645111	58	40	48	1	2	0	2	-63	71590	7	4	1596	1478	650,650
1526398661.403656372	58	40	48	1	2	0	2	-63	71591	7	4	1596	1478	650,650
1526398661.415126662	58	40	48	1	2	0	2	-63	71592	7	4	1596	1478	650,650
1526398661.426869754	58	40	48	1	2	0	2	-63	71593	7	4	1596	1478	650,650
1526398661.438551424	58	40	48	1	2	0	2	-63	71594	7	4	1596	1478	650,650
1526398661.450409017	58	40	48	1	2	0	2	-63	71595	7	4	1596	1478	650,650
1526398661.462161993	58	40	48	1	2	0	2	-63	71596	7	4	1596	1478	650,650
1526398661.473837916	58	40	48	1	2	0	2	-63	71597	7	4	1596	1478	650,650
1526398661.486334872	58	40	48	1	2	0	2	-63	71598	7	4	1596	1478	650,650
1526398661.497465562	58	40	48	1	2	0	2	-62	71599	7	4	1596	1478	650,650
1526398661.509124784	58	40	48	1	2	0	2	-62	71600	7	4	1596	1478	650,650
1526398661.520951887	58	40	48	1	2	0	2	-62	71601	7	4	1596	1478	650,650
1526398661.532640362	58	40	48	1	2	0	2	-63	71602	7	4	1596	1478	650,650
1526398661.544465190	58	40	48	1	2	0	2	-63	71603	7	4	1596	1478	650,650
1526398661.556246756	58	40	48	1	2	0	2	-63	71604	7	4	1596	1478	650,650
1526398661.568374883	58	40	48	1	2	0	2	-63	71606	7	4	1596	1478	650,650
1526398661.579635895	58	40	48	1	2	0	2	-63	71607	7	4	1596	1478	650,650
1526398661.591510605	58	40	48	1	2	0	2	-63	71608	7	4	1596	1478	650,650
1526398661.603211045	58	40	48	1	2	0	2	-63	71609	7	4	1596	1478	650,650
1526398661.615037761	58	40	48	1	2	0	2	-63	71610	7	4	1596	1478	650,650
1526398661.626814287	58	40	48	1	2	0	2	-63	71611	7	4	1596	1478	650,650
1526398661.638551151	58	40	48	1	2	0	2	-63	71612	7	4	1596	1478	650,650
1526398661.650223709	58	40	48	1	2	0	2	-63	71613	7	4	1596	1478	650,650
1526398661.662069010	58	40	48	1	2	0	2	-63	71614	7	4	1596	1478	650,650
1526398661.673824393	58	40	48	1	2	0	2	-63	71615	7	4	1596	1478	650,650
1526398661.685618178	58	40	48	1	2	0	2	-64	71616	7	4	1596	1478	650,650
1526398661.697398982	58	40	48	1	2	0	2	-64	71617	7	4	1596	1478	650,650
1526398661.709137855	58	40	48	1	2	0	2	-64	71618	7	4	1596	1478	650,650
1526398661.720832642	58	40	48	1	2	0	2	-64	71619	7	4	1596	1478	650,650
1526398661.732905921	58	40	48	1	2	0	2	-63	71620	7	4	1596	1478	650,650
1526398661.744328120	58	40	48	1	2	0	2	-63	71621	7	4	1596	1478	650,650
1526398661.756126761	58	40	48	1	2	0	2	-62	71622	7	4	1596	1478	650,650
1526398661.767879932	58	40	48	1	2	0	2	-62	71623	7	4	1596	1478	650,650
1526398661.779661975	58	40	48	1	2	0	2	-62	71624	7	4	1596	1478	650,650
1526398661.791432626	58	40	48	1	2	0	2	-61	71625	7	4	1596	1478	650,650
1526398661.803221916	58	40	48	1	2	0	2	-61	71626	7	4	1596	1478	650,650
1526398661.814968667	58	40	48	1	2	0	2	-61	71627	7	4	1596	1478	650,650
1526398661.826709711	58	40	48	1	2	0	2	-61	71628	7	4	1596	1478	650,650
1526398661.838497282	58	40	48	1	2	0	2	-61	71629	7	4	1596	1478	650,650
1526398661.850245487	58	40	48	1	2	0	2	-62	71630	7	4	1596	1478	650,650
1526398661.861993959	58	40	48	1	2	0	2	-61	71631	7	4	1596	1478	650,650
1526398661.873764818	58	40	48	1	2	0	2	-61	71632	7	4	1596	1478	650,650
1526398661.885516936	58	40	48	1	2	0	2	-61	71633	7	4	1596	1478	650,650
1526398661.897629682	58	40	48	1	2	0	2	-61	71635	7	4	1596	1478	650,650
1526398661.909073196	58	40	48	1	2	0	2	-61	71636	7	4	1596	1478	650,650
1526398661.920708029	58	40	48	1	2	0	2	-61	71637	7	4	1596	1478	650,650
1526398661.932413836	58	40	48	1	2	0	2	-62	71638	7	4	1596	1478	650,650
1526398661.944209819	58	40	48	1	2	0	2	-61	71639	7	4	1596	1478	650,650
1526398661.956091124	58	40	48	1	2	0	2	-61	71640	7	4	1596	1478	650,650
1526398661.967768951	58	40	48	1	2	0	2	-62	71641	7	4	1596	1478	650,650
1526398661.979604804	58	40	48	1	2	0	2	-62	71642	7	4	1596	1478	650,650
1526398661.991389013	58	40	48	1	2	0	2	-62	71643	7	4	1596	1478	650,650
1526398662.003054579	58	40	48	1	2	0	2	-62	71644	7	4	1596	1478	650,650
1526398662.014811620	58	40	48	1	2	0	2	-62	71645	7	4	1596	1478	650,650
1526398662.026621687	58	40	48	1	2	0	2	-62	71646	7	4	1596	1478	650,650
1526398662.038353578	58	40	48	1	2	0	2	-62	71647	7	4	1596	1478	650,650
1526398662.050146154	58	40	48	1	2	0	2	-62	71648	7	4	1596	1478	650,650
1526398662.062304615	58	40	48	1	2	0	2	-63	71650	7	4	1596	1478	650,650
1526398662.073914282	58	40	48	1	2	0	2	-63	71651	7	4	1596	1478	650,650
1526398662.085446733	58	40	48	1	2	0	2	-63	71652	7	4	1596	1478	650,650
1526398662.097214975	58	40	48	1	2	0	2	-63	71653	7	4	1596	1478	650,650
1526398662.108989484	58	40	48	1	2	0	2	-63	71654	7	4	1596	1478	650,650
1526398662.120636736	58	40	48	1	2	0	2	-63	71655	7	4	1596	1478	650,650
1526398662.132487046	58	40	48	1	2	0	2	-62	71656	7	4	1596	1478	650,650
1526398662.144239827	58	40	48	1	2	0	2	-62	71657	7	4	1596	1478	650,650
1526398662.155926270	58	40	48	1	2	0	2	-62	71658	7	4	1596	1478	650,650
1526398662.167721046	58	40	48	1	2	0	2	-62	71659	7	4	1596	1478	650,650
1526398662.179365019	58	40	48	1	2	0	2	-62	71660	7	4	1596	1478	650,650
1526398662.191122411	58	40	48	1	2	0	2	-62	71661	7	4	1596	1478	650,650
1526398662.203089134	58	40	48	1	2	0	2	-62	71662	7	4	1596	1478	650,650
1526398662.214718621	58	40	48	1	2	0	2	-62	71663	7	4	1596	1478	650,650
1526398662.226812690	58	40	48	1	2	0	2	-62	71665	7	4	1596	1478	650,650
1526398662.238211923	58	40	48	1	2	0	2	-62	71666	7	4	1596	1478	650,650
1526398662.249980800	58	40	48	1	2	0	2	-62	71667	7	4	1596	1478	650,650
1526398662.261752542	58	40	48	1	2	0	2	-62	71668	7	4	1596	1478	650,650
1526398662.273484807	58	40	48	1	2	0	2	-62	71669	7	4	1596	1478	650,650
1526398662.285262438	58	40	48	1	2	0	2	-62	71670	7	4	1596	1478	650,650
1526398662.297123988	58	40	48	1	2	0	2	-62	71671	7	4	1596	1478	650,650
1526398662.308885122	58	40	48	1	2	0	2	-62	71672	7	4	1596	1478	650,650
1526398662.320671008	58	40	48	1	2	0	2	-62	71673	7	4	1596	1478	650,650
1526398662.332398887	58	40	48	1	2	0	2	-62	71674	7	4	1596	1478	650,650
1526398662.344159155	58	40	48	1	2	0	2	-62	71675	7	4	1596	1478	650,650
1526398662.355938264	58	40	48	1	2	0	2	-62	71676	7	4	1596	1478	650,650
1526398662.367685431	58	40	48	1	2	0	2	-62	71677	7	4	1596	1478	650,650
1526398662.379445909	58	40	48	1	2	0	2	-62	71678	7	4	1596	1478	650,650
1526398662.391552945	58	40	48	1	2	0	2	-62	71679	7	4	1596	1478	650,650
1526398662.402979583	58	40	48	1	2	0	2	-62	71680	7	4	1596	1478	650,650
1526398662.414983299	58	40	48	1	2	0	2	-62	71681	7	4	1596	1478	650,650
1526398662.426280382	58	40	48	1	2	0	2	-62	71682	7	4	1596	1478	650,650
1526398662.438111389	58	40	48	1	2	0	2	-62	71683	7	4	1596	1478	650,650
1526398662.449883490	58	40	48	1	2	0	2	-62	71684	7	4	1596	1478	650,650
1526398662.461627427	58	40	48	1	2	0	2	-62	71685	7	4	1596	1478	650,650
1526398662.473403088	58	40	48	1	2	0	2	-62	71686	7	4	1596	1478	650,650
1526398662.485262514	58	40	48	1	2	0	2	-62	71687	7	4	1596	1478	650,650
1526398662.497030622	58	40	48	1	2	0	2	-62	71688	7	4	1596	1478	650,650
1526398662.508802543	58	40	48	1	2	0	2	-62	71689	7	4	1596	1478	650,650
1526398662.520586182	58	40	48	1	2	0	2	-62	71690	7	4	1596	1478	650,650
1526398662.532148758	58	40	48	1	2	0	2	-62	71691	7	4	1596	1478	650,650
1526398662.544115887	58	40	48	1	2	0	2	-62	71692	7	4	1596	1478	650,650
1526398662.556233827	58	40	48	1	2	0	2	-62	71693	7	4	1596	1478	650,650
1526398662.567673728	58	40	48	1	2	0	2	-62	71694	7	4	1596	1478	650,650
1526398662.579401702	58	40	48	1	2	0	2	-62	71695	7	4	1596	1478	650,650
1526398662.591170045	58	40	48	1	2	0	2	-62	71696	7	4	1596	1478	650,650
1526398662.602905756	58	40	48	1	2	0	2	-62	71697	7	4	1596	1478	650,650
1526398662.614714793	58	40	48	1	2	0	2	-63	71698	7	4	1596	1478	650,650
1526398662.626443802	58	40	48	1	2	0	2	-63	71699	7	4	1596	1478	650,650
1526398662.638194233	58	40	48	1	2	0	2	-63	71700	7	4	1596	1478	650,650
1526398662.649913460	58	40	48	1	2	0	2	-63	71701	7	4	1596	1478	650,650
1526398662.661738414	58	40	48	1	2	0	2	-63	71702	7	4	1596	1478	650,650
1526398662.673499482	58	40	48	1	2	0	2	-63	71703	7	4	1596	1478	650,650
1526398662.685243798	58	40	48	1	2	0	2	-63	71704	7	4	1596	1478	650,650
1526398662.697008507	58	40	48	1	2	0	2	-63	71705	7	4	1596	1478	650,650
1526398662.708754166	58	40	48	1	2	0	2	-63	71706	7	4	1596	1478	650,650
1526398662.720878799	58	40	48	1	2	0	2	-62	71708	7	4	1596	1478	650,650
1526398662.732517252	58	40	48	1	2	0	2	-62	71709	7	4	1596	1478	650,650
1526398662.743948690	58	40	48	1	2	0	2	-62	71710	7	4	1596	1478	650,650
1526398662.755823186	58	40	48	1	2	0	2	-63	71711	7	4	1596	1478	650,650
1526398662.767584794	58	40	48	1	2	0	2	-63	71712	7	4	1596	1478	650,650
1526398662.779276506	58	40	48	1	2	0	2	-63	71713	7	4	1596	1478	650,650
1526398662.791091415	58	40	48	1	2	0	2	-63	71714	7	4	1596	1478	650,650
1526398662.802726209	58	40	48	1	2	0	2	-63	71715	7	4	1596	1478	650,650
1526398662.814614191	58	40	48	1	2	0	2	-62	71716	7	4	1596	1478	650,650
1526398662.829062250	58	40	48	1	2	0	2	-62	71717	7	4	1596	1478	650,650
1526398662.838124262	58	40	48	1	2	0	2	-62	71718	7	4	1596	1478	650,650
1526398662.849901739	58	40	48	1	2	0	2	-63	71719	7	4	1596	1478	650,650
1526398662.861646216	58	40	48	1	2	0	2	-63	71720	7	4	1596	1478	650,650
1526398662.874071897	58	40	48	1	2	0	2	-62	71721	7	4	1596	1478	650,650
1526398662.885429803	58	40	48	1	2	0	2	-63	71722	7	4	1596	1478	650,650
1526398662.896942190	58	40	48	1	2	0	2	-62	71723	7	4	1596	1478	650,650
1526398662.908693810	58	40	48	1	2	0	2	-62	71724	7	4	1596	1478	650,650
1526398662.920447303	58	40	48	1	2	0	2	-62	71725	7	4	1596	1478	650,650
1526398662.932101780	58	40	48	1	2	0	2	-62	71726	7	4	1596	1478	650,650
1526398662.943841941	58	40	48	1	2	0	2	-62	71727	7	4	1596	1478	650,650
1526398662.955751551	58	40	48	1	2	0	2	-62	71728	7	4	1596	1478	650,650
1526398662.967727536	58	40	48	1	2	0	2	-62	71729	7	4	1596	1478	650,650
1526398662.982498657	58	40	48	1	2	0	2	-62	71730	7	4	1596	1478	650,650
1526398662.990841943	58	40	48	1	2	0	2	-62	71731	7	4	1596	1478	650,650
1526398663.002635654	58	40	48	1	2	0	2	-62	71732	7	4	1596	1478	650,650
1526398663.015110892	58	40	48	1	2	0	2	-63	71733	7	4	1596	1478	650,650
1526398663.026269047	58	40	48	1	2	0	2	-63	71734	7	4	1596	1478	650,650
1526398663.037795243	58	40	48	1	2	0	2	-63	71735	7	4	1596	1478	650,650
1526398663.050027581	58	40	48	1	2	0	2	-63	71736	7	4	1596	1478	650,650
1526398663.061575334	58	40	48	1	2	0	2	-63	71737	7	4	1596	1478	650,650
1526398663.073334518	58	40	48	1	2	0	2	-62	71738	7	4	1596	1478	650,650
1526398663.085109248	58	40	48	1	2	0	2	-62	71739	7	4	1596	1478	650,650
1526398663.102517078	58	40	48	1	2	0	2	-63	71740	7	4	1596	1478	650,650
1526398663.108602923	58	40	48	1	2	0	2	-63	71741	7	4	1596	1478	650,650
1526398663.120296793	58	40	48	1	2	0	2	-63	71742	7	4	1596	1478	650,650
1526398663.132479188	58	40	48	1	2	0	2	-63	71743	7	4	1596	1478	650,650
1526398663.143822088	58	40	48	1	2	0	2	-63	71744	7	4	1596	1478	650,650
1526398663.155871272	58	40	48	1	2	0	2	-62	71746	7	4	1596	1478	650,650
1526398663.167357630	58	40	48	1	2	0	2	-62	71747	7	4	1596	1478	650,650
1526398663.179104812	58	40	48	1	2	0	2	-63	71748	7	4	1596	1478	650,650
1526398663.190870401	58	40	48	1	2	0	2	-63	71749	7	4	1596	1478	650,650
1526398663.202686196	58	40	48	1	2	0	2	-63	71750	7	4	1596	1478	650,650
1526398663.214752475	58	40	48	1	2	0	2	-63	71751	7	4	1596	1478	650,650
1526398663.226176265	58	40	48	1	2	0	2	-63	71752	7	4	1596	1478	650,650
1526398663.237956507	58	40	48	1	2	0	2	-63	71753	7	4	1596	1478	650,650
1526398663.249668268	58	40	48	1	2	0	2	-63	71754	7	4	1596	1478	650,650
1526398663.261446047	58	40	48	1	2	0	2	-63	71755	7	4	1596	1478	650,650
1526398663.273441388	58	40	48	1	2	0	2	-63	71757	7	4	1596	1478	650,650
1526398663.284962795	58	40	48	1	2	0	2	-63	71758	7	4	1596	1478	650,650
1526398663.296725144	58	40	48	1	2	0	2	-63	71759	7	4	1596	1478	650,650
1526398663.308390960	58	40	48	1	2	0	2	-63	71760	7	4	1596	1478	650,650
1526398663.320217282	58	40	48	1	2	0	2	-63	71761	7	4	1596	1478	650,650
1526398663.331995076	58	40	48	1	2	0	2	-63	71762	7	4	1596	1478	650,650
1526398663.343798484	58	40	48	1	2	0	2	-63	71763	7	4	1596	1478	650,650
1526398663.355488620	58	40	48	1	2	0	2	-64	71764	7	4	1596	1478	650,650
1526398663.367271366	58	40	48	1	2	0	2	-64	71765	7	4	1596	1478	650,650
1526398663.379401239	58	40	48	1	2	0	2	-63	71766	7	4	1596	1478	650,650
1526398663.390680813	58	40	48	1	2	0	2	-63	71767	7	4	1596	1478	650,650
1526398663.402484092	58	40	48	1	2	0	2	-63	71768	7	4	1596	1478	650,650
1526398663.414320280	58	40	48	1	2	0	2	-64	71769	7	4	1596	1478	650,650
1526398663.426070238	58	40	48	1	2	0	2	-64	71770	7	4	1596	1478	650,650
1526398663.438049859	58	40	48	1	2	0	2	-64	71771	7	4	1596	1478	650,650
1526398663.449472642	58	40	48	1	2	0	2	-64	71772	7	4	1596	1478	650,650
1526398663.461230890	58	40	48	1	2	0	2	-63	71773	7	4	1596	1478	650,650
1526398663.472916614	58	40	48	1	2	0	2	-63	71774	7	4	1596	1478	650,650
1526398663.484814312	58	40	48	1	2	0	2	-64	71775	7	4	1596	1478	650,650
1526398663.496644525	58	40	48	1	2	0	2	-64	71776	7	4	1596	1478	650,650
1526398663.508406692	58	40	48	1	2	0	2	-64	71777	7	4	1596	1478	650,650
1526398663.520186256	58	40	48	1	2	0	2	-64	71778	7	4	1596	1478	650,650
1526398663.531808868	58	40	48	1	2	0	2	-64	71779	7	4	1596	1478	650,650
1526398663.543906216	58	40	48	1	2	0	2	-64	71780	7	4	1596	1478	650,650
1526398663.555249809	58	40	48	1	2	0	2	-64	71781	7	4	1596	1478	650,650
1526398663.567187265	58	40	48	1	2	0	2	-65	71782	7	4	1596	1478	650,650
1526398663.578870356	58	40	48	1	2	0	2	-65	71783	7	4	1596	1478	650,650
1526398663.590729949	58	40	48	1	2	0	2	-65	71784	7	4	1596	1478	650,650
1526398663.602487988	58	40	48	1	2	0	2	-64	71785	7	4	1596	1478	650,650
1526398663.614227782	58	40	48	1	2	0	2	-64	71786	7	4	1596	1478	650,650
1526398663.625988451	58	40	48	1	2	0	2	-64	71787	7	4	1596	1478	650,650
1526398663.637754349	58	40	48	1	2	0	2	-64	71788	7	4	1596	1478	650,650
1526398663.649570501	58	40	48	1	2	0	2	-65	71789	7	4	1596	1478	650,650
1526398663.662521442	63	40	48	0	2	0	2	-65	71793	6	4	1596	1478	526,5,526,5
1526398663.673046529	63	40	48	0	2	0	2	-65	71794	6	4	1596	1478	526,5,526,5
1526398663.684818215	63	40	48	0	2	0	2	-65	71795	6	4	1596	1478	526,5,526,5
1526398663.696568531	63	40	48	0	2	0	2	-65	71796	6	4	1596	1478	526,5,526,5
1526398663.708309324	63	40	48	0	2	0	2	-65	71797	6	4	1596	1478	526,5,526,5
1526398663.720085081	63	40	48	0	2	0	2	-65	71798	6	4	1596	1478	526,5,526,5
1526398663.731857705	63	40	48	0	2	0	2	-65	71799	6	4	1596	1478	526,5,526,5
1526398663.743628654	63	40	48	0	2	0	2	-65	71800	6	4	1596	1478	526,5,526,5
1526398663.755377298	60	40	48	0	2	0	2	-65	71801	7	4	1596	1478	585,585
1526398663.767124950	63	40	48	0	2	0	2	-65	71802	6	4	1596	1478	526,5,526,5
1526398663.778851690	63	40	48	0	2	0	2	-65	71803	6	4	1596	1478	526,5,526,5
1526398663.790639746	63	40	48	0	2	0	2	-65	71804	6	4	1596	1478	526,5,526,5
1526398663.802415446	63	40	48	0	2	0	2	-64	71805	6	4	1596	1478	526,5,526,5
1526398663.814154391	60	40	48	0	2	0	2	-64	71806	7	4	1596	1478	585,585
1526398663.825924745	63	40	48	0	2	0	2	-64	71807	6	4	1596	1478	526,5,526,5
1526398663.837685804	63	40	48	0	2	0	2	-64	71808	6	4	1596	1478	526,5,526,5
1526398663.849456374	63	40	48	0	2	0	2	-64	71809	6	4	1596	1478	526,5,526,5
1526398663.861212995	63	40	48	0	2	0	2	-64	71810	6	4	1596	1478	526,5,526,5
1526398663.873338304	63	40	48	0	2	0	2	-64	71812	6	4	1596	1478	526,5,526,5
1526398663.884732145	63	40	48	0	2	0	2	-63	71813	6	4	1596	1478	526,5,526,5
1526398663.896487428	63	40	48	0	2	0	2	-64	71814	6	4	1596	1478	526,5,526,5
1526398663.908236361	63	40	48	0	2	0	2	-64	71815	6	4	1596	1478	526,5,526,5
1526398663.920040366	63	40	48	0	2	0	2	-64	71816	6	4	1596	1478	526,5,526,5
1526398663.931769042	63	40	48	0	2	0	2	-64	71817	6	4	1596	1478	526,5,526,5
1526398663.943953879	63	40	48	0	2	0	2	-64	71818	6	4	1596	1478	526,5,526,5
1526398663.955182483	63	40	48	0	2	0	2	-64	71819	6	4	1596	1478	526,5,526,5
1526398663.966879507	63	40	48	0	2	0	2	-64	71820	6	4	1596	1478	526,5,526,5
1526398663.978584916	63	40	48	0	2	0	2	-64	71821	6	4	1596	1478	526,5,526,5
1526398663.990576470	63	40	48	0	2	0	2	-64	71822	6	4	1596	1478	526,5,526,5
1526398664.003230406	63	40	48	0	2	0	2	-63	71826	6	4	1596	1478	526,5,526,5
1526398664.014677359	63	40	48	0	2	0	2	-63	71829	6	4	1596	1478	526,5,526,5
1526398664.025824275	63	40	48	0	2	0	2	-64	71830	6	4	1596	1478	526,5,526,5
1526398664.037512633	60	40	48	0	2	0	2	-64	71831	7	4	1596	1478	585,585
1526398664.049342019	63	40	48	0	2	0	2	-65	71832	6	4	1596	1478	526,5,526,5
1526398664.061137559	63	40	48	0	2	0	2	-65	71833	6	4	1596	1478	526,5,526,5
1526398664.073179009	63	40	48	0	2	0	2	-65	71834	6	4	1596	1478	526,5,526,5
1526398664.084628941	63	40	48	0	2	0	2	-65	71835	6	4	1596	1478	526,5,526,5
1526398664.096279053	60	40	48	0	2	0	2	-65	71836	7	4	1596	1478	585,585
1526398664.108075550	58	40	48	1	2	0	2	-64	71837	7	4	1596	1478	650,650
1526398664.119837684	58	40	48	1	2	0	2	-64	71838	7	4	1596	1478	650,650
1526398664.131943280	58	40	48	1	2	0	2	-64	71840	7	4	1596	1478	650,650
1526398664.143339020	58	40	48	1	2	0	2	-64	71841	7	4	1596	1478	650,650
1526398664.155564790	58	40	48	1	2	0	2	-64	71842	7	4	1596	1478	650,650
1526398664.166953586	58	40	48	1	2	0	2	-64	71843	7	4	1596	1478	650,650
1526398664.178719989	58	40	48	1	2	0	2	-64	71844	7	4	1596	1478	650,650
1526398664.190487414	58	40	48	1	2	0	2	-64	71845	7	4	1596	1478	650,650
1526398664.202241954	58	40	48	1	2	0	2	-65	71846	7	4	1596	1478	650,650
1526398664.213908230	58	40	48	1	2	0	2	-65	71847	7	4	1596	1478	650,650
1526398664.226094285	58	40	48	1	2	0	2	-65	71849	7	4	1596	1478	650,650
1526398664.237503333	58	40	48	1	2	0	2	-65	71850	7	4	1596	1478	650,650
1526398664.249284260	58	40	48	1	2	0	2	-65	71851	7	4	1596	1478	650,650
1526398664.261078852	58	40	48	1	2	0	2	-65	71852	7	4	1596	1478	650,650
1526398664.272800636	58	40	48	1	2	0	2	-65	71853	7	4	1596	1478	650,650
1526398664.284555094	58	40	48	1	2	0	2	-65	71854	7	4	1596	1478	650,650
1526398664.296321787	58	40	48	1	2	0	2	-65	71855	7	4	1596	1478	650,650
1526398664.308071785	58	40	48	1	2	0	2	-65	71856	7	4	1596	1478	650,650
1526398664.320194704	58	40	48	1	2	0	2	-64	71857	7	4	1596	1478	650,650
1526398664.331613911	58	40	48	1	2	0	2	-64	71858	7	4	1596	1478	650,650
1526398664.343369812	58	40	48	1	2	0	2	-64	71859	7	4	1596	1478	650,650
1526398664.355116564	58	40	48	1	2	0	2	-64	71860	7	4	1596	1478	650,650
1526398664.366899280	58	40	48	1	2	0	2	-64	71861	7	4	1596	1478	650,650
1526398664.378926299	58	40	48	1	2	0	2	-64	71863	7	4	1596	1478	650,650
1526398664.390394669	58	40	48	1	2	0	2	-64	71864	7	4	1596	1478	650,650
1526398664.402116356	58	40	48	1	2	0	2	-64	71865	7	4	1596	1478	650,650
1526398664.413918098	58	40	48	1	2	0	2	-64	71866	7	4	1596	1478	650,650
1526398664.425687665	58	40	48	1	2	0	2	-64	71867	7	4	1596	1478	650,650
1526398664.437434456	58	40	48	1	2	0	2	-64	71868	7	4	1596	1478	650,650
1526398664.449201477	58	40	48	1	2	0	2	-64	71869	7	4	1596	1478	650,650
1526398664.463801134	58	40	48	1	2	0	2	-64	71870	7	4	1596	1478	650,650
1526398664.472606963	58	40	48	1	2	0	2	-64	71871	7	4	1596	1478	650,650
1526398664.484674456	58	40	48	1	2	0	2	-64	71872	7	4	1596	1478	650,650
1526398664.496266622	58	40	48	1	2	0	2	-63	71873	7	4	1596	1478	650,650
1526398664.507987314	58	40	48	1	2	0	2	-64	71874	7	4	1596	1478	650,650
1526398664.519751243	58	40	48	1	2	0	2	-64	71875	7	4	1596	1478	650,650
1526398664.531383231	58	40	48	1	2	0	2	-64	71876	7	4	1596	1478	650,650
1526398664.543129548	58	40	48	1	2	0	2	-64	71877	7	4	1596	1478	650,650
1526398664.554975720	58	40	48	1	2	0	2	-64	71878	7	4	1596	1478	650,650
1526398664.566830075	58	40	48	1	2	0	2	-64	71879	7	4	1596	1478	650,650
1526398664.578475925	58	40	48	1	2	0	2	-64	71880	7	4	1596	1478	650,650
1526398664.590325098	58	40	48	1	2	0	2	-64	71881	7	4	1596	1478	650,650
1526398664.602027155	58	40	48	1	2	0	2	-65	71882	7	4	1596	1478	650,650
1526398664.613848985	58	40	48	1	2	0	2	-65	71883	7	4	1596	1478	650,650
1526398664.625586140	58	40	48	1	2	0	2	-65	71884	7	4	1596	1478	650,650
1526398664.637371801	58	40	48	1	2	0	2	-64	71885	7	4	1596	1478	650,650
1526398664.649382609	58	40	48	1	2	0	2	-65	71886	7	4	1596	1478	650,650
1526398664.661198048	58	40	48	1	2	0	2	-65	71887	7	4	1596	1478	650,650
1526398664.672675446	58	40	48	1	2	0	2	-66	71888	7	4	1596	1478	650,650
1526398664.684389216	58	40	48	1	2	0	2	-65	71889	7	4	1596	1478	650,650
1526398664.696164067	58	40	48	1	2	0	2	-65	71890	7	4	1596	1478	650,650
1526398664.707855425	58	40	48	1	2	0	2	-66	71891	7	4	1596	1478	650,650
1526398664.719678309	58	40	48	1	2	0	2	-66	71892	7	4	1596	1478	650,650
1526398664.731351801	58	40	48	1	2	0	2	-66	71893	7	4	1596	1478	650,650
1526398664.743211218	58	40	48	1	2	0	2	-66	71894	7	4	1596	1478	650,650
1526398664.754946840	58	40	48	1	2	0	2	-66	71895	7	4	1596	1478	650,650
1526398664.766711175	58	40	48	1	2	0	2	-66	71896	7	4	1596	1478	650,650
1526398664.778508343	58	40	48	1	2	0	2	-65	71897	7	4	1596	1478	650,650
1526398664.790252952	58	40	48	1	2	0	2	-64	71898	7	4	1596	1478	650,650
1526398664.802023955	58	40	48	1	2	0	2	-65	71899	7	4	1596	1478	650,650
1526398664.814108288	58	40	48	1	2	0	2	-65	71900	7	4	1596	1478	650,650
1526398664.825533064	58	40	48	1	2	0	2	-65	71901	7	4	1596	1478	650,650
1526398664.837275748	58	40	48	1	2	0	2	-65	71902	7	4	1596	1478	650,650
1526398664.849038750	58	40	48	1	2	0	2	-64	71903	7	4	1596	1478	650,650
1526398664.860742689	58	40	48	1	2	0	2	-64	71904	7	4	1596	1478	650,650
1526398664.873246739	58	40	48	1	2	0	2	-64	71905	7	4	1596	1478	650,650
1526398664.884332834	58	40	48	1	2	0	2	-65	71906	7	4	1596	1478	650,650
1526398664.896085693	58	40	48	1	2	0	2	-65	71907	7	4	1596	1478	650,650
1526398664.907842452	58	40	48	1	2	0	2	-65	71908	7	4	1596	1478	650,650
1526398664.920313716	58	40	48	1	2	0	2	-66	71909	7	4	1596	1478	650,650
1526398664.931424822	58	40	48	1	2	0	2	-66	71910	7	4	1596	1478	650,650
1526398664.943015593	58	40	48	1	2	0	2	-66	71911	7	4	1596	1478	650,650
1526398664.954882544	58	40	48	1	2	0	2	-65	71912	7	4	1596	1478	650,650
1526398664.966637842	58	40	48	1	2	0	2	-64	71913	7	4	1596	1478	650,650
1526398664.978797597	58	40	48	1	2	0	2	-64	71914	7	4	1596	1478	650,650
1526398664.990052748	58	40	48	1	2	0	2	-65	71915	7	4	1596	1478	650,650
1526398665.001788104	58	40	48	1	2	0	2	-65	71916	7	4	1596	1478	650,650
1526398665.013524164	58	40	48	1	2	0	2	-65	71917	7	4	1596	1478	650,650
1526398665.025426300	58	40	48	1	2	0	2	-65	71918	7	4	1596	1478	650,650
1526398665.036958498	58	40	48	1	2	0	2	-65	71919	7	4	1596	1478	650,650
1526398665.048818008	58	40	48	1	2	0	2	-64	71920	7	4	1596	1478	650,650
1526398665.060705508	58	40	48	1	2	0	2	-64	71921	7	4	1596	1478	650,650
1526398665.072469273	58	40	48	1	2	0	2	-64	71922	7	4	1596	1478	650,650
1526398665.084268515	58	40	48	1	2	0	2	-64	71923	7	4	1596	1478	650,650
1526398665.095916261	58	40	48	1	2	0	2	-64	71924	7	4	1596	1478	650,650
1526398665.107679441	58	40	48	1	2	0	2	-64	71925	7	4	1596	1478	650,650
1526398665.119232251	58	40	48	1	2	0	2	-64	71926	7	4	1596	1478	650,650
1526398665.131186073	58	40	48	1	2	0	2	-64	71927	7	4	1596	1478	650,650
1526398665.143281299	58	40	48	1	2	0	2	-64	71928	7	4	1596	1478	650,650
1526398665.154695983	58	40	48	1	2	0	2	-64	71929	7	4	1596	1478	650,650
1526398665.166564220	58	40	48	1	2	0	2	-64	71930	7	4	1596	1478	650,650
1526398665.179110920	58	40	48	1	2	0	2	-64	71931	7	4	1596	1478	650,650
1526398665.190014191	58	40	48	1	2	0	2	-63	71932	7	4	1596	1478	650,650
1526398665.201794780	58	40	48	1	2	0	2	-63	71933	7	4	1596	1478	650,650
1526398665.213591864	58	40	48	1	2	0	2	-63	71934	7	4	1596	1478	650,650
1526398665.225359199	58	40	48	1	2	0	2	-63	71935	7	4	1596	1478	650,650
1526398665.237153918	58	40	48	1	2	0	2	-63	71936	7	4	1596	1478	650,650
1526398665.248907564	58	40	48	1	2	0	2	-64	71937	7	4	1596	1478	650,650
1526398665.260647248	58	40	48	1	2	0	2	-64	71938	7	4	1596	1478	650,650
1526398665.272429797	58	40	48	1	2	0	2	-64	71939	7	4	1596	1478	650,650
1526398665.284191439	58	40	48	1	2	0	2	-64	71940	7	4	1596	1478	650,650
1526398665.295921394	58	40	48	1	2	0	2	-64	71941	7	4	1596	1478	650,650
1526398665.308035089	58	40	48	1	2	0	2	-64	71942	7	4	1596	1478	650,650
1526398665.319427242	58	40	48	1	2	0	2	-64	71943	7	4	1596	1478	650,650
1526398665.331214642	58	40	48	1	2	0	2	-64	71944	7	4	1596	1478	650,650
1526398665.342959811	58	40	48	1	2	0	2	-64	71945	7	4	1596	1478	650,650
1526398665.354720191	58	40	48	1	2	0	2	-65	71946	7	4	1596	1478	650,650
1526398665.366480383	58	40	48	1	2	0	2	-64	71947	7	4	1596	1478	650,650
1526398665.378245041	58	40	48	1	2	0	2	-65	71948	7	4	1596	1478	650,650
1526398665.390019604	58	40	48	1	2	0	2	-65	71949	7	4	1596	1478	650,650
1526398665.401761604	58	40	48	1	2	0	2	-65	71950	7	4	1596	1478	650,650
1526398665.413544432	58	40	48	1	2	0	2	-65	71951	7	4	1596	1478	650,650
1526398665.425278133	58	40	48	1	2	0	2	-65	71952	7	4	1596	1478	650,650
1526398665.437048222	58	40	48	1	2	0	2	-65	71953	7	4	1596	1478	650,650
1526398665.448793961	58	40	48	1	2	0	2	-65	71954	7	4	1596	1478	650,650
1526398665.460565956	58	40	48	1	2	0	2	-65	71955	7	4	1596	1478	650,650
1526398665.472653242	58	40	48	1	2	0	2	-65	71956	7	4	1596	1478	650,650
1526398665.484082758	58	40	48	1	2	0	2	-65	71957	7	4	1596	1478	650,650
1526398665.495755182	58	40	48	1	2	0	2	-65	71958	7	4	1596	1478	650,650
1526398665.507520732	58	40	48	1	2	0	2	-65	71959	7	4	1596	1478	650,650
1526398665.519377699	58	40	48	1	2	0	2	-65	71960	7	4	1596	1478	650,650
1526398665.531002973	58	40	48	1	2	0	2	-65	71961	7	4	1596	1478	650,650
1526398665.542791719	58	40	48	1	2	0	2	-65	71962	7	4	1596	1478	650,650
1526398665.554641006	58	40	48	1	2	0	2	-65	71963	7	4	1596	1478	650,650
1526398665.566392199	58	40	48	1	2	0	2	-66	71964	7	4	1596	1478	650,650
1526398665.578044749	58	40	48	1	2	0	2	-65	71965	7	4	1596	1478	650,650
1526398665.591239809	58	40	48	1	2	0	2	-65	71966	7	4	1596	1478	650,650
1526398665.601669248	58	40	48	1	2	0	2	-65	71967	7	4	1596	1478	650,650
1526398665.613435722	58	40	48	1	2	0	2	-65	71968	7	4	1596	1478	650,650
1526398665.625193166	58	40	48	1	2	0	2	-65	71969	7	4	1596	1478	650,650
1526398665.637312387	58	40	48	1	2	0	2	-65	71970	7	4	1596	1478	650,650
1526398665.648715268	58	40	48	1	2	0	2	-65	71971	7	4	1596	1478	650,650
1526398665.660482334	58	40	48	1	2	0	2	-65	71972	7	4	1596	1478	650,650
1526398665.672240013	58	40	48	1	2	0	2	-65	71973	7	4	1596	1478	650,650
1526398665.684761875	58	40	48	1	2	0	2	-65	71974	7	4	1596	1478	650,650
1526398665.695786094	58	40	48	1	2	0	2	-64	71975	7	4	1596	1478	650,650
1526398665.707521415	58	40	48	1	2	0	2	-64	71976	7	4	1596	1478	650,650
1526398665.719277116	58	40	48	1	2	0	2	-65	71977	7	4	1596	1478	650,650
1526398665.731002372	58	40	48	1	2	0	2	-65	71978	7	4	1596	1478	650,650
1526398665.742780064	58	40	48	1	2	0	2	-65	71979	7	4	1596	1478	650,650
1526398665.754538184	58	40	48	1	2	0	2	-65	71980	7	4	1596	1478	650,650
1526398665.766312555	58	40	48	1	2	0	2	-65	71981	7	4	1596	1478	650,650
1526398665.778074845	58	40	48	1	2	0	2	-64	71982	7	4	1596	1478	650,650
1526398665.789782137	58	40	48	1	2	0	2	-64	71983	7	4	1596	1478	650,650
1526398665.801965165	58	40	48	1	2	0	2	-64	71984	7	4	1596	1478	650,650
1526398665.813371957	58	40	48	1	2	0	2	-64	71985	7	4	1596	1478	650,650
1526398665.825102705	58	40	48	1	2	0	2	-65	71986	7	4	1596	1478	650,650
1526398665.836882109	58	40	48	1	2	0	2	-65	71987	7	4	1596	1478	650,650
1526398665.848644181	58	40	48	1	2	0	2	-64	71988	7	4	1596	1478	650,650
1526398665.860402458	58	40	48	1	2	0	2	-64	71989	7	4	1596	1478	650,650
1526398665.872176794	58	40	48	1	2	0	2	-64	71990	7	4	1596	1478	650,650
1526398665.883937296	58	40	48	1	2	0	2	-64	71991	7	4	1596	1478	650,650
1526398665.896243451	58	40	48	1	2	0	2	-64	71992	7	4	1596	1478	650,650
1526398665.907979105	58	40	48	1	2	0	2	-64	71993	7	4	1596	1478	650,650
1526398665.919066312	58	40	48	1	2	0	2	-64	71994	7	4	1596	1478	650,650
1526398665.930944116	58	40	48	1	2	0	2	-64	71995	7	4	1596	1478	650,650
1526398665.942722645	58	40	48	1	2	0	2	-64	71996	7	4	1596	1478	650,650
1526398665.954484834	58	40	48	1	2	0	2	-65	71997	7	4	1596	1478	650,650
1526398665.966579146	58	40	48	1	2	0	2	-65	71998	7	4	1596	1478	650,650
1526398665.977983385	58	40	48	1	2	0	2	-64	71999	7	4	1596	1478	650,650
1526398665.989781237	58	40	48	1	2	0	2	-64	72000	7	4	1596	1478	650,650
1526398666.001560494	58	40	48	1	2	0	2	-64	72001	7	4	1596	1478	650,650
1526398666.013148074	58	40	48	1	2	0	2	-64	72002	7	4	1596	1478	650,650
1526398666.025055086	58	40	48	1	2	0	2	-64	72003	7	4	1596	1478	650,650
1526398666.036672498	58	40	48	1	2	0	2	-64	72004	7	4	1596	1478	650,650
1526398666.048572578	58	40	48	1	2	0	2	-64	72005	7	4	1596	1478	650,650
1526398666.060199162	58	40	48	1	2	0	2	-65	72006	7	4	1596	1478	650,650
1526398666.071978899	58	40	48	1	2	0	2	-65	72007	7	4	1596	1478	650,650
1526398666.083672653	58	40	48	1	2	0	2	-65	72008	7	4	1596	1478	650,650
1526398666.095531229	58	40	48	1	2	0	2	-65	72009	7	4	1596	1478	650,650
1526398666.107277986	58	40	48	1	2	0	2	-65	72010	7	4	1596	1478	650,650
1526398666.119261893	58	40	48	1	2	0	2	-65	72012	7	4	1596	1478	650,650
1526398666.132472781	63	40	48	0	2	0	2	-65	72015	6	4	1596	1478	526,5,526,5
1526398666.142620566	63	40	48	0	2	0	2	-65	72016	6	4	1596	1478	526,5,526,5
1526398666.155415307	63	40	48	0	2	0	2	-65	72017	6	4	1596	1478	526,5,526,5
1526398666.166167976	63	40	48	0	2	0	2	-65	72018	6	4	1596	1478	526,5,526,5
1526398666.177939058	63	40	48	0	2	0	2	-65	72019	6	4	1596	1478	526,5,526,5
1526398666.189401080	63	40	48	0	2	0	2	-64	72021	6	4	1596	1478	526,5,526,5
1526398666.201422335	63	40	48	0	2	0	2	-65	72022	6	4	1596	1478	526,5,526,5
1526398666.213232026	63	40	48	0	2	0	2	-65	72023	6	4	1596	1478	526,5,526,5
1526398666.224953225	63	40	48	0	2	0	2	-65	72024	6	4	1596	1478	526,5,526,5
1526398666.236720105	63	40	48	0	2	0	2	-65	72025	6	4	1596	1478	526,5,526,5
1526398666.248486532	63	40	48	0	2	0	2	-65	72026	6	4	1596	1478	526,5,526,5
1526398666.260236961	63	40	48	0	2	0	2	-65	72027	6	4	1596	1478	526,5,526,5
1526398666.271988598	63	40	48	0	2	0	2	-64	72028	6	4	1596	1478	526,5,526,5
1526398666.283753420	63	40	48	0	2	0	2	-64	72029	6	4	1596	1478	526,5,526,5
1526398666.295520887	60	40	48	0	2	0	2	-64	72030	7	4	1596	1478	585,585
1526398666.307298365	63	40	48	0	2	0	2	-64	72031	6	4	1596	1478	526,5,526,5
1526398666.319034477	63	40	48	0	2	0	2	-64	72032	6	4	1596	1478	526,5,526,5
1526398666.330796800	63	40	48	0	2	0	2	-65	72033	6	4	1596	1478	526,5,526,5
1526398666.342565468	63	40	48	0	2	0	2	-65	72034	6	4	1596	1478	526,5,526,5
1526398666.354707813	63	40	48	0	2	0	2	-65	72036	6	4	1596	1478	526,5,526,5
1526398666.366082902	63	40	48	0	2	0	2	-65	72037	6	4	1596	1478	526,5,526,5
1526398666.377839590	63	40	48	0	2	0	2	-65	72038	6	4	1596	1478	526,5,526,5
1526398666.389572246	63	40	48	0	2	0	2	-65	72039	6	4	1596	1478	526,5,526,5
1526398666.401690166	63	40	48	0	2	0	2	-65	72040	6	4	1596	1478	526,5,526,5
1526398666.413148549	63	40	48	0	2	0	2	-64	72041	6	4	1596	1478	526,5,526,5
1526398666.424866802	63	40	48	0	2	0	2	-65	72042	6	4	1596	1478	526,5,526,5
1526398666.436560331	63	40	48	0	2	0	2	-65	72043	6	4	1596	1478	526,5,526,5
1526398666.448406835	63	40	48	0	2	0	2	-65	72044	6	4	1596	1478	526,5,526,5
1526398666.460161255	63	40	48	0	2	0	2	-65	72045	6	4	1596	1478	526,5,526,5
1526398666.471922384	63	40	48	0	2	0	2	-65	72046	6	4	1596	1478	526,5,526,5
1526398666.483694606	63	40	48	0	2	0	2	-64	72047	6	4	1596	1478	526,5,526,5
1526398666.495432064	63	40	48	0	2	0	2	-65	72048	6	4	1596	1478	526,5,526,5
1526398666.507194208	63	40	48	0	2	0	2	-65	72049	6	4	1596	1478	526,5,526,5
1526398666.518893698	60	40	48	0	2	0	2	-65	72050	7	4	1596	1478	585,585
1526398666.530543050	63	40	48	0	2	0	2	-66	72051	6	4	1596	1478	526,5,526,5
1526398666.542368143	63	40	48	0	2	0	2	-66	72052	6	4	1596	1478	526,5,526,5
1526398666.554231069	63	40	48	0	2	0	2	-65	72053	6	4	1596	1478	526,5,526,5
1526398666.565999002	63	40	48	0	2	0	2	-64	72054	6	4	1596	1478	526,5,526,5
1526398666.577684306	60	40	48	0	2	0	2	-64	72055	7	4	1596	1478	585,585
1526398666.589530210	63	40	48	0	2	0	2	-65	72056	6	4	1596	1478	526,5,526,5
1526398666.601277493	63	40	48	0	2	0	2	-65	72057	6	4	1596	1478	526,5,526,5
1526398666.613001023	63	40	48	0	2	0	2	-65	72058	6	4	1596	1478	526,5,526,5
1526398666.624808857	63	40	48	0	2	0	2	-64	72059	6	4	1596	1478	526,5,526,5
1526398666.636563571	60	40	48	0	2	0	2	-64	72060	7	4	1596	1478	585,585
1526398666.648247542	58	40	48	1	2	0	2	-64	72061	7	4	1596	1478	650,650
1526398666.660074811	58	40	48	1	2	0	2	-65	72062	7	4	1596	1478	650,650
1526398666.671836784	58	40	48	1	2	0	2	-65	72063	7	4	1596	1478	650,650
1526398666.683626449	58	40	48	1	2	0	2	-65	72064	7	4	1596	1478	650,650
1526398666.695705759	58	40	48	1	2	0	2	-65	72065	7	4	1596	1478	650,650
1526398666.707830315	58	40	48	1	2	0	2	-65	72067	7	4	1596	1478	650,650
1526398666.720265361	63	40	48	0	2	0	2	-65	72071	6	4	1596	1478	526,5,526,5
1526398666.730634365	63	40	48	0	2	0	2	-64	72072	6	4	1596	1478	526,5,526,5
1526398666.742422949	63	40	48	0	2	0	2	-64	72073	6	4	1596	1478	526,5,526,5
1526398666.754151038	63	40	48	0	2	0	2	-64	72074	6	4	1596	1478	526,5,526,5
1526398666.765895696	63	40	48	0	2	0	2	-64	72075	6	4	1596	1478	526,5,526,5
1526398666.777682083	63	40	48	0	2	0	2	-64	72076	6	4	1596	1478	526,5,526,5
1526398666.789445105	63	40	48	0	2	0	2	-64	72077	6	4	1596	1478	526,5,526,5
1526398666.801142746	63	40	48	0	2	0	2	-64	72078	6	4	1596	1478	526,5,526,5
1526398666.812952477	63	40	48	0	2	0	2	-64	72079	6	4	1596	1478	526,5,526,5
1526398666.824744546	63	40	48	0	2	0	2	-64	72080	6	4	1596	1478	526,5,526,5
1526398666.836470983	63	40	48	0	2	0	2	-64	72081	6	4	1596	1478	526,5,526,5
1526398666.848258829	63	40	48	0	2	0	2	-65	72082	6	4	1596	1478	526,5,526,5
1526398666.859998527	60	40	48	0	2	0	2	-65	72083	7	4	1596	1478	585,585
1526398666.871658488	63	40	48	0	2	0	2	-65	72084	6	4	1596	1478	526,5,526,5
1526398666.883411914	63	40	48	0	2	0	2	-65	72085	6	4	1596	1478	526,5,526,5
1526398666.895172379	63	40	48	0	2	0	2	-65	72086	6	4	1596	1478	526,5,526,5
1526398666.907033830	63	40	48	0	2	0	2	-65	72087	6	4	1596	1478	526,5,526,5
1526398666.919855628	60	40	48	0	2	0	2	-65	72088	7	4	1596	1478	585,585
1526398666.930575959	63	40	48	0	2	0	2	-65	72089	6	4	1596	1478	526,5,526,5
1526398666.942335562	63	40	48	0	2	0	2	-65	72090	6	4	1596	1478	526,5,526,5
1526398666.954040487	63	40	48	0	2	0	2	-65	72091	6	4	1596	1478	526,5,526,5
1526398666.965843038	63	40	48	0	2	0	2	-65	72092	6	4	1596	1478	526,5,526,5
1526398666.977609007	60	40	48	0	2	0	2	-66	72093	7	4	1596	1478	585,585
1526398666.989299651	63	40	48	0	2	0	2	-66	72094	6	4	1596	1478	526,5,526,5
1526398667.001004241	63	40	48	0	2	0	2	-66	72095	6	4	1596	1478	526,5,526,5
1526398667.012892648	63	40	48	0	2	0	2	-66	72096	6	4	1596	1478	526,5,526,5
1526398667.024665948	63	40	48	0	2	0	2	-67	72097	6	4	1596	1478	526,5,526,5
1526398667.036250794	60	40	48	0	2	0	2	-66	72098	7	4	1596	1478	585,585
1526398667.048015761	58	40	48	1	2	0	2	-66	72099	7	4	1596	1478	650,650
1526398667.059930048	58	40	48	1	2	0	2	-66	72100	7	4	1596	1478	650,650
1526398667.071673158	58	40	48	1	2	0	2	-66	72101	7	4	1596	1478	650,650
1526398667.083330846	58	40	48	1	2	0	2	-65	72102	7	4	1596	1478	650,650
1526398667.095554460	58	40	48	1	2	0	2	-65	72103	7	4	1596	1478	650,650
1526398667.106864546	58	40	48	1	2	0	2	-65	72104	7	4	1596	1478	650,650
1526398667.118826170	58	40	48	1	2	0	2	-65	72105	7	4	1596	1478	650,650
1526398667.130418585	58	40	48	1	2	0	2	-65	72106	7	4	1596	1478	650,650
1526398667.142160502	58	40	48	1	2	0	2	-65	72107	7	4	1596	1478	650,650
1526398667.154026604	58	40	48	1	2	0	2	-65	72108	7	4	1596	1478	650,650
1526398667.165747660	58	40	48	1	2	0	2	-64	72109	7	4	1596	1478	650,650
1526398667.177480888	58	40	48	1	2	0	2	-64	72110	7	4	1596	1478	650,650
1526398667.189270720	58	40	48	1	2	0	2	-64	72111	7	4	1596	1478	650,650
1526398667.201015203	58	40	48	1	2	0	2	-65	72112	7	4	1596	1478	650,650
1526398667.213557439	58	40	48	1	2	0	2	-65	72113	7	4	1596	1478	650,650
1526398667.224550245	58	40	48	1	2	0	2	-65	72114	7	4	1596	1478	650,650
1526398667.236356609	58	40	48	1	2	0	2	-65	72115	7	4	1596	1478	650,650
1526398667.248074299	58	40	48	1	2	0	2	-65	72116	7	4	1596	1478	650,650
1526398667.260168514	58	40	48	1	2	0	2	-65	72117	7	4	1596	1478	650,650
1526398667.271619228	58	40	48	1	2	0	2	-65	72118	7	4	1596	1478	650,650
1526398667.283364917	58	40	48	1	2	0	2	-65	72119	7	4	1596	1478	650,650
1526398667.295130832	58	40	48	1	2	0	2	-65	72120	7	4	1596	1478	650,650
1526398667.306896866	58	40	48	1	2	0	2	-65	72121	7	4	1596	1478	650,650
1526398667.318654392	58	40	48	1	2	0	2	-65	72122	7	4	1596	1478	650,650
1526398667.330435912	58	40	48	1	2	0	2	-65	72123	7	4	1596	1478	650,650
1526398667.342158242	58	40	48	1	2	0	2	-65	72124	7	4	1596	1478	650,650
1526398667.353930546	58	40	48	1	2	0	2	-65	72125	7	4	1596	1478	650,650
1526398667.365677943	58	40	48	1	2	0	2	-65	72126	7	4	1596	1478	650,650
1526398667.377446104	58	40	48	1	2	0	2	-65	72127	7	4	1596	1478	650,650
1526398667.389462010	58	40	48	1	2	0	2	-64	72129	7	4	1596	1478	650,650
1526398667.401886859	58	40	48	1	2	0	2	-64	72133	7	4	1596	1478	650,650
1526398667.412716734	58	40	48	1	2	0	2	-64	72134	7	4	1596	1478	650,650
1526398667.425581053	58	40	48	1	2	0	2	-64	72135	7	4	1596	1478	650,650
1526398667.436261187	58	40	48	1	2	0	2	-64	72136	7	4	1596	1478	650,650
1526398667.448009957	58	40	48	1	2	0	2	-64	72137	7	4	1596	1478	650,650
1526398667.459763811	58	40	48	1	2	0	2	-64	72138	7	4	1596	1478	650,650
1526398667.471518191	58	40	48	1	2	0	2	-64	72139	7	4	1596	1478	650,650
1526398667.483290171	58	40	48	1	2	0	2	-65	72140	7	4	1596	1478	650,650
1526398667.494919826	58	40	48	1	2	0	2	-65	72141	7	4	1596	1478	650,650
1526398667.506802977	58	40	48	1	2	0	2	-65	72142	7	4	1596	1478	650,650
1526398667.518576444	58	40	48	1	2	0	2	-65	72143	7	4	1596	1478	650,650
1526398667.530506943	58	40	48	1	2	0	2	-65	72144	7	4	1596	1478	650,650
1526398667.543388430	63	40	48	0	2	0	2	-65	72149	6	4	1596	1478	526,5,526,5
1526398667.553778499	63	40	48	0	2	0	2	-65	72150	6	4	1596	1478	526,5,526,5
1526398667.565588326	63	40	48	0	2	0	2	-65	72151	6	4	1596	1478	526,5,526,5
1526398667.577302019	63	40	48	0	2	0	2	-66	72152	6	4	1596	1478	526,5,526,5
1526398667.589117392	63	40	48	0	2	0	2	-65	72153	6	4	1596	1478	526,5,526,5
1526398667.600947415	63	40	48	0	2	0	2	-65	72154	6	4	1596	1478	526,5,526,5
1526398667.612698131	63	40	48	0	2	0	2	-65	72155	6	4	1596	1478	526,5,526,5
1526398667.624466190	63	40	48	0	2	0	2	-65	72156	6	4	1596	1478	526,5,526,5
1526398667.636466615	60	40	48	0	2	0	2	-65	72157	7	4	1596	1478	585,585
1526398667.647887088	63	40	48	0	2	0	2	-65	72158	6	4	1596	1478	526,5,526,5
1526398667.659740615	63	40	48	0	2	0	2	-65	72159	6	4	1596	1478	526,5,526,5
1526398667.671479985	63	40	48	0	2	0	2	-65	72160	6	4	1596	1478	526,5,526,5
1526398667.683263214	63	40	48	0	2	0	2	-65	72161	6	4	1596	1478	526,5,526,5
1526398667.695008644	60	40	48	0	2	0	2	-65	72162	7	4	1596	1478	585,585
1526398667.706743286	63	40	48	0	2	0	2	-65	72163	6	4	1596	1478	526,5,526,5
1526398667.718537758	63	40	48	0	2	0	2	-65	72164	6	4	1596	1478	526,5,526,5
1526398667.730292765	63	40	48	0	2	0	2	-65	72165	6	4	1596	1478	526,5,526,5
1526398667.741945154	63	40	48	0	2	0	2	-65	72166	6	4	1596	1478	526,5,526,5
1526398667.753805735	60	40	48	0	2	0	2	-66	72167	7	4	1596	1478	585,585
1526398667.765584341	63	40	48	0	2	0	2	-66	72168	6	4	1596	1478	526,5,526,5
1526398667.777320077	63	40	48	0	2	0	2	-66	72169	6	4	1596	1478	526,5,526,5
1526398667.789087873	63	40	48	0	2	0	2	-65	72170	6	4	1596	1478	526,5,526,5
1526398667.800875508	63	40	48	0	2	0	2	-65	72171	6	4	1596	1478	526,5,526,5
1526398667.812623645	60	40	48	0	2	0	2	-65	72172	7	4	1596	1478	585,585
1526398667.824377821	58	40	48	1	2	0	2	-65	72173	7	4	1596	1478	650,650
1526398667.836071052	58	40	48	1	2	0	2	-65	72174	7	4	1596	1478	650,650
1526398667.847804306	58	40	48	1	2	0	2	-66	72175	7	4	1596	1478	650,650
1526398667.859666125	58	40	48	1	2	0	2	-65	72176	7	4	1596	1478	650,650
1526398667.871784614	58	40	48	1	2	0	2	-65	72177	7	4	1596	1478	650,650
1526398667.883163964	58	40	48	1	2	0	2	-65	72178	7	4	1596	1478	650,650
1526398667.894923152	58	40	48	1	2	0	2	-65	72179	7	4	1596	1478	650,650
1526398667.906636073	58	40	48	1	2	0	2	-65	72180	7	4	1596	1478	650,650
1526398667.918358405	58	40	48	1	2	0	2	-65	72181	7	4	1596	1478	650,650
1526398667.930199270	58	40	48	1	2	0	2	-65	72182	7	4	1596	1478	650,650
1526398667.941964873	58	40	48	1	2	0	2	-65	72183	7	4	1596	1478	650,650
1526398667.953530813	58	40	48	1	2	0	2	-65	72184	7	4	1596	1478	650,650
1526398667.965409479	58	40	48	1	2	0	2	-65	72185	7	4	1596	1478	650,650
1526398667.978511898	58	40	48	1	2	0	2	-64	72186	7	4	1596	1478	650,650
1526398667.988917881	58	40	48	1	2	0	2	-65	72187	7	4	1596	1478	650,650
1526398668.000770913	58	40	48	1	2	0	2	-65	72188	7	4	1596	1478	650,650
1526398668.012679166	58	40	48	1	2	0	2	-65	72189	7	4	1596	1478	650,650
1526398668.024198451	58	40	48	1	2	0	2	-65	72190	7	4	1596	1478	650,650
1526398668.036310423	58	40	48	1	2	0	2	-65	72191	7	4	1596	1478	650,650
1526398668.048481266	58	40	48	1	2	0	2	-65	72192	7	4	1596	1478	650,650
1526398668.059513093	58	40	48	1	2	0	2	-65	72193	7	4	1596	1478	650,650
1526398668.071333495	58	40	48	1	2	0	2	-65	72194	7	4	1596	1478	650,650
1526398668.083101558	58	40	48	1	2	0	2	-65	72195	7	4	1596	1478	650,650
1526398668.094838047	58	40	48	1	2	0	2	-65	72196	7	4	1596	1478	650,650
1526398668.106600593	58	40	48	1	2	0	2	-65	72197	7	4	1596	1478	650,650
1526398668.118350754	58	40	48	1	2	0	2	-64	72198	7	4	1596	1478	650,650
1526398668.130258409	58	40	48	1	2	0	2	-65	72200	7	4	1596	1478	650,650
1526398668.142279831	58	40	48	1	2	0	2	-65	72201	7	4	1596	1478	650,650
1526398668.153626363	58	40	48	1	2	0	2	-65	72202	7	4	1596	1478	650,650
1526398668.165344152	58	40	48	1	2	0	2	-64	72203	7	4	1596	1478	650,650
1526398668.177108219	58	40	48	1	2	0	2	-64	72204	7	4	1596	1478	650,650
1526398668.188773905	58	40	48	1	2	0	2	-64	72205	7	4	1596	1478	650,650
1526398668.200784369	58	40	48	1	2	0	2	-64	72206	7	4	1596	1478	650,650
1526398668.212336668	58	40	48	1	2	0	2	-64	72207	7	4	1596	1478	650,650
1526398668.224217852	58	40	48	1	2	0	2	-65	72208	7	4	1596	1478	650,650
1526398668.235839246	58	40	48	1	2	0	2	-64	72209	7	4	1596	1478	650,650
1526398668.247588767	58	40	48	1	2	0	2	-65	72210	7	4	1596	1478	650,650
1526398668.259828227	58	40	48	1	2	0	2	-65	72211	7	4	1596	1478	650,650
1526398668.272477384	63	40	48	0	2	0	2	-65	72215	6	4	1596	1478	526,5,526,5
1526398668.282882094	63	40	48	0	2	0	2	-65	72216	6	4	1596	1478	526,5,526,5
1526398668.294721006	63	40	48	0	2	0	2	-65	72217	6	4	1596	1478	526,5,526,5
1526398668.306437370	63	40	48	0	2	0	2	-65	72218	6	4	1596	1478	526,5,526,5
1526398668.318226120	63	40	48	0	2	0	2	-66	72219	6	4	1596	1478	526,5,526,5
1526398668.330008794	63	40	48	0	2	0	2	-66	72220	6	4	1596	1478	526,5,526,5
1526398668.341765344	63	40	48	0	2	0	2	-66	72221	6	4	1596	1478	526,5,526,5
1526398668.353699357	63	40	48	0	2	0	2	-66	72222	6	4	1596	1478	526,5,526,5
1526398668.365278059	60	40	48	0	2	0	2	-66	72223	7	4	1596	1478	585,585
1526398668.377062977	63	40	48	0	2	0	2	-66	72224	6	4	1596	1478	526,5,526,5
1526398668.388803238	63	40	48	0	2	0	2	-66	72225	6	4	1596	1478	526,5,526,5
1526398668.400582335	63	40	48	0	2	0	2	-66	72226	6	4	1596	1478	526,5,526,5
1526398668.412345219	63	40	48	0	2	0	2	-65	72227	6	4	1596	1478	526,5,526,5
1526398668.424438376	63	40	48	0	2	0	2	-65	72229	6	4	1596	1478	526,5,526,5
1526398668.435769153	63	40	48	0	2	0	2	-65	72230	6	4	1596	1478	526,5,526,5
1526398668.447641659	63	40	48	0	2	0	2	-65	72231	6	4	1596	1478	526,5,526,5
1526398668.459380858	63	40	48	0	2	0	2	-65	72232	6	4	1596	1478	526,5,526,5
1526398668.471111856	63	40	48	0	2	0	2	-65	72233	6	4	1596	1478	526,5,526,5
1526398668.482867018	63	40	48	0	2	0	2	-65	72234	6	4	1596	1478	526,5,526,5
1526398668.494653651	63	40	48	0	2	0	2	-65	72235	6	4	1596	1478	526,5,526,5
1526398668.506345414	63	40	48	0	2	0	2	-65	72236	6	4	1596	1478	526,5,526,5
1526398668.518097192	63	40	48	0	2	0	2	-65	72237	6	4	1596	1478	526,5,526,5
1526398668.529819288	63	40	48	0	2	0	2	-65	72238	6	4	1596	1478	526,5,526,5
1526398668.541705404	63	40	48	0	2	0	2	-65	72239	6	4	1596	1478	526,5,526,5
1526398668.553443760	63	40	48	0	2	0	2	-66	72240	6	4	1596	1478	526,5,526,5
1526398668.565231889	63	40	48	0	2	0	2	-66	72241	6	4	1596	1478	526,5,526,5
1526398668.576828181	63	40	48	0	2	0	2	-66	72242	6	4	1596	1478	526,5,526,5
1526398668.588511571	60	40	48	0	2	0	2	-65	72243	7	4	1596	1478	585,585
1526398668.600488065	63	40	48	0	2	0	2	-65	72244	6	4	1596	1478	526,5,526,5
1526398668.612260433	63	40	48	0	2	0	2	-65	72245	6	4	1596	1478	526,5,526,5
1526398668.623996773	63	40	48	0	2	0	2	-65	72246	6	4	1596	1478	526,5,526,5
1526398668.635633926	63	40	48	0	2	0	2	-65	72247	6	4	1596	1478	526,5,526,5
1526398668.647381986	60	40	48	0	2	0	2	-65	72248	7	4	1596	1478	585,585
1526398668.659119854	63	40	48	0	2	0	2	-65	72249	6	4	1596	1478	526,5,526,5
1526398668.671062610	63	40	48	0	2	0	2	-65	72250	6	4	1596	1478	526,5,526,5
1526398668.682815594	63	40	48	0	2	0	2	-65	72251	6	4	1596	1478	526,5,526,5
1526398668.694563626	63	40	48	0	2	0	2	-65	72252	6	4	1596	1478	526,5,526,5
1526398668.706343051	60	40	48	0	2	0	2	-65	72253	7	4	1596	1478	585,585
1526398668.718094655	58	40	48	1	2	0	2	-65	72254	7	4	1596	1478	650,650
1526398668.729824092	58	40	48	1	2	0	2	-65	72255	7	4	1596	1478	650,650
1526398668.741599111	58	40	48	1	2	0	2	-65	72256	7	4	1596	1478	650,650
1526398668.753377561	58	40	48	1	2	0	2	-65	72257	7	4	1596	1478	650,650
1526398668.765488797	58	40	48	1	2	0	2	-66	72258	7	4	1596	1478	650,650
1526398668.776885666	58	40	48	1	2	0	2	-66	72259	7	4	1596	1478	650,650
1526398668.788636893	58	40	48	1	2	0	2	-66	72260	7	4	1596	1478	650,650
1526398668.800397456	58	40	48	1	2	0	2	-66	72261	7	4	1596	1478	650,650
1526398668.812445468	58	40	48	1	2	0	2	-66	72262	7	4	1596	1478	650,650
1526398668.825086337	63	40	48	0	2	0	2	-66	72265	6	4	1596	1478	526,5,526,5
1526398668.835659137	63	40	48	0	2	0	2	-66	72266	6	4	1596	1478	526,5,526,5
1526398668.847614376	63	40	48	0	2	0	2	-66	72267	6	4	1596	1478	526,5,526,5
1526398668.859532596	63	40	48	0	2	0	2	-66	72268	6	4	1596	1478	526,5,526,5
1526398668.870968026	63	40	48	0	2	0	2	-67	72269	6	4	1596	1478	526,5,526,5
1526398668.884201272	63	40	48	0	2	0	2	-67	72270	6	4	1596	1478	526,5,526,5
1526398668.894463255	63	40	48	0	2	0	2	-66	72271	6	4	1596	1478	526,5,526,5
1526398668.906267768	63	40	48	0	2	0	2	-66	72272	6	4	1596	1478	526,5,526,5
1526398668.918006793	63	40	48	0	2	0	2	-66	72273	6	4	1596	1478	526,5,526,5
1526398668.929751468	60	40	48	0	2	0	2	-65	72274	7	4	1596	1478	585,585
1526398668.941528823	63	40	48	0	2	0	2	-65	72275	6	4	1596	1478	526,5,526,5
1526398668.953608489	63	40	48	0	2	0	2	-65	72276	6	4	1596	1478	526,5,526,5
1526398668.964966529	63	40	48	0	2	0	2	-66	72277	6	4	1596	1478	526,5,526,5
1526398668.976742441	63	40	48	0	2	0	2	-66	72278	6	4	1596	1478	526,5,526,5
1526398668.988828301	63	40	48	0	2	0	2	-66	72280	6	4	1596	1478	526,5,526,5
1526398669.000235926	63	40	48	0	2	0	2	-65	72281	6	4	1596	1478	526,5,526,5
1526398669.011976555	63	40	48	0	2	0	2	-65	72282	6	4	1596	1478	526,5,526,5
1526398669.023737282	63	40	48	0	2	0	2	-66	72283	6	4	1596	1478	526,5,526,5
1526398669.035524895	63	40	48	0	2	0	2	-66	72284	6	4	1596	1478	526,5,526,5
1526398669.047361391	63	40	48	0	2	0	2	-67	72285	6	4	1596	1478	526,5,526,5
1526398669.059130428	63	40	48	0	2	0	2	-67	72286	6	4	1596	1478	526,5,526,5
1526398669.071978539	63	40	48	0	2	0	2	-67	72287	6	4	1596	1478	526,5,526,5
1526398669.082564964	63	40	48	0	2	0	2	-66	72288	6	4	1596	1478	526,5,526,5
1526398669.094385826	63	40	48	0	2	0	2	-66	72289	6	4	1596	1478	526,5,526,5
1526398669.106153421	63	40	48	0	2	0	2	-66	72290	6	4	1596	1478	526,5,526,5
1526398669.117840623	63	40	48	0	2	0	2	-66	72291	6	4	1596	1478	526,5,526,5
1526398669.129590045	63	40	48	0	2	0	2	-66	72292	6	4	1596	1478	526,5,526,5
1526398669.141343021	63	40	48	0	2	0	2	-66	72293	6	4	1596	1478	526,5,526,5
1526398669.153444931	63	40	48	0	2	0	2	-66	72295	6	4	1596	1478	526,5,526,5
1526398669.164885454	63	40	48	0	2	0	2	-65	72296	6	4	1596	1478	526,5,526,5
1526398669.176768855	63	40	48	0	2	0	2	-65	72297	6	4	1596	1478	526,5,526,5
1526398669.188476762	63	40	48	0	2	0	2	-64	72298	6	4	1596	1478	526,5,526,5
1526398669.200264187	63	40	48	0	2	0	2	-64	72299	6	4	1596	1478	526,5,526,5
1526398669.212006749	63	40	48	0	2	0	2	-64	72300	6	4	1596	1478	526,5,526,5
1526398669.223769837	63	40	48	0	2	0	2	-65	72301	6	4	1596	1478	526,5,526,5
1526398669.235503436	63	40	48	0	2	0	2	-65	72302	6	4	1596	1478	526,5,526,5
1526398669.247272049	63	40	48	0	2	0	2	-66	72303	6	4	1596	1478	526,5,526,5
1526398669.259039427	63	40	48	0	2	0	2	-66	72304	6	4	1596	1478	526,5,526,5
1526398669.270795050	63	40	48	0	2	0	2	-65	72305	6	4	1596	1478	526,5,526,5
1526398669.282589663	63	40	48	0	2	0	2	-65	72306	6	4	1596	1478	526,5,526,5
1526398669.294286672	63	40	48	0	2	0	2	-65	72307	6	4	1596	1478	526,5,526,5
1526398669.306069374	63	40	48	0	2	0	2	-65	72308	6	4	1596	1478	526,5,526,5
1526398669.317849791	60	40	48	0	2	0	2	-65	72309	7	4	1596	1478	585,585
1526398669.329610172	63	40	48	0	2	0	2	-66	72310	6	4	1596	1478	526,5,526,5
1526398669.341375835	63	40	48	0	2	0	2	-66	72311	6	4	1596	1478	526,5,526,5
1526398669.353159315	63	40	48	0	2	0	2	-66	72312	6	4	1596	1478	526,5,526,5
1526398669.364893496	63	40	48	0	2	0	2	-66	72313	6	4	1596	1478	526,5,526,5
1526398669.377803376	63	40	48	0	2	0	2	-66	72315	6	4	1596	1478	526,5,526,5
1526398669.388353480	63	40	48	0	2	0	2	-65	72316	6	4	1596	1478	526,5,526,5
1526398669.400178726	63	40	48	0	2	0	2	-65	72317	6	4	1596	1478	526,5,526,5
1526398669.411932090	63	40	48	0	2	0	2	-65	72318	6	4	1596	1478	526,5,526,5
1526398669.423687029	63	40	48	0	2	0	2	-65	72319	6	4	1596	1478	526,5,526,5
1526398669.435448156	63	40	48	0	2	0	2	-65	72320	6	4	1596	1478	526,5,526,5
1526398669.447210047	63	40	48	0	2	0	2	-65	72321	6	4	1596	1478	526,5,526,5
1526398669.458961185	63	40	48	0	2	0	2	-66	72322	6	4	1596	1478	526,5,526,5
1526398669.470737256	63	40	48	0	2	0	2	-66	72323	6	4	1596	1478	526,5,526,5
1526398669.482520299	63	40	48	0	2	0	2	-65	72324	6	4	1596	1478	526,5,526,5
1526398669.494189377	63	40	48	0	2	0	2	-65	72325	6	4	1596	1478	526,5,526,5
1526398669.506010315	63	40	48	0	2	0	2	-65	72326	6	4	1596	1478	526,5,526,5
1526398669.517743596	63	40	48	0	2	0	2	-64	72327	6	4	1596	1478	526,5,526,5
1526398669.529524840	63	40	48	0	2	0	2	-64	72328	6	4	1596	1478	526,5,526,5
1526398669.541273971	60	40	48	0	2	0	2	-65	72329	7	4	1596	1478	585,585
1526398669.553050790	63	40	48	0	2	0	2	-65	72330	6	4	1596	1478	526,5,526,5
1526398669.564795508	63	40	48	0	2	0	2	-66	72331	6	4	1596	1478	526,5,526,5
1526398669.576603046	63	40	48	0	2	0	2	-66	72332	6	4	1596	1478	526,5,526,5
1526398669.588290011	63	40	48	0	2	0	2	-66	72333	6	4	1596	1478	526,5,526,5
1526398669.599992557	60	40	48	0	2	0	2	-66	72334	7	4	1596	1478	585,585
1526398669.611715154	58	40	48	1	2	0	2	-66	72335	7	4	1596	1478	650,650
1526398669.623614474	58	40	48	1	2	0	2	-66	72336	7	4	1596	1478	650,650
1526398669.635224151	58	40	48	1	2	0	2	-66	72337	7	4	1596	1478	650,650
1526398669.647045316	58	40	48	1	2	0	2	-65	72338	7	4	1596	1478	650,650
1526398669.659230756	58	40	48	1	2	0	2	-65	72339	7	4	1596	1478	650,650
1526398669.670595757	58	40	48	1	2	0	2	-65	72340	7	4	1596	1478	650,650
1526398669.682424224	58	40	48	1	2	0	2	-65	72341	7	4	1596	1478	650,650
1526398669.694170570	58	40	48	1	2	0	2	-65	72342	7	4	1596	1478	650,650
1526398669.705914849	58	40	48	1	2	0	2	-65	72343	7	4	1596	1478	650,650
1526398669.717676328	58	40	48	1	2	0	2	-65	72344	7	4	1596	1478	650,650
1526398669.729435470	58	40	48	1	2	0	2	-65	72345	7	4	1596	1478	650,650
1526398669.741136147	58	40	48	1	2	0	2	-66	72346	7	4	1596	1478	650,650
1526398669.752919044	58	40	48	1	2	0	2	-66	72347	7	4	1596	1478	650,650
1526398669.764585973	58	40	48	1	2	0	2	-66	72348	7	4	1596	1478	650,650
1526398669.776441428	58	40	48	1	2	0	2	-66	72349	7	4	1596	1478	650,650
1526398669.788177620	58	40	48	1	2	0	2	-66	72350	7	4	1596	1478	650,650
1526398669.799908408	58	40	48	1	2	0	2	-65	72351	7	4	1596	1478	650,650
1526398669.811735720	58	40	48	1	2	0	2	-65	72352	7	4	1596	1478	650,650
1526398669.823868028	58	40	48	1	2	0	2	-65	72353	7	4	1596	1478	650,650
1526398669.835264943	58	40	48	1	2	0	2	-65	72354	7	4	1596	1478	650,650
1526398669.847025411	58	40	48	1	2	0	2	-65	72355	7	4	1596	1478	650,650
1526398669.858837287	58	40	48	1	2	0	2	-65	72356	7	4	1596	1478	650,650
1526398669.870556352	58	40	48	1	2	0	2	-65	72357	7	4	1596	1478	650,650
1526398669.882323044	58	40	48	1	2	0	2	-65	72358	7	4	1596	1478	650,650
1526398669.895606982	63	40	48	0	2	0	2	-64	72363	6	4	1596	1478	526,5,526,5
1526398669.905828985	63	40	48	0	2	0	2	-64	72364	6	4	1596	1478	526,5,526,5
1526398669.917598960	63	40	48	0	2	0	2	-65	72365	6	4	1596	1478	526,5,526,5
1526398669.929354119	63	40	48	0	2	0	2	-65	72366	6	4	1596	1478	526,5,526,5
1526398669.941117232	63	40	48	0	2	0	2	-65	72367	6	4	1596	1478	526,5,526,5
1526398669.952731373	63	40	48	0	2	0	2	-65	72368	6	4	1596	1478	526,5,526,5
1526398669.964547785	63	40	48	0	2	0	2	-65	72369	6	4	1596	1478	526,5,526,5
1526398669.976326230	63	40	48	0	2	0	2	-65	72370	6	4	1596	1478	526,5,526,5
1526398669.988103448	60	40	48	0	2	0	2	-65	72371	7	4	1596	1478	585,585
1526398669.999751316	63	40	48	0	2	0	2	-66	72372	6	4	1596	1478	526,5,526,5
1526398670.011718681	63	40	48	0	2	0	2	-66	72373	6	4	1596	1478	526,5,526,5
1526398670.023439464	63	40	48	0	2	0	2	-66	72374	6	4	1596	1478	526,5,526,5
1526398670.035127694	63	40	48	0	2	0	2	-66	72375	6	4	1596	1478	526,5,526,5
1526398670.047238680	63	40	48	0	2	0	2	-65	72377	6	4	1596	1478	526,5,526,5
1526398670.058724804	63	40	48	0	2	0	2	-66	72378	6	4	1596	1478	526,5,526,5
1526398670.070491290	63	40	48	0	2	0	2	-66	72379	6	4	1596	1478	526,5,526,5
1526398670.082242673	63	40	48	0	2	0	2	-67	72380	6	4	1596	1478	526,5,526,5
1526398670.095180966	63	40	48	0	2	0	2	-67	72381	6	4	1596	1478	526,5,526,5
1526398670.105612905	63	40	48	0	2	0	2	-66	72382	6	4	1596	1478	526,5,526,5
1526398670.118547655	63	40	48	0	2	0	2	-66	72383	6	4	1596	1478	526,5,526,5
1526398670.129166710	63	40	48	0	2	0	2	-66	72384	6	4	1596	1478	526,5,526,5
1526398670.140945137	63	40	48	0	2	0	2	-66	72385	6	4	1596	1478	526,5,526,5
1526398670.152790307	63	40	48	0	2	0	2	-66	72386	6	4	1596	1478	526,5,526,5
1526398670.164560028	63	40	48	0	2	0	2	-67	72387	6	4	1596	1478	526,5,526,5
1526398670.176328785	63	40	48	0	2	0	2	-67	72388	6	4	1596	1478	526,5,526,5
1526398670.188103145	63	40	48	0	2	0	2	-67	72389	6	4	1596	1478	526,5,526,5
1526398670.199867357	63	40	48	0	2	0	2	-67	72390	6	4	1596	1478	526,5,526,5
1526398670.211976482	63	40	48	0	2	0	2	-67	72392	6	4	1596	1478	526,5,526,5
1526398670.223369224	63	40	48	0	2	0	2	-67	72393	6	4	1596	1478	526,5,526,5
1526398670.235122168	63	40	48	0	2	0	2	-67	72394	6	4	1596	1478	526,5,526,5
1526398670.246881514	63	40	48	0	2	0	2	-67	72395	6	4	1596	1478	526,5,526,5
1526398670.258634854	63	40	48	0	2	0	2	-67	72396	6	4	1596	1478	526,5,526,5
1526398670.270387969	63	40	48	0	2	0	2	-67	72397	6	4	1596	1478	526,5,526,5
1526398670.282166622	63	40	48	0	2	0	2	-67	72398	6	4	1596	1478	526,5,526,5
1526398670.293928159	63	40	48	0	2	0	2	-67	72399	6	4	1596	1478	526,5,526,5
1526398670.305722661	63	40	48	0	2	0	2	-66	72400	6	4	1596	1478	526,5,526,5
1526398670.317447356	63	40	48	0	2	0	2	-67	72401	6	4	1596	1478	526,5,526,5
1526398670.329188642	63	40	48	0	2	0	2	-66	72402	6	4	1596	1478	526,5,526,5
1526398670.340974003	63	40	48	0	2	0	2	-67	72403	6	4	1596	1478	526,5,526,5
1526398670.352734335	63	40	48	0	2	0	2	-67	72404	6	4	1596	1478	526,5,526,5
1526398670.364471793	63	40	48	0	2	0	2	-66	72405	6	4	1596	1478	526,5,526,5
1526398670.376237502	60	40	48	0	2	0	2	-66	72406	7	4	1596	1478	585,585
1526398670.388020930	63	40	48	0	2	0	2	-66	72407	6	4	1596	1478	526,5,526,5
1526398670.399768456	63	40	48	0	2	0	2	-66	72408	6	4	1596	1478	526,5,526,5
1526398670.411551362	63	40	48	0	2	0	2	-66	72409	6	4	1596	1478	526,5,526,5
1526398670.423289810	63	40	48	0	2	0	2	-66	72410	6	4	1596	1478	526,5,526,5
1526398670.435020412	60	40	48	0	2	0	2	-65	72411	7	4	1596	1478	585,585
1526398670.446810741	63	40	48	0	2	0	2	-66	72412	6	4	1596	1478	526,5,526,5
1526398670.458582143	63	40	48	0	2	0	2	-66	72413	6	4	1596	1478	526,5,526,5
1526398670.470326030	63	40	48	0	2	0	2	-66	72414	6	4	1596	1478	526,5,526,5
1526398670.482085573	63	40	48	0	2	0	2	-66	72415	6	4	1596	1478	526,5,526,5
1526398670.494202783	63	40	48	0	2	0	2	-66	72417	6	4	1596	1478	526,5,526,5
1526398670.506418329	63	40	48	0	2	0	2	-65	72418	6	4	1596	1478	526,5,526,5
1526398670.517288768	63	40	48	0	2	0	2	-65	72419	6	4	1596	1478	526,5,526,5
1526398670.529053533	63	40	48	0	2	0	2	-66	72420	6	4	1596	1478	526,5,526,5
1526398670.540812622	63	40	48	0	2	0	2	-65	72421	6	4	1596	1478	526,5,526,5
1526398670.552648486	63	40	48	0	2	0	2	-65	72422	6	4	1596	1478	526,5,526,5
1526398670.564396000	63	40	48	0	2	0	2	-65	72423	6	4	1596	1478	526,5,526,5
1526398670.576158875	63	40	48	0	2	0	2	-65	72424	6	4	1596	1478	526,5,526,5
1526398670.587828508	63	40	48	0	2	0	2	-65	72425	6	4	1596	1478	526,5,526,5
1526398670.600017118	63	40	48	0	2	0	2	-64	72426	6	4	1596	1478	526,5,526,5
1526398670.611451089	63	40	48	0	2	0	2	-64	72427	6	4	1596	1478	526,5,526,5
1526398670.623088143	63	40	48	0	2	0	2	-63	72428	6	4	1596	1478	526,5,526,5
1526398670.634811548	63	40	48	0	2	0	2	-64	72429	6	4	1596	1478	526,5,526,5
1526398670.646728902	63	40	48	0	2	0	2	-63	72430	6	4	1596	1478	526,5,526,5
1526398670.658475716	60	40	48	0	2	0	2	-63	72431	7	4	1596	1478	585,585
1526398670.670238666	58	40	48	1	2	0	2	-63	72432	7	4	1596	1478	650,650
1526398670.681998522	58	40	48	1	2	0	2	-63	72433	7	4	1596	1478	650,650
1526398670.695163936	63	40	48	0	2	0	2	-63	72437	6	4	1596	1478	526,5,526,5
1526398670.705534326	63	40	48	0	2	0	2	-63	72438	6	4	1596	1478	526,5,526,5
1526398670.717321792	63	40	48	0	2	0	2	-63	72439	6	4	1596	1478	526,5,526,5
1526398670.729052138	63	40	48	0	2	0	2	-63	72440	6	4	1596	1478	526,5,526,5
1526398670.740789354	63	40	48	0	2	0	2	-63	72441	6	4	1596	1478	526,5,526,5
1526398670.752572628	63	40	48	0	2	0	2	-63	72442	6	4	1596	1478	526,5,526,5
1526398670.764227426	63	40	48	0	2	0	2	-63	72443	6	4	1596	1478	526,5,526,5
1526398670.776078197	63	40	48	0	2	0	2	-63	72444	6	4	1596	1478	526,5,526,5
1526398670.787827412	60	40	48	0	2	0	2	-63	72445	7	4	1596	1478	585,585
1526398670.799621814	63	40	48	0	2	0	2	-63	72446	6	4	1596	1478	526,5,526,5
1526398670.811387079	63	40	48	0	2	0	2	-63	72447	6	4	1596	1478	526,5,526,5
1526398670.823108775	63	40	48	0	2	0	2	-63	72448	6	4	1596	1478	526,5,526,5
1526398670.834872739	63	40	48	0	2	0	2	-63	72449	6	4	1596	1478	526,5,526,5
1526398670.846659324	60	40	48	0	2	0	2	-64	72450	7	4	1596	1478	585,585
1526398670.858388021	63	40	48	0	2	0	2	-64	72451	6	4	1596	1478	526,5,526,5
1526398670.870148222	63	40	48	0	2	0	2	-64	72452	6	4	1596	1478	526,5,526,5
1526398670.881939604	63	40	48	0	2	0	2	-63	72453	6	4	1596	1478	526,5,526,5
1526398670.893684330	63	40	48	0	2	0	2	-64	72454	6	4	1596	1478	526,5,526,5
1526398670.905444828	60	40	48	0	2	0	2	-64	72455	7	4	1596	1478	585,585
1526398670.917231223	63	40	48	0	2	0	2	-64	72456	6	4	1596	1478	526,5,526,5
1526398670.928862575	63	40	48	0	2	0	2	-64	72457	6	4	1596	1478	526,5,526,5
1526398670.940557326	63	40	48	0	2	0	2	-65	72458	6	4	1596	1478	526,5,526,5
1526398670.952405417	63	40	48	0	2	0	2	-64	72459	6	4	1596	1478	526,5,526,5
1526398670.964165412	60	40	48	0	2	0	2	-64	72460	7	4	1596	1478	585,585
1526398670.976000889	63	40	48	0	2	0	2	-64	72461	6	4	1596	1478	526,5,526,5
1526398670.987764404	63	40	48	0	2	0	2	-64	72462	6	4	1596	1478	526,5,526,5
1526398670.999543949	63	40	48	0	2	0	2	-64	72463	6	4	1596	1478	526,5,526,5
